Chromosome	Start	Ratio	MedianRatio	CopyNumber
1	1	1.77269	0.993203	3
1	10000001	1.26093	0.993203	3
1	20000001	1.18797	0.993203	3
1	30000001	1.07745	0.993203	3
1	40000001	1.12379	0.993203	3
1	50000001	0.993203	0.993203	3
1	60000001	0.902363	0.993203	3
1	70000001	0.815233	0.993203	3
1	80000001	0.869064	0.993203	3
1	90000001	0.899829	0.993203	3
1	100000001	0.951933	0.993203	3
1	110000001	1.26629	1.26629	4
1	120000001	2.58877	1.24963	4
1	130000001	-1	1.24963	4
1	140000001	2.40489	1.24963	4
1	150000001	1.1663	1.24963	4
1	160000001	1.11281	1.24963	4
1	170000001	1.17872	1.24963	4
1	180000001	1.16295	1.24963	4
1	190000001	0.991509	1.24963	4
1	200000001	1.46144	1.24963	4
1	210000001	1.21132	1.24963	4
1	220000001	1.54866	1.24963	4
1	230000001	1.28794	1.24963	4
1	240000001	1.42986	1.24963	4
10	1	1.02814	1.06699	3
10	10000001	1.09662	1.06699	3
10	20000001	0.901966	1.06699	3
10	30000001	1.08044	1.06699	3
10	40000001	1.56728	1.06699	3
10	50000001	1.05353	1.06699	3
10	60000001	1.14312	1.06699	3
10	70000001	1.48513	1.06699	3
10	80000001	0.991305	1.06699	3
10	90000001	0.718039	1.06699	3
10	100000001	0.676602	1.06699	3
10	110000001	0.683475	1.06699	3
10	120000001	1.11064	1.06699	3
10	130000001	1.72233	1.06699	3
11	1	1.17248	1.06076	3
11	10000001	1.16888	1.06076	3
11	20000001	0.90185	1.06076	3
11	30000001	0.85642	1.06076	3
11	40000001	1.05573	1.06076	3
11	50000001	0.980055	1.06076	3
11	60000001	1.41036	1.06076	3
11	70000001	1.18144	1.06076	3
11	80000001	0.867242	1.06076	3
11	90000001	0.904378	1.06076	3
11	100000001	1.03762	1.06076	3
11	110000001	1.0658	1.06076	3
11	120000001	1.08081	1.06076	3
11	130000001	1.17242	1.06076	3
12	1	0.750835	0.914146	3
12	10000001	0.59726	0.914146	3
12	20000001	0.788594	0.914146	3
12	30000001	0.929271	0.914146	3
12	40000001	1.10255	0.914146	3
12	50000001	1.10033	0.914146	3
12	60000001	0.899021	0.914146	3
12	70000001	0.873502	0.914146	3
12	80000001	0.787093	0.914146	3
12	90000001	0.837533	0.914146	3
12	100000001	1.02982	0.914146	3
12	110000001	1.08355	0.914146	3
12	120000001	1.21175	0.914146	3
12	130000001	1.5957	0.914146	3
13	1	-1	0.68751	2
13	10000001	0.858971	0.68751	2
13	20000001	0.669016	0.68751	2
13	30000001	0.681977	0.68751	2
13	40000001	0.731537	0.68751	2
13	50000001	0.574641	0.68751	2
13	60000001	0.565453	0.68751	2
13	70000001	0.68751	0.68751	2
13	80000001	0.756445	0.68751	2
13	90000001	1.18741	0.68751	2
13	100000001	0.659039	0.68751	2
13	110000001	0.987021	0.68751	2
14	1	-1	0.720395	2
14	10000001	1.21654	0.720395	2
14	20000001	0.736623	0.720395	2
14	30000001	0.704167	0.720395	2
14	40000001	0.595475	0.720395	2
14	50000001	0.681628	0.720395	2
14	60000001	0.810889	0.720395	2
14	70000001	0.76483	0.720395	2
14	80000001	0.561101	0.720395	2
14	90000001	0.694836	0.720395	2
14	100000001	0.900071	0.720395	2
15	1	-1	1.03631	3
15	10000001	1.32679	1.03631	3
15	20000001	1.13918	1.03631	3
15	30000001	0.945679	1.03631	3
15	40000001	1.10323	1.03631	3
15	50000001	0.975308	1.03631	3
15	60000001	1.03191	1.03631	3
15	70000001	1.02993	1.03631	3
15	80000001	1.04072	1.03631	3
15	90000001	1.01309	1.03631	3
15	100000001	1.36587	1.03631	3
16	1	1.27363	1.18064	4
16	10000001	1.13806	1.18064	4
16	20000001	1.21772	1.18064	4
16	30000001	1.41032	1.18064	4
16	40000001	2.28211	1.18064	4
16	50000001	1.0601	1.18064	4
16	60000001	0.971444	1.18064	4
16	70000001	1.13733	1.18064	4
16	80000001	1.49435	1.18064	4
16	90000001	1.14356	1.18064	4
17	1	0.968926	1.1128	3
17	10000001	0.827435	1.1128	3
17	20000001	1.25533	1.1128	3
17	30000001	1.09785	1.1128	3
17	40000001	1.1963	1.1128	3
17	50000001	0.979088	1.1128	3
17	60000001	1.1128	1.1128	3
17	70000001	1.30802	1.1128	3
17	80000001	2.13052	1.1128	3
18	1	1.56881	0.832281	2
18	10000001	1.46492	0.832281	2
18	20000001	1.14257	0.832281	2
18	30000001	0.840832	0.832281	2
18	40000001	0.829406	0.832281	2
18	50000001	0.605415	0.832281	2
18	60000001	0.725106	0.832281	2
18	70000001	0.806236	0.832281	2
18	80000001	0.832281	0.832281	2
19	1	1.45962	1.3538	4
19	10000001	1.47439	1.3538	4
19	20000001	1.40029	1.3538	4
19	30000001	1.22594	1.3538	4
19	40000001	1.29815	1.3538	4
19	50000001	1.3073	1.3538	4
2	1	1.05603	0.982875	3
2	10000001	1.08532	0.982875	3
2	20000001	1.07935	0.982875	3
2	30000001	0.976295	0.982875	3
2	40000001	0.904142	0.982875	3
2	50000001	0.9706	0.982875	3
2	60000001	0.977476	0.982875	3
2	70000001	0.988275	0.982875	3
2	80000001	1.16036	1.16612	3
2	90000001	1.46567	1.16612	3
2	100000001	0.965604	1.16612	3
2	110000001	0.91374	1.16612	3
2	120000001	1.17188	1.16612	3
2	130000001	0.878367	1.16612	3
2	140000001	0.875074	1.16612	3
2	150000001	1.22502	1.16612	3
2	160000001	1.29871	1.16612	3
2	170000001	1.24212	1.16612	3
2	180000001	0.923182	0.923182	3
2	190000001	0.840393	0.812421	2
2	200000001	0.614835	0.812421	2
2	210000001	0.66114	0.812421	2
2	220000001	0.78445	0.812421	2
2	230000001	0.989528	0.812421	2
2	240000001	0.967388	0.812421	2
20	1	1.04189	1.04443	3
20	10000001	0.686161	1.04443	3
20	20000001	0.882588	1.04443	3
20	30000001	1.2916	1.04443	3
20	40000001	1.11231	1.04443	3
20	50000001	1.04443	1.04443	3
20	60000001	1.57087	1.04443	3
21	1	2.28014	1.40889	4
21	10000001	1.40889	1.40889	4
21	20000001	0.97048	1.40889	4
21	30000001	1.26463	1.40889	4
21	40000001	1.71648	1.40889	4
22	1	-1	1.18568	4
22	10000001	1.76927	1.18568	4
22	20000001	2.57381	1.18568	4
22	30000001	0.880593	1.18568	4
22	40000001	0.841463	1.18568	4
22	50000001	1.18568	1.18568	4
3	1	1.46982	1.27323	4
3	10000001	1.4866	1.27323	4
3	20000001	1.14894	1.27323	4
3	30000001	1.24516	1.27323	4
3	40000001	1.27323	1.27323	4
3	50000001	0.78951	0.749507	2
3	60000001	0.619648	0.749507	2
3	70000001	0.749507	0.749507	2
3	80000001	0.550522	0.749507	2
3	90000001	0.679361	0.749507	2
3	100000001	0.61697	0.749507	2
3	110000001	0.568618	0.749507	2
3	120000001	0.732237	0.749507	2
3	130000001	0.724334	0.749507	2
3	140000001	0.97863	0.749507	2
3	150000001	0.872207	0.749507	2
3	160000001	0.87682	0.749507	2
3	170000001	0.88923	0.749507	2
3	180000001	1.05174	0.749507	2
3	190000001	1.22525	0.749507	2
4	1	1.40672	0.898303	3
4	10000001	0.955276	0.898303	3
4	20000001	0.862072	0.898303	3
4	30000001	1.11024	0.898303	3
4	40000001	1.12891	0.898303	3
4	50000001	0.914985	0.898303	3
4	60000001	0.856777	0.898303	3
4	70000001	1.07267	0.898303	3
4	80000001	0.901663	0.898303	3
4	90000001	0.894943	0.898303	3
4	100000001	0.961422	0.898303	3
4	110000001	0.742553	0.898303	3
4	120000001	0.835616	0.898303	3
4	130000001	0.869969	0.898303	3
4	140000001	0.893635	0.898303	3
4	150000001	0.850426	0.898303	3
4	160000001	0.732116	0.898303	3
4	170000001	0.939783	0.898303	3
4	180000001	1.03796	1.03796	3
4	190000001	4.15152	4.15152	12
5	1	1.50035	1.32182	4
5	10000001	1.22278	1.32182	4
5	20000001	1.15602	1.32182	4
5	30000001	1.32182	1.32182	4
5	40000001	1.5959	1.32182	4
5	50000001	0.969083	0.966148	3
5	60000001	1.01898	0.966148	3
5	70000001	0.949296	0.966148	3
5	80000001	0.91089	0.966148	3
5	90000001	0.963212	0.966148	3
5	100000001	0.770319	0.966148	3
5	110000001	0.779416	0.966148	3
5	120000001	0.851311	0.966148	3
5	130000001	1.10862	0.966148	3
5	140000001	1.05497	0.966148	3
5	150000001	1.00904	0.966148	3
5	160000001	0.904014	0.966148	3
5	170000001	1.15985	0.966148	3
5	180000001	1.40752	0.966148	3
6	1	1.32736	1.29123	4
6	10000001	1.24909	1.29123	4
6	20000001	1.19086	1.29123	4
6	30000001	1.48534	1.29123	4
6	40000001	1.29123	1.29123	4
6	50000001	1.07193	0.971596	3
6	60000001	0.852461	0.971596	3
6	70000001	0.816623	0.971596	3
6	80000001	0.872001	0.971596	3
6	90000001	0.845303	0.971596	3
6	100000001	0.971596	0.971596	3
6	110000001	0.8469	0.971596	3
6	120000001	0.742684	0.971596	3
6	130000001	1.08576	0.971596	3
6	140000001	1.14073	0.971596	3
6	150000001	1.37317	0.971596	3
6	160000001	1.37878	0.971596	3
6	170000001	1.53346	0.971596	3
7	1	1.41395	1.15427	3
7	10000001	0.889252	1.15427	3
7	20000001	0.863924	1.15427	3
7	30000001	0.91298	1.15427	3
7	40000001	0.969596	1.15427	3
7	50000001	1.22045	1.15427	3
7	60000001	1.36599	1.15427	3
7	70000001	1.3769	1.15427	3
7	80000001	1.08808	1.15427	3
7	90000001	1.23136	1.15427	3
7	100000001	1.6107	1.60388	5
7	110000001	1.39272	1.60388	5
7	120000001	1.38846	1.60388	5
7	130000001	1.60511	1.60388	5
7	140000001	1.60265	1.60388	5
7	150000001	1.91826	1.60388	5
8	1	1.08356	0.941218	3
8	10000001	1.02597	0.941218	3
8	20000001	1.00366	0.941218	3
8	30000001	0.898704	0.941218	3
8	40000001	1.07087	0.941218	3
8	50000001	0.901689	0.941218	3
8	60000001	0.86321	0.941218	3
8	70000001	0.873992	0.941218	3
8	80000001	0.982408	0.941218	3
8	90000001	1.02536	0.941218	3
8	100000001	0.941218	0.941218	3
8	110000001	0.850044	0.941218	3
8	120000001	0.931275	0.941218	3
8	130000001	1.2922	1.36577	4
8	140000001	1.43933	1.36577	4
9	1	0.647921	0.954313	3
9	10000001	0.560644	0.954313	3
9	20000001	0.155397	0.954313	3
9	30000001	0.737634	0.954313	3
9	40000001	1.01841	0.954313	3
9	50000001	-1	0.954313	3
9	60000001	0.954313	0.954313	3
9	70000001	0.61559	0.954313	3
9	80000001	0.674992	0.954313	3
9	90000001	0.963244	0.954313	3
9	100000001	1.04088	0.954313	3
9	110000001	0.968559	0.954313	3
9	120000001	1.3148	0.954313	3
9	130000001	1.76267	0.954313	3
X	1	0.697981	0.694532	2
X	10000001	0.729408	0.694532	2
X	20000001	0.636488	0.694532	2
X	30000001	0.58531	0.694532	2
X	40000001	0.691083	0.694532	2
X	50000001	0.687199	0.694532	2
X	60000001	0.70235	0.694532	2
X	70000001	0.754465	0.694532	2
X	80000001	0.584168	0.594823	2
X	90000001	0.587865	0.594823	2
X	100000001	0.583901	0.594823	2
X	110000001	0.655041	0.594823	2
X	120000001	0.601781	0.594823	2
X	130000001	0.636626	0.594823	2
X	140000001	0.549165	0.594823	2
X	150000001	0.730237	0.594823	2
Y	1	0.0932763	0.217995	1
Y	10000001	0.981929	0.217995	1
Y	20000001	0.249521	0.217995	1
Y	30000001	-1	0.217995	1
Y	40000001	-1	0.217995	1
Y	50000001	0.186469	0.217995	1
