Chromosome	Start	Ratio	MedianRatio	CopyNumber
1	1	1.97525	1.53815	5
1	10000001	1.61015	1.53815	5
1	20000001	1.53815	1.53815	5
1	30000001	1.46759	1.53815	5
1	40000001	1.43751	1.53815	5
1	50000001	1.21723	1.21723	4
1	60000001	0.932316	1.21723	4
1	70000001	0.839664	1.21723	4
1	80000001	0.823064	1.21723	4
1	90000001	0.912061	1.21723	4
1	100000001	0.985015	1.21723	4
1	110000001	1.29298	1.21723	4
1	120000001	2.38966	1.21723	4
1	130000001	-1	1.21723	4
1	140000001	2.41811	1.21723	4
1	150000001	1.08208	1.21723	4
1	160000001	1.21843	1.21723	4
1	170000001	1.24303	1.21723	4
1	180000001	1.20897	1.21723	4
1	190000001	0.99467	1.21723	4
1	200000001	1.39513	1.21723	4
1	210000001	1.19215	1.21723	4
1	220000001	1.3881	1.21723	4
1	230000001	1.27182	1.21723	4
1	240000001	1.29725	1.21723	4
10	1	1.10125	1.07249	3
10	10000001	0.944277	1.07249	3
10	20000001	0.953222	1.07249	3
10	30000001	0.974421	1.07249	3
10	40000001	1.39377	1.07249	3
10	50000001	1.1195	1.07249	3
10	60000001	1.22695	1.07249	3
10	70000001	1.48526	1.07249	3
10	80000001	1.04932	1.07249	3
10	90000001	0.697793	1.07249	3
10	100000001	0.678105	1.07249	3
10	110000001	0.687822	1.07249	3
10	120000001	1.09565	1.07249	3
10	130000001	1.61653	1.07249	3
11	1	1.19946	1.0313	3
11	10000001	1.1557	1.0313	3
11	20000001	0.821773	1.0313	3
11	30000001	0.918557	1.0313	3
11	40000001	1.03828	1.0313	3
11	50000001	1.0005	1.0313	3
11	60000001	1.36794	1.0313	3
11	70000001	1.17804	1.0313	3
11	80000001	0.867077	1.0313	3
11	90000001	0.928291	1.0313	3
11	100000001	0.952545	1.0313	3
11	110000001	1.02433	1.0313	3
11	120000001	1.10726	1.0313	3
11	130000001	1.18036	1.0313	3
12	1	0.798544	0.908484	3
12	10000001	0.653125	0.908484	3
12	20000001	0.787878	0.908484	3
12	30000001	0.939598	0.908484	3
12	40000001	1.11309	0.908484	3
12	50000001	1.06026	0.908484	3
12	60000001	0.872833	0.908484	3
12	70000001	0.851905	0.908484	3
12	80000001	0.865806	0.908484	3
12	90000001	0.877369	0.908484	3
12	100000001	1.00871	0.908484	3
12	110000001	1.10632	0.908484	3
12	120000001	1.13276	0.908484	3
12	130000001	1.48957	0.908484	3
13	1	-1	0.712677	2
13	10000001	0.706922	0.712677	2
13	20000001	0.733833	0.712677	2
13	30000001	0.712677	0.712677	2
13	40000001	0.738956	0.712677	2
13	50000001	0.542243	0.712677	2
13	60000001	0.558541	0.712677	2
13	70000001	0.650836	0.712677	2
13	80000001	0.753467	0.712677	2
13	90000001	1.25288	0.712677	2
13	100000001	0.690595	0.712677	2
13	110000001	0.875381	0.712677	2
14	1	-1	0.677824	2
14	10000001	1.11274	0.677824	2
14	20000001	0.67223	0.677824	2
14	30000001	0.640622	0.677824	2
14	40000001	0.547877	0.677824	2
14	50000001	0.669367	0.677824	2
14	60000001	0.785575	0.677824	2
14	70000001	0.683417	0.677824	2
14	80000001	0.566154	0.677824	2
14	90000001	0.782892	0.677824	2
14	100000001	0.888218	0.677824	2
15	1	-1	1.04703	3
15	10000001	1.1177	1.04703	3
15	20000001	1.04307	1.04703	3
15	30000001	0.970884	1.04703	3
15	40000001	1.04372	1.04703	3
15	50000001	0.952141	1.04703	3
15	60000001	1.05034	1.04703	3
15	70000001	1.11697	1.04703	3
15	80000001	1.11088	1.04703	3
15	90000001	1.00431	1.04703	3
15	100000001	1.37642	1.04703	3
16	1	1.2802	1.18246	4
16	10000001	1.21178	1.18246	4
16	20000001	1.12815	1.18246	4
16	30000001	1.25833	1.18246	4
16	40000001	2.11924	1.18246	4
16	50000001	1.0819	1.18246	4
16	60000001	0.972757	1.18246	4
16	70000001	1.15314	1.18246	4
16	80000001	1.54887	1.18246	4
16	90000001	0.983235	1.18246	4
17	1	0.904947	1.1354	3
17	10000001	0.734522	1.1354	3
17	20000001	1.2018	1.1354	3
17	30000001	1.1354	1.1354	3
17	40000001	1.19324	1.1354	3
17	50000001	1.04723	1.1354	3
17	60000001	1.10859	1.1354	3
17	70000001	1.28246	1.1354	3
17	80000001	2.00379	1.1354	3
18	1	1.50436	0.937089	3
18	10000001	1.37571	0.937089	3
18	20000001	1.39548	0.937089	3
18	30000001	1.09184	0.937089	3
18	40000001	0.888731	0.937089	3
18	50000001	0.660587	0.937089	3
18	60000001	0.750196	0.937089	3
18	70000001	0.78539	0.937089	3
18	80000001	0.937089	0.937089	3
19	1	1.37211	1.25575	4
19	10000001	1.27531	1.25575	4
19	20000001	1.29323	1.25575	4
19	30000001	1.23619	1.25575	4
19	40000001	1.22751	1.25575	4
19	50000001	1.18268	1.25575	4
2	1	1.06047	0.995331	3
2	10000001	1.0399	0.995331	3
2	20000001	1.08761	0.995331	3
2	30000001	0.944508	0.995331	3
2	40000001	0.887433	0.995331	3
2	50000001	0.977398	0.995331	3
2	60000001	0.995331	0.995331	3
2	70000001	0.976144	0.995331	3
2	80000001	1.0295	0.995331	3
2	90000001	1.26083	1.00676	3
2	100000001	1.04388	1.00676	3
2	110000001	0.952521	1.00676	3
2	120000001	1.17447	1.00676	3
2	130000001	0.969651	1.00676	3
2	140000001	0.958949	1.00676	3
2	150000001	1.2376	1.22138	4
2	160000001	1.31168	1.22138	4
2	170000001	1.20516	1.22138	4
2	180000001	1.07597	1.22138	4
2	190000001	0.762651	0.780955	2
2	200000001	0.626037	0.780955	2
2	210000001	0.658478	0.780955	2
2	220000001	0.79926	0.780955	2
2	230000001	0.904966	0.780955	2
2	240000001	1.05432	0.780955	2
20	1	0.946651	1.08064	3
20	10000001	0.701287	1.08064	3
20	20000001	0.913664	1.08064	3
20	30000001	1.11136	1.08064	3
20	40000001	1.14842	1.08064	3
20	50000001	1.08064	1.08064	3
20	60000001	1.36115	1.08064	3
21	1	2.13266	1.38754	4
21	10000001	1.25549	1.38754	4
21	20000001	0.897119	1.38754	4
21	30000001	1.38754	1.38754	4
21	40000001	1.70946	1.38754	4
22	1	-1	1.18503	4
22	10000001	1.83127	1.18503	4
22	20000001	2.69702	1.18503	4
22	30000001	0.821939	1.18503	4
22	40000001	0.905171	1.18503	4
22	50000001	1.18503	1.18503	4
3	1	1.21157	1.2725	4
3	10000001	1.39705	1.2725	4
3	20000001	1.10541	1.2725	4
3	30000001	1.31269	1.2725	4
3	40000001	1.2725	1.2725	4
3	50000001	0.7144	0.7144	2
3	60000001	0.600096	0.7144	2
3	70000001	0.761186	0.7144	2
3	80000001	0.579741	0.7144	2
3	90000001	0.696872	0.7144	2
3	100000001	0.549597	0.7144	2
3	110000001	0.586142	0.7144	2
3	120000001	0.711222	0.7144	2
3	130000001	0.711527	0.7144	2
3	140000001	1.01229	0.7144	2
3	150000001	0.917944	0.7144	2
3	160000001	0.882024	0.7144	2
3	170000001	0.863111	0.7144	2
3	180000001	1.08579	0.7144	2
3	190000001	1.0982	0.7144	2
4	1	1.72846	1.24686	4
4	10000001	1.24686	1.24686	4
4	20000001	1.07055	1.24686	4
4	30000001	1.26355	1.24686	4
4	40000001	1.03295	1.24686	4
4	50000001	0.980317	0.845992	3
4	60000001	0.840503	0.845992	3
4	70000001	1.05897	0.845992	3
4	80000001	0.927951	0.845992	3
4	90000001	0.851481	0.845992	3
4	100000001	1.01973	0.845992	3
4	110000001	0.90602	0.845992	3
4	120000001	0.809292	0.845992	3
4	130000001	0.812507	0.845992	3
4	140000001	0.940387	0.845992	3
4	150000001	0.740045	0.845992	3
4	160000001	0.51845	0.845992	3
4	170000001	0.673276	0.845992	3
4	180000001	0.66405	0.845992	3
4	190000001	3.95766	3.95766	12
5	1	1.53313	1.28078	4
5	10000001	1.2222	1.28078	4
5	20000001	1.06278	1.28078	4
5	30000001	1.28078	1.28078	4
5	40000001	1.44568	1.28078	4
5	50000001	0.979053	0.980192	3
5	60000001	0.929121	0.980192	3
5	70000001	0.943625	0.980192	3
5	80000001	1.04076	0.980192	3
5	90000001	0.896484	0.980192	3
5	100000001	0.811999	0.980192	3
5	110000001	0.992231	0.980192	3
5	120000001	0.90001	0.980192	3
5	130000001	1.17094	0.980192	3
5	140000001	1.11223	0.980192	3
5	150000001	0.981331	0.980192	3
5	160000001	0.920198	0.980192	3
5	170000001	1.15932	0.980192	3
5	180000001	1.12068	0.980192	3
6	1	1.41966	1.29743	4
6	10000001	1.26382	1.29743	4
6	20000001	1.20781	1.29743	4
6	30000001	1.46667	1.29743	4
6	40000001	1.29743	1.29743	4
6	50000001	1.00491	0.975966	3
6	60000001	0.891496	0.975966	3
6	70000001	0.839778	0.975966	3
6	80000001	0.975966	0.975966	3
6	90000001	0.775818	0.975966	3
6	100000001	0.915674	0.975966	3
6	110000001	0.912553	0.975966	3
6	120000001	0.864405	0.975966	3
6	130000001	1.03155	0.975966	3
6	140000001	1.19935	0.975966	3
6	150000001	1.31113	0.975966	3
6	160000001	1.4705	0.975966	3
6	170000001	1.49294	0.975966	3
7	1	1.18325	1.13711	3
7	10000001	0.892992	1.13711	3
7	20000001	0.935472	1.13711	3
7	30000001	0.964712	1.13711	3
7	40000001	1.03354	1.13711	3
7	50000001	1.19817	1.13711	3
7	60000001	1.30533	1.13711	3
7	70000001	1.44617	1.13711	3
7	80000001	1.09096	1.13711	3
7	90000001	1.21905	1.13711	3
7	100000001	1.49964	1.53724	5
7	110000001	1.39358	1.53724	5
7	120000001	1.39649	1.53724	5
7	130000001	1.6198	1.53724	5
7	140000001	1.57485	1.53724	5
7	150000001	2.0083	1.53724	5
8	1	1.16518	0.948013	3
8	10000001	1.02777	0.948013	3
8	20000001	1.06133	0.948013	3
8	30000001	0.948013	0.948013	3
8	40000001	0.996413	0.948013	3
8	50000001	0.894047	0.948013	3
8	60000001	0.866693	0.948013	3
8	70000001	0.931494	0.948013	3
8	80000001	0.882867	0.948013	3
8	90000001	0.949072	0.948013	3
8	100000001	0.95462	0.948013	3
8	110000001	0.826453	0.948013	3
8	120000001	0.944201	0.948013	3
8	130000001	1.3214	1.31439	4
8	140000001	1.30738	1.31439	4
9	1	0.623676	0.829698	2
9	10000001	0.65941	0.829698	2
9	20000001	0.145133	0.829698	2
9	30000001	0.740647	0.829698	2
9	40000001	1.09442	0.829698	2
9	50000001	-1	0.829698	2
9	60000001	0.829698	0.829698	2
9	70000001	0.61637	0.829698	2
9	80000001	0.726979	0.829698	2
9	90000001	1.05305	0.829698	2
9	100000001	1.02621	0.829698	2
9	110000001	0.988034	0.829698	2
9	120000001	1.27482	0.829698	2
9	130000001	1.76527	0.829698	2
X	1	0.687301	0.688315	2
X	10000001	0.740301	0.688315	2
X	20000001	0.541382	0.688315	2
X	30000001	0.552168	0.688315	2
X	40000001	0.677785	0.688315	2
X	50000001	0.689329	0.688315	2
X	60000001	0.728246	0.688315	2
X	70000001	0.713016	0.688315	2
X	80000001	0.598222	0.601852	2
X	90000001	0.569885	0.601852	2
X	100000001	0.621112	0.601852	2
X	110000001	0.605482	0.601852	2
X	120000001	0.565036	0.601852	2
X	130000001	0.632243	0.601852	2
X	140000001	0.583561	0.601852	2
X	150000001	0.724456	0.601852	2
Y	1	0.0674024	0.190277	1
Y	10000001	0.810242	0.190277	1
Y	20000001	0.202063	0.190277	1
Y	30000001	-1	0.190277	1
Y	40000001	-1	0.190277	1
Y	50000001	0.178492	0.190277	1
