Chromosome	Start	Ratio	MedianRatio	CopyNumber
1	1	3.06948	1.51324	5
1	10000001	1.55522	1.51324	5
1	20000001	1.47126	1.51324	5
1	30000001	1.40714	1.51324	5
1	40000001	1.30842	1.30842	4
1	50000001	0.969934	0.915751	3
1	60000001	0.595746	0.915751	3
1	70000001	0.552105	0.915751	3
1	80000001	0.576825	0.915751	3
1	90000001	0.640743	0.915751	3
1	100000001	0.679054	0.915751	3
1	110000001	0.840241	0.915751	3
1	120000001	0.47342	0.915751	3
1	130000001	-1	0.915751	3
1	140000001	1.1047	0.915751	3
1	150000001	1.27738	0.915751	3
1	160000001	1.29526	0.915751	3
1	170000001	0.910642	0.915751	3
1	180000001	1.12183	0.915751	3
1	190000001	0.675166	0.915751	3
1	200000001	1.786	0.915751	3
1	210000001	0.915751	0.915751	3
1	220000001	2.15819	0.915751	3
1	230000001	1.19535	0.915751	3
1	240000001	1.26781	0.915751	3
10	1	1.23609	1.02358	3
10	10000001	0.793477	1.02358	3
10	20000001	0.702154	1.02358	3
10	30000001	1.11162	1.02358	3
10	40000001	1.5333	1.02358	3
10	50000001	0.801049	1.02358	3
10	60000001	1.06302	1.02358	3
10	70000001	1.90973	1.02358	3
10	80000001	0.984151	1.02358	3
10	90000001	0.53269	1.02358	3
10	100000001	0.51071	1.02358	3
10	110000001	0.539057	1.02358	3
10	120000001	1.09953	1.02358	3
10	130000001	2.39417	1.02358	3
11	1	2.81174	1.44425	4
11	10000001	1.52082	1.44425	4
11	20000001	0.819162	1.44425	4
11	30000001	0.94466	1.44425	4
11	40000001	1.40085	1.44425	4
11	50000001	0.707463	1.44425	4
11	60000001	2.68336	1.44425	4
11	70000001	2.14077	1.44425	4
11	80000001	0.795869	1.44425	4
11	90000001	0.865088	1.44425	4
11	100000001	0.940157	1.44425	4
11	110000001	1.51676	1.44425	4
11	120000001	1.48765	1.44425	4
11	130000001	1.59847	1.44425	4
12	1	1.26101	1.07075	3
12	10000001	0.674405	1.07075	3
12	20000001	0.762758	1.07075	3
12	30000001	0.880493	1.07075	3
12	40000001	1.35799	1.07075	3
12	50000001	1.66212	1.07075	3
12	60000001	0.867702	1.07075	3
12	70000001	0.781887	1.07075	3
12	80000001	0.773883	1.07075	3
12	90000001	0.831104	1.07075	3
12	100000001	1.26304	1.07075	3
12	110000001	1.51282	1.07075	3
12	120000001	1.89181	1.07075	3
12	130000001	3.69725	1.07075	3
13	1	-1	0.482432	1
13	10000001	0.481346	0.482432	1
13	20000001	0.559909	0.482432	1
13	30000001	0.492282	0.482432	1
13	40000001	0.585043	0.482432	1
13	50000001	0.333536	0.482432	1
13	60000001	0.295102	0.482432	1
13	70000001	0.419095	0.482432	1
13	80000001	0.482432	0.482432	1
13	90000001	0.980675	0.482432	1
13	100000001	0.417805	0.482432	1
13	110000001	1.19812	0.482432	1
14	1	-1	0.556031	2
14	10000001	1.03642	0.556031	2
14	20000001	0.469538	0.556031	2
14	30000001	0.391681	0.556031	2
14	40000001	0.320151	0.556031	2
14	50000001	0.41823	0.556031	2
14	60000001	0.678835	0.556031	2
14	70000001	0.642524	0.556031	2
14	80000001	0.286047	0.556031	2
14	90000001	0.763507	0.556031	2
14	100000001	1.2074	0.556031	2
15	1	-1	1.44374	4
15	10000001	0.91925	1.44374	4
15	20000001	2.04554	1.44374	4
15	30000001	1.09703	1.44374	4
15	40000001	1.45082	1.44374	4
15	50000001	0.967892	1.44374	4
15	60000001	1.43667	1.44374	4
15	70000001	2.02199	1.44374	4
15	80000001	1.5187	1.44374	4
15	90000001	1.28608	1.44374	4
15	100000001	2.15401	1.44374	4
16	1	2.00975	1.24664	4
16	10000001	1.1754	1.24664	4
16	20000001	1.31787	1.24664	4
16	30000001	1.44731	1.24664	4
16	40000001	1.00887	1.24664	4
16	50000001	1.10791	1.24664	4
16	60000001	1.01349	1.24664	4
16	70000001	0.957954	1.24664	4
16	80000001	2.59613	1.24664	4
16	90000001	1.76873	1.24664	4
17	1	1.05132	1.26338	4
17	10000001	0.708458	1.26338	4
17	20000001	1.63665	1.26338	4
17	30000001	1.26338	1.26338	4
17	40000001	1.40398	1.26338	4
17	50000001	1.01634	1.26338	4
17	60000001	1.15557	1.26338	4
17	70000001	1.88935	1.26338	4
17	80000001	3.28522	1.26338	4
18	1	1.02021	0.811691	2
18	10000001	0.734705	0.811691	2
18	20000001	0.720835	0.811691	2
18	30000001	0.811691	0.811691	2
18	40000001	1.06065	0.811691	2
18	50000001	0.768723	0.811691	2
18	60000001	0.710072	0.811691	2
18	70000001	1.37258	0.811691	2
18	80000001	1.0867	0.811691	2
19	1	3.08276	2.48825	7
19	10000001	2.74452	2.48825	7
19	20000001	1.13893	2.48825	7
19	30000001	2.60921	2.48825	7
19	40000001	2.36729	2.48825	7
19	50000001	2.28159	2.48825	7
2	1	1.44231	0.974001	3
2	10000001	0.985483	0.974001	3
2	20000001	1.16806	0.974001	3
2	30000001	0.741516	0.974001	3
2	40000001	0.920716	0.974001	3
2	50000001	0.678474	0.974001	3
2	60000001	0.784358	0.974001	3
2	70000001	1.01509	0.974001	3
2	80000001	1.41955	0.974001	3
2	90000001	1.27325	0.974001	3
2	100000001	0.884451	0.974001	3
2	110000001	0.81508	0.974001	3
2	120000001	1.18845	0.974001	3
2	130000001	0.962519	0.974001	3
2	140000001	0.595042	0.948883	3
2	150000001	0.902244	0.948883	3
2	160000001	0.995522	0.948883	3
2	170000001	1.01529	0.948883	3
2	180000001	0.573885	0.573885	2
2	190000001	0.532929	0.573885	2
2	200000001	0.415368	0.573885	2
2	210000001	0.535617	0.573885	2
2	220000001	0.615223	0.573885	2
2	230000001	1.04217	0.573885	2
2	240000001	1.3887	0.573885	2
20	1	1.48704	1.40451	4
20	10000001	0.786254	1.40451	4
20	20000001	0.788611	1.40451	4
20	30000001	1.42997	1.40451	4
20	40000001	1.40451	1.40451	4
20	50000001	1.25445	1.40451	4
20	60000001	2.39304	1.40451	4
21	1	3.45441	1.54437	5
21	10000001	1.54437	1.54437	5
21	20000001	0.639184	1.54437	5
21	30000001	1.39081	1.54437	5
21	40000001	3.13067	1.54437	5
22	1	-1	2.28459	7
22	10000001	2.67328	2.28459	7
22	20000001	4.75913	2.28459	7
22	30000001	0.954542	2.28459	7
22	40000001	1.18063	2.28459	7
22	50000001	2.28459	2.28459	7
3	1	1.2956	1.43965	4
3	10000001	2.19739	1.43965	4
3	20000001	1.03489	1.43965	4
3	30000001	1.43965	1.43965	4
3	40000001	1.95238	1.43965	4
3	50000001	1.09106	1.09106	3
3	60000001	0.550151	0.598208	2
3	70000001	0.784437	0.598208	2
3	80000001	0.543753	0.598208	2
3	90000001	0.449884	0.598208	2
3	100000001	0.554933	0.598208	2
3	110000001	0.577126	0.598208	2
3	120000001	1.28587	0.598208	2
3	130000001	0.866807	0.598208	2
3	140000001	0.766755	0.598208	2
3	150000001	0.543651	0.598208	2
3	160000001	0.619289	0.598208	2
3	170000001	0.571844	0.598208	2
3	180000001	0.913721	0.598208	2
3	190000001	1.34052	0.598208	2
4	1	3.06355	0.874069	3
4	10000001	0.980032	0.874069	3
4	20000001	0.888133	0.874069	3
4	30000001	1.09079	0.874069	3
4	40000001	1.44272	0.874069	3
4	50000001	0.786097	0.874069	3
4	60000001	0.739168	0.874069	3
4	70000001	0.932804	0.874069	3
4	80000001	0.978542	0.874069	3
4	90000001	0.720611	0.874069	3
4	100000001	0.809403	0.874069	3
4	110000001	0.822521	0.874069	3
4	120000001	0.780474	0.874069	3
4	130000001	0.889089	0.874069	3
4	140000001	0.816304	0.874069	3
4	150000001	0.892293	0.874069	3
4	160000001	0.684316	0.874069	3
4	170000001	0.860006	0.874069	3
4	180000001	1.28491	4.30965	13
4	190000001	7.3344	4.30965	13
5	1	2.42746	1.0939	3
5	10000001	1.06517	1.0939	3
5	20000001	0.859357	1.0939	3
5	30000001	1.12263	1.0939	3
5	40000001	0.663269	0.695568	2
5	50000001	0.649251	0.695568	2
5	60000001	0.723726	0.695568	2
5	70000001	0.711045	0.695568	2
5	80000001	0.695568	0.695568	2
5	90000001	0.581977	0.695568	2
5	100000001	0.568297	0.695568	2
5	110000001	0.543974	0.695568	2
5	120000001	0.611847	0.695568	2
5	130000001	1.42631	0.695568	2
5	140000001	1.02448	0.695568	2
5	150000001	0.836667	0.695568	2
5	160000001	0.675891	0.695568	2
5	170000001	1.4568	0.695568	2
5	180000001	1.78789	0.695568	2
6	1	1.78962	0.938125	3
6	10000001	1.42408	0.938125	3
6	20000001	1.34022	0.938125	3
6	30000001	2.35951	0.938125	3
6	40000001	1.7616	0.938125	3
6	50000001	0.792712	0.938125	3
6	60000001	0.73219	0.938125	3
6	70000001	0.761101	0.938125	3
6	80000001	0.858696	0.938125	3
6	90000001	0.788639	0.938125	3
6	100000001	0.913365	0.938125	3
6	110000001	0.786576	0.938125	3
6	120000001	0.777208	0.938125	3
6	130000001	0.962885	0.938125	3
6	140000001	0.996203	0.938125	3
6	150000001	1.32087	0.938125	3
6	160000001	1.85875	2.68149	8
6	170000001	3.50424	2.68149	8
7	1	1.95949	1.00114	3
7	10000001	0.605068	1.00114	3
7	20000001	0.734586	1.00114	3
7	30000001	0.864074	1.00114	3
7	40000001	1.06682	1.00114	3
7	50000001	0.965038	1.00114	3
7	60000001	1.03724	1.00114	3
7	70000001	1.67193	1.00114	3
7	80000001	0.773037	1.00114	3
7	90000001	1.07658	1.00114	3
7	100000001	1.95011	1.66088	5
7	110000001	1.04729	1.66088	5
7	120000001	1.39529	1.66088	5
7	130000001	1.65077	1.66088	5
7	140000001	1.67098	1.66088	5
7	150000001	3.36175	1.66088	5
8	1	1.91054	1.0033	3
8	10000001	1.19091	1.0033	3
8	20000001	1.41047	1.0033	3
8	30000001	1.00366	1.0033	3
8	40000001	1.19859	1.0033	3
8	50000001	1.0207	1.0033	3
8	60000001	0.887402	1.0033	3
8	70000001	0.860964	1.0033	3
8	80000001	0.911407	1.0033	3
8	90000001	0.97275	1.0033	3
8	100000001	0.938483	1.0033	3
8	110000001	0.713309	1.0033	3
8	120000001	1.0033	1.0033	3
8	130000001	1.61247	2.6544	8
8	140000001	3.69633	2.6544	8
9	1	0.67676	0.984938	3
9	10000001	0.587315	0.984938	3
9	20000001	0.115461	0.984938	3
9	30000001	0.33773	0.984938	3
9	40000001	0.936453	0.984938	3
9	50000001	-1	0.984938	3
9	60000001	1.29671	0.984938	3
9	70000001	0.634018	0.984938	3
9	80000001	0.984938	0.984938	3
9	90000001	1.525	0.984938	3
9	100000001	1.00281	0.984938	3
9	110000001	1.24559	0.984938	3
9	120000001	2.47591	0.984938	3
9	130000001	4.5505	0.984938	3
X	1	0.784777	0.382406	1
X	10000001	0.35864	0.382406	1
X	20000001	0.30856	0.382406	1
X	30000001	0.382406	0.382406	1
X	40000001	0.626406	0.382406	1
X	50000001	0.452057	0.382406	1
X	60000001	0.392505	0.382406	1
X	70000001	0.418213	0.382406	1
X	80000001	0.334043	0.382406	1
X	90000001	0.281973	0.382406	1
X	100000001	0.339079	0.382406	1
X	110000001	0.446484	0.382406	1
X	120000001	0.361066	0.382406	1
X	130000001	0.398566	0.382406	1
X	140000001	0.315943	0.382406	1
X	150000001	0.808186	0.808186	2
Y	1	0.0963963	0.293286	1
Y	10000001	1.93512	0.293286	1
Y	20000001	0.318013	0.293286	1
Y	30000001	-1	0.293286	1
Y	40000001	-1	0.293286	1
Y	50000001	0.268559	0.293286	1
