Chromosome	Start	Ratio	MedianRatio	CopyNumber
1	1	1.21959	0.985189	3
1	10000001	1.06447	0.985189	3
1	20000001	1.04802	0.985189	3
1	30000001	0.984347	0.985189	3
1	40000001	0.994914	0.985189	3
1	50000001	0.904484	0.985189	3
1	60000001	0.986032	0.985189	3
1	70000001	0.970368	0.985189	3
1	80000001	0.906615	0.985189	3
1	90000001	0.9842	0.985189	3
1	100000001	0.865149	0.985189	3
1	110000001	0.942819	0.985189	3
1	120000001	1.35919	0.985189	3
1	130000001	-1	0.985189	3
1	140000001	1.51437	0.985189	3
1	150000001	0.965147	0.972939	3
1	160000001	0.983865	0.972939	3
1	170000001	0.96806	0.972939	3
1	180000001	0.977817	0.972939	3
1	190000001	0.86933	0.972939	3
1	200000001	1.05479	0.972939	3
1	210000001	0.946632	0.972939	3
1	220000001	1.00648	0.972939	3
1	230000001	0.962013	0.972939	3
1	240000001	1.02566	0.972939	3
10	1	0.926039	0.993145	3
10	10000001	0.977094	0.993145	3
10	20000001	0.968444	0.993145	3
10	30000001	0.991238	0.993145	3
10	40000001	1.06912	0.993145	3
10	50000001	0.963707	0.993145	3
10	60000001	0.916579	0.993145	3
10	70000001	1.01696	0.993145	3
10	80000001	0.995053	0.993145	3
10	90000001	1.00196	0.993145	3
10	100000001	0.965264	0.993145	3
10	110000001	1.01097	0.993145	3
10	120000001	1.13728	0.993145	3
10	130000001	1.20853	0.993145	3
11	1	0.95703	0.99881	3
11	10000001	1.11943	0.99881	3
11	20000001	1.00071	0.99881	3
11	30000001	0.973898	0.99881	3
11	40000001	1.00484	0.99881	3
11	50000001	0.949005	0.99881	3
11	60000001	0.994346	0.99881	3
11	70000001	1.01561	0.99881	3
11	80000001	0.849756	0.99881	3
11	90000001	1.04127	0.99881	3
11	100000001	0.965382	0.99881	3
11	110000001	0.996912	0.99881	3
11	120000001	1.01011	0.99881	3
11	130000001	1.00586	0.99881	3
12	1	0.996457	0.965393	3
12	10000001	0.945293	0.965393	3
12	20000001	0.936817	0.965393	3
12	30000001	1.00047	0.965393	3
12	40000001	1.15749	0.965393	3
12	50000001	1.01122	0.965393	3
12	60000001	0.915456	0.965393	3
12	70000001	0.933392	0.965393	3
12	80000001	0.915047	0.965393	3
12	90000001	0.857521	0.965393	3
12	100000001	0.844435	0.965393	3
12	110000001	0.985492	0.965393	3
12	120000001	1.00575	0.965393	3
12	130000001	1.21183	0.965393	3
13	1	-1	0.951643	3
13	10000001	0.917527	0.951643	3
13	20000001	1.03814	0.951643	3
13	30000001	0.989315	0.951643	3
13	40000001	1.09009	0.951643	3
13	50000001	0.923596	0.951643	3
13	60000001	0.882354	0.951643	3
13	70000001	1.10434	0.951643	3
13	80000001	0.912329	0.951643	3
13	90000001	0.951643	0.951643	3
13	100000001	0.949405	0.951643	3
13	110000001	1.02259	0.951643	3
14	1	-1	0.925295	3
14	10000001	1.02937	0.925295	3
14	20000001	0.898649	0.925295	3
14	30000001	0.970932	0.925295	3
14	40000001	0.905035	0.925295	3
14	50000001	0.891453	0.925295	3
14	60000001	1.08722	0.925295	3
14	70000001	0.926131	0.925295	3
14	80000001	0.902266	0.925295	3
14	90000001	0.924459	0.925295	3
14	100000001	0.969303	0.925295	3
15	1	-1	0.97785	3
15	10000001	1.27909	0.97785	3
15	20000001	0.884517	0.97785	3
15	30000001	0.986205	0.97785	3
15	40000001	0.966651	0.97785	3
15	50000001	0.934338	0.97785	3
15	60000001	0.969495	0.97785	3
15	70000001	1.01731	0.97785	3
15	80000001	1.04654	0.97785	3
15	90000001	0.920785	0.97785	3
15	100000001	1.04664	0.97785	3
16	1	0.998668	1.04599	3
16	10000001	1.02501	1.04599	3
16	20000001	1.03395	1.04599	3
16	30000001	1.2949	1.04599	3
16	40000001	1.78787	1.04599	3
16	50000001	1.04377	1.04599	3
16	60000001	1.05421	1.04599	3
16	70000001	1.04822	1.04599	3
16	80000001	1.09587	1.04599	3
16	90000001	0.643572	1.04599	3
17	1	1.0523	1.05553	3
17	10000001	0.967456	1.05553	3
17	20000001	1.21258	1.05553	3
17	30000001	0.947618	1.05553	3
17	40000001	0.975935	1.05553	3
17	50000001	1.05553	1.05553	3
17	60000001	1.06081	1.05553	3
17	70000001	1.11724	1.05553	3
17	80000001	1.73166	1.05553	3
18	1	1.12451	1.02852	3
18	10000001	0.906913	1.02852	3
18	20000001	0.968525	1.02852	3
18	30000001	0.893632	1.02852	3
18	40000001	1.13826	1.02852	3
18	50000001	0.995507	1.02852	3
18	60000001	1.06799	1.02852	3
18	70000001	1.02852	1.02852	3
18	80000001	1.32167	1.02852	3
19	1	1.0957	1.08363	3
19	10000001	1.1923	1.08363	3
19	20000001	1.02186	1.08363	3
19	30000001	1.10987	1.08363	3
19	40000001	1.00989	1.08363	3
19	50000001	1.07156	1.08363	3
2	1	0.978452	1.0246	3
2	10000001	0.97373	1.0246	3
2	20000001	1.00786	1.0246	3
2	30000001	1.0369	1.0246	3
2	40000001	1.01231	1.0246	3
2	50000001	1.03722	1.0246	3
2	60000001	0.968946	1.0246	3
2	70000001	1.04837	1.0246	3
2	80000001	1.05792	1.0246	3
2	90000001	1.09725	1.0246	3
2	100000001	0.919749	1.0194	3
2	110000001	1.0194	1.0194	3
2	120000001	1.02018	1.0194	3
2	130000001	0.947897	0.948897	3
2	140000001	0.922826	0.948897	3
2	150000001	0.984034	0.948897	3
2	160000001	1.03438	0.948897	3
2	170000001	0.953648	0.948897	3
2	180000001	0.869156	0.948897	3
2	190000001	1.0462	0.948897	3
2	200000001	0.85228	0.948897	3
2	210000001	0.948897	0.948897	3
2	220000001	1.07541	1.09833	3
2	230000001	1.09833	1.09833	3
2	240000001	1.18584	1.09833	3
20	1	1.27509	1.05222	3
20	10000001	0.963866	1.05222	3
20	20000001	1.03027	1.05222	3
20	30000001	1.07551	1.05222	3
20	40000001	1.05222	1.05222	3
20	50000001	1.02678	1.05222	3
20	60000001	1.073	1.05222	3
21	1	1.6221	1.17416	4
21	10000001	1.23832	1.17416	4
21	20000001	0.892144	1.17416	4
21	30000001	1.06458	1.17416	4
21	40000001	1.17416	1.17416	4
22	1	-1	1.08746	3
22	10000001	1.14749	1.08746	3
22	20000001	1.02502	1.08746	3
22	30000001	1.08746	1.08746	3
22	40000001	1.00021	1.08746	3
22	50000001	1.4339	1.08746	3
3	1	1.00471	0.972227	3
3	10000001	0.871364	0.972227	3
3	20000001	0.987598	0.972227	3
3	30000001	0.972227	0.972227	3
3	40000001	0.990246	0.972227	3
3	50000001	0.936397	0.972227	3
3	60000001	0.987278	0.972227	3
3	70000001	0.888762	0.972227	3
3	80000001	0.948978	0.972227	3
3	90000001	0.994735	0.962488	3
3	100000001	1.02549	0.962488	3
3	110000001	0.90592	0.962488	3
3	120000001	0.930241	0.962488	3
3	130000001	0.996125	0.996125	3
3	140000001	1.1531	0.996125	3
3	150000001	0.936386	0.996125	3
3	160000001	0.883429	0.996125	3
3	170000001	1.00044	0.996125	3
3	180000001	1.0336	0.996125	3
3	190000001	0.968251	0.996125	3
4	1	1.0522	0.981786	3
4	10000001	0.985303	0.981786	3
4	20000001	0.950403	0.981786	3
4	30000001	1.1695	0.981786	3
4	40000001	1.15387	0.981786	3
4	50000001	1.02304	0.981786	3
4	60000001	0.981786	0.981786	3
4	70000001	1.06863	0.981786	3
4	80000001	0.983081	0.981786	3
4	90000001	0.93915	0.981786	3
4	100000001	1.09658	0.981786	3
4	110000001	0.954917	0.981786	3
4	120000001	0.903621	0.981786	3
4	130000001	0.906411	0.981786	3
4	140000001	0.895272	0.981786	3
4	150000001	0.963573	0.981786	3
4	160000001	0.902907	0.981786	3
4	170000001	1.04554	1.04554	3
4	180000001	1.05635	1.54458	5
4	190000001	2.0328	1.54458	5
5	1	1.08364	0.944134	3
5	10000001	0.896773	0.944134	3
5	20000001	0.936394	0.944134	3
5	30000001	0.951874	0.944134	3
5	40000001	1.05256	0.944134	3
5	50000001	0.911378	0.944134	3
5	60000001	0.955873	0.944134	3
5	70000001	0.90248	0.944134	3
5	80000001	1.16289	1.02127	3
5	90000001	1.02127	1.02127	3
5	100000001	0.9736	1.02127	3
5	110000001	1.01511	1.02127	3
5	120000001	0.961752	1.02127	3
5	130000001	1.09919	1.02127	3
5	140000001	1.10469	1.02127	3
5	150000001	0.991885	1.02127	3
5	160000001	0.960373	1.02127	3
5	170000001	1.05886	1.02127	3
5	180000001	1.27376	1.02127	3
6	1	1.04836	0.987877	3
6	10000001	0.970079	0.987877	3
6	20000001	1.03208	0.987877	3
6	30000001	0.968494	0.987877	3
6	40000001	0.945587	0.987877	3
6	50000001	1.03509	0.987877	3
6	60000001	0.954315	0.987877	3
6	70000001	0.987877	0.987877	3
6	80000001	0.965706	0.987877	3
6	90000001	0.921147	0.987877	3
6	100000001	1.04507	0.987877	3
6	110000001	1.02508	0.987877	3
6	120000001	0.954197	0.987877	3
6	130000001	0.984003	0.987877	3
6	140000001	1.01823	0.987877	3
6	150000001	1.0046	0.987877	3
6	160000001	1.02767	0.987877	3
6	170000001	0.878601	0.878601	3
7	1	1.12285	1.12285	3
7	10000001	0.958847	0.990751	3
7	20000001	0.997676	0.990751	3
7	30000001	0.970548	0.990751	3
7	40000001	1.0253	0.990751	3
7	50000001	0.91742	0.990751	3
7	60000001	0.904405	0.990751	3
7	70000001	1.01911	0.990751	3
7	80000001	0.908512	0.990751	3
7	90000001	1.01801	0.990751	3
7	100000001	1.03658	0.990751	3
7	110000001	1.05504	0.990751	3
7	120000001	0.941045	0.990751	3
7	130000001	0.927919	0.990751	3
7	140000001	0.990751	0.990751	3
7	150000001	1.05834	0.990751	3
8	1	0.858663	0.961737	3
8	10000001	0.982935	0.961737	3
8	20000001	0.960591	0.961737	3
8	30000001	0.953313	0.961737	3
8	40000001	0.964052	0.961737	3
8	50000001	0.980143	0.961737	3
8	60000001	0.970711	0.961737	3
8	70000001	0.992566	0.961737	3
8	80000001	0.962883	0.961737	3
8	90000001	0.960554	0.961737	3
8	100000001	0.954389	0.961737	3
8	110000001	0.853367	0.961737	3
8	120000001	0.985653	0.985653	3
8	130000001	1.22877	0.985653	3
8	140000001	0.951422	0.985653	3
9	1	1.01291	1.01291	3
9	10000001	0.938669	1.01291	3
9	20000001	0.886629	1.01291	3
9	30000001	0.912708	1.01291	3
9	40000001	1.05699	1.01291	3
9	50000001	-1	1.01291	3
9	60000001	1.14717	1.01291	3
9	70000001	1.01677	1.01291	3
9	80000001	0.96959	1.01291	3
9	90000001	1.03421	1.01291	3
9	100000001	1.03637	1.01291	3
9	110000001	0.903275	1.01291	3
9	120000001	1.00786	1.01291	3
9	130000001	1.0601	1.01291	3
X	1	0.557825	0.509842	2
X	10000001	0.492859	0.509842	2
X	20000001	0.509701	0.509842	2
X	30000001	0.466274	0.509842	2
X	40000001	0.523193	0.509842	2
X	50000001	0.490217	0.509842	2
X	60000001	0.509983	0.509842	2
X	70000001	0.515451	0.509842	2
X	80000001	0.436505	0.490755	1
X	90000001	0.500426	0.490755	1
X	100000001	0.499586	0.490755	1
X	110000001	0.527382	0.490755	1
X	120000001	0.468224	0.490755	1
X	130000001	0.481924	0.490755	1
X	140000001	0.442632	0.490755	1
X	150000001	0.541306	0.490755	1
Y	1	0.419678	0.68094	2
Y	10000001	0.930193	0.68094	2
Y	20000001	0.485617	0.68094	2
Y	30000001	-1	0.68094	2
Y	40000001	-1	0.68094	2
Y	50000001	0.876262	0.68094	2
