Chromosome	Start	Ratio	MedianRatio	CopyNumber
1	1	1.14621	0.98577	3
1	10000001	1.04043	0.98577	3
1	20000001	0.974154	0.98577	3
1	30000001	0.976619	0.98577	3
1	40000001	1.00385	0.98577	3
1	50000001	0.951332	0.98577	3
1	60000001	0.929611	0.98577	3
1	70000001	0.890059	0.98577	3
1	80000001	0.980325	0.98577	3
1	90000001	0.999961	0.98577	3
1	100000001	1.02104	0.98577	3
1	110000001	0.928072	0.98577	3
1	120000001	1.15637	0.98577	3
1	130000001	-1	0.98577	3
1	140000001	1.25661	0.98577	3
1	150000001	1.01073	0.98577	3
1	160000001	0.984427	0.98577	3
1	170000001	0.98577	0.98577	3
1	180000001	0.985431	0.98577	3
1	190000001	1.07603	0.98577	3
1	200000001	0.981564	0.966374	3
1	210000001	0.960342	0.966374	3
1	220000001	0.911868	0.966374	3
1	230000001	0.966374	0.966374	3
1	240000001	1.02069	0.966374	3
10	1	0.965196	0.997261	3
10	10000001	0.960808	0.997261	3
10	20000001	0.997712	0.997261	3
10	30000001	0.996809	0.997261	3
10	40000001	1.04985	0.997261	3
10	50000001	1.04034	0.997261	3
10	60000001	0.951028	0.997261	3
10	70000001	1.05604	0.997261	3
10	80000001	0.976843	0.997261	3
10	90000001	0.990239	0.997261	3
10	100000001	0.91189	0.997261	3
10	110000001	1.00346	0.997261	3
10	120000001	1.39374	0.997261	3
10	130000001	1.22011	0.997261	3
11	1	0.994937	1.01576	3
11	10000001	1.08788	1.01576	3
11	20000001	1.02519	1.01576	3
11	30000001	0.945064	1.01576	3
11	40000001	0.905363	1.01576	3
11	50000001	1.06913	1.01576	3
11	60000001	1.07323	1.01576	3
11	70000001	1.00633	1.01576	3
11	80000001	0.949823	1.01576	3
11	90000001	1.15628	1.01576	3
11	100000001	1.05707	1.01576	3
11	110000001	0.93857	1.01576	3
11	120000001	0.887027	1.01576	3
11	130000001	1.05388	1.01576	3
12	1	1.02299	0.990273	3
12	10000001	0.944837	0.990273	3
12	20000001	0.958322	0.990273	3
12	30000001	0.889432	0.990273	3
12	40000001	1.28275	0.990273	3
12	50000001	0.947487	0.990273	3
12	60000001	1.00142	0.990273	3
12	70000001	1.03076	0.990273	3
12	80000001	0.963023	0.990273	3
12	90000001	0.919788	0.990273	3
12	100000001	0.990395	0.990273	3
12	110000001	0.990152	0.990273	3
12	120000001	1.16939	0.990273	3
12	130000001	1.52385	0.990273	3
13	1	-1	1.03254	3
13	10000001	1.0864	1.03254	3
13	20000001	0.98078	1.03254	3
13	30000001	1.03254	1.03254	3
13	40000001	1.09938	1.03254	3
13	50000001	0.93382	1.03254	3
13	60000001	0.989716	1.03254	3
13	70000001	1.048	1.03254	3
13	80000001	0.997386	1.03254	3
13	90000001	0.946932	1.03254	3
13	100000001	1.04563	1.03254	3
13	110000001	1.05718	1.03254	3
14	1	-1	1.01141	3
14	10000001	1.03323	1.01141	3
14	20000001	1.02071	1.01141	3
14	30000001	1.05987	1.01141	3
14	40000001	0.966792	1.01141	3
14	50000001	1.00211	1.01141	3
14	60000001	1.22107	1.01141	3
14	70000001	0.970856	1.01141	3
14	80000001	0.872946	1.01141	3
14	90000001	0.958268	1.01141	3
14	100000001	1.10405	1.01141	3
15	1	-1	1.02493	3
15	10000001	1.03182	1.02493	3
15	20000001	1.17092	1.02493	3
15	30000001	0.969683	1.02493	3
15	40000001	1.01221	1.02493	3
15	50000001	1.04092	1.02493	3
15	60000001	1.05743	1.02493	3
15	70000001	1.01804	1.02493	3
15	80000001	1.12509	1.02493	3
15	90000001	0.997654	1.02493	3
15	100000001	0.949845	1.02493	3
16	1	0.954303	1.08165	3
16	10000001	1.08661	1.08165	3
16	20000001	1.1002	1.08165	3
16	30000001	1.1255	1.08165	3
16	40000001	1.90196	1.08165	3
16	50000001	1.04909	1.08165	3
16	60000001	0.938881	1.08165	3
16	70000001	1.0321	1.08165	3
16	80000001	1.25883	1.08165	3
16	90000001	1.07669	1.08165	3
17	1	1.05033	1.05033	3
17	10000001	1.02941	1.05033	3
17	20000001	1.10703	1.05033	3
17	30000001	1.0355	1.05033	3
17	40000001	0.926075	1.05033	3
17	50000001	0.999294	1.05033	3
17	60000001	1.10193	1.05033	3
17	70000001	1.06913	1.05033	3
17	80000001	1.96674	1.05033	3
18	1	1.07402	1.07402	3
18	10000001	0.981039	1.07402	3
18	20000001	1.11839	1.07402	3
18	30000001	1.07275	1.07402	3
18	40000001	1.12242	1.07402	3
18	50000001	1.00285	1.07402	3
18	60000001	1.23195	1.07402	3
18	70000001	1.17205	1.07402	3
18	80000001	0.861976	1.07402	3
19	1	1.19036	1.05252	3
19	10000001	1.15633	1.05252	3
19	20000001	0.875861	1.05252	3
19	30000001	1.06536	1.05252	3
19	40000001	0.962711	1.05252	3
19	50000001	1.03968	1.05252	3
2	1	0.99462	1.0038	3
2	10000001	1.08795	1.0038	3
2	20000001	0.970707	1.0038	3
2	30000001	0.999075	1.0038	3
2	40000001	0.979129	1.0038	3
2	50000001	1.18685	1.0038	3
2	60000001	1.11177	1.0038	3
2	70000001	1.0038	1.0038	3
2	80000001	1.26661	1.0038	3
2	90000001	0.958294	0.95744	3
2	100000001	0.945835	0.95744	3
2	110000001	0.956586	0.95744	3
2	120000001	1.04911	0.95744	3
2	130000001	0.922984	0.95744	3
2	140000001	1.00498	0.95744	3
2	150000001	1.12049	1.30246	4
2	160000001	1.48444	1.30246	4
2	170000001	0.979749	1.06418	3
2	180000001	0.943515	1.06418	3
2	190000001	1.27945	1.06418	3
2	200000001	0.982949	1.06418	3
2	210000001	0.93943	1.06418	3
2	220000001	1.21864	1.06418	3
2	230000001	1.14542	1.06418	3
2	240000001	1.32827	1.06418	3
20	1	1.2445	0.997191	3
20	10000001	0.997191	0.997191	3
20	20000001	0.900054	0.997191	3
20	30000001	0.98399	0.997191	3
20	40000001	1.06352	0.997191	3
20	50000001	0.946712	0.997191	3
20	60000001	1.30984	0.997191	3
21	1	1.55724	1.09213	3
21	10000001	1.10536	1.09213	3
21	20000001	0.999594	1.09213	3
21	30000001	1.01028	1.09213	3
21	40000001	1.09213	1.09213	3
22	1	-1	1.02472	3
22	10000001	1.20764	1.02472	3
22	20000001	1.02472	1.02472	3
22	30000001	0.966072	1.02472	3
22	40000001	0.951213	1.02472	3
22	50000001	1.06008	1.02472	3
3	1	1.00459	0.923481	3
3	10000001	0.982642	0.923481	3
3	20000001	0.912877	0.923481	3
3	30000001	0.992212	0.923481	3
3	40000001	0.921406	0.923481	3
3	50000001	0.887786	0.923481	3
3	60000001	0.923481	0.923481	3
3	70000001	0.919042	0.923481	3
3	80000001	0.924697	0.923481	3
3	90000001	1.00312	0.923481	3
3	100000001	0.90494	0.923481	3
3	110000001	0.956549	0.956186	3
3	120000001	0.955822	0.956186	3
3	130000001	1.07092	1.07092	3
3	140000001	1.13503	1.07092	3
3	150000001	0.994341	1.07092	3
3	160000001	0.986044	1.07092	3
3	170000001	1.01132	1.07092	3
3	180000001	1.07151	1.07092	3
3	190000001	1.12514	1.07092	3
4	1	1.01385	1.11607	3
4	10000001	1.11607	1.11607	3
4	20000001	0.989474	1.11607	3
4	30000001	1.49028	1.11607	3
4	40000001	1.28312	1.11607	3
4	50000001	0.887806	1.11607	3
4	60000001	0.984801	1.11607	3
4	70000001	1.41528	1.11607	3
4	80000001	1.19241	1.11607	3
4	90000001	0.902937	0.990453	3
4	100000001	1.04762	0.990453	3
4	110000001	1.0418	0.990453	3
4	120000001	0.929878	0.990453	3
4	130000001	0.979271	0.990453	3
4	140000001	1.0113	0.990453	3
4	150000001	0.907644	0.990453	3
4	160000001	0.990216	0.990453	3
4	170000001	1.06316	0.990453	3
4	180000001	0.99069	0.990453	3
4	190000001	1.83321	1.83321	5
5	1	1.23453	1.12539	3
5	10000001	0.95252	1.12539	3
5	20000001	1.17232	1.12539	3
5	30000001	1.07846	1.12539	3
5	40000001	1.038	0.997443	3
5	50000001	0.997443	0.997443	3
5	60000001	1.00147	0.997443	3
5	70000001	0.935369	0.997443	3
5	80000001	1.09292	0.997443	3
5	90000001	0.998253	0.997443	3
5	100000001	0.964625	0.997443	3
5	110000001	0.909461	0.997443	3
5	120000001	0.89437	0.997443	3
5	130000001	1.2921	0.997443	3
5	140000001	1.28917	0.997443	3
5	150000001	0.968169	0.997443	3
5	160000001	0.917721	0.997443	3
5	170000001	1.02454	0.997443	3
5	180000001	0.984436	0.997443	3
6	1	0.960033	0.958064	3
6	10000001	0.906625	0.958064	3
6	20000001	1.00524	0.958064	3
6	30000001	0.980677	0.958064	3
6	40000001	1.08997	0.958064	3
6	50000001	0.956095	0.958064	3
6	60000001	0.987774	0.958064	3
6	70000001	0.889402	0.958064	3
6	80000001	0.867841	0.958064	3
6	90000001	0.951767	0.958064	3
6	100000001	0.996417	0.958064	3
6	110000001	0.946999	0.958064	3
6	120000001	0.925214	0.958064	3
6	130000001	0.984815	0.958064	3
6	140000001	1.04219	1.06556	3
6	150000001	0.98315	1.06556	3
6	160000001	1.08893	1.06556	3
6	170000001	1.29554	1.06556	3
7	1	1.00529	1.00316	3
7	10000001	0.893089	1.00316	3
7	20000001	1.01267	1.00316	3
7	30000001	0.984271	1.00316	3
7	40000001	1.03237	1.00316	3
7	50000001	1.11636	1.00316	3
7	60000001	1.10489	1.00316	3
7	70000001	1.02267	1.00316	3
7	80000001	1.00103	1.00316	3
7	90000001	0.971713	1.00316	3
7	100000001	0.992917	1.00316	3
7	110000001	1.02203	1.00316	3
7	120000001	0.939339	1.00316	3
7	130000001	0.965539	1.00316	3
7	140000001	1.0994	1.13861	3
7	150000001	1.17783	1.13861	3
8	1	1.02205	0.986962	3
8	10000001	0.994359	0.986962	3
8	20000001	0.966785	0.986962	3
8	30000001	0.95567	0.986962	3
8	40000001	0.927597	0.986962	3
8	50000001	1.01891	0.986962	3
8	60000001	0.935387	0.986962	3
8	70000001	1.04339	0.986962	3
8	80000001	0.986962	0.986962	3
8	90000001	1.10592	0.986962	3
8	100000001	1.02225	0.986962	3
8	110000001	0.900605	0.986962	3
8	120000001	0.967759	0.986962	3
8	130000001	1.36753	1.22791	4
8	140000001	1.08828	1.22791	4
9	1	0.962374	0.981715	3
9	10000001	0.991324	0.981715	3
9	20000001	1.04812	0.981715	3
9	30000001	1.02243	0.981715	3
9	40000001	1.028	0.981715	3
9	50000001	-1	0.981715	3
9	60000001	0.964665	0.981715	3
9	70000001	0.942225	0.981715	3
9	80000001	0.979318	0.981715	3
9	90000001	0.899371	0.981715	3
9	100000001	0.987314	0.981715	3
9	110000001	0.959973	0.981715	3
9	120000001	0.981715	0.981715	3
9	130000001	1.07342	0.981715	3
X	1	0.814111	0.68361	2
X	10000001	0.553109	0.68361	2
X	20000001	0.543686	0.524394	2
X	30000001	0.479159	0.524394	2
X	40000001	0.545674	0.524394	2
X	50000001	0.523999	0.524394	2
X	60000001	0.552961	0.524394	2
X	70000001	0.5062	0.524394	2
X	80000001	0.575113	0.524394	2
X	90000001	0.510626	0.524394	2
X	100000001	0.469544	0.524394	2
X	110000001	0.500271	0.524394	2
X	120000001	0.52479	0.524394	2
X	130000001	0.53222	0.524394	2
X	140000001	0.502921	0.524394	2
X	150000001	0.598237	0.524394	2
Y	1	0.486286	0.517099	2
Y	10000001	0.678196	0.517099	2
Y	20000001	0.494156	0.517099	2
Y	30000001	-1	0.517099	2
Y	40000001	-1	0.517099	2
Y	50000001	0.540042	0.517099	2
