Chromosome	Start	Ratio	MedianRatio	CopyNumber
1	1	1.15099	0.971786	3
1	10000001	0.956856	0.971786	3
1	20000001	0.958813	0.971786	3
1	30000001	0.898562	0.971786	3
1	40000001	0.976181	0.971786	3
1	50000001	0.924702	0.971786	3
1	60000001	0.975086	0.971786	3
1	70000001	1.13766	0.971786	3
1	80000001	0.956111	0.971786	3
1	90000001	0.968485	0.971786	3
1	100000001	0.986621	0.971786	3
1	110000001	1.00746	0.971786	3
1	120000001	1.62987	1.01194	3
1	130000001	-1	1.01194	3
1	140000001	1.56825	1.01194	3
1	150000001	0.983323	1.01194	3
1	160000001	0.967337	1.01194	3
1	170000001	0.995259	1.01194	3
1	180000001	1.0461	1.01194	3
1	190000001	1.04788	1.01194	3
1	200000001	0.958004	1.01194	3
1	210000001	1.02863	1.01194	3
1	220000001	0.908222	1.01194	3
1	230000001	1.06407	1.01194	3
1	240000001	0.994235	1.01194	3
10	1	1.01058	1.00919	3
10	10000001	0.965958	1.00919	3
10	20000001	1.00817	1.00919	3
10	30000001	1.08602	1.00919	3
10	40000001	1.16868	1.00919	3
10	50000001	1.06913	1.00919	3
10	60000001	0.984703	1.00919	3
10	70000001	0.955172	1.00919	3
10	80000001	1.01022	1.00919	3
10	90000001	0.974337	1.00919	3
10	100000001	0.953427	1.00919	3
10	110000001	0.970435	1.00919	3
10	120000001	1.41685	1.00919	3
10	130000001	1.22616	1.00919	3
11	1	0.960708	1.04086	3
11	10000001	1.08558	1.04086	3
11	20000001	1.14021	1.04086	3
11	30000001	1.02226	1.04086	3
11	40000001	0.989387	1.04086	3
11	50000001	1.37364	1.04086	3
11	60000001	1.08875	1.04086	3
11	70000001	1.05122	1.04086	3
11	80000001	1.01789	1.04086	3
11	90000001	1.26771	1.04086	3
11	100000001	1.08854	1.04086	3
11	110000001	0.885147	1.04086	3
11	120000001	0.983127	1.04086	3
11	130000001	1.0305	1.04086	3
12	1	0.917858	1.01208	3
12	10000001	1.00918	1.01208	3
12	20000001	1.01499	1.01208	3
12	30000001	1.10505	1.01208	3
12	40000001	1.18581	1.01208	3
12	50000001	0.89981	1.01208	3
12	60000001	1.003	1.01208	3
12	70000001	1.0056	1.01208	3
12	80000001	1.13928	1.01208	3
12	90000001	1.02443	1.01208	3
12	100000001	0.897315	1.01208	3
12	110000001	0.951496	1.01208	3
12	120000001	1.06326	1.01208	3
12	130000001	1.62977	1.01208	3
13	1	-1	1.0863	3
13	10000001	1.1522	1.0863	3
13	20000001	0.986561	1.0863	3
13	30000001	1.11775	1.0863	3
13	40000001	1.14464	1.0863	3
13	50000001	0.986911	1.0863	3
13	60000001	1.101	1.0863	3
13	70000001	1.15887	1.0863	3
13	80000001	1.0863	1.0863	3
13	90000001	1.03123	1.0863	3
13	100000001	0.985785	1.0863	3
13	110000001	0.932839	1.0863	3
14	1	-1	1.0213	3
14	10000001	1.22894	1.0213	3
14	20000001	0.981953	1.0213	3
14	30000001	1.03892	1.0213	3
14	40000001	1.02688	1.0213	3
14	50000001	1.0367	1.0213	3
14	60000001	1.10092	1.0213	3
14	70000001	0.935755	1.0213	3
14	80000001	1.01573	1.0213	3
14	90000001	0.941984	1.0213	3
14	100000001	0.991078	1.0213	3
15	1	-1	0.984827	3
15	10000001	2.37021	0.984827	3
15	20000001	0.916984	0.984827	3
15	30000001	0.957195	0.984827	3
15	40000001	1.01828	0.984827	3
15	50000001	1.06144	0.984827	3
15	60000001	0.961862	0.984827	3
15	70000001	0.913786	0.984827	3
15	80000001	1.07304	0.984827	3
15	90000001	0.948399	0.984827	3
15	100000001	1.00779	0.984827	3
16	1	0.904349	1.06944	3
16	10000001	1.11791	1.06944	3
16	20000001	1.04998	1.06944	3
16	30000001	1.32564	1.06944	3
16	40000001	1.97263	1.06944	3
16	50000001	1.08889	1.06944	3
16	60000001	0.9981	1.06944	3
16	70000001	1.0297	1.06944	3
16	80000001	1.14198	1.06944	3
16	90000001	0.685317	1.06944	3
17	1	1.01772	1.01772	3
17	10000001	0.929553	1.01772	3
17	20000001	1.40308	1.01772	3
17	30000001	0.879284	1.01772	3
17	40000001	0.954195	1.01772	3
17	50000001	0.971358	1.01772	3
17	60000001	1.20896	1.01772	3
17	70000001	1.17737	1.01772	3
17	80000001	1.99122	1.01772	3
18	1	1.21115	1.1898	4
18	10000001	0.946803	1.1898	4
18	20000001	1.14075	1.1898	4
18	30000001	0.998765	1.1898	4
18	40000001	1.1898	1.1898	4
18	50000001	1.00605	1.1898	4
18	60000001	1.24554	1.1898	4
18	70000001	1.2999	1.1898	4
18	80000001	1.22119	1.1898	4
19	1	1.05801	1.01953	3
19	10000001	1.09585	1.01953	3
19	20000001	1.04399	1.01953	3
19	30000001	0.990213	1.01953	3
19	40000001	0.91897	1.01953	3
19	50000001	0.99506	1.01953	3
2	1	1.06745	1.00418	3
2	10000001	1.11621	1.00418	3
2	20000001	0.886403	1.00418	3
2	30000001	0.925164	1.00418	3
2	40000001	1.00418	1.00418	3
2	50000001	1.18568	1.05791	3
2	60000001	1.17393	1.05791	3
2	70000001	1.21826	1.05791	3
2	80000001	1.19965	1.05791	3
2	90000001	1.01061	1.05791	3
2	100000001	0.911731	1.05791	3
2	110000001	0.966336	1.05791	3
2	120000001	1.10522	1.05791	3
2	130000001	0.917555	1.05791	3
2	140000001	0.959414	1.05791	3
2	150000001	1.31841	1.31841	4
2	160000001	1.49005	1.31841	4
2	170000001	1.05611	1.31841	4
2	180000001	1.05878	1.31841	4
2	190000001	1.39705	1.31841	4
2	200000001	0.970762	1.16972	4
2	210000001	0.911956	1.16972	4
2	220000001	1.32968	1.16972	4
2	230000001	1.16972	1.16972	4
2	240000001	1.20334	1.16972	4
20	1	1.16718	1.0328	3
20	10000001	1.0328	1.0328	3
20	20000001	1.04901	1.0328	3
20	30000001	1.00641	1.0328	3
20	40000001	0.99562	1.0328	3
20	50000001	0.92531	1.0328	3
20	60000001	1.06732	1.0328	3
21	1	1.51998	1.13161	3
21	10000001	1.42891	1.13161	3
21	20000001	1.07167	1.13161	3
21	30000001	1.07007	1.13161	3
21	40000001	1.13161	1.13161	3
22	1	-1	0.936285	3
22	10000001	1.32399	0.936285	3
22	20000001	0.852141	0.936285	3
22	30000001	0.936285	0.936285	3
22	40000001	0.884508	0.936285	3
22	50000001	1.14323	0.936285	3
3	1	1.10728	0.953585	3
3	10000001	0.961739	0.953585	3
3	20000001	0.99491	0.953585	3
3	30000001	1.05538	0.953585	3
3	40000001	0.931846	0.953585	3
3	50000001	0.945431	0.953585	3
3	60000001	0.928756	0.953585	3
3	70000001	0.942984	0.953585	3
3	80000001	1.07427	1.00187	3
3	90000001	1.07673	1.00187	3
3	100000001	0.998857	1.00187	3
3	110000001	1.00187	1.00187	3
3	120000001	0.864186	1.00187	3
3	130000001	1.11133	1.09455	3
3	140000001	1.2374	1.09455	3
3	150000001	1.03348	1.09455	3
3	160000001	1.09455	1.09455	3
3	170000001	1.00193	1.09455	3
3	180000001	1.21772	1.09455	3
3	190000001	1.07339	1.09455	3
4	1	1.01762	1.20104	4
4	10000001	1.20104	1.20104	4
4	20000001	0.975267	1.20104	4
4	30000001	1.71254	1.20104	4
4	40000001	1.62725	1.20104	4
4	50000001	1.12276	1.20104	4
4	60000001	1.02002	1.20104	4
4	70000001	1.39565	1.20104	4
4	80000001	1.22164	1.20104	4
4	90000001	1.0571	1.03056	3
4	100000001	1.19199	1.03056	3
4	110000001	1.01707	1.03056	3
4	120000001	0.993821	1.03056	3
4	130000001	0.98296	1.03056	3
4	140000001	1.13792	1.03056	3
4	150000001	0.96439	1.03056	3
4	160000001	1.00377	1.03056	3
4	170000001	1.14963	1.03056	3
4	180000001	1.04404	1.03056	3
4	190000001	2.03027	2.03027	6
5	1	1.31348	1.19904	4
5	10000001	0.964985	1.19904	4
5	20000001	1.28822	1.19904	4
5	30000001	1.17359	1.19904	4
5	40000001	1.22448	1.19904	4
5	50000001	1.10259	1.19904	4
5	60000001	1.04861	1.00017	3
5	70000001	0.936677	1.00017	3
5	80000001	0.972266	1.00017	3
5	90000001	1.05035	1.00017	3
5	100000001	1.00953	1.00017	3
5	110000001	0.975971	1.00017	3
5	120000001	0.959642	1.00017	3
5	130000001	0.894682	1.00017	3
5	140000001	1.28185	1.00017	3
5	150000001	0.935404	1.00017	3
5	160000001	1.00017	1.00017	3
5	170000001	1.01424	1.00017	3
5	180000001	1.08426	1.00017	3
6	1	1.00093	0.97939	3
6	10000001	0.957851	0.97939	3
6	20000001	1.01998	0.97939	3
6	30000001	0.856614	0.97939	3
6	40000001	1.04188	1.01324	3
6	50000001	1.0615	1.01324	3
6	60000001	1.02169	1.01324	3
6	70000001	1.00105	1.01324	3
6	80000001	0.985786	1.01324	3
6	90000001	0.996014	1.01324	3
6	100000001	0.983304	1.01324	3
6	110000001	1.03441	1.01324	3
6	120000001	1.06175	1.01324	3
6	130000001	1.02095	1.01324	3
6	140000001	0.86391	1.01324	3
6	150000001	1.00552	1.01324	3
6	160000001	1.24813	1.01324	3
6	170000001	0.893245	1.01324	3
7	1	1.00082	1.01777	3
7	10000001	1.03205	1.01777	3
7	20000001	0.97442	1.01777	3
7	30000001	1.06411	1.01777	3
7	40000001	0.991519	1.01777	3
7	50000001	1.1292	1.01777	3
7	60000001	1.04266	1.01777	3
7	70000001	1.09553	1.01777	3
7	80000001	1.01671	1.01777	3
7	90000001	1.00653	1.01777	3
7	100000001	1.03364	1.01777	3
7	110000001	1.09945	1.01777	3
7	120000001	0.955907	1.01777	3
7	130000001	0.974136	1.01777	3
7	140000001	1.01777	1.01777	3
7	150000001	1.21787	1.21787	4
8	1	1.00093	1.03659	3
8	10000001	1.01787	1.03659	3
8	20000001	0.944891	1.03659	3
8	30000001	1.05069	1.03659	3
8	40000001	0.951518	1.03659	3
8	50000001	1.06014	1.03659	3
8	60000001	1.02894	1.03659	3
8	70000001	1.0438	1.03659	3
8	80000001	1.07771	1.03659	3
8	90000001	1.07251	1.03659	3
8	100000001	1.05111	1.03659	3
8	110000001	1.03659	1.03659	3
8	120000001	0.981277	1.03659	3
8	130000001	1.39997	1.1872	4
8	140000001	0.974424	1.1872	4
9	1	1.01015	1.00991	3
9	10000001	0.962993	1.00991	3
9	20000001	1.03399	1.00991	3
9	30000001	0.97447	1.00991	3
9	40000001	1.19154	1.00991	3
9	50000001	-1	1.00991	3
9	60000001	1.1085	1.00991	3
9	70000001	0.991419	1.00991	3
9	80000001	0.887558	1.00991	3
9	90000001	0.939424	1.00991	3
9	100000001	1.07862	1.00991	3
9	110000001	1.03885	1.00991	3
9	120000001	0.960853	1.00991	3
9	130000001	1.00991	1.00991	3
X	1	0.830716	0.722787	2
X	10000001	0.614858	0.722787	2
X	20000001	0.552784	0.554067	2
X	30000001	0.484182	0.554067	2
X	40000001	0.565613	0.554067	2
X	50000001	0.464455	0.554067	2
X	60000001	0.540036	0.554067	2
X	70000001	0.609382	0.554067	2
X	80000001	0.585621	0.554067	2
X	90000001	0.56914	0.554067	2
X	100000001	0.45574	0.554067	2
X	110000001	0.55535	0.554067	2
X	120000001	0.575629	0.554067	2
X	130000001	0.508858	0.554067	2
X	140000001	0.528347	0.554067	2
X	150000001	0.589008	0.554067	2
Y	1	0.554346	0.771496	2
Y	10000001	0.98625	0.771496	2
Y	20000001	0.640806	0.771496	2
Y	30000001	-1	0.771496	2
Y	40000001	-1	0.771496	2
Y	50000001	0.902187	0.771496	2
