Chromosome	Start	Ratio	MedianRatio	CopyNumber
1	1	0.937869	0.973841	2
1	1000001	1.54096	0.973841	2
1	2000001	1.04216	0.973841	2
1	3000001	0.982754	0.973841	2
1	4000001	1.36922	0.973841	2
1	5000001	0.856888	0.973841	2
1	6000001	0.986803	0.973841	2
1	7000001	1.32339	0.973841	2
1	8000001	0.919102	0.973841	2
1	9000001	0.878698	0.973841	2
1	10000001	1.03118	0.973841	2
1	11000001	1.07163	0.973841	2
1	12000001	0.953909	0.973841	2
1	13000001	1.01002	0.973841	2
1	14000001	1.07612	0.973841	2
1	15000001	1.02553	0.973841	2
1	16000001	1.0956	0.973841	2
1	17000001	1.10939	0.973841	2
1	18000001	1.15407	0.973841	2
1	19000001	0.92521	0.973841	2
1	20000001	0.893324	0.973841	2
1	21000001	0.907429	0.973841	2
1	22000001	0.876835	0.973841	2
1	23000001	0.818982	0.973841	2
1	24000001	0.776513	0.973841	2
1	25000001	0.814416	0.973841	2
1	26000001	0.617274	0.973841	2
1	27000001	0.977406	0.973841	2
1	28000001	1.1775	0.973841	2
1	29000001	0.976725	0.973841	2
1	30000001	0.868879	0.973841	2
1	31000001	1.04372	0.973841	2
1	32000001	1.10008	0.973841	2
1	33000001	1.01386	0.973841	2
1	34000001	1.11289	0.973841	2
1	35000001	0.886422	0.973841	2
1	36000001	0.882115	0.973841	2
1	37000001	0.791518	0.973841	2
1	38000001	1.00378	0.973841	2
1	39000001	0.812004	0.973841	2
1	40000001	0.876784	0.973841	2
1	41000001	0.993799	0.973841	2
1	42000001	1.07285	0.973841	2
1	43000001	0.842882	0.973841	2
1	44000001	1.25557	0.973841	2
1	45000001	1.02434	0.973841	2
1	46000001	0.970956	0.973841	2
1	47000001	0.869462	0.973841	2
1	48000001	0.953488	0.973841	2
1	49000001	1.17785	0.973841	2
1	50000001	1.0482	0.973841	2
1	51000001	1.18715	0.973841	2
1	52000001	0.927103	0.973841	2
1	53000001	0.789744	0.973841	2
1	54000001	1.02761	0.973841	2
1	55000001	0.772637	0.973841	2
1	56000001	0.916467	0.973841	2
1	57000001	1.13725	0.973841	2
1	58000001	1.07079	0.973841	2
1	59000001	0.957792	0.973841	2
1	60000001	1.04724	0.973841	2
1	61000001	0.914229	0.973841	2
1	62000001	0.751928	0.973841	2
1	63000001	0.875668	0.973841	2
1	64000001	1.21662	0.973841	2
1	65000001	0.815772	0.973841	2
1	66000001	0.909756	0.973841	2
1	67000001	0.699071	0.973841	2
1	68000001	0.903274	0.973841	2
1	69000001	1.12927	0.973841	2
1	70000001	0.716071	0.973841	2
1	71000001	1.18003	0.973841	2
1	72000001	1.05472	0.973841	2
1	73000001	1.06669	0.973841	2
1	74000001	0.96379	0.973841	2
1	75000001	1.12128	0.973841	2
1	76000001	0.748879	0.973841	2
1	77000001	0.954497	0.973841	2
1	78000001	1.1736	1.05124	2
1	79000001	1.00231	1.05124	2
1	80000001	1.23073	1.05124	2
1	81000001	0.922547	1.05124	2
1	82000001	0.97025	1.05124	2
1	83000001	1.14722	1.05124	2
1	84000001	1.27182	1.05124	2
1	85000001	1.06222	1.05124	2
1	86000001	1.02869	1.05124	2
1	87000001	1.05124	1.05124	2
1	88000001	0.935184	1.05124	2
1	89000001	1.09142	1.05124	2
1	90000001	1.01692	1.05124	2
1	91000001	1.41218	1.05124	2
1	92000001	0.787154	1.05124	2
1	93000001	1.07911	1.05124	2
1	94000001	0.933328	1.05124	2
1	95000001	1.23651	1.05124	2
1	96000001	0.668234	1.05124	2
1	97000001	1.31155	1.05124	2
1	98000001	1.00193	1.05124	2
1	99000001	1.20388	1.05124	2
1	100000001	1.07335	1.05124	2
1	101000001	0.800803	1.05124	2
1	102000001	1.14927	1.05124	2
1	103000001	1.22673	1.05124	2
1	104000001	1.0743	1.05124	2
1	105000001	1.04844	1.05124	2
1	106000001	1.09714	1.05124	2
1	107000001	0.917514	1.05124	2
1	108000001	1.03776	1.05124	2
1	109000001	0.889801	1.05124	2
1	110000001	1.03873	1.05124	2
1	111000001	0.869187	1.05124	2
1	112000001	1.07858	1.05124	2
1	113000001	1.35028	1.05124	2
1	114000001	1.00126	1.05124	2
1	115000001	0.97871	1.05124	2
1	116000001	0.974284	1.05124	2
1	117000001	1.20573	1.05124	2
1	118000001	1.14077	1.05124	2
1	119000001	1.1257	1.05124	2
1	120000001	1.01938	1.05124	2
1	121000001	1.19137	1.05124	2
1	122000001	1.03213	1.05124	2
1	123000001	0.976106	1.05124	2
1	124000001	1.09676	1.05124	2
1	125000001	2.59209	-1	2
1	126000001	-1	-1	2
1	127000001	-1	-1	2
1	128000001	-1	-1	2
1	129000001	-1	-1	2
1	130000001	-1	-1	2
1	131000001	-1	-1	2
1	132000001	-1	-1	2
1	133000001	-1	-1	2
1	134000001	-1	-1	2
1	135000001	-1	-1	2
1	136000001	-1	-1	2
1	137000001	-1	-1	2
1	138000001	-1	-1	2
1	139000001	-1	-1	2
1	140000001	-1	-1	2
1	141000001	-1	-1	2
1	142000001	-1	-1	2
1	143000001	2.25063	-1	2
1	144000001	1.40138	1.05038	2
1	145000001	0.928092	1.05038	2
1	146000001	1.13861	1.05038	2
1	147000001	1.15191	1.05038	2
1	148000001	1.17969	1.05038	2
1	149000001	1.02566	1.05038	2
1	150000001	0.894839	1.05038	2
1	151000001	0.94809	1.05038	2
1	152000001	0.971375	1.05038	2
1	153000001	1.27255	1.05038	2
1	154000001	0.888791	1.05038	2
1	155000001	0.941415	1.05038	2
1	156000001	1.12133	1.05038	2
1	157000001	1.0122	1.05038	2
1	158000001	1.32026	1.05038	2
1	159000001	1.10509	1.05038	2
1	160000001	0.949357	1.05038	2
1	161000001	0.976602	1.05038	2
1	162000001	1.05335	1.05038	2
1	163000001	0.999094	1.05038	2
1	164000001	0.981585	1.05038	2
1	165000001	1.24642	1.05038	2
1	166000001	1.05038	1.05038	2
1	167000001	1.07457	1.05038	2
1	168000001	1.15721	1.05038	2
1	169000001	1.09063	1.05038	2
1	170000001	1.15833	1.05038	2
1	171000001	0.797606	1.05038	2
1	172000001	1.01917	1.05038	2
1	173000001	1.01117	1.05038	2
1	174000001	0.86952	1.05038	2
1	175000001	0.854701	1.05038	2
1	176000001	1.0044	1.05038	2
1	177000001	1.15505	1.05038	2
1	178000001	0.810698	1.05038	2
1	179000001	1.03039	1.05038	2
1	180000001	0.910988	1.05038	2
1	181000001	0.909624	1.05038	2
1	182000001	0.926951	1.05038	2
1	183000001	1.1993	1.05038	2
1	184000001	0.961415	1.05038	2
1	185000001	0.927873	1.05038	2
1	186000001	1.2456	1.05038	2
1	187000001	0.944991	1.05038	2
1	188000001	1.27175	1.05038	2
1	189000001	1.2354	1.05038	2
1	190000001	1.33574	1.05038	2
1	191000001	1.05387	1.05038	2
1	192000001	0.918322	1.05038	2
1	193000001	1.00237	1.05038	2
1	194000001	1.04731	1.05038	2
1	195000001	1.14963	1.05038	2
1	196000001	0.742642	1.05038	2
1	197000001	1.10437	1.05038	2
1	198000001	0.637144	1.05038	2
1	199000001	1.06285	1.05038	2
1	200000001	0.869213	1.05038	2
1	201000001	1.05496	1.05038	2
1	202000001	1.37526	1.05038	2
1	203000001	1.17452	1.05038	2
1	204000001	1.06268	1.05038	2
1	205000001	0.951898	1.05038	2
1	206000001	1.06509	1.05038	2
1	207000001	1.01027	1.05038	2
1	208000001	1.51595	1.05038	2
1	209000001	0.890146	1.05038	2
1	210000001	1.23923	1.05038	2
1	211000001	1.05157	1.05038	2
1	212000001	1.08494	1.05038	2
1	213000001	1.09013	1.05038	2
1	214000001	0.934859	1.05038	2
1	215000001	1.00943	1.05038	2
1	216000001	1.2059	1.05038	2
1	217000001	1.07218	1.05038	2
1	218000001	1.24574	1.05038	2
1	219000001	1.32789	1.05038	2
1	220000001	1.39243	1.05038	2
1	221000001	1.14883	1.05038	2
1	222000001	1.00211	1.05038	2
1	223000001	0.701258	1.05038	2
1	224000001	1.06169	1.05038	2
1	225000001	1.00264	1.05038	2
1	226000001	0.940144	1.05038	2
1	227000001	0.900593	1.05038	2
1	228000001	0.781229	1.05038	2
1	229000001	0.879312	1.05038	2
1	230000001	0.83093	1.05038	2
1	231000001	0.970425	1.05038	2
1	232000001	1.0582	1.05038	2
1	233000001	0.51633	1.05038	2
1	234000001	0.885176	1.05038	2
1	235000001	0.804621	1.05038	2
1	236000001	1.07898	1.05038	2
1	237000001	1.1241	1.05038	2
1	238000001	0.915477	1.05038	2
1	239000001	1.05256	1.05038	2
1	240000001	0.94024	1.05038	2
1	241000001	1.25028	1.05038	2
1	242000001	1.18449	1.05038	2
1	243000001	1.16924	1.05038	2
1	244000001	1.0609	1.05038	2
1	245000001	1.0696	1.05038	2
1	246000001	1.11186	1.05038	2
1	247000001	1.40273	1.05038	2
1	248000001	0.947748	1.05038	2
10	1	0.794389	0.999747	2
10	1000001	1.1875	0.999747	2
10	2000001	1.01458	0.999747	2
10	3000001	0.87595	0.999747	2
10	4000001	1.16861	0.999747	2
10	5000001	0.895977	0.999747	2
10	6000001	1.16134	0.999747	2
10	7000001	0.956695	0.999747	2
10	8000001	1.07041	0.999747	2
10	9000001	1.1304	0.999747	2
10	10000001	0.859041	0.999747	2
10	11000001	0.944869	0.999747	2
10	12000001	0.837088	0.999747	2
10	13000001	1.01586	0.999747	2
10	14000001	1.06882	0.999747	2
10	15000001	0.976625	0.999747	2
10	16000001	0.896286	0.999747	2
10	17000001	0.917449	0.999747	2
10	18000001	0.881755	0.999747	2
10	19000001	1.3351	0.999747	2
10	20000001	1.07348	0.999747	2
10	21000001	1.03895	0.999747	2
10	22000001	1.08868	0.999747	2
10	23000001	0.896006	0.999747	2
10	24000001	1.0535	0.999747	2
10	25000001	1.00575	0.999747	2
10	26000001	0.823456	0.999747	2
10	27000001	1.13938	0.999747	2
10	28000001	1.07931	0.999747	2
10	29000001	0.957659	0.999747	2
10	30000001	0.947382	0.999747	2
10	31000001	0.99374	0.999747	2
10	32000001	1.0834	0.999747	2
10	33000001	1.03538	0.999747	2
10	34000001	0.991775	0.999747	2
10	35000001	0.83388	0.999747	2
10	36000001	1.05687	0.999747	2
10	37000001	0.797275	0.999747	2
10	38000001	1.10747	1.04334	2
10	39000001	1.31952	1.04334	2
10	40000001	1.03059	1.04334	2
10	41000001	0.887985	1.04334	2
10	42000001	1.44418	1.04334	2
10	43000001	0.965054	1.04334	2
10	44000001	1.05544	1.04334	2
10	45000001	1.11894	1.04334	2
10	46000001	1.03502	1.04334	2
10	47000001	0.876866	1.04334	2
10	48000001	1.06304	1.04334	2
10	49000001	0.821224	1.04334	2
10	50000001	0.829665	1.04334	2
10	51000001	1.23835	1.04334	2
10	52000001	1.06332	1.04334	2
10	53000001	1.06655	1.04334	2
10	54000001	1.11006	1.04334	2
10	55000001	0.907012	1.04334	2
10	56000001	1.27427	1.04334	2
10	57000001	1.53525	1.04334	2
10	58000001	1.31173	1.04334	2
10	59000001	0.939815	1.04334	2
10	60000001	1.24864	1.04334	2
10	61000001	0.990715	1.04334	2
10	62000001	1.09971	1.04334	2
10	63000001	1.16233	1.04334	2
10	64000001	1.04373	1.04334	2
10	65000001	1.50672	1.04334	2
10	66000001	1.10188	1.04334	2
10	67000001	0.939939	1.04334	2
10	68000001	0.809951	1.04334	2
10	69000001	0.734865	1.04334	2
10	70000001	0.860198	1.04334	2
10	71000001	0.927054	1.04334	2
10	72000001	0.85257	1.04334	2
10	73000001	0.830693	1.04334	2
10	74000001	1.06952	1.04334	2
10	75000001	0.971445	1.04334	2
10	76000001	0.967259	1.04334	2
10	77000001	1.06557	1.04334	2
10	78000001	1.03907	1.04334	2
10	79000001	0.894697	1.04334	2
10	80000001	0.839126	1.04334	2
10	81000001	1.28575	1.04334	2
10	82000001	1.12546	1.04334	2
10	83000001	1.14569	1.04334	2
10	84000001	1.05269	1.04334	2
10	85000001	0.94421	1.04334	2
10	86000001	1.30059	1.04334	2
10	87000001	0.876061	1.04334	2
10	88000001	1.03248	1.04334	2
10	89000001	1.24442	1.04334	2
10	90000001	1.30067	1.04334	2
10	91000001	1.0287	1.04334	2
10	92000001	0.905459	1.04334	2
10	93000001	0.963542	1.04334	2
10	94000001	0.938061	1.04334	2
10	95000001	1.08738	1.04334	2
10	96000001	0.863232	1.04334	2
10	97000001	1.00543	1.04334	2
10	98000001	0.96768	1.04334	2
10	99000001	0.863665	1.04334	2
10	100000001	1.07103	1.04334	2
10	101000001	1.31319	1.04334	2
10	102000001	1.0557	1.04334	2
10	103000001	1.04296	1.04334	2
10	104000001	1.14725	1.04334	2
10	105000001	1.13795	1.04334	2
10	106000001	1.03754	1.04334	2
10	107000001	1.3863	1.04334	2
10	108000001	0.95537	1.04334	2
10	109000001	1.07946	1.04334	2
10	110000001	1.08306	1.04334	2
10	111000001	0.913077	1.04334	2
10	112000001	1.18588	1.04334	2
10	113000001	1.04663	1.04334	2
10	114000001	0.898876	1.04334	2
10	115000001	0.881804	1.04334	2
10	116000001	0.968241	1.04334	2
10	117000001	0.985503	1.04334	2
10	118000001	0.926626	1.04334	2
10	119000001	1.12043	1.04334	2
10	120000001	1.16389	1.04334	2
10	121000001	0.925864	1.04334	2
10	122000001	1.27354	1.04334	2
10	123000001	1.11585	1.04334	2
10	124000001	0.861824	1.04334	2
10	125000001	1.09573	1.04334	2
10	126000001	3.01164	3.01164	6
10	127000001	1.11516	1.02446	2
10	128000001	0.737049	1.02446	2
10	129000001	1.0711	1.02446	2
10	130000001	1.00856	1.02446	2
10	131000001	1.02446	1.02446	2
10	132000001	0.912051	1.02446	2
10	133000001	1.59094	1.02446	2
11	1	1.19679	1.04863	2
11	1000001	0.957579	1.04863	2
11	2000001	0.904473	1.04863	2
11	3000001	0.883492	1.04863	2
11	4000001	0.802215	1.04863	2
11	5000001	1.05101	1.04863	2
11	6000001	1.04863	1.04863	2
11	7000001	1.06722	1.04863	2
11	8000001	0.988375	1.04863	2
11	9000001	1.22994	1.04863	2
11	10000001	1.0998	1.04863	2
11	11000001	1.90618	1.90618	4
11	12000001	0.922547	0.968254	2
11	13000001	0.80488	0.968254	2
11	14000001	0.922356	0.968254	2
11	15000001	1.26919	0.968254	2
11	16000001	0.897108	0.968254	2
11	17000001	1.09312	0.968254	2
11	18000001	1.02786	0.968254	2
11	19000001	0.968254	0.968254	2
11	20000001	1.00776	0.968254	2
11	21000001	1.43332	1.46639	3
11	22000001	1.49946	1.46639	3
11	23000001	0.876642	0.975372	2
11	24000001	0.955328	0.975372	2
11	25000001	0.994934	0.975372	2
11	26000001	0.928701	0.975372	2
11	27000001	1.00593	0.975372	2
11	28000001	1.01272	0.975372	2
11	29000001	1.34428	0.975372	2
11	30000001	0.972651	0.975372	2
11	31000001	1.03411	0.975372	2
11	32000001	0.908228	0.975372	2
11	33000001	1.00272	0.975372	2
11	34000001	0.871038	0.975372	2
11	35000001	0.978094	0.975372	2
11	36000001	0.926028	0.975372	2
11	37000001	1.31829	1.24252	2
11	38000001	1.20061	1.24252	2
11	39000001	1.24252	1.24252	2
11	40000001	1.14312	1.24252	2
11	41000001	1.17321	1.24252	2
11	42000001	1.5328	1.24252	2
11	43000001	1.25743	1.24252	2
11	44000001	1.11765	1.24252	2
11	45000001	1.32449	1.24252	2
11	46000001	0.999853	0.957652	2
11	47000001	0.790105	0.957652	2
11	48000001	0.902876	0.957652	2
11	49000001	0.917539	0.957652	2
11	50000001	1.33055	0.957652	2
11	51000001	0.888903	0.957652	2
11	52000001	0.830099	0.957652	2
11	53000001	0.925233	0.957652	2
11	54000001	1.13739	0.957652	2
11	55000001	1.11916	0.957652	2
11	56000001	1.22239	0.957652	2
11	57000001	0.957652	0.957652	2
11	58000001	1.13642	0.957652	2
11	59000001	1.15232	0.957652	2
11	60000001	0.909421	0.957652	2
11	61000001	0.935394	0.957652	2
11	62000001	1.16165	0.957652	2
11	63000001	1.07324	0.957652	2
11	64000001	1.17128	0.957652	2
11	65000001	0.889603	0.957652	2
11	66000001	0.937369	0.957652	2
11	67000001	1.02724	0.957652	2
11	68000001	0.898405	0.957652	2
11	69000001	1.77837	1.77837	4
11	70000001	0.931255	0.947757	2
11	71000001	1.07292	0.947757	2
11	72000001	1.05994	0.947757	2
11	73000001	0.989715	0.947757	2
11	74000001	0.768131	0.947757	2
11	75000001	0.947757	0.947757	2
11	76000001	0.981963	0.947757	2
11	77000001	0.851228	0.947757	2
11	78000001	0.822189	0.947757	2
11	79000001	1.13931	1.02252	2
11	80000001	1.36994	1.02252	2
11	81000001	1.22428	1.02252	2
11	82000001	0.985657	1.02252	2
11	83000001	1.02623	1.02252	2
11	84000001	1.33254	1.02252	2
11	85000001	1.02252	1.02252	2
11	86000001	0.795432	1.02252	2
11	87000001	1.04839	1.02252	2
11	88000001	0.957594	1.02252	2
11	89000001	0.85991	1.02252	2
11	90000001	0.848477	1.02252	2
11	91000001	1.16781	1.02252	2
11	92000001	1.11024	1.02252	2
11	93000001	1.19358	1.02252	2
11	94000001	0.99939	1.02252	2
11	95000001	0.912878	1.02252	2
11	96000001	1.4251	1.02252	2
11	97000001	1.07713	1.02252	2
11	98000001	1.24289	1.02252	2
11	99000001	1.13781	1.02252	2
11	100000001	1.1011	1.02252	2
11	101000001	0.979244	1.02252	2
11	102000001	1.10123	1.02252	2
11	103000001	1.02242	1.02252	2
11	104000001	1.35849	1.02252	2
11	105000001	0.92409	1.02252	2
11	106000001	1.00343	1.02252	2
11	107000001	0.945058	1.02252	2
11	108000001	1.01459	1.02252	2
11	109000001	0.950509	1.02252	2
11	110000001	1.01777	1.02252	2
11	111000001	0.949572	1.02252	2
11	112000001	1.10082	1.02252	2
11	113000001	1.09148	1.02252	2
11	114000001	0.932068	1.02252	2
11	115000001	1.05278	1.02252	2
11	116000001	0.930813	1.02252	2
11	117000001	0.88764	1.02252	2
11	118000001	1.04358	1.02252	2
11	119000001	0.934989	1.02252	2
11	120000001	1.33431	1.02252	2
11	121000001	1.03197	1.02252	2
11	122000001	0.767061	1.02252	2
11	123000001	0.880796	1.02252	2
11	124000001	1.04172	1.02252	2
11	125000001	1.21057	1.02252	2
11	126000001	0.9822	1.02252	2
11	127000001	0.733616	1.02252	2
11	128000001	0.963235	1.02252	2
11	129000001	1.02936	1.02252	2
11	130000001	0.973659	1.02252	2
11	131000001	1.29277	1.02252	2
11	132000001	1.10562	1.02252	2
11	133000001	0.955609	1.02252	2
11	134000001	0.976859	1.02252	2
11	135000001	1.33135	1.02252	2
12	1	1.06911	1.0608	2
12	1000001	0.776661	1.0608	2
12	2000001	1.18908	1.0608	2
12	3000001	1.06566	1.0608	2
12	4000001	1.1083	1.0608	2
12	5000001	1.05595	1.0608	2
12	6000001	0.841227	1.0608	2
12	7000001	1.0956	1.0608	2
12	8000001	1.40526	1.0608	2
12	9000001	1.01451	1.0608	2
12	10000001	1.13114	1.0608	2
12	11000001	1.28186	1.0608	2
12	12000001	1.28272	1.0608	2
12	13000001	0.844285	1.0608	2
12	14000001	1.33282	1.0608	2
12	15000001	1.01357	1.0608	2
12	16000001	1.16123	1.0608	2
12	17000001	0.951917	1.0608	2
12	18000001	0.776781	1.0608	2
12	19000001	1.19891	1.0608	2
12	20000001	1.0192	1.0608	2
12	21000001	1.21202	1.0608	2
12	22000001	0.958068	1.0608	2
12	23000001	1.2465	1.0608	2
12	24000001	0.866398	1.0608	2
12	25000001	1.01746	1.0608	2
12	26000001	1.14544	1.0608	2
12	27000001	0.971266	1.0608	2
12	28000001	1.00395	1.0608	2
12	29000001	1.03589	1.0608	2
12	30000001	1.05311	1.0608	2
12	31000001	0.930283	1.0608	2
12	32000001	1.0995	1.0608	2
12	33000001	1.20019	1.0608	2
12	34000001	1.19731	1.0608	2
12	35000001	1.15798	1.0608	2
12	36000001	1.22161	1.0608	2
12	37000001	0.644264	1.0608	2
12	38000001	1.0397	1.0608	2
12	39000001	0.7817	1.0608	2
12	40000001	0.979202	1.0608	2
12	41000001	1.18528	1.0608	2
12	42000001	1.07396	1.0608	2
12	43000001	1.40324	1.0608	2
12	44000001	1.02139	1.0608	2
12	45000001	1.14267	1.0608	2
12	46000001	0.956811	1.0608	2
12	47000001	0.896188	1.0608	2
12	48000001	2.10257	2.10257	4
12	49000001	0.865649	0.938926	2
12	50000001	1.05103	0.938926	2
12	51000001	0.965778	0.938926	2
12	52000001	0.873571	0.938926	2
12	53000001	0.966406	0.938926	2
12	54000001	0.836623	0.938926	2
12	55000001	0.949429	0.938926	2
12	56000001	0.926773	0.938926	2
12	57000001	0.919878	0.938926	2
12	58000001	1.11669	0.938926	2
12	59000001	1.01728	0.938926	2
12	60000001	1.00924	0.938926	2
12	61000001	0.878424	0.938926	2
12	62000001	0.88907	0.938926	2
12	63000001	0.920326	0.938926	2
12	64000001	0.994391	0.938926	2
12	65000001	0.938926	0.938926	2
12	66000001	1.09808	1.09371	2
12	67000001	1.06917	1.09371	2
12	68000001	1.07035	1.09371	2
12	69000001	0.858055	1.09371	2
12	70000001	1.16993	1.09371	2
12	71000001	0.901912	1.09371	2
12	72000001	1.04469	1.09371	2
12	73000001	1.20876	1.09371	2
12	74000001	1.18998	1.09371	2
12	75000001	1.34528	1.09371	2
12	76000001	1.12948	1.09371	2
12	77000001	1.15341	1.09371	2
12	78000001	1.02521	1.09371	2
12	79000001	1.16774	1.09371	2
12	80000001	0.86696	1.09371	2
12	81000001	1.09371	1.09371	2
12	82000001	0.998169	1.09371	2
12	83000001	1.53412	1.4111	3
12	84000001	1.28808	1.4111	3
12	85000001	1.1338	0.985877	2
12	86000001	1.15515	0.985877	2
12	87000001	0.685518	0.985877	2
12	88000001	1.02478	0.985877	2
12	89000001	1.08148	0.985877	2
12	90000001	1.25525	0.985877	2
12	91000001	1.04466	0.985877	2
12	92000001	1.07864	0.985877	2
12	93000001	0.862226	0.985877	2
12	94000001	1.0988	0.985877	2
12	95000001	1.11504	0.985877	2
12	96000001	0.935381	0.985877	2
12	97000001	0.766977	0.985877	2
12	98000001	0.89167	0.985877	2
12	99000001	1.0294	0.985877	2
12	100000001	0.959202	0.985877	2
12	101000001	1.24973	0.985877	2
12	102000001	1.06522	0.985877	2
12	103000001	0.991633	0.985877	2
12	104000001	0.826188	0.985877	2
12	105000001	1.33253	0.985877	2
12	106000001	0.898828	0.985877	2
12	107000001	0.938691	0.985877	2
12	108000001	0.964602	0.985877	2
12	109000001	0.811009	0.985877	2
12	110000001	0.970483	0.985877	2
12	111000001	1.09259	0.985877	2
12	112000001	0.980121	0.985877	2
12	113000001	1.13297	0.985877	2
12	114000001	0.90907	0.985877	2
12	115000001	0.948371	0.985877	2
12	116000001	0.724221	0.985877	2
12	117000001	0.913972	0.985877	2
12	118000001	0.851058	0.985877	2
12	119000001	1.04946	0.985877	2
12	120000001	1.02968	0.985877	2
12	121000001	1.03575	0.985877	2
12	122000001	1.25805	0.985877	2
12	123000001	1.09785	0.985877	2
12	124000001	0.840345	0.985877	2
12	125000001	0.953336	0.985877	2
12	126000001	1.03485	0.985877	2
12	127000001	0.796663	0.985877	2
12	128000001	0.900101	0.985877	2
12	129000001	1.50613	1.14226	2
12	130000001	1.01609	1.14226	2
12	131000001	1.51038	1.14226	2
12	132000001	0.978092	1.14226	2
12	133000001	1.14226	1.14226	2
13	1	-1	-1	2
13	1000001	-1	-1	2
13	2000001	-1	-1	2
13	3000001	-1	-1	2
13	4000001	-1	-1	2
13	5000001	-1	-1	2
13	6000001	-1	-1	2
13	7000001	-1	-1	2
13	8000001	-1	-1	2
13	9000001	-1	-1	2
13	10000001	-1	-1	2
13	11000001	-1	-1	2
13	12000001	-1	-1	2
13	13000001	-1	-1	2
13	14000001	-1	-1	2
13	15000001	-1	-1	2
13	16000001	0.905783	0.842951	2
13	17000001	0.780119	0.842951	2
13	18000001	1.34686	1.14552	2
13	19000001	1.01844	1.14552	2
13	20000001	1.16259	1.14552	2
13	21000001	1.03427	1.14552	2
13	22000001	1.14552	1.14552	2
13	23000001	0.674449	0.844376	2
13	24000001	0.872998	0.844376	2
13	25000001	1.03962	0.844376	2
13	26000001	0.815755	0.844376	2
13	27000001	1.25974	0.957337	2
13	28000001	0.954537	0.957337	2
13	29000001	0.960138	0.957337	2
13	30000001	0.91801	0.957337	2
13	31000001	1.20597	1.10774	2
13	32000001	0.965584	1.10774	2
13	33000001	1.33249	1.10774	2
13	34000001	1.09294	1.10774	2
13	35000001	1.34735	1.10774	2
13	36000001	1.20582	1.10774	2
13	37000001	0.997846	1.10774	2
13	38000001	1.34299	1.10774	2
13	39000001	0.871403	1.10774	2
13	40000001	0.94454	1.10774	2
13	41000001	1.31477	1.10774	2
13	42000001	1.15428	1.10774	2
13	43000001	1.24561	1.10774	2
13	44000001	1.01741	1.10774	2
13	45000001	1.20134	1.10774	2
13	46000001	1.10614	1.10774	2
13	47000001	1.17553	1.10774	2
13	48000001	0.939474	1.10774	2
13	49000001	1.01305	1.10774	2
13	50000001	1.19411	1.10774	2
13	51000001	1.03063	1.10774	2
13	52000001	1.10933	1.10774	2
13	53000001	1.05899	1.10774	2
13	54000001	0.922917	1.10774	2
13	55000001	1.09314	1.10774	2
13	56000001	1.04587	1.10774	2
13	57000001	1.00816	1.10774	2
13	58000001	0.996816	1.10774	2
13	59000001	1.14249	1.10774	2
13	60000001	1.05431	1.10774	2
13	61000001	1.34436	1.10774	2
13	62000001	1.25422	1.10774	2
13	63000001	1.27248	1.10774	2
13	64000001	1.12058	1.10774	2
13	65000001	0.870989	1.10774	2
13	66000001	1.15529	1.10774	2
13	67000001	0.982895	1.10774	2
13	68000001	1.33364	1.10774	2
13	69000001	0.958413	1.10774	2
13	70000001	1.21094	1.10774	2
13	71000001	1.73926	1.73926	3
13	72000001	1.01202	1.04147	2
13	73000001	0.974588	1.04147	2
13	74000001	1.18603	1.04147	2
13	75000001	1.03548	1.04147	2
13	76000001	1.08406	1.04147	2
13	77000001	1.04042	1.04147	2
13	78000001	1.18553	1.04147	2
13	79000001	1.0783	1.04147	2
13	80000001	1.00074	1.04147	2
13	81000001	1.04251	1.04147	2
13	82000001	1.15672	1.15672	2
13	83000001	1.24022	1.15672	2
13	84000001	1.02421	1.15672	2
13	85000001	1.2287	1.15672	2
13	86000001	1.26557	1.15672	2
13	87000001	1.15175	1.15672	2
13	88000001	1.17814	1.15672	2
13	89000001	1.27759	1.15672	2
13	90000001	1.07717	1.15672	2
13	91000001	1.04512	1.15672	2
13	92000001	1.46595	1.15672	2
13	93000001	1.14569	1.15672	2
13	94000001	1.07916	1.15672	2
13	95000001	1.14962	1.15672	2
13	96000001	1.16471	1.15672	2
13	97000001	1.02544	1.02714	2
13	98000001	1.06648	1.02714	2
13	99000001	1.16199	1.02714	2
13	100000001	0.885531	1.02714	2
13	101000001	1.00857	1.02714	2
13	102000001	0.905371	1.02714	2
13	103000001	0.99602	1.02714	2
13	104000001	1.14308	1.02714	2
13	105000001	1.05141	1.02714	2
13	106000001	1.02625	1.02714	2
13	107000001	1.06087	1.02714	2
13	108000001	0.971206	1.02714	2
13	109000001	1.10034	1.02714	2
13	110000001	1.35914	1.02714	2
13	111000001	1.1247	1.02714	2
13	112000001	1.02803	1.02714	2
13	113000001	0.97442	1.02714	2
13	114000001	0.653939	1.02714	2
14	1	-1	-1	3
14	1000001	-1	-1	3
14	2000001	-1	-1	3
14	3000001	-1	-1	3
14	4000001	-1	-1	3
14	5000001	-1	-1	3
14	6000001	-1	-1	3
14	7000001	-1	-1	3
14	8000001	-1	-1	3
14	9000001	-1	-1	3
14	10000001	-1	-1	3
14	11000001	-1	-1	3
14	12000001	-1	-1	3
14	13000001	-1	-1	3
14	14000001	-1	-1	3
14	15000001	-1	-1	3
14	16000001	1.33624	1.33624	3
14	17000001	0.86374	1.03011	2
14	18000001	1.13597	1.03011	2
14	19000001	1.18419	1.03011	2
14	20000001	0.919192	1.03011	2
14	21000001	0.845707	1.03011	2
14	22000001	0.833772	1.03011	2
14	23000001	1.2108	1.03011	2
14	24000001	1.04493	1.03011	2
14	25000001	1.0185	1.03011	2
14	26000001	1.00091	1.03011	2
14	27000001	0.983129	1.03011	2
14	28000001	1.08571	1.03011	2
14	29000001	1.08918	1.03011	2
14	30000001	1.15695	1.03011	2
14	31000001	0.834921	1.03011	2
14	32000001	1.13457	1.03011	2
14	33000001	1.1221	1.03011	2
14	34000001	0.9665	1.03011	2
14	35000001	0.983322	1.03011	2
14	36000001	0.858772	1.03011	2
14	37000001	1.25933	1.03011	2
14	38000001	1.03011	1.03011	2
14	39000001	1.03937	1.03011	2
14	40000001	0.955267	1.03011	2
14	41000001	0.81045	1.03011	2
14	42000001	0.989539	1.03011	2
14	43000001	1.14826	1.03011	2
14	44000001	1.12521	1.03011	2
14	45000001	0.99424	1.03011	2
14	46000001	1.05494	1.03011	2
14	47000001	1.13554	1.03011	2
14	48000001	0.903643	1.03011	2
14	49000001	0.896714	1.03011	2
14	50000001	1.10958	1.03011	2
14	51000001	0.939143	1.03011	2
14	52000001	1.21528	1.03011	2
14	53000001	0.972264	1.03011	2
14	54000001	1.07108	1.03011	2
14	55000001	0.952956	1.03011	2
14	56000001	1.15902	1.03011	2
14	57000001	1.34409	1.03011	2
14	58000001	0.864664	1.03011	2
14	59000001	1.14974	1.03011	2
14	60000001	2.3648	2.3648	5
14	61000001	0.889491	0.998551	2
14	62000001	1.05232	0.998551	2
14	63000001	0.896439	0.998551	2
14	64000001	0.813225	0.998551	2
14	65000001	0.941634	0.998551	2
14	66000001	0.809566	0.998551	2
14	67000001	1.01647	0.998551	2
14	68000001	0.93527	0.998551	2
14	69000001	1.06729	0.998551	2
14	70000001	1.03317	0.998551	2
14	71000001	0.861575	0.998551	2
14	72000001	0.824339	0.998551	2
14	73000001	1.35253	0.998551	2
14	74000001	0.85695	0.998551	2
14	75000001	0.876121	0.998551	2
14	76000001	0.963186	0.998551	2
14	77000001	1.04292	0.998551	2
14	78000001	1.14096	0.998551	2
14	79000001	1.02143	0.998551	2
14	80000001	1.01632	0.998551	2
14	81000001	0.930444	0.998551	2
14	82000001	0.856511	0.998551	2
14	83000001	1.15672	0.998551	2
14	84000001	1.17563	0.998551	2
14	85000001	0.794546	0.998551	2
14	86000001	1.29735	0.998551	2
14	87000001	1.07351	0.998551	2
14	88000001	1.08351	0.998551	2
14	89000001	1.00314	0.998551	2
14	90000001	1.16753	0.998551	2
14	91000001	0.93159	0.998551	2
14	92000001	0.868694	0.998551	2
14	93000001	0.847714	0.998551	2
14	94000001	1.0955	0.998551	2
14	95000001	0.924752	0.998551	2
14	96000001	1.03704	0.998551	2
14	97000001	1.04888	0.998551	2
14	98000001	0.993963	0.998551	2
14	99000001	0.934846	0.998551	2
14	100000001	0.881887	0.998551	2
14	101000001	1.00565	0.998551	2
14	102000001	1.07311	0.998551	2
14	103000001	1.04549	0.998551	2
14	104000001	0.922628	0.998551	2
14	105000001	0.826334	0.998551	2
14	106000001	1.28725	0.998551	2
14	107000001	-1	-1	2
15	1	-1	-1	2
15	1000001	-1	-1	2
15	2000001	-1	-1	2
15	3000001	-1	-1	2
15	4000001	-1	-1	2
15	5000001	-1	-1	2
15	6000001	-1	-1	2
15	7000001	-1	-1	2
15	8000001	-1	-1	2
15	9000001	-1	-1	2
15	10000001	-1	-1	2
15	11000001	-1	-1	2
15	12000001	-1	-1	2
15	13000001	-1	-1	2
15	14000001	-1	-1	2
15	15000001	-1	-1	2
15	16000001	-1	-1	2
15	17000001	1.26867	1.20049	2
15	18000001	1.13232	1.20049	2
15	19000001	0.834268	0.980604	2
15	20000001	1.06357	0.980604	2
15	21000001	1.01466	0.980604	2
15	22000001	0.728712	0.980604	2
15	23000001	1.01563	0.980604	2
15	24000001	1.14109	0.980604	2
15	25000001	0.66857	0.980604	2
15	26000001	1.11011	0.980604	2
15	27000001	0.825257	0.980604	2
15	28000001	0.946552	0.980604	2
15	29000001	1.33376	1.33376	3
15	30000001	0.811248	0.974048	2
15	31000001	0.914259	0.974048	2
15	32000001	0.974048	0.974048	2
15	33000001	0.977946	0.974048	2
15	34000001	1.03648	0.974048	2
15	35000001	1.03	0.974048	2
15	36000001	0.687791	0.974048	2
15	37000001	1.32746	1.32746	3
15	38000001	0.859268	0.930009	2
15	39000001	0.937861	0.930009	2
15	40000001	0.96594	0.930009	2
15	41000001	0.930009	0.930009	2
15	42000001	0.874541	0.930009	2
15	43000001	1.18023	1.07956	2
15	44000001	1.082	1.07956	2
15	45000001	1.27501	1.07956	2
15	46000001	0.872187	1.07956	2
15	47000001	0.786858	1.07956	2
15	48000001	0.964682	1.07956	2
15	49000001	1.11074	1.07956	2
15	50000001	1.16927	1.07956	2
15	51000001	1.07322	1.07956	2
15	52000001	1.02001	1.07956	2
15	53000001	1.37459	1.07956	2
15	54000001	1.14499	1.07956	2
15	55000001	1.00989	1.07956	2
15	56000001	1.07712	1.07956	2
15	57000001	0.972638	1.00827	2
15	58000001	1.03264	1.00827	2
15	59000001	1.03256	1.00827	2
15	60000001	0.897196	1.00827	2
15	61000001	1.0284	1.00827	2
15	62000001	0.888785	1.00827	2
15	63000001	1.04459	1.00827	2
15	64000001	0.922547	1.00827	2
15	65000001	1.01364	1.00827	2
15	66000001	0.910318	1.00827	2
15	67000001	1.00291	1.00827	2
15	68000001	1.18338	1.00827	2
15	69000001	0.938013	1.00827	2
15	70000001	1.06541	1.00827	2
15	71000001	0.771637	0.949932	2
15	72000001	0.949932	0.949932	2
15	73000001	1.0022	0.949932	2
15	74000001	0.767397	0.949932	2
15	75000001	0.956628	0.949932	2
15	76000001	0.954758	0.949932	2
15	77000001	0.741899	0.949932	2
15	78000001	1.09493	1.09225	2
15	79000001	1.31505	1.09225	2
15	80000001	0.961368	1.09225	2
15	81000001	0.772072	1.09225	2
15	82000001	1.09819	1.09225	2
15	83000001	1.24827	1.09225	2
15	84000001	1.04335	1.09225	2
15	85000001	0.90203	1.09225	2
15	86000001	1.1321	1.09225	2
15	87000001	1.12643	1.09225	2
15	88000001	0.892	1.09225	2
15	89000001	1.36507	1.09225	2
15	90000001	1.06156	1.09225	2
15	91000001	1.08957	1.09225	2
15	92000001	0.842975	1.05931	2
15	93000001	1.09246	1.05931	2
15	94000001	0.919521	1.05931	2
15	95000001	1.24179	1.05931	2
15	96000001	0.930434	1.05931	2
15	97000001	1.08226	1.05931	2
15	98000001	1.05931	1.05931	2
15	99000001	0.475071	0.97644	2
15	100000001	0.97644	0.97644	2
15	101000001	1.16775	0.97644	2
16	1	0.734775	0.959103	2
16	1000001	0.967601	0.959103	2
16	2000001	0.870401	0.959103	2
16	3000001	0.950605	0.959103	2
16	4000001	0.868032	0.959103	2
16	5000001	0.780211	0.959103	2
16	6000001	1.22183	0.959103	2
16	7000001	0.704437	0.959103	2
16	8000001	0.932714	0.959103	2
16	9000001	0.754103	0.959103	2
16	10000001	1.49107	0.959103	2
16	11000001	1.10504	0.959103	2
16	12000001	0.942492	0.959103	2
16	13000001	1.22237	0.959103	2
16	14000001	0.751915	0.959103	2
16	15000001	0.793894	0.959103	2
16	16000001	1.23557	0.959103	2
16	17000001	1.10371	0.959103	2
16	18000001	0.807535	0.959103	2
16	19000001	1.01551	0.959103	2
16	20000001	1.15814	0.959103	2
16	21000001	1.08787	0.959103	2
16	22000001	1.03548	0.959103	2
16	23000001	1.6207	0.959103	2
16	24000001	0.971842	0.959103	2
16	25000001	1.01934	0.959103	2
16	26000001	1.128	0.959103	2
16	27000001	0.944497	0.959103	2
16	28000001	1.17649	0.959103	2
16	29000001	0.807607	0.959103	2
16	30000001	0.777615	0.959103	2
16	31000001	0.877121	0.959103	2
16	32000001	1.42765	1.17074	2
16	33000001	1.66474	1.17074	2
16	34000001	1.59977	1.17074	2
16	35000001	1.17074	1.17074	2
16	36000001	0.993816	1.17074	2
16	37000001	0.960737	1.17074	2
16	38000001	1.09429	1.17074	2
16	39000001	-1	-1	2
16	40000001	-1	-1	2
16	41000001	-1	-1	2
16	42000001	-1	-1	2
16	43000001	-1	-1	2
16	44000001	-1	-1	2
16	45000001	-1	-1	2
16	46000001	3.325	3.325	7
16	47000001	1.0454	1.03782	2
16	48000001	0.92921	1.03782	2
16	49000001	0.952852	1.03782	2
16	50000001	0.821925	1.03782	2
16	51000001	1.00904	1.03782	2
16	52000001	1.176	1.03782	2
16	53000001	1.05015	1.03782	2
16	54000001	0.957731	1.03782	2
16	55000001	0.92125	1.03782	2
16	56000001	0.795817	1.03782	2
16	57000001	1.41842	1.03782	2
16	58000001	0.852671	1.03782	2
16	59000001	1.23266	1.03782	2
16	60000001	1.08988	1.03782	2
16	61000001	0.921752	1.03782	2
16	62000001	1.1203	1.03782	2
16	63000001	1.10753	1.03782	2
16	64000001	0.806661	1.03782	2
16	65000001	0.889431	1.03782	2
16	66000001	1.13135	1.03782	2
16	67000001	1.00701	1.03782	2
16	68000001	1.07461	1.03782	2
16	69000001	1.01453	1.03782	2
16	70000001	1.07996	1.03782	2
16	71000001	1.18681	1.03782	2
16	72000001	0.992049	1.03782	2
16	73000001	0.921332	1.03782	2
16	74000001	1.30563	1.03782	2
16	75000001	0.893516	1.03782	2
16	76000001	1.0992	1.03782	2
16	77000001	1.11698	1.03782	2
16	78000001	0.92357	1.03782	2
16	79000001	1.07151	1.03782	2
16	80000001	0.837041	1.03782	2
16	81000001	1.04864	1.03782	2
16	82000001	1.01618	1.03782	2
16	83000001	0.799031	1.03782	2
16	84000001	1.32739	1.03782	2
16	85000001	1.12684	1.03782	2
16	86000001	1.29498	1.03782	2
16	87000001	1.03024	1.03782	2
16	88000001	1.38606	1.03782	2
16	89000001	1.00265	1.03782	2
16	90000001	1.10586	1.03782	2
17	1	1.36287	1.01914	2
17	1000001	0.837382	1.01914	2
17	2000001	0.972649	1.01914	2
17	3000001	1.12501	1.01914	2
17	4000001	1.1375	1.01914	2
17	5000001	1.15279	1.01914	2
17	6000001	0.693081	1.01914	2
17	7000001	1.11224	1.01914	2
17	8000001	1.06563	1.01914	2
17	9000001	0.966091	1.01914	2
17	10000001	0.849206	1.01914	2
17	11000001	1.08632	1.01914	2
17	12000001	1.27725	1.01914	2
17	13000001	0.893115	1.01914	2
17	14000001	1.10592	1.01914	2
17	15000001	1.15433	1.01914	2
17	16000001	0.686025	1.01914	2
17	17000001	0.954987	1.01914	2
17	18000001	0.905639	1.01914	2
17	19000001	0.85832	1.01914	2
17	20000001	1.16426	1.01914	2
17	21000001	0.837096	1.01914	2
17	22000001	0.887394	1.01914	2
17	23000001	0.902532	1.01914	2
17	24000001	1.09649	1.01914	2
17	25000001	1.08807	1.01914	2
17	26000001	1.97315	1.664	3
17	27000001	1.35485	1.664	3
17	28000001	1.05884	0.996173	2
17	29000001	0.889513	0.996173	2
17	30000001	0.801225	0.996173	2
17	31000001	1.02962	0.996173	2
17	32000001	1.01392	0.996173	2
17	33000001	1.25525	0.996173	2
17	34000001	1.00596	0.996173	2
17	35000001	0.973174	0.996173	2
17	36000001	0.777066	0.996173	2
17	37000001	1.15842	0.996173	2
17	38000001	0.863397	0.996173	2
17	39000001	1.02197	0.996173	2
17	40000001	1.16971	0.996173	2
17	41000001	1.01274	0.996173	2
17	42000001	1.21734	0.996173	2
17	43000001	0.730776	0.996173	2
17	44000001	0.986388	0.996173	2
17	45000001	1.08696	0.996173	2
17	46000001	1.18214	0.996173	2
17	47000001	1.18304	0.996173	2
17	48000001	0.971569	0.996173	2
17	49000001	0.931399	0.996173	2
17	50000001	1.14452	0.996173	2
17	51000001	1.27096	0.996173	2
17	52000001	1.14485	0.996173	2
17	53000001	1.47851	0.996173	2
17	54000001	1.30072	0.996173	2
17	55000001	0.943804	0.996173	2
17	56000001	1.13817	0.996173	2
17	57000001	0.957863	0.996173	2
17	58000001	0.946089	0.996173	2
17	59000001	0.823556	0.996173	2
17	60000001	1.65812	0.996173	2
17	61000001	0.766225	0.996173	2
17	62000001	1.75213	0.996173	2
17	63000001	0.889769	0.996173	2
17	64000001	1.06466	0.996173	2
17	65000001	1.2243	0.996173	2
17	66000001	0.903056	0.996173	2
17	67000001	0.846424	0.996173	2
17	68000001	0.7398	0.996173	2
17	69000001	0.937054	0.996173	2
17	70000001	0.833883	0.996173	2
17	71000001	1.37243	0.996173	2
17	72000001	0.821605	0.996173	2
17	73000001	0.772201	0.996173	2
17	74000001	0.929787	0.996173	2
17	75000001	0.805813	0.996173	2
17	76000001	1.17048	1.11614	2
17	77000001	1.86258	1.11614	2
17	78000001	0.858994	1.11614	2
17	79000001	0.885645	1.11614	2
17	80000001	1.11614	1.11614	2
17	81000001	3.22963	1.12355	2
17	82000001	1.01865	1.12355	2
17	83000001	1.12355	1.12355	2
18	1	2.20629	2.20629	4
18	1000001	0.961101	0.978297	2
18	2000001	0.558075	0.978297	2
18	3000001	0.891233	0.978297	2
18	4000001	1.2717	0.978297	2
18	5000001	0.999624	0.978297	2
18	6000001	1.00626	0.978297	2
18	7000001	1.04913	0.978297	2
18	8000001	0.970179	0.978297	2
18	9000001	0.978297	0.978297	2
18	10000001	1.0641	0.978297	2
18	11000001	0.980931	0.978297	2
18	12000001	0.915821	0.978297	2
18	13000001	1.00296	0.978297	2
18	14000001	1.00466	0.978297	2
18	15000001	1.15619	0.978297	2
18	16000001	0.742473	0.978297	2
18	17000001	0.859878	0.978297	2
18	18000001	0.774019	0.978297	2
18	19000001	0.874243	0.978297	2
18	20000001	1.45633	1.0451	2
18	21000001	1.10931	1.0451	2
18	22000001	1.01337	1.0451	2
18	23000001	0.969244	1.0451	2
18	24000001	1.06456	1.0451	2
18	25000001	0.91396	1.0451	2
18	26000001	1.01426	1.0451	2
18	27000001	0.850527	1.0451	2
18	28000001	1.28643	1.0451	2
18	29000001	1.77549	1.0451	2
18	30000001	0.844071	1.0451	2
18	31000001	1.0623	1.0451	2
18	32000001	0.973718	1.0451	2
18	33000001	1.35461	1.0451	2
18	34000001	1.22222	1.0451	2
18	35000001	1.02261	1.0451	2
18	36000001	0.841695	1.0451	2
18	37000001	0.914481	1.0451	2
18	38000001	0.927717	1.0451	2
18	39000001	1.35377	1.0451	2
18	40000001	1.05934	1.0451	2
18	41000001	0.907903	1.0451	2
18	42000001	1.03981	1.0451	2
18	43000001	1.0274	1.0451	2
18	44000001	1.33653	1.0451	2
18	45000001	1.01506	1.0451	2
18	46000001	1.26772	1.0451	2
18	47000001	1.10745	1.0451	2
18	48000001	1.0451	1.0451	2
18	49000001	0.92324	1.0451	2
18	50000001	1.09646	1.0451	2
18	51000001	1.1143	1.0451	2
18	52000001	1.07639	1.0451	2
18	53000001	0.968679	1.0451	2
18	54000001	0.995091	1.0451	2
18	55000001	0.755881	1.0451	2
18	56000001	1.18912	1.0451	2
18	57000001	1.06821	1.0451	2
18	58000001	0.884062	1.0451	2
18	59000001	1.11462	1.0451	2
18	60000001	1.30387	1.0451	2
18	61000001	2.36909	2.36909	5
18	62000001	1.33928	1.08609	2
18	63000001	1.25799	1.08609	2
18	64000001	1.15553	1.08609	2
18	65000001	1.03419	1.08609	2
18	66000001	1.37904	1.08609	2
18	67000001	1.12849	1.08609	2
18	68000001	1.08609	1.08609	2
18	69000001	0.808763	1.08609	2
18	70000001	1.00839	1.08609	2
18	71000001	1.06295	1.08609	2
18	72000001	0.738516	1.08609	2
18	73000001	1.461	1.08609	2
18	74000001	1.05859	1.08609	2
18	75000001	0.970817	1.08609	2
18	76000001	1.1155	1.08609	2
18	77000001	1.98724	1.377	3
18	78000001	1.0649	1.377	3
18	79000001	1.18009	1.377	3
18	80000001	1.57391	1.377	3
19	1	1.02792	0.830451	2
19	1000001	0.63298	0.830451	2
19	2000001	1.1204	0.994057	2
19	3000001	0.905699	0.994057	2
19	4000001	0.958141	0.994057	2
19	5000001	1.02997	0.994057	2
19	6000001	1.07602	1.14112	2
19	7000001	1.37253	1.14112	2
19	8000001	1.12706	1.14112	2
19	9000001	1.15517	1.14112	2
19	10000001	0.732182	0.891147	2
19	11000001	1.10192	0.891147	2
19	12000001	1.00652	0.891147	2
19	13000001	0.775778	0.891147	2
19	14000001	1.25148	1.03596	2
19	15000001	1.02175	1.03596	2
19	16000001	0.957112	1.03596	2
19	17000001	1.05016	1.03596	2
19	18000001	1.00651	1.03596	2
19	19000001	1.35123	1.03596	2
19	20000001	0.954041	1.03023	2
19	21000001	0.924785	1.03023	2
19	22000001	1.07413	1.03023	2
19	23000001	0.896846	1.03023	2
19	24000001	1.14378	1.03023	2
19	25000001	1.08566	1.03023	2
19	26000001	1.04882	1.03023	2
19	27000001	1.01165	1.03023	2
19	28000001	1.05458	1.03023	2
19	29000001	0.981003	1.03023	2
19	30000001	0.854921	1.03023	2
19	31000001	0.938334	1.03023	2
19	32000001	1.05906	1.03023	2
19	33000001	0.872152	1.03023	2
19	34000001	1.23793	1.03023	2
19	35000001	1.20153	1.03023	2
19	36000001	0.960071	0.967365	2
19	37000001	0.917617	0.967365	2
19	38000001	0.824648	0.967365	2
19	39000001	1.07323	0.967365	2
19	40000001	1.11885	0.967365	2
19	41000001	1.06213	0.967365	2
19	42000001	0.934882	0.967365	2
19	43000001	0.938048	0.967365	2
19	44000001	1.15355	0.967365	2
19	45000001	0.869373	0.967365	2
19	46000001	0.906801	0.967365	2
19	47000001	0.843127	0.967365	2
19	48000001	1.17253	0.967365	2
19	49000001	0.904541	0.967365	2
19	50000001	0.974658	0.967365	2
19	51000001	1.11829	0.967365	2
19	52000001	1.25298	0.967365	2
19	53000001	1.00448	0.967365	2
19	54000001	0.885468	0.945397	2
19	55000001	0.970289	0.945397	2
19	56000001	0.924575	0.945397	2
19	57000001	0.945397	0.945397	2
19	58000001	0.971967	0.945397	2
2	1	1.08939	0.996035	2
2	1000001	0.868228	0.996035	2
2	2000001	1.15168	0.996035	2
2	3000001	0.846971	0.996035	2
2	4000001	1.16098	0.996035	2
2	5000001	0.678187	0.996035	2
2	6000001	0.867552	0.996035	2
2	7000001	0.926549	0.996035	2
2	8000001	0.793303	0.996035	2
2	9000001	1.19008	0.996035	2
2	10000001	1.0582	0.996035	2
2	11000001	0.848237	0.996035	2
2	12000001	0.890177	0.996035	2
2	13000001	1.22084	0.996035	2
2	14000001	1.2175	0.996035	2
2	15000001	0.80292	0.996035	2
2	16000001	1.19745	0.996035	2
2	17000001	0.898162	0.996035	2
2	18000001	1.09187	0.996035	2
2	19000001	0.907517	0.996035	2
2	20000001	0.821535	0.996035	2
2	21000001	0.96295	0.996035	2
2	22000001	1.07273	0.996035	2
2	23000001	0.938757	0.996035	2
2	24000001	0.804137	0.996035	2
2	25000001	1.11355	0.996035	2
2	26000001	0.996035	0.996035	2
2	27000001	0.778314	0.996035	2
2	28000001	1.05116	0.996035	2
2	29000001	0.835385	0.996035	2
2	30000001	0.807948	0.996035	2
2	31000001	0.855794	0.996035	2
2	32000001	1.26839	0.996035	2
2	33000001	1.10553	0.996035	2
2	34000001	0.937654	0.996035	2
2	35000001	1.01983	0.996035	2
2	36000001	1.09448	0.996035	2
2	37000001	1.28008	0.996035	2
2	38000001	1.02028	0.996035	2
2	39000001	0.940027	0.996035	2
2	40000001	1.0035	0.996035	2
2	41000001	0.966024	0.996035	2
2	42000001	1.01124	0.996035	2
2	43000001	1.14775	0.996035	2
2	44000001	0.902023	0.996035	2
2	45000001	0.977623	0.996035	2
2	46000001	0.940013	0.996035	2
2	47000001	0.958989	0.996035	2
2	48000001	1.02722	0.996035	2
2	49000001	1.15243	0.996035	2
2	50000001	0.990334	0.996035	2
2	51000001	1.07742	0.996035	2
2	52000001	1.24157	0.996035	2
2	53000001	1.00269	0.996035	2
2	54000001	1.00926	0.996035	2
2	55000001	0.994367	0.996035	2
2	56000001	1.19589	0.996035	2
2	57000001	2.1726	2.1726	4
2	58000001	0.950193	1.04063	2
2	59000001	1.26026	1.04063	2
2	60000001	1.08035	1.04063	2
2	61000001	0.986286	1.04063	2
2	62000001	1.15697	1.04063	2
2	63000001	1.23732	1.04063	2
2	64000001	0.837233	1.04063	2
2	65000001	0.968093	1.04063	2
2	66000001	0.642023	1.04063	2
2	67000001	1.34034	1.04063	2
2	68000001	1.12617	1.04063	2
2	69000001	1.06895	1.04063	2
2	70000001	1.13528	1.04063	2
2	71000001	1.15813	1.04063	2
2	72000001	0.767661	1.04063	2
2	73000001	0.667268	1.04063	2
2	74000001	1.12434	1.04063	2
2	75000001	1.20237	1.04063	2
2	76000001	1.04063	1.04063	2
2	77000001	0.880197	1.04063	2
2	78000001	1.02196	1.04063	2
2	79000001	0.732212	1.04063	2
2	80000001	1.25693	1.04063	2
2	81000001	0.990834	1.04063	2
2	82000001	1.02155	1.04063	2
2	83000001	2.40066	2.40066	5
2	84000001	1.08699	1.0003	2
2	85000001	1.00977	1.0003	2
2	86000001	0.83378	1.0003	2
2	87000001	0.989398	1.0003	2
2	88000001	1.0623	1.0003	2
2	89000001	1.20964	1.0003	2
2	90000001	1.02377	1.0003	2
2	91000001	0.877119	1.0003	2
2	92000001	0.899788	1.0003	2
2	93000001	0.862452	1.0003	2
2	94000001	1.13866	1.0003	2
2	95000001	1.21539	1.0003	2
2	96000001	0.988443	1.0003	2
2	97000001	0.990834	1.0003	2
2	98000001	0.936289	1.0003	2
2	99000001	1.54598	1.0003	2
2	100000001	0.925174	1.0003	2
2	101000001	1.07177	1.0003	2
2	102000001	0.913063	1.0003	2
2	103000001	0.845071	1.0003	2
2	104000001	0.900639	1.0003	2
2	105000001	0.824339	1.0003	2
2	106000001	0.928375	1.0003	2
2	107000001	0.88639	1.0003	2
2	108000001	1.10403	1.0003	2
2	109000001	1.03511	1.0003	2
2	110000001	1.02511	1.0003	2
2	111000001	0.932591	1.0003	2
2	112000001	0.904003	1.0003	2
2	113000001	1.02749	1.0003	2
2	114000001	1.26468	1.0003	2
2	115000001	1.03599	1.0003	2
2	116000001	0.936162	1.0003	2
2	117000001	1.07461	1.0003	2
2	118000001	1.25203	1.0003	2
2	119000001	1.02617	1.0003	2
2	120000001	0.884282	1.0003	2
2	121000001	0.904777	1.0003	2
2	122000001	1.11916	1.0003	2
2	123000001	1.02131	1.0003	2
2	124000001	2.53499	2.53499	5
2	125000001	1.19797	0.934031	2
2	126000001	0.908446	0.934031	2
2	127000001	1.00798	0.934031	2
2	128000001	0.929555	0.934031	2
2	129000001	1.21929	0.934031	2
2	130000001	0.925204	0.934031	2
2	131000001	0.933315	0.934031	2
2	132000001	0.789393	0.934031	2
2	133000001	0.934031	0.934031	2
2	134000001	0.875154	0.934031	2
2	135000001	0.889735	0.934031	2
2	136000001	0.981647	0.934031	2
2	137000001	1.03059	0.934031	2
2	138000001	1.24812	0.934031	2
2	139000001	0.909627	0.934031	2
2	140000001	1.01022	0.934031	2
2	141000001	1.13519	0.934031	2
2	142000001	1.10202	0.934031	2
2	143000001	1.21661	0.934031	2
2	144000001	0.928823	0.934031	2
2	145000001	0.548903	0.934031	2
2	146000001	1.37583	1.08337	2
2	147000001	1.18192	1.08337	2
2	148000001	1.14336	1.08337	2
2	149000001	0.909761	1.08337	2
2	150000001	1.68031	1.08337	2
2	151000001	0.961155	1.08337	2
2	152000001	0.844472	1.08337	2
2	153000001	0.991527	1.08337	2
2	154000001	1.35391	1.08337	2
2	155000001	0.998772	1.08337	2
2	156000001	1.09549	1.08337	2
2	157000001	1.05487	1.08337	2
2	158000001	1.08289	1.08337	2
2	159000001	1.08337	1.08337	2
2	160000001	0.916043	1.08337	2
2	161000001	1.43455	1.08337	2
2	162000001	1.28969	1.08337	2
2	163000001	1.19067	1.08337	2
2	164000001	0.8614	1.08337	2
2	165000001	0.988674	1.08337	2
2	166000001	1.31107	1.08337	2
2	167000001	0.852741	1.08337	2
2	168000001	1.20262	1.08337	2
2	169000001	2.07511	2.07511	4
2	170000001	1.09297	1.01099	2
2	171000001	1.41763	1.01099	2
2	172000001	0.738934	1.01099	2
2	173000001	1.17921	1.01099	2
2	174000001	0.815121	1.01099	2
2	175000001	0.889034	1.01099	2
2	176000001	0.905074	1.01099	2
2	177000001	1.09569	1.01099	2
2	178000001	1.04009	1.01099	2
2	179000001	0.863539	1.01099	2
2	180000001	0.754653	1.01099	2
2	181000001	1.0022	1.01099	2
2	182000001	0.783694	1.01099	2
2	183000001	0.81904	1.01099	2
2	184000001	1.09401	1.01099	2
2	185000001	1.01075	1.01099	2
2	186000001	1.21955	1.01099	2
2	187000001	1.09292	1.01099	2
2	188000001	1.20946	1.01099	2
2	189000001	1.10064	1.01099	2
2	190000001	0.856547	1.01099	2
2	191000001	1.05643	1.01099	2
2	192000001	0.684158	1.01099	2
2	193000001	1.01123	1.01099	2
2	194000001	2.69118	2.69118	5
2	195000001	0.994159	0.986735	2
2	196000001	1.04017	0.986735	2
2	197000001	1.10591	0.986735	2
2	198000001	1.50136	0.986735	2
2	199000001	1.00531	0.986735	2
2	200000001	1.07613	0.986735	2
2	201000001	0.952679	0.986735	2
2	202000001	0.90438	0.986735	2
2	203000001	0.878079	0.986735	2
2	204000001	0.898381	0.986735	2
2	205000001	0.958578	0.986735	2
2	206000001	0.928507	0.986735	2
2	207000001	1.19132	0.986735	2
2	208000001	1.06765	0.986735	2
2	209000001	0.872856	0.986735	2
2	210000001	1.20251	0.986735	2
2	211000001	0.85745	0.986735	2
2	212000001	1.14572	0.986735	2
2	213000001	1.06963	0.986735	2
2	214000001	0.834382	0.986735	2
2	215000001	1.18507	0.986735	2
2	216000001	0.823675	0.986735	2
2	217000001	1.01994	0.986735	2
2	218000001	1.02096	0.986735	2
2	219000001	0.979312	0.986735	2
2	220000001	0.890136	0.986735	2
2	221000001	0.95347	0.986735	2
2	222000001	0.899421	0.986735	2
2	223000001	1.10689	0.986735	2
2	224000001	0.842915	0.986735	2
2	225000001	1.73187	1.04217	2
2	226000001	0.970406	1.04217	2
2	227000001	1.08066	1.04217	2
2	228000001	0.945027	1.04217	2
2	229000001	1.67543	1.04217	2
2	230000001	1.04392	1.04217	2
2	231000001	0.88711	1.04217	2
2	232000001	1.04042	1.04217	2
2	233000001	1.18098	1.04217	2
2	234000001	0.970612	1.04217	2
2	235000001	1.65517	1.04217	2
2	236000001	0.861413	1.04217	2
2	237000001	0.99005	1.04217	2
2	238000001	1.81202	1.04217	2
2	239000001	0.985304	1.04217	2
2	240000001	1.70734	1.04217	2
2	241000001	1.16044	1.04217	2
2	242000001	0.887885	1.04217	2
20	1	2.72052	2.72052	5
20	1000001	1.18014	1.16074	2
20	2000001	0.827603	1.16074	2
20	3000001	1.16074	1.16074	2
20	4000001	0.93953	1.16074	2
20	5000001	0.954146	1.16074	2
20	6000001	1.32085	1.16074	2
20	7000001	1.31104	1.16074	2
20	8000001	1.0188	1.16074	2
20	9000001	0.972635	1.16074	2
20	10000001	1.25886	1.16074	2
20	11000001	1.16337	1.16074	2
20	12000001	1.00119	1.02504	2
20	13000001	1.07726	1.02504	2
20	14000001	1.06926	1.02504	2
20	15000001	1.03296	1.02504	2
20	16000001	0.979618	1.02504	2
20	17000001	0.861861	1.02504	2
20	18000001	1.05819	1.02504	2
20	19000001	0.885615	1.02504	2
20	20000001	0.909753	1.02504	2
20	21000001	1.15235	1.02504	2
20	22000001	1.09618	1.02504	2
20	23000001	1.02233	1.02504	2
20	24000001	0.79827	1.02504	2
20	25000001	1.05954	1.02504	2
20	26000001	0.937991	1.02504	2
20	27000001	1.16738	1.02504	2
20	28000001	1.28623	1.02504	2
20	29000001	0.911861	1.02504	2
20	30000001	0.76575	1.02504	2
20	31000001	1.01045	1.02504	2
20	32000001	1.02062	1.02504	2
20	33000001	1.01816	1.02504	2
20	34000001	0.571176	1.02504	2
20	35000001	1.01955	1.02504	2
20	36000001	0.896325	1.02504	2
20	37000001	1.15998	1.02504	2
20	38000001	1.20117	1.02504	2
20	39000001	0.92966	1.02504	2
20	40000001	1.08352	1.02504	2
20	41000001	1.06217	1.02504	2
20	42000001	1.02893	1.02504	2
20	43000001	1.05896	1.02504	2
20	44000001	1.14257	1.02504	2
20	45000001	0.953392	1.02504	2
20	46000001	1.10084	1.02504	2
20	47000001	1.03103	1.02504	2
20	48000001	1.12541	1.02504	2
20	49000001	0.994386	1.02504	2
20	50000001	1.09851	1.02504	2
20	51000001	0.983009	1.02504	2
20	52000001	0.835875	1.02504	2
20	53000001	0.949687	1.02504	2
20	54000001	1.01296	1.02504	2
20	55000001	0.905332	1.02504	2
20	56000001	0.81027	1.02504	2
20	57000001	1.15042	1.02504	2
20	58000001	1.1285	1.02504	2
20	59000001	1.12931	1.02504	2
20	60000001	1.15575	1.02504	2
20	61000001	1.02504	1.02504	2
20	62000001	1.08514	1.02504	2
20	63000001	1.85941	1.51505	3
20	64000001	1.17069	1.51505	3
21	1	-1	-1	3
21	1000001	-1	-1	3
21	2000001	-1	-1	3
21	3000001	-1	-1	3
21	4000001	-1	-1	3
21	5000001	1.95531	1.28075	3
21	6000001	0.606197	1.28075	3
21	7000001	2.71183	2.71183	5
21	8000001	1.58626	1.58626	3
21	9000001	1.28984	1.58626	3
21	10000001	2.1191	1.58626	3
21	11000001	0.881195	1.1218	2
21	12000001	0.774521	1.1218	2
21	13000001	1.13531	1.1218	2
21	14000001	1.1566	1.1218	2
21	15000001	1.13648	1.1218	2
21	16000001	1.52034	1.1218	2
21	17000001	1.0726	1.1218	2
21	18000001	0.868871	1.1218	2
21	19000001	0.940625	1.1218	2
21	20000001	0.791101	1.1218	2
21	21000001	1.14144	1.1218	2
21	22000001	1.16034	1.1218	2
21	23000001	1.07141	1.1218	2
21	24000001	1.31899	1.1218	2
21	25000001	1.18804	1.1218	2
21	26000001	1.1218	1.1218	2
21	27000001	1.10652	1.1218	2
21	28000001	1.20182	1.1218	2
21	29000001	1.05968	1.1218	2
21	30000001	0.857038	0.967357	2
21	31000001	1.11126	0.967357	2
21	32000001	0.937884	0.967357	2
21	33000001	0.866315	0.967357	2
21	34000001	0.946051	0.967357	2
21	35000001	1.20465	0.967357	2
21	36000001	1.04203	0.967357	2
21	37000001	1.03716	0.967357	2
21	38000001	1.11459	0.967357	2
21	39000001	0.962066	0.967357	2
21	40000001	1.33671	0.967357	2
21	41000001	0.967357	0.967357	2
21	42000001	0.870376	0.967357	2
21	43000001	1.0195	0.967357	2
21	44000001	0.882605	0.967357	2
21	45000001	1.20694	0.967357	2
21	46000001	0.943456	0.967357	2
22	1	-1	-1	3
22	1000001	-1	-1	3
22	2000001	-1	-1	3
22	3000001	-1	-1	3
22	4000001	-1	-1	3
22	5000001	-1	-1	3
22	6000001	-1	-1	3
22	7000001	-1	-1	3
22	8000001	-1	-1	3
22	9000001	-1	-1	3
22	10000001	1.13747	1.43438	3
22	11000001	1.43438	1.43438	3
22	12000001	1.50214	1.43438	3
22	13000001	0.995091	1.1187	2
22	14000001	0.823419	1.1187	2
22	15000001	0.963374	1.1187	2
22	16000001	1.2423	1.1187	2
22	17000001	1.25229	1.1187	2
22	18000001	1.26599	1.1187	2
22	19000001	0.807264	0.992507	2
22	20000001	1.00213	0.992507	2
22	21000001	0.845382	0.992507	2
22	22000001	1.15771	0.992507	2
22	23000001	0.87668	0.992507	2
22	24000001	0.98288	0.992507	2
22	25000001	0.889325	0.992507	2
22	26000001	1.0565	0.992507	2
22	27000001	1.2557	0.992507	2
22	28000001	1.00314	0.992507	2
22	29000001	1.01673	0.992507	2
22	30000001	0.670299	0.992507	2
22	31000001	1.15084	1.15084	2
22	32000001	1.15426	1.15084	2
22	33000001	1.34553	1.15084	2
22	34000001	1.04319	1.15084	2
22	35000001	1.20717	1.15084	2
22	36000001	1.00261	1.15084	2
22	37000001	1.12504	1.15084	2
22	38000001	0.96184	0.96184	2
22	39000001	0.78928	0.887839	2
22	40000001	0.920656	0.887839	2
22	41000001	0.931279	0.887839	2
22	42000001	0.690857	0.887839	2
22	43000001	0.903679	0.887839	2
22	44000001	0.871999	0.887839	2
22	45000001	1.22255	1.01779	2
22	46000001	0.981676	1.01779	2
22	47000001	0.860002	1.01779	2
22	48000001	0.967876	1.01779	2
22	49000001	1.0539	1.01779	2
22	50000001	1.07119	1.01779	2
3	1	1.33828	1.09307	2
3	1000001	1.19483	1.09307	2
3	2000001	0.894508	1.09307	2
3	3000001	1.38043	1.09307	2
3	4000001	0.99132	1.09307	2
3	5000001	0.960826	1.09307	2
3	6000001	1.96077	1.96077	4
3	7000001	1.05733	1.02327	2
3	8000001	0.988649	1.02327	2
3	9000001	1.07505	1.02327	2
3	10000001	1.10619	1.02327	2
3	11000001	0.908173	1.02327	2
3	12000001	1.23925	1.02327	2
3	13000001	0.790299	1.02327	2
3	14000001	1.07437	1.02327	2
3	15000001	0.998608	1.02327	2
3	16000001	0.785334	1.02327	2
3	17000001	1.22066	1.02327	2
3	18000001	1.10632	1.02327	2
3	19000001	1.19625	1.02327	2
3	20000001	0.95247	1.02327	2
3	21000001	1.32279	1.02327	2
3	22000001	1.08321	1.02327	2
3	23000001	1.10009	1.02327	2
3	24000001	0.936559	1.02327	2
3	25000001	0.972411	1.02327	2
3	26000001	1.152	1.02327	2
3	27000001	1.14467	1.02327	2
3	28000001	1.01997	1.02327	2
3	29000001	1.15255	1.02327	2
3	30000001	1.07214	1.02327	2
3	31000001	0.96824	1.02327	2
3	32000001	0.902226	1.02327	2
3	33000001	0.995299	1.02327	2
3	34000001	1.12593	1.02327	2
3	35000001	1.40446	1.02327	2
3	36000001	0.965199	1.02327	2
3	37000001	1.12336	1.02327	2
3	38000001	0.926968	1.02327	2
3	39000001	0.912465	1.02327	2
3	40000001	1.04503	1.02327	2
3	41000001	1.15163	1.02327	2
3	42000001	1.12465	1.02327	2
3	43000001	1.40429	1.02327	2
3	44000001	0.821948	1.02327	2
3	45000001	0.99132	1.02327	2
3	46000001	1.2311	1.02327	2
3	47000001	0.900085	1.02327	2
3	48000001	0.934156	1.02327	2
3	49000001	1.0642	1.02327	2
3	50000001	0.850796	1.02327	2
3	51000001	1.18914	1.02327	2
3	52000001	0.971005	1.02327	2
3	53000001	1.0224	1.02327	2
3	54000001	0.764856	1.02327	2
3	55000001	0.903204	1.02327	2
3	56000001	1.07096	1.02327	2
3	57000001	0.94657	1.02327	2
3	58000001	0.966269	1.02327	2
3	59000001	0.981659	1.02327	2
3	60000001	0.923356	1.02327	2
3	61000001	0.949638	1.02327	2
3	62000001	1.08666	1.02327	2
3	63000001	1.07879	1.02327	2
3	64000001	1.08677	1.02327	2
3	65000001	0.894951	1.02327	2
3	66000001	1.01622	1.02327	2
3	67000001	0.918199	1.02327	2
3	68000001	0.766798	1.02327	2
3	69000001	1.07121	1.02327	2
3	70000001	1.18006	1.02327	2
3	71000001	0.945502	1.02327	2
3	72000001	1.13375	1.02327	2
3	73000001	0.89377	1.02327	2
3	74000001	1.12191	1.02327	2
3	75000001	1.03111	1.02327	2
3	76000001	0.885751	1.02327	2
3	77000001	1.09874	1.02327	2
3	78000001	1.00211	1.02327	2
3	79000001	1.30189	1.02327	2
3	80000001	1.43714	1.02327	2
3	81000001	0.737517	1.02327	2
3	82000001	1.37375	1.02327	2
3	83000001	1.16877	1.02327	2
3	84000001	0.992519	1.02327	2
3	85000001	0.845824	1.02327	2
3	86000001	1.23509	1.02327	2
3	87000001	1.12674	1.02327	2
3	88000001	1.31608	1.02327	2
3	89000001	0.807163	1.02327	2
3	90000001	0.973959	1.02327	2
3	91000001	1.01128	1.02327	2
3	92000001	0.993794	1.02327	2
3	93000001	0.876707	1.02327	2
3	94000001	0.890421	1.02327	2
3	95000001	1.13508	1.02327	2
3	96000001	1.30981	1.02327	2
3	97000001	1.32864	1.02327	2
3	98000001	0.871645	1.02327	2
3	99000001	0.922023	1.02327	2
3	100000001	0.869716	1.02327	2
3	101000001	0.573278	1.02327	2
3	102000001	0.723599	1.02327	2
3	103000001	1.16977	1.02327	2
3	104000001	1.09199	1.02327	2
3	105000001	1.1919	1.02327	2
3	106000001	1.13199	1.02327	2
3	107000001	1.13697	1.02327	2
3	108000001	0.933966	1.02327	2
3	109000001	1.18997	1.02327	2
3	110000001	1.07792	1.02327	2
3	111000001	1.36271	1.02327	2
3	112000001	0.917176	1.02327	2
3	113000001	0.748318	1.02327	2
3	114000001	1.23629	1.02327	2
3	115000001	1.12871	1.02327	2
3	116000001	0.971431	1.02327	2
3	117000001	1.12452	1.02327	2
3	118000001	1.05779	1.02327	2
3	119000001	1.07726	1.02327	2
3	120000001	1.2748	1.02327	2
3	121000001	1.26435	1.02327	2
3	122000001	1.02414	1.02327	2
3	123000001	0.965649	1.02327	2
3	124000001	1.1558	1.02327	2
3	125000001	1.18631	1.02327	2
3	126000001	0.966214	1.02327	2
3	127000001	0.907603	1.02327	2
3	128000001	0.923154	1.02327	2
3	129000001	0.965263	1.02327	2
3	130000001	0.984241	1.02327	2
3	131000001	0.897169	1.02327	2
3	132000001	1.43236	1.02327	2
3	133000001	1.20785	1.02327	2
3	134000001	0.79311	1.02327	2
3	135000001	0.757986	1.02327	2
3	136000001	0.911094	1.02327	2
3	137000001	1.09618	1.02327	2
3	138000001	1.11371	1.02327	2
3	139000001	0.957516	1.02327	2
3	140000001	1.01923	1.02327	2
3	141000001	1.06713	1.02327	2
3	142000001	0.990604	1.02327	2
3	143000001	1.73711	1.73711	3
3	144000001	0.957634	1.07478	2
3	145000001	1.0707	1.07478	2
3	146000001	0.883326	1.07478	2
3	147000001	0.966197	1.07478	2
3	148000001	1.30418	1.07478	2
3	149000001	0.920704	1.07478	2
3	150000001	1.03122	1.07478	2
3	151000001	1.27889	1.07478	2
3	152000001	1.07886	1.07478	2
3	153000001	0.959276	1.07478	2
3	154000001	1.12949	1.07478	2
3	155000001	1.32362	1.07478	2
3	156000001	0.865916	1.07478	2
3	157000001	1.23555	1.07478	2
3	158000001	1.02104	1.07478	2
3	159000001	1.00282	1.07478	2
3	160000001	0.936206	1.07478	2
3	161000001	1.08486	1.07478	2
3	162000001	1.19283	1.07478	2
3	163000001	0.806547	1.07478	2
3	164000001	1.24549	1.07478	2
3	165000001	1.06265	1.07478	2
3	166000001	1.00537	1.07478	2
3	167000001	0.893981	1.07478	2
3	168000001	1.30767	1.07478	2
3	169000001	1.3359	1.07478	2
3	170000001	1.20761	1.07478	2
3	171000001	1.34113	1.07478	2
3	172000001	1.17161	1.07478	2
3	173000001	0.982563	1.07478	2
3	174000001	1.19788	1.07478	2
3	175000001	1.06738	1.07478	2
3	176000001	0.843862	1.07478	2
3	177000001	1.20799	1.07478	2
3	178000001	0.821678	1.07478	2
3	179000001	1.17531	1.07478	2
3	180000001	1.14421	1.07478	2
3	181000001	1.40604	1.07478	2
3	182000001	0.993598	0.951215	2
3	183000001	0.766564	0.951215	2
3	184000001	0.994618	0.951215	2
3	185000001	0.908832	0.951215	2
3	186000001	1.76254	1.76254	4
3	187000001	1.11225	1.10231	2
3	188000001	1.14004	1.10231	2
3	189000001	1.21596	1.10231	2
3	190000001	1.16509	1.10231	2
3	191000001	1.09237	1.10231	2
3	192000001	0.950694	1.10231	2
3	193000001	0.85155	1.10231	2
3	194000001	1.0117	1.10231	2
3	195000001	1.30849	1.10231	2
3	196000001	1.05598	1.10231	2
3	197000001	1.07711	1.10231	2
3	198000001	2.29048	1.10231	2
4	1	1.1197	1.05456	2
4	1000001	0.997449	1.05456	2
4	2000001	1.06496	1.05456	2
4	3000001	1.08616	1.05456	2
4	4000001	1.03594	1.05456	2
4	5000001	1.13005	1.05456	2
4	6000001	1.23426	1.05456	2
4	7000001	0.940019	1.05456	2
4	8000001	1.07929	1.05456	2
4	9000001	1.19527	1.05456	2
4	10000001	0.791961	1.05456	2
4	11000001	1.02313	1.05456	2
4	12000001	1.14174	1.05456	2
4	13000001	0.897325	1.05456	2
4	14000001	1.34218	1.05456	2
4	15000001	1.01227	1.05456	2
4	16000001	1.02905	1.05456	2
4	17000001	0.982118	1.05456	2
4	18000001	1.33481	1.05456	2
4	19000001	0.885297	1.05456	2
4	20000001	1.1174	1.05456	2
4	21000001	1.2661	1.05456	2
4	22000001	1.05456	1.05456	2
4	23000001	0.879033	1.05456	2
4	24000001	0.968291	1.05456	2
4	25000001	0.980848	1.05456	2
4	26000001	1.03789	1.05456	2
4	27000001	1.17227	1.05456	2
4	28000001	1.20088	1.05456	2
4	29000001	0.988904	1.05456	2
4	30000001	1.15709	1.05456	2
4	31000001	0.925854	1.05456	2
4	32000001	1.14514	1.05456	2
4	33000001	1.04833	1.05456	2
4	34000001	0.857871	1.05456	2
4	35000001	1.266	1.05456	2
4	36000001	0.924609	1.05456	2
4	37000001	1.08935	1.05456	2
4	38000001	1.05705	1.05456	2
4	39000001	4.81524	4.81524	10
4	40000001	0.917279	0.962046	2
4	41000001	1.00681	0.962046	2
4	42000001	1.39638	1.39638	3
4	43000001	2.39693	2.39693	5
4	44000001	0.888388	1.12457	2
4	45000001	1.2402	1.12457	2
4	46000001	1.02983	1.12457	2
4	47000001	1.22878	1.12457	2
4	48000001	0.95949	1.12457	2
4	49000001	1.35686	1.12457	2
4	50000001	1.12172	1.12457	2
4	51000001	1.04439	1.12457	2
4	52000001	1.36987	1.12457	2
4	53000001	1.3411	1.12457	2
4	54000001	1.3514	1.12457	2
4	55000001	0.847235	1.12457	2
4	56000001	0.995455	1.12457	2
4	57000001	1.09378	1.12457	2
4	58000001	1.19013	1.12457	2
4	59000001	1.20636	1.12457	2
4	60000001	1.12742	1.12457	2
4	61000001	0.927748	1.12457	2
4	62000001	1.40124	1.12457	2
4	63000001	0.823979	1.12457	2
4	64000001	1.47384	1.12457	2
4	65000001	1.44344	1.12457	2
4	66000001	1.27047	1.12457	2
4	67000001	1.10828	1.12457	2
4	68000001	0.994158	1.12457	2
4	69000001	1.0165	1.12457	2
4	70000001	2.05576	2.05576	4
4	71000001	1.19852	1.09459	2
4	72000001	1.12395	1.09459	2
4	73000001	0.995651	1.09459	2
4	74000001	1.2431	1.09459	2
4	75000001	0.700298	1.09459	2
4	76000001	0.945724	1.09459	2
4	77000001	1.00861	1.09459	2
4	78000001	0.938598	1.09459	2
4	79000001	0.750759	1.09459	2
4	80000001	1.29847	1.09459	2
4	81000001	1.46997	1.09459	2
4	82000001	1.10981	1.09459	2
4	83000001	1.27104	1.09459	2
4	84000001	1.05081	1.09459	2
4	85000001	1.0646	1.09459	2
4	86000001	1.00541	1.09459	2
4	87000001	1.24704	1.09459	2
4	88000001	0.977065	1.09459	2
4	89000001	1.19737	1.09459	2
4	90000001	1.23447	1.09459	2
4	91000001	1.0369	1.09459	2
4	92000001	1.48261	1.09459	2
4	93000001	0.936709	1.09459	2
4	94000001	1.12093	1.09459	2
4	95000001	0.776386	1.09459	2
4	96000001	1.20872	1.09459	2
4	97000001	1.24249	1.09459	2
4	98000001	1.21835	1.09459	2
4	99000001	1.04668	1.09459	2
4	100000001	0.962836	1.09459	2
4	101000001	1.12694	1.09459	2
4	102000001	0.789896	1.09459	2
4	103000001	1.09459	1.09459	2
4	104000001	2.49289	2.49289	5
4	105000001	1.12834	1.06707	2
4	106000001	1.1177	1.06707	2
4	107000001	1.0171	1.06707	2
4	108000001	1.17937	1.06707	2
4	109000001	1.18187	1.06707	2
4	110000001	0.944055	1.06707	2
4	111000001	0.86874	1.06707	2
4	112000001	1.196	1.06707	2
4	113000001	1.05492	1.06707	2
4	114000001	1.24292	1.06707	2
4	115000001	1.19682	1.06707	2
4	116000001	0.98279	1.06707	2
4	117000001	1.13111	1.06707	2
4	118000001	1.15926	1.06707	2
4	119000001	1.26009	1.06707	2
4	120000001	0.918256	1.06707	2
4	121000001	1.1453	1.06707	2
4	122000001	1.08592	1.06707	2
4	123000001	0.687355	1.06707	2
4	124000001	1.12886	1.06707	2
4	125000001	1.12101	1.06707	2
4	126000001	0.723729	1.06707	2
4	127000001	0.834332	1.06707	2
4	128000001	0.920593	1.06707	2
4	129000001	0.846539	1.06707	2
4	130000001	0.826661	1.06707	2
4	131000001	0.913494	1.06707	2
4	132000001	1.17722	1.06707	2
4	133000001	1.17654	1.06707	2
4	134000001	1.21875	1.06707	2
4	135000001	1.17296	1.06707	2
4	136000001	1.09544	1.06707	2
4	137000001	0.935184	1.06707	2
4	138000001	0.884476	1.06707	2
4	139000001	1.19096	1.06707	2
4	140000001	1.07058	1.06707	2
4	141000001	1.00407	1.06707	2
4	142000001	0.982215	1.06707	2
4	143000001	1.05041	1.06707	2
4	144000001	1.12436	1.06707	2
4	145000001	0.960986	1.06707	2
4	146000001	1.20222	1.06707	2
4	147000001	0.992508	1.06707	2
4	148000001	1.29945	1.06707	2
4	149000001	1.20386	1.06707	2
4	150000001	0.795751	1.06707	2
4	151000001	1.24775	1.06707	2
4	152000001	1.02042	1.06707	2
4	153000001	1.04242	1.06707	2
4	154000001	1.01855	1.06707	2
4	155000001	1.30017	1.06707	2
4	156000001	1.18525	1.06707	2
4	157000001	1.15957	1.06707	2
4	158000001	1.15113	1.06707	2
4	159000001	1.21966	1.06707	2
4	160000001	1.14822	1.06707	2
4	161000001	1.19789	1.06707	2
4	162000001	1.12319	1.06707	2
4	163000001	0.958344	1.06707	2
4	164000001	1.05278	1.06707	2
4	165000001	1.01919	1.06707	2
4	166000001	1.24792	1.06707	2
4	167000001	1.05028	1.06707	2
4	168000001	1.12056	1.06707	2
4	169000001	1.14711	1.06707	2
4	170000001	1.00215	1.06707	2
4	171000001	0.825868	1.06707	2
4	172000001	1.43541	1.06707	2
4	173000001	1.02529	1.06707	2
4	174000001	1.07041	1.06707	2
4	175000001	0.95778	1.06707	2
4	176000001	1.11406	1.06707	2
4	177000001	1.37299	1.06707	2
4	178000001	0.922547	1.06707	2
4	179000001	0.934009	1.06707	2
4	180000001	1.03601	1.06707	2
4	181000001	0.914714	1.06707	2
4	182000001	0.862552	1.06707	2
4	183000001	0.888671	1.06707	2
4	184000001	1.18874	1.06707	2
4	185000001	0.786365	1.06707	2
4	186000001	1.06373	1.06707	2
4	187000001	0.813609	1.06707	2
4	188000001	0.728278	1.06707	2
4	189000001	1.01689	1.06707	2
4	190000001	1.92566	1.06707	2
5	1	1.2369	1.48412	3
5	1000001	1.73134	1.48412	3
5	2000001	1.19554	1.19554	2
5	3000001	1.21022	1.19554	2
5	4000001	1.11499	1.19554	2
5	5000001	1.08352	1.02515	2
5	6000001	1.02258	1.02515	2
5	7000001	1.09256	1.02515	2
5	8000001	0.899272	1.02515	2
5	9000001	0.993023	1.02515	2
5	10000001	0.971238	1.02515	2
5	11000001	0.957307	1.02515	2
5	12000001	1.1044	1.02515	2
5	13000001	1.22363	1.02515	2
5	14000001	0.89528	1.02515	2
5	15000001	1.09749	1.02515	2
5	16000001	1.04115	1.02515	2
5	17000001	0.844322	1.02515	2
5	18000001	1.04863	1.02515	2
5	19000001	0.831377	1.02515	2
5	20000001	1.15256	1.02515	2
5	21000001	1.15321	1.02515	2
5	22000001	0.980497	1.02515	2
5	23000001	1.35767	1.02515	2
5	24000001	0.855056	1.02515	2
5	25000001	0.963466	1.02515	2
5	26000001	1.2316	1.02515	2
5	27000001	0.878357	1.02515	2
5	28000001	1.07542	1.02515	2
5	29000001	1.02772	1.02515	2
5	30000001	1.12333	1.02515	2
5	31000001	0.856577	1.02515	2
5	32000001	0.80201	1.02515	2
5	33000001	1.85397	1.85397	4
5	34000001	0.986019	1.07867	2
5	35000001	1.10765	1.07867	2
5	36000001	1.08889	1.07867	2
5	37000001	1.06846	1.07867	2
5	38000001	0.961091	1.07867	2
5	39000001	1.11436	1.07867	2
5	40000001	1.44522	1.42845	3
5	41000001	1.07848	1.42845	3
5	42000001	1.41693	1.42845	3
5	43000001	1.43997	1.42845	3
5	44000001	1.11303	1.05741	2
5	45000001	1.14645	1.05741	2
5	46000001	0.855317	1.05741	2
5	47000001	1.05741	1.05741	2
5	48000001	1.09752	1.05741	2
5	49000001	1.37421	1.05741	2
5	50000001	1.00386	1.05741	2
5	51000001	1.04969	1.05741	2
5	52000001	1.2614	1.05741	2
5	53000001	1.04912	1.05741	2
5	54000001	1.04726	1.05741	2
5	55000001	1.33327	1.27502	3
5	56000001	1.29102	1.27502	3
5	57000001	1.0985	1.27502	3
5	58000001	1.25902	1.27502	3
5	59000001	1.04497	1.27502	3
5	60000001	1.3394	1.27502	3
5	61000001	0.944524	0.995668	2
5	62000001	0.951554	0.995668	2
5	63000001	1.09194	0.995668	2
5	64000001	1.03978	0.995668	2
5	65000001	0.776183	0.834296	2
5	66000001	0.963735	0.834296	2
5	67000001	0.639773	0.834296	2
5	68000001	0.94179	0.834296	2
5	69000001	0.834296	0.834296	2
5	70000001	0.984152	0.998052	2
5	71000001	1.10409	0.998052	2
5	72000001	1.01195	0.998052	2
5	73000001	1.11656	0.998052	2
5	74000001	0.921281	0.998052	2
5	75000001	0.951922	0.998052	2
5	76000001	1.06396	0.998052	2
5	77000001	0.900721	0.998052	2
5	78000001	0.913796	0.998052	2
5	79000001	0.954537	0.998052	2
5	80000001	1.11695	0.998052	2
5	81000001	1.10841	0.998052	2
5	82000001	0.969701	0.998052	2
5	83000001	1.02041	0.998052	2
5	84000001	1.21282	1.18903	2
5	85000001	1.16525	1.18903	2
5	86000001	2.05993	2.05993	4
5	87000001	1.30532	1.30532	3
5	88000001	1.01548	0.98824	2
5	89000001	0.806059	0.98824	2
5	90000001	1.22087	0.98824	2
5	91000001	1.17203	0.98824	2
5	92000001	0.822828	0.98824	2
5	93000001	0.985548	0.98824	2
5	94000001	1.18191	0.98824	2
5	95000001	0.921243	0.98824	2
5	96000001	0.977651	0.98824	2
5	97000001	0.98824	0.98824	2
5	98000001	1.09492	0.98824	2
5	99000001	1.05095	0.98824	2
5	100000001	0.968451	0.98824	2
5	101000001	1.37107	1.4028	3
5	102000001	1.43452	1.4028	3
5	103000001	0.998334	0.973045	2
5	104000001	0.678806	0.973045	2
5	105000001	1.35672	0.973045	2
5	106000001	0.769114	0.973045	2
5	107000001	1.01636	0.973045	2
5	108000001	1.29306	0.973045	2
5	109000001	0.869398	0.973045	2
5	110000001	0.947755	0.973045	2
5	111000001	1.10261	0.973045	2
5	112000001	0.857742	0.973045	2
5	113000001	1.12175	1.12175	2
5	114000001	1.10205	1.12175	2
5	115000001	1.04762	1.12175	2
5	116000001	0.923577	1.12175	2
5	117000001	1.20584	1.12175	2
5	118000001	1.16836	1.12175	2
5	119000001	1.24485	1.12175	2
5	120000001	0.877509	0.958959	2
5	121000001	1.06595	0.958959	2
5	122000001	0.997415	0.958959	2
5	123000001	1.18743	0.958959	2
5	124000001	0.923661	0.958959	2
5	125000001	0.902709	0.958959	2
5	126000001	1.04158	0.958959	2
5	127000001	0.790292	0.958959	2
5	128000001	1.09006	0.958959	2
5	129000001	1.13044	0.958959	2
5	130000001	0.836504	0.958959	2
5	131000001	0.89366	0.958959	2
5	132000001	0.95121	0.958959	2
5	133000001	1.01122	0.958959	2
5	134000001	0.907704	0.958959	2
5	135000001	1.02069	0.958959	2
5	136000001	0.958959	0.958959	2
5	137000001	1.10661	1.0867	2
5	138000001	1.17759	1.0867	2
5	139000001	0.977177	1.0867	2
5	140000001	0.80148	1.0867	2
5	141000001	1.0867	1.0867	2
5	142000001	1.48356	1.37808	3
5	143000001	0.950075	1.37808	3
5	144000001	1.27259	1.37808	3
5	145000001	1.49845	1.37808	3
5	146000001	0.723397	1.03981	2
5	147000001	1.09717	1.03981	2
5	148000001	1.05304	1.03981	2
5	149000001	1.29605	1.03981	2
5	150000001	1.16361	1.03981	2
5	151000001	0.988269	1.03981	2
5	152000001	1.03981	1.03981	2
5	153000001	0.990948	1.03981	2
5	154000001	1.09203	1.03981	2
5	155000001	0.917908	1.03981	2
5	156000001	0.902789	1.03981	2
5	157000001	0.799822	1.03981	2
5	158000001	1.23014	1.03981	2
5	159000001	1.03754	1.03981	2
5	160000001	0.840515	1.03981	2
5	161000001	0.974977	1.03981	2
5	162000001	1.16866	1.03981	2
5	163000001	1.2198	1.03981	2
5	164000001	1.10486	1.03981	2
5	165000001	1.05555	1.03981	2
5	166000001	1.01666	1.03981	2
5	167000001	0.964057	0.964057	2
5	168000001	0.863106	0.964057	2
5	169000001	0.857328	0.964057	2
5	170000001	1.05038	0.964057	2
5	171000001	0.989588	0.964057	2
5	172000001	0.966331	0.964057	2
5	173000001	0.800046	0.964057	2
5	174000001	1.06082	0.964057	2
5	175000001	0.874766	0.964057	2
5	176000001	1.2637	1.06813	2
5	177000001	1.03517	1.06813	2
5	178000001	1.05218	1.06813	2
5	179000001	1.08409	1.06813	2
5	180000001	0.924732	1.06813	2
5	181000001	1.46434	1.06813	2
6	1	0.853432	0.889312	2
6	1000001	1.04875	0.889312	2
6	2000001	0.978681	0.889312	2
6	3000001	0.889312	0.889312	2
6	4000001	0.716014	0.889312	2
6	5000001	1.12719	1.04666	2
6	6000001	1.39712	1.04666	2
6	7000001	1.04666	1.04666	2
6	8000001	1.16111	1.04666	2
6	9000001	1.01153	1.04666	2
6	10000001	1.00802	1.04666	2
6	11000001	1.00462	1.04666	2
6	12000001	0.970642	1.04666	2
6	13000001	1.3025	1.04666	2
6	14000001	0.758952	0.983607	2
6	15000001	0.866534	0.983607	2
6	16000001	0.988503	0.983607	2
6	17000001	1.15972	0.983607	2
6	18000001	0.969023	0.983607	2
6	19000001	1.07401	0.983607	2
6	20000001	1.16658	0.983607	2
6	21000001	1.07763	0.983607	2
6	22000001	1.03551	0.983607	2
6	23000001	0.949468	0.983607	2
6	24000001	0.96408	0.983607	2
6	25000001	0.737389	0.983607	2
6	26000001	0.860488	0.983607	2
6	27000001	1.11338	0.983607	2
6	28000001	0.841522	0.983607	2
6	29000001	1.31917	0.983607	2
6	30000001	0.983607	0.983607	2
6	31000001	0.820899	0.983607	2
6	32000001	1.07491	0.983607	2
6	33000001	0.938321	0.983607	2
6	34000001	1.02101	0.983607	2
6	35000001	0.991108	0.983607	2
6	36000001	0.970366	0.983607	2
6	37000001	0.663762	0.786817	2
6	38000001	0.786817	0.786817	2
6	39000001	0.791743	0.786817	2
6	40000001	1.10523	0.987109	2
6	41000001	0.855082	0.987109	2
6	42000001	0.969004	0.987109	2
6	43000001	1.26166	0.987109	2
6	44000001	1.01185	0.987109	2
6	45000001	0.902363	0.987109	2
6	46000001	0.987109	0.987109	2
6	47000001	1.03996	0.987109	2
6	48000001	0.899335	0.987109	2
6	49000001	1.15574	1.15574	2
6	50000001	1.45598	1.15574	2
6	51000001	1.33377	1.15574	2
6	52000001	1.06848	1.15574	2
6	53000001	1.13617	1.15574	2
6	54000001	1.38286	1.52598	3
6	55000001	1.66911	1.52598	3
6	56000001	1.11107	1.04984	2
6	57000001	1.05455	1.04984	2
6	58000001	1.04433	1.04984	2
6	59000001	0.837976	1.04984	2
6	60000001	1.25893	1.04984	2
6	61000001	0.945753	1.04984	2
6	62000001	0.983236	1.04984	2
6	63000001	1.10174	1.04984	2
6	64000001	1.0547	1.04984	2
6	65000001	0.96427	1.04984	2
6	66000001	1.17455	1.04984	2
6	67000001	0.911218	1.04984	2
6	68000001	1.26386	1.04984	2
6	69000001	1.04512	1.04984	2
6	70000001	0.675614	0.989398	2
6	71000001	0.943534	0.989398	2
6	72000001	0.920239	0.989398	2
6	73000001	0.942016	0.989398	2
6	74000001	1.01725	0.989398	2
6	75000001	1.03119	0.989398	2
6	76000001	0.941434	0.989398	2
6	77000001	0.993345	0.989398	2
6	78000001	1.0917	0.989398	2
6	79000001	0.935184	0.989398	2
6	80000001	0.962235	0.989398	2
6	81000001	1.0107	0.989398	2
6	82000001	1.03249	0.989398	2
6	83000001	1.12991	0.989398	2
6	84000001	1.1156	0.989398	2
6	85000001	1.21214	0.989398	2
6	86000001	0.952114	0.989398	2
6	87000001	0.958925	0.989398	2
6	88000001	1.1158	0.989398	2
6	89000001	0.989398	0.989398	2
6	90000001	0.862428	0.989398	2
6	91000001	1.27266	1.14647	2
6	92000001	1.17927	1.14647	2
6	93000001	1.24807	1.14647	2
6	94000001	1.06064	1.14647	2
6	95000001	1.07302	1.14647	2
6	96000001	1.11368	1.14647	2
6	97000001	0.772402	0.973559	2
6	98000001	1.21049	0.973559	2
6	99000001	0.981832	0.973559	2
6	100000001	0.840697	0.973559	2
6	101000001	0.99314	0.973559	2
6	102000001	1.03637	0.973559	2
6	103000001	0.944226	0.973559	2
6	104000001	0.954218	0.973559	2
6	105000001	1.11512	0.973559	2
6	106000001	0.933018	0.973559	2
6	107000001	1.20892	0.973559	2
6	108000001	1.03884	0.973559	2
6	109000001	0.920507	0.973559	2
6	110000001	1.22206	0.973559	2
6	111000001	0.965286	0.973559	2
6	112000001	0.935436	0.973559	2
6	113000001	1.26225	1.26225	3
6	114000001	1.29611	1.26225	3
6	115000001	1.3335	1.26225	3
6	116000001	1.07059	1.26225	3
6	117000001	1.26381	1.26225	3
6	118000001	1.01831	1.26225	3
6	119000001	1.0482	1.26225	3
6	120000001	1.10667	1.26225	3
6	121000001	1.58557	1.26225	3
6	122000001	0.827331	0.893855	2
6	123000001	0.82263	0.893855	2
6	124000001	1.11852	0.893855	2
6	125000001	0.960379	0.893855	2
6	126000001	1.15888	0.893855	2
6	127000001	0.776793	0.893855	2
6	128000001	1.43466	1.33476	3
6	129000001	1.02084	1.33476	3
6	130000001	1.33476	1.33476	3
6	131000001	0.995982	0.995638	2
6	132000001	0.966845	0.995638	2
6	133000001	1.15167	0.995638	2
6	134000001	0.981153	0.995638	2
6	135000001	1.20948	0.995638	2
6	136000001	0.953542	0.995638	2
6	137000001	1.11586	0.995638	2
6	138000001	0.880133	0.995638	2
6	139000001	0.995293	0.995638	2
6	140000001	1.07472	0.995638	2
6	141000001	1.2952	0.995638	2
6	142000001	1.03692	0.995638	2
6	143000001	0.788224	0.995638	2
6	144000001	0.920872	0.995638	2
6	145000001	1.11511	0.995638	2
6	146000001	0.91558	0.995638	2
6	147000001	1.15028	0.995638	2
6	148000001	0.894777	0.995638	2
6	149000001	0.950173	0.995638	2
6	150000001	1.07951	0.995638	2
6	151000001	1.20928	0.995638	2
6	152000001	0.908843	0.995638	2
6	153000001	1.18551	1.19551	2
6	154000001	1.00797	1.19551	2
6	155000001	1.20552	1.19551	2
6	156000001	1.40026	1.19551	2
6	157000001	0.858568	0.981682	2
6	158000001	0.823657	0.981682	2
6	159000001	1.03764	0.981682	2
6	160000001	1.21622	0.981682	2
6	161000001	1.11431	0.981682	2
6	162000001	1.01213	0.981682	2
6	163000001	0.837337	0.981682	2
6	164000001	0.875025	0.981682	2
6	165000001	0.95123	0.981682	2
6	166000001	0.903363	0.981682	2
6	167000001	1.18866	0.981682	2
6	168000001	0.796134	0.981682	2
6	169000001	1.11961	0.981682	2
6	170000001	1.11259	0.981682	2
7	1	0.950683	1.02967	2
7	1000001	0.909551	1.02967	2
7	2000001	0.764516	1.02967	2
7	3000001	0.866107	1.02967	2
7	4000001	0.991561	1.02967	2
7	5000001	0.895828	1.02967	2
7	6000001	1.01842	1.02967	2
7	7000001	1.53526	1.02967	2
7	8000001	1.22974	1.02967	2
7	9000001	1.07495	1.02967	2
7	10000001	0.903393	1.02967	2
7	11000001	1.11097	1.02967	2
7	12000001	1.14442	1.02967	2
7	13000001	1.16275	1.02967	2
7	14000001	1.19694	1.02967	2
7	15000001	1.15415	1.02967	2
7	16000001	1.25914	1.02967	2
7	17000001	1.15405	1.02967	2
7	18000001	1.10014	1.02967	2
7	19000001	0.938842	1.02967	2
7	20000001	1.37021	1.02967	2
7	21000001	0.956347	1.02967	2
7	22000001	1.02471	1.02967	2
7	23000001	1.16125	1.02967	2
7	24000001	1.01408	1.02967	2
7	25000001	0.94648	1.02967	2
7	26000001	0.853649	1.02967	2
7	27000001	1.04678	1.02967	2
7	28000001	1.06264	1.02967	2
7	29000001	1.04397	1.02967	2
7	30000001	1.02783	1.02967	2
7	31000001	1.01893	1.02967	2
7	32000001	1.12631	1.02967	2
7	33000001	1.15995	1.02967	2
7	34000001	1.17769	1.02967	2
7	35000001	1.02993	1.02967	2
7	36000001	1.16831	1.02967	2
7	37000001	0.984259	1.02967	2
7	38000001	0.884349	1.02967	2
7	39000001	0.889617	1.02967	2
7	40000001	0.684053	1.02967	2
7	41000001	0.834307	1.02967	2
7	42000001	0.738292	1.02967	2
7	43000001	1.05094	1.02967	2
7	44000001	1.06056	1.02967	2
7	45000001	0.955475	1.02967	2
7	46000001	1.29782	1.02967	2
7	47000001	0.744102	1.02967	2
7	48000001	0.943702	1.02967	2
7	49000001	1.19073	1.02967	2
7	50000001	1.02967	1.02967	2
7	51000001	0.947571	1.02967	2
7	52000001	1.11961	1.02967	2
7	53000001	1.25307	1.42552	3
7	54000001	1.59797	1.42552	3
7	55000001	1.14875	0.916084	2
7	56000001	0.810624	0.916084	2
7	57000001	0.841781	0.916084	2
7	58000001	0.775214	0.916084	2
7	59000001	0.68772	0.916084	2
7	60000001	0.731052	0.916084	2
7	61000001	1.24641	0.916084	2
7	62000001	0.988436	0.916084	2
7	63000001	0.916084	0.916084	2
7	64000001	0.90779	0.916084	2
7	65000001	1.21122	0.916084	2
7	66000001	0.804796	0.916084	2
7	67000001	0.947812	0.916084	2
7	68000001	1.05362	0.916084	2
7	69000001	1.00578	0.916084	2
7	70000001	1.6358	1.6358	3
7	71000001	1.01362	1.03959	2
7	72000001	1.19006	1.03959	2
7	73000001	1.03911	1.03959	2
7	74000001	0.979162	1.03959	2
7	75000001	0.967087	1.03959	2
7	76000001	1.25352	1.03959	2
7	77000001	0.819414	1.03959	2
7	78000001	1.173	1.03959	2
7	79000001	1.39288	1.03959	2
7	80000001	1.08522	1.03959	2
7	81000001	0.807421	1.03959	2
7	82000001	1.01612	1.03959	2
7	83000001	1.27339	1.03959	2
7	84000001	1.22367	1.03959	2
7	85000001	1.17449	1.03959	2
7	86000001	1.05611	1.03959	2
7	87000001	1.18403	1.03959	2
7	88000001	0.808296	1.03959	2
7	89000001	1.26469	1.03959	2
7	90000001	0.860691	1.03959	2
7	91000001	1.15634	1.03959	2
7	92000001	1.30947	1.03959	2
7	93000001	1.05111	1.03959	2
7	94000001	0.997898	1.03959	2
7	95000001	1.02748	1.03959	2
7	96000001	0.928269	1.03959	2
7	97000001	1.22906	1.03959	2
7	98000001	0.899918	1.03959	2
7	99000001	1.01151	1.03959	2
7	100000001	1.15633	1.03959	2
7	101000001	0.913889	1.03959	2
7	102000001	0.939456	1.03959	2
7	103000001	0.884811	1.03959	2
7	104000001	1.17612	1.03959	2
7	105000001	0.928615	1.03959	2
7	106000001	1.01492	1.03959	2
7	107000001	1.13579	1.03959	2
7	108000001	0.999883	1.03959	2
7	109000001	1.08008	1.03959	2
7	110000001	0.795972	1.03959	2
7	111000001	0.908717	1.03959	2
7	112000001	1.1557	1.03959	2
7	113000001	1.00727	1.03959	2
7	114000001	1.40165	1.03959	2
7	115000001	0.940866	1.03959	2
7	116000001	1.01814	1.03959	2
7	117000001	1.00046	1.03959	2
7	118000001	1.00795	1.03959	2
7	119000001	1.29799	1.03959	2
7	120000001	1.25753	1.03959	2
7	121000001	1.02847	1.03959	2
7	122000001	0.857905	1.03959	2
7	123000001	0.841159	1.03959	2
7	124000001	1.15321	1.03959	2
7	125000001	1.16361	1.03959	2
7	126000001	1.11097	1.03959	2
7	127000001	1.03959	1.03959	2
7	128000001	0.906538	1.03959	2
7	129000001	0.96411	1.03959	2
7	130000001	1.22335	1.03959	2
7	131000001	1.40255	1.03959	2
7	132000001	1.1159	1.03959	2
7	133000001	0.929407	1.03959	2
7	134000001	1.04738	1.03959	2
7	135000001	1.2611	1.03959	2
7	136000001	0.901603	1.03959	2
7	137000001	1.09603	1.03959	2
7	138000001	0.984175	1.03959	2
7	139000001	0.994867	1.03959	2
7	140000001	1.13498	1.03959	2
7	141000001	0.892867	1.03959	2
7	142000001	1.2707	1.03959	2
7	143000001	1.0331	1.03959	2
7	144000001	1.17284	1.03959	2
7	145000001	1.3444	1.03959	2
7	146000001	0.770052	1.03959	2
7	147000001	0.955639	1.03959	2
7	148000001	1.00896	1.03959	2
7	149000001	1.24942	1.03959	2
7	150000001	1.19297	1.03959	2
7	151000001	1.23095	1.03959	2
7	152000001	1.14068	1.03959	2
7	153000001	1.01893	1.03959	2
7	154000001	1.11835	1.03959	2
7	155000001	1.24915	1.03959	2
7	156000001	1.27006	1.03959	2
7	157000001	0.913521	1.03959	2
7	158000001	1.77845	1.58376	3
7	159000001	1.38907	1.58376	3
8	1	0.848477	0.848541	2
8	1000001	1.00821	0.848541	2
8	2000001	1.03388	0.848541	2
8	3000001	0.985053	0.848541	2
8	4000001	0.740594	0.848541	2
8	5000001	0.670965	0.848541	2
8	6000001	0.940753	0.848541	2
8	7000001	0.761129	0.848541	2
8	8000001	0.792974	0.848541	2
8	9000001	1.12199	0.848541	2
8	10000001	0.829419	0.848541	2
8	11000001	1.00206	0.848541	2
8	12000001	0.848541	0.848541	2
8	13000001	1.06878	1.04372	2
8	14000001	1.18868	1.04372	2
8	15000001	0.984977	1.04372	2
8	16000001	1.42572	1.04372	2
8	17000001	1.13725	1.04372	2
8	18000001	1.05041	1.04372	2
8	19000001	0.884805	1.04372	2
8	20000001	0.952167	1.04372	2
8	21000001	0.863213	1.04372	2
8	22000001	0.841979	1.04372	2
8	23000001	1.0332	1.04372	2
8	24000001	0.983529	1.04372	2
8	25000001	1.14084	1.04372	2
8	26000001	1.07743	1.04372	2
8	27000001	1.36206	1.04372	2
8	28000001	0.988009	1.04372	2
8	29000001	0.875739	1.04372	2
8	30000001	0.906535	1.04372	2
8	31000001	1.24742	1.04372	2
8	32000001	1.24717	1.04372	2
8	33000001	1.1377	1.04372	2
8	34000001	1.77574	1.04372	2
8	35000001	1.35032	1.04372	2
8	36000001	1.11645	1.04372	2
8	37000001	0.817691	1.04372	2
8	38000001	0.968964	1.04372	2
8	39000001	0.906396	1.04372	2
8	40000001	1.01053	1.04372	2
8	41000001	1.15247	1.04372	2
8	42000001	0.884507	1.04372	2
8	43000001	1.24114	1.04372	2
8	44000001	0.931043	1.04372	2
8	45000001	0.763409	1.04372	2
8	46000001	1.22181	1.04372	2
8	47000001	1.09884	1.04372	2
8	48000001	0.982194	1.04372	2
8	49000001	1.00234	1.04372	2
8	50000001	1.11698	1.04372	2
8	51000001	1.43584	1.04372	2
8	52000001	1.27877	1.04372	2
8	53000001	0.789344	1.04372	2
8	54000001	0.985746	1.04372	2
8	55000001	0.811479	1.04372	2
8	56000001	0.833869	1.04372	2
8	57000001	1.03717	1.04372	2
8	58000001	0.948542	1.04372	2
8	59000001	1.2336	1.04372	2
8	60000001	0.893483	1.04372	2
8	61000001	0.918026	1.04372	2
8	62000001	0.932851	1.04372	2
8	63000001	1.20689	1.04372	2
8	64000001	1.15964	1.04372	2
8	65000001	1.29664	1.04372	2
8	66000001	1.2817	1.04372	2
8	67000001	1.07014	1.04372	2
8	68000001	1.13624	1.04372	2
8	69000001	1.03824	1.04372	2
8	70000001	1.20469	1.04372	2
8	71000001	1.27583	1.04372	2
8	72000001	1.02659	1.04372	2
8	73000001	1.30454	1.04372	2
8	74000001	0.853254	1.04372	2
8	75000001	0.922416	1.04372	2
8	76000001	0.989966	1.04372	2
8	77000001	1.0992	1.04372	2
8	78000001	1.03689	1.04372	2
8	79000001	1.45063	1.04372	2
8	80000001	0.940252	1.04372	2
8	81000001	1.07788	1.04372	2
8	82000001	1.23707	1.04372	2
8	83000001	1.01907	1.04372	2
8	84000001	1.16954	1.04372	2
8	85000001	0.994743	1.04372	2
8	86000001	0.94269	1.04372	2
8	87000001	1.27063	1.04372	2
8	88000001	0.899276	1.04372	2
8	89000001	1.18087	1.04372	2
8	90000001	1.16451	1.04372	2
8	91000001	1.09122	1.04372	2
8	92000001	1.33243	1.04372	2
8	93000001	1.50938	1.04372	2
8	94000001	0.884202	1.04372	2
8	95000001	1.07194	1.04372	2
8	96000001	0.948816	1.04372	2
8	97000001	0.780497	1.04372	2
8	98000001	0.833426	1.04372	2
8	99000001	0.91752	1.04372	2
8	100000001	1.05883	1.04372	2
8	101000001	1.19286	1.04372	2
8	102000001	1.03047	1.04372	2
8	103000001	1.04384	1.04372	2
8	104000001	1.08375	1.04372	2
8	105000001	1.40863	1.04372	2
8	106000001	1.07474	1.04372	2
8	107000001	1.34444	1.04372	2
8	108000001	1.04372	1.04372	2
8	109000001	0.913074	1.04372	2
8	110000001	0.862427	1.04372	2
8	111000001	1.42677	1.04372	2
8	112000001	0.937938	1.04372	2
8	113000001	1.2002	1.04372	2
8	114000001	1.18651	1.04372	2
8	115000001	1.45799	1.04372	2
8	116000001	1.2618	1.04372	2
8	117000001	1.04581	1.04372	2
8	118000001	0.940584	1.04372	2
8	119000001	0.889764	1.04372	2
8	120000001	0.847373	1.04372	2
8	121000001	1.45829	1.04372	2
8	122000001	0.913525	1.04372	2
8	123000001	0.88167	1.04372	2
8	124000001	1.00938	1.04372	2
8	125000001	1.12454	1.04372	2
8	126000001	0.966133	1.04372	2
8	127000001	1.00693	1.04372	2
8	128000001	0.89837	1.04372	2
8	129000001	0.968405	1.04372	2
8	130000001	1.10443	1.04372	2
8	131000001	1.02391	1.04372	2
8	132000001	1.10296	1.04372	2
8	133000001	0.933212	1.04372	2
8	134000001	1.11158	1.04372	2
8	135000001	0.79803	1.04372	2
8	136000001	1.12293	1.04372	2
8	137000001	0.866266	1.04372	2
8	138000001	3.39582	3.39582	7
8	139000001	1.04405	1.03089	2
8	140000001	0.969354	1.03089	2
8	141000001	0.869051	1.03089	2
8	142000001	1.19603	1.03089	2
8	143000001	1.03089	1.03089	2
8	144000001	0.897941	1.03089	2
8	145000001	2.36496	1.03089	2
9	1	1.04378	1.02253	2
9	1000001	1.191	1.02253	2
9	2000001	0.751681	1.02253	2
9	3000001	1.18063	1.02253	2
9	4000001	1.09959	1.02253	2
9	5000001	0.971386	1.02253	2
9	6000001	0.757594	1.02253	2
9	7000001	0.827307	1.02253	2
9	8000001	1.03507	1.02253	2
9	9000001	1.00999	1.02253	2
9	10000001	1.31244	1.33774	3
9	11000001	1.36303	1.33774	3
9	12000001	0.942523	0.984392	2
9	13000001	1.25608	0.984392	2
9	14000001	1.0653	0.984392	2
9	15000001	0.935296	0.984392	2
9	16000001	0.874429	0.984392	2
9	17000001	0.896887	0.984392	2
9	18000001	0.995837	0.984392	2
9	19000001	1.00199	0.984392	2
9	20000001	0.984392	0.984392	2
9	21000001	0.984036	0.984392	2
9	22000001	0.962112	0.984392	2
9	23000001	0.815274	0.984392	2
9	24000001	1.06024	0.984392	2
9	25000001	0.917252	0.984392	2
9	26000001	1.07051	0.984392	2
9	27000001	1.21265	0.984392	2
9	28000001	0.840199	0.984392	2
9	29000001	1.20044	0.984392	2
9	30000001	1.01514	0.984392	2
9	31000001	0.991935	0.984392	2
9	32000001	1.28479	0.984392	2
9	33000001	1.042	0.984392	2
9	34000001	0.735036	0.984392	2
9	35000001	0.967132	0.984392	2
9	36000001	1.17989	0.984392	2
9	37000001	0.74	0.984392	2
9	38000001	0.999641	0.984392	2
9	39000001	0.978759	0.984392	2
9	40000001	1.09476	0.984392	2
9	41000001	0.95706	0.984392	2
9	42000001	0.916836	0.984392	2
9	43000001	1.17159	1.10892	2
9	44000001	0.989398	1.10892	2
9	45000001	1.39599	1.10892	2
9	46000001	-1	1.10892	2
9	47000001	-1	1.10892	2
9	48000001	-1	1.10892	2
9	49000001	-1	1.10892	2
9	50000001	-1	1.10892	2
9	51000001	-1	1.10892	2
9	52000001	-1	1.10892	2
9	53000001	-1	1.10892	2
9	54000001	-1	1.10892	2
9	55000001	-1	1.10892	2
9	56000001	-1	1.10892	2
9	57000001	-1	1.10892	2
9	58000001	-1	1.10892	2
9	59000001	-1	1.10892	2
9	60000001	1.02478	1.10892	2
9	61000001	1.23289	1.10892	2
9	62000001	0.939523	1.10892	2
9	63000001	1.12439	1.10892	2
9	64000001	1.09345	1.10892	2
9	65000001	1.69691	1.69691	3
9	66000001	0.7358	0.82214	2
9	67000001	1.06795	0.82214	2
9	68000001	0.82214	0.82214	2
9	69000001	1.13035	1.22141	2
9	70000001	1.22141	1.22141	2
9	71000001	1.27745	1.22141	2
9	72000001	0.952781	1.22141	2
9	73000001	1.04211	1.22141	2
9	74000001	1.26406	1.22141	2
9	75000001	1.29557	1.22141	2
9	76000001	0.946397	0.959911	2
9	77000001	1.02784	0.959911	2
9	78000001	0.973425	0.959911	2
9	79000001	0.946178	0.959911	2
9	80000001	1.439	1.27666	3
9	81000001	1.27233	1.27666	3
9	82000001	1.27666	1.27666	3
9	83000001	1.13714	0.951983	2
9	84000001	0.951983	0.951983	2
9	85000001	0.928716	0.951983	2
9	86000001	1.29396	0.951983	2
9	87000001	0.871355	0.951983	2
9	88000001	1.03817	0.951983	2
9	89000001	1.01893	0.951983	2
9	90000001	0.996568	0.951983	2
9	91000001	0.926405	0.951983	2
9	92000001	0.948414	0.951983	2
9	93000001	0.805229	0.951983	2
9	94000001	1.20214	0.951983	2
9	95000001	0.971563	0.951983	2
9	96000001	1.16077	0.951983	2
9	97000001	0.844005	0.951983	2
9	98000001	0.901659	0.951983	2
9	99000001	0.94098	0.951983	2
9	100000001	0.891468	0.951983	2
9	101000001	1.0466	0.951983	2
9	102000001	1.62066	1.62066	3
9	103000001	0.905602	0.994642	2
9	104000001	0.976707	0.994642	2
9	105000001	1.02592	0.994642	2
9	106000001	1.21682	0.994642	2
9	107000001	0.757824	0.994642	2
9	108000001	1.20328	0.994642	2
9	109000001	1.0496	0.994642	2
9	110000001	1.0892	0.994642	2
9	111000001	1.09566	0.994642	2
9	112000001	0.786802	0.994642	2
9	113000001	0.910379	0.994642	2
9	114000001	0.955522	0.994642	2
9	115000001	0.798211	0.994642	2
9	116000001	1.02272	0.994642	2
9	117000001	0.916136	0.994642	2
9	118000001	0.98482	0.994642	2
9	119000001	1.14552	0.994642	2
9	120000001	1.13671	0.994642	2
9	121000001	1.05114	0.994642	2
9	122000001	1.00713	0.994642	2
9	123000001	0.875486	0.994642	2
9	124000001	1.0795	0.994642	2
9	125000001	0.831537	0.994642	2
9	126000001	1.00446	0.994642	2
9	127000001	0.958219	0.994642	2
9	128000001	0.724967	0.994642	2
9	129000001	1.19803	1.03704	2
9	130000001	0.962363	1.03704	2
9	131000001	0.906942	1.03704	2
9	132000001	1.01214	1.03704	2
9	133000001	1.08552	1.03704	2
9	134000001	1.05804	1.03704	2
9	135000001	1.06062	1.03704	2
9	136000001	1.01604	1.03704	2
9	137000001	0.951588	1.03704	2
9	138000001	1.37012	1.03704	2
X	1	0.654106	0.604992	1
X	1000001	0.559429	0.604992	1
X	2000001	0.529751	0.604992	1
X	3000001	0.876541	0.604992	1
X	4000001	0.567104	0.604992	1
X	5000001	0.642881	0.604992	1
X	6000001	0.391938	0.49732	1
X	7000001	0.527313	0.49732	1
X	8000001	0.49732	0.49732	1
X	9000001	0.616781	0.49732	1
X	10000001	0.316337	0.49732	1
X	11000001	1.05811	1.05811	2
X	12000001	0.550922	0.630219	1
X	13000001	0.630219	0.630219	1
X	14000001	0.66456	0.630219	1
X	15000001	0.289538	0.391128	1
X	16000001	0.35275	0.391128	1
X	17000001	0.391128	0.391128	1
X	18000001	0.476159	0.391128	1
X	19000001	0.543558	0.391128	1
X	20000001	0.645347	0.754752	2
X	21000001	0.864158	0.754752	2
X	22000001	0.38098	0.405377	1
X	23000001	0.357684	0.405377	1
X	24000001	0.405377	0.405377	1
X	25000001	0.577534	0.405377	1
X	26000001	0.435242	0.405377	1
X	27000001	0.479988	0.405377	1
X	28000001	0.333017	0.405377	1
X	29000001	0.302159	0.405377	1
X	30000001	0.468796	0.405377	1
X	31000001	0.412878	0.405377	1
X	32000001	0.282179	0.405377	1
X	33000001	0.552107	0.534695	1
X	34000001	0.456404	0.534695	1
X	35000001	0.722632	0.534695	1
X	36000001	0.416564	0.534695	1
X	37000001	0.491082	0.534695	1
X	38000001	0.455344	0.534695	1
X	39000001	0.534695	0.534695	1
X	40000001	0.447602	0.534695	1
X	41000001	0.608552	0.534695	1
X	42000001	0.77609	0.534695	1
X	43000001	0.52856	0.534695	1
X	44000001	0.501747	0.534695	1
X	45000001	0.699243	0.534695	1
X	46000001	0.55389	0.534695	1
X	47000001	0.554582	0.534695	1
X	48000001	0.479457	0.534695	1
X	49000001	0.412468	0.534695	1
X	50000001	0.556424	0.534695	1
X	51000001	0.512238	0.534695	1
X	52000001	0.587153	0.534695	1
X	53000001	0.599574	0.534695	1
X	54000001	0.400112	0.485419	1
X	55000001	0.403334	0.485419	1
X	56000001	0.368051	0.485419	1
X	57000001	0.571792	0.485419	1
X	58000001	0.552217	0.485419	1
X	59000001	0.359308	0.485419	1
X	60000001	0.432674	0.485419	1
X	61000001	0.400167	0.485419	1
X	62000001	0.592608	0.485419	1
X	63000001	0.368521	0.485419	1
X	64000001	0.518586	0.485419	1
X	65000001	0.485419	0.485419	1
X	66000001	0.596041	0.485419	1
X	67000001	0.52074	0.485419	1
X	68000001	0.567529	0.485419	1
X	69000001	0.539652	0.485419	1
X	70000001	0.743155	0.485419	1
X	71000001	0.574463	0.485419	1
X	72000001	0.351819	0.485419	1
X	73000001	0.348204	0.485419	1
X	74000001	0.48472	0.485419	1
X	75000001	0.723183	0.648245	1
X	76000001	0.558576	0.648245	1
X	77000001	0.833782	0.648245	1
X	78000001	0.740521	0.648245	1
X	79000001	0.627444	0.648245	1
X	80000001	0.485181	0.648245	1
X	81000001	0.68646	0.648245	1
X	82000001	0.551311	0.648245	1
X	83000001	0.669046	0.648245	1
X	84000001	0.586815	0.648245	1
X	85000001	0.42628	0.514308	1
X	86000001	0.68086	0.514308	1
X	87000001	0.47609	0.514308	1
X	88000001	0.52976	0.514308	1
X	89000001	0.46281	0.514308	1
X	90000001	0.446005	0.514308	1
X	91000001	0.437067	0.514308	1
X	92000001	0.614959	0.514308	1
X	93000001	0.379931	0.514308	1
X	94000001	0.583425	0.514308	1
X	95000001	0.664445	0.514308	1
X	96000001	0.547399	0.514308	1
X	97000001	0.473184	0.514308	1
X	98000001	0.62125	0.514308	1
X	99000001	0.530547	0.514308	1
X	100000001	0.528513	0.514308	1
X	101000001	0.383736	0.514308	1
X	102000001	0.518239	0.514308	1
X	103000001	0.44159	0.514308	1
X	104000001	0.425288	0.514308	1
X	105000001	0.39757	0.514308	1
X	106000001	0.585995	0.514308	1
X	107000001	0.475319	0.514308	1
X	108000001	0.510584	0.514308	1
X	109000001	0.556172	0.514308	1
X	110000001	0.578546	0.514308	1
X	111000001	0.623306	0.514308	1
X	112000001	0.518335	0.514308	1
X	113000001	0.509149	0.514308	1
X	114000001	0.611816	0.514308	1
X	115000001	0.491238	0.514308	1
X	116000001	0.47816	0.514308	1
X	117000001	0.445098	0.514308	1
X	118000001	0.486584	0.514308	1
X	119000001	0.480307	0.514308	1
X	120000001	0.514217	0.514308	1
X	121000001	0.56024	0.514308	1
X	122000001	0.607233	0.514308	1
X	123000001	0.549189	0.514308	1
X	124000001	0.514308	0.514308	1
X	125000001	0.613011	0.514308	1
X	126000001	1.03549	1.03549	2
X	127000001	0.491891	0.475976	1
X	128000001	0.445356	0.475976	1
X	129000001	0.389431	0.475976	1
X	130000001	0.468448	0.475976	1
X	131000001	0.483504	0.475976	1
X	132000001	0.494187	0.475976	1
X	133000001	0.584756	0.475976	1
X	134000001	0.464363	0.475976	1
X	135000001	0.972215	0.972215	2
X	136000001	0.330059	0.44998	1
X	137000001	0.341532	0.44998	1
X	138000001	0.57772	0.44998	1
X	139000001	0.43663	0.44998	1
X	140000001	0.44998	0.44998	1
X	141000001	0.488811	0.44998	1
X	142000001	0.466021	0.44998	1
X	143000001	0.645981	0.560484	1
X	144000001	0.564076	0.560484	1
X	145000001	0.670332	0.560484	1
X	146000001	0.476104	0.560484	1
X	147000001	0.605888	0.560484	1
X	148000001	0.412793	0.560484	1
X	149000001	0.556892	0.560484	1
X	150000001	0.644217	0.560484	1
X	151000001	0.469069	0.560484	1
X	152000001	0.522187	0.560484	1
X	153000001	0.455472	0.560484	1
X	154000001	0.513094	0.560484	1
X	155000001	0.596928	0.560484	1
X	156000001	1.61631	0.560484	1
Y	1	-1	-1	1
Y	1000001	-1	-1	1
Y	2000001	0.622409	0.49479	1
Y	3000001	0.464774	0.49479	1
Y	4000001	0.49479	0.49479	1
Y	5000001	0.599529	0.49479	1
Y	6000001	0.407713	0.49479	1
Y	7000001	0.623152	0.49479	1
Y	8000001	0.310946	0.49479	1
Y	9000001	0.55611	0.55611	1
Y	10000001	1.22755	0.687053	1
Y	11000001	0.626102	0.687053	1
Y	12000001	0.687053	0.687053	1
Y	13000001	0.453946	0.573203	1
Y	14000001	0.394917	0.573203	1
Y	15000001	0.501295	0.573203	1
Y	16000001	0.580282	0.573203	1
Y	17000001	0.573203	0.573203	1
Y	18000001	0.653287	0.573203	1
Y	19000001	0.539549	0.573203	1
Y	20000001	0.54522	0.573203	1
Y	21000001	0.863016	0.573203	1
Y	22000001	0.787713	0.573203	1
Y	23000001	0.63395	0.573203	1
Y	24000001	0.499091	0.573203	1
Y	25000001	0.680211	0.573203	1
Y	26000001	0.495597	0.573203	1
Y	27000001	-1	0.573203	1
Y	28000001	-1	0.573203	1
Y	29000001	-1	0.573203	1
Y	30000001	-1	0.573203	1
Y	31000001	-1	0.573203	1
Y	32000001	-1	0.573203	1
Y	33000001	-1	0.573203	1
Y	34000001	-1	0.573203	1
Y	35000001	-1	0.573203	1
Y	36000001	-1	0.573203	1
Y	37000001	-1	0.573203	1
Y	38000001	-1	0.573203	1
Y	39000001	-1	0.573203	1
Y	40000001	-1	0.573203	1
Y	41000001	-1	0.573203	1
Y	42000001	-1	0.573203	1
Y	43000001	-1	0.573203	1
Y	44000001	-1	0.573203	1
Y	45000001	-1	0.573203	1
Y	46000001	-1	0.573203	1
Y	47000001	-1	0.573203	1
Y	48000001	-1	0.573203	1
Y	49000001	-1	0.573203	1
Y	50000001	-1	0.573203	1
Y	51000001	-1	0.573203	1
Y	52000001	-1	0.573203	1
Y	53000001	-1	0.573203	1
Y	54000001	-1	0.573203	1
Y	55000001	-1	0.573203	1
Y	56000001	0.783936	0.573203	1
Y	57000001	-1	-1	1
