Chromosome	Start	Ratio	MedianRatio	CopyNumber
1	1	1.91273	1.73924	3
1	1000001	1.46283	1.73924	3
1	2000001	1.73924	1.73924	3
1	3000001	1.0338	1.07608	2
1	4000001	0.924678	1.07608	2
1	5000001	1.04963	1.07608	2
1	6000001	1.14304	1.07608	2
1	7000001	1.16718	1.07608	2
1	8000001	1.06713	1.07608	2
1	9000001	1.07608	1.07608	2
1	10000001	1.11242	1.07608	2
1	11000001	1.03289	1.07608	2
1	12000001	0.828539	1.07608	2
1	13000001	1.02683	1.07608	2
1	14000001	1.1125	1.07608	2
1	15000001	1.26521	1.07608	2
1	16000001	1.07842	1.07608	2
1	17000001	1.07583	1.07608	2
1	18000001	1.23196	1.07608	2
1	19000001	1.04411	1.07608	2
1	20000001	0.801781	1.07608	2
1	21000001	1.16645	1.07608	2
1	22000001	0.884379	1.07608	2
1	23000001	0.936692	1.07608	2
1	24000001	1.01952	1.07608	2
1	25000001	1.11579	1.07608	2
1	26000001	1.13456	1.07608	2
1	27000001	1.17046	1.07608	2
1	28000001	1.10459	1.07608	2
1	29000001	1.24408	1.07608	2
1	30000001	0.95258	1.07608	2
1	31000001	1.38339	1.07608	2
1	32000001	1.062	1.07608	2
1	33000001	0.784701	1.07608	2
1	34000001	1.08664	1.07608	2
1	35000001	1.25383	1.07608	2
1	36000001	0.978746	0.987279	2
1	37000001	0.81038	0.987279	2
1	38000001	1.0423	0.987279	2
1	39000001	1.01387	0.987279	2
1	40000001	1.04581	0.987279	2
1	41000001	1.18333	0.987279	2
1	42000001	0.935969	0.987279	2
1	43000001	0.925105	0.987279	2
1	44000001	0.857236	0.987279	2
1	45000001	1.10841	0.987279	2
1	46000001	1.00699	0.987279	2
1	47000001	0.899455	0.987279	2
1	48000001	0.995812	0.987279	2
1	49000001	1.0706	0.987279	2
1	50000001	0.835474	0.987279	2
1	51000001	1.18007	0.987279	2
1	52000001	0.783701	0.987279	2
1	53000001	1.19527	0.987279	2
1	54000001	0.920625	0.987279	2
1	55000001	0.94801	0.987279	2
1	56000001	0.90328	0.987279	2
1	57000001	1.08392	0.987279	2
1	58000001	0.841461	0.789789	2
1	59000001	0.880405	0.789789	2
1	60000001	0.783071	0.789789	2
1	61000001	0.945551	0.789789	2
1	62000001	0.791221	0.789789	2
1	63000001	0.712964	0.789789	2
1	64000001	0.776651	0.789789	2
1	65000001	0.823876	0.789789	2
1	66000001	0.71995	0.789789	2
1	67000001	0.898241	0.789789	2
1	68000001	0.808876	0.789789	2
1	69000001	0.82492	0.789789	2
1	70000001	0.757927	0.789789	2
1	71000001	0.394096	0.789789	2
1	72000001	0.790744	0.789789	2
1	73000001	1.02065	0.789789	2
1	74000001	0.495093	0.789789	2
1	75000001	0.525163	0.789789	2
1	76000001	0.544954	0.789789	2
1	77000001	0.720708	0.789789	2
1	78000001	0.843117	0.789789	2
1	79000001	0.632953	0.789789	2
1	80000001	0.782494	0.789789	2
1	81000001	0.77985	0.789789	2
1	82000001	0.800497	0.789789	2
1	83000001	0.670093	0.789789	2
1	84000001	0.837602	0.789789	2
1	85000001	0.780559	0.789789	2
1	86000001	0.713102	0.789789	2
1	87000001	0.930621	0.789789	2
1	88000001	0.636325	0.789789	2
1	89000001	0.939067	0.789789	2
1	90000001	0.641288	0.789789	2
1	91000001	0.988206	0.789789	2
1	92000001	1.11885	0.789789	2
1	93000001	0.616755	0.789789	2
1	94000001	0.577779	0.789789	2
1	95000001	0.772527	0.789789	2
1	96000001	0.865939	0.789789	2
1	97000001	0.760542	0.789789	2
1	98000001	0.54414	0.789789	2
1	99000001	0.789387	0.789789	2
1	100000001	0.849413	0.789789	2
1	101000001	0.88578	0.789789	2
1	102000001	0.831757	0.789789	2
1	103000001	0.950846	0.789789	2
1	104000001	0.85743	0.789789	2
1	105000001	0.790191	0.789789	2
1	106000001	1.24248	1.0478	2
1	107000001	0.848302	1.0478	2
1	108000001	1.0478	1.0478	2
1	109000001	1.3596	1.0478	2
1	110000001	1.09602	1.0478	2
1	111000001	0.933505	1.0478	2
1	112000001	0.942577	1.0478	2
1	113000001	1.05066	1.0478	2
1	114000001	0.936956	1.0478	2
1	115000001	0.469074	0.608927	1
1	116000001	0.646132	0.608927	1
1	117000001	0.561632	0.608927	1
1	118000001	0.697593	0.608927	1
1	119000001	0.608927	0.608927	1
1	120000001	0.854156	1.00947	2
1	121000001	1.61951	1.00947	2
1	122000001	1.31828	1.00947	2
1	123000001	1.0887	1.00947	2
1	124000001	1.13641	1.00947	2
1	125000001	2.43503	1.00947	2
1	126000001	-1	1.00947	2
1	127000001	-1	1.00947	2
1	128000001	-1	1.00947	2
1	129000001	-1	1.00947	2
1	130000001	-1	1.00947	2
1	131000001	-1	1.00947	2
1	132000001	-1	1.00947	2
1	133000001	-1	1.00947	2
1	134000001	-1	1.00947	2
1	135000001	-1	1.00947	2
1	136000001	-1	1.00947	2
1	137000001	-1	1.00947	2
1	138000001	-1	1.00947	2
1	139000001	-1	1.00947	2
1	140000001	-1	1.00947	2
1	141000001	-1	1.00947	2
1	142000001	-1	1.00947	2
1	143000001	2.02235	1.00947	2
1	144000001	1.4193	1.00947	2
1	145000001	1.13916	1.00947	2
1	146000001	0.736075	1.00947	2
1	147000001	1.03519	1.00947	2
1	148000001	0.920778	1.00947	2
1	149000001	1.14987	1.00947	2
1	150000001	1.15422	1.00947	2
1	151000001	0.726693	1.00947	2
1	152000001	1.25022	1.00947	2
1	153000001	1.09393	1.00947	2
1	154000001	1.00217	1.00947	2
1	155000001	1.05472	1.00947	2
1	156000001	1.08721	1.00947	2
1	157000001	1.10204	1.00947	2
1	158000001	1.0028	1.00947	2
1	159000001	1.22949	1.00947	2
1	160000001	1.29114	1.00947	2
1	161000001	1.01635	1.00947	2
1	162000001	0.861747	1.00947	2
1	163000001	1.00949	1.00947	2
1	164000001	1.15246	1.00947	2
1	165000001	0.789103	1.00947	2
1	166000001	1.12217	1.00947	2
1	167000001	0.961806	1.00947	2
1	168000001	1.14334	1.00947	2
1	169000001	0.842541	1.00947	2
1	170000001	0.641022	1.00947	2
1	171000001	0.988878	1.00947	2
1	172000001	0.927201	1.00947	2
1	173000001	0.628733	1.00947	2
1	174000001	1.07627	1.00947	2
1	175000001	0.997037	1.00947	2
1	176000001	1.11279	1.00947	2
1	177000001	0.874814	1.00947	2
1	178000001	0.885962	1.00947	2
1	179000001	1.0516	1.00947	2
1	180000001	1.00709	1.00947	2
1	181000001	1.20897	1.00947	2
1	182000001	0.911216	1.00947	2
1	183000001	1.22716	1.00947	2
1	184000001	0.811553	1.00947	2
1	185000001	0.753782	1.00947	2
1	186000001	0.917483	1.00947	2
1	187000001	0.687403	1.00947	2
1	188000001	1.03179	1.00947	2
1	189000001	1.00945	1.00947	2
1	190000001	1.0837	1.00947	2
1	191000001	0.777862	1.00947	2
1	192000001	1.04371	1.00947	2
1	193000001	1.05509	1.00947	2
1	194000001	0.812714	1.00947	2
1	195000001	0.884268	1.00947	2
1	196000001	1.12355	1.00947	2
1	197000001	0.888527	1.00947	2
1	198000001	0.843113	1.00947	2
1	199000001	0.952325	1.00947	2
1	200000001	1.14644	1.00947	2
1	201000001	1.03537	1.00947	2
1	202000001	1.08018	1.00947	2
1	203000001	1.15221	1.00947	2
1	204000001	0.9141	1.00947	2
1	205000001	1.19446	1.00947	2
1	206000001	1.32525	1.00947	2
1	207000001	1.00831	1.00947	2
1	208000001	0.763427	1.00947	2
1	209000001	1.02824	1.00947	2
1	210000001	1.24908	1.00947	2
1	211000001	0.79911	1.00947	2
1	212000001	1.02265	1.00947	2
1	213000001	0.956104	1.00947	2
1	214000001	0.978061	1.00947	2
1	215000001	1.0795	1.00947	2
1	216000001	0.773319	1.00947	2
1	217000001	0.991153	1.00947	2
1	218000001	0.839012	1.00947	2
1	219000001	1.0573	1.00947	2
1	220000001	0.939136	1.00947	2
1	221000001	1.14332	1.00947	2
1	222000001	1.08422	1.00947	2
1	223000001	1.07991	1.00947	2
1	224000001	0.972287	1.00947	2
1	225000001	1.08975	1.00947	2
1	226000001	0.96119	1.00947	2
1	227000001	0.698724	1.00947	2
1	228000001	1.15513	1.00947	2
1	229000001	0.770797	1.00947	2
1	230000001	0.931558	1.00947	2
1	231000001	0.876198	1.00947	2
1	232000001	1.04096	1.00947	2
1	233000001	0.6576	1.00947	2
1	234000001	0.903402	1.00947	2
1	235000001	1.04195	1.00947	2
1	236000001	0.882139	1.00947	2
1	237000001	0.979818	1.00947	2
1	238000001	0.756821	1.00947	2
1	239000001	0.681513	1.00947	2
1	240000001	0.827522	1.00947	2
1	241000001	0.853888	1.00947	2
1	242000001	0.920824	1.00947	2
1	243000001	1.13467	1.00947	2
1	244000001	1.00982	1.00947	2
1	245000001	1.05674	1.00947	2
1	246000001	0.823125	1.00947	2
1	247000001	1.11007	1.00947	2
1	248000001	1.28229	1.00947	2
10	1	0.908532	0.868538	2
10	1000001	0.931612	0.868538	2
10	2000001	0.758907	0.868538	2
10	3000001	1.02879	0.868538	2
10	4000001	1.11836	0.868538	2
10	5000001	0.856764	0.868538	2
10	6000001	1.06763	0.868538	2
10	7000001	1.04949	0.868538	2
10	8000001	0.994151	0.868538	2
10	9000001	0.726353	0.868538	2
10	10000001	0.69981	0.868538	2
10	11000001	0.878461	0.868538	2
10	12000001	1.12822	0.868538	2
10	13000001	0.843268	0.868538	2
10	14000001	0.868538	0.868538	2
10	15000001	0.961372	0.868538	2
10	16000001	0.916429	0.868538	2
10	17000001	0.759965	0.868538	2
10	18000001	0.850592	0.868538	2
10	19000001	0.720069	0.868538	2
10	20000001	1.07846	0.868538	2
10	21000001	1.27702	0.868538	2
10	22000001	1.00807	0.868538	2
10	23000001	1.05509	0.868538	2
10	24000001	0.727837	0.868538	2
10	25000001	0.935662	0.868538	2
10	26000001	0.558562	0.868538	2
10	27000001	0.827092	0.868538	2
10	28000001	0.884856	0.868538	2
10	29000001	0.992854	0.868538	2
10	30000001	0.862467	0.868538	2
10	31000001	0.861584	0.868538	2
10	32000001	1.08177	0.868538	2
10	33000001	0.964738	0.868538	2
10	34000001	0.661258	0.868538	2
10	35000001	0.995646	0.868538	2
10	36000001	0.573708	0.868538	2
10	37000001	0.630936	0.868538	2
10	38000001	0.882414	0.868538	2
10	39000001	0.646003	0.868538	2
10	40000001	0.852816	0.868538	2
10	41000001	0.854924	0.868538	2
10	42000001	1.26303	0.868538	2
10	43000001	0.871044	0.868538	2
10	44000001	0.80479	0.868538	2
10	45000001	0.55343	0.868538	2
10	46000001	0.872076	0.868538	2
10	47000001	1.061	0.868538	2
10	48000001	1.08662	0.868538	2
10	49000001	1.21075	0.868538	2
10	50000001	0.831252	0.868538	2
10	51000001	0.786957	0.868538	2
10	52000001	1.10144	0.868538	2
10	53000001	0.941996	0.868538	2
10	54000001	0.958321	0.868538	2
10	55000001	0.475737	0.868538	2
10	56000001	0.835327	0.868538	2
10	57000001	0.695998	0.868538	2
10	58000001	0.674408	0.868538	2
10	59000001	0.782882	0.868538	2
10	60000001	0.788971	0.868538	2
10	61000001	0.963839	0.868538	2
10	62000001	0.665138	0.868538	2
10	63000001	0.643236	0.868538	2
10	64000001	0.805321	0.868538	2
10	65000001	0.753076	0.868538	2
10	66000001	0.871988	0.868538	2
10	67000001	1.1272	0.965829	2
10	68000001	0.913855	0.965829	2
10	69000001	1.02085	0.965829	2
10	70000001	1.03657	0.965829	2
10	71000001	1.17588	0.965829	2
10	72000001	0.818482	0.965829	2
10	73000001	1.03303	0.965829	2
10	74000001	1.13989	0.965829	2
10	75000001	1.02674	0.965829	2
10	76000001	1.16138	0.965829	2
10	77000001	1.22438	0.965829	2
10	78000001	0.970375	0.965829	2
10	79000001	1.0779	0.965829	2
10	80000001	0.961256	0.965829	2
10	81000001	0.876518	0.965829	2
10	82000001	0.867816	0.965829	2
10	83000001	0.9764	0.965829	2
10	84000001	0.619841	0.965829	2
10	85000001	1.26328	0.965829	2
10	86000001	0.858365	0.965829	2
10	87000001	0.604239	0.965829	2
10	88000001	0.704372	0.965829	2
10	89000001	0.94088	0.965829	2
10	90000001	0.732391	0.965829	2
10	91000001	1.07927	0.965829	2
10	92000001	0.815384	0.965829	2
10	93000001	1.14973	0.965829	2
10	94000001	0.919628	0.965829	2
10	95000001	1.12241	0.965829	2
10	96000001	1.19259	0.965829	2
10	97000001	0.887628	0.965829	2
10	98000001	0.97319	0.965829	2
10	99000001	0.909587	0.965829	2
10	100000001	0.89691	0.965829	2
10	101000001	0.761177	0.965829	2
10	102000001	0.92113	0.965829	2
10	103000001	0.852276	0.965829	2
10	104000001	0.631099	0.965829	2
10	105000001	1.04621	0.965829	2
10	106000001	1.1812	0.965829	2
10	107000001	1.20605	0.965829	2
10	108000001	0.820119	0.965829	2
10	109000001	0.932925	0.965829	2
10	110000001	0.681135	0.965829	2
10	111000001	0.72818	0.965829	2
10	112000001	1.21747	0.965829	2
10	113000001	0.97736	0.965829	2
10	114000001	1.02749	0.965829	2
10	115000001	0.737706	0.965829	2
10	116000001	1.01968	0.965829	2
10	117000001	0.764701	0.965829	2
10	118000001	1.02218	0.965829	2
10	119000001	0.707447	0.965829	2
10	120000001	0.973102	0.965829	2
10	121000001	0.965829	0.965829	2
10	122000001	1.08137	0.965829	2
10	123000001	1.05066	0.965829	2
10	124000001	0.747667	0.965829	2
10	125000001	0.928384	0.965829	2
10	126000001	2.81563	2.81563	6
10	127000001	0.897718	1.00996	2
10	128000001	0.956046	1.00996	2
10	129000001	1.11084	1.00996	2
10	130000001	1.11608	1.00996	2
10	131000001	0.944804	1.00996	2
10	132000001	1.00996	1.00996	2
10	133000001	1.63581	1.00996	2
11	1	1.11612	0.962897	2
11	1000001	1.1897	0.962897	2
11	2000001	1.0965	0.962897	2
11	3000001	0.88482	0.962897	2
11	4000001	0.867622	0.962897	2
11	5000001	0.906216	0.962897	2
11	6000001	1.00479	0.962897	2
11	7000001	0.817837	0.962897	2
11	8000001	1.04002	0.962897	2
11	9000001	0.921006	0.962897	2
11	10000001	1.35792	1.35792	3
11	11000001	2.24172	2.24172	4
11	12000001	1.07968	0.990991	2
11	13000001	0.958064	0.990991	2
11	14000001	0.86922	0.990991	2
11	15000001	1.16064	0.990991	2
11	16000001	0.93689	0.990991	2
11	17000001	1.09934	0.990991	2
11	18000001	0.803553	0.990991	2
11	19000001	0.86979	0.990991	2
11	20000001	1.02537	0.990991	2
11	21000001	1.10627	0.990991	2
11	22000001	1.41028	0.990991	2
11	23000001	0.809369	0.990991	2
11	24000001	0.889428	0.990991	2
11	25000001	0.963107	0.990991	2
11	26000001	0.975212	0.990991	2
11	27000001	1.14708	0.990991	2
11	28000001	0.973172	0.990991	2
11	29000001	0.917805	0.990991	2
11	30000001	0.855248	0.990991	2
11	31000001	1.0145	0.990991	2
11	32000001	0.990991	0.990991	2
11	33000001	0.775484	0.990991	2
11	34000001	1.22973	0.990991	2
11	35000001	1.22473	0.990991	2
11	36000001	0.859557	0.990991	2
11	37000001	1.04946	0.990991	2
11	38000001	0.855109	0.990991	2
11	39000001	0.858644	0.990991	2
11	40000001	1.06034	0.990991	2
11	41000001	1.10428	0.990991	2
11	42000001	1.19434	0.990991	2
11	43000001	0.914408	0.990991	2
11	44000001	0.949285	0.990991	2
11	45000001	1.15495	0.990991	2
11	46000001	0.826305	0.990991	2
11	47000001	1.39686	0.990991	2
11	48000001	0.904068	0.990991	2
11	49000001	0.907637	0.990991	2
11	50000001	1.06975	0.990991	2
11	51000001	1.01228	0.990991	2
11	52000001	1.00802	0.990991	2
11	53000001	1.05896	0.990991	2
11	54000001	0.965794	0.990991	2
11	55000001	0.879468	0.990991	2
11	56000001	0.840602	0.990991	2
11	57000001	0.997405	0.990991	2
11	58000001	0.981581	0.990991	2
11	59000001	1.02325	0.990991	2
11	60000001	0.944893	0.990991	2
11	61000001	1.11339	0.990991	2
11	62000001	1.15212	0.990991	2
11	63000001	1.32657	0.990991	2
11	64000001	0.870424	0.990991	2
11	65000001	0.968002	0.990991	2
11	66000001	1.05917	0.990991	2
11	67000001	1.24624	0.990991	2
11	68000001	1.01333	0.990991	2
11	69000001	1.57956	1.57956	3
11	70000001	0.937655	0.956247	2
11	71000001	1.30883	0.956247	2
11	72000001	1.06084	0.956247	2
11	73000001	0.986606	0.956247	2
11	74000001	0.973672	0.956247	2
11	75000001	1.05003	0.956247	2
11	76000001	0.737801	0.956247	2
11	77000001	0.817651	0.956247	2
11	78000001	1.21138	0.956247	2
11	79000001	1.21743	0.956247	2
11	80000001	0.708848	0.956247	2
11	81000001	0.94579	0.956247	2
11	82000001	0.953352	0.956247	2
11	83000001	1.06591	0.956247	2
11	84000001	0.909338	0.956247	2
11	85000001	0.957939	0.956247	2
11	86000001	1.12613	0.956247	2
11	87000001	0.772445	0.956247	2
11	88000001	1.10514	0.956247	2
11	89000001	0.954365	0.956247	2
11	90000001	0.98704	0.956247	2
11	91000001	0.868575	0.956247	2
11	92000001	0.992168	0.956247	2
11	93000001	1.05375	0.956247	2
11	94000001	0.740828	0.956247	2
11	95000001	0.794012	0.956247	2
11	96000001	1.29328	0.956247	2
11	97000001	0.77972	0.956247	2
11	98000001	1.12037	0.956247	2
11	99000001	1.08533	0.956247	2
11	100000001	0.78782	0.956247	2
11	101000001	0.768641	0.956247	2
11	102000001	1.01375	0.956247	2
11	103000001	0.843396	0.956247	2
11	104000001	1.06146	0.956247	2
11	105000001	0.71486	0.956247	2
11	106000001	1.00124	0.956247	2
11	107000001	1.1662	0.956247	2
11	108000001	0.81536	0.956247	2
11	109000001	0.740628	0.956247	2
11	110000001	0.866914	0.956247	2
11	111000001	0.814081	0.956247	2
11	112000001	1.16464	0.956247	2
11	113000001	0.677953	0.956247	2
11	114000001	0.908838	0.956247	2
11	115000001	1.0521	0.956247	2
11	116000001	0.715568	0.956247	2
11	117000001	1.09708	0.956247	2
11	118000001	0.902994	0.956247	2
11	119000001	1.10049	0.956247	2
11	120000001	0.954556	0.956247	2
11	121000001	0.885193	0.956247	2
11	122000001	0.993316	0.956247	2
11	123000001	1.08308	0.956247	2
11	124000001	0.880848	0.956247	2
11	125000001	1.0672	0.956247	2
11	126000001	1.01576	0.956247	2
11	127000001	0.894194	0.956247	2
11	128000001	0.964834	0.956247	2
11	129000001	0.732169	0.956247	2
11	130000001	1.23975	1.15591	2
11	131000001	1.06841	1.15591	2
11	132000001	1.09639	1.15591	2
11	133000001	1.28469	1.15591	2
11	134000001	1.14117	1.15591	2
11	135000001	1.17065	1.15591	2
12	1	1.16005	1.04111	2
12	1000001	1.03462	1.04111	2
12	2000001	1.04111	1.04111	2
12	3000001	0.948238	1.04111	2
12	4000001	1.10169	1.04111	2
12	5000001	0.864291	1.04111	2
12	6000001	1.03262	1.04111	2
12	7000001	1.05872	1.04111	2
12	8000001	1.2694	1.04111	2
12	9000001	1.10546	1.04111	2
12	10000001	0.908915	1.04111	2
12	11000001	0.990692	1.04111	2
12	12000001	1.04394	1.04111	2
12	13000001	1.04914	1.04111	2
12	14000001	1.03635	1.04111	2
12	15000001	0.816688	0.912719	2
12	16000001	0.988457	0.912719	2
12	17000001	0.779981	0.912719	2
12	18000001	0.998917	0.912719	2
12	19000001	0.827136	0.912719	2
12	20000001	1.15324	0.912719	2
12	21000001	0.959148	0.912719	2
12	22000001	0.725781	0.912719	2
12	23000001	0.972142	0.912719	2
12	24000001	0.914185	0.912719	2
12	25000001	1.07791	0.912719	2
12	26000001	0.850683	0.912719	2
12	27000001	0.814223	0.912719	2
12	28000001	0.683953	0.912719	2
12	29000001	0.9586	0.912719	2
12	30000001	0.783057	0.912719	2
12	31000001	1.02501	0.912719	2
12	32000001	1.21685	0.912719	2
12	33000001	0.908239	0.912719	2
12	34000001	0.781584	0.912719	2
12	35000001	0.619178	0.912719	2
12	36000001	0.517898	0.912719	2
12	37000001	0.82695	0.912719	2
12	38000001	0.970764	0.912719	2
12	39000001	1.00524	0.912719	2
12	40000001	1.16612	0.912719	2
12	41000001	1.00547	0.912719	2
12	42000001	0.910126	0.912719	2
12	43000001	0.912719	0.912719	2
12	44000001	0.90778	0.912719	2
12	45000001	1.03628	0.912719	2
12	46000001	0.762596	0.912719	2
12	47000001	0.931711	0.912719	2
12	48000001	1.7341	1.7341	3
12	49000001	0.867454	0.992069	2
12	50000001	0.968549	0.992069	2
12	51000001	1.0079	0.992069	2
12	52000001	1.09547	0.992069	2
12	53000001	1.02118	0.992069	2
12	54000001	1.00909	0.992069	2
12	55000001	0.976239	0.992069	2
12	56000001	1.06638	0.992069	2
12	57000001	0.857545	0.992069	2
12	58000001	1.02159	0.992069	2
12	59000001	0.790401	0.992069	2
12	60000001	0.715338	0.992069	2
12	61000001	0.767294	0.992069	2
12	62000001	1.14759	0.992069	2
12	63000001	1.13149	0.992069	2
12	64000001	0.793124	0.992069	2
12	65000001	1.14157	0.992069	2
12	66000001	0.956559	0.992069	2
12	67000001	0.933849	0.992069	2
12	68000001	1.03233	0.992069	2
12	69000001	0.756639	0.853602	2
12	70000001	0.666075	0.853602	2
12	71000001	0.982279	0.853602	2
12	72000001	0.848302	0.853602	2
12	73000001	1.0952	0.853602	2
12	74000001	0.811322	0.853602	2
12	75000001	0.832197	0.853602	2
12	76000001	0.991124	0.853602	2
12	77000001	0.770615	0.853602	2
12	78000001	0.913802	0.853602	2
12	79000001	0.722202	0.853602	2
12	80000001	0.810161	0.853602	2
12	81000001	0.799582	0.853602	2
12	82000001	0.727719	0.853602	2
12	83000001	0.574391	0.853602	2
12	84000001	1.03755	0.853602	2
12	85000001	0.63112	0.853602	2
12	86000001	0.936812	0.853602	2
12	87000001	0.983726	0.853602	2
12	88000001	0.754564	0.853602	2
12	89000001	0.901696	0.853602	2
12	90000001	0.924857	0.853602	2
12	91000001	0.901111	0.853602	2
12	92000001	0.853602	0.853602	2
12	93000001	0.778951	0.853602	2
12	94000001	0.846969	0.853602	2
12	95000001	1.14961	0.853602	2
12	96000001	0.973686	0.853602	2
12	97000001	0.862835	0.853602	2
12	98000001	0.837944	0.853602	2
12	99000001	0.98963	0.853602	2
12	100000001	0.989293	0.853602	2
12	101000001	0.90328	0.853602	2
12	102000001	0.886685	0.853602	2
12	103000001	0.790558	0.853602	2
12	104000001	1.00134	1.03087	2
12	105000001	0.990436	1.03087	2
12	106000001	0.97454	1.03087	2
12	107000001	0.950638	1.03087	2
12	108000001	1.25351	1.03087	2
12	109000001	1.13331	1.03087	2
12	110000001	0.879236	1.03087	2
12	111000001	1.3074	1.03087	2
12	112000001	0.88644	1.03087	2
12	113000001	1.07668	1.03087	2
12	114000001	1.14354	1.03087	2
12	115000001	0.970583	1.03087	2
12	116000001	1.11815	1.03087	2
12	117000001	1.02734	1.03087	2
12	118000001	0.942898	1.03087	2
12	119000001	0.655943	1.03087	2
12	120000001	1.0344	1.03087	2
12	121000001	1.18301	1.03087	2
12	122000001	1.09081	1.03087	2
12	123000001	0.992918	1.03087	2
12	124000001	1.2389	1.03087	2
12	125000001	0.763928	1.03087	2
12	126000001	0.980249	1.03087	2
12	127000001	0.929088	1.03087	2
12	128000001	0.909081	1.03087	2
12	129000001	1.35839	1.03087	2
12	130000001	1.1523	1.03087	2
12	131000001	1.45641	1.03087	2
12	132000001	1.32123	1.03087	2
12	133000001	1.11551	1.03087	2
13	1	-1	-1	2
13	1000001	-1	-1	2
13	2000001	-1	-1	2
13	3000001	-1	-1	2
13	4000001	-1	-1	2
13	5000001	-1	-1	2
13	6000001	-1	-1	2
13	7000001	-1	-1	2
13	8000001	-1	-1	2
13	9000001	-1	-1	2
13	10000001	-1	-1	2
13	11000001	-1	-1	2
13	12000001	-1	-1	2
13	13000001	-1	-1	2
13	14000001	-1	-1	2
13	15000001	-1	-1	2
13	16000001	0.89341	1.04738	2
13	17000001	1.04738	1.04738	2
13	18000001	1.35228	1.04738	2
13	19000001	0.998351	1.04738	2
13	20000001	1.08051	1.04738	2
13	21000001	0.931565	0.959827	2
13	22000001	1.06153	0.959827	2
13	23000001	1.02253	0.959827	2
13	24000001	0.809295	0.959827	2
13	25000001	0.777947	0.959827	2
13	26000001	0.858826	0.959827	2
13	27000001	0.821637	0.959827	2
13	28000001	1.13006	0.959827	2
13	29000001	0.86911	0.959827	2
13	30000001	0.851177	0.959827	2
13	31000001	1.1359	0.959827	2
13	32000001	0.710507	0.959827	2
13	33000001	1.05449	0.959827	2
13	34000001	1.05477	0.959827	2
13	35000001	1.07267	0.959827	2
13	36000001	0.919669	0.959827	2
13	37000001	0.930393	0.959827	2
13	38000001	1.05647	0.959827	2
13	39000001	0.797771	0.959827	2
13	40000001	1.01197	0.959827	2
13	41000001	1.21306	0.959827	2
13	42000001	0.954976	0.959827	2
13	43000001	0.80267	0.959827	2
13	44000001	0.761793	0.959827	2
13	45000001	0.981532	0.959827	2
13	46000001	0.854184	0.959827	2
13	47000001	0.941832	0.959827	2
13	48000001	0.77524	0.959827	2
13	49000001	1.14528	0.959827	2
13	50000001	1.0809	0.959827	2
13	51000001	1.09705	0.959827	2
13	52000001	0.959827	0.959827	2
13	53000001	1.00422	0.959827	2
13	54000001	1.03408	0.959827	2
13	55000001	0.973205	0.959827	2
13	56000001	0.778978	0.875427	2
13	57000001	0.834425	0.875427	2
13	58000001	0.625392	0.875427	2
13	59000001	0.875427	0.875427	2
13	60000001	0.921114	0.875427	2
13	61000001	0.901832	0.875427	2
13	62000001	1.02677	0.875427	2
13	63000001	0.797205	0.875427	2
13	64000001	0.886791	0.875427	2
13	65000001	0.689271	0.875427	2
13	66000001	0.876944	0.875427	2
13	67000001	1.03992	0.875427	2
13	68000001	0.918922	0.875427	2
13	69000001	0.825133	0.875427	2
13	70000001	0.797002	0.875427	2
13	71000001	1.81909	1.81909	4
13	72000001	0.643694	0.7708	2
13	73000001	0.673913	0.7708	2
13	74000001	0.885334	0.7708	2
13	75000001	1.00074	0.7708	2
13	76000001	0.757799	0.7708	2
13	77000001	0.904221	0.7708	2
13	78000001	0.750553	0.7708	2
13	79000001	0.783801	0.7708	2
13	80000001	0.950339	0.974098	2
13	81000001	1.02501	0.974098	2
13	82000001	0.975842	0.974098	2
13	83000001	0.892244	0.974098	2
13	84000001	0.846388	0.974098	2
13	85000001	0.972354	0.974098	2
13	86000001	1.11599	0.974098	2
13	87000001	0.988845	0.974098	2
13	88000001	1.04993	0.974098	2
13	89000001	1.02041	0.974098	2
13	90000001	0.924816	0.974098	2
13	91000001	1.03195	0.974098	2
13	92000001	0.926471	0.974098	2
13	93000001	0.640485	0.974098	2
13	94000001	0.818131	0.974098	2
13	95000001	0.812497	0.974098	2
13	96000001	1.20481	0.974098	2
13	97000001	0.824278	0.974098	2
13	98000001	1.09059	0.974098	2
13	99000001	1.03382	0.974098	2
13	100000001	0.688902	0.694209	1
13	101000001	0.886022	0.694209	1
13	102000001	0.668255	0.694209	1
13	103000001	0.694209	0.694209	1
13	104000001	0.621909	0.694209	1
13	105000001	1.04624	0.694209	1
13	106000001	0.958467	0.694209	1
13	107000001	0.582382	0.694209	1
13	108000001	0.884592	0.694209	1
13	109000001	1.1272	1.08915	2
13	110000001	1.03767	1.08915	2
13	111000001	0.908493	1.08915	2
13	112000001	1.07859	1.08915	2
13	113000001	1.15168	1.08915	2
13	114000001	1.0997	1.08915	2
14	1	-1	-1	2
14	1000001	-1	-1	2
14	2000001	-1	-1	2
14	3000001	-1	-1	2
14	4000001	-1	-1	2
14	5000001	-1	-1	2
14	6000001	-1	-1	2
14	7000001	-1	-1	2
14	8000001	-1	-1	2
14	9000001	-1	-1	2
14	10000001	-1	-1	2
14	11000001	-1	-1	2
14	12000001	-1	-1	2
14	13000001	-1	-1	2
14	14000001	-1	-1	2
14	15000001	-1	-1	2
14	16000001	1.2819	1.09482	2
14	17000001	1.01877	1.09482	2
14	18000001	1.15165	1.09482	2
14	19000001	0.993354	1.09482	2
14	20000001	0.860158	1.09482	2
14	21000001	1.15897	1.09482	2
14	22000001	1.17597	1.09482	2
14	23000001	1.10925	1.09482	2
14	24000001	0.910809	1.09482	2
14	25000001	1.08039	1.09482	2
14	26000001	0.939074	0.893321	2
14	27000001	0.653533	0.893321	2
14	28000001	0.651325	0.893321	2
14	29000001	0.933108	0.893321	2
14	30000001	0.848741	0.893321	2
14	31000001	1.03741	0.893321	2
14	32000001	0.852964	0.893321	2
14	33000001	1.27871	0.893321	2
14	34000001	0.934314	0.893321	2
14	35000001	0.916911	0.893321	2
14	36000001	0.746951	0.893321	2
14	37000001	0.939461	0.893321	2
14	38000001	0.741089	0.893321	2
14	39000001	0.8781	0.893321	2
14	40000001	0.740996	0.893321	2
14	41000001	0.762089	0.893321	2
14	42000001	0.967343	0.893321	2
14	43000001	0.894714	0.893321	2
14	44000001	0.955453	0.893321	2
14	45000001	0.915793	0.893321	2
14	46000001	0.805807	0.893321	2
14	47000001	0.952395	0.893321	2
14	48000001	1.05892	0.893321	2
14	49000001	0.913167	0.893321	2
14	50000001	1.04314	0.893321	2
14	51000001	0.882954	0.893321	2
14	52000001	1.0215	0.893321	2
14	53000001	0.843281	0.893321	2
14	54000001	1.206	0.893321	2
14	55000001	0.868208	0.893321	2
14	56000001	0.815296	0.893321	2
14	57000001	0.891928	0.893321	2
14	58000001	0.855333	0.893321	2
14	59000001	0.783971	0.893321	2
14	60000001	1.9142	1.9142	4
14	61000001	0.855619	0.883711	2
14	62000001	0.813102	0.883711	2
14	63000001	1.08246	0.883711	2
14	64000001	0.984925	0.883711	2
14	65000001	0.667323	0.883711	2
14	66000001	1.00176	0.883711	2
14	67000001	0.883711	0.883711	2
14	68000001	0.958707	0.883711	2
14	69000001	0.839617	0.883711	2
14	70000001	1.1216	1.11055	2
14	71000001	1.30981	1.11055	2
14	72000001	1.02811	1.11055	2
14	73000001	1.04332	1.11055	2
14	74000001	1.11055	1.11055	2
14	75000001	1.00451	0.880834	2
14	76000001	0.834221	0.880834	2
14	77000001	1.07293	0.880834	2
14	78000001	0.675691	0.880834	2
14	79000001	1.00673	0.880834	2
14	80000001	0.870207	0.880834	2
14	81000001	1.05276	0.880834	2
14	82000001	0.877591	0.880834	2
14	83000001	0.871377	0.880834	2
14	84000001	0.833275	0.880834	2
14	85000001	0.720621	0.880834	2
14	86000001	1.10298	0.880834	2
14	87000001	0.884076	0.880834	2
14	88000001	0.935916	0.880834	2
14	89000001	1.23427	1.11282	2
14	90000001	1.07624	1.11282	2
14	91000001	0.991624	1.11282	2
14	92000001	1.11282	1.11282	2
14	93000001	1.13696	1.11282	2
14	94000001	0.989584	1.11282	2
14	95000001	1.15799	1.11282	2
14	96000001	0.845545	0.960344	2
14	97000001	0.960344	0.960344	2
14	98000001	0.886297	0.960344	2
14	99000001	0.82592	0.960344	2
14	100000001	1.27263	0.960344	2
14	101000001	1.05096	0.960344	2
14	102000001	1.03207	0.960344	2
14	103000001	0.930786	0.960344	2
14	104000001	0.981417	0.960344	2
14	105000001	1.14438	0.960344	2
14	106000001	0.81963	0.960344	2
14	107000001	-1	-1	2
15	1	-1	-1	2
15	1000001	-1	-1	2
15	2000001	-1	-1	2
15	3000001	-1	-1	2
15	4000001	-1	-1	2
15	5000001	-1	-1	2
15	6000001	-1	-1	2
15	7000001	-1	-1	2
15	8000001	-1	-1	2
15	9000001	-1	-1	2
15	10000001	-1	-1	2
15	11000001	-1	-1	2
15	12000001	-1	-1	2
15	13000001	-1	-1	2
15	14000001	-1	-1	2
15	15000001	-1	-1	2
15	16000001	-1	-1	2
15	17000001	1.01422	0.989857	2
15	18000001	0.989857	0.989857	2
15	19000001	0.754528	0.989857	2
15	20000001	1.63227	1.65441	3
15	21000001	1.67656	1.65441	3
15	22000001	0.823121	0.806274	2
15	23000001	0.787334	0.806274	2
15	24000001	0.909245	0.806274	2
15	25000001	0.789427	0.806274	2
15	26000001	0.963524	0.963524	2
15	27000001	1.06735	1.15439	2
15	28000001	1.15439	1.15439	2
15	29000001	1.24613	1.15439	2
15	30000001	1.14336	1.15439	2
15	31000001	1.22683	1.15439	2
15	32000001	0.748377	0.874735	2
15	33000001	0.972035	0.874735	2
15	34000001	0.850841	0.874735	2
15	35000001	0.990312	0.874735	2
15	36000001	0.907158	0.874735	2
15	37000001	0.898629	0.874735	2
15	38000001	0.736142	0.874735	2
15	39000001	0.822596	0.874735	2
15	40000001	1.08671	1.073	2
15	41000001	1.14077	1.073	2
15	42000001	1.073	1.073	2
15	43000001	1.03835	1.073	2
15	44000001	0.837506	1.073	2
15	45000001	1.29415	1.073	2
15	46000001	1.0667	1.073	2
15	47000001	0.906965	1.073	2
15	48000001	0.736152	1.073	2
15	49000001	1.16998	1.073	2
15	50000001	1.11484	1.073	2
15	51000001	1.11152	1.073	2
15	52000001	1.03047	1.073	2
15	53000001	0.844568	0.922381	2
15	54000001	1.02967	0.922381	2
15	55000001	0.96495	0.922381	2
15	56000001	0.903285	0.922381	2
15	57000001	1.18184	0.922381	2
15	58000001	0.799174	0.922381	2
15	59000001	0.941476	0.922381	2
15	60000001	0.80683	0.922381	2
15	61000001	0.881659	0.922381	2
15	62000001	0.952574	0.922381	2
15	63000001	1.03332	1.07969	2
15	64000001	1.11159	1.07969	2
15	65000001	1.0779	1.07969	2
15	66000001	1.16207	1.07969	2
15	67000001	0.911042	1.07969	2
15	68000001	0.987111	1.07969	2
15	69000001	1.19984	1.07969	2
15	70000001	1.1995	1.07969	2
15	71000001	0.921626	1.07969	2
15	72000001	0.957221	1.07969	2
15	73000001	1.12469	1.07969	2
15	74000001	1.2382	1.07969	2
15	75000001	1.16188	1.07969	2
15	76000001	1.0691	1.07969	2
15	77000001	1.08	1.07969	2
15	78000001	1.09784	1.07969	2
15	79000001	1.07939	1.07969	2
15	80000001	1.06511	1.07969	2
15	81000001	0.921755	1.07969	2
15	82000001	1.09621	1.07969	2
15	83000001	0.856852	0.891418	2
15	84000001	0.830995	0.891418	2
15	85000001	0.919944	0.891418	2
15	86000001	0.912497	0.891418	2
15	87000001	0.891418	0.891418	2
15	88000001	1.09173	1.09173	2
15	89000001	1.25967	1.09173	2
15	90000001	0.951477	1.09173	2
15	91000001	1.06703	1.09173	2
15	92000001	1.18596	1.09173	2
15	93000001	0.954699	0.880506	2
15	94000001	0.771972	0.880506	2
15	95000001	0.880506	0.880506	2
15	96000001	0.702845	0.880506	2
15	97000001	0.754506	0.880506	2
15	98000001	1.01451	0.880506	2
15	99000001	1.03247	0.880506	2
15	100000001	0.865821	0.880506	2
15	101000001	0.884132	0.880506	2
16	1	1.05656	1.03181	2
16	1000001	1.20098	1.03181	2
16	2000001	1.03608	1.03181	2
16	3000001	0.962122	1.03181	2
16	4000001	1.13524	1.03181	2
16	5000001	1.12914	1.03181	2
16	6000001	1.0304	1.03181	2
16	7000001	1.04142	1.03181	2
16	8000001	1.04321	1.03181	2
16	9000001	0.832471	1.03181	2
16	10000001	1.51827	1.03181	2
16	11000001	1.11454	1.03181	2
16	12000001	1.032	1.03181	2
16	13000001	1.01979	1.03181	2
16	14000001	1.18472	1.03181	2
16	15000001	0.856259	1.03181	2
16	16000001	1.053	1.03181	2
16	17000001	0.884567	1.03181	2
16	18000001	0.933452	1.03181	2
16	19000001	1.08986	1.03181	2
16	20000001	0.818895	1.03181	2
16	21000001	0.991799	1.03181	2
16	22000001	1.20506	1.03181	2
16	23000001	1.27381	1.03181	2
16	24000001	0.877404	1.03181	2
16	25000001	0.899333	1.03181	2
16	26000001	0.887809	1.03181	2
16	27000001	0.821366	1.03181	2
16	28000001	0.805222	1.03181	2
16	29000001	1.10829	1.03181	2
16	30000001	0.940353	1.03181	2
16	31000001	1.03181	1.03181	2
16	32000001	0.9199	1.03181	2
16	33000001	1.84832	1.92312	4
16	34000001	1.99792	1.92312	4
16	35000001	1.10296	1.14192	2
16	36000001	1.18212	1.14192	2
16	37000001	1.09107	1.14192	2
16	38000001	1.18088	1.14192	2
16	39000001	-1	-1	2
16	40000001	-1	-1	2
16	41000001	-1	-1	2
16	42000001	-1	-1	2
16	43000001	-1	-1	2
16	44000001	-1	-1	2
16	45000001	-1	-1	2
16	46000001	3.9938	3.9938	8
16	47000001	1.01055	0.92014	2
16	48000001	0.650305	0.92014	2
16	49000001	0.830222	0.92014	2
16	50000001	1.06553	0.92014	2
16	51000001	1.18586	0.92014	2
16	52000001	0.703952	0.92014	2
16	53000001	1.09244	0.92014	2
16	54000001	0.965641	0.92014	2
16	55000001	0.891056	0.92014	2
16	56000001	1.08286	0.92014	2
16	57000001	1.16318	0.92014	2
16	58000001	0.944685	0.92014	2
16	59000001	0.92014	0.92014	2
16	60000001	0.717536	0.92014	2
16	61000001	0.807043	0.92014	2
16	62000001	0.713412	0.92014	2
16	63000001	0.876461	0.92014	2
16	64000001	1.01074	1.03525	2
16	65000001	1.03365	1.03525	2
16	66000001	1.08486	1.03525	2
16	67000001	1.09987	1.03525	2
16	68000001	1.15004	1.03525	2
16	69000001	0.859805	1.03525	2
16	70000001	1.10357	1.03525	2
16	71000001	1.03525	1.03525	2
16	72000001	1.0412	1.03525	2
16	73000001	0.930654	1.03525	2
16	74000001	1.18587	1.03525	2
16	75000001	1.12333	1.03525	2
16	76000001	0.885407	1.03525	2
16	77000001	1.00139	1.03525	2
16	78000001	0.826735	1.03525	2
16	79000001	0.940885	1.03525	2
16	80000001	1.16763	1.03525	2
16	81000001	1.20853	1.03525	2
16	82000001	1.02532	1.03525	2
16	83000001	0.884229	1.03525	2
16	84000001	1.38486	1.03525	2
16	85000001	1.10908	1.03525	2
16	86000001	1.14397	1.03525	2
16	87000001	0.9015	1.03525	2
16	88000001	1.26369	1.03525	2
16	89000001	0.948507	1.03525	2
16	90000001	0.933483	1.03525	2
17	1	1.3308	1.01074	2
17	1000001	0.679933	1.01074	2
17	2000001	1.01388	1.01074	2
17	3000001	0.940615	1.01074	2
17	4000001	1.0076	1.01074	2
17	5000001	1.13123	1.01074	2
17	6000001	1.05541	1.01074	2
17	7000001	0.968536	1.01074	2
17	8000001	0.785144	1.01074	2
17	9000001	1.12068	1.01074	2
17	10000001	0.864042	1.01074	2
17	11000001	1.01869	1.01074	2
17	12000001	0.831343	1.01074	2
17	13000001	1.09737	1.01074	2
17	14000001	0.600495	1.01074	2
17	15000001	1.13919	1.01074	2
17	16000001	1.08107	1.01074	2
17	17000001	1.07468	1.01074	2
17	18000001	0.990113	1.01074	2
17	19000001	0.902281	1.01074	2
17	20000001	1.11695	1.01074	2
17	21000001	0.89421	1.01074	2
17	22000001	1.24616	1.24616	2
17	23000001	1.18123	1.24616	2
17	24000001	1.16954	1.24616	2
17	25000001	1.4023	1.24616	2
17	26000001	1.6406	1.24616	2
17	27000001	1.0179	0.916579	2
17	28000001	0.410584	0.916579	2
17	29000001	0.792574	0.916579	2
17	30000001	1.25729	0.916579	2
17	31000001	0.561762	0.916579	2
17	32000001	0.656003	0.916579	2
17	33000001	0.916579	0.916579	2
17	34000001	1.04702	0.916579	2
17	35000001	0.699667	0.916579	2
17	36000001	0.743057	0.916579	2
17	37000001	0.563667	0.916579	2
17	38000001	1.12868	0.916579	2
17	39000001	1.12259	0.916579	2
17	40000001	1.11612	0.916579	2
17	41000001	0.953264	0.916579	2
17	42000001	0.544684	0.725628	1
17	43000001	0.52983	0.725628	1
17	44000001	0.646138	0.725628	1
17	45000001	0.886025	0.725628	1
17	46000001	0.540041	0.725628	1
17	47000001	0.793951	0.725628	1
17	48000001	0.8138	0.725628	1
17	49000001	1.02462	0.725628	1
17	50000001	0.701105	0.725628	1
17	51000001	0.557496	0.725628	1
17	52000001	0.390276	0.725628	1
17	53000001	0.734001	0.725628	1
17	54000001	0.949219	0.725628	1
17	55000001	0.717256	0.725628	1
17	56000001	1.22198	0.725628	1
17	57000001	1.16043	0.725628	1
17	58000001	0.495693	0.725628	1
17	59000001	0.775221	0.725628	1
17	60000001	0.578902	0.725628	1
17	61000001	0.830072	0.725628	1
17	62000001	1.54013	1.02191	2
17	63000001	1.07549	1.02191	2
17	64000001	1.02191	1.02191	2
17	65000001	0.979637	1.02191	2
17	66000001	0.976857	1.02191	2
17	67000001	0.58899	0.694358	1
17	68000001	0.580491	0.694358	1
17	69000001	0.748752	0.694358	1
17	70000001	0.819445	0.694358	1
17	71000001	0.688893	0.694358	1
17	72000001	0.699823	0.694358	1
17	73000001	1.09763	1.06626	2
17	74000001	1.138	1.06626	2
17	75000001	1.03488	1.06626	2
17	76000001	0.888624	1.06626	2
17	77000001	1.85226	1.06626	2
17	78000001	0.846876	1.06626	2
17	79000001	1.15935	1.06626	2
17	80000001	0.833615	1.06626	2
17	81000001	2.79535	2.79535	6
17	82000001	1.21679	1.09941	2
17	83000001	0.982038	1.09941	2
18	1	2.07517	2.07517	4
18	1000001	0.862393	0.888073	2
18	2000001	0.916243	0.888073	2
18	3000001	1.308	0.888073	2
18	4000001	1.08002	0.888073	2
18	5000001	0.750352	0.888073	2
18	6000001	0.84609	0.888073	2
18	7000001	0.824317	0.888073	2
18	8000001	0.927948	0.888073	2
18	9000001	0.696172	0.888073	2
18	10000001	0.91865	0.888073	2
18	11000001	0.702073	0.888073	2
18	12000001	1.0241	0.888073	2
18	13000001	0.838049	0.888073	2
18	14000001	1.00929	0.888073	2
18	15000001	0.772169	0.888073	2
18	16000001	0.886506	0.888073	2
18	17000001	1.07597	0.888073	2
18	18000001	1.02293	0.888073	2
18	19000001	1.2786	0.888073	2
18	20000001	0.889639	0.888073	2
18	21000001	1.10229	0.888073	2
18	22000001	0.857634	0.888073	2
18	23000001	0.750352	0.888073	2
18	24000001	0.734138	0.888073	2
18	25000001	0.923039	0.888073	2
18	26000001	0.849476	0.888073	2
18	27000001	0.747179	0.888073	2
18	28000001	0.840651	0.888073	2
18	29000001	1.23669	0.888073	2
18	30000001	0.714727	0.888073	2
18	31000001	0.944888	0.888073	2
18	32000001	0.88253	0.888073	2
18	33000001	0.827643	0.888073	2
18	34000001	0.907599	0.888073	2
18	35000001	1.02736	0.888073	2
18	36000001	1.01023	0.888073	2
18	37000001	0.927362	0.888073	2
18	38000001	0.75687	0.888073	2
18	39000001	1.14089	0.947406	2
18	40000001	1.18551	0.947406	2
18	41000001	0.950253	0.947406	2
18	42000001	0.96851	0.947406	2
18	43000001	0.844025	0.947406	2
18	44000001	1.2386	0.947406	2
18	45000001	0.900138	0.947406	2
18	46000001	1.30187	0.947406	2
18	47000001	0.897138	0.947406	2
18	48000001	0.886705	0.947406	2
18	49000001	1.07056	0.947406	2
18	50000001	1.0304	0.947406	2
18	51000001	0.937319	0.947406	2
18	52000001	0.951583	0.947406	2
18	53000001	0.88404	0.947406	2
18	54000001	0.808204	0.947406	2
18	55000001	0.840479	0.947406	2
18	56000001	0.853493	0.947406	2
18	57000001	0.719094	0.947406	2
18	58000001	1.00403	0.947406	2
18	59000001	0.825887	0.947406	2
18	60000001	1.02414	0.947406	2
18	61000001	1.66165	0.947406	2
18	62000001	1.0048	0.947406	2
18	63000001	0.859238	0.947406	2
18	64000001	0.994915	0.947406	2
18	65000001	0.983951	0.947406	2
18	66000001	0.6603	0.947406	2
18	67000001	0.782483	0.947406	2
18	68000001	0.99105	0.947406	2
18	69000001	0.973193	0.947406	2
18	70000001	1.04934	0.947406	2
18	71000001	0.907158	0.947406	2
18	72000001	0.849382	0.947406	2
18	73000001	0.758277	0.947406	2
18	74000001	0.944558	0.947406	2
18	75000001	1.03805	0.947406	2
18	76000001	0.928167	0.947406	2
18	77000001	1.58167	1.58167	3
18	78000001	0.865499	1.01783	2
18	79000001	1.01783	1.01783	2
18	80000001	1.16769	1.01783	2
19	1	1.10745	1.14451	2
19	1000001	1.04016	1.14451	2
19	2000001	1.21125	1.14451	2
19	3000001	1.18157	1.14451	2
19	4000001	1.3435	1.14451	2
19	5000001	1.06414	1.14451	2
19	6000001	1.36839	1.14451	2
19	7000001	1.08866	1.14451	2
19	8000001	0.790499	1.02587	2
19	9000001	1.15449	1.02587	2
19	10000001	0.779342	1.02587	2
19	11000001	1.16667	1.02587	2
19	12000001	0.869672	1.02587	2
19	13000001	1.10583	1.02587	2
19	14000001	0.903968	1.02587	2
19	15000001	1.02587	1.02587	2
19	16000001	1.09696	1.02587	2
19	17000001	1.07359	1.02587	2
19	18000001	0.854031	1.02587	2
19	19000001	1.45099	1.45099	3
19	20000001	0.830496	1.07043	2
19	21000001	1.03769	1.07043	2
19	22000001	0.946627	1.07043	2
19	23000001	1.07215	1.07043	2
19	24000001	1.07043	1.07043	2
19	25000001	1.2752	1.07043	2
19	26000001	1.14125	1.07043	2
19	27000001	1.0299	1.00573	2
19	28000001	1.06463	1.00573	2
19	29000001	1.00184	1.00573	2
19	30000001	0.823071	1.00573	2
19	31000001	1.03763	1.00573	2
19	32000001	1.00573	1.00573	2
19	33000001	0.996188	1.00573	2
19	34000001	1.30329	1.24777	2
19	35000001	1.16495	1.24777	2
19	36000001	1.19225	1.24777	2
19	37000001	1.36665	1.24777	2
19	38000001	0.988687	0.991551	2
19	39000001	0.992708	0.991551	2
19	40000001	1.02503	0.991551	2
19	41000001	0.990394	0.991551	2
19	42000001	1.15163	0.991551	2
19	43000001	1.01382	0.991551	2
19	44000001	0.842056	0.991551	2
19	45000001	0.98471	0.991551	2
19	46000001	1.15459	1.15459	2
19	47000001	1.12839	1.15459	2
19	48000001	1.38852	1.15459	2
19	49000001	0.959381	0.991873	2
19	50000001	0.975318	0.991873	2
19	51000001	0.900232	0.991873	2
19	52000001	0.876385	0.991873	2
19	53000001	1.08323	0.991873	2
19	54000001	1.12778	0.991873	2
19	55000001	0.987683	0.991873	2
19	56000001	1.00249	0.991873	2
19	57000001	1.08589	0.991873	2
19	58000001	0.996063	0.991873	2
2	1	0.893054	0.948899	2
2	1000001	1.07244	0.948899	2
2	2000001	1.03185	0.948899	2
2	3000001	0.849922	0.948899	2
2	4000001	0.936891	0.948899	2
2	5000001	0.920855	0.948899	2
2	6000001	0.898758	0.948899	2
2	7000001	1.0638	0.948899	2
2	8000001	0.868866	0.948899	2
2	9000001	0.950593	0.948899	2
2	10000001	0.948824	0.948899	2
2	11000001	0.856443	0.948899	2
2	12000001	0.967026	0.948899	2
2	13000001	1.12952	0.948899	2
2	14000001	1.07834	0.948899	2
2	15000001	0.870343	0.948899	2
2	16000001	1.12392	0.948899	2
2	17000001	0.723698	0.948899	2
2	18000001	0.953459	0.948899	2
2	19000001	1.21496	0.948899	2
2	20000001	0.846886	0.948899	2
2	21000001	0.81121	0.948899	2
2	22000001	0.869295	0.948899	2
2	23000001	0.88506	0.948899	2
2	24000001	0.828374	0.948899	2
2	25000001	0.99639	0.948899	2
2	26000001	1.00114	0.948899	2
2	27000001	0.860493	0.948899	2
2	28000001	0.846887	0.948899	2
2	29000001	1.08133	0.948899	2
2	30000001	0.86738	0.948899	2
2	31000001	1.15032	0.948899	2
2	32000001	0.863999	0.948899	2
2	33000001	0.721615	0.948899	2
2	34000001	0.977479	0.948899	2
2	35000001	1.13937	0.948899	2
2	36000001	1.08267	0.948899	2
2	37000001	0.799426	0.948899	2
2	38000001	0.955833	0.948899	2
2	39000001	0.775697	0.948899	2
2	40000001	1.15068	0.948899	2
2	41000001	0.691354	0.948899	2
2	42000001	1.15534	0.948899	2
2	43000001	0.913485	0.948899	2
2	44000001	1.1104	0.948899	2
2	45000001	1.02457	0.948899	2
2	46000001	1.2333	0.948899	2
2	47000001	0.906619	0.948899	2
2	48000001	1.02366	0.948899	2
2	49000001	0.925604	0.948899	2
2	50000001	0.962609	0.948899	2
2	51000001	0.948899	0.948899	2
2	52000001	1.01788	0.948899	2
2	53000001	1.10546	0.948899	2
2	54000001	0.66233	0.948899	2
2	55000001	1.11253	0.948899	2
2	56000001	0.915047	0.948899	2
2	57000001	1.81618	1.81618	4
2	58000001	0.959121	0.95446	2
2	59000001	0.926594	0.95446	2
2	60000001	1.0687	0.95446	2
2	61000001	1.18965	0.95446	2
2	62000001	0.758128	0.95446	2
2	63000001	0.91086	0.95446	2
2	64000001	0.662558	0.95446	2
2	65000001	0.936364	0.95446	2
2	66000001	0.822598	0.95446	2
2	67000001	1.23322	0.95446	2
2	68000001	1.21423	0.95446	2
2	69000001	1.05591	0.95446	2
2	70000001	1.09309	0.95446	2
2	71000001	1.16683	0.95446	2
2	72000001	0.898045	0.95446	2
2	73000001	0.983272	0.95446	2
2	74000001	1.19728	0.95446	2
2	75000001	0.837089	0.95446	2
2	76000001	1.15059	0.95446	2
2	77000001	1.06397	0.95446	2
2	78000001	0.95446	0.95446	2
2	79000001	0.872427	0.95446	2
2	80000001	0.845162	0.95446	2
2	81000001	0.891037	0.95446	2
2	82000001	0.893108	0.95446	2
2	83000001	1.84442	1.84442	4
2	84000001	0.833984	0.860909	2
2	85000001	0.860909	0.860909	2
2	86000001	0.900805	0.860909	2
2	87000001	1.90406	1.90406	4
2	88000001	0.987111	1.19364	2
2	89000001	0.96094	1.19364	2
2	90000001	1.58778	1.19364	2
2	91000001	1.40016	1.19364	2
2	92000001	0.816036	0.933779	2
2	93000001	0.639858	0.933779	2
2	94000001	0.976604	0.933779	2
2	95000001	1.04357	0.933779	2
2	96000001	1.00571	0.933779	2
2	97000001	0.838397	0.933779	2
2	98000001	0.775296	0.933779	2
2	99000001	1.72467	0.933779	2
2	100000001	0.960286	0.933779	2
2	101000001	0.913829	0.933779	2
2	102000001	0.916689	0.933779	2
2	103000001	1.09493	0.933779	2
2	104000001	0.942051	0.933779	2
2	105000001	1.06986	0.933779	2
2	106000001	0.879308	0.933779	2
2	107000001	0.630014	0.933779	2
2	108000001	1.02853	0.933779	2
2	109000001	0.90771	0.933779	2
2	110000001	0.939324	0.933779	2
2	111000001	1.15975	0.933779	2
2	112000001	0.926414	0.933779	2
2	113000001	0.743285	0.933779	2
2	114000001	0.968748	0.933779	2
2	115000001	1.05308	0.933779	2
2	116000001	0.985704	0.933779	2
2	117000001	0.978778	0.933779	2
2	118000001	0.928235	0.933779	2
2	119000001	0.921679	0.933779	2
2	120000001	0.956629	0.933779	2
2	121000001	0.854439	0.933779	2
2	122000001	0.885662	0.933779	2
2	123000001	0.900975	0.933779	2
2	124000001	1.72125	1.72125	3
2	125000001	0.750794	0.928174	2
2	126000001	0.947217	0.928174	2
2	127000001	1.05539	0.928174	2
2	128000001	0.991149	0.928174	2
2	129000001	0.89663	0.928174	2
2	130000001	1.1486	0.928174	2
2	131000001	1.09277	0.928174	2
2	132000001	0.965846	0.928174	2
2	133000001	0.848217	0.928174	2
2	134000001	0.949073	0.928174	2
2	135000001	0.888358	0.928174	2
2	136000001	0.916138	0.928174	2
2	137000001	0.97343	0.928174	2
2	138000001	0.695576	0.928174	2
2	139000001	0.94021	0.928174	2
2	140000001	0.81722	0.928174	2
2	141000001	0.853875	0.928174	2
2	142000001	0.751814	0.928174	2
2	143000001	1.23674	0.928174	2
2	144000001	0.814308	0.928174	2
2	145000001	0.911353	0.928174	2
2	146000001	1.02345	0.928174	2
2	147000001	0.764075	0.928174	2
2	148000001	0.85688	0.928174	2
2	149000001	1.04249	0.928174	2
2	150000001	1.44372	0.928174	2
2	151000001	0.865299	0.928174	2
2	152000001	0.840321	0.928174	2
2	153000001	0.947405	0.928174	2
2	154000001	1.04514	0.928174	2
2	155000001	0.993639	0.928174	2
2	156000001	0.893814	0.928174	2
2	157000001	1.02836	0.928174	2
2	158000001	1.01499	0.928174	2
2	159000001	0.997059	0.928174	2
2	160000001	0.724925	0.928174	2
2	161000001	1.14156	0.928174	2
2	162000001	0.877227	0.928174	2
2	163000001	0.771675	0.928174	2
2	164000001	0.713025	0.928174	2
2	165000001	1.13014	0.928174	2
2	166000001	1.07137	0.928174	2
2	167000001	0.785139	0.928174	2
2	168000001	0.840477	0.928174	2
2	169000001	1.69206	1.69206	3
2	170000001	0.913326	0.919162	2
2	171000001	1.09483	0.919162	2
2	172000001	0.835382	0.919162	2
2	173000001	1.10436	0.919162	2
2	174000001	0.950963	0.919162	2
2	175000001	0.913383	0.919162	2
2	176000001	0.639505	0.919162	2
2	177000001	0.93671	0.919162	2
2	178000001	0.691979	0.919162	2
2	179000001	0.889678	0.919162	2
2	180000001	0.924942	0.919162	2
2	181000001	1.08884	0.919162	2
2	182000001	0.771791	0.919162	2
2	183000001	1.11027	0.919162	2
2	184000001	1.05996	0.919162	2
2	185000001	0.710171	0.919162	2
2	186000001	1.03454	0.919162	2
2	187000001	0.888067	0.919162	2
2	188000001	1.06169	0.919162	2
2	189000001	0.580671	0.919162	2
2	190000001	0.651772	0.919162	2
2	191000001	1.12406	0.919162	2
2	192000001	0.799635	0.919162	2
2	193000001	0.936462	0.919162	2
2	194000001	2.26442	2.26442	5
2	195000001	0.834633	0.906887	2
2	196000001	0.8034	0.906887	2
2	197000001	0.893802	0.906887	2
2	198000001	1.04307	0.906887	2
2	199000001	0.942653	0.906887	2
2	200000001	0.91288	0.906887	2
2	201000001	0.906887	0.906887	2
2	202000001	1.22506	0.906887	2
2	203000001	1.02478	0.906887	2
2	204000001	0.932281	0.906887	2
2	205000001	0.930702	0.906887	2
2	206000001	0.814391	0.906887	2
2	207000001	1.29714	0.906887	2
2	208000001	0.899612	0.906887	2
2	209000001	0.881807	0.906887	2
2	210000001	0.740911	0.906887	2
2	211000001	0.564194	0.906887	2
2	212000001	0.718813	0.906887	2
2	213000001	0.909175	0.906887	2
2	214000001	0.800792	0.906887	2
2	215000001	0.886086	0.906887	2
2	216000001	1.10505	0.906887	2
2	217000001	0.985522	0.906887	2
2	218000001	1.03084	0.906887	2
2	219000001	1.12905	0.906887	2
2	220000001	0.854439	0.906887	2
2	221000001	0.836286	0.906887	2
2	222000001	1.1149	0.906887	2
2	223000001	0.801929	0.906887	2
2	224000001	1.02484	1.02484	2
2	225000001	1.59279	1.02484	2
2	226000001	0.945165	1.02484	2
2	227000001	0.964509	1.02484	2
2	228000001	0.927103	1.02484	2
2	229000001	1.17793	1.02484	2
2	230000001	0.948328	1.02484	2
2	231000001	1.06847	1.02484	2
2	232000001	1.28493	1.02484	2
2	233000001	1.16033	1.02484	2
2	234000001	0.977153	1.02484	2
2	235000001	1.52739	1.17325	2
2	236000001	1.1012	1.17325	2
2	237000001	1.01053	1.17325	2
2	238000001	1.61108	1.17325	2
2	239000001	1.05782	1.17325	2
2	240000001	1.08338	1.17325	2
2	241000001	1.2453	1.17325	2
2	242000001	1.69155	1.17325	2
20	1	2.55372	2.55372	5
20	1000001	0.822744	0.954086	2
20	2000001	0.81751	0.954086	2
20	3000001	1.03955	0.954086	2
20	4000001	0.946289	0.954086	2
20	5000001	1.02627	0.954086	2
20	6000001	1.21304	0.954086	2
20	7000001	1.29129	0.954086	2
20	8000001	0.977479	0.954086	2
20	9000001	0.76971	0.954086	2
20	10000001	0.937235	0.954086	2
20	11000001	0.81603	0.954086	2
20	12000001	0.940863	0.954086	2
20	13000001	1.23831	0.954086	2
20	14000001	0.982055	0.954086	2
20	15000001	0.846908	0.954086	2
20	16000001	1.07385	0.954086	2
20	17000001	1.08205	0.954086	2
20	18000001	1.21449	0.954086	2
20	19000001	0.99104	0.954086	2
20	20000001	0.714095	0.954086	2
20	21000001	1.03604	0.954086	2
20	22000001	1.28281	0.954086	2
20	23000001	1.11578	0.954086	2
20	24000001	1.02547	0.954086	2
20	25000001	0.960675	0.954086	2
20	26000001	0.90805	0.954086	2
20	27000001	0.589544	0.954086	2
20	28000001	0.717874	0.954086	2
20	29000001	0.841442	0.954086	2
20	30000001	0.931153	0.954086	2
20	31000001	0.947496	0.954086	2
20	32000001	1.22979	0.954086	2
20	33000001	0.98161	0.954086	2
20	34000001	0.9297	0.954086	2
20	35000001	1.05868	0.954086	2
20	36000001	1.08347	0.954086	2
20	37000001	1.11597	0.954086	2
20	38000001	0.920863	0.954086	2
20	39000001	0.941265	0.954086	2
20	40000001	0.889025	0.954086	2
20	41000001	0.878772	0.954086	2
20	42000001	0.741987	0.954086	2
20	43000001	1.05664	1.07366	2
20	44000001	1.22233	1.07366	2
20	45000001	1.0474	1.07366	2
20	46000001	1.08354	1.07366	2
20	47000001	1.20266	1.07366	2
20	48000001	1.14401	1.07366	2
20	49000001	1.1703	1.07366	2
20	50000001	1.12376	1.07366	2
20	51000001	1.09852	1.07366	2
20	52000001	0.960423	1.07366	2
20	53000001	0.954838	1.07366	2
20	54000001	0.693842	1.07366	2
20	55000001	0.881296	1.07366	2
20	56000001	0.946563	1.07366	2
20	57000001	1.11141	1.07366	2
20	58000001	1.06378	1.07366	2
20	59000001	1.01951	1.07366	2
20	60000001	0.90981	1.07366	2
20	61000001	1.16229	1.07366	2
20	62000001	1.3818	1.07366	2
20	63000001	1.02211	1.07366	2
20	64000001	1.21783	1.07366	2
21	1	-1	-1	2
21	1000001	-1	-1	2
21	2000001	-1	-1	2
21	3000001	-1	-1	2
21	4000001	-1	-1	2
21	5000001	1.43152	1.18843	2
21	6000001	0.945338	1.18843	2
21	7000001	1.87426	1.96689	4
21	8000001	2.05951	1.96689	4
21	9000001	1.14734	1.47693	3
21	10000001	1.80652	1.47693	3
21	11000001	0.950495	0.877265	2
21	12000001	0.941285	0.877265	2
21	13000001	0.763951	0.877265	2
21	14000001	0.94962	0.877265	2
21	15000001	0.695605	0.877265	2
21	16000001	1.14162	0.877265	2
21	17000001	0.816786	0.877265	2
21	18000001	0.853827	0.877265	2
21	19000001	0.984234	0.877265	2
21	20000001	0.825249	0.877265	2
21	21000001	0.755485	0.877265	2
21	22000001	0.986557	0.877265	2
21	23000001	0.670596	0.877265	2
21	24000001	0.900703	0.877265	2
21	25000001	1.05769	0.987186	2
21	26000001	0.987186	0.987186	2
21	27000001	0.922575	0.987186	2
21	28000001	0.978645	0.987186	2
21	29000001	1.0518	0.987186	2
21	30000001	0.989087	0.987186	2
21	31000001	0.874328	0.987186	2
21	32000001	1.05415	1.06231	2
21	33000001	1.09579	1.06231	2
21	34000001	1.16908	1.06231	2
21	35000001	1.13838	1.06231	2
21	36000001	1.03682	1.06231	2
21	37000001	0.745177	1.06231	2
21	38000001	0.989475	1.06231	2
21	39000001	0.983196	1.06231	2
21	40000001	1.18497	1.06231	2
21	41000001	1.11974	1.06231	2
21	42000001	0.988851	1.06231	2
21	43000001	1.1061	1.06231	2
21	44000001	1.06231	1.06231	2
21	45000001	1.04144	1.06231	2
21	46000001	1.2593	1.06231	2
22	1	-1	-1	1
22	1000001	-1	-1	1
22	2000001	-1	-1	1
22	3000001	-1	-1	1
22	4000001	-1	-1	1
22	5000001	-1	-1	1
22	6000001	-1	-1	1
22	7000001	-1	-1	1
22	8000001	-1	-1	1
22	9000001	-1	-1	1
22	10000001	0.722279	0.722279	1
22	11000001	1.06417	1.1484	2
22	12000001	1.34595	1.1484	2
22	13000001	0.942905	1.1484	2
22	14000001	1.04345	1.1484	2
22	15000001	1.14132	1.1484	2
22	16000001	1.42042	1.1484	2
22	17000001	1.15549	1.1484	2
22	18000001	1.17774	1.1484	2
22	19000001	0.891716	1.1484	2
22	20000001	1.25364	1.1484	2
22	21000001	1.16153	1.1484	2
22	22000001	1.01995	1.1484	2
22	23000001	0.977014	1.1484	2
22	24000001	1.19241	1.1484	2
22	25000001	1.09378	1.1484	2
22	26000001	1.29838	1.1484	2
22	27000001	0.975483	1.04397	2
22	28000001	1.04397	1.04397	2
22	29000001	1.09876	1.04397	2
22	30000001	0.822585	0.822585	2
22	31000001	1.02672	0.822585	2
22	32000001	0.866489	0.822585	2
22	33000001	0.795863	0.822585	2
22	34000001	0.82025	0.822585	2
22	35000001	1.31506	1.31506	3
22	36000001	1.36758	1.31506	3
22	37000001	1.21833	1.31506	3
22	38000001	0.90849	0.997483	2
22	39000001	0.940309	0.997483	2
22	40000001	1.20069	0.997483	2
22	41000001	1.10923	0.997483	2
22	42000001	1.01126	0.997483	2
22	43000001	0.969628	0.997483	2
22	44000001	0.86493	0.997483	2
22	45000001	0.997483	0.997483	2
22	46000001	0.873144	0.997483	2
22	47000001	1.01355	0.997483	2
22	48000001	1.10329	0.997483	2
22	49000001	1.23412	0.997483	2
22	50000001	0.975319	0.997483	2
3	1	0.956371	0.910678	2
3	1000001	0.965953	0.910678	2
3	2000001	0.729777	0.910678	2
3	3000001	0.813111	0.910678	2
3	4000001	0.729251	0.910678	2
3	5000001	0.889909	0.910678	2
3	6000001	1.43589	0.910678	2
3	7000001	0.751084	0.910678	2
3	8000001	0.96136	0.910678	2
3	9000001	0.905941	0.910678	2
3	10000001	1.06766	0.910678	2
3	11000001	0.910678	0.910678	2
3	12000001	0.965377	0.910678	2
3	13000001	1.05481	0.910678	2
3	14000001	1.11711	0.910678	2
3	15000001	0.845528	0.910678	2
3	16000001	0.764484	0.910678	2
3	17000001	1.3473	0.910678	2
3	18000001	0.795912	0.910678	2
3	19000001	0.443752	0.538976	1
3	20000001	0.599136	0.538976	1
3	21000001	0.443683	0.538976	1
3	22000001	0.692633	0.538976	1
3	23000001	0.478816	0.538976	1
3	24000001	0.708074	0.538976	1
3	25000001	0.790146	0.791891	2
3	26000001	0.878506	0.791891	2
3	27000001	0.599558	0.791891	2
3	28000001	0.745082	0.791891	2
3	29000001	0.990714	0.791891	2
3	30000001	0.791891	0.791891	2
3	31000001	1.01167	0.791891	2
3	32000001	0.886539	0.791891	2
3	33000001	1.05616	0.791891	2
3	34000001	0.533609	0.791891	2
3	35000001	0.81246	0.791891	2
3	36000001	0.657894	0.791891	2
3	37000001	0.608253	0.791891	2
3	38000001	0.949327	0.913266	2
3	39000001	1.04908	0.913266	2
3	40000001	1.06556	0.913266	2
3	41000001	0.857115	0.913266	2
3	42000001	1.11026	0.913266	2
3	43000001	1.00167	0.913266	2
3	44000001	0.645174	0.913266	2
3	45000001	0.879436	0.913266	2
3	46000001	1.0403	0.913266	2
3	47000001	0.712297	0.913266	2
3	48000001	0.913858	0.913266	2
3	49000001	1.14222	0.913266	2
3	50000001	0.944477	0.913266	2
3	51000001	1.19174	0.913266	2
3	52000001	0.862788	0.913266	2
3	53000001	0.795302	0.913266	2
3	54000001	0.990947	0.913266	2
3	55000001	0.848027	0.913266	2
3	56000001	0.718935	0.913266	2
3	57000001	1.02314	0.913266	2
3	58000001	0.912674	0.913266	2
3	59000001	0.870074	0.913266	2
3	60000001	0.717181	0.913266	2
3	61000001	0.924479	0.913266	2
3	62000001	0.687958	0.913266	2
3	63000001	0.821133	0.913266	2
3	64000001	0.979312	0.913266	2
3	65000001	0.888511	0.913266	2
3	66000001	0.402099	0.434737	1
3	67000001	0.434737	0.434737	1
3	68000001	0.458209	0.434737	1
3	69000001	0.753529	0.903045	2
3	70000001	0.76092	0.903045	2
3	71000001	0.932128	0.903045	2
3	72000001	0.942833	0.903045	2
3	73000001	0.375176	0.903045	2
3	74000001	0.81094	0.903045	2
3	75000001	1.05369	0.903045	2
3	76000001	0.718261	0.903045	2
3	77000001	0.737011	0.903045	2
3	78000001	0.876911	0.903045	2
3	79000001	0.928095	0.903045	2
3	80000001	1.03001	0.903045	2
3	81000001	0.955827	0.903045	2
3	82000001	0.903599	0.903045	2
3	83000001	0.718466	0.903045	2
3	84000001	1.00033	0.903045	2
3	85000001	0.706034	0.903045	2
3	86000001	0.492324	0.903045	2
3	87000001	0.995349	0.903045	2
3	88000001	0.964614	0.903045	2
3	89000001	0.607978	0.903045	2
3	90000001	1.10315	0.903045	2
3	91000001	0.826973	0.903045	2
3	92000001	0.934553	0.903045	2
3	93000001	0.823478	0.903045	2
3	94000001	0.903045	0.903045	2
3	95000001	0.804847	0.903045	2
3	96000001	0.934025	0.903045	2
3	97000001	1.25235	0.903045	2
3	98000001	0.948462	0.903045	2
3	99000001	0.882948	0.903045	2
3	100000001	0.935504	0.903045	2
3	101000001	0.808959	0.903045	2
3	102000001	0.827135	0.903045	2
3	103000001	0.792283	0.903045	2
3	104000001	0.931215	0.903045	2
3	105000001	1.06956	0.903045	2
3	106000001	0.916026	0.903045	2
3	107000001	0.840218	0.903045	2
3	108000001	0.872853	0.903045	2
3	109000001	0.83163	0.903045	2
3	110000001	0.911359	0.903045	2
3	111000001	0.923558	0.903045	2
3	112000001	0.786307	0.903045	2
3	113000001	0.949978	0.903045	2
3	114000001	0.971161	1.02786	2
3	115000001	1.35448	1.02786	2
3	116000001	0.97376	1.02786	2
3	117000001	0.978896	1.02786	2
3	118000001	1.02021	1.02786	2
3	119000001	1.21468	1.02786	2
3	120000001	1.09243	1.02786	2
3	121000001	1.11116	1.02786	2
3	122000001	0.97141	1.02786	2
3	123000001	1.1949	1.02786	2
3	124000001	0.86537	1.02786	2
3	125000001	1.07885	1.02786	2
3	126000001	0.955786	1.02786	2
3	127000001	1.13664	1.02786	2
3	128000001	1.25971	1.02786	2
3	129000001	1.0199	1.02786	2
3	130000001	0.706997	1.02786	2
3	131000001	0.896512	1.02786	2
3	132000001	1.4394	1.02786	2
3	133000001	1.0355	1.02786	2
3	134000001	0.946289	1.02786	2
3	135000001	1.01285	1.02786	2
3	136000001	1.12902	1.02786	2
3	137000001	0.74426	1.02786	2
3	138000001	1.27577	1.02786	2
3	139000001	0.847121	1.02786	2
3	140000001	1.1967	1.02786	2
3	141000001	0.86105	1.02786	2
3	142000001	1.08038	1.02786	2
3	143000001	1.40113	1.02786	2
3	144000001	0.765652	0.750142	2
3	145000001	0.57936	0.750142	2
3	146000001	0.783533	0.750142	2
3	147000001	0.734631	0.750142	2
3	148000001	1.09416	0.95063	2
3	149000001	0.789331	0.95063	2
3	150000001	1.0859	0.95063	2
3	151000001	0.702254	0.95063	2
3	152000001	1.0765	0.95063	2
3	153000001	0.965571	0.95063	2
3	154000001	0.97804	0.95063	2
3	155000001	0.96367	0.95063	2
3	156000001	1.04728	0.95063	2
3	157000001	0.990812	0.95063	2
3	158000001	1.0007	0.95063	2
3	159000001	0.887756	0.95063	2
3	160000001	1.12771	0.95063	2
3	161000001	0.797196	0.95063	2
3	162000001	0.834401	0.95063	2
3	163000001	0.896623	0.95063	2
3	164000001	0.677627	0.95063	2
3	165000001	1.00182	0.95063	2
3	166000001	1.27718	0.95063	2
3	167000001	1.16437	0.95063	2
3	168000001	0.673469	0.95063	2
3	169000001	0.941856	0.95063	2
3	170000001	0.912777	0.95063	2
3	171000001	0.795991	0.95063	2
3	172000001	0.799286	0.95063	2
3	173000001	0.762016	0.95063	2
3	174000001	0.816068	0.95063	2
3	175000001	0.724016	0.95063	2
3	176000001	1.02174	0.95063	2
3	177000001	1.06218	0.95063	2
3	178000001	1.11569	0.95063	2
3	179000001	0.956671	0.95063	2
3	180000001	0.860215	0.95063	2
3	181000001	1.22037	0.95063	2
3	182000001	0.923902	0.95063	2
3	183000001	0.956614	0.95063	2
3	184000001	1.1445	0.95063	2
3	185000001	0.713226	0.95063	2
3	186000001	1.2459	0.95063	2
3	187000001	0.803656	0.95063	2
3	188000001	1.30039	0.95063	2
3	189000001	1.07995	0.95063	2
3	190000001	0.632455	0.95063	2
3	191000001	0.857076	0.95063	2
3	192000001	0.930175	0.95063	2
3	193000001	0.944646	0.95063	2
3	194000001	1.12509	1.12509	2
3	195000001	1.06546	1.12509	2
3	196000001	1.09468	1.12509	2
3	197000001	1.18204	1.12509	2
3	198000001	1.53992	1.12509	2
4	1	1.18366	1.02932	2
4	1000001	1.10266	1.02932	2
4	2000001	1.25714	1.02932	2
4	3000001	1.17578	1.02932	2
4	4000001	0.945191	1.02932	2
4	5000001	1.08216	1.02932	2
4	6000001	1.20001	1.02932	2
4	7000001	1.11157	1.02932	2
4	8000001	1.17159	1.02932	2
4	9000001	1.05534	1.02932	2
4	10000001	0.731187	1.02932	2
4	11000001	0.772585	1.02932	2
4	12000001	0.95906	1.02932	2
4	13000001	1.12482	1.02932	2
4	14000001	1.10205	1.02932	2
4	15000001	0.832615	1.02932	2
4	16000001	0.984804	1.02932	2
4	17000001	1.13912	1.02932	2
4	18000001	0.846334	1.02932	2
4	19000001	0.764284	1.02932	2
4	20000001	0.991926	1.02932	2
4	21000001	0.849478	1.02932	2
4	22000001	1.04156	1.02932	2
4	23000001	0.973892	1.02932	2
4	24000001	0.928249	1.02932	2
4	25000001	1.02932	1.02932	2
4	26000001	1.09105	1.02932	2
4	27000001	1.05918	1.02932	2
4	28000001	0.862489	1.02932	2
4	29000001	1.08842	1.02932	2
4	30000001	1.18791	1.02932	2
4	31000001	0.960077	1.02932	2
4	32000001	0.949721	1.02932	2
4	33000001	1.00559	1.02932	2
4	34000001	1.21486	1.02932	2
4	35000001	1.01559	1.02932	2
4	36000001	1.05848	1.02932	2
4	37000001	0.986113	1.02932	2
4	38000001	0.746687	1.02932	2
4	39000001	3.10263	3.10263	6
4	40000001	0.82269	0.82269	2
4	41000001	0.931693	0.82269	2
4	42000001	0.725992	0.82269	2
4	43000001	1.87821	1.87821	4
4	44000001	0.855244	0.932872	2
4	45000001	1.0343	0.932872	2
4	46000001	1.03724	0.932872	2
4	47000001	0.942259	0.932872	2
4	48000001	0.994332	0.932872	2
4	49000001	1.28688	0.932872	2
4	50000001	0.615041	0.932872	2
4	51000001	0.74736	0.932872	2
4	52000001	0.772215	0.932872	2
4	53000001	0.87038	0.932872	2
4	54000001	1.06351	0.932872	2
4	55000001	1.11335	0.932872	2
4	56000001	0.914053	0.932872	2
4	57000001	1.03634	0.932872	2
4	58000001	0.704517	0.932872	2
4	59000001	0.849432	0.932872	2
4	60000001	1.02277	0.932872	2
4	61000001	0.890399	0.932872	2
4	62000001	1.07193	0.932872	2
4	63000001	1.083	0.932872	2
4	64000001	0.824221	0.932872	2
4	65000001	0.82856	0.932872	2
4	66000001	1.05111	0.932872	2
4	67000001	0.930212	0.932872	2
4	68000001	0.89211	0.932872	2
4	69000001	0.96379	0.932872	2
4	70000001	1.73846	0.932872	2
4	71000001	1.01046	0.932872	2
4	72000001	1.07454	0.932872	2
4	73000001	0.892981	0.932872	2
4	74000001	0.828094	0.932872	2
4	75000001	1.0748	0.932872	2
4	76000001	0.932347	0.932872	2
4	77000001	0.746868	0.932872	2
4	78000001	0.933398	0.932872	2
4	79000001	0.867824	0.932872	2
4	80000001	1.01595	0.932872	2
4	81000001	1.11187	0.932872	2
4	82000001	0.955413	0.932872	2
4	83000001	0.936271	0.932872	2
4	84000001	1.07496	0.932872	2
4	85000001	1.19197	0.932872	2
4	86000001	1.0521	0.932872	2
4	87000001	1.03277	0.932872	2
4	88000001	0.785687	0.932872	2
4	89000001	0.911113	0.932872	2
4	90000001	0.91135	0.932872	2
4	91000001	0.959539	0.932872	2
4	92000001	0.795058	0.932872	2
4	93000001	0.85871	0.932872	2
4	94000001	1.09453	0.932872	2
4	95000001	0.755649	0.932872	2
4	96000001	0.619838	0.932872	2
4	97000001	1.05565	0.932872	2
4	98000001	0.989876	0.932872	2
4	99000001	0.958116	0.932872	2
4	100000001	0.828794	0.932872	2
4	101000001	0.796008	0.932872	2
4	102000001	0.922473	0.932872	2
4	103000001	1.15497	0.932872	2
4	104000001	1.76163	0.932872	2
4	105000001	0.998755	0.932872	2
4	106000001	0.897241	0.932872	2
4	107000001	0.791913	0.932872	2
4	108000001	0.646651	0.932872	2
4	109000001	1.40294	0.932872	2
4	110000001	1.00024	0.932872	2
4	111000001	0.988269	0.932872	2
4	112000001	0.897755	0.932872	2
4	113000001	0.969992	0.932872	2
4	114000001	0.779597	0.932872	2
4	115000001	0.868194	0.932872	2
4	116000001	0.585315	0.932872	2
4	117000001	0.791343	0.932872	2
4	118000001	0.931845	0.932872	2
4	119000001	0.862821	0.932872	2
4	120000001	1.20207	0.932872	2
4	121000001	0.906349	0.932872	2
4	122000001	0.839216	0.932872	2
4	123000001	1.08093	0.932872	2
4	124000001	1.0014	0.932872	2
4	125000001	0.905052	0.932872	2
4	126000001	0.996401	0.932872	2
4	127000001	0.996507	0.932872	2
4	128000001	1.16805	0.932872	2
4	129000001	1.05642	0.932872	2
4	130000001	0.85668	0.932872	2
4	131000001	0.963878	0.932872	2
4	132000001	0.737188	0.932872	2
4	133000001	0.830204	0.932872	2
4	134000001	0.780415	0.932872	2
4	135000001	1.09856	0.932872	2
4	136000001	1.06048	0.932872	2
4	137000001	0.878329	0.932872	2
4	138000001	1.30916	0.932872	2
4	139000001	0.866582	0.932872	2
4	140000001	1.04425	0.932872	2
4	141000001	1.02978	0.932872	2
4	142000001	0.998357	0.932872	2
4	143000001	0.963502	0.932872	2
4	144000001	0.991665	0.932872	2
4	145000001	0.882171	0.932872	2
4	146000001	0.772612	0.932872	2
4	147000001	0.801358	0.932872	2
4	148000001	0.904148	0.932872	2
4	149000001	0.938785	0.932872	2
4	150000001	1.04494	0.932872	2
4	151000001	0.704443	0.932872	2
4	152000001	1.01396	0.932872	2
4	153000001	0.873464	0.932872	2
4	154000001	0.730903	0.932872	2
4	155000001	0.911324	0.932872	2
4	156000001	1.10632	0.932872	2
4	157000001	0.755707	0.932872	2
4	158000001	0.923618	0.932872	2
4	159000001	0.765724	0.932872	2
4	160000001	1.22851	0.932872	2
4	161000001	0.629026	0.932872	2
4	162000001	1.27826	0.932872	2
4	163000001	0.887186	0.932872	2
4	164000001	1.03821	0.932872	2
4	165000001	1.02715	0.932872	2
4	166000001	1.02387	0.932872	2
4	167000001	0.874905	0.932872	2
4	168000001	0.775926	0.932872	2
4	169000001	0.748308	0.932872	2
4	170000001	1.01706	0.932872	2
4	171000001	0.976409	0.932872	2
4	172000001	0.84853	0.932872	2
4	173000001	0.898758	0.932872	2
4	174000001	0.894148	0.932872	2
4	175000001	1.0457	0.932872	2
4	176000001	1.22334	0.932872	2
4	177000001	1.05481	0.932872	2
4	178000001	0.890528	0.932872	2
4	179000001	0.867362	0.932872	2
4	180000001	0.891155	0.932872	2
4	181000001	1.43341	0.932872	2
4	182000001	0.916818	0.932872	2
4	183000001	1.07064	0.932872	2
4	184000001	0.879856	0.932872	2
4	185000001	1.14314	0.932872	2
4	186000001	0.887303	0.932872	2
4	187000001	1.04463	0.932872	2
4	188000001	0.744432	0.876801	2
4	189000001	0.876801	0.876801	2
4	190000001	2.19034	0.876801	2
5	1	1.59653	1.59653	3
5	1000001	1.1435	0.942267	2
5	2000001	1.11997	0.942267	2
5	3000001	1.12202	0.942267	2
5	4000001	0.938212	0.942267	2
5	5000001	1.03213	0.942267	2
5	6000001	1.06432	0.942267	2
5	7000001	0.849081	0.942267	2
5	8000001	0.892582	0.942267	2
5	9000001	1.00122	0.942267	2
5	10000001	1.10072	0.942267	2
5	11000001	1.07379	0.942267	2
5	12000001	0.85195	0.942267	2
5	13000001	0.98179	0.942267	2
5	14000001	0.93056	0.942267	2
5	15000001	0.881193	0.942267	2
5	16000001	0.760103	0.942267	2
5	17000001	1.0249	0.942267	2
5	18000001	0.729024	0.942267	2
5	19000001	0.567176	0.942267	2
5	20000001	0.969101	0.942267	2
5	21000001	1.18171	0.942267	2
5	22000001	0.929413	0.942267	2
5	23000001	0.830573	0.942267	2
5	24000001	0.83045	0.942267	2
5	25000001	0.925838	0.942267	2
5	26000001	0.846592	0.942267	2
5	27000001	0.803974	0.942267	2
5	28000001	0.732301	0.942267	2
5	29000001	1.25692	0.942267	2
5	30000001	0.93379	0.942267	2
5	31000001	0.905822	0.942267	2
5	32000001	0.883038	0.942267	2
5	33000001	1.68372	0.942267	2
5	34000001	1.14936	0.942267	2
5	35000001	0.962975	0.942267	2
5	36000001	0.84922	0.942267	2
5	37000001	0.797906	0.942267	2
5	38000001	1.18993	0.942267	2
5	39000001	0.852956	0.942267	2
5	40000001	0.846468	0.942267	2
5	41000001	0.957552	0.942267	2
5	42000001	1.03461	0.942267	2
5	43000001	1.35038	0.942267	2
5	44000001	0.913679	0.942267	2
5	45000001	0.876188	0.942267	2
5	46000001	1.14882	0.942267	2
5	47000001	1.15023	0.942267	2
5	48000001	1.05504	0.942267	2
5	49000001	1.28289	0.942267	2
5	50000001	0.934045	0.942267	2
5	51000001	0.67827	0.942267	2
5	52000001	0.884794	0.942267	2
5	53000001	1.0154	0.942267	2
5	54000001	1.31797	0.942267	2
5	55000001	1.0172	0.942267	2
5	56000001	0.833779	0.942267	2
5	57000001	0.942267	0.942267	2
5	58000001	1.02256	0.942267	2
5	59000001	0.993866	0.942267	2
5	60000001	1.89278	1.89278	4
5	61000001	0.887965	0.927102	2
5	62000001	1.08576	0.927102	2
5	63000001	0.857099	0.927102	2
5	64000001	0.797724	0.927102	2
5	65000001	0.790753	0.927102	2
5	66000001	1.1409	0.927102	2
5	67000001	0.833534	0.927102	2
5	68000001	0.822812	0.927102	2
5	69000001	1.27493	0.927102	2
5	70000001	0.895201	0.927102	2
5	71000001	0.927102	0.927102	2
5	72000001	0.819026	0.927102	2
5	73000001	0.965074	0.927102	2
5	74000001	0.976213	0.927102	2
5	75000001	0.72521	0.927102	2
5	76000001	0.962268	0.927102	2
5	77000001	0.989318	0.927102	2
5	78000001	0.842723	0.927102	2
5	79000001	1.20862	0.927102	2
5	80000001	1.43763	0.927102	2
5	81000001	1.11406	0.927102	2
5	82000001	0.984916	0.927102	2
5	83000001	1.02704	0.927102	2
5	84000001	0.793207	0.927102	2
5	85000001	0.835271	0.927102	2
5	86000001	2.01372	2.01372	4
5	87000001	0.903866	0.91074	2
5	88000001	0.895253	0.91074	2
5	89000001	0.975593	0.91074	2
5	90000001	0.979392	0.91074	2
5	91000001	0.858519	0.91074	2
5	92000001	1.00445	0.91074	2
5	93000001	0.868095	0.91074	2
5	94000001	1.29416	0.91074	2
5	95000001	0.98594	0.91074	2
5	96000001	0.767067	0.91074	2
5	97000001	0.816562	0.91074	2
5	98000001	0.872805	0.91074	2
5	99000001	0.961208	0.91074	2
5	100000001	1.01025	0.91074	2
5	101000001	0.866561	0.91074	2
5	102000001	0.879315	0.91074	2
5	103000001	0.859758	0.91074	2
5	104000001	0.89019	0.91074	2
5	105000001	0.871377	0.91074	2
5	106000001	0.89776	0.91074	2
5	107000001	0.880188	0.91074	2
5	108000001	0.801124	0.91074	2
5	109000001	1.09427	0.91074	2
5	110000001	0.91074	0.91074	2
5	111000001	1.20146	0.91074	2
5	112000001	0.734325	0.91074	2
5	113000001	0.806442	0.91074	2
5	114000001	0.94143	0.91074	2
5	115000001	1.27948	0.91074	2
5	116000001	1.13992	0.91074	2
5	117000001	1.00902	0.91074	2
5	118000001	0.878367	0.91074	2
5	119000001	0.922384	0.91074	2
5	120000001	0.778605	0.91074	2
5	121000001	0.745645	0.91074	2
5	122000001	1.27353	0.91074	2
5	123000001	0.939688	0.91074	2
5	124000001	0.665691	0.91074	2
5	125000001	0.827872	0.91074	2
5	126000001	1.00943	0.91074	2
5	127000001	0.941274	0.91074	2
5	128000001	0.989696	0.91074	2
5	129000001	1.23091	0.91074	2
5	130000001	0.841937	0.91074	2
5	131000001	0.967466	0.91074	2
5	132000001	0.973391	0.91074	2
5	133000001	1.07588	0.91074	2
5	134000001	2.30586	2.30586	5
5	135000001	0.953866	0.992786	2
5	136000001	0.82302	0.992786	2
5	137000001	0.875736	0.992786	2
5	138000001	1.14347	0.992786	2
5	139000001	1.12659	0.992786	2
5	140000001	0.849269	0.992786	2
5	141000001	1.15749	0.992786	2
5	142000001	1.46266	0.992786	2
5	143000001	0.98893	0.992786	2
5	144000001	1.05257	0.992786	2
5	145000001	0.979813	0.992786	2
5	146000001	1.15826	0.992786	2
5	147000001	0.913286	0.992786	2
5	148000001	1.06174	0.992786	2
5	149000001	1.22379	0.992786	2
5	150000001	0.928646	0.992786	2
5	151000001	1.03804	0.992786	2
5	152000001	0.93535	0.992786	2
5	153000001	0.992947	0.992786	2
5	154000001	1.13989	0.992786	2
5	155000001	0.992158	0.992786	2
5	156000001	0.992625	0.992786	2
5	157000001	0.857363	0.927749	2
5	158000001	0.760739	0.927749	2
5	159000001	1.08098	0.927749	2
5	160000001	0.818246	0.927749	2
5	161000001	1.08178	0.927749	2
5	162000001	0.715568	0.927749	2
5	163000001	1.01006	0.927749	2
5	164000001	0.954568	0.927749	2
5	165000001	0.630161	0.927749	2
5	166000001	0.744399	0.927749	2
5	167000001	0.792841	0.927749	2
5	168000001	0.991662	0.927749	2
5	169000001	0.818832	0.927749	2
5	170000001	1.04265	0.927749	2
5	171000001	0.943901	0.927749	2
5	172000001	0.904171	0.927749	2
5	173000001	0.707908	0.927749	2
5	174000001	0.898064	0.927749	2
5	175000001	0.808444	0.927749	2
5	176000001	1.0038	0.927749	2
5	177000001	1.11328	0.927749	2
5	178000001	0.957758	0.927749	2
5	179000001	1.01424	0.927749	2
5	180000001	0.927749	0.927749	2
5	181000001	1.0889	0.927749	2
6	1	1.05437	1.05301	2
6	1000001	0.938626	1.05301	2
6	2000001	0.952343	1.05301	2
6	3000001	1.16486	1.05301	2
6	4000001	1.043	1.05301	2
6	5000001	1.17006	1.05301	2
6	6000001	1.19906	1.05301	2
6	7000001	1.03673	1.05301	2
6	8000001	1.05301	1.05301	2
6	9000001	0.951523	0.887473	2
6	10000001	1.00475	0.887473	2
6	11000001	0.88606	0.887473	2
6	12000001	0.838545	0.887473	2
6	13000001	1.09438	0.887473	2
6	14000001	0.87736	0.887473	2
6	15000001	0.748606	0.887473	2
6	16000001	0.928943	0.887473	2
6	17000001	0.963007	0.887473	2
6	18000001	1.03085	0.887473	2
6	19000001	0.869109	0.887473	2
6	20000001	0.960617	0.887473	2
6	21000001	0.878254	0.887473	2
6	22000001	0.774771	0.887473	2
6	23000001	0.838591	0.887473	2
6	24000001	1.16449	0.887473	2
6	25000001	0.888887	0.887473	2
6	26000001	0.725371	0.887473	2
6	27000001	0.963493	0.887473	2
6	28000001	0.77298	0.887473	2
6	29000001	1.11887	0.985408	2
6	30000001	1.10678	0.985408	2
6	31000001	1.06977	0.985408	2
6	32000001	0.919994	0.985408	2
6	33000001	0.959282	0.985408	2
6	34000001	1.00507	0.985408	2
6	35000001	1.10646	0.985408	2
6	36000001	0.910462	0.985408	2
6	37000001	1.04595	0.985408	2
6	38000001	0.908576	0.985408	2
6	39000001	0.965748	0.985408	2
6	40000001	0.835866	0.985408	2
6	41000001	1.1222	0.985408	2
6	42000001	0.644729	0.985408	2
6	43000001	1.09353	0.985408	2
6	44000001	1.06903	0.985408	2
6	45000001	0.7141	0.985408	2
6	46000001	1.05613	0.985408	2
6	47000001	0.763257	0.985408	2
6	48000001	0.929703	0.985408	2
6	49000001	0.857846	0.985408	2
6	50000001	1.16653	0.985408	2
6	51000001	1.09584	0.985408	2
6	52000001	0.868104	0.985408	2
6	53000001	0.853849	0.985408	2
6	54000001	1.03786	0.985408	2
6	55000001	1.40343	1.15172	2
6	56000001	1.15172	1.15172	2
6	57000001	1.08553	1.15172	2
6	58000001	0.808635	0.917181	2
6	59000001	0.902616	0.917181	2
6	60000001	1.04156	0.917181	2
6	61000001	0.794394	0.917181	2
6	62000001	0.911288	0.917181	2
6	63000001	1.07739	0.917181	2
6	64000001	0.988403	0.917181	2
6	65000001	0.880489	0.917181	2
6	66000001	0.746649	0.917181	2
6	67000001	0.735529	0.917181	2
6	68000001	1.1282	0.917181	2
6	69000001	0.743607	0.917181	2
6	70000001	1.05688	0.917181	2
6	71000001	1.00439	0.917181	2
6	72000001	1.11114	0.917181	2
6	73000001	0.758009	0.917181	2
6	74000001	0.977516	0.917181	2
6	75000001	0.75381	0.917181	2
6	76000001	0.745019	0.917181	2
6	77000001	0.868514	0.917181	2
6	78000001	0.987358	0.917181	2
6	79000001	0.888088	0.917181	2
6	80000001	1.11904	0.917181	2
6	81000001	0.887092	0.917181	2
6	82000001	0.743355	0.917181	2
6	83000001	0.925434	0.917181	2
6	84000001	0.90124	0.917181	2
6	85000001	0.959246	0.917181	2
6	86000001	0.997975	0.917181	2
6	87000001	1.03038	0.917181	2
6	88000001	1.16532	0.917181	2
6	89000001	0.84725	0.917181	2
6	90000001	0.973065	0.917181	2
6	91000001	0.79395	0.917181	2
6	92000001	0.729087	0.917181	2
6	93000001	0.847834	0.917181	2
6	94000001	0.773668	0.917181	2
6	95000001	0.938535	0.917181	2
6	96000001	0.906508	0.917181	2
6	97000001	1.12847	0.917181	2
6	98000001	0.917181	0.917181	2
6	99000001	0.91882	0.917181	2
6	100000001	1.02819	0.917181	2
6	101000001	1.0453	0.917181	2
6	102000001	1.09353	0.917181	2
6	103000001	1.03016	0.917181	2
6	104000001	0.814752	0.917181	2
6	105000001	0.973313	0.917181	2
6	106000001	1.04497	0.917181	2
6	107000001	0.925434	0.917181	2
6	108000001	0.880405	0.917181	2
6	109000001	0.991181	0.917181	2
6	110000001	1.03317	0.917181	2
6	111000001	0.838421	0.917181	2
6	112000001	0.907196	0.917181	2
6	113000001	0.852911	0.917181	2
6	114000001	1.04919	0.917181	2
6	115000001	0.736709	0.917181	2
6	116000001	0.876442	0.917181	2
6	117000001	1.13348	0.917181	2
6	118000001	0.877928	0.917181	2
6	119000001	0.908169	0.917181	2
6	120000001	0.868778	0.917181	2
6	121000001	1.06443	0.917181	2
6	122000001	0.884954	0.917181	2
6	123000001	0.767251	0.917181	2
6	124000001	0.877531	0.917181	2
6	125000001	0.867561	0.917181	2
6	126000001	1.13248	0.917181	2
6	127000001	0.777242	0.917181	2
6	128000001	0.790533	0.917181	2
6	129000001	0.779004	0.917181	2
6	130000001	1.01592	0.917181	2
6	131000001	0.815842	0.917181	2
6	132000001	1.1732	0.917181	2
6	133000001	0.954793	0.917181	2
6	134000001	0.926522	0.917181	2
6	135000001	1.0407	0.917181	2
6	136000001	0.938153	0.917181	2
6	137000001	0.762352	0.917181	2
6	138000001	0.781929	0.917181	2
6	139000001	0.931472	0.917181	2
6	140000001	0.752652	0.917181	2
6	141000001	0.97908	0.917181	2
6	142000001	1.00294	0.917181	2
6	143000001	1.01117	0.917181	2
6	144000001	1.06509	0.917181	2
6	145000001	0.808359	0.787563	2
6	146000001	0.766766	0.787563	2
6	147000001	0.715233	0.787563	2
6	148000001	0.852116	0.787563	2
6	149000001	1.02537	1.01841	2
6	150000001	1.10841	1.01841	2
6	151000001	1.05772	1.01841	2
6	152000001	0.976636	1.01841	2
6	153000001	1.01146	1.01841	2
6	154000001	0.91935	1.01841	2
6	155000001	1.13366	1.01841	2
6	156000001	0.949813	1.01841	2
6	157000001	1.50448	1.14473	2
6	158000001	1.1131	1.14473	2
6	159000001	1.05848	1.14473	2
6	160000001	1.17636	1.14473	2
6	161000001	0.876381	1.01129	2
6	162000001	0.863902	1.01129	2
6	163000001	1.14089	1.01129	2
6	164000001	0.796988	1.01129	2
6	165000001	1.05613	1.01129	2
6	166000001	1.07012	1.01129	2
6	167000001	1.03798	1.01129	2
6	168000001	1.17006	1.01129	2
6	169000001	0.925962	1.01129	2
6	170000001	0.984603	1.01129	2
7	1	1.24722	1.15184	2
7	1000001	0.995835	1.15184	2
7	2000001	1.11399	1.15184	2
7	3000001	1.0865	1.15184	2
7	4000001	1.18969	1.15184	2
7	5000001	1.27523	1.15184	2
7	6000001	1.04271	1.15184	2
7	7000001	1.22112	1.15184	2
7	8000001	0.796876	0.936149	2
7	9000001	0.947682	0.936149	2
7	10000001	0.912132	0.936149	2
7	11000001	0.573707	0.936149	2
7	12000001	0.883746	0.936149	2
7	13000001	0.734699	0.936149	2
7	14000001	0.682677	0.936149	2
7	15000001	1.30941	0.936149	2
7	16000001	1.06661	0.936149	2
7	17000001	1.04181	0.936149	2
7	18000001	1.14514	0.936149	2
7	19000001	0.763417	0.936149	2
7	20000001	0.958382	0.936149	2
7	21000001	0.873255	0.936149	2
7	22000001	0.772612	0.936149	2
7	23000001	0.861894	0.936149	2
7	24000001	1.15988	0.936149	2
7	25000001	0.788733	0.936149	2
7	26000001	0.880073	0.936149	2
7	27000001	1.00247	0.936149	2
7	28000001	0.916148	0.936149	2
7	29000001	1.14483	0.936149	2
7	30000001	0.840354	0.936149	2
7	31000001	1.12088	0.936149	2
7	32000001	0.830045	0.936149	2
7	33000001	1.11548	0.936149	2
7	34000001	0.914284	0.936149	2
7	35000001	0.723289	0.936149	2
7	36000001	1.13002	0.936149	2
7	37000001	1.11109	0.936149	2
7	38000001	1.32774	0.936149	2
7	39000001	0.679526	0.936149	2
7	40000001	0.893205	0.936149	2
7	41000001	1.00384	0.936149	2
7	42000001	0.752079	0.936149	2
7	43000001	0.943309	0.936149	2
7	44000001	0.956721	0.936149	2
7	45000001	1.05218	0.936149	2
7	46000001	1.12274	0.936149	2
7	47000001	1.07806	0.936149	2
7	48000001	0.741025	0.936149	2
7	49000001	1.004	0.936149	2
7	50000001	0.868843	0.936149	2
7	51000001	1.08315	0.936149	2
7	52000001	0.900544	0.936149	2
7	53000001	0.696418	0.936149	2
7	54000001	1.36958	0.936149	2
7	55000001	1.16382	0.936149	2
7	56000001	1.19136	0.936149	2
7	57000001	0.93262	0.936149	2
7	58000001	1.04537	0.936149	2
7	59000001	0.962135	0.936149	2
7	60000001	0.945276	0.936149	2
7	61000001	0.630525	0.936149	2
7	62000001	0.671304	0.936149	2
7	63000001	1.05545	0.936149	2
7	64000001	0.879773	0.936149	2
7	65000001	1.10189	0.936149	2
7	66000001	0.742238	0.936149	2
7	67000001	0.90419	0.936149	2
7	68000001	0.963498	0.936149	2
7	69000001	0.977089	0.936149	2
7	70000001	1.35716	0.936149	2
7	71000001	1.04138	0.936149	2
7	72000001	0.850634	0.936149	2
7	73000001	1.03551	0.936149	2
7	74000001	1.27029	0.936149	2
7	75000001	1.10373	0.936149	2
7	76000001	0.966555	0.936149	2
7	77000001	0.998115	0.936149	2
7	78000001	0.876288	0.936149	2
7	79000001	1.02602	0.936149	2
7	80000001	0.834952	0.936149	2
7	81000001	1.04037	0.936149	2
7	82000001	0.737802	0.936149	2
7	83000001	1.01605	0.936149	2
7	84000001	0.785925	0.936149	2
7	85000001	0.812222	0.936149	2
7	86000001	0.696472	0.936149	2
7	87000001	0.850696	0.936149	2
7	88000001	0.933753	0.936149	2
7	89000001	0.870853	0.936149	2
7	90000001	0.953571	0.936149	2
7	91000001	1.03241	0.936149	2
7	92000001	0.723306	0.936149	2
7	93000001	1.09968	0.936149	2
7	94000001	0.886684	0.936149	2
7	95000001	0.839772	0.936149	2
7	96000001	0.882809	0.936149	2
7	97000001	0.931023	0.936149	2
7	98000001	1.16741	0.936149	2
7	99000001	0.902273	0.936149	2
7	100000001	1.14088	0.936149	2
7	101000001	1.04382	0.936149	2
7	102000001	0.921508	0.936149	2
7	103000001	0.867232	0.936149	2
7	104000001	1.05162	0.936149	2
7	105000001	0.855346	0.936149	2
7	106000001	0.936149	0.936149	2
7	107000001	1.47407	1.47407	3
7	108000001	1.1258	1.06658	2
7	109000001	1.00737	1.06658	2
7	110000001	0.615256	0.874991	2
7	111000001	0.80291	0.874991	2
7	112000001	1.13105	0.874991	2
7	113000001	1.0445	0.874991	2
7	114000001	0.952621	0.874991	2
7	115000001	0.752576	0.874991	2
7	116000001	1.0089	0.874991	2
7	117000001	0.833403	0.874991	2
7	118000001	0.877423	0.874991	2
7	119000001	0.956617	0.874991	2
7	120000001	0.897156	0.874991	2
7	121000001	0.872559	0.874991	2
7	122000001	0.76121	0.874991	2
7	123000001	0.825424	0.874991	2
7	124000001	0.791826	0.874991	2
7	125000001	0.936064	0.874991	2
7	126000001	0.856836	0.874991	2
7	127000001	0.904418	0.874991	2
7	128000001	0.978277	0.874991	2
7	129000001	0.86505	0.874991	2
7	130000001	1.24172	1.0061	2
7	131000001	0.905745	1.0061	2
7	132000001	1.21929	1.0061	2
7	133000001	0.976548	1.0061	2
7	134000001	1.11068	1.0061	2
7	135000001	1.07047	1.0061	2
7	136000001	0.778361	1.0061	2
7	137000001	0.773232	1.0061	2
7	138000001	0.998235	1.0061	2
7	139000001	1.12394	1.0061	2
7	140000001	1.04877	1.0061	2
7	141000001	1.07277	1.0061	2
7	142000001	1.12978	1.0061	2
7	143000001	1.3045	1.0061	2
7	144000001	0.72881	1.0061	2
7	145000001	1.00369	1.0061	2
7	146000001	0.842618	1.0061	2
7	147000001	1.0061	1.0061	2
7	148000001	0.793062	1.0061	2
7	149000001	1.08804	1.0061	2
7	150000001	1.08492	1.0061	2
7	151000001	1.14479	1.0061	2
7	152000001	0.786704	1.0061	2
7	153000001	1.00117	1.0061	2
7	154000001	0.99626	1.0061	2
7	155000001	1.073	1.0061	2
7	156000001	0.94495	1.0061	2
7	157000001	1.31287	1.31287	3
7	158000001	1.36854	1.31287	3
7	159000001	1.17995	1.31287	3
8	1	1.02957	0.959166	2
8	1000001	1.03044	0.959166	2
8	2000001	0.907667	0.959166	2
8	3000001	1.09587	0.959166	2
8	4000001	0.81204	0.959166	2
8	5000001	0.884965	0.959166	2
8	6000001	0.942089	0.959166	2
8	7000001	0.933343	0.959166	2
8	8000001	1.0302	0.959166	2
8	9000001	0.899827	0.959166	2
8	10000001	1.29953	0.959166	2
8	11000001	1.06174	0.959166	2
8	12000001	1.17157	0.959166	2
8	13000001	0.785384	0.959166	2
8	14000001	0.956624	0.959166	2
8	15000001	0.965724	0.959166	2
8	16000001	1.08674	0.959166	2
8	17000001	0.793314	0.959166	2
8	18000001	0.965538	0.959166	2
8	19000001	0.955932	0.959166	2
8	20000001	0.97097	0.959166	2
8	21000001	1.25238	0.959166	2
8	22000001	1.07458	0.959166	2
8	23000001	1.03094	0.959166	2
8	24000001	0.640979	0.959166	2
8	25000001	1.02195	0.959166	2
8	26000001	0.991193	0.959166	2
8	27000001	0.951646	0.959166	2
8	28000001	0.665179	0.959166	2
8	29000001	1.0292	0.959166	2
8	30000001	0.881019	0.959166	2
8	31000001	0.953586	0.959166	2
8	32000001	0.847023	0.959166	2
8	33000001	0.807198	0.959166	2
8	34000001	0.813574	0.959166	2
8	35000001	1.02188	0.959166	2
8	36000001	0.846188	0.959166	2
8	37000001	0.959166	0.959166	2
8	38000001	1.00275	0.959166	2
8	39000001	0.685553	0.959166	2
8	40000001	0.964521	0.959166	2
8	41000001	1.24323	0.959166	2
8	42000001	1.05551	0.959166	2
8	43000001	1.06802	0.959166	2
8	44000001	0.930489	0.959166	2
8	45000001	0.992937	0.959166	2
8	46000001	1.10198	0.959166	2
8	47000001	0.99036	0.959166	2
8	48000001	0.943157	0.959166	2
8	49000001	0.773219	0.959166	2
8	50000001	1.24172	0.959166	2
8	51000001	0.892789	0.959166	2
8	52000001	0.710944	0.959166	2
8	53000001	1.08412	0.959166	2
8	54000001	0.680376	0.959166	2
8	55000001	0.913188	0.959166	2
8	56000001	0.958283	0.959166	2
8	57000001	0.699928	0.959166	2
8	58000001	0.764675	0.959166	2
8	59000001	1.07747	0.959166	2
8	60000001	1.1138	0.959166	2
8	61000001	0.991234	0.959166	2
8	62000001	1.09129	0.959166	2
8	63000001	0.981441	0.959166	2
8	64000001	0.840644	0.959166	2
8	65000001	1.01353	0.959166	2
8	66000001	0.877399	0.959166	2
8	67000001	0.905056	0.959166	2
8	68000001	0.906615	0.959166	2
8	69000001	0.846158	0.959166	2
8	70000001	1.02939	0.959166	2
8	71000001	0.834322	0.959166	2
8	72000001	0.863993	0.959166	2
8	73000001	1.05557	0.959166	2
8	74000001	1.23472	0.959166	2
8	75000001	0.845227	0.959166	2
8	76000001	0.860993	0.959166	2
8	77000001	1.06397	0.959166	2
8	78000001	0.812819	0.959166	2
8	79000001	1.05642	0.959166	2
8	80000001	1.02464	0.959166	2
8	81000001	1.15288	0.959166	2
8	82000001	0.821078	0.959166	2
8	83000001	1.06112	0.959166	2
8	84000001	1.01163	0.959166	2
8	85000001	1.13658	0.959166	2
8	86000001	0.886289	0.959166	2
8	87000001	0.766123	0.959166	2
8	88000001	0.764653	0.959166	2
8	89000001	0.821607	0.959166	2
8	90000001	0.843125	0.959166	2
8	91000001	1.0097	0.959166	2
8	92000001	1.0105	0.959166	2
8	93000001	0.932417	0.959166	2
8	94000001	1.15137	0.959166	2
8	95000001	1.09713	0.959166	2
8	96000001	0.988939	0.959166	2
8	97000001	1.21832	0.959166	2
8	98000001	1.18718	0.959166	2
8	99000001	1.027	0.959166	2
8	100000001	1.141	0.959166	2
8	101000001	1.03336	0.959166	2
8	102000001	0.856251	0.959166	2
8	103000001	0.693406	0.959166	2
8	104000001	0.81476	0.959166	2
8	105000001	1.02849	0.959166	2
8	106000001	0.89972	0.959166	2
8	107000001	0.949692	0.959166	2
8	108000001	1.00552	0.959166	2
8	109000001	0.861253	0.959166	2
8	110000001	1.09033	0.959166	2
8	111000001	0.99672	0.959166	2
8	112000001	0.918979	0.959166	2
8	113000001	1.04565	0.959166	2
8	114000001	1.1252	0.959166	2
8	115000001	0.941711	0.959166	2
8	116000001	0.859857	0.959166	2
8	117000001	0.827622	0.959166	2
8	118000001	0.879037	0.959166	2
8	119000001	0.884675	0.959166	2
8	120000001	1.08038	0.959166	2
8	121000001	0.850735	0.959166	2
8	122000001	1.43474	0.959166	2
8	123000001	0.975678	0.959166	2
8	124000001	0.810043	0.959166	2
8	125000001	0.855252	0.959166	2
8	126000001	1.02334	0.959166	2
8	127000001	0.993091	0.959166	2
8	128000001	0.826392	0.959166	2
8	129000001	0.895163	0.959166	2
8	130000001	0.978889	0.959166	2
8	131000001	0.971054	0.959166	2
8	132000001	1.17807	0.959166	2
8	133000001	0.957331	0.959166	2
8	134000001	0.895565	0.959166	2
8	135000001	0.934034	0.959166	2
8	136000001	0.852227	0.959166	2
8	137000001	1.2656	1.2656	3
8	138000001	2.42395	2.42395	5
8	139000001	1.06174	1.06174	2
8	140000001	1.02608	1.06174	2
8	141000001	1.12516	1.06174	2
8	142000001	1.29049	1.06174	2
8	143000001	1.05956	1.06174	2
8	144000001	0.89389	1.06174	2
8	145000001	1.18531	1.06174	2
9	1	1.11214	1.16466	2
9	1000001	1.32919	1.16466	2
9	2000001	1.16466	1.16466	2
9	3000001	0.585587	0.896093	2
9	4000001	1.27133	0.896093	2
9	5000001	0.819594	0.896093	2
9	6000001	0.840469	0.896093	2
9	7000001	0.784408	0.896093	2
9	8000001	1.00196	0.896093	2
9	9000001	0.667522	0.896093	2
9	10000001	0.945739	0.896093	2
9	11000001	1.04784	0.896093	2
9	12000001	0.840098	0.896093	2
9	13000001	0.986764	0.896093	2
9	14000001	0.736774	0.896093	2
9	15000001	1.0491	0.896093	2
9	16000001	0.891487	0.896093	2
9	17000001	0.907989	0.896093	2
9	18000001	0.775948	0.896093	2
9	19000001	0.916839	0.896093	2
9	20000001	0.840516	0.896093	2
9	21000001	0.691515	0.896093	2
9	22000001	0.977983	0.896093	2
9	23000001	0.998331	0.896093	2
9	24000001	0.952803	0.896093	2
9	25000001	0.683598	0.896093	2
9	26000001	1.11399	0.896093	2
9	27000001	0.971282	0.896093	2
9	28000001	0.847571	0.896093	2
9	29000001	0.970639	0.896093	2
9	30000001	0.811076	0.896093	2
9	31000001	0.890528	0.896093	2
9	32000001	0.900699	0.896093	2
9	33000001	1.0516	1.00419	2
9	34000001	1.08804	1.00419	2
9	35000001	1.21145	1.00419	2
9	36000001	0.977265	1.00419	2
9	37000001	0.955761	1.00419	2
9	38000001	0.866663	1.00419	2
9	39000001	0.919787	1.00419	2
9	40000001	1.05799	1.00419	2
9	41000001	1.12093	1.00419	2
9	42000001	0.861594	1.00419	2
9	43000001	0.843712	1.00419	2
9	44000001	0.97872	1.00419	2
9	45000001	1.31856	1.00419	2
9	46000001	-1	1.00419	2
9	47000001	-1	1.00419	2
9	48000001	-1	1.00419	2
9	49000001	-1	1.00419	2
9	50000001	-1	1.00419	2
9	51000001	-1	1.00419	2
9	52000001	-1	1.00419	2
9	53000001	-1	1.00419	2
9	54000001	-1	1.00419	2
9	55000001	-1	1.00419	2
9	56000001	-1	1.00419	2
9	57000001	-1	1.00419	2
9	58000001	-1	1.00419	2
9	59000001	-1	1.00419	2
9	60000001	1.02966	1.00419	2
9	61000001	0.471296	0.471296	1
9	62000001	0.827047	0.918939	2
9	63000001	1.06324	0.918939	2
9	64000001	0.979352	0.918939	2
9	65000001	0.944003	0.918939	2
9	66000001	0.909824	0.918939	2
9	67000001	0.792316	0.918939	2
9	68000001	0.862063	0.918939	2
9	69000001	0.853857	0.918939	2
9	70000001	0.76682	0.918939	2
9	71000001	1.0258	0.918939	2
9	72000001	0.814588	0.918939	2
9	73000001	0.87417	0.918939	2
9	74000001	0.8636	0.918939	2
9	75000001	1.19714	0.918939	2
9	76000001	1.01884	0.918939	2
9	77000001	1.01019	0.918939	2
9	78000001	0.961328	0.918939	2
9	79000001	0.802257	0.918939	2
9	80000001	1.06891	0.918939	2
9	81000001	1.09667	0.918939	2
9	82000001	0.874301	0.918939	2
9	83000001	0.823304	0.918939	2
9	84000001	1.12367	0.918939	2
9	85000001	0.859523	0.918939	2
9	86000001	0.852439	0.918939	2
9	87000001	0.870509	0.918939	2
9	88000001	0.943457	0.918939	2
9	89000001	0.741517	0.918939	2
9	90000001	1.02916	0.918939	2
9	91000001	1.11475	0.918939	2
9	92000001	0.956484	0.918939	2
9	93000001	1.14562	0.918939	2
9	94000001	0.893199	0.918939	2
9	95000001	1.05932	0.918939	2
9	96000001	0.979462	0.918939	2
9	97000001	0.946215	0.918939	2
9	98000001	0.824341	0.918939	2
9	99000001	0.715797	0.918939	2
9	100000001	0.764761	0.918939	2
9	101000001	0.961605	0.918939	2
9	102000001	1.08571	0.918939	2
9	103000001	0.854483	0.918939	2
9	104000001	0.95284	0.918939	2
9	105000001	0.858946	0.918939	2
9	106000001	0.975458	0.918939	2
9	107000001	0.882601	0.918939	2
9	108000001	0.72818	0.918939	2
9	109000001	0.98967	0.918939	2
9	110000001	0.967618	0.918939	2
9	111000001	0.899662	0.918939	2
9	112000001	0.707281	0.918939	2
9	113000001	1.01177	0.918939	2
9	114000001	0.764299	0.918939	2
9	115000001	0.787898	0.918939	2
9	116000001	0.943223	0.918939	2
9	117000001	0.912722	0.918939	2
9	118000001	0.852877	0.918939	2
9	119000001	0.925156	0.918939	2
9	120000001	0.852481	0.918939	2
9	121000001	1.10327	0.918939	2
9	122000001	1.20285	0.918939	2
9	123000001	0.682566	0.918939	2
9	124000001	0.972562	0.918939	2
9	125000001	0.942613	0.918939	2
9	126000001	1.30761	1.09982	2
9	127000001	1.13745	1.09982	2
9	128000001	1.16881	1.09982	2
9	129000001	1.10149	1.09982	2
9	130000001	1.22719	1.09982	2
9	131000001	1.09816	1.09982	2
9	132000001	0.818975	1.09982	2
9	133000001	1.01667	1.09982	2
9	134000001	1.00525	1.09982	2
9	135000001	1.06926	1.09982	2
9	136000001	1.4833	1.27615	3
9	137000001	1.27615	1.27615	3
9	138000001	1.16172	1.27615	3
X	1	0.718403	0.517214	1
X	1000001	0.559972	0.517214	1
X	2000001	0.461649	0.517214	1
X	3000001	0.619344	0.517214	1
X	4000001	0.435964	0.517214	1
X	5000001	0.405921	0.517214	1
X	6000001	0.597775	0.517214	1
X	7000001	0.517214	0.517214	1
X	8000001	0.441267	0.517214	1
X	9000001	0.573969	0.517214	1
X	10000001	0.298022	0.517214	1
X	11000001	1.09174	0.915244	2
X	12000001	0.738746	0.915244	2
X	13000001	0.41769	0.455783	1
X	14000001	0.418338	0.455783	1
X	15000001	0.452069	0.455783	1
X	16000001	0.623644	0.455783	1
X	17000001	0.41445	0.455783	1
X	18000001	0.607406	0.455783	1
X	19000001	0.43982	0.455783	1
X	20000001	0.278152	0.455783	1
X	21000001	0.623524	0.455783	1
X	22000001	0.384887	0.455783	1
X	23000001	0.505066	0.455783	1
X	24000001	0.380209	0.455783	1
X	25000001	0.336214	0.455783	1
X	26000001	0.401841	0.455783	1
X	27000001	0.70365	0.455783	1
X	28000001	0.453872	0.455783	1
X	29000001	0.246832	0.455783	1
X	30000001	0.401905	0.455783	1
X	31000001	0.411974	0.455783	1
X	32000001	0.327517	0.455783	1
X	33000001	0.471595	0.455783	1
X	34000001	0.430885	0.455783	1
X	35000001	0.488336	0.455783	1
X	36000001	0.361352	0.455783	1
X	37000001	0.445964	0.455783	1
X	38000001	0.452068	0.455783	1
X	39000001	0.505037	0.455783	1
X	40000001	0.490081	0.455783	1
X	41000001	0.40028	0.455783	1
X	42000001	0.663088	0.455783	1
X	43000001	0.363725	0.455783	1
X	44000001	0.464261	0.455783	1
X	45000001	0.442686	0.455783	1
X	46000001	0.500948	0.455783	1
X	47000001	0.670373	0.455783	1
X	48000001	0.624217	0.455783	1
X	49000001	0.513504	0.455783	1
X	50000001	0.369664	0.455783	1
X	51000001	0.577649	0.455783	1
X	52000001	0.376746	0.455783	1
X	53000001	0.503682	0.455783	1
X	54000001	0.444112	0.455783	1
X	55000001	0.43724	0.455783	1
X	56000001	0.464446	0.455783	1
X	57000001	0.586189	0.455783	1
X	58000001	0.416585	0.455783	1
X	59000001	0.534837	0.455783	1
X	60000001	0.409396	0.455783	1
X	61000001	0.54627	0.455783	1
X	62000001	0.406441	0.455783	1
X	63000001	0.615167	0.455783	1
X	64000001	0.524163	0.455783	1
X	65000001	0.453617	0.455783	1
X	66000001	0.582897	0.455783	1
X	67000001	0.620409	0.455783	1
X	68000001	0.510542	0.455783	1
X	69000001	0.399123	0.455783	1
X	70000001	0.640474	0.455783	1
X	71000001	0.537712	0.455783	1
X	72000001	0.501151	0.455783	1
X	73000001	0.478172	0.455783	1
X	74000001	0.457694	0.455783	1
X	75000001	0.615719	0.455783	1
X	76000001	0.345342	0.455783	1
X	77000001	0.957554	0.897976	2
X	78000001	0.838398	0.897976	2
X	79000001	0.501657	0.52437	1
X	80000001	0.505698	0.52437	1
X	81000001	0.520606	0.52437	1
X	82000001	0.409686	0.52437	1
X	83000001	0.52437	0.52437	1
X	84000001	0.688185	0.52437	1
X	85000001	0.448113	0.52437	1
X	86000001	0.605466	0.52437	1
X	87000001	0.542309	0.52437	1
X	88000001	0.773255	0.52437	1
X	89000001	0.391954	0.52437	1
X	90000001	0.52943	0.52437	1
X	91000001	0.67475	0.52437	1
X	92000001	0.303371	0.468392	1
X	93000001	0.377305	0.468392	1
X	94000001	0.406298	0.468392	1
X	95000001	0.644386	0.468392	1
X	96000001	0.556962	0.468392	1
X	97000001	0.425859	0.468392	1
X	98000001	0.409697	0.468392	1
X	99000001	0.544679	0.468392	1
X	100000001	0.52536	0.468392	1
X	101000001	0.645913	0.468392	1
X	102000001	0.470134	0.468392	1
X	103000001	0.479854	0.468392	1
X	104000001	0.445292	0.468392	1
X	105000001	0.471935	0.468392	1
X	106000001	0.565759	0.468392	1
X	107000001	0.49652	0.468392	1
X	108000001	0.350184	0.468392	1
X	109000001	0.46665	0.468392	1
X	110000001	0.515072	0.468392	1
X	111000001	0.674992	0.468392	1
X	112000001	0.520244	0.468392	1
X	113000001	0.397328	0.468392	1
X	114000001	0.57159	0.468392	1
X	115000001	0.453541	0.468392	1
X	116000001	0.459125	0.468392	1
X	117000001	0.423635	0.468392	1
X	118000001	0.511664	0.468392	1
X	119000001	0.575284	0.468392	1
X	120000001	0.322964	0.468392	1
X	121000001	0.383937	0.468392	1
X	122000001	0.439646	0.468392	1
X	123000001	0.540476	0.468392	1
X	124000001	0.482146	0.468392	1
X	125000001	0.374683	0.468392	1
X	126000001	0.581143	0.468392	1
X	127000001	0.40696	0.468392	1
X	128000001	0.333891	0.468392	1
X	129000001	0.457605	0.468392	1
X	130000001	0.474514	0.468392	1
X	131000001	0.424625	0.468392	1
X	132000001	0.335214	0.468392	1
X	133000001	0.340098	0.468392	1
X	134000001	0.514473	0.468392	1
X	135000001	0.792835	0.468392	1
X	136000001	0.516321	0.468392	1
X	137000001	0.360369	0.468392	1
X	138000001	0.385581	0.468392	1
X	139000001	0.335372	0.468392	1
X	140000001	0.381535	0.468392	1
X	141000001	0.502375	0.468392	1
X	142000001	0.493615	0.468392	1
X	143000001	0.307886	0.468392	1
X	144000001	0.482585	0.468392	1
X	145000001	0.327824	0.468392	1
X	146000001	0.536422	0.468392	1
X	147000001	0.443519	0.468392	1
X	148000001	0.534552	0.468392	1
X	149000001	0.540081	0.468392	1
X	150000001	0.495141	0.468392	1
X	151000001	0.43094	0.468392	1
X	152000001	0.541489	0.468392	1
X	153000001	0.605665	0.468392	1
X	154000001	0.307739	0.468392	1
X	155000001	0.465176	0.468392	1
X	156000001	2.29803	2.29803	5
Y	1	-1	-1	1
Y	1000001	-1	-1	1
Y	2000001	0.492554	0.513569	1
Y	3000001	0.428103	0.513569	1
Y	4000001	0.451037	0.513569	1
Y	5000001	0.542225	0.513569	1
Y	6000001	0.470752	0.513569	1
Y	7000001	0.378235	0.513569	1
Y	8000001	0.467035	0.513569	1
Y	9000001	0.534584	0.513569	1
Y	10000001	1.11594	0.513569	1
Y	11000001	0.792194	0.513569	1
Y	12000001	0.633729	0.513569	1
Y	13000001	0.563804	0.513569	1
Y	14000001	0.359697	0.507092	1
Y	15000001	0.485445	0.507092	1
Y	16000001	0.459216	0.507092	1
Y	17000001	0.417324	0.507092	1
Y	18000001	0.528739	0.507092	1
Y	19000001	0.549677	0.507092	1
Y	20000001	0.648902	0.507092	1
Y	21000001	0.698252	0.507092	1
Y	22000001	0.41558	0.326105	1
Y	23000001	0.329232	0.326105	1
Y	24000001	0.211588	0.326105	1
Y	25000001	0.322978	0.326105	1
Y	26000001	0.304654	0.326105	1
Y	27000001	-1	0.326105	1
Y	28000001	-1	0.326105	1
Y	29000001	-1	0.326105	1
Y	30000001	-1	0.326105	1
Y	31000001	-1	0.326105	1
Y	32000001	-1	0.326105	1
Y	33000001	-1	0.326105	1
Y	34000001	-1	0.326105	1
Y	35000001	-1	0.326105	1
Y	36000001	-1	0.326105	1
Y	37000001	-1	0.326105	1
Y	38000001	-1	0.326105	1
Y	39000001	-1	0.326105	1
Y	40000001	-1	0.326105	1
Y	41000001	-1	0.326105	1
Y	42000001	-1	0.326105	1
Y	43000001	-1	0.326105	1
Y	44000001	-1	0.326105	1
Y	45000001	-1	0.326105	1
Y	46000001	-1	0.326105	1
Y	47000001	-1	0.326105	1
Y	48000001	-1	0.326105	1
Y	49000001	-1	0.326105	1
Y	50000001	-1	0.326105	1
Y	51000001	-1	0.326105	1
Y	52000001	-1	0.326105	1
Y	53000001	-1	0.326105	1
Y	54000001	-1	0.326105	1
Y	55000001	-1	0.326105	1
Y	56000001	0.656172	0.326105	1
Y	57000001	-1	-1	1
