Chromosome	Start	Ratio	MedianRatio	CopyNumber
1	1	0.96075	0.96075	2
1	1000001	1.53844	1.52221	3
1	2000001	1.50598	1.52221	3
1	3000001	1.17138	1.52221	3
1	4000001	1.59598	1.52221	3
1	5000001	0.980071	1.03392	2
1	6000001	1.02153	1.03392	2
1	7000001	1.05685	1.03392	2
1	8000001	0.952965	1.03392	2
1	9000001	0.748479	1.03392	2
1	10000001	1.04966	1.03392	2
1	11000001	1.19959	1.03392	2
1	12000001	1.0233	1.03392	2
1	13000001	0.787826	1.03392	2
1	14000001	0.907906	1.03392	2
1	15000001	1.19938	1.03392	2
1	16000001	1.06201	1.03392	2
1	17000001	1.11394	1.03392	2
1	18000001	1.06576	1.03392	2
1	19000001	0.920345	1.03392	2
1	20000001	1.07899	1.03392	2
1	21000001	1.16378	1.03392	2
1	22000001	1.18749	1.03392	2
1	23000001	0.763462	1.03392	2
1	24000001	1.03494	1.03392	2
1	25000001	0.915404	1.03392	2
1	26000001	1.11581	1.03392	2
1	27000001	1.29396	1.03392	2
1	28000001	0.913805	1.03392	2
1	29000001	0.93949	1.03392	2
1	30000001	1.03289	1.03392	2
1	31000001	1.40036	1.03392	2
1	32000001	1.07333	1.03392	2
1	33000001	1.12524	1.03392	2
1	34000001	0.865856	1.03392	2
1	35000001	1.15518	1.03392	2
1	36000001	0.948093	1.03392	2
1	37000001	1.02505	1.03392	2
1	38000001	0.892238	1.03392	2
1	39000001	0.940617	1.03392	2
1	40000001	1.03498	1.03392	2
1	41000001	1.0193	1.03392	2
1	42000001	1.00228	1.03392	2
1	43000001	1.36651	1.03392	2
1	44000001	1.12291	1.03392	2
1	45000001	0.762805	0.762805	2
1	46000001	1.32528	1.1958	2
1	47000001	1.02386	1.1958	2
1	48000001	1.24257	1.1958	2
1	49000001	1.14903	1.1958	2
1	50000001	0.982731	1.1958	2
1	51000001	1.42445	1.1958	2
1	52000001	0.96106	0.977552	2
1	53000001	1.05492	0.977552	2
1	54000001	0.934895	0.977552	2
1	55000001	1.0346	0.977552	2
1	56000001	0.890318	0.977552	2
1	57000001	0.930342	0.977552	2
1	58000001	0.927041	0.977552	2
1	59000001	0.844924	0.977552	2
1	60000001	1.07461	0.977552	2
1	61000001	0.849324	0.977552	2
1	62000001	1.03374	0.977552	2
1	63000001	0.910734	0.977552	2
1	64000001	0.8773	0.977552	2
1	65000001	1.04286	0.977552	2
1	66000001	1.12571	0.977552	2
1	67000001	1.04816	0.977552	2
1	68000001	1.0016	0.977552	2
1	69000001	0.916949	0.977552	2
1	70000001	0.921511	0.977552	2
1	71000001	1.15688	0.977552	2
1	72000001	0.983856	0.977552	2
1	73000001	0.834063	0.977552	2
1	74000001	0.936491	0.977552	2
1	75000001	0.984101	0.977552	2
1	76000001	1.53681	0.977552	2
1	77000001	0.901535	0.977552	2
1	78000001	0.976225	0.977552	2
1	79000001	1.06871	0.977552	2
1	80000001	0.781371	0.977552	2
1	81000001	0.956337	0.977552	2
1	82000001	0.73982	0.977552	2
1	83000001	0.9255	0.977552	2
1	84000001	0.978878	0.977552	2
1	85000001	1.09863	0.977552	2
1	86000001	1.08078	0.977552	2
1	87000001	0.998452	0.977552	2
1	88000001	0.877024	0.977552	2
1	89000001	1.04049	0.977552	2
1	90000001	0.921452	0.977552	2
1	91000001	0.877568	0.977552	2
1	92000001	0.866462	0.977552	2
1	93000001	0.88869	0.977552	2
1	94000001	1.25554	0.977552	2
1	95000001	0.869312	0.977552	2
1	96000001	1.00146	0.977552	2
1	97000001	1.00194	0.977552	2
1	98000001	0.908868	0.977552	2
1	99000001	1.22148	0.977552	2
1	100000001	0.921417	0.977552	2
1	101000001	1.11475	0.977552	2
1	102000001	0.870465	0.977552	2
1	103000001	0.777432	0.977552	2
1	104000001	1.04104	0.977552	2
1	105000001	0.97594	0.977552	2
1	106000001	0.961402	0.977552	2
1	107000001	0.769506	0.977552	2
1	108000001	0.74615	0.977552	2
1	109000001	1.22522	0.977552	2
1	110000001	1.04775	0.977552	2
1	111000001	0.800991	0.977552	2
1	112000001	1.01755	0.977552	2
1	113000001	1.01255	0.977552	2
1	114000001	0.90481	0.977552	2
1	115000001	0.80838	0.977552	2
1	116000001	0.992493	0.977552	2
1	117000001	0.924872	0.977552	2
1	118000001	1.14877	0.977552	2
1	119000001	0.965616	0.977552	2
1	120000001	0.781438	0.977552	2
1	121000001	1.23956	0.977552	2
1	122000001	0.860441	0.977552	2
1	123000001	0.845188	0.977552	2
1	124000001	0.684359	0.977552	2
1	125000001	2.19998	0.977552	2
1	126000001	-1	0.977552	2
1	127000001	-1	0.977552	2
1	128000001	-1	0.977552	2
1	129000001	-1	0.977552	2
1	130000001	-1	0.977552	2
1	131000001	-1	0.977552	2
1	132000001	-1	0.977552	2
1	133000001	-1	0.977552	2
1	134000001	-1	0.977552	2
1	135000001	-1	0.977552	2
1	136000001	-1	0.977552	2
1	137000001	-1	0.977552	2
1	138000001	-1	0.977552	2
1	139000001	-1	0.977552	2
1	140000001	-1	0.977552	2
1	141000001	-1	0.977552	2
1	142000001	-1	0.977552	2
1	143000001	1.81829	0.977552	2
1	144000001	0.927328	0.977552	2
1	145000001	1.05315	0.977552	2
1	146000001	0.971799	0.977552	2
1	147000001	1.10254	0.977552	2
1	148000001	0.958216	0.977552	2
1	149000001	0.840455	0.977552	2
1	150000001	0.936588	0.977552	2
1	151000001	0.979107	0.977552	2
1	152000001	1.04331	0.977552	2
1	153000001	1.09257	0.977552	2
1	154000001	1.21125	0.977552	2
1	155000001	0.813299	0.977552	2
1	156000001	1.28282	0.977552	2
1	157000001	1.17625	0.977552	2
1	158000001	0.951053	0.977552	2
1	159000001	1.1267	0.977552	2
1	160000001	1.08162	0.977552	2
1	161000001	0.941446	0.977552	2
1	162000001	1.15011	0.977552	2
1	163000001	1.02301	0.977552	2
1	164000001	0.95415	0.977552	2
1	165000001	1.31802	0.977552	2
1	166000001	0.958195	0.977552	2
1	167000001	1.03337	0.977552	2
1	168000001	0.941398	0.977552	2
1	169000001	0.857293	0.977552	2
1	170000001	0.918379	0.977552	2
1	171000001	1.03943	0.977552	2
1	172000001	0.836644	0.977552	2
1	173000001	1.01655	0.977552	2
1	174000001	0.987873	0.977552	2
1	175000001	0.924072	0.977552	2
1	176000001	1.14783	0.977552	2
1	177000001	1.09892	0.977552	2
1	178000001	1.00618	0.977552	2
1	179000001	0.75937	0.977552	2
1	180000001	1.00594	0.977552	2
1	181000001	1.2386	0.977552	2
1	182000001	0.981493	0.977552	2
1	183000001	0.965622	0.977552	2
1	184000001	1.12761	0.977552	2
1	185000001	0.930972	0.977552	2
1	186000001	0.874059	0.977552	2
1	187000001	0.84588	0.977552	2
1	188000001	1.00276	0.977552	2
1	189000001	0.798436	0.977552	2
1	190000001	0.716765	0.977552	2
1	191000001	0.924398	0.977552	2
1	192000001	0.712956	0.977552	2
1	193000001	1.05263	0.977552	2
1	194000001	0.901063	0.977552	2
1	195000001	0.924111	0.977552	2
1	196000001	0.882408	0.977552	2
1	197000001	1.11538	0.977552	2
1	198000001	0.993661	0.977552	2
1	199000001	0.869978	0.977552	2
1	200000001	1.19398	0.977552	2
1	201000001	1.27275	0.977552	2
1	202000001	1.12769	0.977552	2
1	203000001	1.2908	0.977552	2
1	204000001	0.929942	0.977552	2
1	205000001	1.06916	0.977552	2
1	206000001	1.07028	0.977552	2
1	207000001	0.795837	0.977552	2
1	208000001	0.822365	0.977552	2
1	209000001	0.972927	0.977552	2
1	210000001	1.12196	0.977552	2
1	211000001	0.816791	0.977552	2
1	212000001	1.26979	0.977552	2
1	213000001	1.06774	0.977552	2
1	214000001	0.877587	0.977552	2
1	215000001	0.936242	0.977552	2
1	216000001	0.8264	0.977552	2
1	217000001	0.890285	0.977552	2
1	218000001	1.02472	0.977552	2
1	219000001	1.16782	0.977552	2
1	220000001	1.19598	0.977552	2
1	221000001	0.941386	0.977552	2
1	222000001	0.908031	0.977552	2
1	223000001	0.979737	0.977552	2
1	224000001	0.835368	0.977552	2
1	225000001	1.042	0.977552	2
1	226000001	1.19475	0.977552	2
1	227000001	0.981871	0.977552	2
1	228000001	1.14758	0.977552	2
1	229000001	1.24287	0.977552	2
1	230000001	1.16489	0.977552	2
1	231000001	0.916657	0.977552	2
1	232000001	0.823588	0.977552	2
1	233000001	0.904176	0.977552	2
1	234000001	1.02626	0.977552	2
1	235000001	0.934183	0.977552	2
1	236000001	1.09881	0.977552	2
1	237000001	1.07214	0.977552	2
1	238000001	1.02261	0.977552	2
1	239000001	0.736854	0.977552	2
1	240000001	0.801605	0.977552	2
1	241000001	1.08251	0.977552	2
1	242000001	1.08961	0.977552	2
1	243000001	1.11222	0.977552	2
1	244000001	0.860469	0.977552	2
1	245000001	1.00429	0.977552	2
1	246000001	0.71981	0.977552	2
1	247000001	1.22161	0.977552	2
1	248000001	0.996044	0.977552	2
10	1	0.850881	0.941164	2
10	1000001	0.817314	0.941164	2
10	2000001	0.64298	0.941164	2
10	3000001	1.05093	0.941164	2
10	4000001	0.755556	0.941164	2
10	5000001	1.29736	0.941164	2
10	6000001	1.05125	0.941164	2
10	7000001	0.954412	0.941164	2
10	8000001	0.929965	0.941164	2
10	9000001	0.78063	0.941164	2
10	10000001	0.878033	0.941164	2
10	11000001	0.955798	0.941164	2
10	12000001	0.87782	0.941164	2
10	13000001	1.18499	0.941164	2
10	14000001	1.09374	0.941164	2
10	15000001	1.10717	0.941164	2
10	16000001	0.930289	0.941164	2
10	17000001	0.97213	0.941164	2
10	18000001	0.95618	0.941164	2
10	19000001	1.05279	0.941164	2
10	20000001	0.892941	0.941164	2
10	21000001	0.729786	0.941164	2
10	22000001	0.936186	0.941164	2
10	23000001	0.859401	0.941164	2
10	24000001	0.947961	0.941164	2
10	25000001	1.01053	0.941164	2
10	26000001	1.00158	0.941164	2
10	27000001	0.948948	0.941164	2
10	28000001	0.829762	0.941164	2
10	29000001	1.15127	0.941164	2
10	30000001	0.909718	0.941164	2
10	31000001	0.99984	0.941164	2
10	32000001	0.720148	0.941164	2
10	33000001	1.12079	0.941164	2
10	34000001	0.936277	0.941164	2
10	35000001	0.876989	0.941164	2
10	36000001	0.86508	0.941164	2
10	37000001	1.02955	0.941164	2
10	38000001	1.00829	0.941164	2
10	39000001	1.20954	0.941164	2
10	40000001	1.01189	0.941164	2
10	41000001	0.725257	0.941164	2
10	42000001	0.975532	0.941164	2
10	43000001	0.849762	0.941164	2
10	44000001	1.03158	0.941164	2
10	45000001	0.989483	0.941164	2
10	46000001	1.03145	0.941164	2
10	47000001	1.10132	0.941164	2
10	48000001	0.997773	0.941164	2
10	49000001	1.17283	0.941164	2
10	50000001	1.03161	0.941164	2
10	51000001	0.91693	0.941164	2
10	52000001	1.11532	0.941164	2
10	53000001	0.843874	0.941164	2
10	54000001	1.02578	0.941164	2
10	55000001	0.907122	0.941164	2
10	56000001	0.644417	0.941164	2
10	57000001	0.904848	0.941164	2
10	58000001	0.979929	0.941164	2
10	59000001	0.880965	0.941164	2
10	60000001	0.946051	0.941164	2
10	61000001	0.80545	0.941164	2
10	62000001	0.890588	0.941164	2
10	63000001	0.868588	0.941164	2
10	64000001	0.75943	0.941164	2
10	65000001	0.852592	0.941164	2
10	66000001	0.861572	0.941164	2
10	67000001	0.69726	0.941164	2
10	68000001	1.19138	1.02797	2
10	69000001	1.31593	1.02797	2
10	70000001	1.10189	1.02797	2
10	71000001	1.23071	1.02797	2
10	72000001	1.04731	1.02797	2
10	73000001	0.893533	1.02797	2
10	74000001	1.02286	1.02797	2
10	75000001	1.03657	1.02797	2
10	76000001	1.06058	1.02797	2
10	77000001	1.02775	1.02797	2
10	78000001	1.03323	1.02797	2
10	79000001	0.951329	1.02797	2
10	80000001	1.12413	1.02797	2
10	81000001	0.918535	1.02797	2
10	82000001	0.952722	1.02797	2
10	83000001	0.887474	1.02797	2
10	84000001	1.01256	1.02797	2
10	85000001	1.04458	1.02797	2
10	86000001	0.942347	1.02797	2
10	87000001	0.743658	1.02797	2
10	88000001	0.846749	1.02797	2
10	89000001	1.05359	1.02797	2
10	90000001	0.977895	1.02797	2
10	91000001	1.10701	1.02797	2
10	92000001	0.823954	1.02797	2
10	93000001	0.892708	1.02797	2
10	94000001	0.839308	1.02797	2
10	95000001	1.1178	1.02797	2
10	96000001	1.31562	1.02797	2
10	97000001	1.07324	1.02797	2
10	98000001	1.11219	1.02797	2
10	99000001	0.939342	1.02797	2
10	100000001	0.989585	1.02797	2
10	101000001	1.25347	1.02797	2
10	102000001	1.08651	1.02797	2
10	103000001	1.11541	1.02797	2
10	104000001	0.92987	1.02797	2
10	105000001	1.02499	1.02797	2
10	106000001	0.960712	1.02797	2
10	107000001	1.10072	1.02797	2
10	108000001	0.770229	1.02797	2
10	109000001	0.82368	1.02797	2
10	110000001	1.02819	1.02797	2
10	111000001	1.10689	1.02797	2
10	112000001	1.07554	1.02797	2
10	113000001	1.0457	1.02797	2
10	114000001	0.95114	1.02797	2
10	115000001	0.93027	1.02797	2
10	116000001	1.00944	1.02797	2
10	117000001	0.883996	1.02797	2
10	118000001	1.15268	1.02797	2
10	119000001	1.03296	1.02797	2
10	120000001	0.968333	1.02797	2
10	121000001	1.04204	1.02797	2
10	122000001	1.22516	1.02797	2
10	123000001	0.935783	1.02797	2
10	124000001	0.840838	1.02797	2
10	125000001	1.14856	1.02797	2
10	126000001	2.82337	2.82337	6
10	127000001	0.960493	1.03586	2
10	128000001	1.14106	1.03586	2
10	129000001	1.03586	1.03586	2
10	130000001	1.34707	1.03586	2
10	131000001	0.857522	1.03586	2
10	132000001	1.00378	1.03586	2
10	133000001	1.76006	1.03586	2
11	1	1.22852	0.933974	2
11	1000001	0.879354	0.933974	2
11	2000001	0.852676	0.933974	2
11	3000001	1.15136	0.933974	2
11	4000001	0.79279	0.933974	2
11	5000001	0.82793	0.933974	2
11	6000001	1.04154	0.933974	2
11	7000001	0.95947	0.933974	2
11	8000001	0.920028	0.933974	2
11	9000001	0.947921	0.933974	2
11	10000001	1.26066	1.26066	3
11	11000001	2.03805	2.03805	4
11	12000001	1.04139	0.929312	2
11	13000001	0.875537	0.929312	2
11	14000001	1.06437	0.929312	2
11	15000001	0.73511	0.929312	2
11	16000001	0.65163	0.929312	2
11	17000001	1.23905	0.929312	2
11	18000001	0.95794	0.929312	2
11	19000001	0.929312	0.929312	2
11	20000001	0.966213	0.929312	2
11	21000001	0.795581	0.929312	2
11	22000001	1.29931	0.929312	2
11	23000001	0.571215	0.929312	2
11	24000001	0.878804	0.929312	2
11	25000001	0.856673	0.929312	2
11	26000001	0.872793	0.929312	2
11	27000001	0.898028	0.929312	2
11	28000001	0.695236	0.929312	2
11	29000001	1.04195	0.929312	2
11	30000001	0.920868	0.929312	2
11	31000001	0.902141	0.929312	2
11	32000001	1.09393	0.929312	2
11	33000001	0.900853	0.929312	2
11	34000001	1.27134	0.929312	2
11	35000001	1.00035	0.929312	2
11	36000001	0.834771	0.929312	2
11	37000001	1.10441	0.929312	2
11	38000001	0.854523	0.929312	2
11	39000001	0.843826	0.929312	2
11	40000001	0.891376	0.929312	2
11	41000001	0.845537	0.929312	2
11	42000001	0.952666	0.929312	2
11	43000001	0.956631	0.929312	2
11	44000001	1.01077	0.929312	2
11	45000001	1.12682	0.929312	2
11	46000001	1.00611	0.929312	2
11	47000001	0.956631	0.929312	2
11	48000001	1.1366	0.929312	2
11	49000001	0.839308	0.929312	2
11	50000001	1.05144	0.929312	2
11	51000001	0.800526	0.800526	2
11	52000001	0.603059	0.800526	2
11	53000001	0.817122	0.800526	2
11	54000001	0.822263	0.800526	2
11	55000001	0.601746	0.800526	2
11	56000001	1.10961	1.04849	2
11	57000001	1.11172	1.04849	2
11	58000001	0.821759	1.04849	2
11	59000001	0.986578	1.04849	2
11	60000001	0.943281	1.04849	2
11	61000001	1.07911	1.04849	2
11	62000001	1.06432	1.04849	2
11	63000001	1.03233	1.04849	2
11	64000001	0.89639	1.04849	2
11	65000001	1.08129	1.04849	2
11	66000001	1.03267	1.04849	2
11	67000001	1.44484	1.04849	2
11	68000001	1.09005	1.04849	2
11	69000001	1.23633	1.04849	2
11	70000001	1.01314	1.04849	2
11	71000001	1.19062	1.04849	2
11	72000001	1.23621	1.04849	2
11	73000001	1.10451	1.04849	2
11	74000001	0.974443	1.04849	2
11	75000001	1.1116	1.04849	2
11	76000001	0.956167	1.04849	2
11	77000001	0.856846	1.04849	2
11	78000001	1.01049	1.04849	2
11	79000001	1.11565	1.04849	2
11	80000001	1.01853	1.04849	2
11	81000001	0.937024	1.04849	2
11	82000001	1.12139	1.04849	2
11	83000001	0.992582	1.04849	2
11	84000001	0.729854	0.826745	2
11	85000001	0.783847	0.826745	2
11	86000001	0.903456	0.826745	2
11	87000001	0.989356	0.826745	2
11	88000001	0.655161	0.826745	2
11	89000001	0.669642	0.826745	2
11	90000001	0.88458	0.826745	2
11	91000001	0.869642	0.826745	2
11	92000001	1.03347	1.00628	2
11	93000001	0.83617	1.00628	2
11	94000001	0.98916	1.00628	2
11	95000001	1.09319	1.00628	2
11	96000001	1.15994	1.00628	2
11	97000001	0.609361	1.00628	2
11	98000001	0.92249	1.00628	2
11	99000001	1.05913	1.00628	2
11	100000001	0.884556	1.00628	2
11	101000001	1.00639	1.00628	2
11	102000001	0.85911	1.00628	2
11	103000001	0.993663	1.00628	2
11	104000001	1.24374	1.00628	2
11	105000001	0.906581	1.00628	2
11	106000001	1.01202	1.00628	2
11	107000001	0.918473	1.00628	2
11	108000001	0.891717	1.00628	2
11	109000001	0.971897	1.00628	2
11	110000001	0.830234	1.00628	2
11	111000001	1.0781	1.00628	2
11	112000001	1.47293	1.00628	2
11	113000001	1.05854	1.00628	2
11	114000001	1.09898	1.00628	2
11	115000001	0.75634	1.00628	2
11	116000001	1.07439	1.00628	2
11	117000001	0.929309	1.00628	2
11	118000001	1.23295	1.00628	2
11	119000001	1.14425	1.00628	2
11	120000001	1.16155	1.00628	2
11	121000001	1.00628	1.00628	2
11	122000001	0.757292	1.00628	2
11	123000001	0.874127	1.00628	2
11	124000001	0.855449	1.00628	2
11	125000001	0.956367	1.00628	2
11	126000001	1.11272	1.00628	2
11	127000001	1.05494	1.00628	2
11	128000001	1.02705	1.00628	2
11	129000001	0.854374	1.00628	2
11	130000001	1.16312	1.00628	2
11	131000001	0.979297	1.00628	2
11	132000001	1.08507	1.00628	2
11	133000001	1.14781	1.36396	3
11	134000001	1.36396	1.36396	3
11	135000001	1.54222	1.36396	3
12	1	0.775622	0.982343	2
12	1000001	1.02057	0.982343	2
12	2000001	0.78469	0.982343	2
12	3000001	0.777437	0.982343	2
12	4000001	1.07443	0.982343	2
12	5000001	0.982927	0.982343	2
12	6000001	0.809751	0.982343	2
12	7000001	1.09773	0.982343	2
12	8000001	0.75933	0.982343	2
12	9000001	0.976315	0.982343	2
12	10000001	1.09989	0.982343	2
12	11000001	0.61545	0.982343	2
12	12000001	0.892801	0.982343	2
12	13000001	0.909308	0.982343	2
12	14000001	0.969444	0.982343	2
12	15000001	1.16477	0.982343	2
12	16000001	1.00463	0.982343	2
12	17000001	0.922162	0.982343	2
12	18000001	1.06981	0.982343	2
12	19000001	0.921416	0.982343	2
12	20000001	0.815567	0.982343	2
12	21000001	0.987178	0.982343	2
12	22000001	0.98176	0.982343	2
12	23000001	0.776899	0.982343	2
12	24000001	1.14122	0.982343	2
12	25000001	1.26179	0.982343	2
12	26000001	1.03343	0.982343	2
12	27000001	1.02976	0.982343	2
12	28000001	1.06942	0.982343	2
12	29000001	0.903602	0.982343	2
12	30000001	1.15134	0.982343	2
12	31000001	1.08178	0.982343	2
12	32000001	0.721817	0.982343	2
12	33000001	1.27081	0.982343	2
12	34000001	0.985083	0.982343	2
12	35000001	1.06722	0.982343	2
12	36000001	0.923923	0.982343	2
12	37000001	0.81912	0.982343	2
12	38000001	0.984511	0.982343	2
12	39000001	0.85953	0.982343	2
12	40000001	0.805296	0.982343	2
12	41000001	0.900112	0.982343	2
12	42000001	1.05795	0.982343	2
12	43000001	1.05212	0.982343	2
12	44000001	0.962466	0.982343	2
12	45000001	1.04347	0.982343	2
12	46000001	0.890646	0.982343	2
12	47000001	1.22897	0.982343	2
12	48000001	1.65899	1.65899	3
12	49000001	1.14813	1.01917	2
12	50000001	0.991222	1.01917	2
12	51000001	0.975408	1.01917	2
12	52000001	1.31941	1.01917	2
12	53000001	1.01917	1.01917	2
12	54000001	1.20307	1.01917	2
12	55000001	0.824857	1.01917	2
12	56000001	1.0077	1.01917	2
12	57000001	1.26154	1.01917	2
12	58000001	0.918565	1.01917	2
12	59000001	0.940043	1.01917	2
12	60000001	1.07506	1.01917	2
12	61000001	0.971959	1.01917	2
12	62000001	1.19237	1.01917	2
12	63000001	1.19936	1.01917	2
12	64000001	1.06119	1.01917	2
12	65000001	0.878766	1.01917	2
12	66000001	0.954007	1.01917	2
12	67000001	1.19723	1.01917	2
12	68000001	0.795513	0.882756	2
12	69000001	0.958463	0.882756	2
12	70000001	0.778774	0.882756	2
12	71000001	0.698234	0.882756	2
12	72000001	0.911568	0.882756	2
12	73000001	0.901766	0.882756	2
12	74000001	0.703813	0.882756	2
12	75000001	1.13585	0.882756	2
12	76000001	0.971274	0.882756	2
12	77000001	1.13349	0.882756	2
12	78000001	0.984456	0.882756	2
12	79000001	0.93353	0.882756	2
12	80000001	0.817311	0.882756	2
12	81000001	0.773741	0.882756	2
12	82000001	0.798918	0.882756	2
12	83000001	0.741658	0.882756	2
12	84000001	0.869284	0.882756	2
12	85000001	1.10191	0.882756	2
12	86000001	0.982851	0.882756	2
12	87000001	0.833802	0.882756	2
12	88000001	0.650324	0.882756	2
12	89000001	0.931193	0.882756	2
12	90000001	0.767149	0.882756	2
12	91000001	0.925743	0.882756	2
12	92000001	0.87068	0.882756	2
12	93000001	0.894937	0.882756	2
12	94000001	0.920537	0.882756	2
12	95000001	0.992612	0.882756	2
12	96000001	0.797024	0.882756	2
12	97000001	0.734938	0.882756	2
12	98000001	1.02714	0.882756	2
12	99000001	0.8844	0.882756	2
12	100000001	0.747964	0.882756	2
12	101000001	1.16176	0.882756	2
12	102000001	0.935734	0.882756	2
12	103000001	0.947676	0.882756	2
12	104000001	0.853583	0.882756	2
12	105000001	0.825098	0.882756	2
12	106000001	0.839308	0.882756	2
12	107000001	0.881112	0.882756	2
12	108000001	1.03873	0.96562	2
12	109000001	0.916424	0.96562	2
12	110000001	0.950722	0.96562	2
12	111000001	1.23813	0.96562	2
12	112000001	0.973168	0.96562	2
12	113000001	1.1042	0.96562	2
12	114000001	1.03439	0.96562	2
12	115000001	1.23591	0.96562	2
12	116000001	0.786497	0.96562	2
12	117000001	1.00142	0.96562	2
12	118000001	0.896144	0.96562	2
12	119000001	0.958223	0.96562	2
12	120000001	0.855181	0.96562	2
12	121000001	0.946232	0.96562	2
12	122000001	0.990815	0.96562	2
12	123000001	1.18252	0.96562	2
12	124000001	0.844972	0.96562	2
12	125000001	1.06266	0.96562	2
12	126000001	0.939933	0.96562	2
12	127000001	0.89249	0.96562	2
12	128000001	0.96562	0.96562	2
12	129000001	1.3646	1.17186	2
12	130000001	0.845331	1.17186	2
12	131000001	1.26534	1.17186	2
12	132000001	1.15911	1.17186	2
12	133000001	1.17186	1.17186	2
13	1	-1	-1	1
13	1000001	-1	-1	1
13	2000001	-1	-1	1
13	3000001	-1	-1	1
13	4000001	-1	-1	1
13	5000001	-1	-1	1
13	6000001	-1	-1	1
13	7000001	-1	-1	1
13	8000001	-1	-1	1
13	9000001	-1	-1	1
13	10000001	-1	-1	1
13	11000001	-1	-1	1
13	12000001	-1	-1	1
13	13000001	-1	-1	1
13	14000001	-1	-1	1
13	15000001	-1	-1	1
13	16000001	0.752723	0.74095	1
13	17000001	0.729178	0.74095	1
13	18000001	1.26808	1.22915	2
13	19000001	1.19022	1.22915	2
13	20000001	0.863241	0.938734	2
13	21000001	1.00202	0.938734	2
13	22000001	0.920452	0.938734	2
13	23000001	1.01771	0.938734	2
13	24000001	0.869514	0.938734	2
13	25000001	0.99538	0.938734	2
13	26000001	0.920705	0.938734	2
13	27000001	1.10047	0.938734	2
13	28000001	0.925492	0.938734	2
13	29000001	0.882725	0.938734	2
13	30000001	0.910647	0.938734	2
13	31000001	0.862676	0.938734	2
13	32000001	1.02654	0.938734	2
13	33000001	1.03738	0.938734	2
13	34000001	0.961113	0.938734	2
13	35000001	0.9837	0.938734	2
13	36000001	0.933734	0.938734	2
13	37000001	0.939879	0.938734	2
13	38000001	0.937588	0.938734	2
13	39000001	0.823869	0.938734	2
13	40000001	1.06995	0.938734	2
13	41000001	1.15309	0.938734	2
13	42000001	1.0712	0.938734	2
13	43000001	0.707281	0.938734	2
13	44000001	0.877122	0.938734	2
13	45000001	0.973192	0.938734	2
13	46000001	1.05788	1.19876	2
13	47000001	1.14182	1.19876	2
13	48000001	1.2557	1.19876	2
13	49000001	1.27829	1.19876	2
13	50000001	1.03388	1.0277	2
13	51000001	1.02152	1.0277	2
13	52000001	1.06016	1.0277	2
13	53000001	1.04695	1.0277	2
13	54000001	1.00029	1.0277	2
13	55000001	0.999933	1.0277	2
13	56000001	0.73493	0.99476	2
13	57000001	0.831689	0.99476	2
13	58000001	0.99476	0.99476	2
13	59000001	1.08712	0.99476	2
13	60000001	1.01123	0.99476	2
13	61000001	0.742549	0.81928	2
13	62000001	0.944056	0.81928	2
13	63000001	0.635674	0.81928	2
13	64000001	1.12006	0.81928	2
13	65000001	0.67857	0.81928	2
13	66000001	0.844961	0.81928	2
13	67000001	0.793599	0.81928	2
13	68000001	0.868991	0.81928	2
13	69000001	0.988214	0.988214	2
13	70000001	0.984352	0.988214	2
13	71000001	1.37851	0.988214	2
13	72000001	0.813494	0.988214	2
13	73000001	1.1221	0.988214	2
13	74000001	0.93176	0.892	2
13	75000001	0.764277	0.892	2
13	76000001	0.777002	0.892	2
13	77000001	0.883735	0.892	2
13	78000001	0.99829	0.892	2
13	79000001	0.843138	0.892	2
13	80000001	0.972184	0.892	2
13	81000001	0.892	0.892	2
13	82000001	0.895924	0.892	2
13	83000001	0.910972	0.892	2
13	84000001	1.03944	0.892	2
13	85000001	0.702295	0.892	2
13	86000001	1.04847	0.892	2
13	87000001	0.707995	0.892	2
13	88000001	0.677762	0.892	2
13	89000001	1.21788	0.992721	2
13	90000001	1.1389	0.992721	2
13	91000001	0.96214	0.992721	2
13	92000001	1.22054	0.992721	2
13	93000001	0.917747	0.992721	2
13	94000001	0.992721	0.992721	2
13	95000001	1.01762	0.992721	2
13	96000001	0.943225	0.992721	2
13	97000001	1.12589	0.992721	2
13	98000001	0.848333	0.992721	2
13	99000001	1.24548	0.992721	2
13	100000001	0.743263	0.992721	2
13	101000001	0.771736	0.992721	2
13	102000001	1.12314	1.14319	2
13	103000001	1.14319	1.14319	2
13	104000001	1.27684	1.14319	2
13	105000001	0.651174	0.705117	1
13	106000001	0.75906	0.705117	1
13	107000001	1.03377	0.976496	2
13	108000001	0.967159	0.976496	2
13	109000001	0.976496	0.976496	2
13	110000001	1.58395	1.22038	2
13	111000001	1.00244	1.22038	2
13	112000001	0.909308	1.22038	2
13	113000001	1.22038	1.22038	2
13	114000001	1.2428	1.22038	2
14	1	-1	-1	2
14	1000001	-1	-1	2
14	2000001	-1	-1	2
14	3000001	-1	-1	2
14	4000001	-1	-1	2
14	5000001	-1	-1	2
14	6000001	-1	-1	2
14	7000001	-1	-1	2
14	8000001	-1	-1	2
14	9000001	-1	-1	2
14	10000001	-1	-1	2
14	11000001	-1	-1	2
14	12000001	-1	-1	2
14	13000001	-1	-1	2
14	14000001	-1	-1	2
14	15000001	-1	-1	2
14	16000001	0.995073	0.817326	2
14	17000001	0.817326	0.817326	2
14	18000001	0.816208	0.817326	2
14	19000001	0.709882	0.817326	2
14	20000001	0.856878	0.817326	2
14	21000001	0.985631	0.913106	2
14	22000001	0.867497	0.913106	2
14	23000001	0.867135	0.913106	2
14	24000001	0.967029	0.913106	2
14	25000001	0.913106	0.913106	2
14	26000001	0.887515	0.913106	2
14	27000001	0.986526	0.913106	2
14	28000001	0.981292	0.913106	2
14	29000001	1.09385	0.913106	2
14	30000001	0.715343	0.913106	2
14	31000001	0.894853	0.913106	2
14	32000001	1.26733	0.913106	2
14	33000001	1.00607	0.913106	2
14	34000001	0.874884	0.913106	2
14	35000001	1.02318	0.913106	2
14	36000001	1.0284	0.913106	2
14	37000001	0.867611	0.913106	2
14	38000001	0.863663	0.913106	2
14	39000001	0.915201	0.913106	2
14	40000001	0.936751	0.913106	2
14	41000001	1.03132	0.913106	2
14	42000001	0.707991	0.913106	2
14	43000001	0.874818	0.913106	2
14	44000001	0.952603	0.913106	2
14	45000001	0.732804	0.913106	2
14	46000001	0.860736	0.913106	2
14	47000001	1.17627	0.913106	2
14	48000001	0.80395	0.913106	2
14	49000001	0.869647	0.913106	2
14	50000001	1.14157	1.11815	2
14	51000001	1.05651	1.11815	2
14	52000001	1.19004	1.11815	2
14	53000001	1.09472	1.11815	2
14	54000001	0.889948	0.908078	2
14	55000001	0.90793	0.908078	2
14	56000001	0.908226	0.908078	2
14	57000001	1.06738	0.908078	2
14	58000001	0.949451	0.908078	2
14	59000001	0.866956	0.908078	2
14	60000001	1.65536	1.65536	3
14	61000001	0.929338	0.813442	2
14	62000001	0.788271	0.813442	2
14	63000001	0.745249	0.813442	2
14	64000001	0.838613	0.813442	2
14	65000001	1.12639	1.06568	2
14	66000001	0.872786	1.06568	2
14	67000001	1.13809	1.06568	2
14	68000001	1.15339	1.06568	2
14	69000001	0.855924	1.06568	2
14	70000001	1.07022	1.06568	2
14	71000001	0.945511	1.06568	2
14	72000001	1.06568	1.06568	2
14	73000001	0.899103	1.06568	2
14	74000001	0.944381	1.06568	2
14	75000001	1.32155	1.06568	2
14	76000001	0.787995	0.793478	2
14	77000001	1.03933	0.793478	2
14	78000001	0.718823	0.793478	2
14	79000001	0.774465	0.793478	2
14	80000001	0.835928	0.793478	2
14	81000001	1.15242	0.793478	2
14	82000001	0.798961	0.793478	2
14	83000001	0.710226	0.793478	2
14	84000001	0.759374	0.793478	2
14	85000001	0.756222	0.793478	2
14	86000001	1.15378	0.793478	2
14	87000001	0.773425	0.793478	2
14	88000001	0.867517	0.793478	2
14	89000001	0.940167	0.793478	2
14	90000001	1.17875	1.08079	2
14	91000001	1.06014	1.08079	2
14	92000001	1.125	1.08079	2
14	93000001	0.925391	1.08079	2
14	94000001	1.06551	1.08079	2
14	95000001	1.14841	1.08079	2
14	96000001	1.07297	1.08079	2
14	97000001	1.08079	1.08079	2
14	98000001	1.16761	1.08079	2
14	99000001	1.16027	1.08079	2
14	100000001	1.21687	1.08079	2
14	101000001	1.03464	1.08079	2
14	102000001	0.990303	1.08079	2
14	103000001	1.23146	1.08079	2
14	104000001	1.19455	1.08079	2
14	105000001	0.94226	1.08079	2
14	106000001	0.983377	1.08079	2
14	107000001	-1	-1	2
15	1	-1	-1	2
15	1000001	-1	-1	2
15	2000001	-1	-1	2
15	3000001	-1	-1	2
15	4000001	-1	-1	2
15	5000001	-1	-1	2
15	6000001	-1	-1	2
15	7000001	-1	-1	2
15	8000001	-1	-1	2
15	9000001	-1	-1	2
15	10000001	-1	-1	2
15	11000001	-1	-1	2
15	12000001	-1	-1	2
15	13000001	-1	-1	2
15	14000001	-1	-1	2
15	15000001	-1	-1	2
15	16000001	-1	-1	2
15	17000001	1.05441	0.883357	2
15	18000001	0.600546	0.883357	2
15	19000001	0.883357	0.883357	2
15	20000001	1.16171	1.02235	2
15	21000001	0.912133	1.02235	2
15	22000001	1.06328	1.02235	2
15	23000001	0.981416	1.02235	2
15	24000001	1.07683	1.21953	2
15	25000001	1.36223	1.21953	2
15	26000001	0.634676	0.955077	2
15	27000001	0.955077	0.955077	2
15	28000001	1.08991	0.955077	2
15	29000001	0.926497	0.955077	2
15	30000001	0.906179	0.955077	2
15	31000001	1.04345	0.955077	2
15	32000001	1.04754	0.955077	2
15	33000001	1.05015	0.955077	2
15	34000001	0.887046	0.955077	2
15	35000001	0.878126	0.955077	2
15	36000001	1.07287	0.955077	2
15	37000001	0.708649	0.723141	1
15	38000001	0.81159	0.723141	1
15	39000001	0.723141	0.723141	1
15	40000001	1.12272	1.02095	2
15	41000001	1.1135	1.02095	2
15	42000001	1.03367	1.02095	2
15	43000001	0.962359	1.02095	2
15	44000001	0.998353	1.02095	2
15	45000001	1.03307	1.02095	2
15	46000001	0.898966	1.02095	2
15	47000001	1.12574	1.02095	2
15	48000001	0.864299	1.02095	2
15	49000001	1.12806	1.02095	2
15	50000001	1.06481	1.02095	2
15	51000001	0.985598	1.02095	2
15	52000001	1.12186	1.02095	2
15	53000001	0.890112	1.02095	2
15	54000001	0.930168	1.02095	2
15	55000001	1.02361	1.02095	2
15	56000001	1.03705	1.02095	2
15	57000001	1.01802	1.02095	2
15	58000001	1.06867	1.02095	2
15	59000001	0.994586	1.02095	2
15	60000001	0.956631	1.02095	2
15	61000001	0.815286	1.02095	2
15	62000001	1.14913	1.02095	2
15	63000001	1.01152	1.02095	2
15	64000001	1.1402	1.02095	2
15	65000001	0.86688	1.02095	2
15	66000001	1.04509	1.02095	2
15	67000001	0.920408	1.02095	2
15	68000001	0.916967	1.02095	2
15	69000001	1.04558	1.02095	2
15	70000001	1.15941	1.02095	2
15	71000001	0.903168	1.02095	2
15	72000001	1.08939	1.02095	2
15	73000001	1.01828	1.02095	2
15	74000001	1.21674	1.29837	3
15	75000001	1.38	1.29837	3
15	76000001	0.964913	0.964913	2
15	77000001	1.09813	0.964913	2
15	78000001	0.872766	0.964913	2
15	79000001	0.927695	0.964913	2
15	80000001	0.818034	0.964913	2
15	81000001	0.988808	0.964913	2
15	82000001	1.09775	0.964913	2
15	83000001	0.907732	0.964913	2
15	84000001	0.964931	0.964913	2
15	85000001	0.985115	0.964913	2
15	86000001	0.910704	0.964913	2
15	87000001	1.08539	1.09156	2
15	88000001	1.09746	1.09156	2
15	89000001	1.23948	1.09156	2
15	90000001	0.978328	1.09156	2
15	91000001	1.09156	1.09156	2
15	92000001	1.05787	1.09156	2
15	93000001	1.11798	1.09156	2
15	94000001	0.906547	1.05004	2
15	95000001	1.11338	1.05004	2
15	96000001	0.77161	1.05004	2
15	97000001	0.99623	1.05004	2
15	98000001	1.15187	1.05004	2
15	99000001	0.979484	1.05004	2
15	100000001	1.10384	1.05004	2
15	101000001	1.15598	1.05004	2
16	1	1.04312	1.096	2
16	1000001	1.12381	1.096	2
16	2000001	0.964152	1.096	2
16	3000001	1.10842	1.096	2
16	4000001	1.08358	1.096	2
16	5000001	1.16301	1.096	2
16	6000001	0.956977	1.096	2
16	7000001	1.12986	1.096	2
16	8000001	0.875162	0.999725	2
16	9000001	0.759764	0.999725	2
16	10000001	1.06773	0.999725	2
16	11000001	0.960047	0.999725	2
16	12000001	1.01195	0.999725	2
16	13000001	1.10357	0.999725	2
16	14000001	1.05051	0.999725	2
16	15000001	1.10134	0.999725	2
16	16000001	0.999725	0.999725	2
16	17000001	0.760399	0.999725	2
16	18000001	0.934126	0.999725	2
16	19000001	0.879243	0.999725	2
16	20000001	0.991297	0.999725	2
16	21000001	0.93684	0.999725	2
16	22000001	1.1351	0.999725	2
16	23000001	1.23264	0.999725	2
16	24000001	1.14163	0.999725	2
16	25000001	0.88859	0.999725	2
16	26000001	1.07054	0.999725	2
16	27000001	0.994154	0.999725	2
16	28000001	1.02904	0.999725	2
16	29000001	1.22281	1.22281	2
16	30000001	1.14432	1.22281	2
16	31000001	1.29752	1.22281	2
16	32000001	0.998523	1.22281	2
16	33000001	1.28595	1.22281	2
16	34000001	1.27043	1.22281	2
16	35000001	1.21087	1.22281	2
16	36000001	0.874014	0.874014	2
16	37000001	1.01625	0.874014	2
16	38000001	0.583388	0.874014	2
16	39000001	-1	-1	2
16	40000001	-1	-1	2
16	41000001	-1	-1	2
16	42000001	-1	-1	2
16	43000001	-1	-1	2
16	44000001	-1	-1	2
16	45000001	-1	-1	2
16	46000001	2.30835	2.30835	5
16	47000001	1.04332	0.964612	2
16	48000001	0.766102	0.964612	2
16	49000001	1.05987	0.964612	2
16	50000001	1.16273	0.964612	2
16	51000001	0.873377	0.964612	2
16	52000001	1.10029	0.964612	2
16	53000001	1.04848	0.964612	2
16	54000001	0.88754	0.964612	2
16	55000001	0.867073	0.964612	2
16	56000001	0.992332	0.964612	2
16	57000001	1.06664	0.964612	2
16	58000001	0.89689	0.964612	2
16	59000001	0.865856	0.964612	2
16	60000001	0.775803	0.964612	2
16	61000001	1.13732	0.964612	2
16	62000001	1.08357	0.964612	2
16	63000001	0.936891	0.964612	2
16	64000001	0.901055	0.964612	2
16	65000001	1.11046	1.11046	2
16	66000001	1.1423	1.11046	2
16	67000001	1.24182	1.11046	2
16	68000001	1.14646	1.11046	2
16	69000001	1.07833	1.11046	2
16	70000001	1.09996	1.11046	2
16	71000001	1.09846	1.11046	2
16	72000001	0.825209	0.933879	2
16	73000001	0.800446	0.933879	2
16	74000001	1.36634	0.933879	2
16	75000001	0.941446	0.933879	2
16	76000001	0.818555	0.933879	2
16	77000001	0.926312	0.933879	2
16	78000001	0.680716	0.933879	2
16	79000001	1.0425	0.933879	2
16	80000001	0.905937	0.933879	2
16	81000001	1.04152	0.933879	2
16	82000001	0.976655	0.933879	2
16	83000001	1.01589	0.933879	2
16	84000001	1.37998	1.2615	3
16	85000001	1.24215	1.2615	3
16	86000001	1.2615	1.2615	3
16	87000001	0.92267	0.973742	2
16	88000001	1.26524	0.973742	2
16	89000001	0.896125	0.973742	2
16	90000001	1.02481	0.973742	2
17	1	1.41485	1.31558	3
17	1000001	1.21631	1.31558	3
17	2000001	0.872289	1.03647	2
17	3000001	1.11551	1.03647	2
17	4000001	0.969947	1.03647	2
17	5000001	0.863827	1.03647	2
17	6000001	1.12218	1.03647	2
17	7000001	1.03995	1.03647	2
17	8000001	1.03298	1.03647	2
17	9000001	1.05568	1.03647	2
17	10000001	0.807124	0.882273	2
17	11000001	0.957423	0.882273	2
17	12000001	1.0243	0.882273	2
17	13000001	0.653416	0.882273	2
17	14000001	1.17823	1.14839	2
17	15000001	1.29194	1.14839	2
17	16000001	1.07282	1.14839	2
17	17000001	1.33016	1.14839	2
17	18000001	1.04378	1.14839	2
17	19000001	1.11855	1.14839	2
17	20000001	0.991721	0.93301	2
17	21000001	0.893706	0.93301	2
17	22000001	0.810643	0.93301	2
17	23000001	0.874588	0.93301	2
17	24000001	1.05617	0.93301	2
17	25000001	0.972313	0.93301	2
17	26000001	1.6114	1.6114	3
17	27000001	0.804589	1.02003	2
17	28000001	0.959005	1.02003	2
17	29000001	1.06475	1.02003	2
17	30000001	1.03522	1.02003	2
17	31000001	0.833411	1.02003	2
17	32000001	1.13385	1.02003	2
17	33000001	1.08265	1.02003	2
17	34000001	1.01884	1.02003	2
17	35000001	1.08587	1.02003	2
17	36000001	0.970469	1.02003	2
17	37000001	1.02003	1.02003	2
17	38000001	1.33169	1.02003	2
17	39000001	1.19267	1.02003	2
17	40000001	0.846051	1.02003	2
17	41000001	0.837224	1.02003	2
17	42000001	1.19818	1.02003	2
17	43000001	0.832583	1.02003	2
17	44000001	1.16244	1.02003	2
17	45000001	1.22805	1.02003	2
17	46000001	1.02236	1.02003	2
17	47000001	0.914455	1.02003	2
17	48000001	1.11815	1.02003	2
17	49000001	0.993706	1.02003	2
17	50000001	1.03302	1.02003	2
17	51000001	0.91806	1.02003	2
17	52000001	0.837792	1.02003	2
17	53000001	0.9215	1.02003	2
17	54000001	0.92367	1.02003	2
17	55000001	1.18115	1.02003	2
17	56000001	0.954193	1.02003	2
17	57000001	1.02482	1.02003	2
17	58000001	1.03736	1.02003	2
17	59000001	1.15233	1.02003	2
17	60000001	0.998707	1.02003	2
17	61000001	0.872507	1.02003	2
17	62000001	1.60908	1.21104	2
17	63000001	1.03246	1.21104	2
17	64000001	1.13681	1.21104	2
17	65000001	1.28526	1.21104	2
17	66000001	0.914389	1.00796	2
17	67000001	1.00796	1.00796	2
17	68000001	1.08665	1.00796	2
17	69000001	0.877337	1.00796	2
17	70000001	1.01506	1.00796	2
17	71000001	0.848275	1.00796	2
17	72000001	1.02984	1.00796	2
17	73000001	1.21784	1.00796	2
17	74000001	1.05253	1.00796	2
17	75000001	0.846102	1.00796	2
17	76000001	0.973499	1.00796	2
17	77000001	1.68622	1.166	2
17	78000001	1.08191	1.166	2
17	79000001	1.05798	1.166	2
17	80000001	1.25009	1.166	2
17	81000001	2.69202	2.69202	5
17	82000001	0.921727	0.876085	2
17	83000001	0.830443	0.876085	2
18	1	2.16305	2.16305	4
18	1000001	0.867871	0.781292	2
18	2000001	0.694713	0.781292	2
18	3000001	1.03474	1.03474	2
18	4000001	1.17221	1.03474	2
18	5000001	0.86208	1.03474	2
18	6000001	1.03473	1.03474	2
18	7000001	0.966817	1.03474	2
18	8000001	1.13698	1.03474	2
18	9000001	0.978416	1.03474	2
18	10000001	1.11659	1.03474	2
18	11000001	1.06215	1.03474	2
18	12000001	0.847549	1.03474	2
18	13000001	0.927345	1.03474	2
18	14000001	1.09758	1.03474	2
18	15000001	0.653206	0.658299	1
18	16000001	0.611105	0.658299	1
18	17000001	0.785366	0.658299	1
18	18000001	0.665737	0.658299	1
18	19000001	0.663392	0.658299	1
18	20000001	0.615974	0.658299	1
18	21000001	1.02173	1.01493	2
18	22000001	0.761183	1.01493	2
18	23000001	1.03428	1.01493	2
18	24000001	1.20895	1.01493	2
18	25000001	0.941506	1.01493	2
18	26000001	0.969304	1.01493	2
18	27000001	0.864346	1.01493	2
18	28000001	1.06684	1.01493	2
18	29000001	1.02305	1.01493	2
18	30000001	1.04498	1.01493	2
18	31000001	0.629265	1.01493	2
18	32000001	1.00864	1.01493	2
18	33000001	1.22014	1.01493	2
18	34000001	0.916395	1.01493	2
18	35000001	1.00186	1.01493	2
18	36000001	1.04204	1.01493	2
18	37000001	0.899158	1.01493	2
18	38000001	1.27131	1.01493	2
18	39000001	0.824826	1.01493	2
18	40000001	0.864566	1.01493	2
18	41000001	0.941446	1.01493	2
18	42000001	1.10324	1.01493	2
18	43000001	0.943605	1.01493	2
18	44000001	1.09241	1.01493	2
18	45000001	1.19148	1.01493	2
18	46000001	1.02967	1.01493	2
18	47000001	0.990606	1.01493	2
18	48000001	1.01493	1.01493	2
18	49000001	0.919077	1.01493	2
18	50000001	1.37531	1.01493	2
18	51000001	1.07641	1.01493	2
18	52000001	0.998348	1.01493	2
18	53000001	0.814433	1.01493	2
18	54000001	0.796275	1.01493	2
18	55000001	1.2095	1.01493	2
18	56000001	1.14121	1.01493	2
18	57000001	1.04858	1.01493	2
18	58000001	1.01138	1.01493	2
18	59000001	0.767911	1.01493	2
18	60000001	1.00176	1.01493	2
18	61000001	1.57519	1.01493	2
18	62000001	1.04267	1.01493	2
18	63000001	1.02462	1.01493	2
18	64000001	0.758957	0.841844	2
18	65000001	0.908596	0.841844	2
18	66000001	0.830617	0.841844	2
18	67000001	0.826359	0.841844	2
18	68000001	0.9821	0.841844	2
18	69000001	0.808525	0.841844	2
18	70000001	0.869179	0.841844	2
18	71000001	0.86916	0.841844	2
18	72000001	0.628785	0.841844	2
18	73000001	0.853071	0.841844	2
18	74000001	1.01846	0.841844	2
18	75000001	0.811246	0.841844	2
18	76000001	1.27095	1.23066	2
18	77000001	1.39906	1.23066	2
18	78000001	0.850159	1.23066	2
18	79000001	1.07133	1.23066	2
18	80000001	1.23066	1.23066	2
19	1	1.00116	1.08318	2
19	1000001	1.05027	1.08318	2
19	2000001	1.23242	1.08318	2
19	3000001	1.1161	1.08318	2
19	4000001	0.935292	1.08318	2
19	5000001	1.3529	1.08318	2
19	6000001	0.857274	0.982474	2
19	7000001	1.03964	0.982474	2
19	8000001	1.12983	0.982474	2
19	9000001	0.993261	0.982474	2
19	10000001	0.970911	0.982474	2
19	11000001	0.832751	0.982474	2
19	12000001	0.990452	0.982474	2
19	13000001	1.04866	0.982474	2
19	14000001	0.875656	0.982474	2
19	15000001	0.903334	0.982474	2
19	16000001	0.849452	0.982474	2
19	17000001	0.974496	0.982474	2
19	18000001	1.25485	0.982474	2
19	19000001	1.11073	0.982474	2
19	20000001	0.861426	0.861426	2
19	21000001	0.962337	0.861426	2
19	22000001	0.874873	0.861426	2
19	23000001	0.936666	0.861426	2
19	24000001	0.797123	0.861426	2
19	25000001	0.746402	0.861426	2
19	26000001	0.815424	0.861426	2
19	27000001	1.03349	1.06974	2
19	28000001	1.06974	1.06974	2
19	29000001	1.0958	1.06974	2
19	30000001	1.02897	1.06974	2
19	31000001	1.06896	1.06974	2
19	32000001	1.01212	1.06974	2
19	33000001	1.10858	1.06974	2
19	34000001	1.08751	1.06974	2
19	35000001	1.17177	1.06974	2
19	36000001	0.904681	0.982054	2
19	37000001	0.980431	0.982054	2
19	38000001	0.865111	0.982054	2
19	39000001	0.992959	0.982054	2
19	40000001	1.24027	0.982054	2
19	41000001	1.08372	0.982054	2
19	42000001	1.04018	0.982054	2
19	43000001	0.963992	0.982054	2
19	44000001	0.997878	0.982054	2
19	45000001	0.864484	0.982054	2
19	46000001	0.983677	0.982054	2
19	47000001	0.872539	0.982054	2
19	48000001	1.13778	1.01738	2
19	49000001	1.01738	1.01738	2
19	50000001	0.966429	1.01738	2
19	51000001	1.18723	1.16677	2
19	52000001	1.14631	1.16677	2
19	53000001	1.24121	1.16677	2
19	54000001	1.11431	1.16677	2
19	55000001	0.933056	0.990812	2
19	56000001	1.01712	0.990812	2
19	57000001	0.964504	0.990812	2
19	58000001	1.12085	0.990812	2
2	1	0.888211	0.980543	2
2	1000001	1.10752	0.980543	2
2	2000001	1.17688	0.980543	2
2	3000001	1.09238	0.980543	2
2	4000001	1.02524	0.980543	2
2	5000001	0.986141	0.980543	2
2	6000001	0.996969	0.980543	2
2	7000001	0.989728	0.980543	2
2	8000001	1.01728	0.980543	2
2	9000001	1.21028	0.980543	2
2	10000001	1.11967	0.980543	2
2	11000001	1.28838	0.980543	2
2	12000001	1.14952	0.980543	2
2	13000001	0.889082	0.980543	2
2	14000001	0.956179	0.980543	2
2	15000001	0.808948	0.980543	2
2	16000001	0.719766	0.980543	2
2	17000001	1.2556	0.980543	2
2	18000001	0.922443	0.980543	2
2	19000001	1.1471	0.980543	2
2	20000001	1.07061	0.980543	2
2	21000001	0.951299	0.980543	2
2	22000001	0.928251	0.980543	2
2	23000001	0.853343	0.980543	2
2	24000001	0.97567	0.980543	2
2	25000001	1.07189	0.980543	2
2	26000001	1.02947	0.980543	2
2	27000001	1.05158	0.980543	2
2	28000001	0.940748	0.980543	2
2	29000001	0.869244	0.980543	2
2	30000001	1.02026	0.980543	2
2	31000001	1.16446	0.980543	2
2	32000001	1.10894	0.980543	2
2	33000001	0.746647	0.980543	2
2	34000001	0.798961	0.980543	2
2	35000001	0.98281	0.980543	2
2	36000001	1.03631	0.980543	2
2	37000001	0.854193	0.980543	2
2	38000001	0.791901	0.980543	2
2	39000001	1.03657	0.980543	2
2	40000001	0.854037	0.980543	2
2	41000001	0.810082	0.980543	2
2	42000001	1.18692	0.980543	2
2	43000001	0.863256	0.980543	2
2	44000001	1.0248	0.980543	2
2	45000001	1.03299	0.980543	2
2	46000001	0.959057	0.980543	2
2	47000001	1.09038	0.980543	2
2	48000001	0.763535	0.980543	2
2	49000001	0.840577	0.980543	2
2	50000001	0.645296	0.980543	2
2	51000001	0.883212	0.980543	2
2	52000001	0.919582	0.980543	2
2	53000001	1.26202	0.980543	2
2	54000001	0.898221	0.980543	2
2	55000001	1.27351	0.980543	2
2	56000001	0.97017	0.980543	2
2	57000001	1.48544	0.980543	2
2	58000001	0.859215	0.980543	2
2	59000001	1.02502	0.980543	2
2	60000001	1.16708	0.980543	2
2	61000001	0.943256	0.980543	2
2	62000001	0.979555	0.980543	2
2	63000001	0.965602	0.980543	2
2	64000001	1.07141	0.980543	2
2	65000001	0.831726	0.980543	2
2	66000001	0.936282	0.980543	2
2	67000001	1.14694	0.980543	2
2	68000001	0.980543	0.980543	2
2	69000001	0.780496	0.980543	2
2	70000001	1.02742	0.980543	2
2	71000001	1.16353	0.980543	2
2	72000001	0.97431	0.980543	2
2	73000001	1.13195	0.980543	2
2	74000001	1.03308	0.980543	2
2	75000001	0.783454	0.980543	2
2	76000001	0.817532	0.980543	2
2	77000001	1.09664	0.980543	2
2	78000001	1.09184	0.980543	2
2	79000001	0.922046	0.980543	2
2	80000001	0.87789	0.980543	2
2	81000001	0.939086	0.980543	2
2	82000001	0.824118	0.980543	2
2	83000001	1.80597	1.80597	4
2	84000001	0.665091	0.986927	2
2	85000001	1.03965	0.986927	2
2	86000001	1.04878	0.986927	2
2	87000001	0.949447	0.986927	2
2	88000001	0.919945	0.986927	2
2	89000001	0.887855	0.986927	2
2	90000001	0.898382	0.986927	2
2	91000001	0.961537	0.986927	2
2	92000001	0.804213	0.986927	2
2	93000001	0.684899	0.986927	2
2	94000001	1.17716	0.986927	2
2	95000001	1.18791	0.986927	2
2	96000001	1.0121	0.986927	2
2	97000001	0.933668	0.986927	2
2	98000001	1.03431	0.986927	2
2	99000001	1.61532	0.986927	2
2	100000001	0.97852	0.986927	2
2	101000001	0.8921	0.986927	2
2	102000001	0.754783	0.986927	2
2	103000001	0.960926	0.986927	2
2	104000001	1.12267	0.986927	2
2	105000001	0.850821	0.986927	2
2	106000001	0.885951	0.986927	2
2	107000001	0.770089	0.986927	2
2	108000001	1.07452	0.986927	2
2	109000001	1.0664	0.986927	2
2	110000001	0.867167	0.986927	2
2	111000001	0.694481	0.986927	2
2	112000001	1.00858	0.986927	2
2	113000001	1.01864	0.986927	2
2	114000001	0.845189	0.986927	2
2	115000001	0.803074	0.986927	2
2	116000001	1.02356	0.986927	2
2	117000001	0.942425	0.986927	2
2	118000001	0.918864	0.986927	2
2	119000001	1.24704	0.986927	2
2	120000001	0.839771	0.986927	2
2	121000001	0.841088	0.986927	2
2	122000001	0.990659	0.986927	2
2	123000001	1.20004	0.986927	2
2	124000001	1.59689	0.986927	2
2	125000001	0.806788	0.986927	2
2	126000001	1.02389	0.986927	2
2	127000001	1.1317	0.986927	2
2	128000001	1.14125	0.986927	2
2	129000001	1.02683	0.986927	2
2	130000001	1.08514	0.986927	2
2	131000001	1.15938	0.986927	2
2	132000001	0.890104	0.986927	2
2	133000001	0.987743	0.986927	2
2	134000001	1.01377	0.986927	2
2	135000001	0.986111	0.986927	2
2	136000001	1.1734	0.986927	2
2	137000001	0.823164	0.986927	2
2	138000001	0.836174	0.986927	2
2	139000001	0.979783	0.986927	2
2	140000001	1.03858	0.986927	2
2	141000001	0.834886	0.986927	2
2	142000001	0.866639	0.986927	2
2	143000001	0.992529	0.986927	2
2	144000001	0.818821	0.986927	2
2	145000001	0.855584	0.986927	2
2	146000001	1.15945	0.986927	2
2	147000001	0.78098	0.986927	2
2	148000001	1.09531	0.986927	2
2	149000001	1.19507	0.986927	2
2	150000001	1.05466	0.986927	2
2	151000001	1.13765	0.986927	2
2	152000001	1.25305	0.986927	2
2	153000001	0.746573	0.986927	2
2	154000001	1.11492	0.986927	2
2	155000001	0.780953	0.986927	2
2	156000001	0.730414	0.986927	2
2	157000001	0.677386	0.986927	2
2	158000001	1.12097	0.986927	2
2	159000001	1.10855	0.986927	2
2	160000001	0.961091	0.986927	2
2	161000001	1.13208	0.986927	2
2	162000001	0.847302	0.986927	2
2	163000001	1.12362	0.986927	2
2	164000001	0.774184	0.986927	2
2	165000001	1.06718	0.986927	2
2	166000001	0.975003	0.986927	2
2	167000001	0.726608	0.986927	2
2	168000001	0.590262	0.986927	2
2	169000001	1.43771	0.986927	2
2	170000001	0.876519	0.986927	2
2	171000001	0.723397	0.986927	2
2	172000001	1.27741	0.986927	2
2	173000001	1.00024	0.986927	2
2	174000001	1.06226	0.986927	2
2	175000001	0.772386	0.986927	2
2	176000001	1.1163	0.986927	2
2	177000001	1.04225	0.986927	2
2	178000001	1.09154	0.986927	2
2	179000001	1.08289	0.986927	2
2	180000001	0.899501	0.844595	2
2	181000001	0.896529	0.844595	2
2	182000001	0.907823	0.844595	2
2	183000001	0.751107	0.844595	2
2	184000001	0.732839	0.844595	2
2	185000001	0.960205	0.844595	2
2	186000001	0.914707	0.844595	2
2	187000001	0.699424	0.844595	2
2	188000001	0.66225	0.844595	2
2	189000001	0.79266	0.844595	2
2	190000001	1.05184	0.844595	2
2	191000001	0.960239	0.844595	2
2	192000001	0.75442	0.844595	2
2	193000001	0.757044	0.844595	2
2	194000001	2.02821	2.02821	4
2	195000001	0.946334	0.916219	2
2	196000001	1.00852	0.916219	2
2	197000001	0.82793	0.916219	2
2	198000001	0.921404	0.916219	2
2	199000001	1.07892	0.916219	2
2	200000001	0.938297	0.916219	2
2	201000001	0.719722	0.916219	2
2	202000001	1.1892	0.916219	2
2	203000001	1.08651	0.916219	2
2	204000001	1.13762	0.916219	2
2	205000001	0.808311	0.916219	2
2	206000001	0.715928	0.916219	2
2	207000001	0.924901	0.916219	2
2	208000001	0.79077	0.916219	2
2	209000001	0.859172	0.916219	2
2	210000001	0.929068	0.916219	2
2	211000001	0.765872	0.916219	2
2	212000001	0.686015	0.916219	2
2	213000001	1.01964	0.916219	2
2	214000001	0.798167	0.916219	2
2	215000001	0.884022	0.916219	2
2	216000001	0.964386	0.916219	2
2	217000001	1.21902	0.916219	2
2	218000001	0.911033	0.916219	2
2	219000001	1.12075	0.916219	2
2	220000001	1.09557	0.916219	2
2	221000001	0.76624	0.916219	2
2	222000001	0.777953	0.916219	2
2	223000001	0.883775	0.916219	2
2	224000001	0.838837	0.916219	2
2	225000001	1.56563	1.05268	2
2	226000001	0.821464	1.05268	2
2	227000001	1.05887	1.05268	2
2	228000001	0.946562	1.05268	2
2	229000001	0.993308	1.05268	2
2	230000001	1.04648	1.05268	2
2	231000001	1.19418	1.05268	2
2	232000001	0.876519	1.05268	2
2	233000001	1.21933	1.05268	2
2	234000001	1.20085	1.05268	2
2	235000001	1.34346	1.05268	2
2	236000001	0.887076	1.05268	2
2	237000001	1.00432	1.05268	2
2	238000001	1.6511	1.05268	2
2	239000001	0.9967	1.05268	2
2	240000001	1.66159	1.05268	2
2	241000001	1.00194	1.05268	2
2	242000001	1.11423	1.05268	2
20	1	2.34215	2.34215	5
20	1000001	0.94474	0.927491	2
20	2000001	0.910243	0.927491	2
20	3000001	1.09207	0.927491	2
20	4000001	0.691698	0.927491	2
20	5000001	0.779334	0.927491	2
20	6000001	0.977539	0.927491	2
20	7000001	0.626872	0.927491	2
20	8000001	1.0692	0.927491	2
20	9000001	0.993467	0.927491	2
20	10000001	0.809475	0.927491	2
20	11000001	0.895869	0.927491	2
20	12000001	1.213	0.927491	2
20	13000001	0.952995	0.927491	2
20	14000001	0.762833	0.927491	2
20	15000001	0.909556	0.927491	2
20	16000001	0.945649	0.927491	2
20	17000001	0.97116	1.02253	2
20	18000001	0.96773	1.02253	2
20	19000001	1.37052	1.02253	2
20	20000001	1.06991	1.02253	2
20	21000001	1.03078	1.02253	2
20	22000001	1.13416	1.02253	2
20	23000001	1.01027	1.02253	2
20	24000001	1.0973	1.02253	2
20	25000001	1.06161	1.02253	2
20	26000001	0.735801	1.02253	2
20	27000001	0.980845	1.02253	2
20	28000001	0.943967	1.02253	2
20	29000001	1.17079	1.02253	2
20	30000001	0.943153	1.02253	2
20	31000001	0.740395	1.02253	2
20	32000001	1.08276	1.02253	2
20	33000001	1.15174	1.02253	2
20	34000001	1.0404	1.02253	2
20	35000001	1.19042	1.02253	2
20	36000001	1.02047	1.02253	2
20	37000001	1.15599	1.02253	2
20	38000001	1.04124	1.02253	2
20	39000001	1.06008	1.02253	2
20	40000001	0.857614	1.02253	2
20	41000001	0.865129	1.02253	2
20	42000001	0.944175	1.02253	2
20	43000001	0.720014	1.02253	2
20	44000001	1.23392	1.02253	2
20	45000001	0.957417	1.02253	2
20	46000001	1.24189	1.02253	2
20	47000001	1.02519	1.02253	2
20	48000001	1.01252	1.02253	2
20	49000001	0.988519	1.02253	2
20	50000001	0.914806	1.02253	2
20	51000001	1.30434	1.02253	2
20	52000001	0.890295	1.02253	2
20	53000001	1.02459	1.02253	2
20	54000001	0.809796	1.02253	2
20	55000001	0.897915	1.02253	2
20	56000001	0.905087	1.02253	2
20	57000001	1.03842	1.02253	2
20	58000001	1.00926	1.02253	2
20	59000001	1.1645	1.02253	2
20	60000001	0.824426	1.02253	2
20	61000001	1.04174	1.02253	2
20	62000001	1.10132	1.02253	2
20	63000001	2.49984	1.96352	4
20	64000001	1.42721	1.96352	4
21	1	-1	-1	3
21	1000001	-1	-1	3
21	2000001	-1	-1	3
21	3000001	-1	-1	3
21	4000001	-1	-1	3
21	5000001	1.48528	1.4313	3
21	6000001	0.720284	1.4313	3
21	7000001	1.49382	1.4313	3
21	8000001	1.67391	1.4313	3
21	9000001	1.10106	1.4313	3
21	10000001	1.37732	1.4313	3
21	11000001	0.613509	0.885308	2
21	12000001	0.778639	0.885308	2
21	13000001	0.81507	0.885308	2
21	14000001	0.904363	0.885308	2
21	15000001	0.937222	0.885308	2
21	16000001	1.13699	0.885308	2
21	17000001	0.984611	0.885308	2
21	18000001	0.821231	0.885308	2
21	19000001	0.885308	0.885308	2
21	20000001	0.831793	0.885308	2
21	21000001	1.13592	0.885308	2
21	22000001	0.874795	0.885308	2
21	23000001	0.926604	0.885308	2
21	24000001	0.984206	0.885308	2
21	25000001	0.842423	0.885308	2
21	26000001	1.21632	1.0581	2
21	27000001	1.17163	1.0581	2
21	28000001	1.10088	1.0581	2
21	29000001	1.1586	1.0581	2
21	30000001	0.663149	1.0581	2
21	31000001	1.05474	1.0581	2
21	32000001	0.947679	1.0581	2
21	33000001	1.04569	1.0581	2
21	34000001	1.06218	1.0581	2
21	35000001	1.40367	1.0581	2
21	36000001	0.873546	1.0581	2
21	37000001	1.0315	1.0581	2
21	38000001	1.06145	1.0581	2
21	39000001	0.838603	1.0581	2
21	40000001	1.17249	1.17018	2
21	41000001	1.07249	1.17018	2
21	42000001	1.1118	1.17018	2
21	43000001	1.20003	1.17018	2
21	44000001	1.10205	1.17018	2
21	45000001	1.17018	1.17018	2
21	46000001	1.17212	1.17018	2
22	1	-1	-1	2
22	1000001	-1	-1	2
22	2000001	-1	-1	2
22	3000001	-1	-1	2
22	4000001	-1	-1	2
22	5000001	-1	-1	2
22	6000001	-1	-1	2
22	7000001	-1	-1	2
22	8000001	-1	-1	2
22	9000001	-1	-1	2
22	10000001	0.78111	0.78111	2
22	11000001	1.17128	1.23107	2
22	12000001	1.29086	1.23107	2
22	13000001	0.733711	0.733711	1
22	14000001	0.687326	0.733711	1
22	15000001	0.794876	0.733711	1
22	16000001	1.02335	0.966544	2
22	17000001	0.909737	0.966544	2
22	18000001	1.16367	0.994853	2
22	19000001	1.10681	0.994853	2
22	20000001	1.07994	0.994853	2
22	21000001	0.980032	0.994853	2
22	22000001	0.948836	0.994853	2
22	23000001	0.854239	0.994853	2
22	24000001	1.17212	0.994853	2
22	25000001	0.974411	0.994853	2
22	26000001	0.988069	0.994853	2
22	27000001	0.968334	0.994853	2
22	28000001	0.958075	0.994853	2
22	29000001	1.21101	0.994853	2
22	30000001	1.06342	0.994853	2
22	31000001	0.990405	0.994853	2
22	32000001	0.864573	0.994853	2
22	33000001	1.02136	0.994853	2
22	34000001	1.07189	0.994853	2
22	35000001	1.0795	0.994853	2
22	36000001	0.978305	0.994853	2
22	37000001	0.964565	0.994853	2
22	38000001	0.999301	0.994853	2
22	39000001	1.03417	0.994853	2
22	40000001	1.03662	0.994853	2
22	41000001	1.07122	0.994853	2
22	42000001	0.847358	0.994853	2
22	43000001	0.970777	0.994853	2
22	44000001	1.11067	0.994853	2
22	45000001	0.957162	0.994853	2
22	46000001	1.02235	0.994853	2
22	47000001	0.988184	0.994853	2
22	48000001	1.20213	1.19583	2
22	49000001	1.03007	1.19583	2
22	50000001	1.19583	1.19583	2
3	1	0.771601	0.771601	2
3	1000001	0.963376	0.771601	2
3	2000001	0.685006	0.771601	2
3	3000001	0.940365	0.976463	2
3	4000001	1.08263	0.976463	2
3	5000001	0.908959	0.976463	2
3	6000001	1.30623	0.976463	2
3	7000001	0.976463	0.976463	2
3	8000001	0.934718	0.976463	2
3	9000001	1.02234	0.976463	2
3	10000001	1.04413	0.976463	2
3	11000001	0.924119	0.976463	2
3	12000001	1.3374	1.08887	2
3	13000001	1.02478	1.08887	2
3	14000001	1.06735	1.08887	2
3	15000001	1.11026	1.08887	2
3	16000001	1.33138	1.08887	2
3	17000001	1.06747	1.08887	2
3	18000001	0.95492	0.985152	2
3	19000001	1.01331	0.985152	2
3	20000001	0.986633	0.985152	2
3	21000001	0.764887	0.985152	2
3	22000001	1.03896	0.985152	2
3	23000001	1.0445	0.985152	2
3	24000001	0.762821	0.985152	2
3	25000001	0.746763	0.985152	2
3	26000001	0.964458	0.985152	2
3	27000001	0.944399	0.985152	2
3	28000001	1.03384	0.985152	2
3	29000001	0.660355	0.985152	2
3	30000001	0.87325	0.985152	2
3	31000001	0.98578	0.985152	2
3	32000001	1.0386	0.985152	2
3	33000001	0.992449	0.985152	2
3	34000001	0.986492	0.985152	2
3	35000001	1.10245	0.985152	2
3	36000001	0.826316	0.985152	2
3	37000001	0.984523	0.985152	2
3	38000001	1.15827	0.985152	2
3	39000001	0.957274	0.985152	2
3	40000001	1.03013	0.985152	2
3	41000001	0.669997	0.985152	2
3	42000001	1.11773	1.03523	2
3	43000001	1.09967	1.03523	2
3	44000001	0.853439	1.03523	2
3	45000001	1.01211	1.03523	2
3	46000001	0.96533	1.03523	2
3	47000001	1.02743	1.03523	2
3	48000001	0.991034	1.03523	2
3	49000001	1.22403	1.03523	2
3	50000001	1.02148	1.03523	2
3	51000001	1.03523	1.03523	2
3	52000001	1.03785	1.03523	2
3	53000001	1.06742	1.03523	2
3	54000001	0.996751	1.03523	2
3	55000001	1.09725	1.03523	2
3	56000001	1.13579	1.03523	2
3	57000001	0.972807	0.916139	2
3	58000001	0.885523	0.916139	2
3	59000001	0.685697	0.916139	2
3	60000001	1.21445	0.916139	2
3	61000001	0.805395	0.916139	2
3	62000001	1.00828	0.916139	2
3	63000001	0.933667	0.916139	2
3	64000001	1.02344	0.916139	2
3	65000001	0.911826	0.916139	2
3	66000001	1.00806	0.916139	2
3	67000001	0.920451	0.916139	2
3	68000001	0.825937	0.916139	2
3	69000001	0.875264	0.916139	2
3	70000001	0.979659	0.916139	2
3	71000001	0.856252	0.916139	2
3	72000001	1.04343	0.916139	2
3	73000001	0.790005	0.916139	2
3	74000001	0.771321	0.916139	2
3	75000001	1.05162	0.916139	2
3	76000001	0.755283	0.916139	2
3	77000001	0.927304	0.916139	2
3	78000001	0.941779	0.916139	2
3	79000001	0.841292	0.916139	2
3	80000001	1.03655	0.916139	2
3	81000001	0.83576	0.916139	2
3	82000001	0.941631	0.916139	2
3	83000001	0.775161	0.916139	2
3	84000001	0.86636	0.916139	2
3	85000001	0.981472	0.916139	2
3	86000001	0.810739	0.916139	2
3	87000001	1.13826	0.916139	2
3	88000001	1.08201	0.916139	2
3	89000001	0.937825	0.916139	2
3	90000001	1.0868	0.916139	2
3	91000001	0.702877	0.916139	2
3	92000001	0.65596	0.916139	2
3	93000001	0.88625	0.916139	2
3	94000001	1.25051	0.916139	2
3	95000001	0.840201	0.916139	2
3	96000001	0.750299	0.916139	2
3	97000001	1.15799	1.25852	3
3	98000001	1.35904	1.25852	3
3	99000001	0.868362	0.882551	2
3	100000001	0.924329	0.882551	2
3	101000001	0.74709	0.882551	2
3	102000001	0.71015	0.882551	2
3	103000001	0.933889	0.882551	2
3	104000001	0.772877	0.882551	2
3	105000001	0.943061	0.882551	2
3	106000001	0.787512	0.882551	2
3	107000001	0.893371	0.882551	2
3	108000001	0.73028	0.882551	2
3	109000001	0.866003	0.882551	2
3	110000001	0.888466	0.882551	2
3	111000001	1.0382	0.882551	2
3	112000001	0.956202	0.882551	2
3	113000001	0.934567	0.882551	2
3	114000001	0.876636	0.882551	2
3	115000001	0.807801	0.882551	2
3	116000001	0.940426	0.882551	2
3	117000001	1.10576	1.108	2
3	118000001	0.990792	1.108	2
3	119000001	1.11025	1.108	2
3	120000001	1.16566	1.108	2
3	121000001	0.945255	1.108	2
3	122000001	1.03174	1.108	2
3	123000001	1.15165	1.108	2
3	124000001	1.12742	1.108	2
3	125000001	1.00788	1.108	2
3	126000001	0.980005	1.108	2
3	127000001	1.32058	1.108	2
3	128000001	1.17053	1.108	2
3	129000001	0.912337	0.910701	2
3	130000001	0.739991	0.910701	2
3	131000001	1.27817	0.910701	2
3	132000001	1.09628	0.910701	2
3	133000001	0.9018	0.910701	2
3	134000001	1.03357	0.910701	2
3	135000001	1.10925	0.910701	2
3	136000001	0.920408	0.910701	2
3	137000001	0.909066	0.910701	2
3	138000001	1.09855	0.910701	2
3	139000001	0.889475	0.910701	2
3	140000001	0.868137	0.910701	2
3	141000001	0.954383	0.910701	2
3	142000001	0.748531	0.910701	2
3	143000001	1.02741	0.910701	2
3	144000001	0.84914	0.910701	2
3	145000001	0.667846	0.910701	2
3	146000001	0.936092	0.910701	2
3	147000001	1.07397	0.910701	2
3	148000001	0.843407	0.910701	2
3	149000001	0.833229	0.910701	2
3	150000001	1.13796	0.910701	2
3	151000001	1.00905	0.910701	2
3	152000001	1.21035	0.910701	2
3	153000001	0.997901	0.910701	2
3	154000001	0.885294	0.910701	2
3	155000001	1.17295	0.910701	2
3	156000001	0.90489	0.910701	2
3	157000001	0.676267	0.910701	2
3	158000001	0.798366	0.910701	2
3	159000001	1.15182	0.910701	2
3	160000001	0.896145	0.910701	2
3	161000001	1.11082	0.910701	2
3	162000001	1.11035	0.910701	2
3	163000001	0.938467	0.910701	2
3	164000001	0.989082	0.910701	2
3	165000001	0.854986	0.910701	2
3	166000001	1.18377	0.910701	2
3	167000001	0.861633	0.910701	2
3	168000001	0.838543	0.910701	2
3	169000001	1.04456	0.910701	2
3	170000001	0.817134	0.910701	2
3	171000001	0.896277	0.910701	2
3	172000001	0.905567	0.910701	2
3	173000001	0.896325	0.910701	2
3	174000001	0.895911	0.910701	2
3	175000001	0.979371	0.910701	2
3	176000001	0.956749	0.910701	2
3	177000001	0.841783	0.910701	2
3	178000001	0.834098	0.910701	2
3	179000001	0.995569	0.910701	2
3	180000001	0.852069	0.910701	2
3	181000001	1.05408	0.910701	2
3	182000001	0.906392	0.910701	2
3	183000001	1.30636	1.02973	2
3	184000001	1.107	1.02973	2
3	185000001	0.996853	1.02973	2
3	186000001	1.1362	1.02973	2
3	187000001	1.14337	1.02973	2
3	188000001	1.18854	1.02973	2
3	189000001	1.03741	1.02973	2
3	190000001	1.24227	1.02973	2
3	191000001	0.876039	1.02973	2
3	192000001	0.957358	1.02973	2
3	193000001	0.931381	1.02973	2
3	194000001	0.985357	1.02973	2
3	195000001	0.975969	1.02973	2
3	196000001	1.02205	1.02973	2
3	197000001	0.860818	1.02973	2
3	198000001	1.37359	1.02973	2
4	1	0.833042	1.06173	2
4	1000001	0.699927	1.06173	2
4	2000001	1.18545	1.06173	2
4	3000001	1.40601	1.06173	2
4	4000001	0.905311	1.06173	2
4	5000001	1.07666	1.06173	2
4	6000001	0.980405	1.06173	2
4	7000001	1.26726	1.06173	2
4	8000001	1.06414	1.06173	2
4	9000001	0.913997	1.06173	2
4	10000001	1.09545	1.06173	2
4	11000001	0.977096	1.06173	2
4	12000001	0.997477	1.06173	2
4	13000001	1.23487	1.06173	2
4	14000001	1.05932	1.06173	2
4	15000001	1.03872	1.06173	2
4	16000001	1.03957	1.06173	2
4	17000001	1.09425	1.06173	2
4	18000001	1.13173	1.06173	2
4	19000001	0.957054	1.06173	2
4	20000001	1.13962	1.06173	2
4	21000001	0.896721	1.06173	2
4	22000001	1.06534	1.06173	2
4	23000001	0.916436	1.06173	2
4	24000001	1.09772	1.06173	2
4	25000001	0.944779	1.06173	2
4	26000001	1.26172	1.06173	2
4	27000001	1.1187	1.06173	2
4	28000001	0.631249	0.915324	2
4	29000001	0.888778	0.915324	2
4	30000001	0.869425	0.915324	2
4	31000001	0.915324	0.915324	2
4	32000001	1.12223	0.915324	2
4	33000001	1.03498	0.915324	2
4	34000001	1.05913	0.915324	2
4	35000001	0.689314	0.915324	2
4	36000001	1.02946	0.915324	2
4	37000001	0.847691	0.915324	2
4	38000001	0.979992	0.915324	2
4	39000001	2.77753	2.77753	6
4	40000001	0.916463	0.920454	2
4	41000001	0.962889	0.920454	2
4	42000001	0.920454	0.920454	2
4	43000001	1.65009	1.65009	3
4	44000001	0.954834	0.939331	2
4	45000001	0.944867	0.939331	2
4	46000001	0.536826	0.939331	2
4	47000001	0.931003	0.939331	2
4	48000001	0.992378	0.939331	2
4	49000001	1.20985	0.939331	2
4	50000001	0.939734	0.939331	2
4	51000001	0.926661	0.939331	2
4	52000001	0.945587	0.939331	2
4	53000001	1.10041	0.939331	2
4	54000001	1.07625	0.939331	2
4	55000001	0.992683	0.939331	2
4	56000001	1.16853	0.939331	2
4	57000001	0.649675	0.939331	2
4	58000001	0.781588	0.939331	2
4	59000001	0.643699	0.939331	2
4	60000001	0.883933	0.939331	2
4	61000001	0.938928	0.939331	2
4	62000001	0.742606	0.939331	2
4	63000001	0.971089	0.939331	2
4	64000001	0.793888	0.939331	2
4	65000001	0.808065	0.939331	2
4	66000001	0.878002	0.939331	2
4	67000001	0.962866	0.939331	2
4	68000001	0.763464	0.939331	2
4	69000001	0.999766	0.939331	2
4	70000001	1.61166	1.61166	3
4	71000001	0.867719	0.929295	2
4	72000001	0.922856	0.929295	2
4	73000001	1.0272	0.929295	2
4	74000001	0.933038	0.929295	2
4	75000001	1.16152	0.929295	2
4	76000001	0.971343	0.929295	2
4	77000001	0.901309	0.929295	2
4	78000001	0.920084	0.929295	2
4	79000001	0.86845	0.929295	2
4	80000001	1.16634	0.929295	2
4	81000001	0.846697	0.929295	2
4	82000001	0.752464	0.929295	2
4	83000001	0.770906	0.929295	2
4	84000001	1.04654	0.929295	2
4	85000001	0.986577	0.929295	2
4	86000001	0.877106	0.929295	2
4	87000001	1.19995	0.929295	2
4	88000001	1.01659	0.929295	2
4	89000001	1.00826	0.929295	2
4	90000001	0.993317	0.929295	2
4	91000001	0.926282	0.929295	2
4	92000001	0.775392	0.929295	2
4	93000001	0.701001	0.929295	2
4	94000001	0.989566	0.929295	2
4	95000001	0.918741	0.929295	2
4	96000001	0.642677	0.929295	2
4	97000001	1.16225	0.929295	2
4	98000001	1.03733	0.929295	2
4	99000001	0.885595	0.929295	2
4	100000001	1.06764	0.929295	2
4	101000001	0.849613	0.929295	2
4	102000001	1.06936	0.929295	2
4	103000001	0.930741	0.929295	2
4	104000001	1.49023	0.929295	2
4	105000001	0.751555	0.929295	2
4	106000001	0.964068	0.929295	2
4	107000001	1.10099	0.929295	2
4	108000001	0.812381	0.929295	2
4	109000001	0.749833	0.929295	2
4	110000001	0.874415	0.929295	2
4	111000001	0.872685	0.929295	2
4	112000001	0.974129	0.929295	2
4	113000001	1.33548	0.929295	2
4	114000001	0.827876	0.929295	2
4	115000001	0.948805	0.929295	2
4	116000001	1.08271	0.929295	2
4	117000001	0.929295	0.929295	2
4	118000001	0.868374	0.929295	2
4	119000001	0.815246	0.929295	2
4	120000001	0.71576	0.929295	2
4	121000001	0.895522	0.929295	2
4	122000001	0.972917	0.929295	2
4	123000001	1.10247	0.929295	2
4	124000001	0.972832	0.929295	2
4	125000001	0.855874	0.929295	2
4	126000001	0.968995	0.929295	2
4	127000001	0.946347	0.929295	2
4	128000001	0.941918	0.929295	2
4	129000001	1.18806	0.929295	2
4	130000001	0.859272	0.929295	2
4	131000001	0.657585	0.929295	2
4	132000001	0.80042	0.929295	2
4	133000001	0.932725	0.929295	2
4	134000001	0.836563	0.929295	2
4	135000001	0.701187	0.929295	2
4	136000001	1.17809	0.929295	2
4	137000001	1.01783	0.929295	2
4	138000001	0.864479	0.929295	2
4	139000001	0.98956	0.929295	2
4	140000001	0.995008	0.929295	2
4	141000001	0.806028	0.929295	2
4	142000001	1.28001	0.929295	2
4	143000001	0.891845	0.929295	2
4	144000001	0.928367	0.929295	2
4	145000001	0.981839	0.929295	2
4	146000001	1.06201	0.929295	2
4	147000001	0.699149	0.929295	2
4	148000001	1.16168	0.929295	2
4	149000001	0.858862	0.929295	2
4	150000001	0.900265	0.929295	2
4	151000001	1.01132	0.929295	2
4	152000001	1.07984	0.929295	2
4	153000001	1.19865	0.929295	2
4	154000001	0.944898	0.929295	2
4	155000001	0.653544	0.929295	2
4	156000001	0.963729	0.929295	2
4	157000001	1.01589	0.929295	2
4	158000001	1.04176	0.929295	2
4	159000001	0.837109	0.929295	2
4	160000001	0.94569	0.929295	2
4	161000001	0.714885	0.929295	2
4	162000001	0.780654	0.929295	2
4	163000001	0.930786	0.929295	2
4	164000001	0.812626	0.929295	2
4	165000001	1.02169	0.929295	2
4	166000001	0.825094	0.929295	2
4	167000001	0.782125	0.929295	2
4	168000001	0.922828	0.929295	2
4	169000001	0.868657	0.929295	2
4	170000001	1.07669	0.929295	2
4	171000001	1.08923	0.929295	2
4	172000001	0.935305	0.929295	2
4	173000001	0.719462	0.929295	2
4	174000001	0.723306	0.929295	2
4	175000001	0.924569	0.929295	2
4	176000001	0.900359	0.929295	2
4	177000001	0.992582	0.929295	2
4	178000001	0.911598	0.929295	2
4	179000001	0.857001	0.929295	2
4	180000001	0.997911	0.929295	2
4	181000001	0.908787	0.929295	2
4	182000001	1.10203	0.998515	2
4	183000001	1.14946	0.998515	2
4	184000001	0.956827	0.998515	2
4	185000001	1.203	0.998515	2
4	186000001	0.951635	0.998515	2
4	187000001	0.822263	0.998515	2
4	188000001	0.998515	0.998515	2
4	189000001	0.876876	0.998515	2
4	190000001	2.10711	0.998515	2
5	1	1.10742	1.21179	2
5	1000001	1.53727	1.21179	2
5	2000001	1.21179	1.21179	2
5	3000001	0.989838	0.901471	2
5	4000001	0.818486	0.901471	2
5	5000001	0.984935	0.901471	2
5	6000001	0.99222	0.901471	2
5	7000001	0.91226	0.901471	2
5	8000001	0.804454	0.901471	2
5	9000001	0.786043	0.901471	2
5	10000001	0.890682	0.901471	2
5	11000001	1.11737	1.07016	2
5	12000001	1.01593	1.07016	2
5	13000001	1.10738	1.07016	2
5	14000001	1.04482	1.07016	2
5	15000001	0.918689	1.07016	2
5	16000001	1.07016	1.07016	2
5	17000001	1.08166	1.07016	2
5	18000001	0.702436	0.848825	2
5	19000001	0.759654	0.848825	2
5	20000001	0.818054	0.848825	2
5	21000001	1.13677	0.848825	2
5	22000001	0.856529	0.848825	2
5	23000001	0.828181	0.848825	2
5	24000001	0.721762	0.848825	2
5	25000001	1.04258	0.848825	2
5	26000001	0.902085	0.848825	2
5	27000001	1.04813	0.848825	2
5	28000001	0.825677	0.848825	2
5	29000001	0.986219	0.848825	2
5	30000001	0.848825	0.848825	2
5	31000001	1.0175	0.848825	2
5	32000001	0.845224	0.848825	2
5	33000001	1.43538	1.25599	3
5	34000001	1.07659	1.25599	3
5	35000001	0.86405	0.872703	2
5	36000001	0.853471	0.872703	2
5	37000001	0.872703	0.872703	2
5	38000001	0.959563	0.872703	2
5	39000001	0.892762	0.872703	2
5	40000001	1.01086	1.11414	2
5	41000001	1.06266	1.11414	2
5	42000001	1.21833	1.11414	2
5	43000001	1.16561	1.11414	2
5	44000001	0.898435	0.917875	2
5	45000001	0.941446	0.917875	2
5	46000001	0.961249	0.917875	2
5	47000001	0.861863	0.917875	2
5	48000001	0.789723	0.917875	2
5	49000001	0.986449	0.917875	2
5	50000001	1.11793	0.917875	2
5	51000001	0.828297	0.917875	2
5	52000001	0.909094	0.917875	2
5	53000001	0.914749	0.917875	2
5	54000001	0.928809	0.917875	2
5	55000001	0.988403	0.917875	2
5	56000001	1.07329	0.917875	2
5	57000001	0.921001	0.917875	2
5	58000001	0.895927	0.917875	2
5	59000001	1.28684	0.917875	2
5	60000001	0.979613	0.917875	2
5	61000001	0.888464	0.917875	2
5	62000001	0.855541	0.917875	2
5	63000001	1.04122	0.917875	2
5	64000001	0.713719	0.917875	2
5	65000001	0.837115	0.917875	2
5	66000001	0.980237	0.917875	2
5	67000001	0.884583	0.917875	2
5	68000001	0.854221	0.917875	2
5	69000001	0.999766	0.917875	2
5	70000001	0.648639	0.917875	2
5	71000001	0.845733	0.917875	2
5	72000001	1.03903	0.917875	2
5	73000001	1.0423	0.917875	2
5	74000001	0.895364	0.917875	2
5	75000001	0.879483	0.917875	2
5	76000001	1.24789	0.917875	2
5	77000001	0.708333	0.917875	2
5	78000001	0.815778	0.917875	2
5	79000001	0.925492	0.917875	2
5	80000001	1.06241	0.917875	2
5	81000001	1.00164	0.917875	2
5	82000001	1.1642	0.917875	2
5	83000001	0.645528	0.917875	2
5	84000001	1.00579	0.917875	2
5	85000001	0.803286	0.917875	2
5	86000001	1.82123	1.82123	4
5	87000001	0.999387	0.94934	2
5	88000001	1.07958	0.94934	2
5	89000001	0.766208	0.94934	2
5	90000001	0.980769	0.94934	2
5	91000001	0.80787	0.94934	2
5	92000001	1.32326	0.94934	2
5	93000001	1.07216	0.94934	2
5	94000001	0.94934	0.94934	2
5	95000001	1.04048	0.94934	2
5	96000001	0.827597	0.94934	2
5	97000001	0.814384	0.94934	2
5	98000001	1.04152	0.94934	2
5	99000001	0.83073	0.94934	2
5	100000001	0.784016	0.94934	2
5	101000001	1.07926	0.94934	2
5	102000001	0.929325	0.94934	2
5	103000001	0.931121	0.94934	2
5	104000001	0.593954	0.764947	2
5	105000001	0.884029	0.764947	2
5	106000001	0.689081	0.764947	2
5	107000001	0.974635	0.764947	2
5	108000001	0.764947	0.764947	2
5	109000001	1.21931	1.12796	2
5	110000001	0.960636	1.12796	2
5	111000001	1.11637	1.12796	2
5	112000001	1.12796	1.12796	2
5	113000001	1.26625	1.12796	2
5	114000001	0.87502	0.990395	2
5	115000001	1.0105	0.990395	2
5	116000001	1.11526	0.990395	2
5	117000001	0.940288	0.990395	2
5	118000001	0.742261	0.990395	2
5	119000001	0.919632	0.990395	2
5	120000001	0.970293	0.990395	2
5	121000001	1.2403	0.990395	2
5	122000001	1.13598	0.990395	2
5	123000001	1.02794	0.990395	2
5	124000001	0.849042	0.896266	2
5	125000001	0.747619	0.896266	2
5	126000001	0.993437	0.896266	2
5	127000001	0.884257	0.896266	2
5	128000001	1.06817	0.896266	2
5	129000001	0.908275	0.896266	2
5	130000001	0.762027	0.896266	2
5	131000001	0.97827	0.896266	2
5	132000001	1.22536	1.22536	2
5	133000001	1.22995	1.22536	2
5	134000001	1.09649	1.22536	2
5	135000001	0.909051	0.970319	2
5	136000001	0.985683	0.970319	2
5	137000001	0.970319	0.970319	2
5	138000001	0.887593	0.970319	2
5	139000001	0.995486	0.970319	2
5	140000001	1.07103	0.970319	2
5	141000001	0.872673	0.970319	2
5	142000001	1.33724	0.970319	2
5	143000001	0.914652	0.970319	2
5	144000001	0.898761	0.970319	2
5	145000001	1.07568	0.970319	2
5	146000001	0.98657	0.970319	2
5	147000001	0.773163	0.970319	2
5	148000001	1.2605	1.2605	3
5	149000001	1.27954	1.2605	3
5	150000001	1.1116	1.2605	3
5	151000001	0.92885	0.944618	2
5	152000001	0.916378	0.944618	2
5	153000001	0.715375	0.944618	2
5	154000001	0.960386	0.944618	2
5	155000001	0.962801	0.944618	2
5	156000001	1.00992	0.944618	2
5	157000001	1.4782	1.4782	3
5	158000001	0.92364	0.989383	2
5	159000001	1.07001	0.989383	2
5	160000001	0.96495	0.989383	2
5	161000001	1.0217	0.989383	2
5	162000001	0.989383	0.989383	2
5	163000001	0.694805	0.989383	2
5	164000001	1.04356	0.989383	2
5	165000001	0.904991	0.989383	2
5	166000001	1.02773	0.989383	2
5	167000001	0.874517	0.989383	2
5	168000001	1.01648	0.989383	2
5	169000001	1.03058	0.989383	2
5	170000001	0.973221	0.989383	2
5	171000001	1.27254	1.03635	2
5	172000001	0.977819	1.03635	2
5	173000001	1.02619	1.03635	2
5	174000001	1.0288	1.03635	2
5	175000001	1.03635	1.03635	2
5	176000001	1.02388	1.03635	2
5	177000001	1.14149	1.03635	2
5	178000001	1.04932	1.03635	2
5	179000001	0.954403	1.03635	2
5	180000001	1.19193	1.03635	2
5	181000001	1.41478	1.03635	2
6	1	0.84814	0.98567	2
6	1000001	1.33417	0.98567	2
6	2000001	1.02977	0.98567	2
6	3000001	1.01507	0.98567	2
6	4000001	1.03219	0.98567	2
6	5000001	0.868014	0.98567	2
6	6000001	1.08558	0.98567	2
6	7000001	1.0117	0.98567	2
6	8000001	0.850457	0.98567	2
6	9000001	1.19385	0.98567	2
6	10000001	1.02284	0.98567	2
6	11000001	0.959425	0.98567	2
6	12000001	0.959238	0.98567	2
6	13000001	1.04778	0.98567	2
6	14000001	0.979361	0.98567	2
6	15000001	0.9881	0.98567	2
6	16000001	0.774936	0.98567	2
6	17000001	1.20268	0.98567	2
6	18000001	0.859131	0.98567	2
6	19000001	0.894508	0.98567	2
6	20000001	0.945033	0.98567	2
6	21000001	0.869859	0.98567	2
6	22000001	1.01823	0.98567	2
6	23000001	0.98324	0.98567	2
6	24000001	0.944645	0.98567	2
6	25000001	1.05035	0.98567	2
6	26000001	1.2067	0.98567	2
6	27000001	0.981212	0.98567	2
6	28000001	0.900829	0.98567	2
6	29000001	0.79787	0.98567	2
6	30000001	1.0081	0.98567	2
6	31000001	1.01746	0.98567	2
6	32000001	1.08867	1.06716	2
6	33000001	1.04729	1.06716	2
6	34000001	1.22023	1.06716	2
6	35000001	1.24547	1.06716	2
6	36000001	1.09798	1.06716	2
6	37000001	0.963648	1.06716	2
6	38000001	0.920742	1.06716	2
6	39000001	1.00076	1.06716	2
6	40000001	1.07847	1.06716	2
6	41000001	1.24584	1.06716	2
6	42000001	1.26279	1.06716	2
6	43000001	0.819081	1.06716	2
6	44000001	1.1555	1.06716	2
6	45000001	0.9732	1.06716	2
6	46000001	1.14231	1.06716	2
6	47000001	0.852506	1.06716	2
6	48000001	1.05586	1.06716	2
6	49000001	1.22569	1.06716	2
6	50000001	0.883892	1.06716	2
6	51000001	0.996391	1.06716	2
6	52000001	0.770475	0.742084	1
6	53000001	0.713693	0.742084	1
6	54000001	1.02314	1.06046	2
6	55000001	1.29151	1.06046	2
6	56000001	1.06046	1.06046	2
6	57000001	0.878301	0.916312	2
6	58000001	0.768471	0.916312	2
6	59000001	0.754028	0.916312	2
6	60000001	1.00142	0.916312	2
6	61000001	0.659493	0.916312	2
6	62000001	0.877315	0.916312	2
6	63000001	1.0153	0.916312	2
6	64000001	0.916312	0.916312	2
6	65000001	1.00288	0.916312	2
6	66000001	0.84061	0.916312	2
6	67000001	0.973741	0.916312	2
6	68000001	0.93552	0.916312	2
6	69000001	0.762214	0.916312	2
6	70000001	1.23878	0.916312	2
6	71000001	0.696412	0.916312	2
6	72000001	1.03852	0.916312	2
6	73000001	0.959404	0.916312	2
6	74000001	0.988986	0.916312	2
6	75000001	0.580812	0.916312	2
6	76000001	1.01924	1.07771	2
6	77000001	1.08572	1.07771	2
6	78000001	1.0697	1.07771	2
6	79000001	1.20764	1.07771	2
6	80000001	0.839617	1.07771	2
6	81000001	1.18542	1.07771	2
6	82000001	0.900391	0.900391	2
6	83000001	0.77228	0.900391	2
6	84000001	0.959128	0.900391	2
6	85000001	0.901428	0.900391	2
6	86000001	0.953185	0.900391	2
6	87000001	0.985971	0.900391	2
6	88000001	1.04853	0.900391	2
6	89000001	0.808263	0.900391	2
6	90000001	0.812329	0.900391	2
6	91000001	0.702145	0.900391	2
6	92000001	0.804422	0.900391	2
6	93000001	0.993156	0.900391	2
6	94000001	0.865388	0.900391	2
6	95000001	0.834101	0.900391	2
6	96000001	0.901899	0.900391	2
6	97000001	1.00659	0.900391	2
6	98000001	0.939789	0.900391	2
6	99000001	0.954556	0.900391	2
6	100000001	0.684742	0.900391	2
6	101000001	0.867147	0.900391	2
6	102000001	1.16521	0.900391	2
6	103000001	0.860159	0.900391	2
6	104000001	0.796293	0.900391	2
6	105000001	1.14334	1.12575	2
6	106000001	1.16438	1.12575	2
6	107000001	0.895845	1.12575	2
6	108000001	1.19058	1.12575	2
6	109000001	0.973442	1.12575	2
6	110000001	1.05842	1.12575	2
6	111000001	0.971587	1.12575	2
6	112000001	0.812699	1.12575	2
6	113000001	1.278	1.12575	2
6	114000001	1.27648	1.12575	2
6	115000001	1.12575	1.12575	2
6	116000001	0.745699	1.12575	2
6	117000001	1.28764	1.12575	2
6	118000001	0.949438	1.12575	2
6	119000001	0.871414	1.12575	2
6	120000001	1.13069	1.12575	2
6	121000001	1.13762	1.12575	2
6	122000001	0.675336	0.628296	1
6	123000001	0.612595	0.628296	1
6	124000001	0.628296	0.628296	1
6	125000001	1.22794	0.999015	2
6	126000001	0.846648	0.999015	2
6	127000001	0.849407	0.999015	2
6	128000001	1.03868	0.999015	2
6	129000001	0.962123	0.999015	2
6	130000001	1.09685	0.999015	2
6	131000001	1.03608	0.999015	2
6	132000001	0.911986	0.999015	2
6	133000001	1.04821	0.999015	2
6	134000001	1.07448	0.999015	2
6	135000001	0.825619	0.999015	2
6	136000001	0.98516	0.999015	2
6	137000001	0.816016	0.999015	2
6	138000001	1.11452	0.999015	2
6	139000001	0.958693	0.999015	2
6	140000001	0.743661	0.999015	2
6	141000001	0.944712	0.999015	2
6	142000001	1.03947	0.999015	2
6	143000001	0.940703	0.999015	2
6	144000001	1.07314	0.999015	2
6	145000001	0.898541	0.999015	2
6	146000001	1.08891	0.999015	2
6	147000001	0.999358	0.999015	2
6	148000001	0.909134	0.999015	2
6	149000001	1.06002	0.999015	2
6	150000001	1.00613	0.999015	2
6	151000001	1.20267	0.999015	2
6	152000001	0.772973	0.999015	2
6	153000001	0.893167	0.999015	2
6	154000001	0.868293	0.999015	2
6	155000001	1.14256	0.999015	2
6	156000001	0.917612	0.999015	2
6	157000001	1.00699	0.999015	2
6	158000001	1.05687	0.999015	2
6	159000001	0.89889	0.999015	2
6	160000001	1.0436	0.999015	2
6	161000001	0.752967	0.999015	2
6	162000001	0.998673	0.999015	2
6	163000001	1.16712	0.999015	2
6	164000001	0.989714	0.999015	2
6	165000001	0.915847	0.999015	2
6	166000001	1.11876	0.999015	2
6	167000001	1.12173	0.999015	2
6	168000001	1.1178	0.999015	2
6	169000001	0.986658	0.999015	2
6	170000001	1.10692	0.999015	2
7	1	1.0128	1.03618	2
7	1000001	1.01113	1.03618	2
7	2000001	1.05429	1.03618	2
7	3000001	1.12034	1.03618	2
7	4000001	0.854514	1.03618	2
7	5000001	1.03618	1.03618	2
7	6000001	1.09474	1.03618	2
7	7000001	1.59449	1.59449	3
7	8000001	0.847744	0.88058	2
7	9000001	0.82331	0.88058	2
7	10000001	0.913415	0.88058	2
7	11000001	0.920218	0.88058	2
7	12000001	0.950165	0.88058	2
7	13000001	0.822243	0.88058	2
7	14000001	1.26473	1.17809	2
7	15000001	1.09145	1.17809	2
7	16000001	0.855115	0.89587	2
7	17000001	0.790963	0.89587	2
7	18000001	1.02038	0.89587	2
7	19000001	0.897973	0.89587	2
7	20000001	1.03712	0.89587	2
7	21000001	0.809563	0.89587	2
7	22000001	0.893768	0.89587	2
7	23000001	0.921155	0.89587	2
7	24000001	1.0944	1.0944	2
7	25000001	1.29885	1.0944	2
7	26000001	1.03082	1.0944	2
7	27000001	0.988519	1.0944	2
7	28000001	1.20469	1.0944	2
7	29000001	0.913475	1.0944	2
7	30000001	0.888039	1.0944	2
7	31000001	1.11126	1.0944	2
7	32000001	0.999935	1.0944	2
7	33000001	1.10981	1.0944	2
7	34000001	1.17534	1.0944	2
7	35000001	0.951087	1.0944	2
7	36000001	1.15036	1.0944	2
7	37000001	0.943143	0.972313	2
7	38000001	1.05554	0.972313	2
7	39000001	0.897228	0.972313	2
7	40000001	0.969451	0.972313	2
7	41000001	0.898653	0.972313	2
7	42000001	0.982605	0.972313	2
7	43000001	1.02028	0.972313	2
7	44000001	1.00672	0.972313	2
7	45000001	0.975049	0.972313	2
7	46000001	1.13454	0.972313	2
7	47000001	1.05176	0.972313	2
7	48000001	0.89615	0.972313	2
7	49000001	0.979077	0.972313	2
7	50000001	0.881098	0.972313	2
7	51000001	0.742532	0.972313	2
7	52000001	1.0046	0.972313	2
7	53000001	0.972313	0.972313	2
7	54000001	0.96229	0.972313	2
7	55000001	1.16802	0.972313	2
7	56000001	0.971885	0.972313	2
7	57000001	0.89954	0.972313	2
7	58000001	0.832446	0.800651	2
7	59000001	0.776198	0.800651	2
7	60000001	0.825104	0.800651	2
7	61000001	0.688788	0.800651	2
7	62000001	1.01896	1.07971	2
7	63000001	1.07971	1.07971	2
7	64000001	1.16588	1.07971	2
7	65000001	0.924136	1.07971	2
7	66000001	1.104	1.07971	2
7	67000001	0.778332	0.93429	2
7	68000001	0.884861	0.93429	2
7	69000001	1.0305	0.93429	2
7	70000001	1.18622	0.93429	2
7	71000001	0.857454	0.93429	2
7	72000001	0.950534	0.93429	2
7	73000001	0.946654	0.93429	2
7	74000001	0.948308	0.93429	2
7	75000001	1.14027	0.93429	2
7	76000001	0.991311	0.93429	2
7	77000001	0.868938	0.93429	2
7	78000001	1.06393	0.93429	2
7	79000001	0.970379	0.93429	2
7	80000001	0.733314	0.93429	2
7	81000001	0.849871	0.93429	2
7	82000001	0.9283	0.93429	2
7	83000001	1.15203	0.93429	2
7	84000001	0.774226	0.93429	2
7	85000001	1.06175	0.93429	2
7	86000001	0.802845	0.93429	2
7	87000001	0.903473	0.93429	2
7	88000001	0.835425	0.93429	2
7	89000001	1.26285	0.93429	2
7	90000001	0.805543	0.93429	2
7	91000001	1.0336	0.93429	2
7	92000001	0.767349	0.93429	2
7	93000001	0.940279	0.93429	2
7	94000001	0.718669	0.93429	2
7	95000001	1.18534	0.93429	2
7	96000001	0.742804	0.93429	2
7	97000001	0.993563	0.93429	2
7	98000001	0.875861	0.93429	2
7	99000001	1.1277	1.06992	2
7	100000001	1.09105	1.06992	2
7	101000001	1.03749	1.06992	2
7	102000001	1.15227	1.06992	2
7	103000001	0.899188	1.06992	2
7	104000001	0.885785	1.06992	2
7	105000001	1.34903	1.06992	2
7	106000001	0.937229	1.06992	2
7	107000001	1.13478	1.06992	2
7	108000001	1.04879	1.06992	2
7	109000001	0.804309	0.882651	2
7	110000001	1.02524	0.882651	2
7	111000001	0.666848	0.882651	2
7	112000001	1.03377	0.882651	2
7	113000001	0.882651	0.882651	2
7	114000001	1.20341	1.20341	2
7	115000001	0.883338	1.20341	2
7	116000001	1.22299	1.20341	2
7	117000001	0.834885	0.83121	2
7	118000001	0.827536	0.83121	2
7	119000001	0.852221	0.83121	2
7	120000001	0.620755	0.83121	2
7	121000001	1.20747	0.934518	2
7	122000001	0.892151	0.934518	2
7	123000001	1.00849	0.934518	2
7	124000001	0.86193	0.934518	2
7	125000001	0.777002	0.934518	2
7	126000001	0.834331	0.934518	2
7	127000001	0.968979	0.934518	2
7	128000001	1.20153	0.934518	2
7	129000001	0.858256	0.934518	2
7	130000001	1.12638	0.934518	2
7	131000001	0.905272	0.934518	2
7	132000001	1.06299	0.934518	2
7	133000001	1.02799	0.934518	2
7	134000001	0.955457	0.934518	2
7	135000001	0.991579	0.934518	2
7	136000001	0.932198	0.934518	2
7	137000001	0.730778	0.934518	2
7	138000001	0.903215	0.934518	2
7	139000001	0.929903	0.934518	2
7	140000001	1.00082	0.934518	2
7	141000001	0.91727	0.934518	2
7	142000001	0.936839	0.934518	2
7	143000001	1.14834	1.23068	2
7	144000001	1.31301	1.23068	2
7	145000001	1.01374	1.01374	2
7	146000001	0.792907	0.796754	2
7	147000001	0.8006	0.796754	2
7	148000001	1.06611	1.0247	2
7	149000001	0.946961	1.0247	2
7	150000001	1.14719	1.0247	2
7	151000001	1.10067	1.0247	2
7	152000001	0.979937	1.0247	2
7	153000001	0.944653	1.0247	2
7	154000001	1.02737	1.0247	2
7	155000001	1.0097	1.0247	2
7	156000001	1.30147	1.0247	2
7	157000001	1.02202	1.0247	2
7	158000001	1.22054	1.0247	2
7	159000001	0.797163	1.0247	2
8	1	1.00252	0.95615	2
8	1000001	1.0426	0.95615	2
8	2000001	0.957876	0.95615	2
8	3000001	0.818598	0.95615	2
8	4000001	0.813968	0.95615	2
8	5000001	0.816101	0.95615	2
8	6000001	0.930835	0.95615	2
8	7000001	0.95615	0.95615	2
8	8000001	0.981725	0.95615	2
8	9000001	0.902816	0.95615	2
8	10000001	0.986584	0.95615	2
8	11000001	1.09549	0.95615	2
8	12000001	1.03523	0.95615	2
8	13000001	0.7959	0.95615	2
8	14000001	0.669515	0.95615	2
8	15000001	1.0337	0.95615	2
8	16000001	1.15127	0.95615	2
8	17000001	0.977053	0.95615	2
8	18000001	1.07404	0.95615	2
8	19000001	0.832214	0.95615	2
8	20000001	1.19089	0.95615	2
8	21000001	0.874945	0.95615	2
8	22000001	1.07189	0.95615	2
8	23000001	1.00357	0.95615	2
8	24000001	1.05554	0.95615	2
8	25000001	0.846613	0.95615	2
8	26000001	0.763474	0.95615	2
8	27000001	1.20733	0.95615	2
8	28000001	1.07617	0.95615	2
8	29000001	0.945367	0.95615	2
8	30000001	0.963762	0.95615	2
8	31000001	0.962101	0.95615	2
8	32000001	0.824776	0.95615	2
8	33000001	0.818006	0.95615	2
8	34000001	0.952226	0.95615	2
8	35000001	0.865435	0.95615	2
8	36000001	0.922147	0.95615	2
8	37000001	0.99003	0.95615	2
8	38000001	1.01181	0.95615	2
8	39000001	0.972142	0.95615	2
8	40000001	1.06559	0.95615	2
8	41000001	1.26474	0.95615	2
8	42000001	0.768453	0.95615	2
8	43000001	1.12278	0.95615	2
8	44000001	0.694221	0.95615	2
8	45000001	0.758463	0.95615	2
8	46000001	1.16491	0.95615	2
8	47000001	1.01035	0.95615	2
8	48000001	0.975597	0.95615	2
8	49000001	1.09768	0.95615	2
8	50000001	0.889551	0.95615	2
8	51000001	0.887853	0.95615	2
8	52000001	0.801597	0.95615	2
8	53000001	1.03717	0.95615	2
8	54000001	1.11076	0.95615	2
8	55000001	0.911981	0.95615	2
8	56000001	0.831553	0.95615	2
8	57000001	1.07798	0.95615	2
8	58000001	0.924209	0.95615	2
8	59000001	0.89312	0.95615	2
8	60000001	0.896468	0.95615	2
8	61000001	0.861785	0.95615	2
8	62000001	0.951402	0.95615	2
8	63000001	0.932838	0.95615	2
8	64000001	0.934427	0.95615	2
8	65000001	0.984833	0.95615	2
8	66000001	1.09646	0.95615	2
8	67000001	1.03264	0.95615	2
8	68000001	1.08914	0.95615	2
8	69000001	0.898653	0.95615	2
8	70000001	1.30026	0.95615	2
8	71000001	1.02547	0.95615	2
8	72000001	1.04055	0.95615	2
8	73000001	0.869132	0.95615	2
8	74000001	0.720121	0.95615	2
8	75000001	1.24004	0.95615	2
8	76000001	0.932458	0.95615	2
8	77000001	0.958922	0.95615	2
8	78000001	0.739371	0.95615	2
8	79000001	1.0322	0.95615	2
8	80000001	0.74323	0.95615	2
8	81000001	0.965717	0.95615	2
8	82000001	0.845073	0.95615	2
8	83000001	0.687316	0.95615	2
8	84000001	1.08698	0.95615	2
8	85000001	1.20166	0.95615	2
8	86000001	0.882002	0.95615	2
8	87000001	0.991272	0.95615	2
8	88000001	0.959982	0.95615	2
8	89000001	1.29102	0.95615	2
8	90000001	0.968667	0.95615	2
8	91000001	0.842301	0.95615	2
8	92000001	0.711444	0.95615	2
8	93000001	0.873108	0.95615	2
8	94000001	0.838024	0.95615	2
8	95000001	1.14549	0.95615	2
8	96000001	1.0857	0.95615	2
8	97000001	0.951815	0.95615	2
8	98000001	0.887778	0.95615	2
8	99000001	0.969488	0.95615	2
8	100000001	0.851403	0.95615	2
8	101000001	0.947433	0.95615	2
8	102000001	1.00717	0.95615	2
8	103000001	0.804275	0.95615	2
8	104000001	0.605284	0.95615	2
8	105000001	0.896004	0.95615	2
8	106000001	1.12279	0.95615	2
8	107000001	0.858388	0.95615	2
8	108000001	1.1591	0.95615	2
8	109000001	1.00962	0.95615	2
8	110000001	0.877194	0.95615	2
8	111000001	0.846325	0.95615	2
8	112000001	0.858527	0.95615	2
8	113000001	0.817919	0.748398	1
8	114000001	0.728397	0.748398	1
8	115000001	0.768399	0.748398	1
8	116000001	0.513862	0.748398	1
8	117000001	0.962679	0.987873	2
8	118000001	0.875541	0.987873	2
8	119000001	1.10998	0.987873	2
8	120000001	0.848665	0.987873	2
8	121000001	0.950212	0.987873	2
8	122000001	1.14471	0.987873	2
8	123000001	1.11162	0.987873	2
8	124000001	1.08383	0.987873	2
8	125000001	1.04678	0.987873	2
8	126000001	0.987873	0.987873	2
8	127000001	0.851965	0.987873	2
8	128000001	0.970618	0.987873	2
8	129000001	1.19838	0.987873	2
8	130000001	1.12264	0.987873	2
8	131000001	1.08018	0.987873	2
8	132000001	1.14636	0.987873	2
8	133000001	1.23867	0.987873	2
8	134000001	0.846471	0.987873	2
8	135000001	0.961329	0.987873	2
8	136000001	0.815658	0.987873	2
8	137000001	0.857536	0.987873	2
8	138000001	2.82873	2.82873	6
8	139000001	0.998197	0.873246	2
8	140000001	0.748295	0.873246	2
8	141000001	1.37403	1.13006	2
8	142000001	1.16384	1.13006	2
8	143000001	1.02397	1.13006	2
8	144000001	1.05874	1.13006	2
8	145000001	1.13006	1.13006	2
9	1	0.880154	0.880154	2
9	1000001	1.16407	1.16407	2
9	2000001	1.24768	1.16407	2
9	3000001	1.08351	1.16407	2
9	4000001	0.874016	0.874016	2
9	5000001	1.0332	0.874016	2
9	6000001	0.848883	0.874016	2
9	7000001	1.25105	1.25105	3
9	8000001	0.963495	0.918594	2
9	9000001	0.809971	0.918594	2
9	10000001	0.764796	0.918594	2
9	11000001	0.710515	0.918594	2
9	12000001	0.943841	0.918594	2
9	13000001	0.585464	0.918594	2
9	14000001	1.16662	0.918594	2
9	15000001	1.15527	0.918594	2
9	16000001	0.872625	0.918594	2
9	17000001	0.916097	0.918594	2
9	18000001	0.728744	0.918594	2
9	19000001	0.918129	0.918594	2
9	20000001	0.990269	0.918594	2
9	21000001	1.01565	0.918594	2
9	22000001	0.972786	0.918594	2
9	23000001	1.01772	0.918594	2
9	24000001	0.971866	0.918594	2
9	25000001	0.789164	0.918594	2
9	26000001	0.911746	0.918594	2
9	27000001	0.632124	0.918594	2
9	28000001	0.974615	0.918594	2
9	29000001	0.714182	0.918594	2
9	30000001	0.89043	0.918594	2
9	31000001	1.1406	0.918594	2
9	32000001	0.919058	0.918594	2
9	33000001	1.08328	0.918594	2
9	34000001	0.992347	0.918594	2
9	35000001	1.10191	0.918594	2
9	36000001	1.21894	0.918594	2
9	37000001	0.946164	0.918594	2
9	38000001	1.08698	0.918594	2
9	39000001	0.908799	0.918594	2
9	40000001	0.933585	0.918594	2
9	41000001	0.898005	0.918594	2
9	42000001	1.00812	0.918594	2
9	43000001	0.793936	0.918594	2
9	44000001	0.761902	0.918594	2
9	45000001	0.645537	0.918594	2
9	46000001	-1	0.918594	2
9	47000001	-1	0.918594	2
9	48000001	-1	0.918594	2
9	49000001	-1	0.918594	2
9	50000001	-1	0.918594	2
9	51000001	-1	0.918594	2
9	52000001	-1	0.918594	2
9	53000001	-1	0.918594	2
9	54000001	-1	0.918594	2
9	55000001	-1	0.918594	2
9	56000001	-1	0.918594	2
9	57000001	-1	0.918594	2
9	58000001	-1	0.918594	2
9	59000001	-1	0.918594	2
9	60000001	1.03537	0.918594	2
9	61000001	0.70803	0.918594	2
9	62000001	0.894207	0.918594	2
9	63000001	1.01204	0.918594	2
9	64000001	1.14881	0.918594	2
9	65000001	1.00717	0.918594	2
9	66000001	0.80906	0.918594	2
9	67000001	0.852438	0.918594	2
9	68000001	0.84373	0.918594	2
9	69000001	0.994789	0.918594	2
9	70000001	0.838307	0.918594	2
9	71000001	0.795657	0.918594	2
9	72000001	1.06427	0.918594	2
9	73000001	0.814837	0.918594	2
9	74000001	0.805879	0.918594	2
9	75000001	0.849068	0.918594	2
9	76000001	1.05556	0.918594	2
9	77000001	0.982997	0.918594	2
9	78000001	0.786295	0.918594	2
9	79000001	0.979833	0.918594	2
9	80000001	1.27703	0.918594	2
9	81000001	0.760399	0.918594	2
9	82000001	0.821198	0.918594	2
9	83000001	0.809266	0.918594	2
9	84000001	0.925203	0.918594	2
9	85000001	0.93336	0.918594	2
9	86000001	1.04179	0.918594	2
9	87000001	0.910042	0.918594	2
9	88000001	0.899479	0.918594	2
9	89000001	0.927501	0.918594	2
9	90000001	1.1974	1.19407	2
9	91000001	1.39747	1.19407	2
9	92000001	1.19074	1.19407	2
9	93000001	1.16405	1.19407	2
9	94000001	0.905159	1.02177	2
9	95000001	1.0598	1.02177	2
9	96000001	0.984165	1.02177	2
9	97000001	1.08323	1.02177	2
9	98000001	1.02177	1.02177	2
9	99000001	0.874552	1.02177	2
9	100000001	1.05436	1.02177	2
9	101000001	1.42171	1.42171	3
9	102000001	1.08738	1.07854	2
9	103000001	0.930519	1.07854	2
9	104000001	1.0863	1.07854	2
9	105000001	0.939755	1.07854	2
9	106000001	1.21505	1.07854	2
9	107000001	0.885101	1.07854	2
9	108000001	1.07922	1.07854	2
9	109000001	1.1447	1.07854	2
9	110000001	1.15387	1.07854	2
9	111000001	0.944741	1.07854	2
9	112000001	0.985532	1.07854	2
9	113000001	0.965972	1.07854	2
9	114000001	1.07786	1.07854	2
9	115000001	1.14089	1.07854	2
9	116000001	0.891871	0.891871	2
9	117000001	0.575629	0.575629	1
9	118000001	0.90807	0.94737	2
9	119000001	1.16564	0.94737	2
9	120000001	0.94737	0.94737	2
9	121000001	0.850735	0.94737	2
9	122000001	0.950137	0.94737	2
9	123000001	0.878934	0.94737	2
9	124000001	1.00279	0.94737	2
9	125000001	1.24961	1.06582	2
9	126000001	1.03412	1.06582	2
9	127000001	0.954565	1.06582	2
9	128000001	1.09147	1.06582	2
9	129000001	1.20253	1.06582	2
9	130000001	1.04016	1.06582	2
9	131000001	0.968784	1.06582	2
9	132000001	1.11153	1.06582	2
9	133000001	1.19401	1.19687	2
9	134000001	1.2185	1.19687	2
9	135000001	1.19972	1.19687	2
9	136000001	1.34385	1.19687	2
9	137000001	1.19016	1.19687	2
9	138000001	1.16606	1.19687	2
X	1	0.639317	0.578545	1
X	1000001	0.46501	0.578545	1
X	2000001	0.517774	0.578545	1
X	3000001	0.693538	0.578545	1
X	4000001	0.28154	0.422062	1
X	5000001	0.347596	0.422062	1
X	6000001	0.501482	0.422062	1
X	7000001	0.406506	0.422062	1
X	8000001	0.451707	0.422062	1
X	9000001	0.64749	0.422062	1
X	10000001	0.422062	0.422062	1
X	11000001	1.0211	1.0211	2
X	12000001	0.418807	0.461695	1
X	13000001	0.574906	0.461695	1
X	14000001	0.580645	0.461695	1
X	15000001	0.305938	0.461695	1
X	16000001	0.479262	0.461695	1
X	17000001	0.423322	0.461695	1
X	18000001	0.35194	0.461695	1
X	19000001	0.405913	0.461695	1
X	20000001	0.382959	0.461695	1
X	21000001	0.621044	0.461695	1
X	22000001	0.464799	0.461695	1
X	23000001	0.584946	0.461695	1
X	24000001	0.518499	0.461695	1
X	25000001	0.458502	0.461695	1
X	26000001	0.535691	0.461695	1
X	27000001	0.399919	0.461695	1
X	28000001	0.56659	0.461695	1
X	29000001	0.342961	0.461695	1
X	30000001	0.458197	0.461695	1
X	31000001	0.397695	0.461695	1
X	32000001	0.330959	0.461695	1
X	33000001	0.582452	0.461695	1
X	34000001	0.427825	0.461695	1
X	35000001	0.486735	0.461695	1
X	36000001	0.438465	0.461695	1
X	37000001	0.304249	0.461695	1
X	38000001	0.280516	0.461695	1
X	39000001	0.427076	0.461695	1
X	40000001	0.583309	0.461695	1
X	41000001	0.453176	0.461695	1
X	42000001	0.402767	0.461695	1
X	43000001	0.529088	0.461695	1
X	44000001	0.513037	0.461695	1
X	45000001	0.539457	0.461695	1
X	46000001	0.301421	0.461695	1
X	47000001	0.516232	0.461695	1
X	48000001	0.571074	0.461695	1
X	49000001	0.563744	0.461695	1
X	50000001	0.608748	0.461695	1
X	51000001	0.517345	0.461695	1
X	52000001	0.413606	0.461695	1
X	53000001	0.510888	0.461695	1
X	54000001	0.352129	0.461695	1
X	55000001	0.547221	0.461695	1
X	56000001	0.499085	0.461695	1
X	57000001	0.564509	0.461695	1
X	58000001	0.295928	0.461695	1
X	59000001	0.356759	0.461695	1
X	60000001	0.281928	0.461695	1
X	61000001	0.39112	0.461695	1
X	62000001	0.351817	0.461695	1
X	63000001	0.465244	0.461695	1
X	64000001	0.461695	0.461695	1
X	65000001	0.551836	0.461695	1
X	66000001	0.587301	0.461695	1
X	67000001	0.395242	0.461695	1
X	68000001	0.581564	0.461695	1
X	69000001	0.35492	0.461695	1
X	70000001	0.643436	0.461695	1
X	71000001	0.684235	0.461695	1
X	72000001	0.550183	0.461695	1
X	73000001	0.380371	0.461695	1
X	74000001	0.545544	0.461695	1
X	75000001	0.454973	0.461695	1
X	76000001	0.426521	0.461695	1
X	77000001	0.78843	0.767551	2
X	78000001	0.746672	0.767551	2
X	79000001	0.413054	0.453511	1
X	80000001	0.416381	0.453511	1
X	81000001	0.447293	0.453511	1
X	82000001	0.394278	0.453511	1
X	83000001	0.352111	0.453511	1
X	84000001	0.423826	0.453511	1
X	85000001	0.572106	0.453511	1
X	86000001	0.466512	0.453511	1
X	87000001	0.517029	0.453511	1
X	88000001	0.559973	0.453511	1
X	89000001	0.412667	0.453511	1
X	90000001	0.435921	0.453511	1
X	91000001	0.448195	0.453511	1
X	92000001	0.385092	0.453511	1
X	93000001	0.495122	0.453511	1
X	94000001	0.415637	0.453511	1
X	95000001	0.458416	0.453511	1
X	96000001	0.428018	0.453511	1
X	97000001	0.459464	0.453511	1
X	98000001	0.28786	0.453511	1
X	99000001	0.588626	0.453511	1
X	100000001	0.529164	0.453511	1
X	101000001	0.42864	0.453511	1
X	102000001	0.436515	0.453511	1
X	103000001	0.807382	0.453511	1
X	104000001	0.409277	0.453511	1
X	105000001	0.453345	0.453511	1
X	106000001	0.351285	0.453511	1
X	107000001	0.553357	0.453511	1
X	108000001	0.416976	0.453511	1
X	109000001	0.331835	0.453511	1
X	110000001	0.329855	0.453511	1
X	111000001	0.694718	0.453511	1
X	112000001	0.444833	0.453511	1
X	113000001	0.580578	0.453511	1
X	114000001	0.509393	0.453511	1
X	115000001	0.53348	0.453511	1
X	116000001	0.382188	0.453511	1
X	117000001	0.501662	0.453511	1
X	118000001	0.677544	0.453511	1
X	119000001	0.39755	0.453511	1
X	120000001	0.478659	0.453511	1
X	121000001	0.504295	0.453511	1
X	122000001	0.471436	0.453511	1
X	123000001	0.596414	0.453511	1
X	124000001	0.44339	0.453511	1
X	125000001	0.396187	0.453511	1
X	126000001	0.523252	0.453511	1
X	127000001	0.563326	0.453511	1
X	128000001	0.412378	0.453511	1
X	129000001	0.453676	0.453511	1
X	130000001	0.472101	0.453511	1
X	131000001	0.537888	0.453511	1
X	132000001	0.414012	0.453511	1
X	133000001	0.339708	0.453511	1
X	134000001	0.297921	0.453511	1
X	135000001	0.71847	0.453511	1
X	136000001	0.480144	0.453511	1
X	137000001	0.469807	0.453511	1
X	138000001	0.426329	0.453511	1
X	139000001	0.401655	0.453511	1
X	140000001	0.527768	0.453511	1
X	141000001	0.504646	0.453511	1
X	142000001	0.429791	0.453511	1
X	143000001	0.248724	0.453511	1
X	144000001	0.47682	0.453511	1
X	145000001	0.441692	0.453511	1
X	146000001	0.536324	0.453511	1
X	147000001	0.513231	0.453511	1
X	148000001	0.498824	0.453511	1
X	149000001	0.469594	0.453511	1
X	150000001	0.35635	0.453511	1
X	151000001	0.442655	0.453511	1
X	152000001	0.469316	0.453511	1
X	153000001	0.525451	0.533708	1
X	154000001	0.541965	0.533708	1
X	155000001	0.451306	0.533708	1
X	156000001	1.53514	0.533708	1
Y	1	-1	-1	1
Y	1000001	-1	-1	1
Y	2000001	0.469594	0.465239	1
Y	3000001	0.407102	0.465239	1
Y	4000001	0.465239	0.465239	1
Y	5000001	0.344989	0.465239	1
Y	6000001	0.479065	0.465239	1
Y	7000001	0.630746	0.534063	1
Y	8000001	0.537538	0.534063	1
Y	9000001	0.466842	0.534063	1
Y	10000001	0.82622	0.534063	1
Y	11000001	0.548239	0.534063	1
Y	12000001	0.468433	0.534063	1
Y	13000001	0.534063	0.534063	1
Y	14000001	0.49523	0.534063	1
Y	15000001	0.515749	0.534063	1
Y	16000001	0.389229	0.389229	1
Y	17000001	0.276387	0.389229	1
Y	18000001	0.232188	0.389229	1
Y	19000001	0.476838	0.389229	1
Y	20000001	0.386033	0.389229	1
Y	21000001	0.495192	0.389229	1
Y	22000001	0.472534	0.389229	1
Y	23000001	0.361443	-1	1
Y	24000001	0.255518	-1	1
Y	25000001	0.241757	-1	1
Y	26000001	0.322928	-1	1
Y	27000001	-1	-1	1
Y	28000001	-1	-1	1
Y	29000001	-1	-1	1
Y	30000001	-1	-1	1
Y	31000001	-1	-1	1
Y	32000001	-1	-1	1
Y	33000001	-1	-1	1
Y	34000001	-1	-1	1
Y	35000001	-1	-1	1
Y	36000001	-1	-1	1
Y	37000001	-1	-1	1
Y	38000001	-1	-1	1
Y	39000001	-1	-1	1
Y	40000001	-1	-1	1
Y	41000001	-1	-1	1
Y	42000001	-1	-1	1
Y	43000001	-1	-1	1
Y	44000001	-1	-1	1
Y	45000001	-1	-1	1
Y	46000001	-1	-1	1
Y	47000001	-1	-1	1
Y	48000001	-1	-1	1
Y	49000001	-1	-1	1
Y	50000001	-1	-1	1
Y	51000001	-1	-1	1
Y	52000001	-1	-1	1
Y	53000001	-1	-1	1
Y	54000001	-1	-1	1
Y	55000001	-1	-1	1
Y	56000001	0.608105	-1	1
Y	57000001	-1	-1	1
