Chromosome	Start	Ratio	MedianRatio	CopyNumber
1	1	0.99135	1.16513	2
1	1000001	1.3992	1.16513	2
1	2000001	1.01998	1.16513	2
1	3000001	1.13886	1.16513	2
1	4000001	1.47223	1.16513	2
1	5000001	0.984727	1.16513	2
1	6000001	1.1914	1.16513	2
1	7000001	1.54988	1.16513	2
1	8000001	1.07052	1.01134	2
1	9000001	1.12657	1.01134	2
1	10000001	1.0302	1.01134	2
1	11000001	1.129	1.01134	2
1	12000001	0.964644	1.01134	2
1	13000001	0.7997	1.01134	2
1	14000001	0.920094	1.01134	2
1	15000001	0.726048	1.01134	2
1	16000001	1.13979	1.01134	2
1	17000001	0.921161	1.01134	2
1	18000001	1.25415	1.01134	2
1	19000001	1.14352	1.01134	2
1	20000001	1.08894	1.01134	2
1	21000001	1.00286	1.01134	2
1	22000001	1.02109	1.01134	2
1	23000001	1.13076	1.01134	2
1	24000001	1.13382	1.01134	2
1	25000001	1.0997	1.01134	2
1	26000001	0.883596	1.01134	2
1	27000001	1.0941	1.01134	2
1	28000001	0.848026	1.01134	2
1	29000001	1.12577	1.01134	2
1	30000001	1.24247	1.01134	2
1	31000001	0.954092	1.01134	2
1	32000001	1.33729	1.01134	2
1	33000001	0.92387	1.01134	2
1	34000001	0.868616	1.01134	2
1	35000001	1.05118	1.01134	2
1	36000001	1.10873	1.01134	2
1	37000001	1.08652	1.01134	2
1	38000001	1.01428	1.01134	2
1	39000001	1.17547	1.01134	2
1	40000001	0.820179	1.01134	2
1	41000001	1.28274	1.01134	2
1	42000001	0.979156	1.01134	2
1	43000001	0.998489	1.01134	2
1	44000001	1.20061	1.01134	2
1	45000001	1.21813	1.01134	2
1	46000001	0.916239	1.01134	2
1	47000001	0.924999	1.01134	2
1	48000001	1.21528	1.01134	2
1	49000001	0.947296	1.01134	2
1	50000001	0.932909	1.01134	2
1	51000001	0.953921	1.01134	2
1	52000001	0.944447	1.01134	2
1	53000001	1.12391	1.01134	2
1	54000001	1.23843	1.01134	2
1	55000001	1.01037	1.01134	2
1	56000001	1.27718	1.01134	2
1	57000001	0.937649	1.01134	2
1	58000001	1.04048	1.01134	2
1	59000001	0.891649	1.01134	2
1	60000001	1.07187	1.01134	2
1	61000001	0.779	1.01134	2
1	62000001	1.02963	1.01134	2
1	63000001	0.815197	1.01134	2
1	64000001	0.610766	1.01134	2
1	65000001	1.17706	1.01134	2
1	66000001	0.823801	1.01134	2
1	67000001	0.92993	1.01134	2
1	68000001	0.873679	1.01134	2
1	69000001	0.973409	1.01134	2
1	70000001	0.930801	1.01134	2
1	71000001	1.01903	1.01134	2
1	72000001	1.11472	1.01134	2
1	73000001	1.12142	1.01134	2
1	74000001	0.81095	1.01134	2
1	75000001	1.13511	1.01134	2
1	76000001	0.740791	1.01134	2
1	77000001	1.01268	1.01134	2
1	78000001	1.05955	1.01134	2
1	79000001	0.835002	1.01134	2
1	80000001	1.13159	1.01134	2
1	81000001	0.704855	1.01134	2
1	82000001	0.832781	1.01134	2
1	83000001	0.987626	1.01134	2
1	84000001	0.826409	1.01134	2
1	85000001	0.861548	1.01134	2
1	86000001	1.24388	1.01134	2
1	87000001	0.894482	1.01134	2
1	88000001	0.760007	1.01134	2
1	89000001	1.12288	1.01134	2
1	90000001	1.01134	1.01134	2
1	91000001	1.03739	1.01134	2
1	92000001	1.0208	1.01134	2
1	93000001	0.792714	1.01134	2
1	94000001	0.951403	1.01134	2
1	95000001	0.904292	1.01134	2
1	96000001	0.876107	1.01134	2
1	97000001	0.739916	1.01134	2
1	98000001	0.810132	1.01134	2
1	99000001	1.07923	1.01134	2
1	100000001	0.977492	1.01134	2
1	101000001	0.766838	1.01134	2
1	102000001	0.89819	1.01134	2
1	103000001	1.2579	1.01134	2
1	104000001	0.954838	1.01134	2
1	105000001	0.823521	1.01134	2
1	106000001	1.29726	1.01134	2
1	107000001	1.14827	1.01134	2
1	108000001	0.986453	1.01134	2
1	109000001	1.20404	1.01134	2
1	110000001	1.23105	1.01134	2
1	111000001	0.818154	1.01134	2
1	112000001	1.12114	1.01134	2
1	113000001	1.14285	1.01134	2
1	114000001	1.08104	1.01134	2
1	115000001	1.2481	1.01134	2
1	116000001	1.26706	1.01134	2
1	117000001	0.944067	1.01134	2
1	118000001	1.0293	1.01134	2
1	119000001	0.843083	1.01134	2
1	120000001	0.806326	1.01134	2
1	121000001	1.41254	1.01134	2
1	122000001	1.03752	1.01134	2
1	123000001	0.998371	1.01134	2
1	124000001	1.13318	1.01134	2
1	125000001	2.76914	-1	2
1	126000001	-1	-1	2
1	127000001	-1	-1	2
1	128000001	-1	-1	2
1	129000001	-1	-1	2
1	130000001	-1	-1	2
1	131000001	-1	-1	2
1	132000001	-1	-1	2
1	133000001	-1	-1	2
1	134000001	-1	-1	2
1	135000001	-1	-1	2
1	136000001	-1	-1	2
1	137000001	-1	-1	2
1	138000001	-1	-1	2
1	139000001	-1	-1	2
1	140000001	-1	-1	2
1	141000001	-1	-1	2
1	142000001	-1	-1	2
1	143000001	2.3175	-1	2
1	144000001	1.5427	0.964134	2
1	145000001	1.12631	0.964134	2
1	146000001	0.841017	0.964134	2
1	147000001	1.03264	0.964134	2
1	148000001	1.01409	0.964134	2
1	149000001	0.780152	0.964134	2
1	150000001	1.00432	0.964134	2
1	151000001	1.02098	0.964134	2
1	152000001	1.04305	0.964134	2
1	153000001	1.44948	0.964134	2
1	154000001	1.07277	0.964134	2
1	155000001	1.00041	0.964134	2
1	156000001	0.836414	0.964134	2
1	157000001	0.959413	0.964134	2
1	158000001	0.862393	0.964134	2
1	159000001	0.868294	0.964134	2
1	160000001	0.805198	0.964134	2
1	161000001	0.735569	0.964134	2
1	162000001	1.02723	0.964134	2
1	163000001	0.855667	0.964134	2
1	164000001	0.952083	0.964134	2
1	165000001	0.964134	0.964134	2
1	166000001	1.09465	0.964134	2
1	167000001	0.890233	0.964134	2
1	168000001	0.817344	0.964134	2
1	169000001	1.12515	0.964134	2
1	170000001	0.871384	0.964134	2
1	171000001	0.971242	0.964134	2
1	172000001	1.10789	0.964134	2
1	173000001	0.906477	0.964134	2
1	174000001	0.932726	0.964134	2
1	175000001	1.13512	0.964134	2
1	176000001	0.851926	0.964134	2
1	177000001	1.09899	0.964134	2
1	178000001	0.733682	0.964134	2
1	179000001	0.898223	0.964134	2
1	180000001	1.00992	0.964134	2
1	181000001	1.08203	0.964134	2
1	182000001	1.20751	0.964134	2
1	183000001	1.02719	0.964134	2
1	184000001	0.854691	0.964134	2
1	185000001	0.861249	0.964134	2
1	186000001	0.962024	0.964134	2
1	187000001	0.804365	0.964134	2
1	188000001	0.833503	0.964134	2
1	189000001	1.06247	0.964134	2
1	190000001	0.905626	0.964134	2
1	191000001	0.899335	0.964134	2
1	192000001	0.788211	0.964134	2
1	193000001	0.91604	0.964134	2
1	194000001	1.04826	0.964134	2
1	195000001	1.01133	0.964134	2
1	196000001	1.028	0.964134	2
1	197000001	0.891024	0.964134	2
1	198000001	1.05808	0.964134	2
1	199000001	1.18117	0.964134	2
1	200000001	0.961737	0.964134	2
1	201000001	0.974643	0.964134	2
1	202000001	1.08049	0.964134	2
1	203000001	0.83457	0.964134	2
1	204000001	0.98027	0.964134	2
1	205000001	1.24937	0.964134	2
1	206000001	1.19639	0.964134	2
1	207000001	0.94622	0.964134	2
1	208000001	1.07289	0.964134	2
1	209000001	1.12619	0.964134	2
1	210000001	1.01152	0.964134	2
1	211000001	0.836563	0.964134	2
1	212000001	1.22661	0.964134	2
1	213000001	0.958587	0.964134	2
1	214000001	0.930396	0.964134	2
1	215000001	0.774479	0.964134	2
1	216000001	1.26743	0.964134	2
1	217000001	0.859099	0.964134	2
1	218000001	0.958357	0.964134	2
1	219000001	0.956709	0.964134	2
1	220000001	1.27663	0.964134	2
1	221000001	0.928457	0.964134	2
1	222000001	0.849223	0.964134	2
1	223000001	0.923156	0.964134	2
1	224000001	0.951763	0.964134	2
1	225000001	0.898831	0.964134	2
1	226000001	1.09408	0.964134	2
1	227000001	0.902331	0.964134	2
1	228000001	1.0628	0.964134	2
1	229000001	1.32793	0.964134	2
1	230000001	0.919837	0.964134	2
1	231000001	0.9984	0.964134	2
1	232000001	1.00793	0.964134	2
1	233000001	1.01253	0.964134	2
1	234000001	0.744275	0.964134	2
1	235000001	0.990167	0.964134	2
1	236000001	0.916017	0.964134	2
1	237000001	0.890875	0.964134	2
1	238000001	0.88664	0.964134	2
1	239000001	0.951379	0.964134	2
1	240000001	0.559301	0.964134	2
1	241000001	0.882842	0.964134	2
1	242000001	1.04936	0.964134	2
1	243000001	1.04818	0.964134	2
1	244000001	1.14393	0.964134	2
1	245000001	0.994592	0.964134	2
1	246000001	1.19609	0.964134	2
1	247000001	1.05194	0.964134	2
1	248000001	1.26073	0.964134	2
10	1	1.28771	1.16133	2
10	1000001	1.16133	1.16133	2
10	2000001	1.09642	1.16133	2
10	3000001	0.990919	0.971224	2
10	4000001	0.828346	0.971224	2
10	5000001	1.11557	0.971224	2
10	6000001	0.779263	0.971224	2
10	7000001	0.887216	0.971224	2
10	8000001	0.999567	0.971224	2
10	9000001	0.64093	0.971224	2
10	10000001	1.1174	0.971224	2
10	11000001	0.876658	0.971224	2
10	12000001	1.07873	0.971224	2
10	13000001	1.29915	0.971224	2
10	14000001	0.893856	0.971224	2
10	15000001	0.861273	0.971224	2
10	16000001	0.69683	0.971224	2
10	17000001	0.983876	0.971224	2
10	18000001	1.08472	0.971224	2
10	19000001	0.739464	0.971224	2
10	20000001	1.13978	0.971224	2
10	21000001	0.627525	0.971224	2
10	22000001	1.06891	0.971224	2
10	23000001	0.931754	0.971224	2
10	24000001	0.854479	0.971224	2
10	25000001	1.17004	0.971224	2
10	26000001	0.977234	0.971224	2
10	27000001	0.959973	0.971224	2
10	28000001	0.939721	0.971224	2
10	29000001	0.831886	0.971224	2
10	30000001	1.05363	0.971224	2
10	31000001	0.903952	0.971224	2
10	32000001	0.971224	0.971224	2
10	33000001	0.898241	0.971224	2
10	34000001	0.630064	0.971224	2
10	35000001	0.990167	0.971224	2
10	36000001	0.955274	0.971224	2
10	37000001	0.877166	0.971224	2
10	38000001	1.1764	0.971224	2
10	39000001	0.972386	0.971224	2
10	40000001	1.04623	0.971224	2
10	41000001	0.858409	0.971224	2
10	42000001	1.0984	0.971224	2
10	43000001	1.00075	0.971224	2
10	44000001	1.2172	0.971224	2
10	45000001	0.907554	0.971224	2
10	46000001	1.20621	0.971224	2
10	47000001	0.660761	0.971224	2
10	48000001	1.20823	0.971224	2
10	49000001	1.00849	0.971224	2
10	50000001	0.887058	0.971224	2
10	51000001	1.00921	0.971224	2
10	52000001	1.06172	0.971224	2
10	53000001	0.870752	0.971224	2
10	54000001	0.986078	0.971224	2
10	55000001	0.784739	0.971224	2
10	56000001	0.878063	0.971224	2
10	57000001	1.17573	0.971224	2
10	58000001	0.756482	0.971224	2
10	59000001	0.768605	0.971224	2
10	60000001	0.919781	0.971224	2
10	61000001	0.904436	0.971224	2
10	62000001	0.992892	0.971224	2
10	63000001	0.837959	0.971224	2
10	64000001	0.787517	0.971224	2
10	65000001	0.906406	0.971224	2
10	66000001	0.944845	0.971224	2
10	67000001	1.14078	0.971224	2
10	68000001	0.841116	0.971224	2
10	69000001	1.17064	0.971224	2
10	70000001	0.924487	0.971224	2
10	71000001	0.943692	0.971224	2
10	72000001	1.05874	0.971224	2
10	73000001	0.762416	0.971224	2
10	74000001	0.873736	0.971224	2
10	75000001	1.14557	0.971224	2
10	76000001	1.21396	0.971224	2
10	77000001	0.993019	0.971224	2
10	78000001	1.01537	0.971224	2
10	79000001	1.09735	0.971224	2
10	80000001	1.28355	0.971224	2
10	81000001	0.972093	0.971224	2
10	82000001	1.12104	0.971224	2
10	83000001	1.00552	0.971224	2
10	84000001	1.09537	0.971224	2
10	85000001	0.98651	0.971224	2
10	86000001	0.922842	0.971224	2
10	87000001	0.879023	0.971224	2
10	88000001	1.06123	0.971224	2
10	89000001	0.774506	0.971224	2
10	90000001	1.05389	0.971224	2
10	91000001	0.922194	0.971224	2
10	92000001	0.902678	0.971224	2
10	93000001	1.06623	0.971224	2
10	94000001	1.11707	0.971224	2
10	95000001	0.944522	0.971224	2
10	96000001	1.0952	0.971224	2
10	97000001	1.23198	0.971224	2
10	98000001	1.04219	0.971224	2
10	99000001	0.966349	0.971224	2
10	100000001	1.21923	0.971224	2
10	101000001	0.98102	0.971224	2
10	102000001	0.863888	0.971224	2
10	103000001	1.13315	0.971224	2
10	104000001	0.689827	0.971224	2
10	105000001	0.787599	0.971224	2
10	106000001	0.791417	0.971224	2
10	107000001	0.773644	0.971224	2
10	108000001	0.827422	0.971224	2
10	109000001	0.827632	0.971224	2
10	110000001	1.08023	0.971224	2
10	111000001	0.907374	0.971224	2
10	112000001	1.05592	0.971224	2
10	113000001	0.675554	0.971224	2
10	114000001	0.922893	0.971224	2
10	115000001	1.00131	0.971224	2
10	116000001	1.05495	0.971224	2
10	117000001	0.820362	0.971224	2
10	118000001	1.12646	0.971224	2
10	119000001	1.08456	0.971224	2
10	120000001	0.966753	0.971224	2
10	121000001	0.93061	0.971224	2
10	122000001	1.33278	0.971224	2
10	123000001	0.99569	0.971224	2
10	124000001	1.0618	0.971224	2
10	125000001	0.912878	0.971224	2
10	126000001	3.67929	3.67929	7
10	127000001	1.25825	1.23654	2
10	128000001	1.03333	1.23654	2
10	129000001	0.990523	1.23654	2
10	130000001	1.38435	1.23654	2
10	131000001	1.15152	1.23654	2
10	132000001	1.23654	1.23654	2
10	133000001	1.6027	1.23654	2
11	1	1.38979	1.34428	3
11	1000001	1.29877	1.34428	3
11	2000001	1.09548	0.91973	2
11	3000001	0.962056	0.91973	2
11	4000001	0.677205	0.91973	2
11	5000001	0.787502	0.91973	2
11	6000001	0.91973	0.91973	2
11	7000001	0.914339	0.91973	2
11	8000001	0.939594	0.91973	2
11	9000001	0.865481	0.91973	2
11	10000001	1.10466	0.91973	2
11	11000001	2.1109	2.1109	4
11	12000001	1.2289	1.06444	2
11	13000001	1.22842	1.06444	2
11	14000001	0.972032	1.06444	2
11	15000001	1.03665	1.06444	2
11	16000001	0.711937	1.06444	2
11	17000001	1.09222	1.06444	2
11	18000001	1.21183	1.06444	2
11	19000001	1.02049	1.06444	2
11	20000001	1.22607	1.22607	2
11	21000001	1.2056	1.22607	2
11	22000001	1.42866	1.22607	2
11	23000001	0.965974	0.937029	2
11	24000001	1.01594	0.937029	2
11	25000001	1.13879	0.937029	2
11	26000001	0.936615	0.937029	2
11	27000001	1.00829	0.937029	2
11	28000001	0.932188	0.937029	2
11	29000001	1.02394	0.937029	2
11	30000001	1.07316	0.937029	2
11	31000001	0.957689	0.937029	2
11	32000001	0.820361	0.937029	2
11	33000001	0.92614	0.937029	2
11	34000001	1.05571	0.937029	2
11	35000001	1.1432	0.937029	2
11	36000001	0.905051	0.937029	2
11	37000001	0.830071	0.937029	2
11	38000001	0.811366	0.937029	2
11	39000001	0.855014	0.937029	2
11	40000001	0.604778	0.937029	2
11	41000001	0.804741	0.937029	2
11	42000001	0.986531	0.937029	2
11	43000001	1.31004	0.937029	2
11	44000001	1.07104	0.937029	2
11	45000001	0.905076	0.937029	2
11	46000001	0.970081	0.937029	2
11	47000001	0.974541	0.937029	2
11	48000001	0.908505	0.937029	2
11	49000001	0.996539	0.937029	2
11	50000001	1.33871	0.937029	2
11	51000001	0.79363	0.937029	2
11	52000001	0.881009	0.937029	2
11	53000001	0.980245	0.937029	2
11	54000001	0.788911	0.937029	2
11	55000001	0.792803	0.937029	2
11	56000001	0.831319	0.937029	2
11	57000001	0.937442	0.937029	2
11	58000001	0.813766	0.937029	2
11	59000001	1.00899	0.937029	2
11	60000001	0.898453	0.937029	2
11	61000001	1.22689	1.02055	2
11	62000001	1.18235	1.02055	2
11	63000001	1.08582	1.02055	2
11	64000001	1.21289	1.02055	2
11	65000001	0.966197	1.02055	2
11	66000001	1.00925	1.02055	2
11	67000001	0.742386	1.02055	2
11	68000001	1.12939	1.02055	2
11	69000001	1.95699	1.02055	2
11	70000001	1.18517	1.02055	2
11	71000001	1.14244	1.02055	2
11	72000001	1.05001	1.02055	2
11	73000001	1.01469	1.02055	2
11	74000001	0.981104	1.02055	2
11	75000001	0.77361	1.02055	2
11	76000001	0.979203	1.02055	2
11	77000001	0.847298	1.02055	2
11	78000001	1.24641	1.02055	2
11	79000001	1.15407	1.02055	2
11	80000001	1.11001	1.02055	2
11	81000001	1.06268	1.02055	2
11	82000001	1.19217	1.02055	2
11	83000001	1.0781	1.02055	2
11	84000001	0.831007	1.02055	2
11	85000001	0.943615	1.02055	2
11	86000001	1.02055	1.02055	2
11	87000001	1.12133	1.02055	2
11	88000001	0.937139	1.02055	2
11	89000001	1.09051	1.02055	2
11	90000001	0.775841	1.02055	2
11	91000001	0.873726	1.02055	2
11	92000001	1.27289	1.02055	2
11	93000001	0.779305	1.02055	2
11	94000001	0.884576	1.02055	2
11	95000001	0.943696	1.02055	2
11	96000001	1.91414	1.02055	2
11	97000001	0.853329	1.02055	2
11	98000001	0.878083	1.02055	2
11	99000001	0.956253	1.02055	2
11	100000001	0.763988	1.02055	2
11	101000001	0.956364	1.02055	2
11	102000001	0.993924	1.02055	2
11	103000001	1.02531	1.02055	2
11	104000001	1.79592	1.02055	2
11	105000001	0.800489	1.02055	2
11	106000001	0.805677	1.02055	2
11	107000001	1.0985	1.02055	2
11	108000001	1.10696	1.02055	2
11	109000001	0.838987	1.02055	2
11	110000001	0.968115	1.02055	2
11	111000001	0.806114	1.02055	2
11	112000001	1.08711	1.02055	2
11	113000001	1.05243	1.02055	2
11	114000001	0.949958	1.02055	2
11	115000001	0.980074	1.02055	2
11	116000001	0.948877	1.02055	2
11	117000001	0.768914	1.02055	2
11	118000001	1.0589	1.02055	2
11	119000001	1.14027	1.02055	2
11	120000001	1.16745	1.02055	2
11	121000001	0.860425	1.02055	2
11	122000001	0.896019	1.02055	2
11	123000001	1.12974	1.02055	2
11	124000001	0.857109	1.02055	2
11	125000001	1.15833	1.02055	2
11	126000001	1.08562	1.02055	2
11	127000001	0.997829	1.02055	2
11	128000001	0.935967	1.02055	2
11	129000001	1.02165	1.02055	2
11	130000001	1.02392	1.02055	2
11	131000001	1.39299	1.02055	2
11	132000001	1.19305	1.02055	2
11	133000001	1.09406	1.02055	2
11	134000001	1.15094	1.02055	2
11	135000001	0.729363	1.02055	2
12	1	1.27953	1.28089	3
12	1000001	1.28226	1.28089	3
12	2000001	0.970711	0.993549	2
12	3000001	0.93247	0.993549	2
12	4000001	0.993549	0.993549	2
12	5000001	1.20085	0.993549	2
12	6000001	0.856965	0.993549	2
12	7000001	1.22894	0.993549	2
12	8000001	1.05698	0.993549	2
12	9000001	0.895476	0.993549	2
12	10000001	0.91262	0.993549	2
12	11000001	0.873616	0.993549	2
12	12000001	1.00617	0.993549	2
12	13000001	1.23226	0.993549	2
12	14000001	1.21567	0.993549	2
12	15000001	0.768203	0.947159	2
12	16000001	0.883536	0.947159	2
12	17000001	0.921325	0.947159	2
12	18000001	0.751748	0.947159	2
12	19000001	1.09544	0.947159	2
12	20000001	0.969777	0.947159	2
12	21000001	1.1318	0.947159	2
12	22000001	0.983666	0.947159	2
12	23000001	0.801643	0.947159	2
12	24000001	1.04394	0.947159	2
12	25000001	1.03717	0.947159	2
12	26000001	1.06634	0.947159	2
12	27000001	0.974008	0.947159	2
12	28000001	0.876524	0.947159	2
12	29000001	0.861236	0.947159	2
12	30000001	0.931403	0.947159	2
12	31000001	0.962267	0.947159	2
12	32000001	0.815212	0.947159	2
12	33000001	1.04231	0.947159	2
12	34000001	0.929898	0.947159	2
12	35000001	0.855718	0.947159	2
12	36000001	1.05602	0.947159	2
12	37000001	0.753645	0.947159	2
12	38000001	0.93205	0.947159	2
12	39000001	0.963552	0.947159	2
12	40000001	1.26133	0.947159	2
12	41000001	0.726207	0.59811	1
12	42000001	0.470012	0.59811	1
12	43000001	0.990852	0.990852	2
12	44000001	1.26781	0.990852	2
12	45000001	0.882299	0.990852	2
12	46000001	0.931267	0.990852	2
12	47000001	1.23923	0.990852	2
12	48000001	2.17486	2.17486	4
12	49000001	0.936737	0.946658	2
12	50000001	0.929811	0.946658	2
12	51000001	0.914485	0.946658	2
12	52000001	1.13653	0.946658	2
12	53000001	0.936456	0.946658	2
12	54000001	1.11724	0.946658	2
12	55000001	1.1001	0.946658	2
12	56000001	0.963341	0.946658	2
12	57000001	1.09664	0.946658	2
12	58000001	0.795176	0.946658	2
12	59000001	0.853917	0.946658	2
12	60000001	1.00702	0.946658	2
12	61000001	0.772617	0.946658	2
12	62000001	1.06785	0.946658	2
12	63000001	1.06076	0.946658	2
12	64000001	0.919512	0.946658	2
12	65000001	1.04066	0.946658	2
12	66000001	0.763094	0.946658	2
12	67000001	1.02237	0.946658	2
12	68000001	0.94454	0.946658	2
12	69000001	0.608046	0.946658	2
12	70000001	0.928076	0.946658	2
12	71000001	0.936615	0.946658	2
12	72000001	0.692218	0.946658	2
12	73000001	0.895153	0.946658	2
12	74000001	1.08319	0.946658	2
12	75000001	0.866281	0.946658	2
12	76000001	1.12964	0.946658	2
12	77000001	0.898382	0.946658	2
12	78000001	0.94809	0.946658	2
12	79000001	0.976458	0.946658	2
12	80000001	0.959095	0.946658	2
12	81000001	0.933784	0.946658	2
12	82000001	1.05688	0.946658	2
12	83000001	0.968615	0.946658	2
12	84000001	1.14441	0.946658	2
12	85000001	0.792458	0.946658	2
12	86000001	0.821594	0.946658	2
12	87000001	1.04882	0.946658	2
12	88000001	0.782877	0.946658	2
12	89000001	1.05607	0.946658	2
12	90000001	1.07096	0.946658	2
12	91000001	0.805389	0.946658	2
12	92000001	1.09685	0.946658	2
12	93000001	0.950802	0.946658	2
12	94000001	0.946658	0.946658	2
12	95000001	1.30932	0.946658	2
12	96000001	0.883687	0.946658	2
12	97000001	0.741493	0.946658	2
12	98000001	0.934953	0.946658	2
12	99000001	0.977508	0.946658	2
12	100000001	0.965614	0.946658	2
12	101000001	0.784235	0.946658	2
12	102000001	0.898338	0.946658	2
12	103000001	0.915303	0.946658	2
12	104000001	1.3345	0.946658	2
12	105000001	1.02957	0.946658	2
12	106000001	0.843834	0.946658	2
12	107000001	0.747348	0.946658	2
12	108000001	1.22883	0.946658	2
12	109000001	1.02614	0.946658	2
12	110000001	0.876002	0.946658	2
12	111000001	1.14508	0.946658	2
12	112000001	1.14164	0.946658	2
12	113000001	0.967918	0.946658	2
12	114000001	0.942664	0.946658	2
12	115000001	0.818218	0.946658	2
12	116000001	0.922936	0.946658	2
12	117000001	1.06984	0.946658	2
12	118000001	0.939945	0.946658	2
12	119000001	1.00073	0.946658	2
12	120000001	1.34874	1.11897	2
12	121000001	1.26354	1.11897	2
12	122000001	1.14251	1.11897	2
12	123000001	0.818479	1.11897	2
12	124000001	1.16251	1.11897	2
12	125000001	0.972882	1.11897	2
12	126000001	1.04015	1.11897	2
12	127000001	1.05248	1.11897	2
12	128000001	1.11897	1.11897	2
12	129000001	1.67595	1.60716	3
12	130000001	1.15894	1.60716	3
12	131000001	1.60716	1.60716	3
12	132000001	1.66888	1.60716	3
12	133000001	0.893274	1.60716	3
13	1	-1	-1	2
13	1000001	-1	-1	2
13	2000001	-1	-1	2
13	3000001	-1	-1	2
13	4000001	-1	-1	2
13	5000001	-1	-1	2
13	6000001	-1	-1	2
13	7000001	-1	-1	2
13	8000001	-1	-1	2
13	9000001	-1	-1	2
13	10000001	-1	-1	2
13	11000001	-1	-1	2
13	12000001	-1	-1	2
13	13000001	-1	-1	2
13	14000001	-1	-1	2
13	15000001	-1	-1	2
13	16000001	0.982639	0.983275	2
13	17000001	0.98391	0.983275	2
13	18000001	1.3457	1.21315	2
13	19000001	1.14861	1.21315	2
13	20000001	1.01798	1.21315	2
13	21000001	1.22608	1.21315	2
13	22000001	1.21315	1.21315	2
13	23000001	0.782823	0.979188	2
13	24000001	0.950313	0.979188	2
13	25000001	1.00806	0.979188	2
13	26000001	1.03165	0.979188	2
13	27000001	1.01142	0.979188	2
13	28000001	0.842016	0.979188	2
13	29000001	1.00811	0.979188	2
13	30000001	0.847529	0.979188	2
13	31000001	1.31026	1.17525	2
13	32000001	1.04025	1.17525	2
13	33000001	0.806694	0.951331	2
13	34000001	1.10723	0.951331	2
13	35000001	0.931354	0.951331	2
13	36000001	0.971307	0.951331	2
13	37000001	1.08938	0.951331	2
13	38000001	0.838457	0.951331	2
13	39000001	0.995623	0.951331	2
13	40000001	0.755558	0.951331	2
13	41000001	1.96068	1.96068	4
13	42000001	0.862306	1.08474	2
13	43000001	1.08474	1.08474	2
13	44000001	1.1436	1.08474	2
13	45000001	0.890671	0.908427	2
13	46000001	0.879658	0.908427	2
13	47000001	1.152	0.908427	2
13	48000001	0.964576	0.908427	2
13	49000001	0.929787	0.908427	2
13	50000001	0.887172	0.908427	2
13	51000001	1.05405	0.908427	2
13	52000001	0.92155	0.908427	2
13	53000001	0.908427	0.908427	2
13	54000001	0.851937	0.908427	2
13	55000001	0.791503	0.908427	2
13	56000001	0.818086	0.908427	2
13	57000001	0.804284	0.908427	2
13	58000001	0.990216	0.908427	2
13	59000001	0.886017	0.908427	2
13	60000001	1.04344	0.908427	2
13	61000001	0.830049	0.908427	2
13	62000001	0.882042	0.908427	2
13	63000001	0.789005	0.908427	2
13	64000001	0.916784	0.908427	2
13	65000001	1.06937	0.908427	2
13	66000001	0.845452	0.908427	2
13	67000001	0.861974	0.908427	2
13	68000001	0.855442	0.908427	2
13	69000001	0.840299	0.908427	2
13	70000001	0.838359	0.908427	2
13	71000001	1.34947	0.908427	2
13	72000001	1.01746	0.908427	2
13	73000001	0.839753	0.908427	2
13	74000001	1.18389	0.908427	2
13	75000001	1.12543	0.908427	2
13	76000001	0.979915	0.908427	2
13	77000001	0.990995	0.908427	2
13	78000001	0.899281	0.908427	2
13	79000001	1.31036	0.908427	2
13	80000001	0.84819	0.908427	2
13	81000001	0.94401	0.908427	2
13	82000001	1.05652	0.908427	2
13	83000001	0.929879	0.908427	2
13	84000001	1.0888	0.908427	2
13	85000001	0.821284	0.908427	2
13	86000001	1.30472	0.908427	2
13	87000001	0.896135	0.908427	2
13	88000001	0.723136	0.74701	1
13	89000001	0.784754	0.74701	1
13	90000001	0.74701	0.74701	1
13	91000001	0.713429	0.74701	1
13	92000001	0.848735	0.74701	1
13	93000001	0.848039	0.74701	1
13	94000001	0.910523	0.74701	1
13	95000001	0.745395	0.74701	1
13	96000001	0.73834	0.74701	1
13	97000001	1.04956	1.04956	2
13	98000001	0.85052	1.04956	2
13	99000001	1.09099	1.04956	2
13	100000001	0.713116	0.788242	2
13	101000001	0.738251	0.788242	2
13	102000001	0.764807	0.788242	2
13	103000001	0.884703	0.788242	2
13	104000001	0.795996	0.788242	2
13	105000001	0.933214	0.788242	2
13	106000001	0.663057	0.788242	2
13	107000001	0.788242	0.788242	2
13	108000001	0.862437	0.788242	2
13	109000001	1.01062	1.00909	2
13	110000001	1.00909	1.00909	2
13	111000001	0.908991	1.00909	2
13	112000001	1.21766	1.21766	2
13	113000001	1.38782	1.21766	2
13	114000001	1.00148	1.21766	2
14	1	-1	-1	2
14	1000001	-1	-1	2
14	2000001	-1	-1	2
14	3000001	-1	-1	2
14	4000001	-1	-1	2
14	5000001	-1	-1	2
14	6000001	-1	-1	2
14	7000001	-1	-1	2
14	8000001	-1	-1	2
14	9000001	-1	-1	2
14	10000001	-1	-1	2
14	11000001	-1	-1	2
14	12000001	-1	-1	2
14	13000001	-1	-1	2
14	14000001	-1	-1	2
14	15000001	-1	-1	2
14	16000001	1.21256	1.03124	2
14	17000001	1.11461	1.03124	2
14	18000001	1.12844	1.03124	2
14	19000001	1.02443	1.03124	2
14	20000001	0.805978	1.03124	2
14	21000001	0.788964	1.03124	2
14	22000001	1.02472	1.03124	2
14	23000001	1.03655	1.03124	2
14	24000001	1.1449	1.03124	2
14	25000001	0.841818	1.03124	2
14	26000001	1.13779	1.03124	2
14	27000001	0.854899	1.03124	2
14	28000001	0.9733	1.03124	2
14	29000001	1.16452	1.03124	2
14	30000001	1.01445	1.03124	2
14	31000001	1.27311	1.03124	2
14	32000001	1.05342	1.03124	2
14	33000001	0.828878	1.03124	2
14	34000001	1.47345	1.03124	2
14	35000001	0.97718	1.03124	2
14	36000001	0.811471	1.03124	2
14	37000001	0.826932	1.03124	2
14	38000001	1.21406	1.03124	2
14	39000001	1.06397	1.03124	2
14	40000001	1.02594	1.03124	2
14	41000001	1.08553	1.03124	2
14	42000001	0.843601	0.912539	2
14	43000001	0.791825	0.912539	2
14	44000001	0.935084	0.912539	2
14	45000001	1.09586	0.912539	2
14	46000001	0.838809	0.912539	2
14	47000001	0.730852	0.912539	2
14	48000001	0.958078	0.912539	2
14	49000001	1.05937	0.912539	2
14	50000001	0.889994	0.912539	2
14	51000001	0.827516	0.912539	2
14	52000001	1.2064	0.912539	2
14	53000001	1.10867	0.912539	2
14	54000001	0.863517	0.912539	2
14	55000001	1.06966	0.912539	2
14	56000001	0.828498	0.912539	2
14	57000001	0.746803	0.912539	2
14	58000001	0.940216	0.912539	2
14	59000001	0.965875	0.912539	2
14	60000001	2.69538	2.69538	5
14	61000001	0.948627	0.993701	2
14	62000001	0.98051	0.993701	2
14	63000001	0.685852	0.993701	2
14	64000001	0.760723	0.993701	2
14	65000001	1.12762	0.993701	2
14	66000001	1.02924	0.993701	2
14	67000001	1.01391	0.993701	2
14	68000001	0.990367	0.993701	2
14	69000001	1.0134	0.993701	2
14	70000001	1.06275	0.993701	2
14	71000001	0.995951	0.993701	2
14	72000001	0.98729	0.993701	2
14	73000001	0.955296	0.993701	2
14	74000001	0.917745	0.993701	2
14	75000001	1.23068	0.993701	2
14	76000001	1.06014	0.993701	2
14	77000001	1.02844	0.993701	2
14	78000001	1.09056	0.993701	2
14	79000001	0.765835	0.993701	2
14	80000001	0.836415	0.993701	2
14	81000001	0.916831	0.993701	2
14	82000001	0.727419	0.993701	2
14	83000001	0.877422	0.993701	2
14	84000001	0.898116	0.993701	2
14	85000001	0.91236	0.993701	2
14	86000001	1.24946	0.993701	2
14	87000001	0.891948	0.993701	2
14	88000001	0.945936	0.993701	2
14	89000001	1.05942	0.993701	2
14	90000001	1.06965	0.993701	2
14	91000001	0.964523	0.993701	2
14	92000001	1.00264	0.993701	2
14	93000001	1.18926	0.993701	2
14	94000001	1.0204	0.993701	2
14	95000001	0.848512	0.993701	2
14	96000001	1.06489	0.993701	2
14	97000001	1.03868	0.993701	2
14	98000001	0.991452	0.993701	2
14	99000001	0.926738	0.993701	2
14	100000001	0.985054	0.993701	2
14	101000001	1.00074	0.993701	2
14	102000001	1.19675	0.993701	2
14	103000001	1.06341	0.993701	2
14	104000001	1.02851	0.993701	2
14	105000001	1.17951	0.993701	2
14	106000001	0.789209	0.993701	2
14	107000001	-1	-1	2
15	1	-1	-1	2
15	1000001	-1	-1	2
15	2000001	-1	-1	2
15	3000001	-1	-1	2
15	4000001	-1	-1	2
15	5000001	-1	-1	2
15	6000001	-1	-1	2
15	7000001	-1	-1	2
15	8000001	-1	-1	2
15	9000001	-1	-1	2
15	10000001	-1	-1	2
15	11000001	-1	-1	2
15	12000001	-1	-1	2
15	13000001	-1	-1	2
15	14000001	-1	-1	2
15	15000001	-1	-1	2
15	16000001	-1	-1	2
15	17000001	1.23596	1.23596	2
15	18000001	0.89115	1.23596	2
15	19000001	0.941541	1.23596	2
15	20000001	1.55143	1.23596	2
15	21000001	1.65918	1.23596	2
15	22000001	1.03294	1.00338	2
15	23000001	1.00338	1.00338	2
15	24000001	0.839518	1.00338	2
15	25000001	1.056	1.00338	2
15	26000001	0.764039	1.00338	2
15	27000001	1.17597	1.1079	2
15	28000001	1.01128	1.1079	2
15	29000001	1.07979	1.1079	2
15	30000001	1.19824	1.1079	2
15	31000001	1.0385	1.1079	2
15	32000001	1.13601	1.1079	2
15	33000001	0.946828	0.925226	2
15	34000001	0.839023	0.925226	2
15	35000001	0.992389	0.925226	2
15	36000001	0.980922	0.925226	2
15	37000001	0.917608	0.925226	2
15	38000001	0.932843	0.925226	2
15	39000001	0.700632	0.925226	2
15	40000001	0.996989	0.925226	2
15	41000001	0.797244	0.925226	2
15	42000001	0.869079	0.925226	2
15	43000001	1.25308	1.0933	2
15	44000001	1.06201	1.0933	2
15	45000001	1.0933	1.0933	2
15	46000001	0.774776	0.786086	2
15	47000001	0.797396	0.786086	2
15	48000001	0.833916	0.786086	2
15	49000001	0.762255	0.786086	2
15	50000001	1.32605	0.968562	2
15	51000001	0.968562	0.968562	2
15	52000001	0.972769	0.968562	2
15	53000001	0.979693	0.968562	2
15	54000001	0.926467	0.968562	2
15	55000001	0.91874	0.968562	2
15	56000001	0.936774	0.968562	2
15	57000001	0.700294	0.968562	2
15	58000001	1.10271	0.968562	2
15	59000001	0.972602	0.968562	2
15	60000001	0.804303	0.968562	2
15	61000001	1.16008	0.968562	2
15	62000001	0.941059	0.968562	2
15	63000001	1.11202	0.968562	2
15	64000001	1.02445	0.968562	2
15	65000001	0.903009	0.968562	2
15	66000001	1.08809	0.968562	2
15	67000001	0.886408	0.968562	2
15	68000001	1.21856	0.968562	2
15	69000001	0.914935	0.968562	2
15	70000001	1.07326	0.968562	2
15	71000001	0.7622	0.968562	2
15	72000001	0.828871	0.968562	2
15	73000001	1.15223	1.116	2
15	74000001	1.116	1.116	2
15	75000001	1.13733	1.116	2
15	76000001	0.861728	1.116	2
15	77000001	1.00994	1.116	2
15	78000001	1.25793	1.25684	3
15	79000001	1.25684	1.25684	3
15	80000001	1.12545	1.25684	3
15	81000001	0.674234	0.908822	2
15	82000001	0.844642	0.908822	2
15	83000001	0.908822	0.908822	2
15	84000001	0.935321	0.908822	2
15	85000001	0.916835	0.908822	2
15	86000001	1.18403	1.12594	2
15	87000001	0.893523	1.12594	2
15	88000001	1.06785	1.12594	2
15	89000001	1.36511	1.12594	2
15	90000001	0.86227	0.888829	2
15	91000001	0.982866	0.888829	2
15	92000001	1.00759	0.888829	2
15	93000001	0.889223	0.888829	2
15	94000001	0.888829	0.888829	2
15	95000001	0.748081	0.888829	2
15	96000001	0.849265	0.888829	2
15	97000001	1.13961	1.13961	2
15	98000001	0.967783	1.13961	2
15	99000001	0.813629	1.13961	2
15	100000001	1.18646	1.13961	2
15	101000001	1.16763	1.13961	2
16	1	0.860514	1.00488	2
16	1000001	1.12612	1.00488	2
16	2000001	1.19318	1.00488	2
16	3000001	1.00019	1.00488	2
16	4000001	0.88874	1.00488	2
16	5000001	0.905427	1.00488	2
16	6000001	1.20044	1.00488	2
16	7000001	1.17973	1.00488	2
16	8000001	1.16503	1.00488	2
16	9000001	0.982793	1.00488	2
16	10000001	1.63778	1.00488	2
16	11000001	1.28684	1.00488	2
16	12000001	1.00433	1.00488	2
16	13000001	0.706334	1.00488	2
16	14000001	0.692282	1.00488	2
16	15000001	1.06754	1.00488	2
16	16000001	1.10155	1.00488	2
16	17000001	1.02725	1.00488	2
16	18000001	0.959811	1.00488	2
16	19000001	1.25955	1.00488	2
16	20000001	0.903074	1.00488	2
16	21000001	0.980937	1.00488	2
16	22000001	0.911887	1.00488	2
16	23000001	1.64629	1.00488	2
16	24000001	0.981657	1.00488	2
16	25000001	1.1793	1.00488	2
16	26000001	1.15959	1.00488	2
16	27000001	1.00488	1.00488	2
16	28000001	1.09744	1.00488	2
16	29000001	1.02112	1.00488	2
16	30000001	0.908584	1.00488	2
16	31000001	0.947819	1.00488	2
16	32000001	0.965747	1.00488	2
16	33000001	1.32691	1.62141	3
16	34000001	1.91592	1.62141	3
16	35000001	1.11061	0.996941	2
16	36000001	0.923714	0.996941	2
16	37000001	0.777376	0.996941	2
16	38000001	1.07017	0.996941	2
16	39000001	-1	-1	2
16	40000001	-1	-1	2
16	41000001	-1	-1	2
16	42000001	-1	-1	2
16	43000001	-1	-1	2
16	44000001	-1	-1	2
16	45000001	-1	-1	2
16	46000001	3.92163	3.92163	8
16	47000001	1.18628	0.966966	2
16	48000001	0.759335	0.966966	2
16	49000001	0.780857	0.966966	2
16	50000001	1.10524	0.966966	2
16	51000001	0.972074	0.966966	2
16	52000001	1.22319	0.966966	2
16	53000001	0.736437	0.966966	2
16	54000001	0.807692	0.966966	2
16	55000001	1.10689	0.966966	2
16	56000001	0.990576	0.966966	2
16	57000001	1.58657	0.966966	2
16	58000001	0.917266	0.966966	2
16	59000001	0.830736	0.966966	2
16	60000001	0.845669	0.966966	2
16	61000001	0.966966	0.966966	2
16	62000001	0.839541	0.966966	2
16	63000001	0.714162	0.966966	2
16	64000001	0.671489	0.966966	2
16	65000001	1.11516	0.966966	2
16	66000001	0.936551	0.966966	2
16	67000001	0.940049	0.966966	2
16	68000001	1.03323	0.966966	2
16	69000001	1.05784	0.966966	2
16	70000001	0.860055	0.966966	2
16	71000001	1.05184	0.966966	2
16	72000001	0.977639	0.966966	2
16	73000001	1.02739	0.966966	2
16	74000001	1.43646	1.12391	2
16	75000001	1.25548	1.12391	2
16	76000001	1.13497	1.12391	2
16	77000001	1.08536	1.12391	2
16	78000001	1.26907	1.12391	2
16	79000001	0.927674	1.12391	2
16	80000001	1.11285	1.12391	2
16	81000001	1.28689	1.12391	2
16	82000001	0.9736	1.12391	2
16	83000001	0.838598	1.12391	2
16	84000001	1.48856	1.31554	3
16	85000001	1.2781	1.31554	3
16	86000001	1.53502	1.31554	3
16	87000001	0.88289	1.31554	3
16	88000001	1.62334	1.31554	3
16	89000001	1.31554	1.31554	3
16	90000001	1.07948	1.31554	3
17	1	1.25076	1.00053	2
17	1000001	1.20031	1.00053	2
17	2000001	1.14384	1.00053	2
17	3000001	1.06115	1.00053	2
17	4000001	1.45615	1.00053	2
17	5000001	1.07478	1.00053	2
17	6000001	1.06848	1.00053	2
17	7000001	1.40852	1.00053	2
17	8000001	0.992944	1.00053	2
17	9000001	0.952134	1.00053	2
17	10000001	0.961619	1.00053	2
17	11000001	0.788082	1.00053	2
17	12000001	0.907874	1.00053	2
17	13000001	1.05348	1.00053	2
17	14000001	0.897342	1.00053	2
17	15000001	1.13221	1.00053	2
17	16000001	1.20325	1.00053	2
17	17000001	0.950362	1.00053	2
17	18000001	1.25301	1.00053	2
17	19000001	0.924491	1.00053	2
17	20000001	1.21864	1.00053	2
17	21000001	0.809497	1.00053	2
17	22000001	0.733123	1.00053	2
17	23000001	0.964681	1.00053	2
17	24000001	1.06844	1.00053	2
17	25000001	1.1705	1.00053	2
17	26000001	1.73348	1.00053	2
17	27000001	1.10695	1.00053	2
17	28000001	0.972938	1.00053	2
17	29000001	0.803322	1.00053	2
17	30000001	0.755103	1.00053	2
17	31000001	1.07781	1.00053	2
17	32000001	1.10547	1.00053	2
17	33000001	0.80455	1.00053	2
17	34000001	1.07334	1.00053	2
17	35000001	0.855308	1.00053	2
17	36000001	1.15134	1.00053	2
17	37000001	1.05953	1.00053	2
17	38000001	1.34226	1.00053	2
17	39000001	0.920715	1.00053	2
17	40000001	1.27438	1.00053	2
17	41000001	1.11986	1.00053	2
17	42000001	1.11432	1.00053	2
17	43000001	0.976786	1.00053	2
17	44000001	1.12119	1.00053	2
17	45000001	1.22116	1.00053	2
17	46000001	0.958586	1.00053	2
17	47000001	1.08655	1.00053	2
17	48000001	0.927532	1.00053	2
17	49000001	1.1194	1.00053	2
17	50000001	1.25022	1.00053	2
17	51000001	0.904981	1.00053	2
17	52000001	0.860529	1.00053	2
17	53000001	0.782085	1.00053	2
17	54000001	0.809951	1.00053	2
17	55000001	1.00053	1.00053	2
17	56000001	0.935842	1.00053	2
17	57000001	0.747378	1.00053	2
17	58000001	1.04701	1.00053	2
17	59000001	1.02583	1.00053	2
17	60000001	0.905605	1.00053	2
17	61000001	1.26042	1.00053	2
17	62000001	1.80264	1.00053	2
17	63000001	0.890522	1.00053	2
17	64000001	0.831273	1.00053	2
17	65000001	0.987788	1.00053	2
17	66000001	0.978457	1.00053	2
17	67000001	0.876531	1.00053	2
17	68000001	0.876777	1.00053	2
17	69000001	0.897124	1.00053	2
17	70000001	0.903627	1.00053	2
17	71000001	0.773351	1.00053	2
17	72000001	0.955813	1.00053	2
17	73000001	1.11995	1.00053	2
17	74000001	1.28207	1.00053	2
17	75000001	0.974183	1.00053	2
17	76000001	1.01943	1.00053	2
17	77000001	2.09456	1.1723	2
17	78000001	1.24758	1.1723	2
17	79000001	1.03875	1.1723	2
17	80000001	1.09702	1.1723	2
17	81000001	3.49667	3.49667	7
17	82000001	1.18885	1.09052	2
17	83000001	0.992191	1.09052	2
18	1	1.67441	1.67441	3
18	1000001	0.848024	0.977608	2
18	2000001	0.828846	0.977608	2
18	3000001	1.31465	0.977608	2
18	4000001	0.861974	0.977608	2
18	5000001	0.981786	0.977608	2
18	6000001	1.07121	0.977608	2
18	7000001	0.886764	0.977608	2
18	8000001	1.00113	0.977608	2
18	9000001	1.04017	0.977608	2
18	10000001	1.05304	0.977608	2
18	11000001	0.995756	0.977608	2
18	12000001	0.951884	0.977608	2
18	13000001	1.00962	0.977608	2
18	14000001	1.21343	0.977608	2
18	15000001	0.79683	0.977608	2
18	16000001	1.06262	0.977608	2
18	17000001	0.856499	0.977608	2
18	18000001	1.0547	0.977608	2
18	19000001	1.03174	0.977608	2
18	20000001	0.973431	0.977608	2
18	21000001	0.755188	0.977608	2
18	22000001	0.845359	0.977608	2
18	23000001	0.95704	0.977608	2
18	24000001	0.852085	0.977608	2
18	25000001	0.834938	0.977608	2
18	26000001	1.03806	0.977608	2
18	27000001	1.16818	1.23187	2
18	28000001	1.23187	1.23187	2
18	29000001	1.48643	1.23187	2
18	30000001	1.00638	0.895778	2
18	31000001	0.857873	0.895778	2
18	32000001	0.887824	0.895778	2
18	33000001	0.848266	0.895778	2
18	34000001	1.12569	0.895778	2
18	35000001	0.903731	0.895778	2
18	36000001	1.1947	0.895778	2
18	37000001	1.10452	0.895778	2
18	38000001	0.814516	0.895778	2
18	39000001	0.772292	0.895778	2
18	40000001	0.911288	0.895778	2
18	41000001	0.831405	0.895778	2
18	42000001	1.08063	1.02507	2
18	43000001	0.947344	1.02507	2
18	44000001	1.68161	1.02507	2
18	45000001	1.06486	1.02507	2
18	46000001	1.02547	1.02507	2
18	47000001	0.887044	1.02507	2
18	48000001	1.09455	1.02507	2
18	49000001	1.17251	1.02507	2
18	50000001	0.982938	1.02507	2
18	51000001	1.03386	1.02507	2
18	52000001	0.947559	1.02507	2
18	53000001	1.17652	1.02507	2
18	54000001	1.01726	1.02507	2
18	55000001	0.986408	1.02507	2
18	56000001	0.801569	1.02507	2
18	57000001	1.05089	1.02507	2
18	58000001	0.865127	1.02507	2
18	59000001	1.02467	1.02507	2
18	60000001	1.21249	1.86938	4
18	61000001	2.52627	1.86938	4
18	62000001	0.974525	0.976543	2
18	63000001	0.859232	0.976543	2
18	64000001	0.895006	0.976543	2
18	65000001	0.927118	0.976543	2
18	66000001	0.976543	0.976543	2
18	67000001	0.674435	0.976543	2
18	68000001	0.983574	0.976543	2
18	69000001	0.983255	0.976543	2
18	70000001	0.982278	0.976543	2
18	71000001	0.980922	0.976543	2
18	72000001	0.988666	0.976543	2
18	73000001	0.756923	0.976543	2
18	74000001	0.929881	0.976543	2
18	75000001	1.05632	0.976543	2
18	76000001	0.994289	0.976543	2
18	77000001	1.89923	1.89923	4
18	78000001	0.894438	1.09349	2
18	79000001	1.14111	1.09349	2
18	80000001	1.09349	1.09349	2
19	1	1.16723	1.27974	3
19	1000001	1.39225	1.27974	3
19	2000001	0.939708	1.14445	2
19	3000001	0.930827	1.14445	2
19	4000001	1.11368	1.14445	2
19	5000001	1.2531	1.14445	2
19	6000001	1.17523	1.14445	2
19	7000001	1.37402	1.14445	2
19	8000001	0.908997	1.06303	2
19	9000001	1.21706	1.06303	2
19	10000001	0.879004	0.979977	2
19	11000001	1.09157	0.979977	2
19	12000001	0.971358	0.979977	2
19	13000001	0.730013	0.979977	2
19	14000001	1.40803	0.979977	2
19	15000001	0.988596	0.979977	2
19	16000001	0.994854	0.979977	2
19	17000001	0.765597	0.979977	2
19	18000001	1.13684	1.16071	2
19	19000001	1.44987	1.16071	2
19	20000001	1.16071	1.16071	2
19	21000001	0.897091	0.925499	2
19	22000001	0.995748	0.925499	2
19	23000001	0.878117	0.925499	2
19	24000001	1.01198	0.925499	2
19	25000001	1.23764	0.925499	2
19	26000001	1.07912	0.925499	2
19	27000001	0.884119	0.925499	2
19	28000001	0.832968	0.925499	2
19	29000001	0.925499	0.925499	2
19	30000001	1.14717	1.11686	2
19	31000001	1.04173	1.11686	2
19	32000001	1.08655	1.11686	2
19	33000001	1.1516	1.11686	2
19	34000001	1.05031	1.11686	2
19	35000001	1.01293	1.11686	2
19	36000001	1.23142	1.11686	2
19	37000001	1.2518	1.11686	2
19	38000001	0.968439	1.11686	2
19	39000001	1.29531	1.11686	2
19	40000001	1.03214	1.00292	2
19	41000001	0.926325	1.00292	2
19	42000001	0.826228	1.00292	2
19	43000001	1.03314	1.00292	2
19	44000001	1.00292	1.00292	2
19	45000001	1.31863	1.31863	3
19	46000001	1.19893	1.31863	3
19	47000001	1.33012	1.31863	3
19	48000001	1.07004	1.03816	2
19	49000001	0.89164	1.03816	2
19	50000001	1.22831	1.03816	2
19	51000001	1.05868	1.03816	2
19	52000001	1.03816	1.03816	2
19	53000001	0.984466	1.03816	2
19	54000001	1.18557	1.03816	2
19	55000001	0.971543	1.03816	2
19	56000001	0.952637	1.03816	2
19	57000001	1.19136	1.03816	2
19	58000001	0.952825	1.03816	2
2	1	0.901476	1.0026	2
2	1000001	1.2684	1.0026	2
2	2000001	0.91873	1.0026	2
2	3000001	1.18588	1.0026	2
2	4000001	0.903829	1.0026	2
2	5000001	0.883156	1.0026	2
2	6000001	1.23023	1.0026	2
2	7000001	0.973593	1.0026	2
2	8000001	0.984255	1.0026	2
2	9000001	1.20646	1.0026	2
2	10000001	1.00521	1.0026	2
2	11000001	1.08556	1.0026	2
2	12000001	1.05918	1.0026	2
2	13000001	0.740357	1.0026	2
2	14000001	0.83123	1.0026	2
2	15000001	1.01012	1.0026	2
2	16000001	1.36888	1.0026	2
2	17000001	0.885686	1.0026	2
2	18000001	1.14759	1.0026	2
2	19000001	1.07047	1.0026	2
2	20000001	1.45357	1.0026	2
2	21000001	0.891096	1.0026	2
2	22000001	0.892422	1.0026	2
2	23000001	1.0026	1.0026	2
2	24000001	1.01296	1.0026	2
2	25000001	0.913181	1.0026	2
2	26000001	1.14949	1.0026	2
2	27000001	1.00042	1.0026	2
2	28000001	1.01612	1.0026	2
2	29000001	0.835973	1.0026	2
2	30000001	0.999416	1.0026	2
2	31000001	1.06617	1.0026	2
2	32000001	1.00753	1.0026	2
2	33000001	1.11405	1.0026	2
2	34000001	0.953727	1.0026	2
2	35000001	1.09862	1.0026	2
2	36000001	0.996496	1.0026	2
2	37000001	0.877942	1.0026	2
2	38000001	0.867563	1.0026	2
2	39000001	1.00836	1.0026	2
2	40000001	1.11073	1.0026	2
2	41000001	1.01661	1.0026	2
2	42000001	1.00259	1.0026	2
2	43000001	1.11123	1.0026	2
2	44000001	0.905389	1.0026	2
2	45000001	1.05405	1.0026	2
2	46000001	1.1088	1.0026	2
2	47000001	0.946246	1.0026	2
2	48000001	1.08458	1.0026	2
2	49000001	1.22585	1.0026	2
2	50000001	0.858848	1.0026	2
2	51000001	0.778925	1.0026	2
2	52000001	0.856786	1.0026	2
2	53000001	0.960334	1.0026	2
2	54000001	0.853272	1.0026	2
2	55000001	1.13732	1.0026	2
2	56000001	0.986871	1.0026	2
2	57000001	1.97508	1.97508	4
2	58000001	0.70405	0.997169	2
2	59000001	0.825297	0.997169	2
2	60000001	0.993985	0.997169	2
2	61000001	1.07669	0.997169	2
2	62000001	0.957904	0.997169	2
2	63000001	1.10921	0.997169	2
2	64000001	0.9534	0.997169	2
2	65000001	0.951431	0.997169	2
2	66000001	0.787956	0.997169	2
2	67000001	1.03508	0.997169	2
2	68000001	1.43279	0.997169	2
2	69000001	1.18934	0.997169	2
2	70000001	1.16475	0.997169	2
2	71000001	1.31264	0.997169	2
2	72000001	0.957468	0.997169	2
2	73000001	0.819921	0.997169	2
2	74000001	1.25875	0.997169	2
2	75000001	0.78453	0.997169	2
2	76000001	1.06521	0.997169	2
2	77000001	0.997169	0.997169	2
2	78000001	1.01519	0.997169	2
2	79000001	1.04729	0.997169	2
2	80000001	0.7291	0.997169	2
2	81000001	0.847872	0.997169	2
2	82000001	1.03788	0.997169	2
2	83000001	2.42818	2.42818	5
2	84000001	0.891265	0.953692	2
2	85000001	0.975242	0.953692	2
2	86000001	0.831948	0.953692	2
2	87000001	1.02403	0.953692	2
2	88000001	0.595966	0.953692	2
2	89000001	0.91821	0.953692	2
2	90000001	1.10686	0.953692	2
2	91000001	1.05291	0.953692	2
2	92000001	0.813766	0.953692	2
2	93000001	0.954365	0.953692	2
2	94000001	1.12911	0.953692	2
2	95000001	0.931568	0.953692	2
2	96000001	1.13506	0.953692	2
2	97000001	1.11372	0.953692	2
2	98000001	1.2618	0.953692	2
2	99000001	1.50802	0.953692	2
2	100000001	0.949585	0.953692	2
2	101000001	1.14057	0.953692	2
2	102000001	1.00178	0.953692	2
2	103000001	0.891265	0.953692	2
2	104000001	0.835473	0.953692	2
2	105000001	0.809933	0.953692	2
2	106000001	0.917446	0.953692	2
2	107000001	0.860834	0.953692	2
2	108000001	1.09622	0.953692	2
2	109000001	0.95302	0.953692	2
2	110000001	1.06407	0.953692	2
2	111000001	0.817176	0.953692	2
2	112000001	0.857047	0.953692	2
2	113000001	0.909809	0.953692	2
2	114000001	0.901178	0.953692	2
2	115000001	0.872687	0.953692	2
2	116000001	0.796562	0.953692	2
2	117000001	0.975471	0.953692	2
2	118000001	1.21101	0.953692	2
2	119000001	0.998933	0.953692	2
2	120000001	0.982475	0.953692	2
2	121000001	1.07065	0.953692	2
2	122000001	1.12317	0.953692	2
2	123000001	0.69793	0.953692	2
2	124000001	2.20387	2.20387	4
2	125000001	0.764011	0.886789	2
2	126000001	0.709838	0.886789	2
2	127000001	1.13994	0.886789	2
2	128000001	1.07892	0.886789	2
2	129000001	0.969303	0.886789	2
2	130000001	0.808676	0.886789	2
2	131000001	1.0324	0.886789	2
2	132000001	1.05898	0.886789	2
2	133000001	0.864778	0.886789	2
2	134000001	0.836846	0.886789	2
2	135000001	0.805069	0.886789	2
2	136000001	1.07422	0.886789	2
2	137000001	1.09526	0.886789	2
2	138000001	0.764313	0.886789	2
2	139000001	0.956903	0.886789	2
2	140000001	0.794938	0.886789	2
2	141000001	0.92697	0.886789	2
2	142000001	1.06457	0.886789	2
2	143000001	0.895569	0.886789	2
2	144000001	0.791839	0.886789	2
2	145000001	0.87801	0.886789	2
2	146000001	0.715359	0.886789	2
2	147000001	0.984933	0.886789	2
2	148000001	0.875646	0.886789	2
2	149000001	1.12875	1.44358	3
2	150000001	1.75841	1.44358	3
2	151000001	0.98812	0.959699	2
2	152000001	1.04936	0.959699	2
2	153000001	1.0008	0.959699	2
2	154000001	0.997788	0.959699	2
2	155000001	0.648072	0.959699	2
2	156000001	1.1191	0.959699	2
2	157000001	1.02103	0.959699	2
2	158000001	0.888156	0.959699	2
2	159000001	0.848903	0.959699	2
2	160000001	0.974303	0.959699	2
2	161000001	1.16456	0.959699	2
2	162000001	0.926841	0.959699	2
2	163000001	0.791342	0.959699	2
2	164000001	0.789966	0.959699	2
2	165000001	0.6804	0.959699	2
2	166000001	1.52665	0.959699	2
2	167000001	0.823255	0.959699	2
2	168000001	0.945095	0.959699	2
2	169000001	2.45366	2.45366	5
2	170000001	0.815363	1.02974	2
2	171000001	1.03353	1.02974	2
2	172000001	1.04096	1.02974	2
2	173000001	1.48872	1.02974	2
2	174000001	0.919057	1.02974	2
2	175000001	0.901853	1.02974	2
2	176000001	0.753411	1.02974	2
2	177000001	0.996582	1.02974	2
2	178000001	1.2212	1.02974	2
2	179000001	1.02974	1.02974	2
2	180000001	1.09728	1.02974	2
2	181000001	0.92889	0.886959	2
2	182000001	0.874288	0.886959	2
2	183000001	0.904202	0.886959	2
2	184000001	0.577447	0.886959	2
2	185000001	1.01619	0.886959	2
2	186000001	0.684284	0.886959	2
2	187000001	0.769814	0.886959	2
2	188000001	0.628675	0.886959	2
2	189000001	0.95206	0.886959	2
2	190000001	0.989362	0.886959	2
2	191000001	0.827675	0.886959	2
2	192000001	0.886959	0.886959	2
2	193000001	1.02225	0.886959	2
2	194000001	3.66242	3.66242	7
2	195000001	1.15472	0.935646	2
2	196000001	0.917555	0.935646	2
2	197000001	1.26563	0.935646	2
2	198000001	1.15029	0.935646	2
2	199000001	0.916374	0.935646	2
2	200000001	0.964711	0.935646	2
2	201000001	0.903552	0.935646	2
2	202000001	0.934911	0.935646	2
2	203000001	0.954141	0.935646	2
2	204000001	0.99531	0.935646	2
2	205000001	0.982091	0.935646	2
2	206000001	1.29711	0.935646	2
2	207000001	0.658962	0.935646	2
2	208000001	1.19123	0.935646	2
2	209000001	0.790807	0.935646	2
2	210000001	1.04721	0.935646	2
2	211000001	0.906861	0.935646	2
2	212000001	0.925313	0.935646	2
2	213000001	0.816831	0.935646	2
2	214000001	0.700249	0.935646	2
2	215000001	0.930495	0.935646	2
2	216000001	0.796081	0.935646	2
2	217000001	0.899185	0.935646	2
2	218000001	1.03699	0.935646	2
2	219000001	1.1453	0.935646	2
2	220000001	0.583703	0.935646	2
2	221000001	0.961595	0.935646	2
2	222000001	0.934735	0.935646	2
2	223000001	0.936381	0.935646	2
2	224000001	0.941118	0.935646	2
2	225000001	1.90223	1.90223	4
2	226000001	0.929416	0.942121	2
2	227000001	1.1363	0.942121	2
2	228000001	0.924199	0.942121	2
2	229000001	0.91536	0.942121	2
2	230000001	1.19056	0.942121	2
2	231000001	1.0487	0.942121	2
2	232000001	0.942121	0.942121	2
2	233000001	0.802977	0.942121	2
2	234000001	1.0904	0.942121	2
2	235000001	1.42732	1.2017	2
2	236000001	0.993632	1.2017	2
2	237000001	1.08926	1.2017	2
2	238000001	1.85092	1.2017	2
2	239000001	1.10874	1.2017	2
2	240000001	1.29466	1.2017	2
2	241000001	1.50086	1.2017	2
2	242000001	1.03179	1.2017	2
20	1	3.00537	3.00537	6
20	1000001	0.906819	0.999627	2
20	2000001	0.931341	0.999627	2
20	3000001	1.20299	0.999627	2
20	4000001	0.924292	0.999627	2
20	5000001	1.06618	0.999627	2
20	6000001	1.05984	0.999627	2
20	7000001	0.980826	0.999627	2
20	8000001	1.07496	0.999627	2
20	9000001	0.8248	0.999627	2
20	10000001	0.980034	0.999627	2
20	11000001	1.18513	0.999627	2
20	12000001	0.939599	0.999627	2
20	13000001	0.761301	0.999627	2
20	14000001	0.979539	0.999627	2
20	15000001	0.992751	0.999627	2
20	16000001	1.09286	0.999627	2
20	17000001	1.08632	0.999627	2
20	18000001	1.0152	0.999627	2
20	19000001	1.11645	0.999627	2
20	20000001	1.08741	0.999627	2
20	21000001	0.959691	0.999627	2
20	22000001	1.0065	0.999627	2
20	23000001	0.877391	0.771998	2
20	24000001	0.666605	0.771998	2
20	25000001	1.06917	0.771998	2
20	26000001	0.571468	0.771998	2
20	27000001	0.5026	0.662457	1
20	28000001	0.822314	0.662457	1
20	29000001	1.03162	0.956253	2
20	30000001	0.996214	0.956253	2
20	31000001	0.748595	0.956253	2
20	32000001	1.12184	0.956253	2
20	33000001	0.884945	0.956253	2
20	34000001	0.913522	0.956253	2
20	35000001	0.956253	0.956253	2
20	36000001	1.14347	0.956253	2
20	37000001	0.978713	0.956253	2
20	38000001	1.15853	0.956253	2
20	39000001	0.79051	0.956253	2
20	40000001	0.935582	0.956253	2
20	41000001	0.984656	0.956253	2
20	42000001	0.93877	0.956253	2
20	43000001	0.856452	0.956253	2
20	44000001	1.1855	1.1855	2
20	45000001	1.1865	1.1855	2
20	46000001	1.12434	1.1855	2
20	47000001	1.19141	1.1855	2
20	48000001	1.25794	1.1855	2
20	49000001	0.98286	1.1855	2
20	50000001	1.1433	1.1855	2
20	51000001	0.950662	0.91077	2
20	52000001	1.05195	0.91077	2
20	53000001	0.760641	0.91077	2
20	54000001	0.793618	0.91077	2
20	55000001	0.854691	0.91077	2
20	56000001	0.686023	0.91077	2
20	57000001	0.91077	0.91077	2
20	58000001	1.13563	0.91077	2
20	59000001	0.968155	0.91077	2
20	60000001	0.87795	0.91077	2
20	61000001	1.04578	0.91077	2
20	62000001	1.3	1.35567	3
20	63000001	1.35567	1.35567	3
20	64000001	1.65886	1.35567	3
21	1	-1	-1	3
21	1000001	-1	-1	3
21	2000001	-1	-1	3
21	3000001	-1	-1	3
21	4000001	-1	-1	3
21	5000001	1.54664	1.33274	3
21	6000001	1.11883	1.33274	3
21	7000001	2.11518	2.1599	4
21	8000001	2.20463	2.1599	4
21	9000001	1.12941	0.990584	2
21	10000001	1.77528	0.990584	2
21	11000001	1.09837	0.990584	2
21	12000001	0.967102	0.990584	2
21	13000001	0.969013	0.990584	2
21	14000001	1.13406	0.990584	2
21	15000001	0.756147	0.990584	2
21	16000001	1.71915	0.990584	2
21	17000001	0.90107	0.990584	2
21	18000001	0.838828	0.990584	2
21	19000001	0.815128	0.990584	2
21	20000001	1.11214	0.990584	2
21	21000001	0.920933	0.990584	2
21	22000001	1.11758	0.990584	2
21	23000001	0.943019	0.990584	2
21	24000001	0.829607	0.990584	2
21	25000001	0.861423	0.990584	2
21	26000001	0.81257	0.990584	2
21	27000001	0.841392	0.990584	2
21	28000001	1.19449	0.990584	2
21	29000001	1.15123	0.990584	2
21	30000001	0.856338	0.990584	2
21	31000001	1.00196	0.990584	2
21	32000001	0.852964	0.990584	2
21	33000001	0.993055	0.990584	2
21	34000001	0.939433	0.990584	2
21	35000001	1.35944	0.990584	2
21	36000001	1.0434	0.990584	2
21	37000001	0.678982	0.990584	2
21	38000001	0.819845	0.990584	2
21	39000001	0.988113	0.990584	2
21	40000001	1.42875	0.990584	2
21	41000001	1.2253	0.990584	2
21	42000001	1.0352	0.990584	2
21	43000001	1.44463	0.990584	2
21	44000001	0.853785	0.990584	2
21	45000001	1.1993	0.990584	2
21	46000001	1.08259	0.990584	2
22	1	-1	-1	2
22	1000001	-1	-1	2
22	2000001	-1	-1	2
22	3000001	-1	-1	2
22	4000001	-1	-1	2
22	5000001	-1	-1	2
22	6000001	-1	-1	2
22	7000001	-1	-1	2
22	8000001	-1	-1	2
22	9000001	-1	-1	2
22	10000001	0.995274	1.13701	2
22	11000001	1.07361	1.13701	2
22	12000001	1.3393	1.13701	2
22	13000001	1.12095	1.13701	2
22	14000001	1.15308	1.13701	2
22	15000001	1.02716	1.13701	2
22	16000001	1.17327	1.13701	2
22	17000001	1.22295	1.13701	2
22	18000001	2.1133	2.1133	4
22	19000001	0.915911	1.00823	2
22	20000001	1.13334	1.00823	2
22	21000001	1.06007	1.00823	2
22	22000001	1.15541	1.00823	2
22	23000001	0.883249	1.00823	2
22	24000001	1.12633	1.00823	2
22	25000001	1.00037	1.00823	2
22	26000001	1.01397	1.00823	2
22	27000001	0.826192	1.00823	2
22	28000001	1.0471	1.00823	2
22	29000001	0.994766	1.00823	2
22	30000001	1.25405	1.00823	2
22	31000001	1.00248	1.00823	2
22	32000001	1.1508	1.00823	2
22	33000001	0.870469	1.00823	2
22	34000001	0.881225	1.00823	2
22	35000001	1.34481	1.08695	2
22	36000001	1.07496	1.08695	2
22	37000001	1.03842	1.08695	2
22	38000001	1.00927	1.08695	2
22	39000001	0.988278	1.08695	2
22	40000001	1.10265	1.08695	2
22	41000001	1.09895	1.08695	2
22	42000001	1.04841	1.08695	2
22	43000001	1.12029	1.08695	2
22	44000001	1.24862	1.08695	2
22	45000001	1.05349	1.08695	2
22	46000001	1.12825	1.08695	2
22	47000001	0.936758	1.08695	2
22	48000001	1.1997	1.08695	2
22	49000001	0.944782	1.08695	2
22	50000001	1.2322	1.08695	2
3	1	1.01794	0.961408	2
3	1000001	0.855354	0.961408	2
3	2000001	0.818427	0.961408	2
3	3000001	0.963284	0.961408	2
3	4000001	0.869907	0.961408	2
3	5000001	0.810303	0.961408	2
3	6000001	1.50197	0.961408	2
3	7000001	0.940393	0.961408	2
3	8000001	0.863117	0.961408	2
3	9000001	0.781412	0.961408	2
3	10000001	1.00093	0.961408	2
3	11000001	0.970281	0.961408	2
3	12000001	1.15723	0.961408	2
3	13000001	1.13849	0.961408	2
3	14000001	1.04088	0.961408	2
3	15000001	0.989119	0.961408	2
3	16000001	0.909623	0.961408	2
3	17000001	1.19506	0.961408	2
3	18000001	1.26226	0.961408	2
3	19000001	0.79089	0.961408	2
3	20000001	0.992514	0.961408	2
3	21000001	0.832442	0.961408	2
3	22000001	0.947756	0.961408	2
3	23000001	0.979146	0.961408	2
3	24000001	0.959532	0.961408	2
3	25000001	1.15193	0.961408	2
3	26000001	0.801148	0.961408	2
3	27000001	0.834212	0.961408	2
3	28000001	0.914369	0.961408	2
3	29000001	0.98868	0.961408	2
3	30000001	1.05725	0.961408	2
3	31000001	0.806961	0.961408	2
3	32000001	0.916655	0.961408	2
3	33000001	0.797617	0.961408	2
3	34000001	1.04928	0.961408	2
3	35000001	1.11179	0.961408	2
3	36000001	0.890529	0.961408	2
3	37000001	0.918709	0.961408	2
3	38000001	0.97275	0.961408	2
3	39000001	1.07008	0.961408	2
3	40000001	0.852755	0.961408	2
3	41000001	1.00781	0.961408	2
3	42000001	1.24244	1.09246	2
3	43000001	0.807271	1.09246	2
3	44000001	1.03039	1.09246	2
3	45000001	1.09246	1.09246	2
3	46000001	0.968017	1.09246	2
3	47000001	1.23095	1.09246	2
3	48000001	1.16989	1.09246	2
3	49000001	1.07376	1.09246	2
3	50000001	1.27824	1.09246	2
3	51000001	0.825731	1.09246	2
3	52000001	1.34388	1.09246	2
3	53000001	1.14568	1.09246	2
3	54000001	1.04974	1.09246	2
3	55000001	1.00868	0.925639	2
3	56000001	0.960081	0.925639	2
3	57000001	1.00034	0.925639	2
3	58000001	1.01712	0.925639	2
3	59000001	0.971543	0.925639	2
3	60000001	0.881405	0.925639	2
3	61000001	0.7297	0.925639	2
3	62000001	1.09884	0.925639	2
3	63000001	0.871124	0.925639	2
3	64000001	1.04537	0.925639	2
3	65000001	0.809584	0.925639	2
3	66000001	0.856612	0.925639	2
3	67000001	1.06937	0.925639	2
3	68000001	0.757549	0.925639	2
3	69000001	0.891709	0.925639	2
3	70000001	0.822794	0.925639	2
3	71000001	0.840425	0.925639	2
3	72000001	1.07953	0.925639	2
3	73000001	0.843035	0.925639	2
3	74000001	0.902798	0.925639	2
3	75000001	1.01277	0.925639	2
3	76000001	0.784241	0.925639	2
3	77000001	1.09755	0.925639	2
3	78000001	0.803333	0.925639	2
3	79000001	0.810215	0.925639	2
3	80000001	1.23972	0.925639	2
3	81000001	0.728231	0.925639	2
3	82000001	1.0156	0.925639	2
3	83000001	1.05711	0.925639	2
3	84000001	0.990484	0.925639	2
3	85000001	0.664768	0.925639	2
3	86000001	0.844763	0.925639	2
3	87000001	0.806502	0.925639	2
3	88000001	0.760152	0.925639	2
3	89000001	0.767182	0.925639	2
3	90000001	0.94406	0.925639	2
3	91000001	1.02746	0.925639	2
3	92000001	0.821479	0.925639	2
3	93000001	0.807972	0.925639	2
3	94000001	0.999724	0.925639	2
3	95000001	0.871032	0.925639	2
3	96000001	0.916132	0.925639	2
3	97000001	1.22142	0.925639	2
3	98000001	1.00465	0.925639	2
3	99000001	1.04188	0.925639	2
3	100000001	0.968908	0.925639	2
3	101000001	1.05881	0.925639	2
3	102000001	1.07313	0.925639	2
3	103000001	0.897502	0.925639	2
3	104000001	0.776395	0.925639	2
3	105000001	0.906316	0.925639	2
3	106000001	0.900339	0.925639	2
3	107000001	1.15415	0.925639	2
3	108000001	1.14825	0.925639	2
3	109000001	0.935147	0.925639	2
3	110000001	0.801136	0.925639	2
3	111000001	1.31559	0.925639	2
3	112000001	0.815363	0.925639	2
3	113000001	0.943369	0.925639	2
3	114000001	1.03494	0.925639	2
3	115000001	0.696682	0.760649	2
3	116000001	0.771326	0.760649	2
3	117000001	0.760649	0.760649	2
3	118000001	0.726016	0.760649	2
3	119000001	0.833171	0.760649	2
3	120000001	1.11124	1.00796	2
3	121000001	0.817275	1.00796	2
3	122000001	1.05484	1.00796	2
3	123000001	0.986338	1.00796	2
3	124000001	1.14781	1.00796	2
3	125000001	1.02823	1.00796	2
3	126000001	0.862089	1.00796	2
3	127000001	0.932123	1.00796	2
3	128000001	0.984141	1.00796	2
3	129000001	1.00796	1.00796	2
3	130000001	0.868761	1.00796	2
3	131000001	0.892886	1.00796	2
3	132000001	1.08704	1.00796	2
3	133000001	1.15046	1.00796	2
3	134000001	0.989922	1.00796	2
3	135000001	0.646088	1.00796	2
3	136000001	0.943392	1.00796	2
3	137000001	1.02735	1.00796	2
3	138000001	1.29626	1.00796	2
3	139000001	1.17972	1.00796	2
3	140000001	1.03911	1.00796	2
3	141000001	1.2255	1.00796	2
3	142000001	0.962666	1.00796	2
3	143000001	1.66507	1.66507	3
3	144000001	0.831933	0.942432	2
3	145000001	0.951638	0.942432	2
3	146000001	1.07903	0.942432	2
3	147000001	0.849177	0.942432	2
3	148000001	1.10762	0.942432	2
3	149000001	0.909443	0.942432	2
3	150000001	0.820078	0.942432	2
3	151000001	0.959299	0.942432	2
3	152000001	0.941929	0.942432	2
3	153000001	0.942934	0.942432	2
3	154000001	1.07124	0.942432	2
3	155000001	1.11877	0.942432	2
3	156000001	0.783585	0.942432	2
3	157000001	0.819645	0.942432	2
3	158000001	0.86604	0.942432	2
3	159000001	0.998036	0.942432	2
3	160000001	0.928401	0.942432	2
3	161000001	1.042	0.942432	2
3	162000001	0.84019	0.942432	2
3	163000001	0.921015	0.942432	2
3	164000001	0.97697	0.942432	2
3	165000001	1.15972	0.942432	2
3	166000001	0.956623	0.942432	2
3	167000001	1.05186	0.942432	2
3	168000001	0.697782	0.942432	2
3	169000001	1.21936	0.942432	2
3	170000001	0.895206	0.942432	2
3	171000001	0.994185	0.942432	2
3	172000001	0.753322	0.942432	2
3	173000001	1.07461	0.942432	2
3	174000001	0.90577	0.942432	2
3	175000001	1.11309	0.942432	2
3	176000001	1.02883	0.942432	2
3	177000001	0.864834	0.942432	2
3	178000001	0.798634	0.942432	2
3	179000001	0.948256	0.942432	2
3	180000001	0.901188	0.942432	2
3	181000001	1.19947	0.942432	2
3	182000001	0.883301	0.942432	2
3	183000001	0.93168	0.942432	2
3	184000001	1.04587	0.942432	2
3	185000001	0.726472	0.942432	2
3	186000001	1.78247	1.78247	4
3	187000001	0.891806	1.00876	2
3	188000001	1.24754	1.00876	2
3	189000001	1.08222	1.00876	2
3	190000001	1.00993	1.00876	2
3	191000001	0.669586	1.00876	2
3	192000001	0.891001	1.00876	2
3	193000001	1.00876	1.00876	2
3	194000001	1.3843	1.21073	2
3	195000001	1.21073	1.21073	2
3	196000001	1.10166	1.21073	2
3	197000001	0.83222	1.69717	3
3	198000001	2.56212	1.69717	3
4	1	1.04872	0.990612	2
4	1000001	1.16105	0.990612	2
4	2000001	1.2252	0.990612	2
4	3000001	0.719696	0.990612	2
4	4000001	0.983311	0.990612	2
4	5000001	1.08115	0.990612	2
4	6000001	1.21185	0.990612	2
4	7000001	1.33346	0.990612	2
4	8000001	0.894339	0.990612	2
4	9000001	1.02723	0.990612	2
4	10000001	0.846975	0.990612	2
4	11000001	0.819176	0.990612	2
4	12000001	1.17792	0.990612	2
4	13000001	0.868772	0.990612	2
4	14000001	1.49131	0.990612	2
4	15000001	0.971772	0.990612	2
4	16000001	1.01547	0.990612	2
4	17000001	0.893875	0.990612	2
4	18000001	1.04523	0.990612	2
4	19000001	0.964989	0.990612	2
4	20000001	0.853632	0.990612	2
4	21000001	0.929394	0.990612	2
4	22000001	1.12859	0.990612	2
4	23000001	0.93733	0.990612	2
4	24000001	0.966839	0.990612	2
4	25000001	0.943012	0.990612	2
4	26000001	1.15957	0.990612	2
4	27000001	1.15847	0.990612	2
4	28000001	1.00417	0.990612	2
4	29000001	0.825377	0.990612	2
4	30000001	0.803667	0.990612	2
4	31000001	1.1639	0.990612	2
4	32000001	1.1087	0.990612	2
4	33000001	0.787904	0.990612	2
4	34000001	0.900598	0.990612	2
4	35000001	1.04164	0.990612	2
4	36000001	0.756452	0.990612	2
4	37000001	0.990612	0.990612	2
4	38000001	1.02392	0.990612	2
4	39000001	4.80614	4.80614	10
4	40000001	1.00733	1.00733	2
4	41000001	0.895293	1.00733	2
4	42000001	1.20814	1.00733	2
4	43000001	2.56057	2.56057	5
4	44000001	0.763565	0.886907	2
4	45000001	1.21442	0.886907	2
4	46000001	0.730172	0.886907	2
4	47000001	0.879534	0.886907	2
4	48000001	0.89428	0.886907	2
4	49000001	1.14035	0.886907	2
4	50000001	0.63926	0.886907	2
4	51000001	0.707171	0.886907	2
4	52000001	0.942059	0.886907	2
4	53000001	0.877832	0.886907	2
4	54000001	0.800926	0.886907	2
4	55000001	0.933716	0.886907	2
4	56000001	0.96051	0.886907	2
4	57000001	0.900493	0.886907	2
4	58000001	0.722473	0.886907	2
4	59000001	0.96224	0.886907	2
4	60000001	1.1586	0.886907	2
4	61000001	0.911323	0.886907	2
4	62000001	0.661578	0.886907	2
4	63000001	1.2461	0.886907	2
4	64000001	0.739898	0.886907	2
4	65000001	0.683444	0.886907	2
4	66000001	0.966364	0.886907	2
4	67000001	0.812891	0.886907	2
4	68000001	1.06629	0.886907	2
4	69000001	0.833884	0.886907	2
4	70000001	2.48477	2.48477	5
4	71000001	0.870777	1.015	2
4	72000001	1.24637	1.015	2
4	73000001	0.937193	1.015	2
4	74000001	1.00155	1.015	2
4	75000001	0.932175	1.015	2
4	76000001	1.0418	1.015	2
4	77000001	1.38211	1.015	2
4	78000001	0.863757	1.015	2
4	79000001	1.02845	1.015	2
4	80000001	1.23637	1.015	2
4	81000001	0.735334	0.939324	2
4	82000001	0.968017	0.939324	2
4	83000001	0.974616	0.939324	2
4	84000001	0.987964	0.939324	2
4	85000001	1.03921	0.939324	2
4	86000001	0.901317	0.939324	2
4	87000001	1.13743	0.939324	2
4	88000001	0.932413	0.939324	2
4	89000001	0.69358	0.939324	2
4	90000001	0.943255	0.939324	2
4	91000001	0.69716	0.939324	2
4	92000001	0.839437	0.939324	2
4	93000001	1.08083	0.939324	2
4	94000001	0.956253	0.939324	2
4	95000001	0.904003	0.939324	2
4	96000001	0.650143	0.939324	2
4	97000001	1.19585	0.939324	2
4	98000001	0.815517	0.939324	2
4	99000001	1.13437	0.939324	2
4	100000001	0.810147	0.939324	2
4	101000001	1.1689	0.939324	2
4	102000001	0.84561	0.939324	2
4	103000001	0.988222	0.939324	2
4	104000001	1.96141	0.939324	2
4	105000001	0.771746	0.939324	2
4	106000001	0.987565	0.939324	2
4	107000001	1.04415	0.939324	2
4	108000001	0.974188	0.939324	2
4	109000001	1.2965	0.939324	2
4	110000001	1.04215	0.939324	2
4	111000001	0.819355	0.939324	2
4	112000001	1.03275	0.939324	2
4	113000001	0.828612	0.939324	2
4	114000001	1.22978	0.939324	2
4	115000001	0.920908	0.939324	2
4	116000001	0.835621	0.939324	2
4	117000001	1.10952	0.939324	2
4	118000001	1.01468	0.939324	2
4	119000001	0.761097	0.939324	2
4	120000001	0.79241	0.939324	2
4	121000001	0.900351	0.939324	2
4	122000001	1.01151	0.939324	2
4	123000001	1.18498	0.939324	2
4	124000001	1.09359	0.939324	2
4	125000001	0.923738	0.939324	2
4	126000001	0.986526	0.939324	2
4	127000001	0.844904	0.939324	2
4	128000001	0.968508	0.939324	2
4	129000001	0.839158	0.939324	2
4	130000001	1.21748	0.939324	2
4	131000001	0.865709	0.939324	2
4	132000001	1.16546	0.939324	2
4	133000001	0.711937	0.939324	2
4	134000001	0.892398	0.939324	2
4	135000001	0.858577	0.939324	2
4	136000001	0.819943	0.939324	2
4	137000001	0.764657	0.939324	2
4	138000001	1.20403	0.939324	2
4	139000001	1.17514	0.939324	2
4	140000001	0.892782	0.939324	2
4	141000001	0.849702	0.939324	2
4	142000001	0.912833	0.939324	2
4	143000001	0.963052	0.939324	2
4	144000001	0.877146	0.939324	2
4	145000001	0.985543	0.939324	2
4	146000001	0.839052	0.939324	2
4	147000001	1.04605	0.939324	2
4	148000001	1.3056	0.939324	2
4	149000001	0.945298	0.939324	2
4	150000001	0.658488	0.939324	2
4	151000001	0.879842	0.939324	2
4	152000001	1.10048	0.939324	2
4	153000001	0.897847	0.939324	2
4	154000001	0.735114	0.939324	2
4	155000001	0.899146	0.939324	2
4	156000001	0.935394	0.939324	2
4	157000001	0.66389	0.939324	2
4	158000001	0.917286	0.939324	2
4	159000001	0.845548	0.939324	2
4	160000001	0.609367	0.939324	2
4	161000001	0.933358	0.939324	2
4	162000001	1.06443	0.939324	2
4	163000001	0.964484	0.939324	2
4	164000001	0.965554	0.939324	2
4	165000001	1.03861	0.939324	2
4	166000001	0.84726	0.939324	2
4	167000001	1.05481	0.939324	2
4	168000001	0.816188	0.939324	2
4	169000001	0.882428	0.939324	2
4	170000001	1.04241	0.939324	2
4	171000001	0.829561	0.939324	2
4	172000001	1.06974	0.939324	2
4	173000001	1.0464	0.939324	2
4	174000001	0.710803	0.939324	2
4	175000001	1.12097	0.939324	2
4	176000001	1.44775	0.939324	2
4	177000001	0.934354	0.939324	2
4	178000001	0.799765	0.939324	2
4	179000001	0.991096	0.939324	2
4	180000001	1.21948	0.939324	2
4	181000001	0.690105	0.939324	2
4	182000001	1.05374	0.939324	2
4	183000001	1.03447	0.939324	2
4	184000001	0.934019	0.939324	2
4	185000001	0.842872	0.939324	2
4	186000001	0.963904	0.939324	2
4	187000001	0.967533	0.939324	2
4	188000001	0.992913	0.939324	2
4	189000001	1.95928	1.91828	4
4	190000001	1.87728	1.91828	4
5	1	1.67877	1.58716	3
5	1000001	1.49556	1.58716	3
5	2000001	1.24122	0.969015	2
5	3000001	1.05314	0.969015	2
5	4000001	0.778129	0.969015	2
5	5000001	0.899385	0.969015	2
5	6000001	1.23058	0.969015	2
5	7000001	0.81522	0.969015	2
5	8000001	0.949634	0.969015	2
5	9000001	0.870426	0.969015	2
5	10000001	1.17703	0.969015	2
5	11000001	1.16415	0.969015	2
5	12000001	1.14813	0.969015	2
5	13000001	0.982676	0.969015	2
5	14000001	1.09008	0.969015	2
5	15000001	0.840228	0.969015	2
5	16000001	0.966215	0.969015	2
5	17000001	1.0199	0.969015	2
5	18000001	0.86977	0.969015	2
5	19000001	0.822399	0.969015	2
5	20000001	1.19928	0.969015	2
5	21000001	1.21936	0.969015	2
5	22000001	0.869321	0.969015	2
5	23000001	0.871822	0.969015	2
5	24000001	0.783948	0.969015	2
5	25000001	0.832865	0.969015	2
5	26000001	0.781725	0.969015	2
5	27000001	0.977154	0.969015	2
5	28000001	0.724926	0.969015	2
5	29000001	0.82918	0.969015	2
5	30000001	0.719305	0.969015	2
5	31000001	0.917391	0.969015	2
5	32000001	1.1441	0.969015	2
5	33000001	1.34924	0.969015	2
5	34000001	0.74059	0.969015	2
5	35000001	0.971986	0.969015	2
5	36000001	0.756868	0.969015	2
5	37000001	1.10623	0.969015	2
5	38000001	0.965807	0.969015	2
5	39000001	0.794276	0.969015	2
5	40000001	0.907645	0.969015	2
5	41000001	1.1869	0.969015	2
5	42000001	1.01487	0.969015	2
5	43000001	0.955364	0.969015	2
5	44000001	0.766957	0.969015	2
5	45000001	0.978471	0.969015	2
5	46000001	0.879313	0.969015	2
5	47000001	1.13551	0.969015	2
5	48000001	0.971815	0.969015	2
5	49000001	1.0834	0.969015	2
5	50000001	1.01446	0.969015	2
5	51000001	1.11367	0.969015	2
5	52000001	1.30213	0.969015	2
5	53000001	0.79841	0.969015	2
5	54000001	1.27786	0.969015	2
5	55000001	0.916106	0.969015	2
5	56000001	1.1108	0.969015	2
5	57000001	0.99854	0.969015	2
5	58000001	1.06183	0.969015	2
5	59000001	0.833649	0.969015	2
5	60000001	1.5928	1.5928	3
5	61000001	1.05682	0.894061	2
5	62000001	0.826583	0.894061	2
5	63000001	0.843592	0.894061	2
5	64000001	0.5977	0.894061	2
5	65000001	0.855779	0.894061	2
5	66000001	1.01848	0.894061	2
5	67000001	1.21001	0.894061	2
5	68000001	1.0334	0.894061	2
5	69000001	0.894061	0.894061	2
5	70000001	0.93296	0.894061	2
5	71000001	0.748002	0.894061	2
5	72000001	0.735364	0.894061	2
5	73000001	1.01515	0.894061	2
5	74000001	0.909884	0.894061	2
5	75000001	1.2291	0.894061	2
5	76000001	0.912927	0.894061	2
5	77000001	0.988447	0.894061	2
5	78000001	0.844986	0.894061	2
5	79000001	0.88309	0.894061	2
5	80000001	0.989791	0.894061	2
5	81000001	0.76881	0.894061	2
5	82000001	0.882991	0.894061	2
5	83000001	0.932523	0.894061	2
5	84000001	0.611013	0.894061	2
5	85000001	0.885643	0.894061	2
5	86000001	1.79596	1.79596	4
5	87000001	0.811809	0.945368	2
5	88000001	0.910337	0.945368	2
5	89000001	0.680096	0.945368	2
5	90000001	0.94454	0.945368	2
5	91000001	0.989901	0.945368	2
5	92000001	1.04368	0.945368	2
5	93000001	0.829729	0.945368	2
5	94000001	1.17949	0.945368	2
5	95000001	1.12474	0.945368	2
5	96000001	0.644212	0.945368	2
5	97000001	0.866378	0.945368	2
5	98000001	1.03171	0.945368	2
5	99000001	0.880356	0.945368	2
5	100000001	1.03261	0.945368	2
5	101000001	0.981645	0.945368	2
5	102000001	0.832554	0.945368	2
5	103000001	0.965164	0.945368	2
5	104000001	1.13012	0.945368	2
5	105000001	1.02235	0.945368	2
5	106000001	0.922183	0.945368	2
5	107000001	0.65326	0.945368	2
5	108000001	0.762619	0.945368	2
5	109000001	1.00949	0.945368	2
5	110000001	0.802426	0.945368	2
5	111000001	0.912414	0.945368	2
5	112000001	1.06952	0.945368	2
5	113000001	0.99144	0.945368	2
5	114000001	0.948688	0.945368	2
5	115000001	0.73949	0.945368	2
5	116000001	0.75959	0.945368	2
5	117000001	0.717709	0.945368	2
5	118000001	0.955741	0.945368	2
5	119000001	0.945368	0.945368	2
5	120000001	0.866115	0.945368	2
5	121000001	0.938522	0.945368	2
5	122000001	1.0294	0.945368	2
5	123000001	1.00366	0.945368	2
5	124000001	0.961105	0.945368	2
5	125000001	0.839498	0.945368	2
5	126000001	0.893137	0.945368	2
5	127000001	0.966093	0.945368	2
5	128000001	0.825699	0.945368	2
5	129000001	0.906726	0.945368	2
5	130000001	0.961031	0.945368	2
5	131000001	1.128	0.945368	2
5	132000001	0.965442	0.945368	2
5	133000001	0.931701	0.945368	2
5	134000001	0.943771	0.945368	2
5	135000001	0.896622	0.945368	2
5	136000001	1.04735	0.945368	2
5	137000001	1.13901	0.945368	2
5	138000001	0.998604	0.945368	2
5	139000001	1.24508	0.945368	2
5	140000001	1.18126	0.945368	2
5	141000001	0.874138	0.945368	2
5	142000001	1.7234	1.7234	3
5	143000001	1.09724	0.962867	2
5	144000001	1.03779	0.962867	2
5	145000001	1.21808	0.962867	2
5	146000001	1.18389	0.962867	2
5	147000001	0.903431	0.962867	2
5	148000001	0.937023	0.962867	2
5	149000001	1.46113	0.962867	2
5	150000001	1.12712	0.962867	2
5	151000001	0.998704	0.962867	2
5	152000001	0.838267	0.962867	2
5	153000001	0.77331	0.962867	2
5	154000001	1.47745	0.962867	2
5	155000001	0.976741	0.962867	2
5	156000001	0.916749	0.962867	2
5	157000001	0.925596	0.962867	2
5	158000001	0.920193	0.962867	2
5	159000001	1.15093	0.962867	2
5	160000001	0.873092	0.962867	2
5	161000001	0.828978	0.962867	2
5	162000001	1.09354	0.962867	2
5	163000001	0.796594	0.962867	2
5	164000001	0.835993	0.962867	2
5	165000001	0.962867	0.962867	2
5	166000001	0.988061	0.962867	2
5	167000001	0.881188	0.962867	2
5	168000001	0.951417	0.962867	2
5	169000001	0.9077	0.962867	2
5	170000001	1.14301	0.962867	2
5	171000001	0.98113	0.962867	2
5	172000001	1.25865	0.962867	2
5	173000001	0.982636	0.962867	2
5	174000001	0.962041	0.962867	2
5	175000001	0.784196	0.962867	2
5	176000001	1.14559	1.17145	2
5	177000001	1.15167	1.17145	2
5	178000001	1.19123	1.17145	2
5	179000001	1.04959	1.17145	2
5	180000001	1.19139	1.17145	2
5	181000001	1.45984	1.17145	2
6	1	0.963219	0.970851	2
6	1000001	1.12484	0.970851	2
6	2000001	0.987833	0.970851	2
6	3000001	0.819228	0.970851	2
6	4000001	0.846373	0.970851	2
6	5000001	1.08923	0.970851	2
6	6000001	1.20542	0.970851	2
6	7000001	0.882366	0.970851	2
6	8000001	0.736985	0.970851	2
6	9000001	0.78703	0.970851	2
6	10000001	1.28305	0.970851	2
6	11000001	1.04498	0.970851	2
6	12000001	0.746874	0.970851	2
6	13000001	1.04511	0.970851	2
6	14000001	0.880482	0.970851	2
6	15000001	0.796237	0.970851	2
6	16000001	1.0177	0.970851	2
6	17000001	0.937148	0.970851	2
6	18000001	1.07519	0.970851	2
6	19000001	0.926617	0.970851	2
6	20000001	0.953934	0.970851	2
6	21000001	0.944425	0.970851	2
6	22000001	1.13928	0.970851	2
6	23000001	1.07155	0.970851	2
6	24000001	0.857764	0.970851	2
6	25000001	0.914697	0.970851	2
6	26000001	0.922321	0.970851	2
6	27000001	0.832949	0.970851	2
6	28000001	1.04403	0.970851	2
6	29000001	0.939278	0.970851	2
6	30000001	0.826657	0.970851	2
6	31000001	0.879887	0.970851	2
6	32000001	1.05265	0.970851	2
6	33000001	1.05851	0.970851	2
6	34000001	1.02692	0.970851	2
6	35000001	1.07888	0.970851	2
6	36000001	1.01575	0.970851	2
6	37000001	0.970851	0.970851	2
6	38000001	0.863698	0.970851	2
6	39000001	0.997945	0.970851	2
6	40000001	1.20555	0.970851	2
6	41000001	1.18077	0.970851	2
6	42000001	0.984869	0.970851	2
6	43000001	1.00675	0.970851	2
6	44000001	1.02865	0.970851	2
6	45000001	0.829857	0.970851	2
6	46000001	1.09728	0.970851	2
6	47000001	0.721771	0.970851	2
6	48000001	1.05317	0.970851	2
6	49000001	0.928899	0.970851	2
6	50000001	1.05392	0.970851	2
6	51000001	0.951969	0.970851	2
6	52000001	0.849293	0.970851	2
6	53000001	1.12112	1.19852	2
6	54000001	1.23968	1.19852	2
6	55000001	1.28588	1.19852	2
6	56000001	1.15737	1.19852	2
6	57000001	0.952477	0.868296	2
6	58000001	0.710222	0.868296	2
6	59000001	0.73631	0.868296	2
6	60000001	0.982017	0.868296	2
6	61000001	0.870145	0.868296	2
6	62000001	0.944962	0.868296	2
6	63000001	0.79719	0.868296	2
6	64000001	0.572274	0.868296	2
6	65000001	0.889368	0.868296	2
6	66000001	0.88033	0.868296	2
6	67000001	0.980248	0.868296	2
6	68000001	0.960785	0.868296	2
6	69000001	0.696238	0.868296	2
6	70000001	0.683132	0.868296	2
6	71000001	0.830873	0.868296	2
6	72000001	0.833465	0.868296	2
6	73000001	0.986413	0.868296	2
6	74000001	0.948111	0.868296	2
6	75000001	0.799081	0.868296	2
6	76000001	1.14909	0.868296	2
6	77000001	0.962312	0.868296	2
6	78000001	0.868296	0.868296	2
6	79000001	0.960302	0.868296	2
6	80000001	0.697587	0.868296	2
6	81000001	0.798979	0.868296	2
6	82000001	0.849036	0.868296	2
6	83000001	1.15459	0.868296	2
6	84000001	0.784796	0.868296	2
6	85000001	0.968525	0.868296	2
6	86000001	0.887451	0.868296	2
6	87000001	0.733456	0.868296	2
6	88000001	0.857374	0.868296	2
6	89000001	0.820768	0.868296	2
6	90000001	1.1176	0.868296	2
6	91000001	0.841096	0.868296	2
6	92000001	0.925023	0.868296	2
6	93000001	0.712896	0.868296	2
6	94000001	0.942559	0.978182	2
6	95000001	0.97036	0.978182	2
6	96000001	1.1196	0.978182	2
6	97000001	0.958749	0.978182	2
6	98000001	0.99281	0.978182	2
6	99000001	0.93606	0.978182	2
6	100000001	1.01058	0.978182	2
6	101000001	0.952636	0.978182	2
6	102000001	1.01105	0.978182	2
6	103000001	1.2245	0.978182	2
6	104000001	0.937962	0.978182	2
6	105000001	1.03642	0.978182	2
6	106000001	0.978182	0.978182	2
6	107000001	1.17584	1.15923	2
6	108000001	1.14263	1.15923	2
6	109000001	1.22427	1.15923	2
6	110000001	1.09553	1.15923	2
6	111000001	0.79499	0.851481	2
6	112000001	1.06878	0.851481	2
6	113000001	0.530964	0.851481	2
6	114000001	0.851481	0.851481	2
6	115000001	0.939806	0.851481	2
6	116000001	1.12522	1.12155	2
6	117000001	1.20849	1.12155	2
6	118000001	0.972256	1.12155	2
6	119000001	1.11789	1.12155	2
6	120000001	0.841294	0.841636	2
6	121000001	0.742643	0.841636	2
6	122000001	0.717221	0.841636	2
6	123000001	0.992056	0.841636	2
6	124000001	1.00271	0.841636	2
6	125000001	0.9178	0.841636	2
6	126000001	0.81065	0.841636	2
6	127000001	0.744391	0.841636	2
6	128000001	0.819305	0.841636	2
6	129000001	0.955997	0.841636	2
6	130000001	0.945059	0.841636	2
6	131000001	1.08866	0.841636	2
6	132000001	0.841977	0.841636	2
6	133000001	0.721062	0.841636	2
6	134000001	0.798263	0.841636	2
6	135000001	0.808889	0.841636	2
6	136000001	0.924125	0.841636	2
6	137000001	1.02912	0.841636	2
6	138000001	0.952764	0.841636	2
6	139000001	0.690519	0.841636	2
6	140000001	0.980499	0.968424	2
6	141000001	0.961804	0.968424	2
6	142000001	1.23147	0.968424	2
6	143000001	1.0562	0.968424	2
6	144000001	0.952532	0.968424	2
6	145000001	0.831773	0.968424	2
6	146000001	0.996097	0.968424	2
6	147000001	0.998452	0.968424	2
6	148000001	0.890506	0.968424	2
6	149000001	0.88406	0.968424	2
6	150000001	0.949362	0.968424	2
6	151000001	1.05554	0.968424	2
6	152000001	1.02057	0.968424	2
6	153000001	0.905009	0.968424	2
6	154000001	0.788741	0.968424	2
6	155000001	0.968424	0.968424	2
6	156000001	0.910973	0.968424	2
6	157000001	1.02257	0.968424	2
6	158000001	1.03941	0.968424	2
6	159000001	0.973224	0.968424	2
6	160000001	0.933258	0.968424	2
6	161000001	1.0236	0.968424	2
6	162000001	1.12121	0.968424	2
6	163000001	0.842025	0.968424	2
6	164000001	0.910232	0.968424	2
6	165000001	0.999109	0.968424	2
6	166000001	0.930552	0.968424	2
6	167000001	1.33505	1.25326	3
6	168000001	0.909124	1.25326	3
6	169000001	1.24638	1.25326	3
6	170000001	1.26015	1.25326	3
7	1	1.06289	1.2723	3
7	1000001	1.48171	1.2723	3
7	2000001	0.942824	1.00207	2
7	3000001	0.97773	1.00207	2
7	4000001	1.43849	1.00207	2
7	5000001	1.02642	1.00207	2
7	6000001	0.959396	1.00207	2
7	7000001	1.2785	1.00207	2
7	8000001	0.974601	1.00207	2
7	9000001	1.03127	1.00207	2
7	10000001	0.872692	0.861683	2
7	11000001	0.928426	0.861683	2
7	12000001	0.843912	0.861683	2
7	13000001	0.735307	0.861683	2
7	14000001	0.850674	0.861683	2
7	15000001	0.888153	0.861683	2
7	16000001	0.8903	0.861683	2
7	17000001	0.835314	0.861683	2
7	18000001	1.07509	1.14277	2
7	19000001	1.14277	1.14277	2
7	20000001	1.42066	1.14277	2
7	21000001	0.791382	1.14277	2
7	22000001	1.32368	1.14277	2
7	23000001	0.633663	0.970608	2
7	24000001	1.13636	0.970608	2
7	25000001	0.964187	0.970608	2
7	26000001	1.19353	0.970608	2
7	27000001	0.897602	0.970608	2
7	28000001	0.898408	0.970608	2
7	29000001	0.969309	0.970608	2
7	30000001	1.0385	0.970608	2
7	31000001	0.868088	0.970608	2
7	32000001	0.997074	0.970608	2
7	33000001	0.789765	0.970608	2
7	34000001	0.975568	0.970608	2
7	35000001	1.15564	0.970608	2
7	36000001	1.00662	0.970608	2
7	37000001	0.810985	0.970608	2
7	38000001	0.970608	0.970608	2
7	39000001	0.610268	0.970608	2
7	40000001	0.881516	0.970608	2
7	41000001	1.21347	0.970608	2
7	42000001	1.07727	0.970608	2
7	43000001	1.30253	0.970608	2
7	44000001	1.1855	0.970608	2
7	45000001	0.729653	0.970608	2
7	46000001	0.910523	0.970608	2
7	47000001	1.08269	0.970608	2
7	48000001	0.609903	0.970608	2
7	49000001	1.13734	0.970608	2
7	50000001	0.934184	0.970608	2
7	51000001	1.04378	0.970608	2
7	52000001	1.07773	0.970608	2
7	53000001	0.823205	0.970608	2
7	54000001	1.62387	1.31636	3
7	55000001	1.02415	1.31636	3
7	56000001	1.31636	1.31636	3
7	57000001	1.03635	0.899412	2
7	58000001	1.03965	0.899412	2
7	59000001	0.853213	0.899412	2
7	60000001	0.748984	0.899412	2
7	61000001	0.813268	0.899412	2
7	62000001	0.94561	0.899412	2
7	63000001	1.0507	1.05494	2
7	64000001	1.12635	1.05494	2
7	65000001	1.41063	1.05494	2
7	66000001	0.889632	1.05494	2
7	67000001	1.05919	1.05494	2
7	68000001	1.34333	1.05494	2
7	69000001	0.839466	1.05494	2
7	70000001	1.37183	1.05494	2
7	71000001	0.887421	1.05494	2
7	72000001	1.01522	1.05494	2
7	73000001	1.25497	1.05494	2
7	74000001	1.03607	1.05494	2
7	75000001	0.819777	0.929166	2
7	76000001	1.14294	0.929166	2
7	77000001	0.972232	0.929166	2
7	78000001	0.731878	0.929166	2
7	79000001	0.840295	0.929166	2
7	80000001	0.954845	0.929166	2
7	81000001	0.909419	0.929166	2
7	82000001	0.948476	0.929166	2
7	83000001	0.764177	0.929166	2
7	84000001	1.00159	0.929166	2
7	85000001	0.929575	0.929166	2
7	86000001	1.08877	0.929166	2
7	87000001	0.928757	0.929166	2
7	88000001	0.657977	0.929166	2
7	89000001	1.01595	0.929166	2
7	90000001	0.869779	0.929166	2
7	91000001	0.983456	0.929166	2
7	92000001	1.36298	0.929166	2
7	93000001	1.094	0.929166	2
7	94000001	0.80826	0.929166	2
7	95000001	0.845598	0.929166	2
7	96000001	0.919755	0.929166	2
7	97000001	0.8838	0.929166	2
7	98000001	1.00077	0.929166	2
7	99000001	1.18983	0.929166	2
7	100000001	0.965929	0.929166	2
7	101000001	1.29647	0.929166	2
7	102000001	0.983732	0.929166	2
7	103000001	0.989682	0.929166	2
7	104000001	1.09543	0.929166	2
7	105000001	0.866587	0.929166	2
7	106000001	0.849584	0.929166	2
7	107000001	1.19468	0.929166	2
7	108000001	0.794334	0.929166	2
7	109000001	0.933667	0.929166	2
7	110000001	0.821423	0.929166	2
7	111000001	0.814631	0.929166	2
7	112000001	1.269	0.929166	2
7	113000001	0.895195	0.929166	2
7	114000001	1.17522	0.929166	2
7	115000001	0.789036	0.929166	2
7	116000001	0.888914	0.929166	2
7	117000001	0.771001	0.929166	2
7	118000001	1.00299	0.929166	2
7	119000001	1.09254	0.929166	2
7	120000001	0.828414	0.929166	2
7	121000001	0.988439	0.929166	2
7	122000001	0.831229	0.929166	2
7	123000001	0.852097	0.929166	2
7	124000001	0.744953	0.929166	2
7	125000001	1.05176	0.929166	2
7	126000001	0.852464	0.929166	2
7	127000001	0.857889	0.929166	2
7	128000001	1.2421	0.929166	2
7	129000001	0.973847	0.929166	2
7	130000001	0.900003	0.929166	2
7	131000001	1.03196	0.929166	2
7	132000001	1.01052	0.929166	2
7	133000001	0.861185	0.929166	2
7	134000001	1.00154	0.929166	2
7	135000001	0.896845	0.929166	2
7	136000001	0.841653	0.929166	2
7	137000001	1.27961	1.14944	2
7	138000001	1.14944	1.14944	2
7	139000001	1.13789	1.14944	2
7	140000001	0.932168	1.14944	2
7	141000001	0.823792	1.14944	2
7	142000001	1.1709	1.14944	2
7	143000001	1.36197	1.14944	2
7	144000001	0.80443	0.802516	2
7	145000001	0.773151	0.802516	2
7	146000001	0.869296	0.802516	2
7	147000001	0.711363	0.802516	2
7	148000001	0.800601	0.802516	2
7	149000001	0.871677	0.802516	2
7	150000001	1.23763	1.10468	2
7	151000001	1.31696	1.10468	2
7	152000001	0.999723	1.10468	2
7	153000001	1.22609	1.10468	2
7	154000001	1.13405	1.10468	2
7	155000001	1.0454	1.10468	2
7	156000001	1.07531	1.10468	2
7	157000001	1.0005	1.10468	2
7	158000001	1.76412	1.61893	3
7	159000001	1.47374	1.61893	3
8	1	1.18658	1.10647	2
8	1000001	0.96603	1.10647	2
8	2000001	1.0789	1.10647	2
8	3000001	1.18382	1.10647	2
8	4000001	0.887886	1.10647	2
8	5000001	0.962393	1.10647	2
8	6000001	1.12447	1.10647	2
8	7000001	1.10647	1.10647	2
8	8000001	1.10778	1.10647	2
8	9000001	0.999076	1.10647	2
8	10000001	1.22261	1.10647	2
8	11000001	1.30256	1.10647	2
8	12000001	1.10596	1.10647	2
8	13000001	0.80414	1.01851	2
8	14000001	1.01142	1.01851	2
8	15000001	0.859553	1.01851	2
8	16000001	0.933097	1.01851	2
8	17000001	1.17054	1.01851	2
8	18000001	0.919922	1.01851	2
8	19000001	0.882861	1.01851	2
8	20000001	1.01399	1.01851	2
8	21000001	1.03656	1.01851	2
8	22000001	1.14311	1.01851	2
8	23000001	1.00102	1.01851	2
8	24000001	0.889107	1.01851	2
8	25000001	1.10085	1.01851	2
8	26000001	0.996057	1.01851	2
8	27000001	1.02303	1.01851	2
8	28000001	1.03774	1.01851	2
8	29000001	1.06629	1.01851	2
8	30000001	0.784161	1.01851	2
8	31000001	1.18673	1.01851	2
8	32000001	1.02626	1.01851	2
8	33000001	1.02577	1.01851	2
8	34000001	0.974937	1.01851	2
8	35000001	1.05837	1.01851	2
8	36000001	1.05724	1.01851	2
8	37000001	0.98777	1.01851	2
8	38000001	1.02455	1.01851	2
8	39000001	0.826932	0.941854	2
8	40000001	0.774511	0.941854	2
8	41000001	0.913517	0.941854	2
8	42000001	1.08241	0.941854	2
8	43000001	0.81557	0.941854	2
8	44000001	0.701274	0.941854	2
8	45000001	0.941854	0.941854	2
8	46000001	1.15571	0.941854	2
8	47000001	0.90298	0.941854	2
8	48000001	1.04157	0.941854	2
8	49000001	1.07978	0.941854	2
8	50000001	0.921857	0.941854	2
8	51000001	0.971952	0.941854	2
8	52000001	1.03754	0.941854	2
8	53000001	0.771947	0.941854	2
8	54000001	0.84382	0.941854	2
8	55000001	1.18129	0.941854	2
8	56000001	0.897039	0.941854	2
8	57000001	1.03816	0.941854	2
8	58000001	0.770863	0.941854	2
8	59000001	1.07311	0.941854	2
8	60000001	0.843505	0.941854	2
8	61000001	0.997336	0.941854	2
8	62000001	0.879898	0.941854	2
8	63000001	1.01478	0.941854	2
8	64000001	0.904671	0.941854	2
8	65000001	1.141	0.941854	2
8	66000001	0.838841	0.941854	2
8	67000001	0.783585	0.941854	2
8	68000001	1.12804	0.941854	2
8	69000001	0.854344	0.941854	2
8	70000001	0.947453	0.941854	2
8	71000001	0.972518	0.941854	2
8	72000001	0.912999	0.941854	2
8	73000001	0.97894	0.941854	2
8	74000001	1.07088	0.941854	2
8	75000001	0.739868	0.941854	2
8	76000001	0.861108	0.941854	2
8	77000001	0.773655	0.941854	2
8	78000001	0.824304	0.941854	2
8	79000001	1.093	0.941854	2
8	80000001	1.19526	0.941854	2
8	81000001	0.754905	0.941854	2
8	82000001	0.778082	0.941854	2
8	83000001	1.01773	0.941854	2
8	84000001	0.967174	0.941854	2
8	85000001	1.24745	0.941854	2
8	86000001	1.08344	0.941854	2
8	87000001	1.00735	0.941854	2
8	88000001	1.06346	0.941854	2
8	89000001	0.880987	0.941854	2
8	90000001	0.947692	0.941854	2
8	91000001	0.775067	0.941854	2
8	92000001	0.95392	0.941854	2
8	93000001	1.07696	0.941854	2
8	94000001	1.10251	0.941854	2
8	95000001	1.4094	0.941854	2
8	96000001	0.788341	0.941854	2
8	97000001	0.789555	0.941854	2
8	98000001	1.00701	0.941854	2
8	99000001	0.741012	0.941854	2
8	100000001	0.814566	0.941854	2
8	101000001	1.16427	0.941854	2
8	102000001	0.818202	0.941854	2
8	103000001	0.997235	0.941854	2
8	104000001	0.9993	0.941854	2
8	105000001	1.30037	0.941854	2
8	106000001	0.923656	0.941854	2
8	107000001	1.09199	0.941854	2
8	108000001	0.968203	0.941854	2
8	109000001	0.85161	0.941854	2
8	110000001	0.754277	0.941854	2
8	111000001	0.688039	0.941854	2
8	112000001	0.930915	0.941854	2
8	113000001	1.06607	0.941854	2
8	114000001	0.835107	0.941854	2
8	115000001	0.932226	0.941854	2
8	116000001	0.848366	0.941854	2
8	117000001	1.01194	0.941854	2
8	118000001	1.06002	0.941854	2
8	119000001	0.981712	0.941854	2
8	120000001	0.921414	0.941854	2
8	121000001	1.11456	0.941854	2
8	122000001	1.12762	0.941854	2
8	123000001	0.777533	0.941854	2
8	124000001	1.09605	0.941854	2
8	125000001	0.942649	0.941854	2
8	126000001	0.846116	0.941854	2
8	127000001	0.828577	0.941854	2
8	128000001	0.963674	0.941854	2
8	129000001	1.0797	0.941854	2
8	130000001	0.897673	0.941854	2
8	131000001	0.699347	0.941854	2
8	132000001	0.867442	0.941854	2
8	133000001	0.908888	0.941854	2
8	134000001	0.948468	0.941854	2
8	135000001	0.781535	0.941854	2
8	136000001	0.833385	0.941854	2
8	137000001	1.09019	0.941854	2
8	138000001	3.308	3.308	7
8	139000001	1.20275	1.04858	2
8	140000001	0.952015	1.04858	2
8	141000001	1.00248	1.04858	2
8	142000001	1.04858	1.04858	2
8	143000001	1.07349	1.04858	2
8	144000001	1.47897	1.04858	2
8	145000001	0.848039	1.04858	2
9	1	1.19257	1.12328	2
9	1000001	1.054	1.12328	2
9	2000001	1.21294	1.12328	2
9	3000001	1.05093	1.12328	2
9	4000001	0.901853	0.904778	2
9	5000001	1.04369	0.904778	2
9	6000001	0.850531	0.904778	2
9	7000001	0.867591	0.904778	2
9	8000001	1.10188	0.904778	2
9	9000001	0.766122	0.904778	2
9	10000001	1.02351	0.904778	2
9	11000001	0.907704	0.904778	2
9	12000001	0.791573	0.904778	2
9	13000001	0.863016	0.904778	2
9	14000001	1.17168	0.904778	2
9	15000001	0.940532	0.904778	2
9	16000001	1.06638	0.904778	2
9	17000001	0.753322	0.904778	2
9	18000001	0.933934	0.904778	2
9	19000001	0.926318	0.904778	2
9	20000001	0.758616	0.904778	2
9	21000001	1.04447	0.904778	2
9	22000001	0.743533	0.904778	2
9	23000001	0.846263	0.904778	2
9	24000001	0.869916	0.904778	2
9	25000001	0.766399	0.904778	2
9	26000001	1.0428	0.904778	2
9	27000001	0.889442	0.904778	2
9	28000001	0.885639	0.904778	2
9	29000001	0.943581	0.904778	2
9	30000001	1.15505	0.904778	2
9	31000001	1.0611	0.904778	2
9	32000001	0.982758	0.904778	2
9	33000001	0.760935	0.904778	2
9	34000001	1.18513	1.13587	2
9	35000001	1.04535	1.13587	2
9	36000001	1.06321	1.13587	2
9	37000001	1.23289	1.13587	2
9	38000001	1.13587	1.13587	2
9	39000001	0.69097	1.03447	2
9	40000001	1.03568	1.03447	2
9	41000001	1.03447	1.03447	2
9	42000001	0.93107	1.03447	2
9	43000001	1.12381	1.03447	2
9	44000001	1.36068	1.34643	3
9	45000001	1.33219	1.34643	3
9	46000001	-1	-1	2
9	47000001	-1	-1	2
9	48000001	-1	-1	2
9	49000001	-1	-1	2
9	50000001	-1	-1	2
9	51000001	-1	-1	2
9	52000001	-1	-1	2
9	53000001	-1	-1	2
9	54000001	-1	-1	2
9	55000001	-1	-1	2
9	56000001	-1	-1	2
9	57000001	-1	-1	2
9	58000001	-1	-1	2
9	59000001	-1	-1	2
9	60000001	0.898029	0.955375	2
9	61000001	0.955375	0.955375	2
9	62000001	0.785467	0.955375	2
9	63000001	0.969533	0.955375	2
9	64000001	0.980236	0.955375	2
9	65000001	1.07439	0.955375	2
9	66000001	0.649311	0.955375	2
9	67000001	0.993276	0.955375	2
9	68000001	0.847571	0.955375	2
9	69000001	1.02647	0.955375	2
9	70000001	1.13144	0.955375	2
9	71000001	1.04414	0.955375	2
9	72000001	0.846507	0.955375	2
9	73000001	1.02763	0.955375	2
9	74000001	0.67665	0.955375	2
9	75000001	1.11444	0.955375	2
9	76000001	0.878983	0.955375	2
9	77000001	0.653912	0.955375	2
9	78000001	0.750037	0.955375	2
9	79000001	0.870934	0.955375	2
9	80000001	1.02093	0.955375	2
9	81000001	0.937182	0.955375	2
9	82000001	1.06378	0.955375	2
9	83000001	0.968792	0.955375	2
9	84000001	0.802791	0.955375	2
9	85000001	1.11478	0.955375	2
9	86000001	0.983867	0.955375	2
9	87000001	0.986117	0.955375	2
9	88000001	0.838639	0.955375	2
9	89000001	1.23474	0.955375	2
9	90000001	0.944076	0.955375	2
9	91000001	0.904436	0.955375	2
9	92000001	0.907245	0.955375	2
9	93000001	1.08082	0.955375	2
9	94000001	0.718452	0.955375	2
9	95000001	1.10323	0.955375	2
9	96000001	1.07193	0.955375	2
9	97000001	0.968702	0.955375	2
9	98000001	0.788222	0.955375	2
9	99000001	1.07896	0.955375	2
9	100000001	0.913335	0.955375	2
9	101000001	0.850775	0.955375	2
9	102000001	1.38813	0.955375	2
9	103000001	0.967962	0.955375	2
9	104000001	0.807649	0.955375	2
9	105000001	0.979683	0.955375	2
9	106000001	0.821669	0.955375	2
9	107000001	0.999814	0.955375	2
9	108000001	0.888338	0.955375	2
9	109000001	0.967618	0.955375	2
9	110000001	0.894537	0.955375	2
9	111000001	0.708968	0.955375	2
9	112000001	1.0135	0.955375	2
9	113000001	1.11492	0.955375	2
9	114000001	0.976329	0.955375	2
9	115000001	0.900229	0.955375	2
9	116000001	0.772068	0.955375	2
9	117000001	0.755286	0.955375	2
9	118000001	0.741265	0.955375	2
9	119000001	0.956582	0.955375	2
9	120000001	0.953846	0.955375	2
9	121000001	1.34402	1.11144	2
9	122000001	1.07456	1.11144	2
9	123000001	0.912741	1.11144	2
9	124000001	0.982617	1.11144	2
9	125000001	1.08123	1.11144	2
9	126000001	1.17061	1.11144	2
9	127000001	1.13571	1.11144	2
9	128000001	1.09798	1.11144	2
9	129000001	1.39723	1.11144	2
9	130000001	1.01809	1.11144	2
9	131000001	0.972983	1.11144	2
9	132000001	1.15203	1.11144	2
9	133000001	1.1249	1.11144	2
9	134000001	1.27661	1.11144	2
9	135000001	0.957086	1.11144	2
9	136000001	1.66942	1.11144	2
9	137000001	1.1336	1.11144	2
9	138000001	0.902399	1.11144	2
X	1	0.937115	0.817579	2
X	1000001	0.698044	0.817579	2
X	2000001	0.517304	0.817579	2
X	3000001	0.95417	0.817579	2
X	4000001	0.513229	0.543008	1
X	5000001	0.576319	0.543008	1
X	6000001	0.543008	0.543008	1
X	7000001	0.552613	0.543008	1
X	8000001	0.459339	0.543008	1
X	9000001	0.84986	0.543008	1
X	10000001	0.533408	0.543008	1
X	11000001	1.26675	1.26675	3
X	12000001	0.555617	0.499057	1
X	13000001	0.501409	0.499057	1
X	14000001	0.365576	0.499057	1
X	15000001	0.441954	0.499057	1
X	16000001	0.625727	0.499057	1
X	17000001	0.320918	0.499057	1
X	18000001	0.382262	0.499057	1
X	19000001	0.596781	0.499057	1
X	20000001	0.439063	0.499057	1
X	21000001	0.569622	0.499057	1
X	22000001	0.283401	0.499057	1
X	23000001	0.679024	0.499057	1
X	24000001	0.356676	0.499057	1
X	25000001	0.571297	0.499057	1
X	26000001	0.556365	0.499057	1
X	27000001	0.40913	0.499057	1
X	28000001	0.456099	0.499057	1
X	29000001	0.471846	0.499057	1
X	30000001	0.499057	0.499057	1
X	31000001	0.410361	0.499057	1
X	32000001	0.379444	0.499057	1
X	33000001	0.675637	0.499057	1
X	34000001	0.394794	0.499057	1
X	35000001	0.356661	0.499057	1
X	36000001	0.581696	0.499057	1
X	37000001	0.274246	0.499057	1
X	38000001	0.45273	0.499057	1
X	39000001	0.566955	0.499057	1
X	40000001	0.406755	0.499057	1
X	41000001	0.580969	0.499057	1
X	42000001	0.474086	0.499057	1
X	43000001	0.542506	0.499057	1
X	44000001	0.636637	0.499057	1
X	45000001	0.596757	0.499057	1
X	46000001	0.589303	0.499057	1
X	47000001	0.628282	0.499057	1
X	48000001	0.647034	0.499057	1
X	49000001	0.76658	0.499057	1
X	50000001	0.455707	0.499057	1
X	51000001	0.510862	0.499057	1
X	52000001	0.497909	0.499057	1
X	53000001	0.520958	0.499057	1
X	54000001	0.572966	0.499057	1
X	55000001	0.539885	0.499057	1
X	56000001	0.321027	0.499057	1
X	57000001	0.51259	0.499057	1
X	58000001	0.559814	0.499057	1
X	59000001	0.713235	0.499057	1
X	60000001	0.455333	0.499057	1
X	61000001	0.690565	0.499057	1
X	62000001	0.643405	0.499057	1
X	63000001	0.423281	0.499057	1
X	64000001	0.437276	0.499057	1
X	65000001	0.57867	0.499057	1
X	66000001	0.75588	0.499057	1
X	67000001	0.405265	0.499057	1
X	68000001	0.604435	0.499057	1
X	69000001	0.289363	0.499057	1
X	70000001	0.666211	0.499057	1
X	71000001	0.575897	0.499057	1
X	72000001	0.413515	0.499057	1
X	73000001	0.656438	0.499057	1
X	74000001	0.503664	0.499057	1
X	75000001	0.617009	0.499057	1
X	76000001	0.606368	0.499057	1
X	77000001	0.788474	0.499057	1
X	78000001	0.751071	0.499057	1
X	79000001	0.4697	0.499057	1
X	80000001	0.307645	0.499057	1
X	81000001	0.66154	0.499057	1
X	82000001	0.331496	0.499057	1
X	83000001	0.415229	0.499057	1
X	84000001	0.61479	0.499057	1
X	85000001	0.479107	0.499057	1
X	86000001	0.46564	0.499057	1
X	87000001	0.607863	0.499057	1
X	88000001	0.812625	0.499057	1
X	89000001	0.393055	0.499057	1
X	90000001	0.473128	0.499057	1
X	91000001	0.404661	0.499057	1
X	92000001	0.336501	0.499057	1
X	93000001	0.601049	0.499057	1
X	94000001	0.627623	0.499057	1
X	95000001	0.60733	0.499057	1
X	96000001	0.490723	0.499057	1
X	97000001	0.56559	0.499057	1
X	98000001	0.414602	0.499057	1
X	99000001	0.475616	0.499057	1
X	100000001	0.421791	0.499057	1
X	101000001	0.376768	0.499057	1
X	102000001	0.787523	0.499057	1
X	103000001	0.443137	0.499057	1
X	104000001	0.410582	0.499057	1
X	105000001	0.59189	0.499057	1
X	106000001	0.651401	0.499057	1
X	107000001	0.573823	0.499057	1
X	108000001	0.555367	0.499057	1
X	109000001	0.450531	0.499057	1
X	110000001	0.340361	0.499057	1
X	111000001	0.316147	0.499057	1
X	112000001	0.617668	0.499057	1
X	113000001	0.39938	0.499057	1
X	114000001	0.548471	0.499057	1
X	115000001	0.758427	0.499057	1
X	116000001	0.537245	0.499057	1
X	117000001	0.452935	0.499057	1
X	118000001	0.579615	0.499057	1
X	119000001	0.477126	0.499057	1
X	120000001	0.446343	0.499057	1
X	121000001	0.49188	0.499057	1
X	122000001	0.463287	0.499057	1
X	123000001	0.448145	0.499057	1
X	124000001	0.461058	0.499057	1
X	125000001	0.460185	0.499057	1
X	126000001	0.577807	0.499057	1
X	127000001	0.440962	0.499057	1
X	128000001	0.514817	0.499057	1
X	129000001	0.550114	0.499057	1
X	130000001	0.565528	0.499057	1
X	131000001	0.459873	0.499057	1
X	132000001	0.240497	0.499057	1
X	133000001	0.473686	0.499057	1
X	134000001	0.422689	0.499057	1
X	135000001	0.930013	0.525781	1
X	136000001	0.522961	0.525781	1
X	137000001	0.391218	0.525781	1
X	138000001	0.630222	0.525781	1
X	139000001	0.604404	0.525781	1
X	140000001	0.489832	0.525781	1
X	141000001	0.534947	0.525781	1
X	142000001	0.501325	0.525781	1
X	143000001	0.50013	0.525781	1
X	144000001	0.505674	0.525781	1
X	145000001	0.648192	0.525781	1
X	146000001	0.46298	0.525781	1
X	147000001	0.475262	0.525781	1
X	148000001	0.518075	0.525781	1
X	149000001	0.5286	0.525781	1
X	150000001	0.685542	0.525781	1
X	151000001	0.705673	0.525781	1
X	152000001	0.37665	0.525781	1
X	153000001	0.672713	0.525781	1
X	154000001	0.566489	0.525781	1
X	155000001	0.453425	0.525781	1
X	156000001	2.48042	0.525781	1
Y	1	-1	-1	1
Y	1000001	-1	-1	1
Y	2000001	0.587334	0.509821	1
Y	3000001	0.478126	0.509821	1
Y	4000001	0.482864	0.509821	1
Y	5000001	0.460676	0.509821	1
Y	6000001	0.527278	0.509821	1
Y	7000001	0.509821	0.509821	1
Y	8000001	0.415283	0.509821	1
Y	9000001	0.682041	0.509821	1
Y	10000001	1.27214	0.509821	1
Y	11000001	0.687525	0.509821	1
Y	12000001	0.534339	0.509821	1
Y	13000001	0.503031	0.509821	1
Y	14000001	0.260512	0.509821	1
Y	15000001	0.526262	0.509821	1
Y	16000001	0.382501	0.509821	1
Y	17000001	0.775922	0.732409	1
Y	18000001	1.03154	0.732409	1
Y	19000001	0.56708	0.732409	1
Y	20000001	0.688896	0.732409	1
Y	21000001	0.860267	0.732409	1
Y	22000001	0.638903	0.732409	1
Y	23000001	0.834709	0.732409	1
Y	24000001	0.543291	0.732409	1
Y	25000001	1.67414	-1	1
Y	26000001	0.476019	-1	1
Y	27000001	-1	-1	1
Y	28000001	-1	-1	1
Y	29000001	-1	-1	1
Y	30000001	-1	-1	1
Y	31000001	-1	-1	1
Y	32000001	-1	-1	1
Y	33000001	-1	-1	1
Y	34000001	-1	-1	1
Y	35000001	-1	-1	1
Y	36000001	-1	-1	1
Y	37000001	-1	-1	1
Y	38000001	-1	-1	1
Y	39000001	-1	-1	1
Y	40000001	-1	-1	1
Y	41000001	-1	-1	1
Y	42000001	-1	-1	1
Y	43000001	-1	-1	1
Y	44000001	-1	-1	1
Y	45000001	-1	-1	1
Y	46000001	-1	-1	1
Y	47000001	-1	-1	1
Y	48000001	-1	-1	1
Y	49000001	-1	-1	1
Y	50000001	-1	-1	1
Y	51000001	-1	-1	1
Y	52000001	-1	-1	1
Y	53000001	-1	-1	1
Y	54000001	-1	-1	1
Y	55000001	-1	-1	1
Y	56000001	0.61074	-1	1
Y	57000001	-1	-1	1
