Chromosome	Start	Ratio	MedianRatio	CopyNumber
1	1	0.898764	0.898764	2
1	1000001	1.99324	1.99324	4
1	2000001	1.05151	0.927422	2
1	3000001	0.927422	0.927422	2
1	4000001	1.2852	0.927422	2
1	5000001	0.912885	0.927422	2
1	6000001	0.800759	0.927422	2
1	7000001	1.71657	1.71657	3
1	8000001	1.14437	0.989239	2
1	9000001	1.11491	0.989239	2
1	10000001	0.973439	0.989239	2
1	11000001	0.904067	0.989239	2
1	12000001	0.947579	0.989239	2
1	13000001	1.25051	0.989239	2
1	14000001	1.12663	0.989239	2
1	15000001	0.947487	0.989239	2
1	16000001	0.797157	0.989239	2
1	17000001	0.91935	0.989239	2
1	18000001	1.40432	0.989239	2
1	19000001	0.965329	0.989239	2
1	20000001	1.27367	0.989239	2
1	21000001	1.04903	0.989239	2
1	22000001	1.02563	0.989239	2
1	23000001	0.870766	0.989239	2
1	24000001	0.930171	0.989239	2
1	25000001	1.06338	0.989239	2
1	26000001	0.810977	0.989239	2
1	27000001	0.961432	0.989239	2
1	28000001	0.944562	0.989239	2
1	29000001	1.0296	0.989239	2
1	30000001	0.982934	0.989239	2
1	31000001	1.1825	0.989239	2
1	32000001	0.761684	0.989239	2
1	33000001	1.07836	0.989239	2
1	34000001	0.870171	0.989239	2
1	35000001	1.0033	0.989239	2
1	36000001	0.967343	0.989239	2
1	37000001	0.858071	0.989239	2
1	38000001	1.05645	0.989239	2
1	39000001	0.755091	0.989239	2
1	40000001	0.99853	0.989239	2
1	41000001	1.13754	0.989239	2
1	42000001	0.9538	0.989239	2
1	43000001	0.846202	0.989239	2
1	44000001	1.00032	0.989239	2
1	45000001	0.954919	0.989239	2
1	46000001	0.989239	0.989239	2
1	47000001	0.742861	0.989239	2
1	48000001	1.04427	0.989239	2
1	49000001	1.44479	0.989239	2
1	50000001	0.787694	0.989239	2
1	51000001	1.24864	0.989239	2
1	52000001	0.989407	0.989239	2
1	53000001	0.870338	0.989239	2
1	54000001	0.998703	0.989239	2
1	55000001	0.957793	0.989239	2
1	56000001	1.05391	0.989239	2
1	57000001	0.946646	0.989239	2
1	58000001	1.0979	0.989239	2
1	59000001	0.924917	0.989239	2
1	60000001	1.19323	0.989239	2
1	61000001	0.87611	0.989239	2
1	62000001	1.1165	0.989239	2
1	63000001	1.09736	0.989239	2
1	64000001	1.07262	0.989239	2
1	65000001	0.848766	0.989239	2
1	66000001	1.22408	0.989239	2
1	67000001	0.97247	0.989239	2
1	68000001	0.81246	0.989239	2
1	69000001	1.07386	0.989239	2
1	70000001	1.00359	0.989239	2
1	71000001	1.37982	1.06438	2
1	72000001	1.17034	1.06438	2
1	73000001	1.15232	1.06438	2
1	74000001	1.13425	1.06438	2
1	75000001	1.05991	1.06438	2
1	76000001	1.08061	1.06438	2
1	77000001	1.36785	1.06438	2
1	78000001	1.27622	1.06438	2
1	79000001	1.34861	1.06438	2
1	80000001	0.997963	1.06438	2
1	81000001	0.934313	1.06438	2
1	82000001	0.89023	1.06438	2
1	83000001	1.41349	1.06438	2
1	84000001	1.08791	1.06438	2
1	85000001	1.30876	1.06438	2
1	86000001	0.932307	1.06438	2
1	87000001	0.759827	1.06438	2
1	88000001	0.80406	1.06438	2
1	89000001	1.01081	1.06438	2
1	90000001	0.784181	1.06438	2
1	91000001	1.39716	1.06438	2
1	92000001	1.03996	1.06438	2
1	93000001	0.940755	1.06438	2
1	94000001	0.800644	1.06438	2
1	95000001	1.17716	1.06438	2
1	96000001	0.736428	1.06438	2
1	97000001	1.15935	1.06438	2
1	98000001	0.941324	1.06438	2
1	99000001	1.18664	1.06438	2
1	100000001	1.34697	1.06438	2
1	101000001	0.671487	1.06438	2
1	102000001	1.03546	1.06438	2
1	103000001	1.36883	1.06438	2
1	104000001	1.0559	1.06438	2
1	105000001	0.899469	1.06438	2
1	106000001	0.951692	1.06438	2
1	107000001	1.18395	1.06438	2
1	108000001	0.943051	1.06438	2
1	109000001	0.890241	1.06438	2
1	110000001	0.978546	1.06438	2
1	111000001	1.15423	1.06438	2
1	112000001	0.824354	1.06438	2
1	113000001	1.15663	1.06438	2
1	114000001	1.05757	1.06438	2
1	115000001	1.08321	1.06438	2
1	116000001	1.22954	1.06438	2
1	117000001	0.936063	1.06438	2
1	118000001	1.20679	1.06438	2
1	119000001	1.02414	1.06438	2
1	120000001	0.996031	1.06438	2
1	121000001	1.38109	1.06438	2
1	122000001	1.2	1.06438	2
1	123000001	1.24302	1.06438	2
1	124000001	1.06884	1.06438	2
1	125000001	2.76512	-1	2
1	126000001	-1	-1	2
1	127000001	-1	-1	2
1	128000001	-1	-1	2
1	129000001	-1	-1	2
1	130000001	-1	-1	2
1	131000001	-1	-1	2
1	132000001	-1	-1	2
1	133000001	-1	-1	2
1	134000001	-1	-1	2
1	135000001	-1	-1	2
1	136000001	-1	-1	2
1	137000001	-1	-1	2
1	138000001	-1	-1	2
1	139000001	-1	-1	2
1	140000001	-1	-1	2
1	141000001	-1	-1	2
1	142000001	-1	-1	2
1	143000001	2.65389	-1	2
1	144000001	1.39166	1.04224	2
1	145000001	0.998301	1.04224	2
1	146000001	0.945138	1.04224	2
1	147000001	1.08517	1.04224	2
1	148000001	1.16147	1.04224	2
1	149000001	0.945663	1.04224	2
1	150000001	1.15462	1.04224	2
1	151000001	1.01142	1.04224	2
1	152000001	0.869497	1.04224	2
1	153000001	1.29601	1.04224	2
1	154000001	0.912969	1.04224	2
1	155000001	1.14544	1.04224	2
1	156000001	0.721853	1.04224	2
1	157000001	1.32216	1.04224	2
1	158000001	1.0999	1.04224	2
1	159000001	1.04032	1.04224	2
1	160000001	0.915222	1.04224	2
1	161000001	0.735031	1.04224	2
1	162000001	1.05717	1.04224	2
1	163000001	1.29083	1.04224	2
1	164000001	0.917527	1.04224	2
1	165000001	1.08525	1.04224	2
1	166000001	1.08837	1.04224	2
1	167000001	0.980052	1.04224	2
1	168000001	1.20978	1.04224	2
1	169000001	1.1447	1.04224	2
1	170000001	0.683096	1.04224	2
1	171000001	1.21022	1.04224	2
1	172000001	0.869012	1.04224	2
1	173000001	1.14897	1.04224	2
1	174000001	1.28195	1.04224	2
1	175000001	0.928273	1.04224	2
1	176000001	1.21426	1.04224	2
1	177000001	1.05256	1.04224	2
1	178000001	1.00626	1.04224	2
1	179000001	1.0419	1.04224	2
1	180000001	1.0596	1.04224	2
1	181000001	1.11756	1.04224	2
1	182000001	1.29775	1.04224	2
1	183000001	0.878442	1.04224	2
1	184000001	0.967395	1.04224	2
1	185000001	0.904923	1.04224	2
1	186000001	1.46913	1.04224	2
1	187000001	1.03365	1.04224	2
1	188000001	1.33138	1.04224	2
1	189000001	1.02989	1.04224	2
1	190000001	1.19399	1.04224	2
1	191000001	0.941952	1.04224	2
1	192000001	1.22643	1.04224	2
1	193000001	1.42688	1.04224	2
1	194000001	1.38366	1.04224	2
1	195000001	1.00903	1.04224	2
1	196000001	1.09891	1.04224	2
1	197000001	0.811381	1.04224	2
1	198000001	0.880835	1.04224	2
1	199000001	1.10271	1.04224	2
1	200000001	1.07311	1.04224	2
1	201000001	0.887362	1.04224	2
1	202000001	1.27349	1.04224	2
1	203000001	0.84546	1.04224	2
1	204000001	0.964259	1.04224	2
1	205000001	1.15916	1.04224	2
1	206000001	0.916154	1.04224	2
1	207000001	1.04039	1.04224	2
1	208000001	0.966177	1.04224	2
1	209000001	0.976858	1.04224	2
1	210000001	1.06255	1.04224	2
1	211000001	0.940988	1.04224	2
1	212000001	0.927126	1.04224	2
1	213000001	0.858364	1.04224	2
1	214000001	1.18438	1.04224	2
1	215000001	1.22007	1.04224	2
1	216000001	1.40468	1.04224	2
1	217000001	1.19114	1.04224	2
1	218000001	1.05833	1.04224	2
1	219000001	1.10078	1.04224	2
1	220000001	0.909797	1.04224	2
1	221000001	1.2594	1.04224	2
1	222000001	1.27543	1.04224	2
1	223000001	0.94446	1.04224	2
1	224000001	1.01102	1.04224	2
1	225000001	0.966917	1.04224	2
1	226000001	1.02965	1.04224	2
1	227000001	0.992781	1.04224	2
1	228000001	0.686268	1.04224	2
1	229000001	0.868577	1.04224	2
1	230000001	1.03155	1.04224	2
1	231000001	1.10472	1.04224	2
1	232000001	1.04224	1.04224	2
1	233000001	1.09011	1.04224	2
1	234000001	1.09397	1.04224	2
1	235000001	1.14259	1.04224	2
1	236000001	0.97236	1.04224	2
1	237000001	1.42069	1.04224	2
1	238000001	1.38646	1.04224	2
1	239000001	0.966992	1.04224	2
1	240000001	0.867353	1.04224	2
1	241000001	0.919125	1.04224	2
1	242000001	0.98153	1.04224	2
1	243000001	0.776983	1.04224	2
1	244000001	1.20862	1.04224	2
1	245000001	1.07594	1.04224	2
1	246000001	1.26486	1.04224	2
1	247000001	0.982332	1.04224	2
1	248000001	1.20707	1.04224	2
10	1	1.02719	1.05358	2
10	1000001	0.94586	1.05358	2
10	2000001	1.25197	1.05358	2
10	3000001	1.1259	1.05358	2
10	4000001	1.01571	1.05358	2
10	5000001	0.810918	1.05358	2
10	6000001	1.00629	1.05358	2
10	7000001	1.20765	1.05358	2
10	8000001	1.0614	1.05358	2
10	9000001	1.29622	1.05358	2
10	10000001	1.04113	1.05358	2
10	11000001	1.00045	1.05358	2
10	12000001	0.946328	1.05358	2
10	13000001	1.062	1.05358	2
10	14000001	1.05863	1.05358	2
10	15000001	0.753289	1.05358	2
10	16000001	0.995734	1.05358	2
10	17000001	0.977797	1.05358	2
10	18000001	1.04853	1.05358	2
10	19000001	1.31203	1.05358	2
10	20000001	1.28407	1.05358	2
10	21000001	0.910895	1.05358	2
10	22000001	1.07877	1.05358	2
10	23000001	1.0029	1.05358	2
10	24000001	0.777212	1.05358	2
10	25000001	1.30962	1.05358	2
10	26000001	0.864277	1.05358	2
10	27000001	1.1165	1.05358	2
10	28000001	1.09384	1.05358	2
10	29000001	1.16673	1.05358	2
10	30000001	0.942011	1.05358	2
10	31000001	1.16938	1.05358	2
10	32000001	1.37268	1.05358	2
10	33000001	1.17625	1.05358	2
10	34000001	0.995324	0.893184	2
10	35000001	0.904258	0.893184	2
10	36000001	0.845397	0.893184	2
10	37000001	0.88211	0.893184	2
10	38000001	1.31207	1.32938	3
10	39000001	1.09305	1.32938	3
10	40000001	1.47016	1.32938	3
10	41000001	1.32938	1.32938	3
10	42000001	1.46179	1.32938	3
10	43000001	1.0248	1.03132	2
10	44000001	1.1484	1.03132	2
10	45000001	0.919099	1.03132	2
10	46000001	1.15523	1.03132	2
10	47000001	0.822037	1.03132	2
10	48000001	1.18243	1.03132	2
10	49000001	0.695348	1.03132	2
10	50000001	1.02849	1.03132	2
10	51000001	1.2856	1.03132	2
10	52000001	0.878148	1.03132	2
10	53000001	1.2776	1.03132	2
10	54000001	1.14114	1.03132	2
10	55000001	1.00058	1.03132	2
10	56000001	0.747263	1.03132	2
10	57000001	1.32337	1.03132	2
10	58000001	0.976806	1.03132	2
10	59000001	1.10604	1.03132	2
10	60000001	0.890474	1.03132	2
10	61000001	1.12361	1.03132	2
10	62000001	1.29474	1.03132	2
10	63000001	0.810083	1.03132	2
10	64000001	0.966869	1.03132	2
10	65000001	1.05443	1.03132	2
10	66000001	1.04675	1.03132	2
10	67000001	1.2749	1.03132	2
10	68000001	1.02978	1.03132	2
10	69000001	0.881548	1.03132	2
10	70000001	0.810281	1.03132	2
10	71000001	1.01709	1.03132	2
10	72000001	1.03132	1.03132	2
10	73000001	1.06141	1.03132	2
10	74000001	1.0332	1.03132	2
10	75000001	0.999668	1.03132	2
10	76000001	1.24017	1.03132	2
10	77000001	0.986522	1.03132	2
10	78000001	1.05238	1.03132	2
10	79000001	0.891517	1.03132	2
10	80000001	1.08531	1.03132	2
10	81000001	1.42512	1.03132	2
10	82000001	1.29977	1.03132	2
10	83000001	1.03649	1.03132	2
10	84000001	0.900716	1.03132	2
10	85000001	1.05456	1.03132	2
10	86000001	1.03944	1.03132	2
10	87000001	1.10911	1.03132	2
10	88000001	0.810311	1.03132	2
10	89000001	1.04061	1.03132	2
10	90000001	1.3583	1.03132	2
10	91000001	0.85885	1.03132	2
10	92000001	1.09211	1.03132	2
10	93000001	1.15421	1.03132	2
10	94000001	1.15387	1.03132	2
10	95000001	0.990262	1.03132	2
10	96000001	0.953428	1.03132	2
10	97000001	0.818259	1.03132	2
10	98000001	1.23	1.03132	2
10	99000001	0.877438	1.03132	2
10	100000001	0.765709	1.03132	2
10	101000001	1.07077	1.03132	2
10	102000001	0.819721	1.03132	2
10	103000001	0.863675	1.03132	2
10	104000001	1.15305	1.03132	2
10	105000001	1.33105	1.03132	2
10	106000001	1.03789	1.03132	2
10	107000001	1.24932	1.03132	2
10	108000001	1.00088	1.03132	2
10	109000001	0.89153	1.03132	2
10	110000001	0.996658	1.03132	2
10	111000001	1.0378	1.03132	2
10	112000001	0.990544	1.03132	2
10	113000001	0.962875	1.03132	2
10	114000001	1.00128	1.03132	2
10	115000001	1.16696	1.03132	2
10	116000001	1.17054	1.03132	2
10	117000001	0.711375	1.03132	2
10	118000001	1.18399	1.03132	2
10	119000001	0.999463	1.03132	2
10	120000001	0.938921	1.03132	2
10	121000001	1.00153	1.03132	2
10	122000001	1.72329	1.72329	3
10	123000001	1.15844	1.04672	2
10	124000001	1.04672	1.04672	2
10	125000001	0.781823	1.04672	2
10	126000001	4.59981	4.59981	9
10	127000001	0.865988	0.934676	2
10	128000001	0.934676	0.934676	2
10	129000001	0.972416	0.934676	2
10	130000001	1.41969	0.934676	2
10	131000001	0.853363	0.934676	2
10	132000001	0.914172	0.934676	2
10	133000001	1.70668	0.934676	2
11	1	1.00926	1.00926	2
11	1000001	1.02701	1.00926	2
11	2000001	1.002	1.00926	2
11	3000001	0.908838	1.00926	2
11	4000001	0.820017	1.00926	2
11	5000001	1.08235	1.00926	2
11	6000001	1.13527	1.00926	2
11	7000001	1.15866	1.00926	2
11	8000001	0.926348	1.00926	2
11	9000001	1.10895	1.00926	2
11	10000001	0.965659	1.00926	2
11	11000001	1.94547	1.53929	3
11	12000001	1.13312	1.53929	3
11	13000001	0.879688	0.973062	2
11	14000001	1.28874	0.973062	2
11	15000001	1.15546	0.973062	2
11	16000001	0.859703	0.973062	2
11	17000001	0.872948	0.973062	2
11	18000001	0.973062	0.973062	2
11	19000001	1.047	0.973062	2
11	20000001	0.96574	0.973062	2
11	21000001	1.12767	0.973062	2
11	22000001	2.09898	2.09898	4
11	23000001	1.01511	0.983516	2
11	24000001	0.843692	0.983516	2
11	25000001	1.07263	0.983516	2
11	26000001	1.28362	0.983516	2
11	27000001	0.933624	0.983516	2
11	28000001	0.970499	0.983516	2
11	29000001	1.20403	0.983516	2
11	30000001	0.860396	0.983516	2
11	31000001	1.0647	0.983516	2
11	32000001	0.883546	0.983516	2
11	33000001	0.902674	0.983516	2
11	34000001	0.848075	0.983516	2
11	35000001	1.07376	0.983516	2
11	36000001	0.847383	0.983516	2
11	37000001	1.12797	0.983516	2
11	38000001	1.0886	0.983516	2
11	39000001	1.21587	0.983516	2
11	40000001	1.28402	0.983516	2
11	41000001	0.996533	0.983516	2
11	42000001	0.903931	0.983516	2
11	43000001	1.19849	0.983516	2
11	44000001	0.923322	0.983516	2
11	45000001	0.71366	0.983516	2
11	46000001	0.90965	0.983516	2
11	47000001	0.832341	0.983516	2
11	48000001	1.04769	0.983516	2
11	49000001	1.22592	1.21543	2
11	50000001	1.80409	1.21543	2
11	51000001	1.21543	1.21543	2
11	52000001	1.12923	1.21543	2
11	53000001	1.19442	1.21543	2
11	54000001	1.08201	1.13201	2
11	55000001	1.20749	1.13201	2
11	56000001	0.977533	1.13201	2
11	57000001	0.870254	1.13201	2
11	58000001	1.18201	1.13201	2
11	59000001	1.2712	1.13201	2
11	60000001	0.794431	0.889024	2
11	61000001	0.764138	0.889024	2
11	62000001	0.870154	0.889024	2
11	63000001	1.13624	0.889024	2
11	64000001	1.24992	0.889024	2
11	65000001	1.02875	0.889024	2
11	66000001	0.889024	0.889024	2
11	67000001	0.997419	0.889024	2
11	68000001	0.791674	0.889024	2
11	69000001	2.37874	2.37874	5
11	70000001	1.05976	1.33132	3
11	71000001	1.60289	1.33132	3
11	72000001	0.926125	0.963753	2
11	73000001	1.10565	0.963753	2
11	74000001	0.749132	0.963753	2
11	75000001	0.717032	0.963753	2
11	76000001	0.941019	0.963753	2
11	77000001	1.02951	0.963753	2
11	78000001	0.986487	0.963753	2
11	79000001	1.51126	0.963753	2
11	80000001	1.25391	0.963753	2
11	81000001	0.85665	0.963753	2
11	82000001	0.847105	0.963753	2
11	83000001	1.00649	0.963753	2
11	84000001	0.90684	0.963753	2
11	85000001	1.03032	0.963753	2
11	86000001	0.923111	0.963753	2
11	87000001	1.08783	0.963753	2
11	88000001	1.7971	1.21394	2
11	89000001	0.914501	1.21394	2
11	90000001	1.25217	1.21394	2
11	91000001	1.06021	1.21394	2
11	92000001	1.23042	1.21394	2
11	93000001	1.23637	1.21394	2
11	94000001	1.0244	1.21394	2
11	95000001	1.0482	1.21394	2
11	96000001	1.99025	1.21394	2
11	97000001	1.04822	1.21394	2
11	98000001	1.3015	1.21394	2
11	99000001	1.19746	1.21394	2
11	100000001	0.8456	0.891939	2
11	101000001	0.74768	0.891939	2
11	102000001	1.00506	0.891939	2
11	103000001	0.938277	0.891939	2
11	104000001	2.2494	2.2494	4
11	105000001	1.10446	0.991789	2
11	106000001	0.986681	0.991789	2
11	107000001	1.30476	0.991789	2
11	108000001	1.03258	0.991789	2
11	109000001	1.07904	0.991789	2
11	110000001	0.885993	0.991789	2
11	111000001	0.999599	0.991789	2
11	112000001	1.19031	0.991789	2
11	113000001	0.912186	0.991789	2
11	114000001	1.02612	0.991789	2
11	115000001	0.957143	0.991789	2
11	116000001	0.830836	0.991789	2
11	117000001	0.764611	0.991789	2
11	118000001	0.939624	0.991789	2
11	119000001	0.873264	0.991789	2
11	120000001	0.823465	0.991789	2
11	121000001	1.03735	0.991789	2
11	122000001	1.42561	0.991789	2
11	123000001	0.759664	0.991789	2
11	124000001	0.875211	0.991789	2
11	125000001	0.991789	0.991789	2
11	126000001	1.0696	0.991789	2
11	127000001	1.0101	0.991789	2
11	128000001	0.955348	0.991789	2
11	129000001	1.03341	0.991789	2
11	130000001	0.986892	0.991789	2
11	131000001	1.37313	0.991789	2
11	132000001	1.09222	0.991789	2
11	133000001	0.816465	0.991789	2
11	134000001	1.20359	0.991789	2
11	135000001	0.850557	0.991789	2
12	1	0.818567	0.929823	2
12	1000001	0.769087	0.929823	2
12	2000001	0.935847	0.929823	2
12	3000001	1.13361	0.929823	2
12	4000001	0.757709	0.929823	2
12	5000001	0.959877	0.929823	2
12	6000001	0.929823	0.929823	2
12	7000001	1.4931	1.01645	2
12	8000001	0.886833	1.01645	2
12	9000001	0.837593	1.01645	2
12	10000001	1.0673	1.01645	2
12	11000001	1.0129	1.01645	2
12	12000001	1.05463	1.01645	2
12	13000001	1.12335	1.01645	2
12	14000001	1.37379	1.01645	2
12	15000001	1.04195	1.01645	2
12	16000001	0.944486	1.01645	2
12	17000001	0.750771	1.01645	2
12	18000001	1.29423	1.01645	2
12	19000001	0.994255	1.01645	2
12	20000001	1.35368	1.01645	2
12	21000001	1.02436	1.01645	2
12	22000001	1.23201	1.01645	2
12	23000001	1.22049	1.01645	2
12	24000001	0.91955	1.01645	2
12	25000001	1.01436	1.01645	2
12	26000001	0.987916	1.01645	2
12	27000001	0.930769	1.01645	2
12	28000001	1.06248	1.01645	2
12	29000001	0.864608	1.01645	2
12	30000001	0.948243	1.01645	2
12	31000001	0.918925	1.01645	2
12	32000001	1.06158	1.01645	2
12	33000001	0.948874	1.01645	2
12	34000001	0.808985	1.01645	2
12	35000001	1.1047	1.01645	2
12	36000001	0.909365	1.01645	2
12	37000001	1.01645	1.01645	2
12	38000001	1.39775	1.01645	2
12	39000001	1.2095	1.01645	2
12	40000001	0.865491	1.01645	2
12	41000001	0.988766	1.01645	2
12	42000001	1.0697	1.01645	2
12	43000001	0.801311	1.01645	2
12	44000001	1.34774	1.01645	2
12	45000001	1.30284	1.01645	2
12	46000001	0.857972	1.01645	2
12	47000001	1.1058	1.01645	2
12	48000001	2.37489	2.37489	5
12	49000001	0.903185	1.02751	2
12	50000001	1.03371	1.02751	2
12	51000001	0.827175	1.02751	2
12	52000001	0.888664	1.02751	2
12	53000001	0.888639	1.02751	2
12	54000001	1.08373	1.02751	2
12	55000001	0.878895	1.02751	2
12	56000001	1.21505	1.02751	2
12	57000001	0.858447	1.02751	2
12	58000001	1.07772	1.02751	2
12	59000001	0.841925	1.02751	2
12	60000001	1.24469	1.02751	2
12	61000001	1.12769	1.02751	2
12	62000001	1.1746	1.02751	2
12	63000001	0.795332	1.02751	2
12	64000001	1.04297	1.02751	2
12	65000001	1.03065	1.02751	2
12	66000001	1.13387	1.02751	2
12	67000001	0.971464	1.02751	2
12	68000001	0.96963	1.02751	2
12	69000001	1.1277	1.02751	2
12	70000001	1.02436	1.02751	2
12	71000001	0.753059	1.02751	2
12	72000001	1.1056	1.02751	2
12	73000001	1.19193	1.02751	2
12	74000001	1.12282	1.02751	2
12	75000001	0.898803	1.02751	2
12	76000001	1.32538	1.02751	2
12	77000001	0.978476	1.02751	2
12	78000001	1.00315	1.02751	2
12	79000001	1.06263	1.02751	2
12	80000001	0.857327	1.02751	2
12	81000001	1.17788	1.19757	2
12	82000001	1.19757	1.19757	2
12	83000001	1.09076	1.19757	2
12	84000001	1.23438	1.19757	2
12	85000001	1.2799	1.19757	2
12	86000001	1.11614	1.19757	2
12	87000001	1.33139	1.19757	2
12	88000001	1.20409	1.19757	2
12	89000001	1.29549	1.19757	2
12	90000001	1.20292	1.19757	2
12	91000001	1.15127	1.19757	2
12	92000001	1.03367	1.19757	2
12	93000001	0.855524	1.19757	2
12	94000001	1.0735	1.19757	2
12	95000001	1.52004	1.19757	2
12	96000001	1.08255	1.0002	2
12	97000001	0.987203	1.0002	2
12	98000001	0.801086	1.0002	2
12	99000001	1.1034	1.0002	2
12	100000001	0.881536	1.0002	2
12	101000001	1.01399	1.0002	2
12	102000001	1.01324	1.0002	2
12	103000001	0.767269	1.0002	2
12	104000001	0.741811	1.0002	2
12	105000001	0.945384	1.0002	2
12	106000001	1.05126	1.0002	2
12	107000001	1.0002	1.0002	2
12	108000001	1.22602	1.0002	2
12	109000001	0.801788	1.0002	2
12	110000001	1.13526	1.0002	2
12	111000001	1.29994	1.0002	2
12	112000001	1.02871	1.0002	2
12	113000001	0.709898	1.0002	2
12	114000001	0.910174	1.0002	2
12	115000001	0.963495	1.0002	2
12	116000001	1.02062	1.0002	2
12	117000001	0.898179	1.0002	2
12	118000001	1.194	1.0002	2
12	119000001	0.922429	1.0002	2
12	120000001	1.15036	1.0002	2
12	121000001	1.21256	1.0002	2
12	122000001	1.10076	1.0002	2
12	123000001	0.78369	1.0002	2
12	124000001	1.01788	1.0002	2
12	125000001	0.948062	1.0002	2
12	126000001	0.796363	1.0002	2
12	127000001	1.18535	1.0002	2
12	128000001	0.914993	1.0002	2
12	129000001	1.90154	1.77551	4
12	130000001	1.25628	1.77551	4
12	131000001	1.87007	1.77551	4
12	132000001	1.77551	1.77551	4
12	133000001	1.6536	1.77551	4
13	1	-1	-1	2
13	1000001	-1	-1	2
13	2000001	-1	-1	2
13	3000001	-1	-1	2
13	4000001	-1	-1	2
13	5000001	-1	-1	2
13	6000001	-1	-1	2
13	7000001	-1	-1	2
13	8000001	-1	-1	2
13	9000001	-1	-1	2
13	10000001	-1	-1	2
13	11000001	-1	-1	2
13	12000001	-1	-1	2
13	13000001	-1	-1	2
13	14000001	-1	-1	2
13	15000001	-1	-1	2
13	16000001	1.16364	1.07756	2
13	17000001	1.07756	1.07756	2
13	18000001	1.62048	1.07756	2
13	19000001	0.906715	1.07756	2
13	20000001	1.2048	1.07756	2
13	21000001	1.02375	1.07756	2
13	22000001	1.25702	1.07756	2
13	23000001	0.932073	1.07756	2
13	24000001	0.956112	1.07756	2
13	25000001	0.942055	1.07756	2
13	26000001	0.85154	1.07756	2
13	27000001	0.696473	1.07756	2
13	28000001	1.37576	1.07756	2
13	29000001	0.96422	1.07756	2
13	30000001	0.932255	1.07756	2
13	31000001	1.52626	1.07756	2
13	32000001	1.12825	1.07756	2
13	33000001	0.787717	1.07756	2
13	34000001	1.22618	1.07756	2
13	35000001	1.29117	1.07756	2
13	36000001	1.13879	1.07756	2
13	37000001	1.06985	1.07756	2
13	38000001	1.14144	1.07756	2
13	39000001	1.21986	1.07756	2
13	40000001	0.974785	1.07756	2
13	41000001	2.36465	2.36465	5
13	42000001	1.25699	0.91115	2
13	43000001	0.989046	0.91115	2
13	44000001	0.854993	0.91115	2
13	45000001	1.23215	0.91115	2
13	46000001	0.829209	0.91115	2
13	47000001	0.909611	0.91115	2
13	48000001	0.577117	0.91115	2
13	49000001	1.14802	0.91115	2
13	50000001	0.877832	0.91115	2
13	51000001	0.91115	0.91115	2
13	52000001	0.928424	0.91115	2
13	53000001	1.2248	1.08065	2
13	54000001	0.972004	1.08065	2
13	55000001	1.1785	1.08065	2
13	56000001	1.25774	1.08065	2
13	57000001	1.09908	1.08065	2
13	58000001	1.11877	1.08065	2
13	59000001	0.921069	1.08065	2
13	60000001	0.881023	1.08065	2
13	61000001	1.25418	1.08065	2
13	62000001	1.24337	1.08065	2
13	63000001	1.24991	1.08065	2
13	64000001	1.616	1.08065	2
13	65000001	1.07056	1.08065	2
13	66000001	0.8021	1.08065	2
13	67000001	0.972627	1.08065	2
13	68000001	1.09073	1.08065	2
13	69000001	1.25152	1.08065	2
13	70000001	0.95364	1.08065	2
13	71000001	1.82269	1.08065	2
13	72000001	1.31424	1.08065	2
13	73000001	1.04276	1.08065	2
13	74000001	1.47514	1.08065	2
13	75000001	1.15915	1.08065	2
13	76000001	1.05617	1.08065	2
13	77000001	0.934727	1.08065	2
13	78000001	1.12736	1.08065	2
13	79000001	1.27828	1.08065	2
13	80000001	0.941575	1.08065	2
13	81000001	0.797214	1.08065	2
13	82000001	1.02483	1.08065	2
13	83000001	1.44782	1.08065	2
13	84000001	1.20734	1.08065	2
13	85000001	0.950241	1.08065	2
13	86000001	1.27344	1.08065	2
13	87000001	1.29116	1.08065	2
13	88000001	1.43416	1.08065	2
13	89000001	0.850225	1.08065	2
13	90000001	1.00305	1.08065	2
13	91000001	1.42421	1.08065	2
13	92000001	1.12191	1.08065	2
13	93000001	1.00727	1.08065	2
13	94000001	0.999406	1.08065	2
13	95000001	1.10861	1.08065	2
13	96000001	1.02845	1.08065	2
13	97000001	0.951733	1.08065	2
13	98000001	1.00874	1.08065	2
13	99000001	1.06083	1.08065	2
13	100000001	0.978058	1.08065	2
13	101000001	0.762577	1.08065	2
13	102000001	1.1179	1.08065	2
13	103000001	0.972004	1.08065	2
13	104000001	1.27147	1.08065	2
13	105000001	0.758169	1.08065	2
13	106000001	0.992316	1.08065	2
13	107000001	1.09907	1.08065	2
13	108000001	1.14144	1.08065	2
13	109000001	1.13856	1.08065	2
13	110000001	1.20493	1.08065	2
13	111000001	1.02754	1.08065	2
13	112000001	0.904924	1.08065	2
13	113000001	0.840817	1.08065	2
13	114000001	0.992231	1.08065	2
14	1	-1	-1	3
14	1000001	-1	-1	3
14	2000001	-1	-1	3
14	3000001	-1	-1	3
14	4000001	-1	-1	3
14	5000001	-1	-1	3
14	6000001	-1	-1	3
14	7000001	-1	-1	3
14	8000001	-1	-1	3
14	9000001	-1	-1	3
14	10000001	-1	-1	3
14	11000001	-1	-1	3
14	12000001	-1	-1	3
14	13000001	-1	-1	3
14	14000001	-1	-1	3
14	15000001	-1	-1	3
14	16000001	1.68298	1.68298	3
14	17000001	1.17042	1.07683	2
14	18000001	1.07683	1.07683	2
14	19000001	1.14616	1.07683	2
14	20000001	0.932304	1.07683	2
14	21000001	0.994936	1.07683	2
14	22000001	1.08897	1.07683	2
14	23000001	1.12373	1.07683	2
14	24000001	0.909445	1.07683	2
14	25000001	1.01757	1.07683	2
14	26000001	1.33494	1.07683	2
14	27000001	0.979823	1.07683	2
14	28000001	0.973317	1.07683	2
14	29000001	1.17783	1.07683	2
14	30000001	1.39196	1.07683	2
14	31000001	0.807587	1.07683	2
14	32000001	1.09503	1.07683	2
14	33000001	0.877455	1.07683	2
14	34000001	1.48081	1.07683	2
14	35000001	0.891188	1.07683	2
14	36000001	0.889692	1.07683	2
14	37000001	1.0454	1.07683	2
14	38000001	1.20807	1.07683	2
14	39000001	0.962385	1.07683	2
14	40000001	1.29611	1.07683	2
14	41000001	1.18783	1.07683	2
14	42000001	1.02265	1.07683	2
14	43000001	1.17656	1.07683	2
14	44000001	1.14126	1.07683	2
14	45000001	1.26517	1.07683	2
14	46000001	0.817555	1.07683	2
14	47000001	0.920782	1.07683	2
14	48000001	1.0325	1.07683	2
14	49000001	0.992554	1.07683	2
14	50000001	0.943394	1.07683	2
14	51000001	0.976907	1.07683	2
14	52000001	1.20409	1.07683	2
14	53000001	0.842279	1.07683	2
14	54000001	1.19863	1.07683	2
14	55000001	1.16647	1.07683	2
14	56000001	1.13973	1.07683	2
14	57000001	1.32159	1.07683	2
14	58000001	1.2199	1.07683	2
14	59000001	0.907773	1.07683	2
14	60000001	2.77124	2.77124	6
14	61000001	1.08755	0.99852	2
14	62000001	1.14344	0.99852	2
14	63000001	1.02939	0.99852	2
14	64000001	0.664114	0.99852	2
14	65000001	0.922575	0.99852	2
14	66000001	1.17077	0.99852	2
14	67000001	0.782018	0.99852	2
14	68000001	0.866198	0.99852	2
14	69000001	0.998578	0.99852	2
14	70000001	0.875847	0.99852	2
14	71000001	1.0719	0.99852	2
14	72000001	0.99852	0.99852	2
14	73000001	0.896819	0.99852	2
14	74000001	1.16294	1.02268	2
14	75000001	1.03792	1.02268	2
14	76000001	0.953793	1.02268	2
14	77000001	0.946526	1.02268	2
14	78000001	0.955806	1.02268	2
14	79000001	1.01443	1.02268	2
14	80000001	1.26134	1.02268	2
14	81000001	0.972708	1.02268	2
14	82000001	0.829439	1.02268	2
14	83000001	1.05519	1.02268	2
14	84000001	1.21478	1.02268	2
14	85000001	0.958188	1.02268	2
14	86000001	1.26845	1.02268	2
14	87000001	0.986934	1.02268	2
14	88000001	1.1062	1.02268	2
14	89000001	1.05349	1.02268	2
14	90000001	0.965162	1.02268	2
14	91000001	1.00591	1.02268	2
14	92000001	0.920924	1.02268	2
14	93000001	1.0392	1.02268	2
14	94000001	1.10104	1.02268	2
14	95000001	1.04779	1.02268	2
14	96000001	0.945613	1.02268	2
14	97000001	1.02268	1.02268	2
14	98000001	1.1068	1.02268	2
14	99000001	0.772626	1.02268	2
14	100000001	1.14339	1.02268	2
14	101000001	0.922216	1.02268	2
14	102000001	1.16614	1.02268	2
14	103000001	0.881477	1.02268	2
14	104000001	0.998984	1.02268	2
14	105000001	1.07941	1.02268	2
14	106000001	1.16977	1.02268	2
14	107000001	-1	-1	2
15	1	-1	-1	4
15	1000001	-1	-1	4
15	2000001	-1	-1	4
15	3000001	-1	-1	4
15	4000001	-1	-1	4
15	5000001	-1	-1	4
15	6000001	-1	-1	4
15	7000001	-1	-1	4
15	8000001	-1	-1	4
15	9000001	-1	-1	4
15	10000001	-1	-1	4
15	11000001	-1	-1	4
15	12000001	-1	-1	4
15	13000001	-1	-1	4
15	14000001	-1	-1	4
15	15000001	-1	-1	4
15	16000001	-1	-1	4
15	17000001	1.75542	1.75542	4
15	18000001	1.44471	1.46116	3
15	19000001	1.47762	1.46116	3
15	20000001	1.03396	0.973653	2
15	21000001	0.796786	0.973653	2
15	22000001	0.877386	0.973653	2
15	23000001	0.993148	0.973653	2
15	24000001	1.16892	0.973653	2
15	25000001	1.10342	0.973653	2
15	26000001	0.844199	0.973653	2
15	27000001	0.714124	0.973653	2
15	28000001	0.925724	0.973653	2
15	29000001	1.17117	0.973653	2
15	30000001	0.999544	0.973653	2
15	31000001	0.919674	0.973653	2
15	32000001	0.978747	0.973653	2
15	33000001	1.29704	0.973653	2
15	34000001	1.10445	0.973653	2
15	35000001	1.1531	0.973653	2
15	36000001	1.04859	0.973653	2
15	37000001	0.957918	0.973653	2
15	38000001	0.75545	0.973653	2
15	39000001	0.973653	0.973653	2
15	40000001	0.925665	0.973653	2
15	41000001	0.941364	0.973653	2
15	42000001	0.922535	0.973653	2
15	43000001	1.1942	1.10158	2
15	44000001	0.99904	1.10158	2
15	45000001	1.31747	1.10158	2
15	46000001	1.10936	1.10158	2
15	47000001	1.09009	1.10158	2
15	48000001	1.01525	1.10158	2
15	49000001	1.09379	1.10158	2
15	50000001	1.48502	1.10158	2
15	51000001	0.993962	1.10158	2
15	52000001	0.873495	1.10158	2
15	53000001	1.04728	1.10158	2
15	54000001	1.1115	1.10158	2
15	55000001	1.30471	1.10158	2
15	56000001	1.17857	1.10158	2
15	57000001	1.05685	0.991908	2
15	58000001	1.01142	0.991908	2
15	59000001	1.03253	0.991908	2
15	60000001	1.09427	0.991908	2
15	61000001	0.886967	0.991908	2
15	62000001	0.791368	0.991908	2
15	63000001	1.0497	0.991908	2
15	64000001	1.24342	0.991908	2
15	65000001	0.886378	0.991908	2
15	66000001	0.78928	0.991908	2
15	67000001	0.798655	0.991908	2
15	68000001	1.35881	0.991908	2
15	69000001	0.972398	0.991908	2
15	70000001	0.905203	0.991908	2
15	71000001	0.629914	0.797959	2
15	72000001	0.77681	0.797959	2
15	73000001	0.786779	0.797959	2
15	74000001	0.821197	0.797959	2
15	75000001	0.867718	0.797959	2
15	76000001	0.809139	0.797959	2
15	77000001	1.21566	1.07065	2
15	78000001	0.840441	1.07065	2
15	79000001	1.87991	1.07065	2
15	80000001	0.942961	1.07065	2
15	81000001	1.09069	1.07065	2
15	82000001	1.03446	1.07065	2
15	83000001	1.07065	1.07065	2
15	84000001	0.986942	1.07065	2
15	85000001	1.15662	1.07065	2
15	86000001	1.01793	1.07065	2
15	87000001	1.18414	1.07065	2
15	88000001	0.785786	1.07065	2
15	89000001	1.7568	1.07065	2
15	90000001	0.803724	1.0041	2
15	91000001	0.80921	1.0041	2
15	92000001	1.05915	1.0041	2
15	93000001	0.93772	1.0041	2
15	94000001	1.16469	1.0041	2
15	95000001	1.14241	1.0041	2
15	96000001	0.891639	1.0041	2
15	97000001	1.01244	1.0041	2
15	98000001	0.995749	1.0041	2
15	99000001	1.17553	1.0041	2
15	100000001	1.18939	1.0041	2
15	101000001	0.936137	1.0041	2
16	1	0.788036	0.879291	2
16	1000001	0.735298	0.879291	2
16	2000001	0.879291	0.879291	2
16	3000001	0.934942	0.879291	2
16	4000001	0.92378	0.879291	2
16	5000001	1.02934	1.03203	2
16	6000001	1.50796	1.03203	2
16	7000001	0.897614	1.03203	2
16	8000001	1.19177	1.03203	2
16	9000001	0.989862	1.03203	2
16	10000001	1.98973	1.03203	2
16	11000001	0.809794	1.03203	2
16	12000001	0.84639	1.03203	2
16	13000001	1.01615	1.03203	2
16	14000001	0.967243	1.03203	2
16	15000001	0.889636	1.03203	2
16	16000001	1.4703	1.03203	2
16	17000001	1.24633	1.03203	2
16	18000001	1.03472	1.03203	2
16	19000001	0.966499	1.03203	2
16	20000001	0.906267	1.03203	2
16	21000001	1.11567	1.03203	2
16	22000001	0.823028	1.03203	2
16	23000001	1.53192	1.03203	2
16	24000001	1.10184	1.03203	2
16	25000001	1.28705	1.03203	2
16	26000001	1.10447	1.03203	2
16	27000001	0.89517	1.03203	2
16	28000001	1.06142	1.03203	2
16	29000001	0.934983	1.03203	2
16	30000001	1.04662	1.03203	2
16	31000001	0.999572	1.03203	2
16	32000001	1.36185	1.03203	2
16	33000001	1.64295	1.87247	4
16	34000001	2.10198	1.87247	4
16	35000001	1.08631	1.08946	2
16	36000001	1.09261	1.08946	2
16	37000001	1.29134	1.08946	2
16	38000001	1.07249	1.08946	2
16	39000001	-1	-1	2
16	40000001	-1	-1	2
16	41000001	-1	-1	2
16	42000001	-1	-1	2
16	43000001	-1	-1	2
16	44000001	-1	-1	2
16	45000001	-1	-1	2
16	46000001	3.57178	3.57178	7
16	47000001	1.38224	1.03116	2
16	48000001	0.969215	1.03116	2
16	49000001	0.843946	1.03116	2
16	50000001	0.787655	1.03116	2
16	51000001	1.45045	1.03116	2
16	52000001	0.874123	1.03116	2
16	53000001	1.10376	1.03116	2
16	54000001	0.890604	1.03116	2
16	55000001	0.999324	1.03116	2
16	56000001	1.13024	1.03116	2
16	57000001	1.72066	1.03116	2
16	58000001	1.12062	1.03116	2
16	59000001	1.19802	1.03116	2
16	60000001	0.92156	1.03116	2
16	61000001	0.892716	1.03116	2
16	62000001	1.17424	1.03116	2
16	63000001	0.968249	1.03116	2
16	64000001	0.966284	1.03116	2
16	65000001	1.22785	1.03116	2
16	66000001	0.93767	1.03116	2
16	67000001	1.07269	1.03116	2
16	68000001	1.03514	1.03116	2
16	69000001	1.21356	1.03116	2
16	70000001	0.914361	1.03116	2
16	71000001	1.08563	1.03116	2
16	72000001	0.802352	1.03116	2
16	73000001	0.918808	1.03116	2
16	74000001	1.72986	1.03116	2
16	75000001	0.789461	1.03116	2
16	76000001	1.09099	1.03116	2
16	77000001	1.18269	1.03116	2
16	78000001	1.24779	1.03116	2
16	79000001	0.886172	1.03116	2
16	80000001	0.761353	1.03116	2
16	81000001	1.0537	1.03116	2
16	82000001	1.13206	1.03116	2
16	83000001	1.02718	1.03116	2
16	84000001	1.39591	1.03116	2
16	85000001	0.836014	1.03116	2
16	86000001	1.42652	1.03116	2
16	87000001	0.969891	1.03116	2
16	88000001	1.73838	1.03116	2
16	89000001	0.949799	1.03116	2
16	90000001	0.730051	1.03116	2
17	1	1.70893	1.09061	2
17	1000001	1.05742	1.09061	2
17	2000001	0.927083	1.09061	2
17	3000001	1.06873	1.09061	2
17	4000001	1.1125	1.09061	2
17	5000001	1.22072	1.09061	2
17	6000001	0.855387	1.02671	2
17	7000001	0.990582	1.02671	2
17	8000001	0.905495	1.02671	2
17	9000001	0.816553	1.02671	2
17	10000001	1.10138	1.02671	2
17	11000001	0.896604	1.02671	2
17	12000001	1.13708	1.02671	2
17	13000001	1.05108	1.02671	2
17	14000001	1.0366	1.02671	2
17	15000001	0.924003	1.02671	2
17	16000001	0.777472	1.02671	2
17	17000001	1.0663	1.02671	2
17	18000001	0.872895	1.02671	2
17	19000001	1.04965	1.02671	2
17	20000001	1.06585	1.02671	2
17	21000001	1.02671	1.02671	2
17	22000001	0.837888	1.02671	2
17	23000001	1.23082	1.02671	2
17	24000001	1.23352	1.02671	2
17	25000001	1.59384	1.96423	4
17	26000001	2.33461	1.96423	4
17	27000001	1.07375	1.00146	2
17	28000001	0.776236	1.00146	2
17	29000001	1.18708	1.00146	2
17	30000001	0.938444	1.00146	2
17	31000001	0.974435	1.00146	2
17	32000001	0.695909	1.00146	2
17	33000001	0.918163	1.00146	2
17	34000001	1.1631	1.00146	2
17	35000001	1.01793	1.00146	2
17	36000001	0.817064	1.00146	2
17	37000001	1.02011	1.00146	2
17	38000001	0.795977	1.00146	2
17	39000001	0.998846	1.00146	2
17	40000001	0.793774	1.00146	2
17	41000001	1.3553	1.00146	2
17	42000001	0.940155	1.00146	2
17	43000001	1.06933	1.00146	2
17	44000001	1.27542	1.00146	2
17	45000001	0.777875	1.00146	2
17	46000001	1.00412	1.00146	2
17	47000001	0.916975	1.00146	2
17	48000001	1.00965	1.00146	2
17	49000001	0.877851	1.00146	2
17	50000001	1.01962	1.00146	2
17	51000001	1.00917	1.00146	2
17	52000001	1.28278	1.00146	2
17	53000001	1.24965	1.00146	2
17	54000001	0.806112	1.00146	2
17	55000001	1.06237	1.00146	2
17	56000001	1.33387	1.00146	2
17	57000001	0.747939	1.00146	2
17	58000001	0.912894	1.00146	2
17	59000001	0.971984	1.00146	2
17	60000001	1.00146	1.00146	2
17	61000001	1.25469	1.00146	2
17	62000001	2.52988	2.52988	5
17	63000001	1.08628	1.02134	2
17	64000001	0.961023	1.02134	2
17	65000001	1.12763	1.02134	2
17	66000001	1.3199	1.02134	2
17	67000001	1.01392	1.02134	2
17	68000001	1.08746	1.02134	2
17	69000001	1.02876	1.02134	2
17	70000001	1.1855	1.02134	2
17	71000001	1.4129	1.02134	2
17	72000001	0.955636	1.02134	2
17	73000001	0.947393	1.02134	2
17	74000001	0.913673	1.02134	2
17	75000001	0.811928	1.02134	2
17	76000001	0.893693	1.02134	2
17	77000001	2.7761	2.7761	6
17	78000001	0.993333	1.00517	2
17	79000001	1.21296	1.00517	2
17	80000001	1.00517	1.00517	2
17	81000001	4.03094	4.03094	8
17	82000001	0.887765	0.837604	2
17	83000001	0.787442	0.837604	2
18	1	2.09866	2.09866	4
18	1000001	1.06607	1.07064	2
18	2000001	1.34101	1.07064	2
18	3000001	0.923952	1.07064	2
18	4000001	1.23354	1.07064	2
18	5000001	1.07064	1.07064	2
18	6000001	0.95677	0.95677	2
18	7000001	0.689409	0.95677	2
18	8000001	1.40462	0.95677	2
18	9000001	0.930239	0.95677	2
18	10000001	0.847572	0.95677	2
18	11000001	1.0368	0.95677	2
18	12000001	0.953952	0.95677	2
18	13000001	1.14907	0.95677	2
18	14000001	0.899351	0.95677	2
18	15000001	1.04393	0.95677	2
18	16000001	1.03607	0.95677	2
18	17000001	0.950799	0.95677	2
18	18000001	1.00877	0.95677	2
18	19000001	0.912027	0.95677	2
18	20000001	0.820223	0.95677	2
18	21000001	1.02309	0.95677	2
18	22000001	0.917162	0.95677	2
18	23000001	0.794218	0.95677	2
18	24000001	0.983735	0.95677	2
18	25000001	1.07605	0.95677	2
18	26000001	1.05297	0.95677	2
18	27000001	1.41328	1.41328	3
18	28000001	0.896576	1.41328	3
18	29000001	2.21472	1.41328	3
18	30000001	1.04345	1.04345	2
18	31000001	1.14421	1.04345	2
18	32000001	1.02085	1.04345	2
18	33000001	1.29813	1.04345	2
18	34000001	0.986745	1.04345	2
18	35000001	1.20238	1.04345	2
18	36000001	1.08219	1.04345	2
18	37000001	0.829123	1.04345	2
18	38000001	0.944027	1.04345	2
18	39000001	0.99405	1.04345	2
18	40000001	1.29203	1.04345	2
18	41000001	1.02909	1.04345	2
18	42000001	1.09345	1.04345	2
18	43000001	0.928304	1.04345	2
18	44000001	1.94367	1.04345	2
18	45000001	1.00034	1.04345	2
18	46000001	1.23747	1.04345	2
18	47000001	1.12407	1.04345	2
18	48000001	1.04486	1.04345	2
18	49000001	1.1428	1.04345	2
18	50000001	1.14268	1.04345	2
18	51000001	0.948361	1.04345	2
18	52000001	1.21737	1.04345	2
18	53000001	1.14539	1.04345	2
18	54000001	0.961965	1.04345	2
18	55000001	0.907747	1.04345	2
18	56000001	1.00704	1.04345	2
18	57000001	1.06356	1.04345	2
18	58000001	0.931274	1.04345	2
18	59000001	0.898056	1.04345	2
18	60000001	0.951118	1.04345	2
18	61000001	2.36959	2.36959	5
18	62000001	0.816733	1.10851	2
18	63000001	1.02614	1.10851	2
18	64000001	1.3111	1.10851	2
18	65000001	1.16924	1.10851	2
18	66000001	1.2327	1.10851	2
18	67000001	0.91665	1.10851	2
18	68000001	1.2957	1.10851	2
18	69000001	1.30589	1.10851	2
18	70000001	1.29353	1.10851	2
18	71000001	1.10851	1.10851	2
18	72000001	1.03799	1.10851	2
18	73000001	0.990967	1.10851	2
18	74000001	0.912327	1.10851	2
18	75000001	0.916135	1.10851	2
18	76000001	1.18505	1.10851	2
18	77000001	2.50634	2.19782	4
18	78000001	1.88929	2.19782	4
18	79000001	1.11394	1.20742	2
18	80000001	1.3009	1.20742	2
19	1	1.03	0.983465	2
19	1000001	1.05076	0.983465	2
19	2000001	1.0846	0.983465	2
19	3000001	0.936934	0.983465	2
19	4000001	0.911209	0.983465	2
19	5000001	0.92436	0.983465	2
19	6000001	1.04917	1.04917	2
19	7000001	1.72464	1.72464	3
19	8000001	1.01144	1.0174	2
19	9000001	0.92441	1.0174	2
19	10000001	1.00119	1.0174	2
19	11000001	1.0174	1.0174	2
19	12000001	1.17124	1.0174	2
19	13000001	1.03896	1.0174	2
19	14000001	1.27979	1.0174	2
19	15000001	0.91445	0.899715	2
19	16000001	1.02395	0.899715	2
19	17000001	0.884981	0.899715	2
19	18000001	0.853118	0.899715	2
19	19000001	1.29489	0.899715	2
19	20000001	1.03834	0.899715	2
19	21000001	0.872999	0.899715	2
19	22000001	0.807101	0.899715	2
19	23000001	1.0667	1.17233	2
19	24000001	1.17233	1.17233	2
19	25000001	1.15099	1.17233	2
19	26000001	1.17641	1.17233	2
19	27000001	1.17895	1.17233	2
19	28000001	0.928669	1.00229	2
19	29000001	0.787893	1.00229	2
19	30000001	0.944515	1.00229	2
19	31000001	1.11955	1.00229	2
19	32000001	1.00363	1.00229	2
19	33000001	1.22692	1.00229	2
19	34000001	1.00095	1.00229	2
19	35000001	0.976049	1.00229	2
19	36000001	0.89645	1.00229	2
19	37000001	1.03229	1.00229	2
19	38000001	1.055	1.00229	2
19	39000001	1.09081	1.00229	2
19	40000001	0.94318	0.894404	2
19	41000001	0.895543	0.894404	2
19	42000001	0.878998	0.894404	2
19	43000001	0.842431	0.894404	2
19	44000001	1.06257	0.894404	2
19	45000001	0.983166	0.894404	2
19	46000001	0.893266	0.894404	2
19	47000001	0.776287	0.894404	2
19	48000001	1.35807	1.08292	2
19	49000001	1.02149	1.08292	2
19	50000001	1.08292	1.08292	2
19	51000001	1.02547	1.08292	2
19	52000001	1.06126	1.08292	2
19	53000001	1.12719	1.08292	2
19	54000001	1.13625	1.08292	2
19	55000001	0.937332	0.904232	2
19	56000001	1.11616	0.904232	2
19	57000001	0.864562	0.904232	2
19	58000001	0.871132	0.904232	2
2	1	1.02791	1.07531	2
2	1000001	1.17981	1.07531	2
2	2000001	1.15227	1.07531	2
2	3000001	1.25514	1.07531	2
2	4000001	0.871025	1.07531	2
2	5000001	0.964603	1.07531	2
2	6000001	1.03545	1.07531	2
2	7000001	1.04803	1.07531	2
2	8000001	0.827126	1.07531	2
2	9000001	1.39627	1.07531	2
2	10000001	0.976864	1.07531	2
2	11000001	1.10438	1.07531	2
2	12000001	0.829795	1.07531	2
2	13000001	1.07531	1.07531	2
2	14000001	0.888571	1.07531	2
2	15000001	1.1574	1.07531	2
2	16000001	1.74352	1.07531	2
2	17000001	1.11893	1.07531	2
2	18000001	1.11851	1.07531	2
2	19000001	0.921989	0.941491	2
2	20000001	1.09287	0.941491	2
2	21000001	0.878148	0.941491	2
2	22000001	1.0609	0.941491	2
2	23000001	0.849636	0.941491	2
2	24000001	0.863613	0.941491	2
2	25000001	1.00043	0.941491	2
2	26000001	1.04228	0.941491	2
2	27000001	0.877485	0.941491	2
2	28000001	0.794943	0.941491	2
2	29000001	0.899847	0.941491	2
2	30000001	0.768258	0.941491	2
2	31000001	0.934686	0.941491	2
2	32000001	0.992408	0.941491	2
2	33000001	0.943438	0.941491	2
2	34000001	0.872639	0.941491	2
2	35000001	1.15798	0.941491	2
2	36000001	1.1226	0.941491	2
2	37000001	1.01979	0.941491	2
2	38000001	0.826761	0.941491	2
2	39000001	0.93933	0.941491	2
2	40000001	1.11866	0.941491	2
2	41000001	1.05454	0.941491	2
2	42000001	1.06534	0.941491	2
2	43000001	0.9302	0.941491	2
2	44000001	0.997399	0.941491	2
2	45000001	0.936861	0.941491	2
2	46000001	1.20307	0.941491	2
2	47000001	1.0917	0.941491	2
2	48000001	0.926058	0.941491	2
2	49000001	0.939545	0.941491	2
2	50000001	1.14504	0.941491	2
2	51000001	1.02417	0.941491	2
2	52000001	1.17268	0.941491	2
2	53000001	1.01016	0.941491	2
2	54000001	0.92786	0.941491	2
2	55000001	0.862545	0.941491	2
2	56000001	0.85762	0.941491	2
2	57000001	2.71981	2.71981	5
2	58000001	1.3194	1.07979	2
2	59000001	1.19058	1.07979	2
2	60000001	1.06255	1.07979	2
2	61000001	1.22719	1.07979	2
2	62000001	1.10873	1.07979	2
2	63000001	0.972023	1.07979	2
2	64000001	1.05531	1.07979	2
2	65000001	1.04455	1.07979	2
2	66000001	1.02542	1.07979	2
2	67000001	1.15291	1.07979	2
2	68000001	1.98877	1.07979	2
2	69000001	1.09703	1.07979	2
2	70000001	0.888492	1.07979	2
2	71000001	1.53031	1.07979	2
2	72000001	0.921166	1.07979	2
2	73000001	1.04737	1.07979	2
2	74000001	1.53426	1.53426	3
2	75000001	1.42935	1.53426	3
2	76000001	1.88132	1.53426	3
2	77000001	0.899112	1.20918	2
2	78000001	1.26168	1.20918	2
2	79000001	1.26933	1.20918	2
2	80000001	0.999831	1.20918	2
2	81000001	1.15669	1.20918	2
2	82000001	1.30527	1.20918	2
2	83000001	2.81702	2.81702	6
2	84000001	0.914638	0.963845	2
2	85000001	0.930247	0.963845	2
2	86000001	0.819859	0.963845	2
2	87000001	0.935216	0.963845	2
2	88000001	0.761866	0.963845	2
2	89000001	1.34575	0.963845	2
2	90000001	1.33605	0.963845	2
2	91000001	1.08225	0.963845	2
2	92000001	1.14461	0.963845	2
2	93000001	1.1106	0.963845	2
2	94000001	1.08508	0.963845	2
2	95000001	0.832771	0.963845	2
2	96000001	0.870549	0.963845	2
2	97000001	0.869177	0.963845	2
2	98000001	0.932902	0.963845	2
2	99000001	1.46847	0.963845	2
2	100000001	0.899448	0.963845	2
2	101000001	0.8548	0.963845	2
2	102000001	1.31902	0.963845	2
2	103000001	1.01626	0.963845	2
2	104000001	0.810551	0.963845	2
2	105000001	0.973241	0.963845	2
2	106000001	0.917687	0.963845	2
2	107000001	0.786511	0.963845	2
2	108000001	1.04461	0.963845	2
2	109000001	0.87131	0.963845	2
2	110000001	0.87034	0.963845	2
2	111000001	0.752595	0.963845	2
2	112000001	0.878775	0.963845	2
2	113000001	0.954448	0.963845	2
2	114000001	1.21195	0.963845	2
2	115000001	1.12118	0.963845	2
2	116000001	1.30768	0.963845	2
2	117000001	1.14639	0.963845	2
2	118000001	0.940915	0.963845	2
2	119000001	1.09198	0.963845	2
2	120000001	1.07729	0.963845	2
2	121000001	1.10405	0.963845	2
2	122000001	1.12645	0.963845	2
2	123000001	1.08301	0.963845	2
2	124000001	2.42195	2.42195	5
2	125000001	1.11721	0.960995	2
2	126000001	1.04115	0.960995	2
2	127000001	0.960995	0.960995	2
2	128000001	0.965811	0.960995	2
2	129000001	1.06373	0.960995	2
2	130000001	1.10828	0.960995	2
2	131000001	0.983317	0.960995	2
2	132000001	1.1535	0.960995	2
2	133000001	0.902423	0.960995	2
2	134000001	0.838664	0.960995	2
2	135000001	0.89248	0.960995	2
2	136000001	0.87584	0.960995	2
2	137000001	1.07523	0.960995	2
2	138000001	0.808615	0.960995	2
2	139000001	0.880595	0.960995	2
2	140000001	0.935829	0.960995	2
2	141000001	0.872437	0.960995	2
2	142000001	0.937721	0.960995	2
2	143000001	1.06161	0.960995	2
2	144000001	0.986086	0.960995	2
2	145000001	1.19643	0.960995	2
2	146000001	0.914132	0.960995	2
2	147000001	0.909303	0.960995	2
2	148000001	0.834464	0.960995	2
2	149000001	1.38098	0.960995	2
2	150000001	2.39237	2.39237	5
2	151000001	0.777425	1.01553	2
2	152000001	1.10572	1.01553	2
2	153000001	0.957223	1.01553	2
2	154000001	1.87852	1.01553	2
2	155000001	0.975359	1.01553	2
2	156000001	1.14747	1.01553	2
2	157000001	1.10612	1.01553	2
2	158000001	0.912625	1.01553	2
2	159000001	1.0382	1.01553	2
2	160000001	0.662106	1.01553	2
2	161000001	0.992862	1.01553	2
2	162000001	0.949921	1.01553	2
2	163000001	1.04266	1.01553	2
2	164000001	1.08167	1.01553	2
2	165000001	0.957022	1.01553	2
2	166000001	1.63879	1.01553	2
2	167000001	1.1472	1.01553	2
2	168000001	0.823201	1.01553	2
2	169000001	3.24719	3.24719	6
2	170000001	1.25248	1.11285	2
2	171000001	1.03935	1.11285	2
2	172000001	1.11999	1.11285	2
2	173000001	1.49112	1.11285	2
2	174000001	0.813346	1.11285	2
2	175000001	0.94912	1.11285	2
2	176000001	1.01447	1.11285	2
2	177000001	1.01934	1.11285	2
2	178000001	1.29662	1.11285	2
2	179000001	1.06955	1.11285	2
2	180000001	1.11124	1.11285	2
2	181000001	1.31853	1.11285	2
2	182000001	1.18494	1.11285	2
2	183000001	0.908437	1.11285	2
2	184000001	1.26396	1.11285	2
2	185000001	0.932401	1.11285	2
2	186000001	0.832384	1.11285	2
2	187000001	0.841621	1.11285	2
2	188000001	1.14929	1.11285	2
2	189000001	1.48035	1.11285	2
2	190000001	1.08918	1.11285	2
2	191000001	1.11447	1.11285	2
2	192000001	1.38187	1.11285	2
2	193000001	1.31957	1.11285	2
2	194000001	4.09373	4.09373	8
2	195000001	1.08526	1.02244	2
2	196000001	0.925031	1.02244	2
2	197000001	0.969604	1.02244	2
2	198000001	1.2882	1.02244	2
2	199000001	1.10103	1.02244	2
2	200000001	1.17964	1.02244	2
2	201000001	0.707873	1.02244	2
2	202000001	0.905711	1.02244	2
2	203000001	1.07946	1.02244	2
2	204000001	0.804069	1.02244	2
2	205000001	1.073	1.02244	2
2	206000001	1.16415	1.02244	2
2	207000001	0.971614	1.02244	2
2	208000001	1.25132	1.02244	2
2	209000001	1.2013	1.02244	2
2	210000001	0.930132	1.02244	2
2	211000001	1.12637	1.02244	2
2	212000001	1.11773	1.02244	2
2	213000001	1.13893	1.02244	2
2	214000001	0.927187	1.02244	2
2	215000001	0.791048	1.02244	2
2	216000001	0.813998	1.02244	2
2	217000001	0.864013	1.02244	2
2	218000001	0.819341	1.02244	2
2	219000001	0.862257	1.02244	2
2	220000001	1.27163	1.02244	2
2	221000001	1.3325	1.02244	2
2	222000001	0.89243	1.02244	2
2	223000001	1.06821	1.02244	2
2	224000001	0.976667	1.02244	2
2	225000001	2.37735	2.37735	5
2	226000001	1.03327	1.04722	2
2	227000001	0.864299	1.04722	2
2	228000001	1.205	1.04722	2
2	229000001	2.17063	1.04722	2
2	230000001	0.757692	1.04722	2
2	231000001	1.05565	1.04722	2
2	232000001	0.921507	1.04722	2
2	233000001	1.03879	1.04722	2
2	234000001	1.33634	1.04722	2
2	235000001	1.50383	1.04722	2
2	236000001	1.14877	1.04722	2
2	237000001	0.824783	1.04722	2
2	238000001	2.32452	2.32452	5
2	239000001	0.944221	1.02882	2
2	240000001	0.954671	1.02882	2
2	241000001	1.63538	1.02882	2
2	242000001	1.10297	1.02882	2
20	1	2.82184	2.82184	6
20	1000001	0.904749	0.986699	2
20	2000001	0.843719	0.986699	2
20	3000001	0.976691	0.986699	2
20	4000001	1.0699	0.986699	2
20	5000001	1.03027	0.986699	2
20	6000001	1.03919	0.986699	2
20	7000001	0.741172	0.986699	2
20	8000001	0.794879	0.986699	2
20	9000001	1.20079	0.986699	2
20	10000001	0.944464	0.986699	2
20	11000001	1.27533	0.986699	2
20	12000001	1.07937	0.986699	2
20	13000001	1.03988	0.986699	2
20	14000001	1.30141	0.986699	2
20	15000001	1.03448	0.986699	2
20	16000001	0.924865	0.986699	2
20	17000001	0.956335	0.986699	2
20	18000001	1.42325	0.986699	2
20	19000001	0.742603	0.986699	2
20	20000001	0.871821	0.986699	2
20	21000001	0.934413	0.986699	2
20	22000001	1.22237	0.986699	2
20	23000001	1.03078	0.986699	2
20	24000001	1.02173	0.986699	2
20	25000001	0.949032	0.986699	2
20	26000001	1.12142	0.986699	2
20	27000001	1.33582	0.986699	2
20	28000001	1.32018	0.986699	2
20	29000001	0.986699	0.986699	2
20	30000001	1.17232	0.986699	2
20	31000001	0.968322	0.986699	2
20	32000001	1.03704	0.986699	2
20	33000001	0.911322	0.986699	2
20	34000001	1.06984	0.986699	2
20	35000001	1.32154	0.986699	2
20	36000001	0.967502	0.986699	2
20	37000001	0.871857	0.986699	2
20	38000001	1.01748	0.986699	2
20	39000001	0.903999	0.986699	2
20	40000001	0.802646	0.986699	2
20	41000001	0.907996	0.986699	2
20	42000001	1.13189	0.986699	2
20	43000001	0.871411	0.986699	2
20	44000001	1.25714	0.986699	2
20	45000001	0.870645	0.986699	2
20	46000001	1.02345	0.986699	2
20	47000001	0.908084	0.986699	2
20	48000001	1.38082	0.986699	2
20	49000001	0.861298	0.986699	2
20	50000001	1.05784	0.986699	2
20	51000001	0.867802	0.986699	2
20	52000001	1.11681	0.986699	2
20	53000001	0.89517	0.986699	2
20	54000001	0.921781	0.986699	2
20	55000001	1.09792	0.986699	2
20	56000001	1.17089	0.986699	2
20	57000001	0.835195	0.986699	2
20	58000001	0.858793	0.986699	2
20	59000001	0.924618	0.986699	2
20	60000001	1.10173	1.12183	2
20	61000001	1.20955	1.12183	2
20	62000001	1.12183	1.12183	2
20	63000001	0.964244	1.12183	2
20	64000001	1.47473	1.12183	2
21	1	-1	-1	2
21	1000001	-1	-1	2
21	2000001	-1	-1	2
21	3000001	-1	-1	2
21	4000001	-1	-1	2
21	5000001	1.80364	1.22645	2
21	6000001	0.649265	1.22645	2
21	7000001	2.774	2.774	6
21	8000001	1.44986	1.44986	3
21	9000001	1.36063	1.44986	3
21	10000001	2.07849	1.44986	3
21	11000001	0.994835	1.19119	2
21	12000001	1.13455	1.19119	2
21	13000001	1.17919	1.19119	2
21	14000001	1.42011	1.19119	2
21	15000001	1.19119	1.19119	2
21	16000001	1.80463	1.19119	2
21	17000001	1.23474	1.19119	2
21	18000001	0.896693	1.07723	2
21	19000001	1.13176	1.07723	2
21	20000001	1.23194	1.07723	2
21	21000001	0.964574	1.07723	2
21	22000001	0.891408	1.07723	2
21	23000001	1.26009	1.07723	2
21	24000001	1.16206	1.07723	2
21	25000001	1.05479	1.07723	2
21	26000001	1.23843	1.07723	2
21	27000001	1.18347	1.07723	2
21	28000001	1.16005	1.07723	2
21	29000001	1.05852	1.07723	2
21	30000001	0.889746	1.07723	2
21	31000001	1.07723	1.07723	2
21	32000001	1.12022	1.07723	2
21	33000001	1.07517	1.07723	2
21	34000001	0.697388	1.07723	2
21	35000001	1.79955	1.07723	2
21	36000001	1.13874	1.07723	2
21	37000001	1.00046	1.07723	2
21	38000001	0.972258	1.07723	2
21	39000001	1.22113	1.07723	2
21	40000001	1.57658	1.07723	2
21	41000001	1.07922	1.07723	2
21	42000001	0.937313	1.07723	2
21	43000001	1.07154	1.07723	2
21	44000001	0.967758	1.07723	2
21	45000001	1.29597	1.07723	2
21	46000001	1.01864	1.07723	2
22	1	-1	-1	2
22	1000001	-1	-1	2
22	2000001	-1	-1	2
22	3000001	-1	-1	2
22	4000001	-1	-1	2
22	5000001	-1	-1	2
22	6000001	-1	-1	2
22	7000001	-1	-1	2
22	8000001	-1	-1	2
22	9000001	-1	-1	2
22	10000001	1.07046	1.20442	2
22	11000001	1.22918	1.20442	2
22	12000001	1.44472	1.20442	2
22	13000001	1.35512	1.20442	2
22	14000001	1.04696	1.20442	2
22	15000001	0.923206	1.20442	2
22	16000001	1.33782	1.20442	2
22	17000001	1.17965	1.20442	2
22	18000001	2.0423	2.0423	4
22	19000001	1.06774	0.990052	2
22	20000001	0.853234	0.990052	2
22	21000001	0.994029	0.990052	2
22	22000001	0.901416	0.990052	2
22	23000001	0.859396	0.990052	2
22	24000001	0.701981	0.990052	2
22	25000001	1.03681	0.990052	2
22	26000001	0.923114	0.990052	2
22	27000001	1.12054	0.990052	2
22	28000001	0.625512	0.990052	2
22	29000001	0.990052	0.990052	2
22	30000001	1.12644	0.990052	2
22	31000001	0.899969	0.990052	2
22	32000001	1.07512	0.990052	2
22	33000001	1.16979	0.990052	2
22	34000001	0.942015	0.990052	2
22	35000001	1.32141	0.990052	2
22	36000001	0.902872	0.902872	2
22	37000001	0.833424	0.902872	2
22	38000001	0.879259	0.902872	2
22	39000001	0.785146	0.902872	2
22	40000001	0.72699	0.902872	2
22	41000001	0.915216	0.902872	2
22	42000001	0.930335	0.902872	2
22	43000001	0.947919	0.902872	2
22	44000001	0.809173	0.902872	2
22	45000001	1.04897	0.902872	2
22	46000001	0.812096	0.902872	2
22	47000001	0.961502	0.902872	2
22	48000001	1.17865	0.902872	2
22	49000001	0.866652	0.902872	2
22	50000001	1.01917	0.902872	2
3	1	1.38352	1.13128	2
3	1000001	1.19443	1.13128	2
3	2000001	0.830699	1.13128	2
3	3000001	1.1049	1.13128	2
3	4000001	1.144	1.13128	2
3	5000001	1.11856	1.13128	2
3	6000001	2.00522	2.00522	4
3	7000001	1.26057	1.02051	2
3	8000001	1.05889	1.02051	2
3	9000001	0.696097	1.02051	2
3	10000001	0.931274	1.02051	2
3	11000001	0.965682	1.02051	2
3	12000001	1.0515	1.02051	2
3	13000001	0.930671	1.02051	2
3	14000001	0.96494	1.02051	2
3	15000001	0.903434	1.02051	2
3	16000001	0.879131	1.02051	2
3	17000001	1.12359	1.02051	2
3	18000001	1.31491	1.02051	2
3	19000001	1.1607	1.02051	2
3	20000001	0.99077	1.02051	2
3	21000001	0.957026	1.02051	2
3	22000001	0.979918	1.02051	2
3	23000001	1.25001	1.02051	2
3	24000001	0.873469	1.02051	2
3	25000001	1.29796	1.02051	2
3	26000001	0.996919	1.02051	2
3	27000001	0.994351	1.02051	2
3	28000001	1.02757	1.02051	2
3	29000001	1.17114	1.02051	2
3	30000001	1.12162	1.02051	2
3	31000001	1.21058	1.02051	2
3	32000001	1.1384	1.02051	2
3	33000001	1.03328	1.02051	2
3	34000001	1.31673	1.02051	2
3	35000001	1.61351	1.02051	2
3	36000001	1.03973	1.02051	2
3	37000001	0.786927	1.02051	2
3	38000001	0.830838	1.02051	2
3	39000001	1.0559	1.02051	2
3	40000001	0.718994	1.02051	2
3	41000001	1.24157	1.02051	2
3	42000001	1.06143	1.02051	2
3	43000001	0.832786	1.02051	2
3	44000001	1.03102	1.02051	2
3	45000001	1.05285	1.02051	2
3	46000001	0.874826	1.02051	2
3	47000001	0.88774	1.02051	2
3	48000001	1.01217	1.02051	2
3	49000001	1.05286	1.02051	2
3	50000001	0.83042	1.02051	2
3	51000001	0.994781	1.02051	2
3	52000001	0.955006	1.02051	2
3	53000001	0.868434	1.02051	2
3	54000001	0.934044	1.02051	2
3	55000001	1.15895	1.02051	2
3	56000001	1.09001	1.02051	2
3	57000001	1.21684	1.02051	2
3	58000001	1.1291	1.02051	2
3	59000001	1.1063	1.02051	2
3	60000001	1.08149	1.02051	2
3	61000001	1.01838	1.02051	2
3	62000001	0.90806	1.02051	2
3	63000001	0.98646	1.02051	2
3	64000001	1.02626	1.02051	2
3	65000001	0.943399	1.02051	2
3	66000001	1.15553	1.02051	2
3	67000001	0.744543	1.02051	2
3	68000001	1.09474	1.02051	2
3	69000001	0.87175	1.02051	2
3	70000001	1.04709	1.02051	2
3	71000001	0.890722	1.02051	2
3	72000001	0.68749	1.02051	2
3	73000001	0.908639	1.02051	2
3	74000001	1.10899	1.02051	2
3	75000001	1.17285	1.02051	2
3	76000001	1.17368	1.02051	2
3	77000001	1.10307	1.02051	2
3	78000001	0.886452	1.02051	2
3	79000001	0.90735	1.02051	2
3	80000001	1.48115	1.02051	2
3	81000001	0.829682	1.02051	2
3	82000001	1.06002	1.02051	2
3	83000001	1.13003	1.02051	2
3	84000001	1.01395	1.02051	2
3	85000001	1.19918	1.02051	2
3	86000001	1.14852	1.02051	2
3	87000001	0.912359	1.02051	2
3	88000001	1.10885	1.02051	2
3	89000001	1.14628	1.02051	2
3	90000001	0.968351	1.02051	2
3	91000001	1.32446	1.02051	2
3	92000001	1.03894	1.02051	2
3	93000001	1.01289	1.02051	2
3	94000001	1.15982	1.02051	2
3	95000001	0.974629	1.02051	2
3	96000001	1.20692	1.02051	2
3	97000001	1.7355	1.02051	2
3	98000001	0.850217	1.02051	2
3	99000001	0.965255	1.02051	2
3	100000001	1.04384	1.02051	2
3	101000001	0.827372	1.02051	2
3	102000001	1.1814	1.02051	2
3	103000001	1.121	1.02051	2
3	104000001	0.920166	1.02051	2
3	105000001	1.60113	1.02051	2
3	106000001	1.13373	1.02051	2
3	107000001	0.825186	1.02051	2
3	108000001	0.8865	1.02051	2
3	109000001	1.0663	1.02051	2
3	110000001	1.08595	1.02051	2
3	111000001	1.70771	1.02051	2
3	112000001	1.04007	1.02051	2
3	113000001	0.896396	1.02051	2
3	114000001	0.784019	1.02051	2
3	115000001	0.957525	1.02051	2
3	116000001	0.797937	1.02051	2
3	117000001	0.871901	1.02051	2
3	118000001	1.14831	1.02051	2
3	119000001	0.856909	1.02051	2
3	120000001	1.08665	1.02051	2
3	121000001	0.92467	1.02051	2
3	122000001	0.78654	1.02051	2
3	123000001	0.998295	1.02051	2
3	124000001	0.908639	1.02051	2
3	125000001	0.873047	1.02051	2
3	126000001	0.690078	1.02051	2
3	127000001	1.00487	1.02051	2
3	128000001	0.879881	1.02051	2
3	129000001	1.0165	1.02051	2
3	130000001	1.06654	1.02051	2
3	131000001	1.16578	1.02051	2
3	132000001	1.29275	1.02051	2
3	133000001	1.06706	1.02051	2
3	134000001	0.906203	1.02051	2
3	135000001	0.96454	1.02051	2
3	136000001	0.994934	1.02051	2
3	137000001	0.919167	1.02051	2
3	138000001	1.50951	1.02051	2
3	139000001	1.41639	1.02051	2
3	140000001	1.0278	1.02051	2
3	141000001	1.02264	1.02051	2
3	142000001	0.949301	1.02051	2
3	143000001	2.06805	2.06805	4
3	144000001	1.05016	1.15075	2
3	145000001	1.13129	1.15075	2
3	146000001	1.41393	1.15075	2
3	147000001	1.19824	1.15075	2
3	148000001	1.16523	1.15075	2
3	149000001	0.923163	1.15075	2
3	150000001	1.16355	1.15075	2
3	151000001	1.31728	1.15075	2
3	152000001	1.25863	1.15075	2
3	153000001	1.09668	1.15075	2
3	154000001	1.00396	1.15075	2
3	155000001	1.19595	1.15075	2
3	156000001	1.07249	1.15075	2
3	157000001	0.955123	1.15075	2
3	158000001	0.903203	1.15075	2
3	159000001	1.00173	1.15075	2
3	160000001	0.881291	1.15075	2
3	161000001	0.717835	1.15075	2
3	162000001	1.39825	1.15075	2
3	163000001	1.22379	1.15075	2
3	164000001	1.34275	1.15075	2
3	165000001	1.31942	1.15075	2
3	166000001	0.912747	1.15075	2
3	167000001	1.24044	1.15075	2
3	168000001	0.934884	1.15075	2
3	169000001	1.58279	1.15075	2
3	170000001	1.23144	1.15075	2
3	171000001	0.99686	1.15075	2
3	172000001	1.47894	1.15075	2
3	173000001	0.979258	1.15075	2
3	174000001	1.13795	1.15075	2
3	175000001	1.26293	1.15075	2
3	176000001	0.77633	0.919778	2
3	177000001	0.747634	0.919778	2
3	178000001	0.878593	0.919778	2
3	179000001	0.844726	0.919778	2
3	180000001	1.25314	0.919778	2
3	181000001	1.63718	0.919778	2
3	182000001	0.928365	0.919778	2
3	183000001	0.91119	0.919778	2
3	184000001	0.947995	0.919778	2
3	185000001	1.07416	0.919778	2
3	186000001	2.51854	2.51854	5
3	187000001	1.01291	1.14809	2
3	188000001	1.53704	1.14809	2
3	189000001	0.846697	1.14809	2
3	190000001	1.31951	1.14809	2
3	191000001	1.2705	1.14809	2
3	192000001	1.00216	1.14809	2
3	193000001	0.983625	1.14809	2
3	194000001	1.14811	1.14809	2
3	195000001	0.923311	1.14809	2
3	196000001	1.14807	1.14809	2
3	197000001	1.34015	1.14809	2
3	198000001	1.51512	1.14809	2
4	1	0.880835	0.980208	2
4	1000001	1.3235	0.980208	2
4	2000001	1.0971	0.980208	2
4	3000001	0.894666	0.980208	2
4	4000001	0.823396	0.980208	2
4	5000001	1.25129	0.980208	2
4	6000001	0.96126	0.980208	2
4	7000001	0.980208	0.980208	2
4	8000001	0.922012	0.980208	2
4	9000001	1.23536	0.980208	2
4	10000001	0.991948	0.980208	2
4	11000001	1.33224	1.44546	3
4	12000001	1.55869	1.44546	3
4	13000001	0.9631	1.44546	3
4	14000001	1.70288	1.44546	3
4	15000001	1.00062	1.08713	2
4	16000001	1.10081	1.08713	2
4	17000001	1.26447	1.08713	2
4	18000001	1.21751	1.08713	2
4	19000001	1.10868	1.08713	2
4	20000001	0.92183	1.08713	2
4	21000001	1.32761	1.08713	2
4	22000001	0.924416	1.08713	2
4	23000001	1.00199	1.08713	2
4	24000001	1.21459	1.08713	2
4	25000001	0.905895	1.08713	2
4	26000001	0.950081	1.08713	2
4	27000001	0.919941	1.08713	2
4	28000001	1.07344	1.08713	2
4	29000001	1.12196	1.08713	2
4	30000001	0.939024	1.08713	2
4	31000001	0.968837	1.08713	2
4	32000001	1.42222	1.08713	2
4	33000001	1.11624	1.08713	2
4	34000001	1.03844	1.08713	2
4	35000001	1.17166	1.08713	2
4	36000001	1.16134	1.08713	2
4	37000001	0.931274	1.08713	2
4	38000001	1.10136	1.08713	2
4	39000001	6.1274	6.1274	12
4	40000001	0.959611	0.959611	2
4	41000001	0.894806	0.959611	2
4	42000001	1.19812	0.959611	2
4	43000001	3.1492	3.1492	6
4	44000001	1.26385	1.01435	2
4	45000001	0.978222	1.01435	2
4	46000001	1.10353	1.01435	2
4	47000001	0.931079	1.01435	2
4	48000001	1.01435	1.01435	2
4	49000001	1.81355	1.51644	3
4	50000001	1.51644	1.51644	3
4	51000001	1.47997	1.51644	3
4	52000001	1.18688	1.06307	2
4	53000001	0.863589	1.06307	2
4	54000001	1.00727	1.06307	2
4	55000001	1.162	1.06307	2
4	56000001	0.859283	1.06307	2
4	57000001	0.941221	1.06307	2
4	58000001	1.34706	1.06307	2
4	59000001	1.17426	1.06307	2
4	60000001	1.06284	1.06307	2
4	61000001	1.1066	1.06307	2
4	62000001	1.15482	1.06307	2
4	63000001	1.32519	1.06307	2
4	64000001	0.885099	1.06307	2
4	65000001	1.02283	1.06307	2
4	66000001	0.940793	1.06307	2
4	67000001	1.07012	1.06307	2
4	68000001	1.06329	1.06307	2
4	69000001	0.82708	1.06307	2
4	70000001	3.17598	3.17598	6
4	71000001	1.20109	1.10638	2
4	72000001	1.27009	1.10638	2
4	73000001	0.962088	1.10638	2
4	74000001	1.13096	1.10638	2
4	75000001	0.94225	1.10638	2
4	76000001	0.852529	1.10638	2
4	77000001	1.18748	1.10638	2
4	78000001	1.21786	1.10638	2
4	79000001	0.953885	1.10638	2
4	80000001	1.79267	1.10638	2
4	81000001	1.08181	1.10638	2
4	82000001	1.02761	1.10638	2
4	83000001	1.26401	1.10638	2
4	84000001	1.05612	1.10638	2
4	85000001	1.22425	1.10638	2
4	86000001	0.891829	1.10638	2
4	87000001	1.91764	1.91764	4
4	88000001	0.860816	1.05918	2
4	89000001	1.05918	1.05918	2
4	90000001	1.43706	1.05918	2
4	91000001	0.721213	1.05918	2
4	92000001	0.925386	1.05918	2
4	93000001	1.19095	1.05918	2
4	94000001	0.944253	1.05918	2
4	95000001	1.15451	1.05918	2
4	96000001	1.29732	1.05918	2
4	97000001	1.28565	1.05918	2
4	98000001	1.01966	1.05918	2
4	99000001	1.09286	1.05918	2
4	100000001	0.946972	1.05918	2
4	101000001	0.972851	1.05918	2
4	102000001	1.15381	1.05918	2
4	103000001	1.25726	1.25726	3
4	104000001	1.84833	1.25726	3
4	105000001	1.22546	1.25726	3
4	106000001	1.31769	1.25726	3
4	107000001	0.982548	1.25726	3
4	108000001	1.07368	1.25726	3
4	109000001	1.49025	1.25726	3
4	110000001	1.24115	1.25726	3
4	111000001	1.37019	1.25726	3
4	112000001	1.06185	1.03992	2
4	113000001	1.00131	1.03992	2
4	114000001	1.24403	1.03992	2
4	115000001	0.764611	1.03992	2
4	116000001	1.20397	1.03992	2
4	117000001	0.966131	1.03992	2
4	118000001	0.988459	1.03992	2
4	119000001	0.907806	1.03992	2
4	120000001	0.863521	1.03992	2
4	121000001	1.36771	1.03992	2
4	122000001	0.902428	1.03992	2
4	123000001	0.979599	1.03992	2
4	124000001	1.20393	1.03992	2
4	125000001	0.868097	1.03992	2
4	126000001	1.00708	1.03992	2
4	127000001	1.08827	1.03992	2
4	128000001	1.06448	1.03992	2
4	129000001	1.17006	1.03992	2
4	130000001	0.933657	1.03992	2
4	131000001	0.900417	1.03992	2
4	132000001	1.03004	1.03992	2
4	133000001	1.32479	1.03992	2
4	134000001	1.06095	1.03992	2
4	135000001	1.09312	1.03992	2
4	136000001	1.24342	1.03992	2
4	137000001	1.1424	1.03992	2
4	138000001	0.651395	1.03992	2
4	139000001	1.12598	1.03992	2
4	140000001	1.04981	1.03992	2
4	141000001	0.785156	1.03992	2
4	142000001	1.20032	1.18709	2
4	143000001	1.27351	1.18709	2
4	144000001	1.25021	1.18709	2
4	145000001	1.32612	1.18709	2
4	146000001	1.12117	1.18709	2
4	147000001	0.970405	1.18709	2
4	148000001	1.73857	1.18709	2
4	149000001	1.06945	1.18709	2
4	150000001	1.14805	1.18709	2
4	151000001	1.17385	1.18709	2
4	152000001	0.772006	1.01009	2
4	153000001	0.998959	1.01009	2
4	154000001	0.794097	1.01009	2
4	155000001	1.08577	1.01009	2
4	156000001	1.10671	1.01009	2
4	157000001	0.961814	1.01009	2
4	158000001	1.02653	1.01009	2
4	159000001	1.05972	1.01009	2
4	160000001	1.10915	1.01009	2
4	161000001	0.847546	1.01009	2
4	162000001	1.38389	1.01009	2
4	163000001	1.19563	1.01009	2
4	164000001	0.985598	1.01009	2
4	165000001	1.01009	1.01009	2
4	166000001	0.826568	1.01009	2
4	167000001	1.14271	1.01009	2
4	168000001	1.02909	1.01009	2
4	169000001	0.705619	1.01009	2
4	170000001	0.982356	1.01009	2
4	171000001	1.27774	1.28476	3
4	172000001	1.40871	1.28476	3
4	173000001	1.17905	1.28476	3
4	174000001	1.09227	1.28476	3
4	175000001	1.29178	1.28476	3
4	176000001	1.48968	1.28476	3
4	177000001	1.02762	1.08105	2
4	178000001	1.15611	1.08105	2
4	179000001	0.931599	1.08105	2
4	180000001	0.863315	1.08105	2
4	181000001	0.885254	1.08105	2
4	182000001	1.23988	1.08105	2
4	183000001	1.25836	1.08105	2
4	184000001	1.15257	1.08105	2
4	185000001	0.950163	1.08105	2
4	186000001	1.49876	1.08105	2
4	187000001	0.81151	1.08105	2
4	188000001	0.937819	1.08105	2
4	189000001	1.13449	1.08105	2
4	190000001	2.14128	1.08105	2
5	1	1.41756	1.76747	4
5	1000001	2.11737	1.76747	4
5	2000001	0.891094	1.03126	2
5	3000001	1.35386	1.03126	2
5	4000001	1.16318	1.03126	2
5	5000001	0.814009	1.03126	2
5	6000001	1.24091	1.03126	2
5	7000001	1.14104	1.03126	2
5	8000001	0.86908	1.03126	2
5	9000001	1.19129	1.03126	2
5	10000001	0.827327	1.03126	2
5	11000001	1.38805	1.03126	2
5	12000001	1.01388	1.03126	2
5	13000001	0.944604	1.03126	2
5	14000001	0.992406	1.03126	2
5	15000001	0.813745	1.03126	2
5	16000001	0.751815	1.03126	2
5	17000001	1.00111	1.03126	2
5	18000001	1.14578	1.03126	2
5	19000001	1.26375	1.03126	2
5	20000001	1.13409	1.03126	2
5	21000001	1.7427	1.03126	2
5	22000001	1.12547	1.03126	2
5	23000001	0.83969	1.03126	2
5	24000001	0.968387	1.03126	2
5	25000001	1.07168	1.03126	2
5	26000001	0.982105	1.03126	2
5	27000001	1.12569	1.03126	2
5	28000001	1.19835	1.03126	2
5	29000001	1.00277	1.03126	2
5	30000001	1.03126	1.03126	2
5	31000001	1.14775	1.03126	2
5	32000001	0.975749	1.03126	2
5	33000001	2.29459	1.10744	2
5	34000001	1.09175	1.10744	2
5	35000001	1.08389	1.10744	2
5	36000001	1.17959	1.10744	2
5	37000001	1.16091	1.10744	2
5	38000001	0.950728	1.10744	2
5	39000001	1.00663	1.10744	2
5	40000001	0.884187	1.10744	2
5	41000001	1.57127	1.10744	2
5	42000001	1.54683	1.10744	2
5	43000001	1.06382	1.10744	2
5	44000001	0.931302	1.10744	2
5	45000001	1.30182	1.10744	2
5	46000001	0.96253	1.10744	2
5	47000001	1.06703	1.10744	2
5	48000001	1.16145	1.10744	2
5	49000001	1.4321	1.10744	2
5	50000001	1.65581	1.10744	2
5	51000001	1.10744	1.10744	2
5	52000001	1.05313	1.10744	2
5	53000001	1.273	1.10744	2
5	54000001	1.01754	1.0214	2
5	55000001	1.17822	1.0214	2
5	56000001	0.846127	1.0214	2
5	57000001	1.0527	1.0214	2
5	58000001	1.00014	1.0214	2
5	59000001	1.06571	1.0214	2
5	60000001	1.3032	1.0214	2
5	61000001	1.05486	1.0214	2
5	62000001	1.17343	1.0214	2
5	63000001	1.09746	1.0214	2
5	64000001	1.09531	1.0214	2
5	65000001	1.1713	1.0214	2
5	66000001	0.773381	1.0214	2
5	67000001	1.08414	1.0214	2
5	68000001	1.02526	1.0214	2
5	69000001	1.1671	1.0214	2
5	70000001	0.975639	1.0214	2
5	71000001	1.00152	1.0214	2
5	72000001	0.859559	1.0214	2
5	73000001	1.17625	1.0214	2
5	74000001	1.01006	1.0214	2
5	75000001	1.17092	1.0214	2
5	76000001	0.764701	1.0214	2
5	77000001	0.989664	1.0214	2
5	78000001	0.896381	1.0214	2
5	79000001	1.09037	1.0214	2
5	80000001	0.971949	1.0214	2
5	81000001	0.930391	1.0214	2
5	82000001	1.08293	1.0214	2
5	83000001	0.759507	1.0214	2
5	84000001	0.864481	1.0214	2
5	85000001	0.760627	1.0214	2
5	86000001	1.88888	1.88888	4
5	87000001	1.02417	1.01692	2
5	88000001	0.759728	1.01692	2
5	89000001	1.05417	1.01692	2
5	90000001	1.13791	1.01692	2
5	91000001	1.25312	1.01692	2
5	92000001	1.06534	1.01692	2
5	93000001	1.2976	1.01692	2
5	94000001	1.41045	1.01692	2
5	95000001	1.0594	1.01692	2
5	96000001	0.976926	1.01692	2
5	97000001	1.29521	1.01692	2
5	98000001	0.735251	1.01692	2
5	99000001	0.809004	1.01692	2
5	100000001	0.977287	1.01692	2
5	101000001	0.952362	1.01692	2
5	102000001	0.937665	1.01692	2
5	103000001	0.909811	1.01692	2
5	104000001	0.919997	1.01692	2
5	105000001	1.01751	1.01692	2
5	106000001	1.17006	1.01692	2
5	107000001	1.29558	1.01692	2
5	108000001	1.10871	1.01692	2
5	109000001	1.19815	1.01692	2
5	110000001	1.10286	1.01692	2
5	111000001	1.17043	1.01692	2
5	112000001	1.18813	1.01692	2
5	113000001	0.893288	1.01692	2
5	114000001	0.769341	1.01692	2
5	115000001	0.972318	1.01692	2
5	116000001	0.982507	1.01692	2
5	117000001	1.22187	1.01692	2
5	118000001	1.13364	1.01692	2
5	119000001	0.987788	1.01692	2
5	120000001	0.900381	1.01692	2
5	121000001	1.13095	1.01692	2
5	122000001	1.03615	1.01692	2
5	123000001	1.17043	1.01692	2
5	124000001	1.07482	1.01692	2
5	125000001	1.19655	1.01692	2
5	126000001	0.911351	1.01692	2
5	127000001	0.940938	1.01692	2
5	128000001	1.01222	1.01692	2
5	129000001	0.814517	1.01692	2
5	130000001	0.739364	1.01692	2
5	131000001	0.80844	1.01692	2
5	132000001	1.01632	1.01692	2
5	133000001	0.958288	1.01692	2
5	134000001	0.786446	1.01692	2
5	135000001	0.865084	1.01692	2
5	136000001	1.05488	1.01692	2
5	137000001	1.1914	1.01692	2
5	138000001	1.10409	1.01692	2
5	139000001	0.850871	1.01692	2
5	140000001	1.0154	1.01692	2
5	141000001	1.00762	1.01692	2
5	142000001	1.65273	1.01692	2
5	143000001	1.14013	1.01692	2
5	144000001	0.826135	1.01692	2
5	145000001	1.80105	1.80105	4
5	146000001	1.02373	1.04915	2
5	147000001	0.919023	1.04915	2
5	148000001	1.10631	1.04915	2
5	149000001	1.67013	1.04915	2
5	150000001	0.803246	1.04915	2
5	151000001	0.849487	1.04915	2
5	152000001	1.09682	1.04915	2
5	153000001	1.05211	1.04915	2
5	154000001	0.725484	1.04915	2
5	155000001	1.08703	1.04915	2
5	156000001	1.50061	1.04915	2
5	157000001	1.01035	1.04915	2
5	158000001	0.921217	1.04915	2
5	159000001	1.09442	1.04915	2
5	160000001	1.02921	1.04915	2
5	161000001	1.12697	1.04915	2
5	162000001	0.841992	1.04915	2
5	163000001	1.0683	1.04915	2
5	164000001	0.903377	1.04915	2
5	165000001	1.0914	1.04915	2
5	166000001	0.946957	1.04915	2
5	167000001	0.987263	1.04915	2
5	168000001	1.36015	1.04915	2
5	169000001	1.13322	1.04915	2
5	170000001	1.1404	1.04915	2
5	171000001	1.13674	1.04915	2
5	172000001	0.887909	1.04915	2
5	173000001	0.977979	1.04915	2
5	174000001	1.253	1.04915	2
5	175000001	1.01416	1.04915	2
5	176000001	1.06134	1.04915	2
5	177000001	1.0378	1.04915	2
5	178000001	1.04618	1.04915	2
5	179000001	1.12661	1.04915	2
5	180000001	0.968497	1.04915	2
5	181000001	1.53635	1.04915	2
6	1	0.947292	1.05498	2
6	1000001	1.29815	1.05498	2
6	2000001	1.06293	1.05498	2
6	3000001	0.993291	1.05498	2
6	4000001	0.63151	1.05498	2
6	5000001	1.0802	1.05498	2
6	6000001	1.37029	1.05498	2
6	7000001	1.12258	1.05498	2
6	8000001	1.06397	1.05498	2
6	9000001	1.02422	1.05498	2
6	10000001	1.1061	1.05498	2
6	11000001	0.955387	1.05498	2
6	12000001	1.33324	1.05498	2
6	13000001	1.09409	1.05498	2
6	14000001	0.727307	1.05498	2
6	15000001	1.05877	1.05498	2
6	16000001	0.895482	1.05498	2
6	17000001	0.884398	1.05498	2
6	18000001	1.01235	1.05498	2
6	19000001	1.05245	1.05498	2
6	20000001	1.05751	1.05498	2
6	21000001	0.971042	1.05498	2
6	22000001	1.08255	1.08255	2
6	23000001	1.06423	1.08255	2
6	24000001	1.54907	1.08255	2
6	25000001	1.05996	0.918125	2
6	26000001	0.842536	0.918125	2
6	27000001	0.890409	0.918125	2
6	28000001	1.10165	0.918125	2
6	29000001	0.961732	0.918125	2
6	30000001	0.780587	0.918125	2
6	31000001	0.855078	0.918125	2
6	32000001	0.918125	0.918125	2
6	33000001	0.989547	0.918125	2
6	34000001	0.844801	0.918125	2
6	35000001	1.03459	0.918125	2
6	36000001	0.88536	0.918125	2
6	37000001	0.993187	0.918125	2
6	38000001	0.915585	0.918125	2
6	39000001	0.850007	0.918125	2
6	40000001	0.975669	0.918125	2
6	41000001	0.992476	0.918125	2
6	42000001	1.27165	1.06182	2
6	43000001	1.03634	1.06182	2
6	44000001	1.08962	1.06182	2
6	45000001	0.954195	1.06182	2
6	46000001	1.26379	1.06182	2
6	47000001	0.988563	1.06182	2
6	48000001	1.3044	1.06182	2
6	49000001	1.077	1.06182	2
6	50000001	1.04862	1.06182	2
6	51000001	1.05834	1.06182	2
6	52000001	0.969316	1.06182	2
6	53000001	1.0653	1.06182	2
6	54000001	1.47054	1.50587	3
6	55000001	1.5412	1.50587	3
6	56000001	1.18472	1.09599	2
6	57000001	1.27653	1.09599	2
6	58000001	1.12157	1.09599	2
6	59000001	0.85721	1.09599	2
6	60000001	1.29262	1.09599	2
6	61000001	0.993772	1.09599	2
6	62000001	0.857353	1.09599	2
6	63000001	1.18401	1.09599	2
6	64000001	0.895463	1.09599	2
6	65000001	1.29724	1.09599	2
6	66000001	1.21784	1.09599	2
6	67000001	1.02167	1.09599	2
6	68000001	0.862346	1.09599	2
6	69000001	0.955602	1.09599	2
6	70000001	1.18196	1.09599	2
6	71000001	1.11224	1.09599	2
6	72000001	1.1728	1.09599	2
6	73000001	0.971013	1.09599	2
6	74000001	1.24562	1.09599	2
6	75000001	1.03844	1.09599	2
6	76000001	1.11038	1.09599	2
6	77000001	0.767684	1.09599	2
6	78000001	0.951793	1.09599	2
6	79000001	1.05914	1.09599	2
6	80000001	1.12257	1.09599	2
6	81000001	1.13586	1.09599	2
6	82000001	0.937363	1.09599	2
6	83000001	0.742055	1.09599	2
6	84000001	1.00969	1.09599	2
6	85000001	1.07322	1.09599	2
6	86000001	1.15411	1.09599	2
6	87000001	1.09599	1.09599	2
6	88000001	1.062	1.09599	2
6	89000001	1.09673	1.09599	2
6	90000001	1.1947	1.09599	2
6	91000001	0.890216	1.09599	2
6	92000001	0.909375	1.09599	2
6	93000001	1.1537	1.09599	2
6	94000001	1.11364	1.09599	2
6	95000001	1.27182	1.09599	2
6	96000001	0.754693	1.09599	2
6	97000001	1.06285	1.09599	2
6	98000001	1.1847	1.09599	2
6	99000001	0.955829	1.09599	2
6	100000001	0.878885	1.09599	2
6	101000001	1.37049	1.09599	2
6	102000001	1.11974	1.09599	2
6	103000001	0.755511	0.826197	2
6	104000001	0.826197	0.826197	2
6	105000001	0.927191	0.826197	2
6	106000001	1.15932	1.12303	2
6	107000001	1.23423	1.12303	2
6	108000001	0.988461	1.12303	2
6	109000001	1.08458	1.12303	2
6	110000001	1.08382	1.12303	2
6	111000001	1.06041	1.12303	2
6	112000001	1.2304	1.12303	2
6	113000001	0.958394	1.12303	2
6	114000001	1.12829	1.12303	2
6	115000001	1.18949	1.12303	2
6	116000001	1.22053	1.12303	2
6	117000001	1.12303	1.12303	2
6	118000001	0.983789	1.12303	2
6	119000001	1.02181	1.12303	2
6	120000001	1.55262	1.12303	2
6	121000001	0.973135	1.12303	2
6	122000001	1.17618	1.12303	2
6	123000001	1.15434	1.12303	2
6	124000001	0.94252	1.12303	2
6	125000001	0.955066	1.12303	2
6	126000001	1.262	1.12303	2
6	127000001	0.898419	1.12303	2
6	128000001	1.02858	1.12303	2
6	129000001	1.25778	1.12303	2
6	130000001	1.13246	1.12303	2
6	131000001	1.0633	1.12303	2
6	132000001	1.19126	1.12303	2
6	133000001	0.919709	1.12303	2
6	134000001	0.97975	1.12303	2
6	135000001	1.37982	1.12303	2
6	136000001	1.15252	1.12303	2
6	137000001	0.92317	0.912903	2
6	138000001	0.994618	0.912903	2
6	139000001	0.83768	0.912903	2
6	140000001	0.911424	0.912903	2
6	141000001	0.917001	0.912903	2
6	142000001	1.19752	0.912903	2
6	143000001	0.914381	0.912903	2
6	144000001	0.890961	0.912903	2
6	145000001	0.921781	0.912903	2
6	146000001	0.681479	0.912903	2
6	147000001	0.664893	0.912903	2
6	148000001	0.901069	0.912903	2
6	149000001	1.06921	1.06853	2
6	150000001	0.995211	1.06853	2
6	151000001	1.28084	1.06853	2
6	152000001	1.21016	1.06853	2
6	153000001	1.08282	1.06853	2
6	154000001	0.794036	1.06853	2
6	155000001	1.07274	1.06853	2
6	156000001	0.996819	1.06853	2
6	157000001	1.09311	1.06853	2
6	158000001	1.02611	1.06853	2
6	159000001	0.982882	1.06853	2
6	160000001	1.13193	1.06853	2
6	161000001	1.06785	1.06853	2
6	162000001	1.52418	1.06853	2
6	163000001	1.06757	1.06853	2
6	164000001	1.10751	1.06853	2
6	165000001	1.02041	1.06853	2
6	166000001	0.962484	1.06853	2
6	167000001	1.66719	1.47745	3
6	168000001	1.3851	1.47745	3
6	169000001	1.56981	1.47745	3
6	170000001	0.945819	1.47745	3
7	1	0.810587	1.06261	2
7	1000001	1.08407	1.06261	2
7	2000001	1.15129	1.06261	2
7	3000001	0.94066	1.06261	2
7	4000001	1.06261	1.06261	2
7	5000001	0.944832	1.06261	2
7	6000001	1.05866	1.06261	2
7	7000001	1.58327	1.06261	2
7	8000001	1.05037	1.06261	2
7	9000001	1.16567	1.06261	2
7	10000001	1.17918	1.06261	2
7	11000001	0.631574	1.06261	2
7	12000001	1.22053	1.06261	2
7	13000001	1.02789	1.06261	2
7	14000001	1.59137	1.06261	2
7	15000001	1.07666	1.06261	2
7	16000001	1.0027	1.06261	2
7	17000001	0.884745	1.06261	2
7	18000001	1.4247	1.06261	2
7	19000001	0.998746	1.06261	2
7	20000001	1.5253	1.06261	2
7	21000001	0.955637	0.991491	2
7	22000001	1.1057	0.991491	2
7	23000001	0.905471	0.991491	2
7	24000001	0.850326	0.991491	2
7	25000001	1.02383	0.991491	2
7	26000001	1.01319	0.991491	2
7	27000001	0.843217	0.991491	2
7	28000001	0.803079	0.991491	2
7	29000001	0.878963	0.991491	2
7	30000001	0.99586	0.991491	2
7	31000001	0.969523	0.991491	2
7	32000001	1.11982	0.991491	2
7	33000001	1.20305	0.991491	2
7	34000001	1.07144	0.991491	2
7	35000001	0.967375	0.991491	2
7	36000001	1.34352	0.991491	2
7	37000001	1.28999	0.991491	2
7	38000001	0.879158	0.991491	2
7	39000001	1.14164	0.991491	2
7	40000001	0.991491	0.991491	2
7	41000001	1.20744	0.991491	2
7	42000001	1.21932	0.991491	2
7	43000001	0.980079	0.991491	2
7	44000001	0.966148	0.991491	2
7	45000001	0.954394	0.991491	2
7	46000001	0.834287	0.991491	2
7	47000001	1.10801	0.991491	2
7	48000001	0.946418	0.991491	2
7	49000001	1.29051	0.991491	2
7	50000001	0.748971	0.991491	2
7	51000001	1.25229	0.991491	2
7	52000001	0.98498	0.991491	2
7	53000001	1.07249	0.991491	2
7	54000001	1.97361	1.97361	4
7	55000001	0.97383	1.06252	2
7	56000001	1.34058	1.06252	2
7	57000001	1.0702	1.06252	2
7	58000001	0.897413	1.06252	2
7	59000001	0.841459	1.06252	2
7	60000001	0.888223	1.06252	2
7	61000001	1.02056	1.06252	2
7	62000001	0.827053	1.06252	2
7	63000001	1.11027	1.06252	2
7	64000001	0.958195	1.06252	2
7	65000001	1.56747	1.06252	2
7	66000001	0.985795	1.06252	2
7	67000001	0.827418	1.06252	2
7	68000001	1.30698	1.06252	2
7	69000001	1.03697	1.06252	2
7	70000001	1.58024	1.06252	2
7	71000001	0.999763	1.06252	2
7	72000001	1.13431	1.06252	2
7	73000001	1.20324	1.06252	2
7	74000001	0.876805	1.06252	2
7	75000001	0.813283	1.06252	2
7	76000001	1.30906	1.06252	2
7	77000001	1.07779	1.06252	2
7	78000001	1.08812	1.06252	2
7	79000001	1.25085	1.06252	2
7	80000001	0.982197	1.06252	2
7	81000001	1.25983	1.06252	2
7	82000001	1.16449	1.06252	2
7	83000001	1.01859	1.06252	2
7	84000001	1.10467	1.06252	2
7	85000001	1.11538	1.06252	2
7	86000001	0.843393	1.06252	2
7	87000001	0.992826	1.06252	2
7	88000001	0.961564	1.06252	2
7	89000001	1.18835	1.06252	2
7	90000001	1.43216	1.06252	2
7	91000001	1.16495	1.06252	2
7	92000001	1.3391	1.06252	2
7	93000001	1.1524	1.06252	2
7	94000001	1.00662	1.06252	2
7	95000001	1.15413	1.06252	2
7	96000001	1.09245	1.06252	2
7	97000001	0.799903	1.06252	2
7	98000001	0.846021	1.06252	2
7	99000001	0.924514	1.06252	2
7	100000001	1.01457	1.06252	2
7	101000001	1.12407	1.06252	2
7	102000001	1.11968	1.06252	2
7	103000001	1.16686	1.06252	2
7	104000001	1.04658	1.06252	2
7	105000001	1.19625	1.06252	2
7	106000001	0.863104	1.06252	2
7	107000001	1.19002	1.06252	2
7	108000001	1.05168	1.06252	2
7	109000001	1.16072	1.06252	2
7	110000001	1.09983	1.06252	2
7	111000001	0.727099	1.06252	2
7	112000001	1.53348	1.06252	2
7	113000001	1.03184	1.06252	2
7	114000001	1.3353	1.06252	2
7	115000001	1.28944	1.06252	2
7	116000001	0.763582	1.06252	2
7	117000001	1.09331	1.06252	2
7	118000001	1.06252	1.06252	2
7	119000001	1.10144	1.06252	2
7	120000001	1.25074	1.06252	2
7	121000001	0.905679	1.06252	2
7	122000001	1.10448	1.06252	2
7	123000001	1.08016	1.06252	2
7	124000001	0.966988	1.06252	2
7	125000001	1.07823	1.06252	2
7	126000001	1.2451	1.06252	2
7	127000001	0.989643	1.06252	2
7	128000001	0.755211	1.06252	2
7	129000001	0.923911	1.06252	2
7	130000001	0.930231	1.06252	2
7	131000001	0.824194	1.06252	2
7	132000001	0.982524	1.06252	2
7	133000001	0.987954	1.06252	2
7	134000001	1.00371	1.06252	2
7	135000001	0.985718	1.06252	2
7	136000001	1.07823	1.06252	2
7	137000001	1.05033	1.06252	2
7	138000001	1.21545	1.06252	2
7	139000001	1.15064	1.06252	2
7	140000001	0.820624	1.06252	2
7	141000001	0.911848	1.06252	2
7	142000001	1.46029	1.06252	2
7	143000001	1.25938	1.06252	2
7	144000001	1.1013	1.06252	2
7	145000001	0.866999	1.06252	2
7	146000001	0.974816	1.06252	2
7	147000001	1.25922	1.06252	2
7	148000001	0.953826	1.06252	2
7	149000001	0.91177	1.06252	2
7	150000001	1.39676	1.06252	2
7	151000001	1.42072	1.06252	2
7	152000001	0.775562	1.06252	2
7	153000001	0.996108	1.06252	2
7	154000001	0.907744	1.06252	2
7	155000001	1.22737	1.06252	2
7	156000001	1.13388	1.06252	2
7	157000001	0.82175	1.06252	2
7	158000001	1.8522	2.12292	4
7	159000001	2.39364	2.12292	4
8	1	0.916092	1.07616	2
8	1000001	1.12655	1.07616	2
8	2000001	0.897888	1.07616	2
8	3000001	1.06027	1.07616	2
8	4000001	1.38523	1.07616	2
8	5000001	1.06308	1.07616	2
8	6000001	1.01839	1.07616	2
8	7000001	1.10395	1.07616	2
8	8000001	0.975219	1.07616	2
8	9000001	1.04635	1.07616	2
8	10000001	0.933533	1.07616	2
8	11000001	0.826911	1.07616	2
8	12000001	1.00348	1.07616	2
8	13000001	0.941916	1.07616	2
8	14000001	1.16808	1.07616	2
8	15000001	0.918848	1.07616	2
8	16000001	1.33275	1.07616	2
8	17000001	1.29165	1.07616	2
8	18000001	1.31634	1.07616	2
8	19000001	1.06911	1.07616	2
8	20000001	0.894095	1.07616	2
8	21000001	1.0519	1.07616	2
8	22000001	0.811537	1.07616	2
8	23000001	1.11927	1.07616	2
8	24000001	1.21181	1.07616	2
8	25000001	0.956617	1.07616	2
8	26000001	0.832456	1.07616	2
8	27000001	1.08772	1.07616	2
8	28000001	0.713643	1.07616	2
8	29000001	1.30894	1.07616	2
8	30000001	0.990665	1.07616	2
8	31000001	1.40684	1.07616	2
8	32000001	0.856239	1.07616	2
8	33000001	0.996274	1.07616	2
8	34000001	1.28646	1.07616	2
8	35000001	1.19502	1.07616	2
8	36000001	1.03223	1.07616	2
8	37000001	1.06147	1.07616	2
8	38000001	1.00594	1.07616	2
8	39000001	1.15301	1.07616	2
8	40000001	1.02753	1.07616	2
8	41000001	0.755652	1.07616	2
8	42000001	1.02926	1.07616	2
8	43000001	1.2529	1.07616	2
8	44000001	0.731255	1.07616	2
8	45000001	1.01407	1.07616	2
8	46000001	1.07616	1.07616	2
8	47000001	1.21683	1.07616	2
8	48000001	1.15933	1.07616	2
8	49000001	0.855612	1.07616	2
8	50000001	1.22332	1.07616	2
8	51000001	1.35491	1.07616	2
8	52000001	1.14013	1.07616	2
8	53000001	0.950229	1.07616	2
8	54000001	1.00147	1.07616	2
8	55000001	0.9346	1.07616	2
8	56000001	1.28551	1.07616	2
8	57000001	0.932945	1.07616	2
8	58000001	1.28278	1.07616	2
8	59000001	1.19968	1.07616	2
8	60000001	0.803189	1.07616	2
8	61000001	0.991581	1.07616	2
8	62000001	1.28263	1.07616	2
8	63000001	1.32407	1.07616	2
8	64000001	0.975561	1.07616	2
8	65000001	1.11298	1.07616	2
8	66000001	1.20566	1.07616	2
8	67000001	1.01769	1.07616	2
8	68000001	1.07987	1.07616	2
8	69000001	1.03951	1.07616	2
8	70000001	1.0978	1.07616	2
8	71000001	1.1421	1.07616	2
8	72000001	1.04625	1.07616	2
8	73000001	1.09563	1.07616	2
8	74000001	1.04351	1.07616	2
8	75000001	0.977003	1.07616	2
8	76000001	1.08958	1.07616	2
8	77000001	1.27971	1.07616	2
8	78000001	0.993657	1.07616	2
8	79000001	1.049	1.07616	2
8	80000001	1.15955	1.07616	2
8	81000001	0.960308	1.07616	2
8	82000001	1.12813	1.07616	2
8	83000001	0.925177	1.07616	2
8	84000001	1.12078	1.07616	2
8	85000001	1.10322	1.07616	2
8	86000001	1.35122	1.07616	2
8	87000001	1.03542	1.07616	2
8	88000001	1.30184	1.07616	2
8	89000001	1.11644	1.07616	2
8	90000001	1.09221	1.07616	2
8	91000001	1.17443	1.07616	2
8	92000001	1.08179	1.07616	2
8	93000001	1.3505	1.07616	2
8	94000001	1.16316	1.07616	2
8	95000001	1.30803	1.07616	2
8	96000001	0.835332	1.07616	2
8	97000001	1.04302	1.07616	2
8	98000001	1.1112	1.07616	2
8	99000001	0.863421	1.07616	2
8	100000001	1.01469	1.07616	2
8	101000001	1.00108	1.07616	2
8	102000001	0.973395	1.07616	2
8	103000001	0.919997	1.07616	2
8	104000001	0.971797	1.07616	2
8	105000001	1.20527	1.07616	2
8	106000001	0.842672	1.07616	2
8	107000001	1.11544	1.07616	2
8	108000001	1.47856	1.07616	2
8	109000001	1.39647	1.07616	2
8	110000001	1.10868	1.07616	2
8	111000001	0.876945	1.07616	2
8	112000001	1.21984	1.07616	2
8	113000001	1.01299	1.07616	2
8	114000001	1.20282	1.07616	2
8	115000001	0.914346	1.07616	2
8	116000001	1.14201	1.07616	2
8	117000001	1.25674	1.07616	2
8	118000001	1.15031	1.07616	2
8	119000001	0.983844	1.07616	2
8	120000001	1.12784	1.07616	2
8	121000001	0.922698	1.07616	2
8	122000001	1.09093	1.07616	2
8	123000001	1.0922	1.07616	2
8	124000001	1.0831	1.07616	2
8	125000001	0.916706	0.916706	2
8	126000001	0.940094	0.916706	2
8	127000001	0.756115	0.916706	2
8	128000001	1.32448	0.916706	2
8	129000001	0.811049	0.916706	2
8	130000001	0.846704	0.916706	2
8	131000001	0.794315	0.916706	2
8	132000001	1.31635	0.916706	2
8	133000001	0.938464	0.916706	2
8	134000001	0.911223	0.916706	2
8	135000001	0.957552	0.916706	2
8	136000001	0.908516	0.916706	2
8	137000001	0.973827	0.916706	2
8	138000001	4.59937	4.59937	9
8	139000001	0.981821	0.981821	2
8	140000001	0.976271	0.981821	2
8	141000001	1.0349	0.981821	2
8	142000001	1.10829	0.981821	2
8	143000001	0.975863	0.981821	2
8	144000001	0.969771	0.981821	2
8	145000001	1.28427	0.981821	2
9	1	0.77144	0.77144	2
9	1000001	1.15597	1.09188	2
9	2000001	1.09188	1.09188	2
9	3000001	1.06766	1.09188	2
9	4000001	1.12101	1.09188	2
9	5000001	0.971953	1.09188	2
9	6000001	1.05169	1.09188	2
9	7000001	1.09199	1.09188	2
9	8000001	1.14247	1.19796	2
9	9000001	1.31886	1.19796	2
9	10000001	1.2475	1.19796	2
9	11000001	1.10094	1.19796	2
9	12000001	1.19796	1.19796	2
9	13000001	0.99284	0.937899	2
9	14000001	0.909354	0.937899	2
9	15000001	0.966444	0.937899	2
9	16000001	0.717181	0.937899	2
9	17000001	1.15373	0.937899	2
9	18000001	0.836861	0.937899	2
9	19000001	1.14025	1.15563	2
9	20000001	1.00955	1.15563	2
9	21000001	1.22214	1.15563	2
9	22000001	0.898152	1.15563	2
9	23000001	1.05267	1.15563	2
9	24000001	1.02464	1.15563	2
9	25000001	1.28011	1.15563	2
9	26000001	1.26013	1.15563	2
9	27000001	0.964885	1.15563	2
9	28000001	1.21217	1.15563	2
9	29000001	1.05869	1.15563	2
9	30000001	1.21602	1.15563	2
9	31000001	1.1982	1.15563	2
9	32000001	1.171	1.15563	2
9	33000001	0.908795	0.970164	2
9	34000001	1.05912	0.970164	2
9	35000001	0.953287	0.970164	2
9	36000001	0.896352	0.970164	2
9	37000001	0.976747	0.970164	2
9	38000001	0.970164	0.970164	2
9	39000001	1.04347	0.970164	2
9	40000001	1.2715	1.1669	2
9	41000001	1.10583	1.1669	2
9	42000001	1.1669	1.1669	2
9	43000001	1.40342	-1	2
9	44000001	1.31447	-1	2
9	45000001	1.63987	-1	2
9	46000001	-1	-1	2
9	47000001	-1	-1	2
9	48000001	-1	-1	2
9	49000001	-1	-1	2
9	50000001	-1	-1	2
9	51000001	-1	-1	2
9	52000001	-1	-1	2
9	53000001	-1	-1	2
9	54000001	-1	-1	2
9	55000001	-1	-1	2
9	56000001	-1	-1	2
9	57000001	-1	-1	2
9	58000001	-1	-1	2
9	59000001	-1	-1	2
9	60000001	1.36825	-1	2
9	61000001	1.03129	0.910181	2
9	62000001	0.78907	0.910181	2
9	63000001	1.39711	1.25905	3
9	64000001	1.25905	1.25905	3
9	65000001	1.24511	1.25905	3
9	66000001	1.02463	1.06746	2
9	67000001	0.84432	1.06746	2
9	68000001	1.15225	1.06746	2
9	69000001	1.07618	1.06746	2
9	70000001	1.20169	1.06746	2
9	71000001	1.12517	1.06746	2
9	72000001	0.921207	1.06746	2
9	73000001	1.12848	1.06746	2
9	74000001	1.13292	1.06746	2
9	75000001	0.997549	1.06746	2
9	76000001	0.882425	1.06746	2
9	77000001	0.90555	1.06746	2
9	78000001	1.33373	1.06746	2
9	79000001	0.906727	1.06746	2
9	80000001	1.37054	1.06746	2
9	81000001	0.939703	1.06746	2
9	82000001	1.05874	1.06746	2
9	83000001	1.00471	1.06746	2
9	84000001	1.15969	1.06746	2
9	85000001	1.18414	1.06746	2
9	86000001	0.766081	0.802569	2
9	87000001	0.675125	0.802569	2
9	88000001	0.6997	0.802569	2
9	89000001	0.839058	0.802569	2
9	90000001	0.914377	0.802569	2
9	91000001	0.930343	0.802569	2
9	92000001	1.01417	1.04111	2
9	93000001	0.915022	1.04111	2
9	94000001	1.13282	1.04111	2
9	95000001	1.11726	1.04111	2
9	96000001	1.13247	1.04111	2
9	97000001	0.808814	1.04111	2
9	98000001	1.0197	1.04111	2
9	99000001	1.06252	1.04111	2
9	100000001	1.37118	1.09646	2
9	101000001	1.09646	1.09646	2
9	102000001	1.43007	1.09646	2
9	103000001	1.20163	1.09646	2
9	104000001	1.00053	1.09646	2
9	105000001	1.06151	1.09646	2
9	106000001	1.08279	1.09646	2
9	107000001	0.849547	1.09646	2
9	108000001	1.15989	1.09646	2
9	109000001	0.934498	1.09646	2
9	110000001	1.6768	1.09646	2
9	111000001	1.05787	1.03297	2
9	112000001	1.11269	1.03297	2
9	113000001	0.867653	1.03297	2
9	114000001	0.846759	1.03297	2
9	115000001	1.22553	1.03297	2
9	116000001	0.95797	1.03297	2
9	117000001	1.07391	1.03297	2
9	118000001	1.12183	1.03297	2
9	119000001	1.18799	1.03297	2
9	120000001	0.842316	1.03297	2
9	121000001	1.07093	1.03297	2
9	122000001	0.953294	1.03297	2
9	123000001	0.950847	1.03297	2
9	124000001	0.88064	1.03297	2
9	125000001	0.961983	1.03297	2
9	126000001	0.900016	1.03297	2
9	127000001	0.900606	1.03297	2
9	128000001	1.03995	1.03297	2
9	129000001	1.4416	1.03297	2
9	130000001	1.07959	1.03297	2
9	131000001	0.84538	1.03297	2
9	132000001	1.01898	1.03297	2
9	133000001	1.13252	1.03297	2
9	134000001	1.2232	1.03297	2
9	135000001	0.929185	1.03297	2
9	136000001	1.02599	1.03297	2
9	137000001	1.07104	1.03297	2
9	138000001	1.04504	1.03297	2
X	1	0.940249	0.792564	2
X	1000001	0.792564	0.792564	2
X	2000001	0.559033	0.792564	2
X	3000001	1.21874	1.21874	2
X	4000001	0.791896	0.644921	1
X	5000001	0.668508	0.644921	1
X	6000001	0.566809	0.644921	1
X	7000001	0.633438	0.644921	1
X	8000001	0.426037	0.644921	1
X	9000001	0.881123	0.644921	1
X	10000001	0.534116	0.644921	1
X	11000001	1.02683	0.644921	1
X	12000001	0.410629	0.644921	1
X	13000001	0.483153	0.644921	1
X	14000001	0.629614	0.644921	1
X	15000001	0.644921	0.644921	1
X	16000001	0.740816	0.644921	1
X	17000001	0.673406	0.644921	1
X	18000001	0.558464	0.644921	1
X	19000001	0.708182	0.644921	1
X	20000001	0.717831	0.644921	1
X	21000001	0.633273	0.644921	1
X	22000001	0.800103	0.644921	1
X	23000001	0.423422	0.526689	1
X	24000001	0.41725	0.526689	1
X	25000001	0.674322	0.526689	1
X	26000001	0.641089	0.526689	1
X	27000001	0.497678	0.526689	1
X	28000001	0.354591	0.526689	1
X	29000001	0.382967	0.526689	1
X	30000001	0.538164	0.526689	1
X	31000001	0.387061	0.526689	1
X	32000001	0.531813	0.526689	1
X	33000001	0.51229	0.526689	1
X	34000001	0.598512	0.526689	1
X	35000001	0.606912	0.526689	1
X	36000001	0.760007	0.526689	1
X	37000001	0.447462	0.526689	1
X	38000001	0.245947	0.526689	1
X	39000001	0.462813	0.526689	1
X	40000001	0.481822	0.526689	1
X	41000001	0.537736	0.526689	1
X	42000001	0.572607	0.526689	1
X	43000001	0.425772	0.526689	1
X	44000001	0.673157	0.526689	1
X	45000001	0.729055	0.526689	1
X	46000001	0.583292	0.526689	1
X	47000001	0.57818	0.526689	1
X	48000001	0.469347	0.526689	1
X	49000001	0.689312	0.526689	1
X	50000001	0.447645	0.526689	1
X	51000001	0.33748	0.526689	1
X	52000001	0.357373	0.526689	1
X	53000001	0.534797	0.526689	1
X	54000001	0.383429	0.526689	1
X	55000001	0.508296	0.526689	1
X	56000001	0.376536	0.526689	1
X	57000001	0.65588	0.526689	1
X	58000001	0.583595	0.526689	1
X	59000001	0.459102	0.526689	1
X	60000001	0.486744	0.526689	1
X	61000001	0.58481	0.526689	1
X	62000001	0.750889	0.526689	1
X	63000001	0.540769	0.526689	1
X	64000001	0.521565	0.526689	1
X	65000001	0.559205	0.526689	1
X	66000001	0.74301	0.526689	1
X	67000001	0.55935	0.526689	1
X	68000001	0.399765	0.526689	1
X	69000001	0.381822	0.526689	1
X	70000001	0.785337	0.526689	1
X	71000001	0.609706	0.526689	1
X	72000001	0.442041	0.526689	1
X	73000001	0.569228	0.526689	1
X	74000001	0.64398	0.526689	1
X	75000001	0.420597	0.526689	1
X	76000001	0.493467	0.526689	1
X	77000001	0.87697	0.87697	2
X	78000001	0.880581	0.87697	2
X	79000001	0.706662	0.87697	2
X	80000001	0.493302	0.58612	1
X	81000001	0.493379	0.58612	1
X	82000001	0.444565	0.58612	1
X	83000001	0.499357	0.58612	1
X	84000001	0.704628	0.58612	1
X	85000001	0.518254	0.58612	1
X	86000001	0.746642	0.58612	1
X	87000001	0.511541	0.58612	1
X	88000001	0.958936	0.58612	1
X	89000001	0.568007	0.58612	1
X	90000001	0.712348	0.58612	1
X	91000001	0.604233	0.58612	1
X	92000001	0.627586	0.58612	1
X	93000001	0.528288	0.58612	1
X	94000001	0.477098	0.58612	1
X	95000001	0.711651	0.58612	1
X	96000001	0.636984	0.58612	1
X	97000001	0.729084	0.58612	1
X	98000001	0.515967	0.515027	1
X	99000001	0.453461	0.515027	1
X	100000001	0.605302	0.515027	1
X	101000001	0.431944	0.515027	1
X	102000001	0.496631	0.515027	1
X	103000001	0.480022	0.515027	1
X	104000001	0.244533	0.515027	1
X	105000001	0.530669	0.515027	1
X	106000001	0.460481	0.515027	1
X	107000001	0.61948	0.515027	1
X	108000001	0.443627	0.515027	1
X	109000001	0.417396	0.515027	1
X	110000001	0.479346	0.515027	1
X	111000001	0.644474	0.515027	1
X	112000001	0.65422	0.515027	1
X	113000001	0.515027	0.515027	1
X	114000001	0.43973	0.515027	1
X	115000001	0.490371	0.515027	1
X	116000001	0.684279	0.515027	1
X	117000001	0.732035	0.515027	1
X	118000001	0.664312	0.515027	1
X	119000001	0.41052	0.515027	1
X	120000001	0.508421	0.515027	1
X	121000001	0.597764	0.515027	1
X	122000001	0.619057	0.515027	1
X	123000001	0.411586	0.515027	1
X	124000001	0.568689	0.515027	1
X	125000001	0.649539	0.515027	1
X	126000001	0.648043	0.515027	1
X	127000001	0.557087	0.515027	1
X	128000001	0.606487	0.515027	1
X	129000001	0.593717	0.515027	1
X	130000001	0.460887	0.515027	1
X	131000001	0.355984	0.515027	1
X	132000001	0.480348	0.515027	1
X	133000001	0.526617	0.515027	1
X	134000001	0.431309	0.515027	1
X	135000001	1.13619	1.13619	2
X	136000001	0.514902	0.502651	1
X	137000001	0.490938	0.502651	1
X	138000001	0.386876	0.502651	1
X	139000001	0.498418	0.502651	1
X	140000001	0.622187	0.502651	1
X	141000001	0.644851	0.502651	1
X	142000001	0.295436	0.502651	1
X	143000001	0.429112	0.502651	1
X	144000001	0.547862	0.502651	1
X	145000001	0.548552	0.502651	1
X	146000001	0.502651	0.502651	1
X	147000001	0.73304	0.560567	1
X	148000001	0.546622	0.560567	1
X	149000001	0.497048	0.560567	1
X	150000001	0.72395	0.560567	1
X	151000001	0.485679	0.560567	1
X	152000001	0.350865	0.560567	1
X	153000001	0.450791	0.560567	1
X	154000001	0.574513	0.560567	1
X	155000001	0.668106	0.560567	1
X	156000001	2.15273	0.560567	1
Y	1	-1	-1	1
Y	1000001	-1	-1	1
Y	2000001	0.282533	0.535149	1
Y	3000001	0.613331	0.535149	1
Y	4000001	0.702236	0.535149	1
Y	5000001	0.425303	0.535149	1
Y	6000001	0.448359	0.535149	1
Y	7000001	0.614563	0.535149	1
Y	8000001	0.535149	0.535149	1
Y	9000001	0.637546	0.637546	1
Y	10000001	1.38098	0.814526	2
Y	11000001	0.778792	0.814526	2
Y	12000001	0.850259	0.814526	2
Y	13000001	0.694822	0.814526	2
Y	14000001	0.592668	0.62584	1
Y	15000001	0.575208	0.62584	1
Y	16000001	0.449776	0.62584	1
Y	17000001	0.67015	0.62584	1
Y	18000001	0.939072	0.62584	1
Y	19000001	0.505166	0.62584	1
Y	20000001	0.567742	0.62584	1
Y	21000001	0.88258	0.62584	1
Y	22000001	0.659013	0.62584	1
Y	23000001	0.778381	0.62584	1
Y	24000001	0.409955	0.62584	1
Y	25000001	1.01926	0.62584	1
Y	26000001	0.462211	0.62584	1
Y	27000001	-1	0.62584	1
Y	28000001	-1	0.62584	1
Y	29000001	-1	0.62584	1
Y	30000001	-1	0.62584	1
Y	31000001	-1	0.62584	1
Y	32000001	-1	0.62584	1
Y	33000001	-1	0.62584	1
Y	34000001	-1	0.62584	1
Y	35000001	-1	0.62584	1
Y	36000001	-1	0.62584	1
Y	37000001	-1	0.62584	1
Y	38000001	-1	0.62584	1
Y	39000001	-1	0.62584	1
Y	40000001	-1	0.62584	1
Y	41000001	-1	0.62584	1
Y	42000001	-1	0.62584	1
Y	43000001	-1	0.62584	1
Y	44000001	-1	0.62584	1
Y	45000001	-1	0.62584	1
Y	46000001	-1	0.62584	1
Y	47000001	-1	0.62584	1
Y	48000001	-1	0.62584	1
Y	49000001	-1	0.62584	1
Y	50000001	-1	0.62584	1
Y	51000001	-1	0.62584	1
Y	52000001	-1	0.62584	1
Y	53000001	-1	0.62584	1
Y	54000001	-1	0.62584	1
Y	55000001	-1	0.62584	1
Y	56000001	0.87233	0.62584	1
Y	57000001	-1	-1	1
