Chromosome	Start	Ratio	MedianRatio	CopyNumber
1	1	1.4913	1.86125	4
1	1000001	2.23119	1.86125	4
1	2000001	1.19143	1.26618	3
1	3000001	1.26618	1.26618	3
1	4000001	1.74439	1.26618	3
1	5000001	1.10605	1.26618	3
1	6000001	1.28587	1.26618	3
1	7000001	2.2417	2.2417	4
1	8000001	0.921207	1.09676	2
1	9000001	0.952987	1.09676	2
1	10000001	1.22065	1.09676	2
1	11000001	1.17095	1.09676	2
1	12000001	1.19115	1.09676	2
1	13000001	0.820339	1.09676	2
1	14000001	1.09713	1.09676	2
1	15000001	0.7595	1.09676	2
1	16000001	1.09676	1.09676	2
1	17000001	1.17868	1.189	2
1	18000001	1.66096	1.189	2
1	19000001	1.07577	1.189	2
1	20000001	1.19932	1.189	2
1	21000001	1.10826	1.189	2
1	22000001	1.27708	1.189	2
1	23000001	0.912851	0.968811	2
1	24000001	0.967935	0.968811	2
1	25000001	1.10264	0.968811	2
1	26000001	0.801403	0.968811	2
1	27000001	1.05905	0.968811	2
1	28000001	1.2529	0.968811	2
1	29000001	1.11765	0.968811	2
1	30000001	0.978355	0.968811	2
1	31000001	1.13203	0.968811	2
1	32000001	0.968136	0.968811	2
1	33000001	1.28587	0.968811	2
1	34000001	1.06832	0.968811	2
1	35000001	0.809691	0.968811	2
1	36000001	1.10878	0.968811	2
1	37000001	0.831545	0.968811	2
1	38000001	0.879139	0.968811	2
1	39000001	0.939841	0.968811	2
1	40000001	0.789695	0.968811	2
1	41000001	1.12194	0.968811	2
1	42000001	0.818602	0.968811	2
1	43000001	1.03339	0.968811	2
1	44000001	1.60284	0.968811	2
1	45000001	1.10532	0.968811	2
1	46000001	1.01628	0.968811	2
1	47000001	1.10982	0.968811	2
1	48000001	1.00583	0.968811	2
1	49000001	0.916237	0.968811	2
1	50000001	0.892655	0.968811	2
1	51000001	1.16535	0.968811	2
1	52000001	0.939482	0.968811	2
1	53000001	1.02249	0.968811	2
1	54000001	0.992651	0.968811	2
1	55000001	0.755175	0.968811	2
1	56000001	1.00596	0.968811	2
1	57000001	0.815589	0.968811	2
1	58000001	1.17003	0.968811	2
1	59000001	0.924464	0.968811	2
1	60000001	0.995632	0.968811	2
1	61000001	0.86791	0.968811	2
1	62000001	1.17374	0.968811	2
1	63000001	0.767456	0.968811	2
1	64000001	1.08492	0.968811	2
1	65000001	1.01165	0.968811	2
1	66000001	0.804966	0.968811	2
1	67000001	0.898703	0.968811	2
1	68000001	1.1349	0.968811	2
1	69000001	0.781489	0.968811	2
1	70000001	0.762878	0.968811	2
1	71000001	0.807352	0.968811	2
1	72000001	0.959389	0.968811	2
1	73000001	1.02163	0.968811	2
1	74000001	1.03079	0.968811	2
1	75000001	0.957104	0.968811	2
1	76000001	1.04951	0.968811	2
1	77000001	1.20244	0.968811	2
1	78000001	0.965568	0.968811	2
1	79000001	1.29434	0.968811	2
1	80000001	0.6973	0.968811	2
1	81000001	0.819042	0.968811	2
1	82000001	0.95303	0.968811	2
1	83000001	0.819114	0.968811	2
1	84000001	0.919468	0.968811	2
1	85000001	0.898134	0.968811	2
1	86000001	0.811802	0.968811	2
1	87000001	0.727657	0.968811	2
1	88000001	1.09667	0.968811	2
1	89000001	0.858412	0.968811	2
1	90000001	0.949845	0.968811	2
1	91000001	1.52461	0.968811	2
1	92000001	1.00416	0.968811	2
1	93000001	1.18867	0.968811	2
1	94000001	0.926622	0.968811	2
1	95000001	0.751113	0.968811	2
1	96000001	0.850341	0.968811	2
1	97000001	1.05733	0.968811	2
1	98000001	0.83719	0.968811	2
1	99000001	1.04845	0.968811	2
1	100000001	0.9378	0.968811	2
1	101000001	0.969487	0.968811	2
1	102000001	0.860445	0.968811	2
1	103000001	1.47202	0.968811	2
1	104000001	0.902139	0.968811	2
1	105000001	1.00468	0.968811	2
1	106000001	1.11959	0.968811	2
1	107000001	1.17212	0.968811	2
1	108000001	1.01664	0.968811	2
1	109000001	0.907555	0.968811	2
1	110000001	1.1879	0.968811	2
1	111000001	1.02154	0.968811	2
1	112000001	0.86162	0.968811	2
1	113000001	0.946528	0.968811	2
1	114000001	0.865133	0.968811	2
1	115000001	0.987205	0.968811	2
1	116000001	0.730964	0.968811	2
1	117000001	1.0027	0.968811	2
1	118000001	1.09608	0.968811	2
1	119000001	0.936145	0.968811	2
1	120000001	0.946416	0.968811	2
1	121000001	1.08045	0.968811	2
1	122000001	0.880394	0.968811	2
1	123000001	1.07015	0.968811	2
1	124000001	0.990209	0.968811	2
1	125000001	2.09046	-1	2
1	126000001	-1	-1	2
1	127000001	-1	-1	2
1	128000001	-1	-1	2
1	129000001	-1	-1	2
1	130000001	-1	-1	2
1	131000001	-1	-1	2
1	132000001	-1	-1	2
1	133000001	-1	-1	2
1	134000001	-1	-1	2
1	135000001	-1	-1	2
1	136000001	-1	-1	2
1	137000001	-1	-1	2
1	138000001	-1	-1	2
1	139000001	-1	-1	2
1	140000001	-1	-1	2
1	141000001	-1	-1	2
1	142000001	-1	-1	2
1	143000001	1.67669	-1	2
1	144000001	1.44399	-1	2
1	145000001	1.09115	0.976136	2
1	146000001	0.949167	0.976136	2
1	147000001	1.09393	0.976136	2
1	148000001	0.812999	0.976136	2
1	149000001	0.864596	0.976136	2
1	150000001	1.04258	0.976136	2
1	151000001	1.02347	0.976136	2
1	152000001	1.02982	0.976136	2
1	153000001	1.27598	0.976136	2
1	154000001	1.02459	0.976136	2
1	155000001	1.16448	0.976136	2
1	156000001	1.05378	0.976136	2
1	157000001	0.747907	0.976136	2
1	158000001	0.863881	0.976136	2
1	159000001	0.738713	0.976136	2
1	160000001	0.995936	0.976136	2
1	161000001	0.765416	0.976136	2
1	162000001	0.977294	0.976136	2
1	163000001	1.03483	0.976136	2
1	164000001	0.866694	0.976136	2
1	165000001	1.03703	0.976136	2
1	166000001	1.32887	0.976136	2
1	167000001	0.868476	0.976136	2
1	168000001	0.855111	0.976136	2
1	169000001	1.07586	0.976136	2
1	170000001	0.747905	0.976136	2
1	171000001	1.10939	0.976136	2
1	172000001	1.06394	0.976136	2
1	173000001	0.940471	0.976136	2
1	174000001	0.897326	0.976136	2
1	175000001	1.18411	0.976136	2
1	176000001	0.969453	0.976136	2
1	177000001	0.763328	0.976136	2
1	178000001	0.804282	0.976136	2
1	179000001	0.908474	0.976136	2
1	180000001	0.897272	0.976136	2
1	181000001	0.876592	0.976136	2
1	182000001	1.0887	0.976136	2
1	183000001	0.678181	0.976136	2
1	184000001	1.01477	0.976136	2
1	185000001	0.9234	0.976136	2
1	186000001	1.14555	0.976136	2
1	187000001	0.847442	0.976136	2
1	188000001	0.847591	0.976136	2
1	189000001	1.02249	0.976136	2
1	190000001	0.73079	0.976136	2
1	191000001	0.875654	0.976136	2
1	192000001	1.09862	0.976136	2
1	193000001	0.967672	0.976136	2
1	194000001	0.986981	0.976136	2
1	195000001	1.09377	0.976136	2
1	196000001	0.96959	0.976136	2
1	197000001	1.07851	0.976136	2
1	198000001	1.07568	0.976136	2
1	199000001	1.00859	0.976136	2
1	200000001	0.880609	0.976136	2
1	201000001	0.976136	0.976136	2
1	202000001	1.68282	1.68282	3
1	203000001	1.10201	0.959427	2
1	204000001	0.893321	0.959427	2
1	205000001	1.00852	0.959427	2
1	206000001	1.04813	0.959427	2
1	207000001	0.829986	0.959427	2
1	208000001	0.729816	0.959427	2
1	209000001	0.875252	0.959427	2
1	210000001	1.18898	0.959427	2
1	211000001	0.849092	0.959427	2
1	212000001	1.11251	0.959427	2
1	213000001	0.863026	0.959427	2
1	214000001	0.853418	0.959427	2
1	215000001	0.882722	0.959427	2
1	216000001	1.02138	0.959427	2
1	217000001	0.763756	0.959427	2
1	218000001	0.962173	0.959427	2
1	219000001	0.906484	0.959427	2
1	220000001	1.03017	0.959427	2
1	221000001	0.978729	0.959427	2
1	222000001	0.787733	0.959427	2
1	223000001	1.12177	0.959427	2
1	224000001	0.948499	0.959427	2
1	225000001	1.11175	0.959427	2
1	226000001	0.884779	0.959427	2
1	227000001	1.01033	0.959427	2
1	228000001	1.03023	0.959427	2
1	229000001	1.23304	0.959427	2
1	230000001	0.856929	0.959427	2
1	231000001	0.855766	0.959427	2
1	232000001	1.07865	0.959427	2
1	233000001	0.92635	0.959427	2
1	234000001	1.06227	0.959427	2
1	235000001	0.926486	0.959427	2
1	236000001	1.18418	0.959427	2
1	237000001	0.887091	0.959427	2
1	238000001	1.11271	0.959427	2
1	239000001	0.937041	0.959427	2
1	240000001	1.01938	0.959427	2
1	241000001	0.892055	0.959427	2
1	242000001	1.08046	0.959427	2
1	243000001	0.919353	0.959427	2
1	244000001	1.04506	0.959427	2
1	245000001	0.959427	0.959427	2
1	246000001	1.63034	1.53445	3
1	247000001	0.838217	1.53445	3
1	248000001	1.53445	1.53445	3
10	1	1.07561	0.974304	2
10	1000001	1.18662	0.974304	2
10	2000001	0.830825	0.974304	2
10	3000001	1.08627	0.974304	2
10	4000001	0.857878	0.974304	2
10	5000001	1.28893	0.974304	2
10	6000001	1.22655	0.974304	2
10	7000001	0.905983	0.974304	2
10	8000001	0.967915	0.974304	2
10	9000001	0.663332	0.974304	2
10	10000001	0.917186	0.974304	2
10	11000001	0.977692	0.974304	2
10	12000001	1.21539	0.974304	2
10	13000001	1.26978	0.974304	2
10	14000001	0.925556	0.974304	2
10	15000001	0.930495	0.974304	2
10	16000001	0.854409	0.974304	2
10	17000001	0.74093	0.974304	2
10	18000001	0.784731	0.974304	2
10	19000001	1.13749	0.974304	2
10	20000001	1.15356	0.974304	2
10	21000001	1.08157	0.974304	2
10	22000001	0.824076	0.974304	2
10	23000001	0.907906	0.974304	2
10	24000001	1.03922	0.974304	2
10	25000001	0.917906	0.974304	2
10	26000001	0.984042	0.974304	2
10	27000001	0.943095	0.974304	2
10	28000001	0.974304	0.974304	2
10	29000001	0.913925	0.974304	2
10	30000001	1.30696	0.974304	2
10	31000001	0.916845	0.974304	2
10	32000001	0.92096	0.974304	2
10	33000001	0.830261	0.974304	2
10	34000001	1.00761	0.974304	2
10	35000001	0.83124	0.974304	2
10	36000001	1.00291	0.974304	2
10	37000001	0.892288	0.974304	2
10	38000001	0.978724	0.974304	2
10	39000001	0.886881	0.974304	2
10	40000001	1.03055	0.974304	2
10	41000001	0.784725	0.974304	2
10	42000001	1.20378	0.974304	2
10	43000001	0.957124	0.974304	2
10	44000001	0.696263	0.974304	2
10	45000001	0.993397	0.974304	2
10	46000001	0.965738	0.974304	2
10	47000001	1.16585	0.974304	2
10	48000001	1.12353	0.974304	2
10	49000001	0.992091	0.974304	2
10	50000001	1.10825	0.974304	2
10	51000001	1.14383	0.974304	2
10	52000001	0.880061	0.974304	2
10	53000001	0.913067	0.974304	2
10	54000001	1.01538	0.974304	2
10	55000001	1.02373	0.974304	2
10	56000001	1.10316	0.974304	2
10	57000001	1.58903	1.58903	3
10	58000001	0.731868	0.854798	2
10	59000001	1.12225	0.854798	2
10	60000001	0.572892	0.854798	2
10	61000001	1.14047	0.854798	2
10	62000001	0.864748	0.854798	2
10	63000001	0.981407	0.854798	2
10	64000001	0.79278	0.854798	2
10	65000001	0.844848	0.854798	2
10	66000001	0.918706	0.854798	2
10	67000001	0.830203	0.854798	2
10	68000001	0.996743	0.993185	2
10	69000001	0.982537	0.993185	2
10	70000001	1.10503	0.993185	2
10	71000001	1.10765	0.993185	2
10	72000001	0.992676	0.993185	2
10	73000001	0.850654	0.993185	2
10	74000001	1.05163	0.993185	2
10	75000001	0.895254	0.993185	2
10	76000001	1.1134	0.993185	2
10	77000001	1.16158	0.993185	2
10	78000001	1.18918	0.993185	2
10	79000001	1.00113	0.993185	2
10	80000001	0.909952	0.993185	2
10	81000001	0.981041	0.993185	2
10	82000001	0.956491	0.993185	2
10	83000001	0.872516	0.993185	2
10	84000001	0.778822	0.993185	2
10	85000001	1.03729	0.993185	2
10	86000001	1.13535	0.993185	2
10	87000001	0.903832	0.993185	2
10	88000001	1.00093	0.993185	2
10	89000001	1.06023	0.993185	2
10	90000001	0.92774	0.993185	2
10	91000001	1.08856	0.993185	2
10	92000001	0.88703	0.993185	2
10	93000001	1.08712	0.993185	2
10	94000001	1.09385	0.993185	2
10	95000001	1.00735	0.993185	2
10	96000001	0.917926	0.993185	2
10	97000001	0.974865	0.993185	2
10	98000001	0.859111	0.993185	2
10	99000001	0.691819	0.993185	2
10	100000001	1.33491	0.993185	2
10	101000001	1.24085	0.993185	2
10	102000001	0.999737	0.993185	2
10	103000001	0.939363	0.993185	2
10	104000001	0.993693	0.993185	2
10	105000001	0.990466	0.993185	2
10	106000001	0.883428	0.993185	2
10	107000001	1.0433	0.993185	2
10	108000001	0.824222	0.993185	2
10	109000001	0.907907	0.993185	2
10	110000001	0.730179	0.993185	2
10	111000001	1.48302	0.993185	2
10	112000001	0.967469	0.993185	2
10	113000001	1.2059	0.993185	2
10	114000001	0.954903	0.993185	2
10	115000001	0.924533	0.993185	2
10	116000001	0.996265	0.993185	2
10	117000001	0.909023	0.993185	2
10	118000001	0.864212	0.993185	2
10	119000001	1.05821	0.993185	2
10	120000001	1.00412	0.993185	2
10	121000001	0.996348	0.993185	2
10	122000001	1.89575	1.89575	4
10	123000001	1.02123	1.09968	2
10	124000001	1.23294	1.09968	2
10	125000001	1.09968	1.09968	2
10	126000001	6.36172	6.36172	13
10	127000001	0.75107	1.04303	2
10	128000001	1.04303	1.04303	2
10	129000001	1.0944	1.04303	2
10	130000001	1.72889	1.50917	3
10	131000001	1.12874	1.50917	3
10	132000001	1.28945	1.50917	3
10	133000001	1.76945	1.50917	3
11	1	1.59541	1.09369	2
11	1000001	1.18051	1.09369	2
11	2000001	1.35541	1.09369	2
11	3000001	1.11673	1.09369	2
11	4000001	1.04457	1.09369	2
11	5000001	1.077	1.09369	2
11	6000001	1.09369	1.09369	2
11	7000001	0.863531	1.09369	2
11	8000001	1.07998	1.09369	2
11	9000001	1.15848	1.09369	2
11	10000001	0.89973	1.09369	2
11	11000001	2.06082	1.09369	2
11	12000001	1.06898	1.09369	2
11	13000001	0.952769	0.91813	2
11	14000001	0.841793	0.91813	2
11	15000001	0.91813	0.91813	2
11	16000001	0.765991	0.91813	2
11	17000001	0.943515	0.91813	2
11	18000001	0.84064	0.91813	2
11	19000001	0.813155	0.91813	2
11	20000001	1.12476	0.91813	2
11	21000001	1.08922	0.91813	2
11	22000001	2.30467	2.30467	5
11	23000001	0.745858	0.941407	2
11	24000001	0.831514	0.941407	2
11	25000001	0.66248	0.941407	2
11	26000001	0.930211	0.941407	2
11	27000001	1.24701	0.941407	2
11	28000001	0.888398	0.941407	2
11	29000001	0.946448	0.941407	2
11	30000001	1.04312	0.941407	2
11	31000001	0.930735	0.941407	2
11	32000001	0.847053	0.941407	2
11	33000001	0.818282	0.941407	2
11	34000001	1.04758	0.941407	2
11	35000001	0.930643	0.941407	2
11	36000001	0.964305	0.941407	2
11	37000001	1.56051	0.941407	2
11	38000001	0.907387	0.941407	2
11	39000001	1.04614	0.941407	2
11	40000001	0.920588	0.941407	2
11	41000001	1.04158	0.941407	2
11	42000001	1.08866	0.941407	2
11	43000001	1.19883	0.941407	2
11	44000001	0.872504	0.941407	2
11	45000001	0.869711	0.941407	2
11	46000001	0.936366	0.941407	2
11	47000001	0.981711	0.941407	2
11	48000001	1.03242	0.941407	2
11	49000001	0.741491	0.941407	2
11	50000001	1.70907	0.941407	2
11	51000001	0.893968	0.941407	2
11	52000001	0.909207	0.941407	2
11	53000001	1.08618	0.941407	2
11	54000001	0.913964	0.941407	2
11	55000001	0.843047	0.941407	2
11	56000001	1.12766	0.941407	2
11	57000001	1.01634	0.941407	2
11	58000001	1.08274	0.941407	2
11	59000001	0.832706	0.941407	2
11	60000001	1.04723	0.941407	2
11	61000001	0.893979	0.941407	2
11	62000001	1.0028	0.941407	2
11	63000001	0.810662	0.941407	2
11	64000001	1.72063	0.941407	2
11	65000001	1.129	0.941407	2
11	66000001	0.909415	0.941407	2
11	67000001	1.07135	0.941407	2
11	68000001	1.34463	0.941407	2
11	69000001	3.56625	3.56625	7
11	70000001	1.06791	0.999537	2
11	71000001	1.85794	0.999537	2
11	72000001	1.2916	0.999537	2
11	73000001	1.00975	0.999537	2
11	74000001	0.99778	0.999537	2
11	75000001	1.1278	0.999537	2
11	76000001	1.01872	0.999537	2
11	77000001	0.979835	0.999537	2
11	78000001	0.791267	0.999537	2
11	79000001	1.80581	0.999537	2
11	80000001	0.893985	0.999537	2
11	81000001	1.27671	0.999537	2
11	82000001	0.907481	0.999537	2
11	83000001	0.920584	0.999537	2
11	84000001	0.685817	0.999537	2
11	85000001	0.996801	0.999537	2
11	86000001	0.812008	0.999537	2
11	87000001	1.25814	0.999537	2
11	88000001	1.0013	0.999537	2
11	89000001	0.931015	0.999537	2
11	90000001	0.954157	0.999537	2
11	91000001	0.945839	0.999537	2
11	92000001	0.956621	0.999537	2
11	93000001	1.07804	0.999537	2
11	94000001	1.11563	0.999537	2
11	95000001	1.10008	0.999537	2
11	96000001	2.85571	2.85571	6
11	97000001	0.761073	0.984638	2
11	98000001	1.01332	0.984638	2
11	99000001	1.01015	0.984638	2
11	100000001	0.901682	0.984638	2
11	101000001	0.961263	0.984638	2
11	102000001	1.03753	0.984638	2
11	103000001	0.984638	0.984638	2
11	104000001	2.29002	2.29002	5
11	105000001	0.970974	0.997607	2
11	106000001	1.10518	0.997607	2
11	107000001	0.88169	0.997607	2
11	108000001	0.903085	0.997607	2
11	109000001	0.960709	0.997607	2
11	110000001	0.892088	0.997607	2
11	111000001	0.791942	0.997607	2
11	112000001	1.12887	0.997607	2
11	113000001	1.01409	0.997607	2
11	114000001	1.22154	0.997607	2
11	115000001	1.12638	0.997607	2
11	116000001	0.86888	0.997607	2
11	117000001	0.997607	0.997607	2
11	118000001	1.11315	0.997607	2
11	119000001	1.12926	0.997607	2
11	120000001	1.05509	0.997607	2
11	121000001	0.896963	0.997607	2
11	122000001	1.09144	0.997607	2
11	123000001	0.737864	0.997607	2
11	124000001	0.793932	0.997607	2
11	125000001	1.0469	0.997607	2
11	126000001	0.89182	0.997607	2
11	127000001	1.11795	0.997607	2
11	128000001	1.12427	0.997607	2
11	129000001	0.971892	0.997607	2
11	130000001	1.12301	0.997607	2
11	131000001	1.16092	0.997607	2
11	132000001	0.985612	0.997607	2
11	133000001	0.954018	0.997607	2
11	134000001	1.07926	0.997607	2
11	135000001	0.787984	0.997607	2
12	1	0.978513	0.964136	2
12	1000001	0.827428	0.964136	2
12	2000001	0.97032	0.964136	2
12	3000001	0.947606	0.964136	2
12	4000001	1.14394	0.964136	2
12	5000001	1.29282	0.964136	2
12	6000001	1.08632	0.964136	2
12	7000001	1.40118	0.964136	2
12	8000001	1.20094	0.964136	2
12	9000001	1.06234	0.964136	2
12	10000001	0.803383	0.964136	2
12	11000001	0.976099	0.964136	2
12	12000001	1.13881	0.964136	2
12	13000001	0.883779	0.964136	2
12	14000001	0.889759	0.964136	2
12	15000001	1.01438	0.964136	2
12	16000001	0.900993	0.964136	2
12	17000001	1.00716	0.964136	2
12	18000001	0.940405	0.964136	2
12	19000001	1.14627	0.964136	2
12	20000001	0.846643	0.964136	2
12	21000001	0.846878	0.964136	2
12	22000001	1.15349	0.964136	2
12	23000001	1.00507	0.964136	2
12	24000001	0.882228	0.964136	2
12	25000001	0.874169	0.964136	2
12	26000001	0.928275	0.964136	2
12	27000001	0.662554	0.964136	2
12	28000001	1.14708	0.964136	2
12	29000001	0.919668	0.964136	2
12	30000001	1.17131	0.964136	2
12	31000001	0.576019	0.964136	2
12	32000001	0.851375	0.964136	2
12	33000001	0.612684	0.964136	2
12	34000001	1.14951	0.964136	2
12	35000001	0.895305	0.964136	2
12	36000001	0.813415	0.964136	2
12	37000001	0.957952	0.964136	2
12	38000001	0.903126	0.964136	2
12	39000001	0.973524	0.964136	2
12	40000001	0.900288	0.964136	2
12	41000001	1.1608	0.964136	2
12	42000001	0.991007	0.964136	2
12	43000001	1.05808	0.964136	2
12	44000001	1.47878	0.964136	2
12	45000001	1.16504	0.964136	2
12	46000001	0.76856	0.964136	2
12	47000001	0.942981	0.964136	2
12	48000001	3.16825	3.16825	6
12	49000001	1.20054	0.973173	2
12	50000001	0.916738	0.973173	2
12	51000001	1.19325	0.973173	2
12	52000001	1.03408	0.973173	2
12	53000001	0.972046	0.973173	2
12	54000001	0.915215	0.973173	2
12	55000001	1.00155	0.973173	2
12	56000001	0.747076	0.973173	2
12	57000001	1.24853	0.973173	2
12	58000001	1.21874	0.973173	2
12	59000001	0.974299	0.973173	2
12	60000001	1.32973	0.973173	2
12	61000001	0.784774	0.973173	2
12	62000001	0.848072	0.973173	2
12	63000001	1.02134	0.973173	2
12	64000001	0.954656	0.973173	2
12	65000001	0.959884	0.973173	2
12	66000001	0.937098	0.973173	2
12	67000001	0.94687	0.973173	2
12	68000001	0.692901	0.973173	2
12	69000001	0.880285	0.973173	2
12	70000001	0.976401	0.973173	2
12	71000001	0.792794	0.973173	2
12	72000001	0.892535	0.973173	2
12	73000001	1.28569	0.973173	2
12	74000001	1.44114	0.973173	2
12	75000001	0.785019	0.973173	2
12	76000001	1.24606	0.973173	2
12	77000001	1.17508	0.973173	2
12	78000001	0.970869	0.973173	2
12	79000001	0.8015	0.973173	2
12	80000001	1.03717	0.973173	2
12	81000001	0.998746	0.973173	2
12	82000001	1.36765	0.973173	2
12	83000001	1.1228	0.973173	2
12	84000001	1.14357	0.973173	2
12	85000001	1.04641	0.973173	2
12	86000001	1.00577	0.973173	2
12	87000001	0.898032	0.973173	2
12	88000001	0.696201	0.973173	2
12	89000001	1.15446	0.973173	2
12	90000001	0.994011	0.973173	2
12	91000001	0.939819	0.973173	2
12	92000001	0.781346	0.973173	2
12	93000001	0.849037	0.973173	2
12	94000001	0.971299	0.973173	2
12	95000001	1.97987	1.97987	4
12	96000001	0.775074	0.878203	2
12	97000001	0.845594	0.878203	2
12	98000001	1.02723	0.878203	2
12	99000001	0.902626	0.878203	2
12	100000001	0.865545	0.878203	2
12	101000001	0.867887	0.878203	2
12	102000001	0.709861	0.878203	2
12	103000001	0.878203	0.878203	2
12	104000001	1.03086	0.878203	2
12	105000001	0.897622	0.878203	2
12	106000001	0.913178	0.878203	2
12	107000001	1.01792	1.06367	2
12	108000001	1.47838	1.06367	2
12	109000001	0.984328	1.06367	2
12	110000001	1.05373	1.06367	2
12	111000001	1.47454	1.06367	2
12	112000001	0.860291	1.06367	2
12	113000001	1.02591	1.06367	2
12	114000001	1.08413	1.06367	2
12	115000001	0.801875	1.06367	2
12	116000001	0.815265	1.06367	2
12	117000001	1.17149	1.06367	2
12	118000001	0.846242	1.06367	2
12	119000001	1.09986	1.06367	2
12	120000001	1.07362	1.06367	2
12	121000001	1.35245	1.06367	2
12	122000001	1.541	1.06367	2
12	123000001	0.99457	1.06367	2
12	124000001	1.08564	1.06367	2
12	125000001	1.10721	1.06367	2
12	126000001	0.965142	1.06367	2
12	127000001	1.04231	1.06367	2
12	128000001	1.15379	1.06367	2
12	129000001	3.06201	3.06201	6
12	130000001	1.48737	1.75633	4
12	131000001	2.72692	1.75633	4
12	132000001	2.02529	1.75633	4
12	133000001	1.2946	1.75633	4
13	1	-1	-1	2
13	1000001	-1	-1	2
13	2000001	-1	-1	2
13	3000001	-1	-1	2
13	4000001	-1	-1	2
13	5000001	-1	-1	2
13	6000001	-1	-1	2
13	7000001	-1	-1	2
13	8000001	-1	-1	2
13	9000001	-1	-1	2
13	10000001	-1	-1	2
13	11000001	-1	-1	2
13	12000001	-1	-1	2
13	13000001	-1	-1	2
13	14000001	-1	-1	2
13	15000001	-1	-1	2
13	16000001	0.784734	0.9153	2
13	17000001	0.560443	0.9153	2
13	18000001	1.39065	0.9153	2
13	19000001	0.8789	0.9153	2
13	20000001	1.28019	0.9153	2
13	21000001	0.861845	0.9153	2
13	22000001	1.46139	0.9153	2
13	23000001	1.09251	0.9153	2
13	24000001	0.9153	0.9153	2
13	25000001	0.786941	0.9153	2
13	26000001	0.655257	0.9153	2
13	27000001	1.0078	0.9153	2
13	28000001	1.13896	0.9153	2
13	29000001	0.755108	0.9153	2
13	30000001	0.883946	0.9153	2
13	31000001	1.6991	0.9153	2
13	32000001	0.942474	0.9153	2
13	33000001	0.932053	0.9153	2
13	34000001	0.904574	0.9153	2
13	35000001	1.29707	0.9153	2
13	36000001	0.992956	0.9153	2
13	37000001	0.842036	0.9153	2
13	38000001	1.45727	0.9153	2
13	39000001	0.76858	0.9153	2
13	40000001	0.885871	0.9153	2
13	41000001	3.4815	3.4815	7
13	42000001	1.13864	0.970966	2
13	43000001	1.11639	0.970966	2
13	44000001	1.0376	0.970966	2
13	45000001	1.23759	0.970966	2
13	46000001	0.865882	0.970966	2
13	47000001	1.02852	0.970966	2
13	48000001	0.998032	0.970966	2
13	49000001	0.951738	0.970966	2
13	50000001	0.900386	0.970966	2
13	51000001	1.29732	0.970966	2
13	52000001	0.927969	0.970966	2
13	53000001	0.788885	0.970966	2
13	54000001	1.15739	0.970966	2
13	55000001	1.0327	0.970966	2
13	56000001	0.837494	0.970966	2
13	57000001	0.733561	0.970966	2
13	58000001	0.967364	0.970966	2
13	59000001	0.912343	0.970966	2
13	60000001	0.938515	0.970966	2
13	61000001	1.05389	0.970966	2
13	62000001	1.1263	0.970966	2
13	63000001	0.715485	0.970966	2
13	64000001	0.811341	0.970966	2
13	65000001	1.06464	0.970966	2
13	66000001	1.1722	0.970966	2
13	67000001	0.834679	0.970966	2
13	68000001	0.830168	0.970966	2
13	69000001	0.772964	0.970966	2
13	70000001	1.00767	0.970966	2
13	71000001	1.54111	0.970966	2
13	72000001	1.15318	0.970966	2
13	73000001	0.929647	0.970966	2
13	74000001	1.09528	0.970966	2
13	75000001	1.04134	0.970966	2
13	76000001	0.941043	0.970966	2
13	77000001	0.912696	0.970966	2
13	78000001	1.00394	0.970966	2
13	79000001	0.983323	0.970966	2
13	80000001	1.23846	0.970966	2
13	81000001	0.972288	0.970966	2
13	82000001	0.878392	0.970966	2
13	83000001	0.920898	0.970966	2
13	84000001	1.40552	0.970966	2
13	85000001	0.969643	0.970966	2
13	86000001	1.4018	0.970966	2
13	87000001	1.08041	0.970966	2
13	88000001	0.879485	0.970966	2
13	89000001	0.770172	0.970966	2
13	90000001	0.854072	0.970966	2
13	91000001	0.896651	0.970966	2
13	92000001	1.13277	0.970966	2
13	93000001	0.908281	0.970966	2
13	94000001	0.976873	0.970966	2
13	95000001	0.641909	0.970966	2
13	96000001	1.13251	0.970966	2
13	97000001	0.77419	0.970966	2
13	98000001	0.901738	0.970966	2
13	99000001	1.12318	0.970966	2
13	100000001	0.817271	0.970966	2
13	101000001	0.799578	0.970966	2
13	102000001	0.865623	0.970966	2
13	103000001	1.09249	0.970966	2
13	104000001	1.37727	0.970966	2
13	105000001	0.764006	0.970966	2
13	106000001	0.963091	0.970966	2
13	107000001	0.984272	0.970966	2
13	108000001	0.986968	0.970966	2
13	109000001	1.07877	0.970966	2
13	110000001	1.82858	1.15635	2
13	111000001	1.1382	1.15635	2
13	112000001	1.15635	1.15635	2
13	113000001	1.47803	1.15635	2
13	114000001	0.983743	1.15635	2
14	1	-1	-1	2
14	1000001	-1	-1	2
14	2000001	-1	-1	2
14	3000001	-1	-1	2
14	4000001	-1	-1	2
14	5000001	-1	-1	2
14	6000001	-1	-1	2
14	7000001	-1	-1	2
14	8000001	-1	-1	2
14	9000001	-1	-1	2
14	10000001	-1	-1	2
14	11000001	-1	-1	2
14	12000001	-1	-1	2
14	13000001	-1	-1	2
14	14000001	-1	-1	2
14	15000001	-1	-1	2
14	16000001	1.1492	0.994589	2
14	17000001	0.787998	0.994589	2
14	18000001	0.632367	0.994589	2
14	19000001	0.904142	0.994589	2
14	20000001	1.13574	0.994589	2
14	21000001	0.854595	0.994589	2
14	22000001	0.963091	0.994589	2
14	23000001	0.949059	0.994589	2
14	24000001	1.05168	0.994589	2
14	25000001	1.17999	0.994589	2
14	26000001	0.855025	0.994589	2
14	27000001	1.0823	0.994589	2
14	28000001	1.02609	0.994589	2
14	29000001	1.02908	0.994589	2
14	30000001	1.06963	0.994589	2
14	31000001	0.822068	0.994589	2
14	32000001	1.05524	0.994589	2
14	33000001	0.871347	0.994589	2
14	34000001	1.85657	1.85657	4
14	35000001	0.92037	0.892513	2
14	36000001	0.842556	0.892513	2
14	37000001	0.683641	0.892513	2
14	38000001	1.16822	0.892513	2
14	39000001	0.989264	0.892513	2
14	40000001	0.649363	0.892513	2
14	41000001	1.12866	0.892513	2
14	42000001	0.930195	0.892513	2
14	43000001	0.700532	0.892513	2
14	44000001	0.962512	0.892513	2
14	45000001	0.96469	0.892513	2
14	46000001	1.0316	0.892513	2
14	47000001	0.861659	0.892513	2
14	48000001	0.761117	0.892513	2
14	49000001	0.946277	0.892513	2
14	50000001	0.839427	0.892513	2
14	51000001	0.864656	0.892513	2
14	52000001	1.31666	0.892513	2
14	53000001	0.662923	0.892513	2
14	54000001	1.08067	0.892513	2
14	55000001	1.0143	0.892513	2
14	56000001	0.798078	0.892513	2
14	57000001	0.812099	0.892513	2
14	58000001	0.815039	0.892513	2
14	59000001	1.37811	1.37811	3
14	60000001	3.99102	3.99102	8
14	61000001	0.835079	0.906657	2
14	62000001	1.08874	0.906657	2
14	63000001	1.16178	0.906657	2
14	64000001	0.99613	0.906657	2
14	65000001	0.948284	0.906657	2
14	66000001	0.84506	0.906657	2
14	67000001	0.932089	0.906657	2
14	68000001	0.735601	0.906657	2
14	69000001	0.98679	0.906657	2
14	70000001	0.752616	0.906657	2
14	71000001	0.939363	0.906657	2
14	72000001	1.06167	0.906657	2
14	73000001	1.05119	0.906657	2
14	74000001	0.96675	0.906657	2
14	75000001	0.849278	0.906657	2
14	76000001	0.924797	0.906657	2
14	77000001	0.980377	0.906657	2
14	78000001	0.921267	0.906657	2
14	79000001	0.879348	0.906657	2
14	80000001	0.670558	0.906657	2
14	81000001	0.892046	0.906657	2
14	82000001	0.843127	0.906657	2
14	83000001	0.710957	0.906657	2
14	84000001	0.786581	0.906657	2
14	85000001	1.15189	0.906657	2
14	86000001	0.809366	0.906657	2
14	87000001	0.867836	0.906657	2
14	88000001	0.863449	0.906657	2
14	89000001	1.08986	1.10008	2
14	90000001	1.34408	1.10008	2
14	91000001	1.14159	1.10008	2
14	92000001	0.829073	1.10008	2
14	93000001	1.08166	1.10008	2
14	94000001	0.961522	1.10008	2
14	95000001	1.08823	1.10008	2
14	96000001	1.01927	1.10008	2
14	97000001	1.15497	1.10008	2
14	98000001	1.11031	1.10008	2
14	99000001	1.05392	1.10008	2
14	100000001	1.01043	1.10008	2
14	101000001	1.15055	1.10008	2
14	102000001	1.14873	1.10008	2
14	103000001	1.27924	1.10008	2
14	104000001	1.27654	1.10008	2
14	105000001	1.49636	1.10008	2
14	106000001	0.972057	1.10008	2
14	107000001	-1	-1	2
15	1	-1	-1	2
15	1000001	-1	-1	2
15	2000001	-1	-1	2
15	3000001	-1	-1	2
15	4000001	-1	-1	2
15	5000001	-1	-1	2
15	6000001	-1	-1	2
15	7000001	-1	-1	2
15	8000001	-1	-1	2
15	9000001	-1	-1	2
15	10000001	-1	-1	2
15	11000001	-1	-1	2
15	12000001	-1	-1	2
15	13000001	-1	-1	2
15	14000001	-1	-1	2
15	15000001	-1	-1	2
15	16000001	-1	-1	2
15	17000001	1.111	0.98418	2
15	18000001	1.03645	0.98418	2
15	19000001	0.917017	0.98418	2
15	20000001	1.15347	0.98418	2
15	21000001	1.07319	0.98418	2
15	22000001	0.95845	0.98418	2
15	23000001	0.793318	0.98418	2
15	24000001	0.987445	0.98418	2
15	25000001	1.13059	0.98418	2
15	26000001	0.813886	0.98418	2
15	27000001	0.98418	0.98418	2
15	28000001	0.79047	0.98418	2
15	29000001	1.38408	0.98418	2
15	30000001	1.31699	0.98418	2
15	31000001	0.947804	0.98418	2
15	32000001	0.660467	0.98418	2
15	33000001	0.889063	0.98418	2
15	34000001	1.11705	0.98418	2
15	35000001	1.0939	0.98418	2
15	36000001	0.875845	0.98418	2
15	37000001	0.77622	0.98418	2
15	38000001	1.06381	0.98418	2
15	39000001	0.777128	0.98418	2
15	40000001	1.00127	0.98418	2
15	41000001	0.949516	0.98418	2
15	42000001	0.938929	0.98418	2
15	43000001	1.00683	0.98418	2
15	44000001	0.916194	0.98418	2
15	45000001	1.48959	0.98418	2
15	46000001	1.0606	0.98418	2
15	47000001	0.860565	0.98418	2
15	48000001	0.866645	0.98418	2
15	49000001	1.01559	0.98418	2
15	50000001	2.00946	2.00946	4
15	51000001	0.997575	0.970035	2
15	52000001	0.847769	0.970035	2
15	53000001	1.04098	0.970035	2
15	54000001	1.07374	0.970035	2
15	55000001	0.974066	0.970035	2
15	56000001	1.01812	0.970035	2
15	57000001	0.970035	0.970035	2
15	58000001	0.862859	0.970035	2
15	59000001	0.921137	0.970035	2
15	60000001	0.830327	0.970035	2
15	61000001	0.862293	0.970035	2
15	62000001	0.704155	0.970035	2
15	63000001	0.987503	0.970035	2
15	64000001	1.28228	1.07989	2
15	65000001	1.07989	1.07989	2
15	66000001	1.11607	1.07989	2
15	67000001	0.986533	1.07989	2
15	68000001	1.60905	1.07989	2
15	69000001	1.17321	1.07989	2
15	70000001	1.12465	1.07989	2
15	71000001	0.888045	1.07989	2
15	72000001	0.997032	1.07989	2
15	73000001	1.17294	1.07989	2
15	74000001	0.923538	1.07989	2
15	75000001	1.12029	1.07989	2
15	76000001	0.853405	1.07989	2
15	77000001	1.00832	1.07989	2
15	78000001	1.03186	1.07989	2
15	79000001	2.1549	2.1549	4
15	80000001	1.39239	1.10054	2
15	81000001	1.03999	1.10054	2
15	82000001	1.10054	1.10054	2
15	83000001	1.06944	1.10054	2
15	84000001	1.25099	1.10054	2
15	85000001	1.12793	1.10054	2
15	86000001	1.14985	1.10054	2
15	87000001	0.969745	1.10054	2
15	88000001	1.08869	1.10054	2
15	89000001	2.22258	2.22258	4
15	90000001	0.763688	0.964472	2
15	91000001	0.830289	0.964472	2
15	92000001	0.93873	0.964472	2
15	93000001	1.22971	0.964472	2
15	94000001	0.918104	0.964472	2
15	95000001	0.846693	0.964472	2
15	96000001	1.0313	0.964472	2
15	97000001	0.854078	0.964472	2
15	98000001	1.07824	0.964472	2
15	99000001	1.10793	0.964472	2
15	100000001	1.22548	0.964472	2
15	101000001	0.990214	0.964472	2
16	1	1.12517	1.0522	2
16	1000001	0.98865	1.0522	2
16	2000001	1.34801	1.0522	2
16	3000001	0.811378	1.0522	2
16	4000001	1.26548	1.0522	2
16	5000001	0.986825	1.0522	2
16	6000001	1.71661	1.0522	2
16	7000001	1.08128	1.0522	2
16	8000001	1.02312	1.0522	2
16	9000001	0.870157	1.0522	2
16	10000001	2.29515	2.29515	5
16	11000001	0.955408	0.915068	2
16	12000001	0.813945	0.915068	2
16	13000001	0.932682	0.915068	2
16	14000001	1.18676	0.915068	2
16	15000001	0.803346	0.915068	2
16	16000001	1.21347	0.915068	2
16	17000001	0.865458	0.915068	2
16	18000001	0.977392	0.915068	2
16	19000001	0.897455	0.915068	2
16	20000001	0.803092	0.915068	2
16	21000001	1.00912	0.915068	2
16	22000001	0.850805	0.915068	2
16	23000001	2.26552	2.26552	5
16	24000001	0.980277	1.00281	2
16	25000001	1.00281	1.00281	2
16	26000001	1.328	1.00281	2
16	27000001	1.00132	1.00281	2
16	28000001	1.08527	1.00281	2
16	29000001	0.839951	1.00281	2
16	30000001	1.17389	1.00281	2
16	31000001	0.88675	1.00281	2
16	32000001	1.39151	1.00281	2
16	33000001	1.6933	1.00281	2
16	34000001	1.26124	1.00281	2
16	35000001	0.989895	1.00281	2
16	36000001	0.880511	1.00281	2
16	37000001	1.03387	1.00281	2
16	38000001	0.971512	1.00281	2
16	39000001	-1	-1	2
16	40000001	-1	-1	2
16	41000001	-1	-1	2
16	42000001	-1	-1	2
16	43000001	-1	-1	2
16	44000001	-1	-1	2
16	45000001	-1	-1	2
16	46000001	2.15873	2.15873	4
16	47000001	1.08867	0.933828	2
16	48000001	0.935325	0.933828	2
16	49000001	1.07096	0.933828	2
16	50000001	1.05616	0.933828	2
16	51000001	0.891375	0.933828	2
16	52000001	0.713888	0.933828	2
16	53000001	0.932332	0.933828	2
16	54000001	0.923759	0.933828	2
16	55000001	1.09052	0.933828	2
16	56000001	0.745499	0.933828	2
16	57000001	2.0392	1.55671	3
16	58000001	1.07423	1.55671	3
16	59000001	0.848584	0.956079	2
16	60000001	1.16003	0.956079	2
16	61000001	0.754494	0.956079	2
16	62000001	1.02569	0.956079	2
16	63000001	0.920018	0.956079	2
16	64000001	0.807098	0.956079	2
16	65000001	1.4578	0.956079	2
16	66000001	1.23064	0.956079	2
16	67000001	1.09352	0.956079	2
16	68000001	0.968875	0.956079	2
16	69000001	0.783591	0.956079	2
16	70000001	0.943284	0.956079	2
16	71000001	0.973832	0.956079	2
16	72000001	0.849514	0.956079	2
16	73000001	0.931015	0.956079	2
16	74000001	1.72115	0.956079	2
16	75000001	1.00518	0.956079	2
16	76000001	1.02235	0.956079	2
16	77000001	1.31297	0.956079	2
16	78000001	0.815469	0.956079	2
16	79000001	0.851385	0.956079	2
16	80000001	0.906869	0.956079	2
16	81000001	1.55466	1.3307	3
16	82000001	1.3307	1.3307	3
16	83000001	0.930466	1.3307	3
16	84000001	1.77137	1.12776	2
16	85000001	0.999215	1.12776	2
16	86000001	1.78756	1.12776	2
16	87000001	0.97241	1.12776	2
16	88000001	2.65392	1.12776	2
16	89000001	1.12776	1.12776	2
16	90000001	1.01815	1.12776	2
17	1	1.84845	1.84845	4
17	1000001	1.12031	1.11021	2
17	2000001	1.0028	1.11021	2
17	3000001	1.10011	1.11021	2
17	4000001	1.41299	1.11021	2
17	5000001	0.78465	1.02997	2
17	6000001	0.938519	1.02997	2
17	7000001	1.04252	1.02997	2
17	8000001	0.888591	1.02997	2
17	9000001	1.1365	1.02997	2
17	10000001	0.838958	1.02997	2
17	11000001	0.996028	1.02997	2
17	12000001	0.984095	1.02997	2
17	13000001	1.1685	1.02997	2
17	14000001	0.860008	1.02997	2
17	15000001	1.2539	1.02997	2
17	16000001	0.974491	1.02997	2
17	17000001	1.18231	1.02997	2
17	18000001	1.04106	1.02997	2
17	19000001	0.947787	1.02997	2
17	20000001	0.916219	1.02997	2
17	21000001	0.933125	1.02997	2
17	22000001	1.14313	1.02997	2
17	23000001	1.19164	1.02997	2
17	24000001	1.07223	1.02997	2
17	25000001	1.03039	1.02997	2
17	26000001	1.63499	1.02997	2
17	27000001	1.06919	1.02997	2
17	28000001	1.02778	1.02997	2
17	29000001	1.16995	1.02997	2
17	30000001	0.875485	1.02997	2
17	31000001	1.02955	1.02997	2
17	32000001	0.965042	1.02997	2
17	33000001	0.925987	1.02997	2
17	34000001	0.996642	1.02997	2
17	35000001	0.948693	1.02997	2
17	36000001	0.932619	1.02997	2
17	37000001	0.908001	1.02997	2
17	38000001	1.17081	1.02997	2
17	39000001	1.08937	1.02997	2
17	40000001	1.14613	1.02997	2
17	41000001	1.33085	1.02997	2
17	42000001	1.0458	1.02997	2
17	43000001	0.833969	1.02997	2
17	44000001	1.40227	1.02997	2
17	45000001	1.11549	1.02997	2
17	46000001	1.04951	1.02997	2
17	47000001	1.0709	1.02997	2
17	48000001	0.858829	1.02997	2
17	49000001	1.06619	1.02997	2
17	50000001	0.92328	1.02997	2
17	51000001	1.04024	1.02997	2
17	52000001	0.781851	1.02997	2
17	53000001	1.20664	1.02997	2
17	54000001	1.01418	1.02997	2
17	55000001	1.15269	1.02997	2
17	56000001	1.09843	1.02997	2
17	57000001	0.909889	1.02997	2
17	58000001	0.888215	1.02997	2
17	59000001	1.19038	1.11669	2
17	60000001	1.0886	1.11669	2
17	61000001	1.14477	1.11669	2
17	62000001	3.43126	1.11669	2
17	63000001	0.844047	1.11669	2
17	64000001	0.894389	1.11669	2
17	65000001	1.3929	1.11669	2
17	66000001	1.16127	1.11669	2
17	67000001	0.958758	1.11669	2
17	68000001	1.34328	1.11669	2
17	69000001	1.07692	1.11669	2
17	70000001	0.943712	1.11669	2
17	71000001	1.47606	1.11669	2
17	72000001	1.01711	1.11669	2
17	73000001	1.17608	1.11669	2
17	74000001	0.974707	1.11669	2
17	75000001	1.19915	1.11669	2
17	76000001	1.05887	1.11669	2
17	77000001	3.99987	3.99987	8
17	78000001	1.1702	1.09642	2
17	79000001	1.09642	1.09642	2
17	80000001	0.944488	1.09642	2
17	81000001	5.20451	5.20451	10
17	82000001	1.00105	1.1556	2
17	83000001	1.31014	1.1556	2
18	1	2.10961	2.10961	4
18	1000001	0.895822	0.953743	2
18	2000001	0.857815	0.953743	2
18	3000001	1.21803	0.953743	2
18	4000001	0.972976	0.953743	2
18	5000001	0.939676	0.953743	2
18	6000001	0.96781	0.953743	2
18	7000001	1.08223	0.953743	2
18	8000001	0.875788	0.953743	2
18	9000001	0.978507	0.953743	2
18	10000001	1.13693	0.953743	2
18	11000001	0.828185	0.953743	2
18	12000001	1.0998	0.953743	2
18	13000001	1.02806	0.953743	2
18	14000001	0.996977	0.953743	2
18	15000001	0.933512	0.953743	2
18	16000001	0.848057	0.953743	2
18	17000001	0.930875	0.953743	2
18	18000001	0.934562	0.953743	2
18	19000001	0.91698	0.953743	2
18	20000001	0.861955	0.953743	2
18	21000001	1.14529	0.953743	2
18	22000001	1.17457	0.953743	2
18	23000001	1.05588	0.953743	2
18	24000001	0.8011	0.953743	2
18	25000001	1.1025	0.953743	2
18	26000001	0.910474	0.953743	2
18	27000001	1.24696	0.953743	2
18	28000001	0.911371	0.953743	2
18	29000001	3.19601	3.19601	6
18	30000001	0.99916	0.852629	2
18	31000001	0.758653	0.852629	2
18	32000001	0.630498	0.852629	2
18	33000001	0.872497	0.852629	2
18	34000001	1.09005	0.852629	2
18	35000001	0.83276	0.852629	2
18	36000001	0.655929	0.852629	2
18	37000001	0.952866	0.852629	2
18	38000001	1.07553	0.989229	2
18	39000001	1.30074	0.989229	2
18	40000001	0.785321	0.989229	2
18	41000001	0.947604	0.989229	2
18	42000001	0.806051	0.989229	2
18	43000001	1.03086	0.989229	2
18	44000001	2.97685	0.997049	2
18	45000001	0.997049	0.997049	2
18	46000001	1.46576	0.997049	2
18	47000001	0.992892	0.997049	2
18	48000001	1.03491	0.997049	2
18	49000001	0.90314	0.997049	2
18	50000001	1.2817	0.997049	2
18	51000001	0.959303	0.997049	2
18	52000001	1.03311	0.997049	2
18	53000001	1.2114	0.997049	2
18	54000001	0.826616	0.997049	2
18	55000001	0.996701	0.997049	2
18	56000001	1.05844	0.997049	2
18	57000001	0.96068	0.997049	2
18	58000001	0.982591	0.997049	2
18	59000001	0.781565	0.997049	2
18	60000001	1.1979	0.997049	2
18	61000001	3.97356	3.97356	8
18	62000001	0.54561	0.950335	2
18	63000001	1.00162	0.950335	2
18	64000001	0.853533	0.950335	2
18	65000001	0.852826	0.950335	2
18	66000001	1.02884	0.950335	2
18	67000001	1.14501	0.950335	2
18	68000001	1.27253	0.950335	2
18	69000001	0.904907	0.950335	2
18	70000001	1.13727	0.950335	2
18	71000001	1.03621	0.950335	2
18	72000001	0.967461	0.950335	2
18	73000001	0.898411	0.950335	2
18	74000001	0.950335	0.950335	2
18	75000001	0.921111	0.950335	2
18	76000001	0.890367	0.950335	2
18	77000001	3.77867	3.77867	8
18	78000001	1.12428	1.12428	2
18	79000001	1.17195	1.12428	2
18	80000001	0.535642	1.12428	2
19	1	1.24241	1.20954	2
19	1000001	0.978573	1.20954	2
19	2000001	1.15992	1.20954	2
19	3000001	1.12594	1.20954	2
19	4000001	1.25925	1.20954	2
19	5000001	1.20954	1.20954	2
19	6000001	1.34603	1.20954	2
19	7000001	2.62111	2.62111	5
19	8000001	1.01735	1.03145	2
19	9000001	1.20531	1.03145	2
19	10000001	0.902192	1.03145	2
19	11000001	0.851719	1.03145	2
19	12000001	1.04556	1.03145	2
19	13000001	1.1921	1.03145	2
19	14000001	1.72501	1.17478	2
19	15000001	1.19351	1.17478	2
19	16000001	1.07925	1.17478	2
19	17000001	1.15605	1.17478	2
19	18000001	0.946277	1.17478	2
19	19000001	1.99816	1.17478	2
19	20000001	1.08094	0.895988	2
19	21000001	0.767927	0.895988	2
19	22000001	0.910274	0.895988	2
19	23000001	0.895988	0.895988	2
19	24000001	0.877113	0.895988	2
19	25000001	0.834836	0.895988	2
19	26000001	0.902928	0.895988	2
19	27000001	0.974872	0.895988	2
19	28000001	0.850227	0.895988	2
19	29000001	1.12807	1.08474	2
19	30000001	0.979775	1.08474	2
19	31000001	1.39762	1.08474	2
19	32000001	0.988996	1.08474	2
19	33000001	1.46469	1.08474	2
19	34000001	1.0925	1.08474	2
19	35000001	1.36108	1.08474	2
19	36000001	0.833415	1.08474	2
19	37000001	0.98502	1.08474	2
19	38000001	1.14212	1.08474	2
19	39000001	1.02844	1.08474	2
19	40000001	1.17605	1.08474	2
19	41000001	1.07697	1.08474	2
19	42000001	0.923955	1.08474	2
19	43000001	1.29441	1.08474	2
19	44000001	1.38905	1.08474	2
19	45000001	1.0535	1.08474	2
19	46000001	1.15737	1.08474	2
19	47000001	0.80724	1.08474	2
19	48000001	1.0984	1.08474	2
19	49000001	1.27512	1.08474	2
19	50000001	1.04924	1.08474	2
19	51000001	1.06129	1.08474	2
19	52000001	0.981311	1.08474	2
19	53000001	1.12744	1.19292	2
19	54000001	1.35407	1.19292	2
19	55000001	1.18562	1.19292	2
19	56000001	1.06603	1.19292	2
19	57000001	1.40048	1.19292	2
19	58000001	1.20022	1.19292	2
2	1	1.09116	1.10657	2
2	1000001	1.49541	1.10657	2
2	2000001	1.11105	1.10657	2
2	3000001	1.50389	1.10657	2
2	4000001	0.922224	1.10657	2
2	5000001	1.09856	1.10657	2
2	6000001	0.961604	1.10657	2
2	7000001	1.06083	1.10657	2
2	8000001	0.886476	1.10657	2
2	9000001	1.56674	1.10657	2
2	10000001	1.44225	1.10657	2
2	11000001	1.15644	1.10657	2
2	12000001	0.929205	1.10657	2
2	13000001	0.754459	1.10657	2
2	14000001	1.14532	1.10657	2
2	15000001	0.966423	1.10657	2
2	16000001	1.65921	1.10657	2
2	17000001	0.79256	1.10657	2
2	18000001	1.55991	1.10657	2
2	19000001	1.10657	1.10657	2
2	20000001	1.2156	1.10657	2
2	21000001	0.946837	0.97143	2
2	22000001	0.711106	0.97143	2
2	23000001	0.919177	0.97143	2
2	24000001	1.08318	0.97143	2
2	25000001	1.071	0.97143	2
2	26000001	0.941882	0.97143	2
2	27000001	0.99584	0.97143	2
2	28000001	0.959461	0.97143	2
2	29000001	0.835564	0.97143	2
2	30000001	1.01571	0.97143	2
2	31000001	0.960896	0.97143	2
2	32000001	1.09283	0.97143	2
2	33000001	1.01254	0.97143	2
2	34000001	0.981869	0.97143	2
2	35000001	0.882583	0.97143	2
2	36000001	0.840106	0.97143	2
2	37000001	1.03149	0.97143	2
2	38000001	0.817001	0.97143	2
2	39000001	0.970088	0.97143	2
2	40000001	0.933333	0.97143	2
2	41000001	0.686112	0.97143	2
2	42000001	0.903726	0.97143	2
2	43000001	1.02481	0.97143	2
2	44000001	0.720966	0.97143	2
2	45000001	0.969589	0.97143	2
2	46000001	0.922396	0.97143	2
2	47000001	1.08948	0.97143	2
2	48000001	0.972772	0.97143	2
2	49000001	1.07912	0.97143	2
2	50000001	1.01939	0.97143	2
2	51000001	1.18282	0.97143	2
2	52000001	1.05733	0.97143	2
2	53000001	0.94345	0.97143	2
2	54000001	1.00044	0.97143	2
2	55000001	1.01472	0.97143	2
2	56000001	1.19999	0.97143	2
2	57000001	3.64035	3.64035	7
2	58000001	1.04444	0.942173	2
2	59000001	0.952224	0.942173	2
2	60000001	0.647843	0.942173	2
2	61000001	0.932121	0.942173	2
2	62000001	1.18636	0.942173	2
2	63000001	0.783426	0.942173	2
2	64000001	1.02678	0.942173	2
2	65000001	0.967708	0.942173	2
2	66000001	0.895701	0.942173	2
2	67000001	0.927117	0.942173	2
2	68000001	2.46243	2.46243	5
2	69000001	0.951258	0.981967	2
2	70000001	0.970581	0.981967	2
2	71000001	1.72121	0.981967	2
2	72000001	0.916613	0.981967	2
2	73000001	1.04862	0.981967	2
2	74000001	1.55785	0.981967	2
2	75000001	0.945856	0.981967	2
2	76000001	1.4852	0.981967	2
2	77000001	0.961776	0.981967	2
2	78000001	1.03535	0.981967	2
2	79000001	0.993352	0.981967	2
2	80000001	0.846047	0.981967	2
2	81000001	0.714396	0.981967	2
2	82000001	1.08256	0.981967	2
2	83000001	3.7614	3.7614	8
2	84000001	1.03565	0.979871	2
2	85000001	1.28116	0.979871	2
2	86000001	0.858242	0.979871	2
2	87000001	1.02745	0.979871	2
2	88000001	1.16825	0.979871	2
2	89000001	0.768072	0.979871	2
2	90000001	0.968284	0.979871	2
2	91000001	1.27	0.979871	2
2	92000001	1.0227	0.979871	2
2	93000001	0.68593	0.979871	2
2	94000001	1.21986	0.979871	2
2	95000001	1.16535	0.979871	2
2	96000001	1.15334	0.979871	2
2	97000001	1.01951	0.979871	2
2	98000001	0.924825	0.979871	2
2	99000001	1.49144	0.979871	2
2	100000001	0.841214	0.979871	2
2	101000001	1.0477	0.979871	2
2	102000001	0.935643	0.979871	2
2	103000001	0.892464	0.979871	2
2	104000001	0.927063	0.979871	2
2	105000001	1.14754	0.979871	2
2	106000001	0.78744	0.979871	2
2	107000001	0.845234	0.979871	2
2	108000001	1.08356	0.979871	2
2	109000001	0.836187	0.979871	2
2	110000001	1.07508	0.979871	2
2	111000001	1.01264	0.979871	2
2	112000001	0.923831	0.979871	2
2	113000001	1.11182	0.979871	2
2	114000001	0.902071	0.979871	2
2	115000001	0.962049	0.979871	2
2	116000001	0.751304	0.979871	2
2	117000001	0.864044	0.979871	2
2	118000001	0.78784	0.979871	2
2	119000001	0.968791	0.979871	2
2	120000001	1.09687	0.979871	2
2	121000001	1.16384	0.979871	2
2	122000001	0.91652	0.979871	2
2	123000001	0.990952	0.979871	2
2	124000001	3.09142	3.09142	6
2	125000001	0.83753	0.943985	2
2	126000001	1.19162	0.943985	2
2	127000001	1.02797	0.943985	2
2	128000001	0.943985	0.943985	2
2	129000001	0.782931	0.943985	2
2	130000001	0.90354	0.943985	2
2	131000001	1.05958	0.943985	2
2	132000001	1.09349	0.943985	2
2	133000001	0.870019	0.943985	2
2	134000001	1.01293	0.943985	2
2	135000001	0.856352	0.943985	2
2	136000001	1.00174	0.943985	2
2	137000001	1.08222	0.943985	2
2	138000001	1.06126	0.943985	2
2	139000001	1.09874	0.943985	2
2	140000001	0.837087	0.943985	2
2	141000001	1.05106	0.943985	2
2	142000001	0.809695	0.943985	2
2	143000001	0.913263	0.943985	2
2	144000001	0.732989	0.943985	2
2	145000001	0.866344	0.943985	2
2	146000001	1.11832	0.943985	2
2	147000001	0.995126	0.943985	2
2	148000001	0.78876	0.943985	2
2	149000001	0.809844	0.943985	2
2	150000001	3.21495	3.21495	6
2	151000001	0.981185	0.979609	2
2	152000001	1.23717	0.979609	2
2	153000001	0.991133	0.979609	2
2	154000001	1.88781	0.979609	2
2	155000001	0.979609	0.979609	2
2	156000001	0.814253	0.979609	2
2	157000001	0.651492	0.979609	2
2	158000001	0.963672	0.979609	2
2	159000001	1.21593	0.979609	2
2	160000001	0.689209	0.979609	2
2	161000001	0.924537	0.979609	2
2	162000001	0.68132	0.979609	2
2	163000001	1.05708	0.979609	2
2	164000001	0.996233	0.979609	2
2	165000001	0.721114	0.979609	2
2	166000001	2.25204	2.25204	5
2	167000001	0.689125	0.820635	2
2	168000001	0.952144	0.820635	2
2	169000001	5.03093	5.03093	10
2	170000001	1.14903	0.93488	2
2	171000001	0.899709	0.93488	2
2	172000001	1.19603	0.93488	2
2	173000001	1.89145	0.93488	2
2	174000001	0.89526	0.93488	2
2	175000001	1.09854	0.93488	2
2	176000001	1.13833	0.93488	2
2	177000001	0.833114	0.93488	2
2	178000001	1.01328	0.93488	2
2	179000001	1.13793	0.93488	2
2	180000001	1.02404	0.93488	2
2	181000001	1.41758	0.93488	2
2	182000001	0.721537	0.93488	2
2	183000001	0.736124	0.93488	2
2	184000001	0.944038	0.93488	2
2	185000001	1.07347	0.93488	2
2	186000001	0.841252	0.93488	2
2	187000001	0.704622	0.93488	2
2	188000001	1.02263	0.93488	2
2	189000001	0.925722	0.93488	2
2	190000001	0.750697	0.93488	2
2	191000001	0.809172	0.93488	2
2	192000001	0.884622	0.93488	2
2	193000001	0.865935	0.93488	2
2	194000001	5.25826	5.25826	11
2	195000001	0.828894	0.985616	2
2	196000001	0.827428	0.985616	2
2	197000001	1.01201	0.985616	2
2	198000001	1.6429	0.985616	2
2	199000001	0.700018	0.985616	2
2	200000001	1.18221	0.985616	2
2	201000001	0.710957	0.985616	2
2	202000001	1.10913	0.985616	2
2	203000001	1.2284	0.985616	2
2	204000001	0.963124	0.985616	2
2	205000001	1.03935	0.985616	2
2	206000001	0.998359	0.985616	2
2	207000001	1.11017	0.985616	2
2	208000001	0.972873	0.985616	2
2	209000001	0.956291	0.985616	2
2	210000001	1.04726	0.985616	2
2	211000001	0.86674	0.985616	2
2	212000001	0.928594	0.985616	2
2	213000001	0.879284	0.985616	2
2	214000001	0.840589	0.985616	2
2	215000001	1.06421	0.985616	2
2	216000001	1.11975	0.985616	2
2	217000001	0.927188	0.985616	2
2	218000001	1.16688	0.985616	2
2	219000001	1.18867	0.985616	2
2	220000001	1.1415	0.985616	2
2	221000001	1.55191	0.985616	2
2	222000001	0.923351	0.985616	2
2	223000001	0.86736	0.985616	2
2	224000001	0.771021	0.985616	2
2	225000001	3.40757	3.40757	7
2	226000001	1.01126	1.02227	2
2	227000001	0.846401	1.02227	2
2	228000001	1.09093	1.02227	2
2	229000001	2.20459	1.02227	2
2	230000001	0.804319	1.02227	2
2	231000001	0.802005	1.02227	2
2	232000001	0.951682	1.02227	2
2	233000001	1.03328	1.02227	2
2	234000001	1.15622	1.02227	2
2	235000001	1.72878	1.02227	2
2	236000001	1.0696	1.02227	2
2	237000001	0.845677	1.02227	2
2	238000001	3.32426	3.32426	7
2	239000001	1.28869	1.3582	3
2	240000001	1.42771	1.3582	3
2	241000001	1.90101	1.3582	3
2	242000001	0.934244	1.3582	3
20	1	2.22827	2.22827	4
20	1000001	1.08432	0.955737	2
20	2000001	0.882395	0.955737	2
20	3000001	0.857921	0.955737	2
20	4000001	0.888283	0.955737	2
20	5000001	1.24877	0.955737	2
20	6000001	0.791424	0.955737	2
20	7000001	0.926693	0.955737	2
20	8000001	1.27003	0.955737	2
20	9000001	0.881662	0.955737	2
20	10000001	0.774494	0.955737	2
20	11000001	0.83462	0.955737	2
20	12000001	0.861082	0.955737	2
20	13000001	0.6981	0.955737	2
20	14000001	1.21029	0.955737	2
20	15000001	0.760092	0.955737	2
20	16000001	1.21115	0.955737	2
20	17000001	0.782424	0.955737	2
20	18000001	1.43575	0.955737	2
20	19000001	1.26947	0.955737	2
20	20000001	0.752962	0.955737	2
20	21000001	1.09773	0.955737	2
20	22000001	0.872922	0.955737	2
20	23000001	1.01517	0.955737	2
20	24000001	1.11322	0.955737	2
20	25000001	1.06514	0.955737	2
20	26000001	0.900128	0.955737	2
20	27000001	0.981855	0.955737	2
20	28000001	0.893505	0.955737	2
20	29000001	0.920084	0.955737	2
20	30000001	1.08332	0.955737	2
20	31000001	0.880159	0.955737	2
20	32000001	1.17172	0.955737	2
20	33000001	1.05841	0.955737	2
20	34000001	0.968086	0.955737	2
20	35000001	0.955737	0.955737	2
20	36000001	0.96774	0.955737	2
20	37000001	1.00965	0.955737	2
20	38000001	1.13623	0.955737	2
20	39000001	0.833448	0.955737	2
20	40000001	0.967857	0.955737	2
20	41000001	0.921566	0.955737	2
20	42000001	1.35492	1.24291	2
20	43000001	1.13091	1.24291	2
20	44000001	2.09763	2.09763	4
20	45000001	0.909493	1.06503	2
20	46000001	1.25773	1.06503	2
20	47000001	1.31218	1.06503	2
20	48000001	1.40465	1.06503	2
20	49000001	0.890367	1.06503	2
20	50000001	1.13543	1.06503	2
20	51000001	1.07195	1.06503	2
20	52000001	1.018	1.06503	2
20	53000001	1.04125	1.06503	2
20	54000001	0.947174	1.06503	2
20	55000001	1.03374	1.06503	2
20	56000001	1.05811	1.06503	2
20	57000001	1.10831	1.06503	2
20	58000001	0.759598	1.06503	2
20	59000001	1.20702	1.06503	2
20	60000001	1.13769	1.06503	2
20	61000001	1.50314	1.44833	3
20	62000001	1.39351	1.44833	3
20	63000001	2.24285	1.44833	3
20	64000001	1.18463	1.44833	3
21	1	-1	-1	3
21	1000001	-1	-1	3
21	2000001	-1	-1	3
21	3000001	-1	-1	3
21	4000001	-1	-1	3
21	5000001	1.33676	1.51103	3
21	6000001	1.28742	1.51103	3
21	7000001	1.77928	1.51103	3
21	8000001	1.68531	1.51103	3
21	9000001	1.11455	1.51103	3
21	10000001	1.79236	1.51103	3
21	11000001	0.614432	0.654879	1
21	12000001	0.654879	0.654879	1
21	13000001	0.844978	0.654879	1
21	14000001	1.38623	1.38623	3
21	15000001	1.15611	1.38623	3
21	16000001	1.9633	1.38623	3
21	17000001	0.870407	0.940881	2
21	18000001	0.960703	0.940881	2
21	19000001	0.977366	0.940881	2
21	20000001	1.00031	0.940881	2
21	21000001	0.872117	0.940881	2
21	22000001	1.26003	0.940881	2
21	23000001	1.10686	0.940881	2
21	24000001	0.831037	0.940881	2
21	25000001	0.930658	0.940881	2
21	26000001	0.807377	0.940881	2
21	27000001	0.818646	0.940881	2
21	28000001	0.896881	0.940881	2
21	29000001	1.04178	0.940881	2
21	30000001	0.951104	0.940881	2
21	31000001	0.988481	0.940881	2
21	32000001	1.11826	0.940881	2
21	33000001	0.832161	0.940881	2
21	34000001	0.85283	0.940881	2
21	35000001	1.78669	0.980455	2
21	36000001	0.959387	0.980455	2
21	37000001	1.1308	0.980455	2
21	38000001	0.769639	0.980455	2
21	39000001	0.980455	0.980455	2
21	40000001	1.8866	1.3885	3
21	41000001	1.12801	1.3885	3
21	42000001	1.43834	1.3885	3
21	43000001	1.3885	1.3885	3
21	44000001	0.952446	1.3885	3
21	45000001	1.39428	1.3885	3
21	46000001	0.908336	1.3885	3
22	1	-1	-1	2
22	1000001	-1	-1	2
22	2000001	-1	-1	2
22	3000001	-1	-1	2
22	4000001	-1	-1	2
22	5000001	-1	-1	2
22	6000001	-1	-1	2
22	7000001	-1	-1	2
22	8000001	-1	-1	2
22	9000001	-1	-1	2
22	10000001	1.0159	1.01404	2
22	11000001	1.09114	1.01404	2
22	12000001	1.29173	1.01404	2
22	13000001	0.774953	1.01404	2
22	14000001	0.605215	1.01404	2
22	15000001	1.01218	1.01404	2
22	16000001	1.23449	1.23449	2
22	17000001	1.64639	1.64639	3
22	18000001	3.14285	3.14285	6
22	19000001	0.980476	1.04257	2
22	20000001	1.35964	1.04257	2
22	21000001	1.04983	1.04257	2
22	22000001	1.07064	1.04257	2
22	23000001	0.942554	1.04257	2
22	24000001	1.26775	1.04257	2
22	25000001	1.02591	1.04257	2
22	26000001	1.02257	1.04257	2
22	27000001	1.26823	1.04257	2
22	28000001	0.935325	1.04257	2
22	29000001	1.03531	1.04257	2
22	30000001	1.21319	1.04257	2
22	31000001	0.970311	1.04257	2
22	32000001	1.00879	1.04257	2
22	33000001	1.01805	1.04257	2
22	34000001	1.11612	1.04257	2
22	35000001	1.7638	1.04257	2
22	36000001	0.805139	1.04257	2
22	37000001	1.00758	1.04257	2
22	38000001	1.02838	1.04257	2
22	39000001	1.15264	1.04257	2
22	40000001	0.985194	1.04257	2
22	41000001	1.0124	1.04257	2
22	42000001	1.13315	1.04257	2
22	43000001	1.24801	1.04257	2
22	44000001	1.15366	1.04257	2
22	45000001	1.00966	1.04257	2
22	46000001	1.07266	1.04257	2
22	47000001	1.13296	1.04257	2
22	48000001	1.14985	1.04257	2
22	49000001	0.923013	1.04257	2
22	50000001	1.31346	1.04257	2
3	1	0.854494	0.982025	2
3	1000001	0.9056	0.982025	2
3	2000001	1.16803	0.982025	2
3	3000001	1.14199	0.982025	2
3	4000001	0.875967	0.982025	2
3	5000001	0.808795	0.982025	2
3	6000001	1.34239	0.982025	2
3	7000001	0.827831	0.982025	2
3	8000001	0.940832	0.982025	2
3	9000001	0.74291	0.982025	2
3	10000001	0.98514	0.982025	2
3	11000001	0.758419	0.982025	2
3	12000001	1.26066	0.982025	2
3	13000001	0.954125	0.982025	2
3	14000001	1.00374	0.982025	2
3	15000001	0.967166	0.982025	2
3	16000001	0.978992	0.982025	2
3	17000001	1.21679	0.982025	2
3	18000001	1.20755	0.982025	2
3	19000001	1.03549	0.982025	2
3	20000001	0.857653	0.982025	2
3	21000001	0.684409	0.982025	2
3	22000001	0.995021	0.982025	2
3	23000001	0.855745	0.982025	2
3	24000001	0.979961	0.982025	2
3	25000001	1.17164	0.982025	2
3	26000001	0.867792	0.982025	2
3	27000001	0.955318	0.982025	2
3	28000001	0.804922	0.982025	2
3	29000001	0.97619	0.982025	2
3	30000001	0.803785	0.982025	2
3	31000001	1.00288	0.982025	2
3	32000001	1.2371	0.982025	2
3	33000001	1.08892	0.982025	2
3	34000001	1.2801	0.982025	2
3	35000001	1.51669	0.982025	2
3	36000001	0.984089	0.982025	2
3	37000001	1.00315	0.982025	2
3	38000001	1.02629	0.982025	2
3	39000001	1.01219	0.982025	2
3	40000001	0.927781	0.982025	2
3	41000001	0.908822	0.982025	2
3	42000001	0.793396	0.982025	2
3	43000001	1.15542	0.982025	2
3	44000001	0.862228	0.982025	2
3	45000001	0.919338	0.982025	2
3	46000001	0.913899	0.982025	2
3	47000001	1.04213	0.982025	2
3	48000001	1.15581	0.982025	2
3	49000001	1.23934	0.982025	2
3	50000001	0.955832	0.982025	2
3	51000001	1.06726	0.982025	2
3	52000001	1.17967	0.982025	2
3	53000001	1.0796	0.982025	2
3	54000001	0.761169	0.866776	2
3	55000001	0.81546	0.866776	2
3	56000001	0.987966	0.866776	2
3	57000001	0.929189	0.866776	2
3	58000001	1.06264	0.866776	2
3	59000001	1.03188	0.866776	2
3	60000001	0.840001	0.866776	2
3	61000001	0.856476	0.866776	2
3	62000001	0.926154	0.866776	2
3	63000001	1.0333	0.866776	2
3	64000001	1.03292	0.866776	2
3	65000001	0.963081	0.866776	2
3	66000001	0.798964	0.866776	2
3	67000001	0.687446	0.866776	2
3	68000001	0.926213	0.866776	2
3	69000001	0.815166	0.866776	2
3	70000001	0.86917	0.866776	2
3	71000001	0.834679	0.866776	2
3	72000001	0.864382	0.866776	2
3	73000001	0.809593	0.866776	2
3	74000001	0.878392	0.866776	2
3	75000001	0.992373	0.866776	2
3	76000001	0.750777	0.866776	2
3	77000001	1.26346	0.866776	2
3	78000001	0.809832	0.866776	2
3	79000001	0.738708	0.866776	2
3	80000001	1.42301	0.866776	2
3	81000001	0.746503	0.866776	2
3	82000001	1.47833	0.866776	2
3	83000001	0.839991	0.866776	2
3	84000001	1.18597	0.866776	2
3	85000001	0.685778	0.866776	2
3	86000001	0.877215	0.866776	2
3	87000001	0.878842	0.866776	2
3	88000001	0.826	0.866776	2
3	89000001	0.725237	0.866776	2
3	90000001	0.70616	0.866776	2
3	91000001	0.885853	0.866776	2
3	92000001	1.12292	0.866776	2
3	93000001	0.814716	0.866776	2
3	94000001	1.29962	0.866776	2
3	95000001	0.730942	0.866776	2
3	96000001	1.25231	1.52774	3
3	97000001	1.80317	1.52774	3
3	98000001	1.12393	0.939559	2
3	99000001	1.15564	0.939559	2
3	100000001	0.939559	0.939559	2
3	101000001	0.874838	0.939559	2
3	102000001	1.14207	0.939559	2
3	103000001	1.03541	0.939559	2
3	104000001	0.824613	0.939559	2
3	105000001	0.9574	0.939559	2
3	106000001	0.856381	0.939559	2
3	107000001	1.10837	0.939559	2
3	108000001	0.873929	0.939559	2
3	109000001	0.905535	0.939559	2
3	110000001	0.850654	0.939559	2
3	111000001	1.90263	1.90263	4
3	112000001	0.986175	0.892775	2
3	113000001	0.876587	0.892775	2
3	114000001	0.742481	0.892775	2
3	115000001	0.985647	0.892775	2
3	116000001	0.832324	0.892775	2
3	117000001	0.834986	0.892775	2
3	118000001	0.782589	0.892775	2
3	119000001	1.00015	0.892775	2
3	120000001	0.875402	0.892775	2
3	121000001	0.945263	0.892775	2
3	122000001	0.954372	0.892775	2
3	123000001	0.886751	0.892775	2
3	124000001	1.05685	0.892775	2
3	125000001	0.985324	0.892775	2
3	126000001	0.9765	0.892775	2
3	127000001	1.04829	0.892775	2
3	128000001	0.89194	0.892775	2
3	129000001	1.19912	0.892775	2
3	130000001	0.824522	0.892775	2
3	131000001	0.882012	0.892775	2
3	132000001	1.15728	0.892775	2
3	133000001	0.89361	0.892775	2
3	134000001	0.99661	0.892775	2
3	135000001	0.86784	0.892775	2
3	136000001	0.74408	0.892775	2
3	137000001	0.862605	0.892775	2
3	138000001	1.48586	1.50438	3
3	139000001	1.52289	1.50438	3
3	140000001	0.835878	0.857292	2
3	141000001	1.01552	0.857292	2
3	142000001	0.857292	0.857292	2
3	143000001	2.84717	2.84717	6
3	144000001	0.782995	0.974085	2
3	145000001	1.06161	0.974085	2
3	146000001	0.677935	0.974085	2
3	147000001	1.06524	0.974085	2
3	148000001	0.87057	0.974085	2
3	149000001	0.898136	0.974085	2
3	150000001	0.974589	0.974085	2
3	151000001	0.906265	0.974085	2
3	152000001	1.31041	0.974085	2
3	153000001	0.946277	0.974085	2
3	154000001	1.02699	0.974085	2
3	155000001	0.957998	0.974085	2
3	156000001	0.937989	0.974085	2
3	157000001	0.692285	0.974085	2
3	158000001	1.0413	0.974085	2
3	159000001	0.965761	0.974085	2
3	160000001	1.14745	0.974085	2
3	161000001	0.978429	0.974085	2
3	162000001	1.19768	0.974085	2
3	163000001	0.897912	0.974085	2
3	164000001	0.829315	0.974085	2
3	165000001	1.21415	0.974085	2
3	166000001	1.05439	0.974085	2
3	167000001	0.981077	0.974085	2
3	168000001	0.921391	0.974085	2
3	169000001	1.5526	0.974085	2
3	170000001	0.934668	0.974085	2
3	171000001	1.07872	0.974085	2
3	172000001	1.09038	0.974085	2
3	173000001	1.03516	0.974085	2
3	174000001	0.974085	0.974085	2
3	175000001	0.528605	0.974085	2
3	176000001	1.16873	0.974085	2
3	177000001	0.90365	0.974085	2
3	178000001	0.952176	0.974085	2
3	179000001	1.00369	0.974085	2
3	180000001	0.928764	0.974085	2
3	181000001	2.29076	2.29076	5
3	182000001	1.18596	1.11497	2
3	183000001	1.06447	1.11497	2
3	184000001	1.03099	1.11497	2
3	185000001	1.16547	1.11497	2
3	186000001	2.6284	2.6284	5
3	187000001	0.719638	0.838915	2
3	188000001	1.6101	0.838915	2
3	189000001	0.704155	0.838915	2
3	190000001	1.04862	0.838915	2
3	191000001	0.928366	0.838915	2
3	192000001	0.838915	0.838915	2
3	193000001	0.675009	0.838915	2
3	194000001	1.52535	1.38159	3
3	195000001	1.1704	1.38159	3
3	196000001	1.38159	1.38159	3
3	197000001	1.09187	1.38159	3
3	198000001	3.71908	1.38159	3
4	1	0.974295	1.45728	3
4	1000001	1.45683	1.45728	3
4	2000001	1.65984	1.45728	3
4	3000001	1.45774	1.45728	3
4	4000001	1.03873	1.07296	2
4	5000001	1.2028	1.07296	2
4	6000001	0.974031	1.07296	2
4	7000001	1.56466	1.07296	2
4	8000001	1.14731	1.07296	2
4	9000001	1.09332	1.07296	2
4	10000001	1.0526	1.07296	2
4	11000001	0.952253	1.07296	2
4	12000001	1.51763	1.07296	2
4	13000001	0.832764	1.07296	2
4	14000001	1.99904	1.99904	4
4	15000001	1.19826	0.944161	2
4	16000001	0.915959	0.944161	2
4	17000001	0.807588	0.944161	2
4	18000001	0.913776	0.944161	2
4	19000001	0.952692	0.944161	2
4	20000001	1.17319	0.944161	2
4	21000001	0.912272	0.944161	2
4	22000001	0.870924	0.944161	2
4	23000001	1.19389	0.944161	2
4	24000001	0.950511	0.944161	2
4	25000001	1.10217	0.944161	2
4	26000001	1.00855	0.944161	2
4	27000001	0.961528	0.944161	2
4	28000001	0.812302	0.944161	2
4	29000001	0.914955	0.944161	2
4	30000001	0.93781	0.944161	2
4	31000001	0.730647	0.944161	2
4	32000001	1.84354	0.944161	2
4	33000001	0.927578	0.944161	2
4	34000001	1.02886	0.944161	2
4	35000001	0.995653	0.944161	2
4	36000001	0.80759	0.944161	2
4	37000001	0.881317	0.944161	2
4	38000001	1.1337	0.944161	2
4	39000001	9.18071	9.18071	18
4	40000001	0.832461	0.980356	2
4	41000001	0.980356	0.980356	2
4	42000001	1.11478	0.980356	2
4	43000001	4.05734	4.05734	8
4	44000001	1.02994	0.96901	2
4	45000001	1.02766	0.96901	2
4	46000001	0.797925	0.96901	2
4	47000001	0.823117	0.96901	2
4	48000001	0.991559	0.96901	2
4	49000001	1.21167	0.96901	2
4	50000001	0.772981	0.96901	2
4	51000001	0.953516	0.96901	2
4	52000001	1.22173	0.96901	2
4	53000001	0.74756	0.96901	2
4	54000001	0.853179	0.96901	2
4	55000001	0.984504	0.96901	2
4	56000001	1.02544	0.96901	2
4	57000001	0.757476	0.96901	2
4	58000001	0.920714	0.96901	2
4	59000001	0.730873	0.96901	2
4	60000001	0.878864	0.96901	2
4	61000001	1.05148	0.96901	2
4	62000001	1.21638	0.96901	2
4	63000001	1.53516	0.96901	2
4	64000001	0.918848	0.96901	2
4	65000001	1.13108	0.96901	2
4	66000001	0.797525	0.96901	2
4	67000001	0.874611	0.96901	2
4	68000001	1.07175	0.96901	2
4	69000001	0.98759	0.96901	2
4	70000001	4.78349	4.78349	10
4	71000001	0.80673	0.875079	2
4	72000001	1.28432	0.875079	2
4	73000001	0.825014	0.875079	2
4	74000001	1.07104	0.875079	2
4	75000001	1.18903	0.875079	2
4	76000001	1.23334	0.875079	2
4	77000001	0.852808	0.875079	2
4	78000001	0.875079	0.875079	2
4	79000001	0.69898	0.875079	2
4	80000001	1.99729	1.71967	3
4	81000001	1.44204	1.71967	3
4	82000001	1.00305	0.946514	2
4	83000001	1.12607	0.946514	2
4	84000001	0.889934	0.946514	2
4	85000001	1.38156	0.946514	2
4	86000001	1.06228	0.946514	2
4	87000001	1.11572	0.946514	2
4	88000001	0.923407	0.946514	2
4	89000001	0.87223	0.946514	2
4	90000001	1.02977	0.946514	2
4	91000001	0.831482	0.946514	2
4	92000001	1.05071	0.946514	2
4	93000001	1.16371	0.946514	2
4	94000001	0.834659	0.946514	2
4	95000001	0.686639	0.946514	2
4	96000001	1.12175	0.946514	2
4	97000001	0.848184	0.946514	2
4	98000001	1.04801	0.946514	2
4	99000001	0.832161	0.946514	2
4	100000001	0.799823	0.946514	2
4	101000001	0.937112	0.946514	2
4	102000001	0.76255	0.946514	2
4	103000001	0.946514	0.946514	2
4	104000001	1.69656	0.946514	2
4	105000001	0.761818	0.946514	2
4	106000001	1.08511	0.946514	2
4	107000001	0.95153	0.946514	2
4	108000001	0.628228	0.946514	2
4	109000001	2.10774	2.10774	4
4	110000001	1.13599	0.954599	2
4	111000001	0.910529	0.954599	2
4	112000001	0.916072	0.954599	2
4	113000001	0.78493	0.954599	2
4	114000001	1.04625	0.954599	2
4	115000001	0.88545	0.954599	2
4	116000001	0.899511	0.954599	2
4	117000001	1.14489	0.954599	2
4	118000001	0.659117	0.954599	2
4	119000001	0.814574	0.954599	2
4	120000001	1.15809	0.954599	2
4	121000001	1.09501	0.954599	2
4	122000001	1.18502	0.954599	2
4	123000001	0.928395	0.954599	2
4	124000001	0.926769	0.954599	2
4	125000001	0.991888	0.954599	2
4	126000001	1.02101	0.954599	2
4	127000001	0.749869	0.954599	2
4	128000001	1.25185	0.954599	2
4	129000001	0.992446	0.954599	2
4	130000001	0.722265	0.954599	2
4	131000001	0.844475	0.954599	2
4	132000001	0.920936	0.954599	2
4	133000001	0.882051	0.954599	2
4	134000001	0.991154	0.954599	2
4	135000001	0.968115	0.954599	2
4	136000001	0.881266	0.954599	2
4	137000001	1.02186	0.954599	2
4	138000001	0.988824	0.954599	2
4	139000001	1.06917	0.954599	2
4	140000001	0.96275	0.954599	2
4	141000001	0.751166	0.954599	2
4	142000001	0.800014	0.954599	2
4	143000001	1.10211	0.954599	2
4	144000001	0.934714	0.954599	2
4	145000001	0.946448	0.954599	2
4	146000001	1.00287	0.954599	2
4	147000001	1.25425	0.954599	2
4	148000001	2.3259	2.3259	5
4	149000001	0.956972	0.982994	2
4	150000001	1.10758	0.982994	2
4	151000001	0.900614	0.982994	2
4	152000001	1.15342	0.982994	2
4	153000001	1.07266	0.982994	2
4	154000001	0.970685	0.982994	2
4	155000001	1.29721	0.982994	2
4	156000001	0.935353	0.982994	2
4	157000001	0.738221	0.982994	2
4	158000001	0.946277	0.982994	2
4	159000001	0.712255	0.982994	2
4	160000001	1.04386	0.982994	2
4	161000001	0.583098	0.982994	2
4	162000001	1.1143	0.982994	2
4	163000001	0.995302	0.982994	2
4	164000001	0.7669	0.982994	2
4	165000001	1.1549	0.982994	2
4	166000001	0.879809	0.982994	2
4	167000001	1.34609	0.982994	2
4	168000001	0.865877	0.982994	2
4	169000001	1.13768	0.982994	2
4	170000001	1.16817	0.982994	2
4	171000001	0.812715	0.982994	2
4	172000001	1.12594	0.982994	2
4	173000001	1.20434	0.982994	2
4	174000001	0.856458	0.982994	2
4	175000001	1.73214	1.03735	2
4	176000001	1.80945	1.03735	2
4	177000001	0.925329	1.03735	2
4	178000001	1.15206	1.03735	2
4	179000001	0.970242	1.03735	2
4	180000001	1.10906	1.03735	2
4	181000001	1.05062	1.03735	2
4	182000001	0.900915	1.03735	2
4	183000001	1.42092	1.03735	2
4	184000001	1.01812	1.03735	2
4	185000001	0.951088	1.03735	2
4	186000001	1.6063	1.03735	2
4	187000001	0.943447	1.03735	2
4	188000001	0.808211	1.03735	2
4	189000001	1.02408	1.03735	2
4	190000001	2.00701	1.03735	2
5	1	1.40455	2.18106	4
5	1000001	2.95756	2.18106	4
5	2000001	1.27611	1.25544	3
5	3000001	1.23478	1.25544	3
5	4000001	0.910535	1.25544	3
5	5000001	0.981748	1.25544	3
5	6000001	1.46704	1.25544	3
5	7000001	1.49466	1.25544	3
5	8000001	0.992334	1.02088	2
5	9000001	0.914263	1.02088	2
5	10000001	0.901303	1.02088	2
5	11000001	1.30072	1.02088	2
5	12000001	1.14253	1.02088	2
5	13000001	0.935465	1.02088	2
5	14000001	1.09932	1.02088	2
5	15000001	1.02414	1.02088	2
5	16000001	1.01547	1.02088	2
5	17000001	0.889348	1.02088	2
5	18000001	1.02088	1.02088	2
5	19000001	1.30087	1.02088	2
5	20000001	1.03543	1.02088	2
5	21000001	2.11765	2.11765	4
5	22000001	0.905565	0.931651	2
5	23000001	0.866251	0.931651	2
5	24000001	0.931651	0.931651	2
5	25000001	1.00811	0.931651	2
5	26000001	0.915175	0.931651	2
5	27000001	0.952057	0.931651	2
5	28000001	1.06578	0.931651	2
5	29000001	0.940061	0.931651	2
5	30000001	0.670454	0.931651	2
5	31000001	0.780663	0.931651	2
5	32000001	1.15576	0.931651	2
5	33000001	3.09352	3.09352	6
5	34000001	0.875392	0.959748	2
5	35000001	1.06186	0.959748	2
5	36000001	0.644479	0.959748	2
5	37000001	1.0332	0.959748	2
5	38000001	0.899135	0.959748	2
5	39000001	0.80012	0.959748	2
5	40000001	0.879548	0.959748	2
5	41000001	0.851091	0.959748	2
5	42000001	1.03749	0.959748	2
5	43000001	1.04375	0.959748	2
5	44000001	0.806253	0.959748	2
5	45000001	0.975992	0.959748	2
5	46000001	0.863853	0.959748	2
5	47000001	0.93767	0.959748	2
5	48000001	0.94848	0.959748	2
5	49000001	1.19215	0.959748	2
5	50000001	1.59161	0.959748	2
5	51000001	0.763776	0.959748	2
5	52000001	1.01807	0.959748	2
5	53000001	0.875576	0.959748	2
5	54000001	0.998637	0.959748	2
5	55000001	0.831653	0.959748	2
5	56000001	1.09787	0.959748	2
5	57000001	0.927516	0.959748	2
5	58000001	1.17659	0.959748	2
5	59000001	0.885177	0.959748	2
5	60000001	1.48843	0.959748	2
5	61000001	0.714556	0.959748	2
5	62000001	0.846977	0.959748	2
5	63000001	1.17698	0.959748	2
5	64000001	0.864401	0.959748	2
5	65000001	0.939921	0.959748	2
5	66000001	0.751266	0.959748	2
5	67000001	1.00669	0.959748	2
5	68000001	0.998891	0.959748	2
5	69000001	0.998941	0.959748	2
5	70000001	0.575795	0.959748	2
5	71000001	1.06752	0.959748	2
5	72000001	0.971016	0.959748	2
5	73000001	1.0405	0.959748	2
5	74000001	0.711634	0.959748	2
5	75000001	1.05115	0.959748	2
5	76000001	0.998569	0.959748	2
5	77000001	1.09379	0.959748	2
5	78000001	0.655832	0.959748	2
5	79000001	1.06665	0.959748	2
5	80000001	1.24619	0.959748	2
5	81000001	0.77575	0.959748	2
5	82000001	1.13884	0.959748	2
5	83000001	0.820904	0.959748	2
5	84000001	0.794951	0.959748	2
5	85000001	1.00953	0.959748	2
5	86000001	2.06549	2.06549	4
5	87000001	0.907784	0.938117	2
5	88000001	1.09662	0.938117	2
5	89000001	0.909262	0.938117	2
5	90000001	0.791887	0.938117	2
5	91000001	0.814083	0.938117	2
5	92000001	1.21234	0.938117	2
5	93000001	1.19707	0.938117	2
5	94000001	1.22309	0.938117	2
5	95000001	1.15283	0.938117	2
5	96000001	0.731958	0.938117	2
5	97000001	1.26444	0.938117	2
5	98000001	0.879832	0.938117	2
5	99000001	0.927937	0.938117	2
5	100000001	0.816372	0.938117	2
5	101000001	1.15461	0.938117	2
5	102000001	0.961932	0.938117	2
5	103000001	0.892119	0.938117	2
5	104000001	0.746134	0.938117	2
5	105000001	1.05903	0.938117	2
5	106000001	0.967333	0.938117	2
5	107000001	0.715051	0.938117	2
5	108000001	0.855954	0.938117	2
5	109000001	0.793909	0.938117	2
5	110000001	0.952721	0.938117	2
5	111000001	0.883521	0.938117	2
5	112000001	0.923039	0.938117	2
5	113000001	1.13148	0.938117	2
5	114000001	1.054	0.938117	2
5	115000001	0.986228	0.938117	2
5	116000001	0.982945	0.938117	2
5	117000001	0.889202	0.938117	2
5	118000001	1.18422	0.938117	2
5	119000001	0.769639	0.938117	2
5	120000001	0.965296	0.938117	2
5	121000001	0.901292	0.938117	2
5	122000001	1.12115	0.938117	2
5	123000001	0.793161	0.938117	2
5	124000001	0.868842	0.938117	2
5	125000001	0.798933	0.938117	2
5	126000001	0.938117	0.938117	2
5	127000001	0.992197	0.938117	2
5	128000001	0.880241	0.938117	2
5	129000001	0.95582	0.938117	2
5	130000001	1.01904	0.938117	2
5	131000001	0.668568	0.938117	2
5	132000001	1.27482	0.938117	2
5	133000001	0.891114	0.938117	2
5	134000001	1.27074	0.938117	2
5	135000001	0.922873	0.938117	2
5	136000001	0.999259	0.938117	2
5	137000001	0.849036	0.938117	2
5	138000001	1.03228	0.938117	2
5	139000001	1.23893	0.938117	2
5	140000001	0.908543	0.938117	2
5	141000001	1.11254	0.938117	2
5	142000001	2.18055	2.18055	4
5	143000001	0.85108	0.853169	2
5	144000001	0.855257	0.853169	2
5	145000001	2.08193	2.08193	4
5	146000001	0.736828	0.997224	2
5	147000001	1.13522	0.997224	2
5	148000001	0.997224	0.997224	2
5	149000001	2.72551	2.72551	5
5	150000001	0.945512	0.905567	2
5	151000001	1.1344	0.905567	2
5	152000001	0.85895	0.905567	2
5	153000001	0.784829	0.905567	2
5	154000001	0.975455	0.905567	2
5	155000001	0.786213	0.905567	2
5	156000001	1.00247	0.905567	2
5	157000001	0.955389	0.905567	2
5	158000001	0.954701	0.905567	2
5	159000001	0.883579	0.905567	2
5	160000001	0.6633	0.905567	2
5	161000001	0.832869	0.905567	2
5	162000001	0.939088	0.905567	2
5	163000001	0.927556	0.905567	2
5	164000001	0.779924	0.905567	2
5	165000001	1.12894	0.905567	2
5	166000001	0.809808	0.905567	2
5	167000001	0.8503	0.905567	2
5	168000001	1.49091	1.10583	2
5	169000001	1.11984	1.10583	2
5	170000001	0.769023	1.10583	2
5	171000001	1.12487	1.10583	2
5	172000001	1.15061	1.10583	2
5	173000001	1.0589	1.10583	2
5	174000001	1.11702	1.10583	2
5	175000001	0.796535	1.10583	2
5	176000001	1.53512	1.10583	2
5	177000001	0.986586	1.10583	2
5	178000001	0.953138	1.10583	2
5	179000001	1.04943	1.10583	2
5	180000001	1.09464	1.10583	2
5	181000001	1.49431	1.10583	2
6	1	0.661381	0.661381	1
6	1000001	1.07148	1.02038	2
6	2000001	1.05553	1.02038	2
6	3000001	1.09627	1.02038	2
6	4000001	0.91508	1.02038	2
6	5000001	1.01373	1.02038	2
6	6000001	0.986081	1.02038	2
6	7000001	1.21436	1.02038	2
6	8000001	0.993221	1.02038	2
6	9000001	0.779429	1.02038	2
6	10000001	0.947301	1.02038	2
6	11000001	0.980421	1.02038	2
6	12000001	0.909615	1.02038	2
6	13000001	0.989808	1.02038	2
6	14000001	1.15383	1.02038	2
6	15000001	1.15397	1.02038	2
6	16000001	1.18841	1.02038	2
6	17000001	1.2858	1.02038	2
6	18000001	0.836798	1.02038	2
6	19000001	1.0037	1.02038	2
6	20000001	0.681132	1.02038	2
6	21000001	0.76157	1.02038	2
6	22000001	1.20349	1.02038	2
6	23000001	0.903153	1.02038	2
6	24000001	1.49302	1.02038	2
6	25000001	1.18752	1.02038	2
6	26000001	0.952163	1.02038	2
6	27000001	1.36536	1.02038	2
6	28000001	1.2185	1.02038	2
6	29000001	1.0759	1.02038	2
6	30000001	0.903572	1.02038	2
6	31000001	1.09848	1.02038	2
6	32000001	1.16868	1.02038	2
6	33000001	1.02038	1.02038	2
6	34000001	1.03174	1.02038	2
6	35000001	1.36875	1.02038	2
6	36000001	0.866655	1.02038	2
6	37000001	0.916675	1.02038	2
6	38000001	0.988411	1.02038	2
6	39000001	1.26137	1.02038	2
6	40000001	0.857166	1.02038	2
6	41000001	1.0562	1.02038	2
6	42000001	1.16166	1.02038	2
6	43000001	1.02301	1.02038	2
6	44000001	0.827322	1.02038	2
6	45000001	0.810331	1.02038	2
6	46000001	1.20587	1.02038	2
6	47000001	0.933211	1.02038	2
6	48000001	1.36189	1.02038	2
6	49000001	1.00956	1.02038	2
6	50000001	1.03839	1.02038	2
6	51000001	0.874894	1.02038	2
6	52000001	0.860062	1.02038	2
6	53000001	1.21915	1.02038	2
6	54000001	1.37292	1.02038	2
6	55000001	1.47156	1.02038	2
6	56000001	1.19482	1.02038	2
6	57000001	1.01367	1.02038	2
6	58000001	0.921831	1.02038	2
6	59000001	0.964392	1.02038	2
6	60000001	1.66443	1.66443	3
6	61000001	0.854375	0.928016	2
6	62000001	0.912242	0.928016	2
6	63000001	0.959498	0.928016	2
6	64000001	1.0185	0.928016	2
6	65000001	1.2073	0.928016	2
6	66000001	0.729372	0.928016	2
6	67000001	0.949208	0.928016	2
6	68000001	0.873709	0.928016	2
6	69000001	1.0215	0.928016	2
6	70000001	0.846249	0.928016	2
6	71000001	0.859913	0.928016	2
6	72000001	0.8198	0.928016	2
6	73000001	1.04951	0.928016	2
6	74000001	1.00346	0.928016	2
6	75000001	0.951704	0.928016	2
6	76000001	1.09727	0.928016	2
6	77000001	0.919828	0.928016	2
6	78000001	0.855052	0.928016	2
6	79000001	0.774911	0.928016	2
6	80000001	1.03999	0.928016	2
6	81000001	1.14203	0.928016	2
6	82000001	1.07517	0.928016	2
6	83000001	0.963385	0.928016	2
6	84000001	0.770338	0.928016	2
6	85000001	1.06834	0.928016	2
6	86000001	0.843425	0.928016	2
6	87000001	0.916426	0.928016	2
6	88000001	0.988362	0.928016	2
6	89000001	0.943944	0.928016	2
6	90000001	1.13208	0.928016	2
6	91000001	0.890703	0.928016	2
6	92000001	0.959712	0.928016	2
6	93000001	1.21591	0.928016	2
6	94000001	1.19002	0.928016	2
6	95000001	0.94706	0.928016	2
6	96000001	0.913397	0.928016	2
6	97000001	0.879157	0.928016	2
6	98000001	0.924786	0.928016	2
6	99000001	1.10689	0.928016	2
6	100000001	0.97255	0.928016	2
6	101000001	0.83469	0.928016	2
6	102000001	1.19071	0.928016	2
6	103000001	1.11772	0.928016	2
6	104000001	0.822389	0.928016	2
6	105000001	1.10648	0.928016	2
6	106000001	0.851737	0.928016	2
6	107000001	0.879206	0.928016	2
6	108000001	1.00296	0.928016	2
6	109000001	0.848491	0.928016	2
6	110000001	0.889526	0.928016	2
6	111000001	0.966141	0.928016	2
6	112000001	0.716496	0.928016	2
6	113000001	0.793064	0.928016	2
6	114000001	0.960376	0.928016	2
6	115000001	0.794222	0.928016	2
6	116000001	0.928624	0.928016	2
6	117000001	1.10615	0.928016	2
6	118000001	0.793813	0.928016	2
6	119000001	1.03756	0.928016	2
6	120000001	0.890809	0.928016	2
6	121000001	0.885728	0.928016	2
6	122000001	1.03316	0.928016	2
6	123000001	0.927409	0.928016	2
6	124000001	0.582121	0.928016	2
6	125000001	0.900891	0.928016	2
6	126000001	0.727475	0.928016	2
6	127000001	0.739844	0.928016	2
6	128000001	0.817682	0.928016	2
6	129000001	1.32709	0.928016	2
6	130000001	0.795038	0.928016	2
6	131000001	1.06522	0.928016	2
6	132000001	0.795695	0.928016	2
6	133000001	0.811475	0.928016	2
6	134000001	1.13215	0.928016	2
6	135000001	1.02265	0.928016	2
6	136000001	0.671146	0.928016	2
6	137000001	0.750724	0.928016	2
6	138000001	0.805959	0.928016	2
6	139000001	0.727391	0.928016	2
6	140000001	1.15961	0.928016	2
6	141000001	0.892446	0.928016	2
6	142000001	1.03861	0.928016	2
6	143000001	1.19823	0.928016	2
6	144000001	0.869962	0.928016	2
6	145000001	1.16885	0.928016	2
6	146000001	0.925972	0.928016	2
6	147000001	0.929372	0.928016	2
6	148000001	0.969422	0.928016	2
6	149000001	0.894693	0.928016	2
6	150000001	0.946258	0.928016	2
6	151000001	1.27137	0.928016	2
6	152000001	0.815369	0.928016	2
6	153000001	0.931899	0.928016	2
6	154000001	0.940381	0.928016	2
6	155000001	1.33436	1.15642	2
6	156000001	1.15554	1.15642	2
6	157000001	1.17603	1.15642	2
6	158000001	1.01249	1.15642	2
6	159000001	1.1573	1.15642	2
6	160000001	1.09606	1.15642	2
6	161000001	1.22134	1.15642	2
6	162000001	1.3607	1.15642	2
6	163000001	0.836047	1.15642	2
6	164000001	0.9674	1.15642	2
6	165000001	1.32768	1.15642	2
6	166000001	1.00293	1.15642	2
6	167000001	1.98391	1.98391	4
6	168000001	1.07705	1.09751	2
6	169000001	1.41766	1.09751	2
6	170000001	1.09751	1.09751	2
7	1	1.23234	1.45937	3
7	1000001	1.6864	1.45937	3
7	2000001	1.01033	1.05727	2
7	3000001	1.13157	1.05727	2
7	4000001	0.814053	1.05727	2
7	5000001	1.05415	1.05727	2
7	6000001	1.04208	1.05727	2
7	7000001	1.93728	1.05727	2
7	8000001	1.0865	1.05727	2
7	9000001	1.06038	1.05727	2
7	10000001	0.949538	0.956239	2
7	11000001	0.991901	0.956239	2
7	12000001	0.983248	0.956239	2
7	13000001	1.25902	0.956239	2
7	14000001	0.957338	0.956239	2
7	15000001	0.95514	0.956239	2
7	16000001	0.965672	0.956239	2
7	17000001	0.850015	0.956239	2
7	18000001	0.821261	0.956239	2
7	19000001	0.866645	0.956239	2
7	20000001	1.91688	1.91688	4
7	21000001	0.861144	0.989232	2
7	22000001	0.830948	0.989232	2
7	23000001	0.973331	0.989232	2
7	24000001	1.0316	0.989232	2
7	25000001	1.28165	0.989232	2
7	26000001	0.871439	0.989232	2
7	27000001	0.853017	0.989232	2
7	28000001	0.910184	0.989232	2
7	29000001	1.11221	0.989232	2
7	30000001	1.10913	0.989232	2
7	31000001	1.04362	0.989232	2
7	32000001	1.05827	0.989232	2
7	33000001	1.1819	0.989232	2
7	34000001	0.847031	0.989232	2
7	35000001	0.985021	0.989232	2
7	36000001	1.38298	0.989232	2
7	37000001	0.968066	0.989232	2
7	38000001	0.90987	0.989232	2
7	39000001	0.769203	0.989232	2
7	40000001	0.941323	0.989232	2
7	41000001	1.05815	0.989232	2
7	42000001	0.976216	0.989232	2
7	43000001	0.993557	0.989232	2
7	44000001	1.0901	0.989232	2
7	45000001	0.987411	0.989232	2
7	46000001	1.21185	0.989232	2
7	47000001	0.989232	0.989232	2
7	48000001	0.987203	0.989232	2
7	49000001	1.80384	0.989232	2
7	50000001	1.0867	0.989232	2
7	51000001	1.0557	0.989232	2
7	52000001	0.760431	0.989232	2
7	53000001	1.04171	0.989232	2
7	54000001	2.95687	2.95687	6
7	55000001	0.993714	0.886291	2
7	56000001	1.17341	0.886291	2
7	57000001	1.04959	0.886291	2
7	58000001	0.704757	0.886291	2
7	59000001	0.799544	0.886291	2
7	60000001	0.780383	0.886291	2
7	61000001	0.775064	0.886291	2
7	62000001	1.06527	0.886291	2
7	63000001	0.877092	0.886291	2
7	64000001	0.89549	0.886291	2
7	65000001	2.15679	2.15679	4
7	66000001	1.12458	1.14007	2
7	67000001	0.983639	1.14007	2
7	68000001	1.17792	1.14007	2
7	69000001	1.01816	1.14007	2
7	70000001	1.9676	1.14007	2
7	71000001	0.827978	1.14007	2
7	72000001	1.42387	1.14007	2
7	73000001	1.34393	1.14007	2
7	74000001	1.14007	1.14007	2
7	75000001	1.16035	1.14007	2
7	76000001	1.13507	1.14007	2
7	77000001	0.665668	0.986048	2
7	78000001	0.944196	0.986048	2
7	79000001	1.46215	0.986048	2
7	80000001	1.20136	0.986048	2
7	81000001	0.808734	0.986048	2
7	82000001	1.04162	0.986048	2
7	83000001	0.996604	0.986048	2
7	84000001	1.20709	0.986048	2
7	85000001	1.01454	0.986048	2
7	86000001	0.91678	0.986048	2
7	87000001	1.1895	0.986048	2
7	88000001	0.692864	0.986048	2
7	89000001	0.981838	0.986048	2
7	90000001	0.972524	0.986048	2
7	91000001	0.947634	0.986048	2
7	92000001	0.801047	0.986048	2
7	93000001	1.0228	0.986048	2
7	94000001	0.860034	0.986048	2
7	95000001	0.757676	0.986048	2
7	96000001	0.819302	0.986048	2
7	97000001	1.01142	0.986048	2
7	98000001	1.24057	0.986048	2
7	99000001	1.17661	0.986048	2
7	100000001	1.19992	0.986048	2
7	101000001	1.10969	0.986048	2
7	102000001	0.98124	0.986048	2
7	103000001	0.970514	0.986048	2
7	104000001	0.958282	0.986048	2
7	105000001	1.00013	0.986048	2
7	106000001	1.01045	0.986048	2
7	107000001	1.03077	0.986048	2
7	108000001	0.817936	0.986048	2
7	109000001	1.02282	0.986048	2
7	110000001	0.986048	0.986048	2
7	111000001	0.960805	0.986048	2
7	112000001	1.7728	1.53231	3
7	113000001	1.0176	1.53231	3
7	114000001	1.53231	1.53231	3
7	115000001	1.00596	0.894863	2
7	116000001	0.922249	0.894863	2
7	117000001	0.841468	0.894863	2
7	118000001	0.894863	0.894863	2
7	119000001	0.692005	0.894863	2
7	120000001	0.902172	0.894863	2
7	121000001	0.680015	0.894863	2
7	122000001	0.830894	0.894863	2
7	123000001	0.756742	0.894863	2
7	124000001	0.682552	0.894863	2
7	125000001	0.944838	0.894863	2
7	126000001	0.657553	0.894863	2
7	127000001	0.96981	0.894863	2
7	128000001	0.938967	0.894863	2
7	129000001	0.924256	0.894863	2
7	130000001	1.23563	1.1624	2
7	131000001	1.14338	1.1624	2
7	132000001	1.36788	1.1624	2
7	133000001	1.03546	1.1624	2
7	134000001	1.26463	1.1624	2
7	135000001	0.984089	1.1624	2
7	136000001	0.811473	1.1624	2
7	137000001	1.2069	1.1624	2
7	138000001	1.18142	1.1624	2
7	139000001	1.21827	1.1624	2
7	140000001	1.00563	1.1624	2
7	141000001	0.686614	1.1624	2
7	142000001	1.98959	1.15249	2
7	143000001	1.142	1.15249	2
7	144000001	0.819954	1.15249	2
7	145000001	0.860768	1.15249	2
7	146000001	1.04658	1.15249	2
7	147000001	1.32313	1.15249	2
7	148000001	0.92804	1.15249	2
7	149000001	1.07056	1.15249	2
7	150000001	1.82784	1.15249	2
7	151000001	1.64858	1.15249	2
7	152000001	0.920291	1.15249	2
7	153000001	0.963302	1.15249	2
7	154000001	0.969369	1.15249	2
7	155000001	1.38508	1.15249	2
7	156000001	1.20788	1.15249	2
7	157000001	1.16298	1.15249	2
7	158000001	2.28377	1.15249	2
7	159000001	1.93092	1.15249	2
8	1	0.903938	1.04503	2
8	1000001	0.995354	1.04503	2
8	2000001	1.13779	1.04503	2
8	3000001	1.31814	1.04503	2
8	4000001	0.823859	1.04503	2
8	5000001	0.931918	1.04503	2
8	6000001	1.25109	1.04503	2
8	7000001	1.11202	1.04503	2
8	8000001	0.92303	1.04503	2
8	9000001	0.837893	1.04503	2
8	10000001	1.12678	1.04503	2
8	11000001	0.817149	1.04503	2
8	12000001	1.06857	1.04503	2
8	13000001	0.926278	1.04503	2
8	14000001	1.20437	1.04503	2
8	15000001	1.0215	1.04503	2
8	16000001	1.42884	1.04503	2
8	17000001	1.40603	1.04503	2
8	18000001	0.717352	0.92755	2
8	19000001	0.928979	0.92755	2
8	20000001	0.938004	0.92755	2
8	21000001	1.0029	0.92755	2
8	22000001	0.92755	0.92755	2
8	23000001	1.01794	0.92755	2
8	24000001	0.851169	0.92755	2
8	25000001	0.919065	0.92755	2
8	26000001	1.23554	0.92755	2
8	27000001	1.0313	0.92755	2
8	28000001	1.06481	0.92755	2
8	29000001	1.12175	0.92755	2
8	30000001	0.762467	0.92755	2
8	31000001	0.833736	0.92755	2
8	32000001	0.66104	0.92755	2
8	33000001	1.44736	0.92755	2
8	34000001	0.804601	0.92755	2
8	35000001	1.24904	0.92755	2
8	36000001	0.921386	0.92755	2
8	37000001	1.03658	0.92755	2
8	38000001	0.867603	0.92755	2
8	39000001	1.05395	0.92755	2
8	40000001	1.15968	0.92755	2
8	41000001	0.840072	0.92755	2
8	42000001	1.17167	0.92755	2
8	43000001	1.09832	0.92755	2
8	44000001	0.670357	0.92755	2
8	45000001	0.635259	0.92755	2
8	46000001	1.09536	0.92755	2
8	47000001	0.953876	0.92755	2
8	48000001	0.886175	0.92755	2
8	49000001	0.977123	0.92755	2
8	50000001	0.776535	0.92755	2
8	51000001	1.36147	0.92755	2
8	52000001	0.929315	0.92755	2
8	53000001	1.19693	0.92755	2
8	54000001	0.947531	0.92755	2
8	55000001	0.846015	0.92755	2
8	56000001	0.703833	0.92755	2
8	57000001	0.99424	0.92755	2
8	58000001	0.881472	0.92755	2
8	59000001	0.865342	0.92755	2
8	60000001	1.10445	0.92755	2
8	61000001	0.745958	0.92755	2
8	62000001	0.883402	0.92755	2
8	63000001	1.22174	0.92755	2
8	64000001	0.796385	0.92755	2
8	65000001	0.885148	0.92755	2
8	66000001	0.912184	0.92755	2
8	67000001	1.10238	0.92755	2
8	68000001	1.01154	0.92755	2
8	69000001	0.981375	0.92755	2
8	70000001	0.857376	0.92755	2
8	71000001	1.12139	0.92755	2
8	72000001	0.848725	0.92755	2
8	73000001	0.971654	0.92755	2
8	74000001	0.981173	0.92755	2
8	75000001	0.862026	0.92755	2
8	76000001	0.835387	0.92755	2
8	77000001	1.0861	0.92755	2
8	78000001	1.01898	0.92755	2
8	79000001	0.589946	0.92755	2
8	80000001	0.857568	0.92755	2
8	81000001	0.787487	0.92755	2
8	82000001	0.850281	0.92755	2
8	83000001	0.857114	0.92755	2
8	84000001	0.815633	0.92755	2
8	85000001	1.07829	0.92755	2
8	86000001	1.33526	0.92755	2
8	87000001	1.15621	0.92755	2
8	88000001	0.736097	0.92755	2
8	89000001	0.900622	0.92755	2
8	90000001	0.870104	0.92755	2
8	91000001	0.745224	0.92755	2
8	92000001	0.788624	0.92755	2
8	93000001	1.36738	0.92755	2
8	94000001	1.03715	0.92755	2
8	95000001	1.75954	1.75954	4
8	96000001	0.812687	0.960911	2
8	97000001	1.10191	0.960911	2
8	98000001	1.0895	0.960911	2
8	99000001	1.06654	0.960911	2
8	100000001	1.17338	0.960911	2
8	101000001	1.05276	0.960911	2
8	102000001	1.11525	0.960911	2
8	103000001	0.694479	0.960911	2
8	104000001	1.47531	0.960911	2
8	105000001	1.30022	0.960911	2
8	106000001	0.904221	0.960911	2
8	107000001	0.961286	0.960911	2
8	108000001	1.05286	0.960911	2
8	109000001	0.906161	0.960911	2
8	110000001	0.94619	0.960911	2
8	111000001	1.05995	0.960911	2
8	112000001	0.859141	0.960911	2
8	113000001	1.19915	0.960911	2
8	114000001	0.858962	0.960911	2
8	115000001	0.939085	0.960911	2
8	116000001	0.923152	0.960911	2
8	117000001	0.982518	0.960911	2
8	118000001	0.699855	0.960911	2
8	119000001	0.891211	0.960911	2
8	120000001	1.16096	0.960911	2
8	121000001	0.763527	0.960911	2
8	122000001	0.989875	0.960911	2
8	123000001	0.856995	0.960911	2
8	124000001	0.816199	0.960911	2
8	125000001	0.881681	0.960911	2
8	126000001	0.747771	0.960911	2
8	127000001	1.02294	0.960911	2
8	128000001	1.01799	0.960911	2
8	129000001	1.21377	0.960911	2
8	130000001	1.02845	0.960911	2
8	131000001	0.836883	0.960911	2
8	132000001	1.21751	0.960911	2
8	133000001	1.14559	0.960911	2
8	134000001	0.89571	0.960911	2
8	135000001	0.960537	0.960911	2
8	136000001	0.773582	0.960911	2
8	137000001	0.916975	0.960911	2
8	138000001	5.70989	5.70989	11
8	139000001	1.08573	1.08573	2
8	140000001	0.840498	1.08573	2
8	141000001	1.0779	1.08573	2
8	142000001	1.5187	1.08573	2
8	143000001	1.28356	1.08573	2
8	144000001	1.05027	1.08573	2
8	145000001	1.1198	1.08573	2
9	1	1.09828	1.06732	2
9	1000001	1.02122	1.06732	2
9	2000001	1.20825	1.06732	2
9	3000001	1.06293	1.06732	2
9	4000001	1.02469	1.06732	2
9	5000001	0.904676	1.06732	2
9	6000001	1.21528	1.06732	2
9	7000001	1.0717	1.06732	2
9	8000001	0.875182	0.919945	2
9	9000001	0.919663	0.919945	2
9	10000001	0.846266	0.919945	2
9	11000001	0.97961	0.919945	2
9	12000001	0.857329	0.919945	2
9	13000001	0.900806	0.919945	2
9	14000001	1.05969	0.919945	2
9	15000001	0.635406	0.919945	2
9	16000001	0.997795	0.919945	2
9	17000001	1.09038	0.919945	2
9	18000001	0.734491	0.919945	2
9	19000001	1.00077	0.919945	2
9	20000001	0.919945	0.919945	2
9	21000001	0.88528	0.919945	2
9	22000001	0.706897	0.919945	2
9	23000001	0.802534	0.919945	2
9	24000001	1.0636	0.919945	2
9	25000001	1.10687	0.919945	2
9	26000001	1.05767	0.919945	2
9	27000001	0.704681	0.919945	2
9	28000001	1.07108	0.919945	2
9	29000001	1.12239	0.919945	2
9	30000001	0.970577	0.919945	2
9	31000001	1.06565	0.919945	2
9	32000001	1.19024	0.919945	2
9	33000001	0.86619	0.919945	2
9	34000001	0.863832	0.919945	2
9	35000001	1.06633	0.919945	2
9	36000001	0.940769	0.919945	2
9	37000001	0.718954	0.919945	2
9	38000001	0.851685	0.919945	2
9	39000001	0.695158	0.919945	2
9	40000001	0.949536	0.919945	2
9	41000001	1.22354	1.13722	2
9	42000001	1.11073	1.13722	2
9	43000001	1.13722	1.13722	2
9	44000001	0.705376	-1	2
9	45000001	0.746286	-1	2
9	46000001	-1	-1	2
9	47000001	-1	-1	2
9	48000001	-1	-1	2
9	49000001	-1	-1	2
9	50000001	-1	-1	2
9	51000001	-1	-1	2
9	52000001	-1	-1	2
9	53000001	-1	-1	2
9	54000001	-1	-1	2
9	55000001	-1	-1	2
9	56000001	-1	-1	2
9	57000001	-1	-1	2
9	58000001	-1	-1	2
9	59000001	-1	-1	2
9	60000001	0.681499	-1	2
9	61000001	1.16259	1.16259	2
9	62000001	1.04967	1.16259	2
9	63000001	1.47198	1.16259	2
9	64000001	1.03348	1.16259	2
9	65000001	1.4452	1.16259	2
9	66000001	0.966261	0.944607	2
9	67000001	0.7427	0.944607	2
9	68000001	0.985365	0.944607	2
9	69000001	0.608198	0.944607	2
9	70000001	0.944607	0.944607	2
9	71000001	1.04518	0.944607	2
9	72000001	0.725043	0.944607	2
9	73000001	0.814166	0.944607	2
9	74000001	0.958076	0.944607	2
9	75000001	1.21449	0.944607	2
9	76000001	0.807414	0.944607	2
9	77000001	1.04008	0.944607	2
9	78000001	1.26656	0.944607	2
9	79000001	0.720019	0.944607	2
9	80000001	0.982327	0.944607	2
9	81000001	0.988087	0.944607	2
9	82000001	0.862177	0.944607	2
9	83000001	0.821009	0.944607	2
9	84000001	0.90725	0.944607	2
9	85000001	0.773277	0.944607	2
9	86000001	1.01847	0.944607	2
9	87000001	1.08998	0.944607	2
9	88000001	0.850796	0.944607	2
9	89000001	0.981892	0.944607	2
9	90000001	0.88685	0.944607	2
9	91000001	1.00649	0.944607	2
9	92000001	0.889926	0.944607	2
9	93000001	1.25007	1.03077	2
9	94000001	0.988213	1.03077	2
9	95000001	1.06489	1.03077	2
9	96000001	1.25816	1.03077	2
9	97000001	0.976375	1.03077	2
9	98000001	1.00767	1.03077	2
9	99000001	1.11388	1.03077	2
9	100000001	0.824704	1.03077	2
9	101000001	0.724443	1.03077	2
9	102000001	1.30112	1.03077	2
9	103000001	1.03077	1.03077	2
9	104000001	0.578084	0.806169	2
9	105000001	0.836018	0.806169	2
9	106000001	0.77632	0.806169	2
9	107000001	0.922455	0.806169	2
9	108000001	1.23166	1.23166	2
9	109000001	0.98691	1.23166	2
9	110000001	1.58047	1.23166	2
9	111000001	0.838644	0.930678	2
9	112000001	0.931369	0.930678	2
9	113000001	1.01287	0.930678	2
9	114000001	0.930412	0.930678	2
9	115000001	0.955034	0.930678	2
9	116000001	0.864739	0.930678	2
9	117000001	0.939225	0.930678	2
9	118000001	0.890825	0.930678	2
9	119000001	0.910193	0.930678	2
9	120000001	0.930943	0.930678	2
9	121000001	1.17223	0.991472	2
9	122000001	0.906933	0.991472	2
9	123000001	0.921198	0.991472	2
9	124000001	1.02883	0.991472	2
9	125000001	1.10847	0.991472	2
9	126000001	1.30793	0.991472	2
9	127000001	0.867071	0.991472	2
9	128000001	0.954117	0.991472	2
9	129000001	1.85875	1.17971	2
9	130000001	1.38754	1.17971	2
9	131000001	1.11465	1.17971	2
9	132000001	0.969261	1.17971	2
9	133000001	1.21031	1.17971	2
9	134000001	1.66386	1.17971	2
9	135000001	1.04832	1.17971	2
9	136000001	1.34633	1.17971	2
9	137000001	1.14911	1.17971	2
9	138000001	0.926782	1.17971	2
X	1	1.36948	1.36948	3
X	1000001	1.01838	0.85633	2
X	2000001	0.694275	0.85633	2
X	3000001	1.77874	1.77874	4
X	4000001	0.907857	0.947771	2
X	5000001	0.987685	0.947771	2
X	6000001	0.523001	0.504192	1
X	7000001	0.421995	0.504192	1
X	8000001	0.544099	0.504192	1
X	9000001	1.07488	0.504192	1
X	10000001	0.258556	0.504192	1
X	11000001	1.10984	0.504192	1
X	12000001	0.525342	0.504192	1
X	13000001	0.456934	0.504192	1
X	14000001	0.598939	0.504192	1
X	15000001	0.592844	0.504192	1
X	16000001	0.506408	0.504192	1
X	17000001	0.337436	0.504192	1
X	18000001	0.673014	0.504192	1
X	19000001	0.404856	0.504192	1
X	20000001	1.07086	0.504192	1
X	21000001	0.451296	0.504192	1
X	22000001	0.374219	0.504192	1
X	23000001	0.44831	0.504192	1
X	24000001	0.470974	0.504192	1
X	25000001	0.557921	0.504192	1
X	26000001	0.496131	0.504192	1
X	27000001	0.391207	0.504192	1
X	28000001	0.372305	0.504192	1
X	29000001	0.357678	0.504192	1
X	30000001	0.531811	0.504192	1
X	31000001	0.329368	0.504192	1
X	32000001	0.545576	0.504192	1
X	33000001	0.280093	0.504192	1
X	34000001	0.464437	0.504192	1
X	35000001	0.519012	0.504192	1
X	36000001	0.474138	0.504192	1
X	37000001	0.3526	0.504192	1
X	38000001	0.431207	0.504192	1
X	39000001	0.55127	0.504192	1
X	40000001	0.471779	0.504192	1
X	41000001	0.589391	0.504192	1
X	42000001	0.29268	0.504192	1
X	43000001	0.553135	0.504192	1
X	44000001	0.347225	0.504192	1
X	45000001	0.867452	0.504192	1
X	46000001	0.54038	0.504192	1
X	47000001	0.656481	0.504192	1
X	48000001	0.726223	0.504192	1
X	49000001	0.70261	0.504192	1
X	50000001	0.626135	0.504192	1
X	51000001	0.447188	0.504192	1
X	52000001	0.572936	0.504192	1
X	53000001	0.633307	0.504192	1
X	54000001	0.461326	0.504192	1
X	55000001	0.398959	0.504192	1
X	56000001	0.406239	0.504192	1
X	57000001	1.0563	0.504192	1
X	58000001	0.415424	0.504192	1
X	59000001	0.364566	0.504192	1
X	60000001	0.311758	0.504192	1
X	61000001	0.296058	0.504192	1
X	62000001	0.592373	0.504192	1
X	63000001	0.531659	0.504192	1
X	64000001	0.583481	0.504192	1
X	65000001	0.464578	0.504192	1
X	66000001	0.88338	0.504192	1
X	67000001	0.392884	0.504192	1
X	68000001	0.579936	0.504192	1
X	69000001	0.555225	0.504192	1
X	70000001	0.542282	0.504192	1
X	71000001	0.555711	0.504192	1
X	72000001	0.388698	0.504192	1
X	73000001	0.387937	0.504192	1
X	74000001	0.371655	0.504192	1
X	75000001	0.419174	0.504192	1
X	76000001	0.506238	0.504192	1
X	77000001	0.806436	0.504192	1
X	78000001	0.56946	0.504192	1
X	79000001	0.566619	0.504192	1
X	80000001	0.581332	0.504192	1
X	81000001	0.413067	0.504192	1
X	82000001	0.517312	0.504192	1
X	83000001	0.578752	0.504192	1
X	84000001	0.502146	0.504192	1
X	85000001	0.384102	0.504192	1
X	86000001	0.307428	0.504192	1
X	87000001	0.486717	0.504192	1
X	88000001	1.40052	1.40052	3
X	89000001	0.538235	0.503136	1
X	90000001	0.501556	0.503136	1
X	91000001	0.432558	0.503136	1
X	92000001	0.510512	0.503136	1
X	93000001	0.555561	0.503136	1
X	94000001	0.460415	0.503136	1
X	95000001	0.732552	0.503136	1
X	96000001	0.638721	0.503136	1
X	97000001	0.395384	0.503136	1
X	98000001	0.44941	0.503136	1
X	99000001	0.551647	0.503136	1
X	100000001	0.343329	0.503136	1
X	101000001	0.504715	0.503136	1
X	102000001	0.635903	0.503136	1
X	103000001	0.507124	0.503136	1
X	104000001	0.449214	0.503136	1
X	105000001	0.680718	0.503136	1
X	106000001	0.617363	0.503136	1
X	107000001	0.480131	0.503136	1
X	108000001	0.556047	0.503136	1
X	109000001	0.53145	0.503136	1
X	110000001	0.385227	0.503136	1
X	111000001	0.514541	0.503136	1
X	112000001	0.486369	0.503136	1
X	113000001	0.376688	0.503136	1
X	114000001	0.432527	0.503136	1
X	115000001	0.436124	0.503136	1
X	116000001	0.422626	0.503136	1
X	117000001	0.455681	0.503136	1
X	118000001	0.773246	0.503136	1
X	119000001	0.630024	0.503136	1
X	120000001	0.579714	0.503136	1
X	121000001	0.724711	0.503136	1
X	122000001	0.359403	0.503136	1
X	123000001	0.550082	0.503136	1
X	124000001	0.440214	0.503136	1
X	125000001	0.778741	0.503136	1
X	126000001	0.731699	0.503136	1
X	127000001	0.405825	0.503136	1
X	128000001	0.769969	0.503136	1
X	129000001	0.37717	0.503136	1
X	130000001	0.347499	0.503136	1
X	131000001	0.446707	0.503136	1
X	132000001	0.559918	0.503136	1
X	133000001	0.30857	0.503136	1
X	134000001	0.498944	0.503136	1
X	135000001	1.43856	1.43856	3
X	136000001	0.463393	0.552775	1
X	137000001	0.441719	0.552775	1
X	138000001	0.667392	0.552775	1
X	139000001	0.562462	0.552775	1
X	140000001	0.494613	0.552775	1
X	141000001	0.653771	0.552775	1
X	142000001	0.585595	0.552775	1
X	143000001	0.304132	0.552775	1
X	144000001	0.649673	0.552775	1
X	145000001	0.552775	0.552775	1
X	146000001	0.620897	0.552775	1
X	147000001	0.430328	0.552775	1
X	148000001	0.48864	0.552775	1
X	149000001	0.988824	0.593442	1
X	150000001	0.850365	0.593442	1
X	151000001	0.59355	0.593442	1
X	152000001	0.511559	0.593442	1
X	153000001	0.512644	0.593442	1
X	154000001	0.377208	0.593442	1
X	155000001	0.593334	0.593442	1
X	156000001	1.97815	0.593442	1
Y	1	-1	-1	1
Y	1000001	-1	-1	1
Y	2000001	0.465329	0.465329	1
Y	3000001	0.405864	0.465329	1
Y	4000001	0.533805	0.465329	1
Y	5000001	0.322585	0.465329	1
Y	6000001	0.696247	0.465329	1
Y	7000001	0.479831	0.465329	1
Y	8000001	0.262913	0.465329	1
Y	9000001	1.02984	0.650535	1
Y	10000001	1.01731	0.650535	1
Y	11000001	0.653012	0.650535	1
Y	12000001	0.958715	0.650535	1
Y	13000001	0.447795	0.650535	1
Y	14000001	0.511581	0.650535	1
Y	15000001	0.648058	0.650535	1
Y	16000001	0.40406	0.650535	1
Y	17000001	1.20777	0.650535	1
Y	18000001	1.3621	0.650535	1
Y	19000001	0.462497	0.650535	1
Y	20000001	0.543761	0.650535	1
Y	21000001	1.15119	1.15119	2
Y	22000001	0.932447	1.15119	2
Y	23000001	1.2898	1.15119	2
Y	24000001	1.43478	1.15119	2
Y	25000001	1.33223	1.15119	2
Y	26000001	0.948081	1.15119	2
Y	27000001	-1	1.15119	2
Y	28000001	-1	1.15119	2
Y	29000001	-1	1.15119	2
Y	30000001	-1	1.15119	2
Y	31000001	-1	1.15119	2
Y	32000001	-1	1.15119	2
Y	33000001	-1	1.15119	2
Y	34000001	-1	1.15119	2
Y	35000001	-1	1.15119	2
Y	36000001	-1	1.15119	2
Y	37000001	-1	1.15119	2
Y	38000001	-1	1.15119	2
Y	39000001	-1	1.15119	2
Y	40000001	-1	1.15119	2
Y	41000001	-1	1.15119	2
Y	42000001	-1	1.15119	2
Y	43000001	-1	1.15119	2
Y	44000001	-1	1.15119	2
Y	45000001	-1	1.15119	2
Y	46000001	-1	1.15119	2
Y	47000001	-1	1.15119	2
Y	48000001	-1	1.15119	2
Y	49000001	-1	1.15119	2
Y	50000001	-1	1.15119	2
Y	51000001	-1	1.15119	2
Y	52000001	-1	1.15119	2
Y	53000001	-1	1.15119	2
Y	54000001	-1	1.15119	2
Y	55000001	-1	1.15119	2
Y	56000001	0.645844	1.15119	2
Y	57000001	-1	-1	2
