Chromosome	Start	Ratio	MedianRatio	CopyNumber
1	1	0.841185	1.00065	2
1	1000001	1.19229	1.00065	2
1	2000001	1.35091	1.00065	2
1	3000001	0.883886	1.00065	2
1	4000001	1.13282	1.00065	2
1	5000001	1.01912	1.00065	2
1	6000001	0.973531	1.00065	2
1	7000001	1.41882	1.00065	2
1	8000001	0.824626	1.00065	2
1	9000001	1.0114	1.00065	2
1	10000001	0.834794	1.00065	2
1	11000001	0.879222	1.00065	2
1	12000001	0.87837	1.00065	2
1	13000001	0.776741	1.00065	2
1	14000001	0.968483	1.00065	2
1	15000001	1.10818	1.00065	2
1	16000001	1.36964	1.00065	2
1	17000001	0.745157	1.00065	2
1	18000001	1.05942	1.00065	2
1	19000001	0.967733	1.00065	2
1	20000001	0.962868	1.00065	2
1	21000001	0.837456	1.00065	2
1	22000001	0.996271	1.00065	2
1	23000001	1.0987	1.00065	2
1	24000001	1.0192	1.00065	2
1	25000001	0.941474	1.00065	2
1	26000001	0.903259	1.00065	2
1	27000001	0.980738	1.00065	2
1	28000001	1.08416	1.00065	2
1	29000001	0.963721	1.00065	2
1	30000001	1.08165	1.00065	2
1	31000001	0.920881	1.00065	2
1	32000001	0.883259	1.00065	2
1	33000001	0.978189	1.00065	2
1	34000001	0.823162	1.00065	2
1	35000001	1.05403	1.00065	2
1	36000001	1.03264	1.00065	2
1	37000001	0.99608	1.00065	2
1	38000001	1.0596	1.00065	2
1	39000001	1.18997	1.00065	2
1	40000001	1.05615	1.00065	2
1	41000001	0.931785	1.00065	2
1	42000001	1.13488	1.00065	2
1	43000001	1.03957	1.00065	2
1	44000001	0.99141	1.00065	2
1	45000001	0.929944	1.00065	2
1	46000001	0.975121	1.00065	2
1	47000001	1.15272	1.00065	2
1	48000001	1.09342	1.00065	2
1	49000001	1.00065	1.00065	2
1	50000001	0.944574	1.00065	2
1	51000001	1.26262	1.00065	2
1	52000001	0.8962	1.00065	2
1	53000001	1.03429	1.00065	2
1	54000001	0.975994	1.00065	2
1	55000001	0.99576	1.00065	2
1	56000001	0.653467	1.00065	2
1	57000001	1.11753	1.00065	2
1	58000001	1.06067	1.00065	2
1	59000001	1.00049	1.00065	2
1	60000001	0.907392	1.00065	2
1	61000001	1.20799	1.00065	2
1	62000001	0.78351	1.00065	2
1	63000001	1.3208	1.00065	2
1	64000001	0.958979	1.00065	2
1	65000001	1.06412	1.00065	2
1	66000001	0.849849	1.00065	2
1	67000001	1.03835	1.00065	2
1	68000001	0.806972	1.00065	2
1	69000001	1.0169	1.00065	2
1	70000001	1.10022	1.00065	2
1	71000001	1.21664	1.00065	2
1	72000001	0.857797	1.00065	2
1	73000001	1.31683	1.00065	2
1	74000001	1.00949	1.00065	2
1	75000001	0.928657	1.00065	2
1	76000001	1.14874	1.00065	2
1	77000001	1.27114	1.00065	2
1	78000001	0.857448	1.00065	2
1	79000001	1.1852	1.00065	2
1	80000001	1.05901	1.00065	2
1	81000001	0.785435	1.00065	2
1	82000001	1.17207	1.00065	2
1	83000001	0.756759	1.00065	2
1	84000001	1.13912	1.00065	2
1	85000001	1.22374	1.00065	2
1	86000001	0.961518	1.00065	2
1	87000001	1.01162	1.00065	2
1	88000001	0.859444	1.00065	2
1	89000001	0.780316	1.00065	2
1	90000001	0.660326	1.00065	2
1	91000001	0.811273	1.00065	2
1	92000001	1.19882	1.00065	2
1	93000001	1.06148	1.00065	2
1	94000001	1.03092	1.00065	2
1	95000001	1.07611	1.00065	2
1	96000001	1.15384	1.00065	2
1	97000001	1.19123	1.00065	2
1	98000001	0.977415	1.00065	2
1	99000001	1.48984	1.00065	2
1	100000001	1.23657	1.00065	2
1	101000001	0.777662	1.00065	2
1	102000001	0.91992	1.00065	2
1	103000001	0.747541	1.00065	2
1	104000001	0.78467	1.00065	2
1	105000001	1.11046	1.00065	2
1	106000001	1.15149	1.00065	2
1	107000001	1.24423	1.00065	2
1	108000001	0.617896	1.00065	2
1	109000001	0.910616	1.00065	2
1	110000001	1.00988	1.00065	2
1	111000001	0.850347	1.00065	2
1	112000001	1.038	1.00065	2
1	113000001	1.47473	1.07882	2
1	114000001	1.14645	1.07882	2
1	115000001	1.06504	1.07882	2
1	116000001	1.12448	1.07882	2
1	117000001	0.911205	1.07882	2
1	118000001	1.04927	1.07882	2
1	119000001	1.0926	1.07882	2
1	120000001	1.33372	1.07882	2
1	121000001	1.42841	1.07882	2
1	122000001	1.03057	1.07882	2
1	123000001	0.996963	1.07882	2
1	124000001	0.89221	1.07882	2
1	125000001	2.59292	-1	2
1	126000001	-1	-1	2
1	127000001	-1	-1	2
1	128000001	-1	-1	2
1	129000001	-1	-1	2
1	130000001	-1	-1	2
1	131000001	-1	-1	2
1	132000001	-1	-1	2
1	133000001	-1	-1	2
1	134000001	-1	-1	2
1	135000001	-1	-1	2
1	136000001	-1	-1	2
1	137000001	-1	-1	2
1	138000001	-1	-1	2
1	139000001	-1	-1	2
1	140000001	-1	-1	2
1	141000001	-1	-1	2
1	142000001	-1	-1	2
1	143000001	2.34222	-1	2
1	144000001	1.25802	1.01251	2
1	145000001	0.849956	1.01251	2
1	146000001	1.04192	1.01251	2
1	147000001	1.0285	1.01251	2
1	148000001	1.16344	1.01251	2
1	149000001	1.01876	1.01251	2
1	150000001	0.849578	1.01251	2
1	151000001	0.935367	1.01251	2
1	152000001	0.855975	1.01251	2
1	153000001	1.20929	1.01251	2
1	154000001	1.25807	1.01251	2
1	155000001	1.15159	1.01251	2
1	156000001	1.11728	1.01251	2
1	157000001	0.845294	1.01251	2
1	158000001	1.24265	1.01251	2
1	159000001	1.06537	1.01251	2
1	160000001	1.08474	1.01251	2
1	161000001	1.04407	1.01251	2
1	162000001	0.866501	1.01251	2
1	163000001	0.971172	1.01251	2
1	164000001	0.970131	1.01251	2
1	165000001	0.992201	1.01251	2
1	166000001	0.876109	1.01251	2
1	167000001	0.91092	1.01251	2
1	168000001	1.31363	1.01251	2
1	169000001	1.24634	1.01251	2
1	170000001	1.13789	1.01251	2
1	171000001	0.887027	1.01251	2
1	172000001	1.11793	1.01251	2
1	173000001	1.319	1.01251	2
1	174000001	0.782999	1.01251	2
1	175000001	1.0969	1.01251	2
1	176000001	0.994906	1.01251	2
1	177000001	1.18624	1.01251	2
1	178000001	1.21115	1.01251	2
1	179000001	1.09807	1.01251	2
1	180000001	0.985035	1.01251	2
1	181000001	0.989761	1.01251	2
1	182000001	0.991876	1.01251	2
1	183000001	1.03732	1.01251	2
1	184000001	0.947274	1.01251	2
1	185000001	0.951634	1.01251	2
1	186000001	0.740294	1.01251	2
1	187000001	1.25151	1.01251	2
1	188000001	1.20102	1.01251	2
1	189000001	1.04645	1.01251	2
1	190000001	0.932947	1.01251	2
1	191000001	1.04391	1.01251	2
1	192000001	0.983536	1.01251	2
1	193000001	0.922789	1.01251	2
1	194000001	0.809417	1.01251	2
1	195000001	0.918165	1.01251	2
1	196000001	0.933294	1.01251	2
1	197000001	1.15277	1.01251	2
1	198000001	1.08824	1.01251	2
1	199000001	1.03856	1.01251	2
1	200000001	1.23755	1.01251	2
1	201000001	1.04084	1.01251	2
1	202000001	1.10344	1.01251	2
1	203000001	1.01379	1.01251	2
1	204000001	1.14787	1.01251	2
1	205000001	0.855759	1.01251	2
1	206000001	0.848754	1.01251	2
1	207000001	0.979669	1.01251	2
1	208000001	1.1378	1.01251	2
1	209000001	0.865569	1.01251	2
1	210000001	0.992581	1.01251	2
1	211000001	1.13318	1.01251	2
1	212000001	1.07593	1.01251	2
1	213000001	1.08107	1.01251	2
1	214000001	1.09439	1.01251	2
1	215000001	0.777144	1.01251	2
1	216000001	0.730179	1.01251	2
1	217000001	0.99967	1.01251	2
1	218000001	0.992899	1.01251	2
1	219000001	0.877382	1.01251	2
1	220000001	1.10213	1.01251	2
1	221000001	1.03922	1.01251	2
1	222000001	0.870667	1.01251	2
1	223000001	0.909672	1.01251	2
1	224000001	1.18814	1.01251	2
1	225000001	1.01773	1.01251	2
1	226000001	0.936513	1.01251	2
1	227000001	0.771756	1.01251	2
1	228000001	0.938608	1.01251	2
1	229000001	1.22732	1.01251	2
1	230000001	0.957985	1.01251	2
1	231000001	0.838674	1.01251	2
1	232000001	0.860259	1.01251	2
1	233000001	0.802769	1.01251	2
1	234000001	1.02908	1.01251	2
1	235000001	1.12175	1.01251	2
1	236000001	0.794663	1.01251	2
1	237000001	1.27777	1.01251	2
1	238000001	0.985579	1.01251	2
1	239000001	1.00814	1.01251	2
1	240000001	0.781796	1.01251	2
1	241000001	1.01251	1.01251	2
1	242000001	1.02773	1.01251	2
1	243000001	1.12898	1.01251	2
1	244000001	0.885855	1.01251	2
1	245000001	0.948813	1.01251	2
1	246000001	1.09166	1.01251	2
1	247000001	1.08947	1.01251	2
1	248000001	0.880423	1.01251	2
10	1	1.20383	0.991545	2
10	1000001	0.752241	0.991545	2
10	2000001	0.715878	0.991545	2
10	3000001	1.02543	0.991545	2
10	4000001	1.34681	0.991545	2
10	5000001	0.939613	0.991545	2
10	6000001	0.985035	0.991545	2
10	7000001	1.11995	0.991545	2
10	8000001	0.757063	0.991545	2
10	9000001	0.803026	0.991545	2
10	10000001	1.22253	0.991545	2
10	11000001	1.02102	0.991545	2
10	12000001	0.949309	0.991545	2
10	13000001	0.981304	0.991545	2
10	14000001	1.09166	0.991545	2
10	15000001	0.836546	0.991545	2
10	16000001	0.733534	0.991545	2
10	17000001	0.70262	0.991545	2
10	18000001	0.858929	0.991545	2
10	19000001	1.03531	0.991545	2
10	20000001	1.12297	0.991545	2
10	21000001	1.02647	0.991545	2
10	22000001	1.08372	0.991545	2
10	23000001	0.948209	0.991545	2
10	24000001	0.783031	0.991545	2
10	25000001	1.13244	0.991545	2
10	26000001	1.02824	0.991545	2
10	27000001	1.07306	0.991545	2
10	28000001	0.845357	0.991545	2
10	29000001	0.860362	0.991545	2
10	30000001	0.758821	0.991545	2
10	31000001	1.10344	0.991545	2
10	32000001	1.13208	0.991545	2
10	33000001	1.11432	0.991545	2
10	34000001	0.895901	0.991545	2
10	35000001	0.804918	0.991545	2
10	36000001	1.31902	0.991545	2
10	37000001	1.08605	0.991545	2
10	38000001	1.19433	0.991545	2
10	39000001	0.968704	0.991545	2
10	40000001	1.43232	0.991545	2
10	41000001	0.910174	0.991545	2
10	42000001	1.36821	0.991545	2
10	43000001	1.06256	0.991545	2
10	44000001	0.740042	0.991545	2
10	45000001	0.982407	0.991545	2
10	46000001	0.969308	0.991545	2
10	47000001	0.758716	0.991545	2
10	48000001	1.1111	0.991545	2
10	49000001	0.97453	0.991545	2
10	50000001	1.194	0.991545	2
10	51000001	0.900547	0.991545	2
10	52000001	1.18405	0.991545	2
10	53000001	1.12592	0.991545	2
10	54000001	1.14591	0.991545	2
10	55000001	0.975363	0.991545	2
10	56000001	1.11322	0.991545	2
10	57000001	1.13794	0.991545	2
10	58000001	1.0661	0.991545	2
10	59000001	0.86857	0.991545	2
10	60000001	0.963141	0.991545	2
10	61000001	0.978892	0.991545	2
10	62000001	1.24139	0.991545	2
10	63000001	1.15134	0.991545	2
10	64000001	1.15056	0.991545	2
10	65000001	0.893523	0.991545	2
10	66000001	0.863676	0.991545	2
10	67000001	0.694056	0.991545	2
10	68000001	0.938777	0.991545	2
10	69000001	1.15115	0.991545	2
10	70000001	1.15575	0.991545	2
10	71000001	0.953398	0.991545	2
10	72000001	0.998055	0.991545	2
10	73000001	0.671451	0.991545	2
10	74000001	1.23184	0.991545	2
10	75000001	1.10669	0.991545	2
10	76000001	1.23383	0.991545	2
10	77000001	0.754077	0.991545	2
10	78000001	1.11262	0.991545	2
10	79000001	1.02653	0.991545	2
10	80000001	1.09223	0.991545	2
10	81000001	0.979255	0.991545	2
10	82000001	1.24995	0.991545	2
10	83000001	0.722179	0.991545	2
10	84000001	0.953588	0.991545	2
10	85000001	1.47908	0.991545	2
10	86000001	0.840624	0.991545	2
10	87000001	0.922059	0.991545	2
10	88000001	0.94818	0.991545	2
10	89000001	1.02994	0.991545	2
10	90000001	1.01508	0.991545	2
10	91000001	1.05828	0.991545	2
10	92000001	1.42548	0.991545	2
10	93000001	0.740227	0.991545	2
10	94000001	0.90965	0.991545	2
10	95000001	0.774829	0.991545	2
10	96000001	1.1133	0.991545	2
10	97000001	1.15335	0.991545	2
10	98000001	0.731605	0.991545	2
10	99000001	0.904618	0.991545	2
10	100000001	0.908838	0.991545	2
10	101000001	1.04508	0.991545	2
10	102000001	0.963326	0.991545	2
10	103000001	1.18112	0.991545	2
10	104000001	0.851673	0.991545	2
10	105000001	0.901147	0.991545	2
10	106000001	0.777765	0.991545	2
10	107000001	1.2467	0.991545	2
10	108000001	0.853015	0.991545	2
10	109000001	1.01425	0.991545	2
10	110000001	0.957203	0.991545	2
10	111000001	0.936313	0.991545	2
10	112000001	1.03181	0.991545	2
10	113000001	1.02103	0.991545	2
10	114000001	1.06126	0.991545	2
10	115000001	1.05194	0.991545	2
10	116000001	1.0114	0.991545	2
10	117000001	0.936423	0.991545	2
10	118000001	0.912175	0.991545	2
10	119000001	0.955807	0.991545	2
10	120000001	1.19315	1.20435	2
10	121000001	1.27271	1.20435	2
10	122000001	1.27971	1.20435	2
10	123000001	1.21555	1.20435	2
10	124000001	1.18153	1.20435	2
10	125000001	1.01083	1.20435	2
10	126000001	3.60754	3.60754	7
10	127000001	0.96784	0.96784	2
10	128000001	0.836872	0.96784	2
10	129000001	0.633537	0.96784	2
10	130000001	1.0435	0.96784	2
10	131000001	0.927134	0.96784	2
10	132000001	1.04128	0.96784	2
10	133000001	1.61857	0.96784	2
11	1	1.24151	0.9157	2
11	1000001	0.781204	0.9157	2
11	2000001	0.961194	0.9157	2
11	3000001	0.771308	0.9157	2
11	4000001	0.860849	0.9157	2
11	5000001	0.927358	0.9157	2
11	6000001	0.9157	0.9157	2
11	7000001	0.980493	0.9157	2
11	8000001	0.890027	0.9157	2
11	9000001	1.16889	1.28211	3
11	10000001	1.39533	1.28211	3
11	11000001	2.27291	2.27291	5
11	12000001	0.965892	1.0328	2
11	13000001	0.965589	1.0328	2
11	14000001	1.23636	1.0328	2
11	15000001	0.957498	1.0328	2
11	16000001	1.17071	1.0328	2
11	17000001	1.0997	1.0328	2
11	18000001	1.13033	1.0328	2
11	19000001	0.735231	1.0328	2
11	20000001	1.14602	1.19837	2
11	21000001	1.12896	1.19837	2
11	22000001	1.45205	1.19837	2
11	23000001	1.25072	1.19837	2
11	24000001	0.910029	0.955155	2
11	25000001	0.80074	0.955155	2
11	26000001	0.993096	0.955155	2
11	27000001	1.11268	0.955155	2
11	28000001	1.1432	0.955155	2
11	29000001	1.10054	0.955155	2
11	30000001	1.02185	0.955155	2
11	31000001	0.850405	0.955155	2
11	32000001	1.01488	0.955155	2
11	33000001	1.12936	0.955155	2
11	34000001	0.619962	0.955155	2
11	35000001	1.18123	0.955155	2
11	36000001	0.87213	0.955155	2
11	37000001	1.10232	0.955155	2
11	38000001	0.735177	0.955155	2
11	39000001	1.12676	0.955155	2
11	40000001	0.68006	0.955155	2
11	41000001	0.957227	0.955155	2
11	42000001	0.94779	0.955155	2
11	43000001	0.930945	0.955155	2
11	44000001	0.953084	0.955155	2
11	45000001	0.813281	0.955155	2
11	46000001	0.777845	0.955155	2
11	47000001	1.21356	0.955155	2
11	48000001	0.977855	0.955155	2
11	49000001	0.795256	0.955155	2
11	50000001	1.29248	1.15438	2
11	51000001	0.972908	1.15438	2
11	52000001	0.999674	1.15438	2
11	53000001	1.15473	1.15438	2
11	54000001	1.23429	1.15438	2
11	55000001	1.15438	1.15438	2
11	56000001	1.0461	1.15438	2
11	57000001	0.728051	0.909764	2
11	58000001	0.851745	0.909764	2
11	59000001	0.909764	0.909764	2
11	60000001	1.12255	0.909764	2
11	61000001	0.72253	0.909764	2
11	62000001	0.96201	0.909764	2
11	63000001	1.02904	0.909764	2
11	64000001	0.976139	0.909764	2
11	65000001	0.906225	0.909764	2
11	66000001	1.04642	0.909764	2
11	67000001	0.799922	0.909764	2
11	68000001	1.1726	1.22801	2
11	69000001	1.46087	1.22801	2
11	70000001	1.1437	1.22801	2
11	71000001	1.28343	1.22801	2
11	72000001	1.02706	1.06198	2
11	73000001	1.07539	1.06198	2
11	74000001	1.09815	1.06198	2
11	75000001	0.922626	1.06198	2
11	76000001	0.962246	1.06198	2
11	77000001	1.11331	1.06198	2
11	78000001	1.04857	1.06198	2
11	79000001	1.19809	1.06198	2
11	80000001	1.01774	1.06198	2
11	81000001	0.853096	1.06198	2
11	82000001	1.13554	1.06198	2
11	83000001	1.11688	1.06198	2
11	84000001	0.825179	0.844275	2
11	85000001	0.686521	0.844275	2
11	86000001	0.803025	0.844275	2
11	87000001	1.18497	0.844275	2
11	88000001	0.859434	0.844275	2
11	89000001	0.896162	0.844275	2
11	90000001	0.844275	0.844275	2
11	91000001	0.791471	0.844275	2
11	92000001	0.884147	0.844275	2
11	93000001	0.993423	0.97157	2
11	94000001	1.01443	0.97157	2
11	95000001	1.03014	0.97157	2
11	96000001	1.12737	0.97157	2
11	97000001	0.860175	0.97157	2
11	98000001	1.19482	0.97157	2
11	99000001	1.04655	0.97157	2
11	100000001	0.635672	0.97157	2
11	101000001	0.84811	0.97157	2
11	102000001	1.04359	0.97157	2
11	103000001	0.770881	0.97157	2
11	104000001	1.32861	0.97157	2
11	105000001	1.02101	0.97157	2
11	106000001	0.7763	0.97157	2
11	107000001	1.05945	0.97157	2
11	108000001	1.08644	0.97157	2
11	109000001	0.855929	0.97157	2
11	110000001	0.964073	0.97157	2
11	111000001	0.732652	0.97157	2
11	112000001	1.08193	0.97157	2
11	113000001	0.846873	0.97157	2
11	114000001	0.896277	0.97157	2
11	115000001	0.869018	0.97157	2
11	116000001	1.0087	0.97157	2
11	117000001	0.642147	0.97157	2
11	118000001	1.03371	0.97157	2
11	119000001	1.07232	0.97157	2
11	120000001	0.893463	0.97157	2
11	121000001	0.946176	0.97157	2
11	122000001	1.0975	0.97157	2
11	123000001	0.856605	0.97157	2
11	124000001	0.835264	0.97157	2
11	125000001	0.910496	0.97157	2
11	126000001	1.13021	0.97157	2
11	127000001	0.927902	0.97157	2
11	128000001	0.843733	0.97157	2
11	129000001	0.98983	0.97157	2
11	130000001	0.979066	0.97157	2
11	131000001	1.27481	1.19955	2
11	132000001	1.01465	1.19955	2
11	133000001	1.19955	1.19955	2
11	134000001	1.19256	1.19955	2
11	135000001	1.21219	1.19955	2
12	1	1.06446	0.995158	2
12	1000001	1.00769	0.995158	2
12	2000001	1.02474	0.995158	2
12	3000001	0.84162	0.995158	2
12	4000001	0.870222	0.995158	2
12	5000001	0.939465	0.995158	2
12	6000001	1.14145	0.995158	2
12	7000001	1.06343	0.995158	2
12	8000001	1.25988	0.995158	2
12	9000001	0.694304	0.995158	2
12	10000001	1.06951	0.995158	2
12	11000001	0.824893	0.995158	2
12	12000001	0.989697	0.995158	2
12	13000001	1.03737	0.995158	2
12	14000001	1.03413	0.995158	2
12	15000001	1.05709	0.995158	2
12	16000001	0.936718	0.995158	2
12	17000001	0.808648	0.995158	2
12	18000001	1.15733	0.995158	2
12	19000001	0.971648	0.995158	2
12	20000001	0.743083	0.995158	2
12	21000001	0.995158	0.995158	2
12	22000001	0.824392	0.995158	2
12	23000001	1.26888	1.02093	2
12	24000001	1.03606	1.02093	2
12	25000001	1.05661	1.02093	2
12	26000001	0.959264	1.02093	2
12	27000001	1.01174	1.02093	2
12	28000001	0.940212	1.02093	2
12	29000001	0.987729	1.02093	2
12	30000001	1.05079	1.02093	2
12	31000001	1.22306	1.02093	2
12	32000001	0.696791	1.02093	2
12	33000001	1.00984	1.02093	2
12	34000001	1.22076	1.02093	2
12	35000001	1.22735	1.02093	2
12	36000001	0.944869	1.02093	2
12	37000001	1.10371	1.02093	2
12	38000001	0.796816	1.02093	2
12	39000001	1.26778	1.02093	2
12	40000001	1.11291	1.02093	2
12	41000001	1.13798	1.02093	2
12	42000001	0.752356	1.02093	2
12	43000001	1.03512	1.02093	2
12	44000001	1.02093	1.02093	2
12	45000001	1.01545	1.02093	2
12	46000001	0.952072	1.02093	2
12	47000001	0.88455	1.02093	2
12	48000001	1.75899	1.75899	4
12	49000001	1.25921	1.25921	3
12	50000001	0.866123	0.933596	2
12	51000001	1.07405	0.933596	2
12	52000001	0.933487	0.933596	2
12	53000001	0.993989	0.933596	2
12	54000001	0.8443	0.933596	2
12	55000001	0.945105	0.933596	2
12	56000001	0.878586	0.933596	2
12	57000001	0.964091	0.933596	2
12	58000001	0.843682	0.933596	2
12	59000001	1.22335	0.933596	2
12	60000001	0.986262	0.933596	2
12	61000001	0.795494	0.933596	2
12	62000001	0.889213	0.933596	2
12	63000001	0.961941	0.933596	2
12	64000001	0.705779	0.933596	2
12	65000001	1.18908	0.933596	2
12	66000001	0.96659	0.933596	2
12	67000001	0.862225	0.933596	2
12	68000001	0.812494	0.933596	2
12	69000001	1.03318	0.933596	2
12	70000001	0.896627	0.933596	2
12	71000001	1.16035	0.933596	2
12	72000001	1.02091	0.933596	2
12	73000001	1.16893	0.933596	2
12	74000001	1.09301	0.933596	2
12	75000001	0.709791	0.933596	2
12	76000001	1.24127	0.933596	2
12	77000001	0.885396	0.933596	2
12	78000001	0.669563	0.933596	2
12	79000001	0.85007	0.933596	2
12	80000001	1.10128	0.933596	2
12	81000001	0.829177	0.933596	2
12	82000001	1.07649	0.933596	2
12	83000001	0.975199	0.933596	2
12	84000001	0.90204	0.933596	2
12	85000001	0.933596	0.933596	2
12	86000001	0.871711	0.933596	2
12	87000001	1.177	0.933596	2
12	88000001	0.897135	0.933596	2
12	89000001	1.19821	0.933596	2
12	90000001	0.901941	0.933596	2
12	91000001	1.02726	0.933596	2
12	92000001	0.772701	0.933596	2
12	93000001	1.2416	1.05623	2
12	94000001	1.20278	1.05623	2
12	95000001	1.14904	1.05623	2
12	96000001	1.01077	1.05623	2
12	97000001	0.880252	1.05623	2
12	98000001	0.950629	1.05623	2
12	99000001	1.23184	1.05623	2
12	100000001	1.22413	1.05623	2
12	101000001	1.0436	1.05623	2
12	102000001	1.04377	1.05623	2
12	103000001	0.902883	1.05623	2
12	104000001	1.02817	1.05623	2
12	105000001	1.06868	1.05623	2
12	106000001	1.09363	1.05623	2
12	107000001	0.730021	0.96818	2
12	108000001	1.0044	0.96818	2
12	109000001	1.12967	0.96818	2
12	110000001	0.885367	0.96818	2
12	111000001	1.05042	0.96818	2
12	112000001	1.0381	0.96818	2
12	113000001	0.912539	0.96818	2
12	114000001	0.770352	0.96818	2
12	115000001	0.968299	0.96818	2
12	116000001	0.831181	0.96818	2
12	117000001	0.742822	0.96818	2
12	118000001	1.04411	0.96818	2
12	119000001	1.09552	0.96818	2
12	120000001	0.96806	0.96818	2
12	121000001	1.23749	0.96818	2
12	122000001	1.06293	0.96818	2
12	123000001	0.780296	0.96818	2
12	124000001	0.928815	0.96818	2
12	125000001	1.17919	0.96818	2
12	126000001	1.10131	0.96818	2
12	127000001	0.744451	0.96818	2
12	128000001	0.698584	0.96818	2
12	129000001	1.58403	1.58403	3
12	130000001	0.971761	1.0653	2
12	131000001	1.28523	1.0653	2
12	132000001	1.15883	1.0653	2
12	133000001	0.881972	1.0653	2
13	1	-1	-1	2
13	1000001	-1	-1	2
13	2000001	-1	-1	2
13	3000001	-1	-1	2
13	4000001	-1	-1	2
13	5000001	-1	-1	2
13	6000001	-1	-1	2
13	7000001	-1	-1	2
13	8000001	-1	-1	2
13	9000001	-1	-1	2
13	10000001	-1	-1	2
13	11000001	-1	-1	2
13	12000001	-1	-1	2
13	13000001	-1	-1	2
13	14000001	-1	-1	2
13	15000001	-1	-1	2
13	16000001	1.15255	1.15255	2
13	17000001	0.856557	1.15255	2
13	18000001	1.49334	1.15255	2
13	19000001	1.05378	0.972381	2
13	20000001	0.815006	0.972381	2
13	21000001	1.19483	0.972381	2
13	22000001	1.19509	0.972381	2
13	23000001	0.972381	0.972381	2
13	24000001	1.15337	0.972381	2
13	25000001	0.9107	0.972381	2
13	26000001	0.895273	0.972381	2
13	27000001	0.972338	0.972381	2
13	28000001	1.01909	0.972381	2
13	29000001	0.946915	0.972381	2
13	30000001	1.31526	0.972381	2
13	31000001	0.959078	0.972381	2
13	32000001	0.6445	0.972381	2
13	33000001	1.37755	0.972381	2
13	34000001	0.780145	0.972381	2
13	35000001	0.94066	0.972381	2
13	36000001	1.10472	0.972381	2
13	37000001	1.0409	0.972381	2
13	38000001	1.20719	1.23864	2
13	39000001	1.30013	1.23864	2
13	40000001	1.19928	1.23864	2
13	41000001	1.43701	1.23864	2
13	42000001	1.23864	1.23864	2
13	43000001	0.999887	0.992288	2
13	44000001	0.879529	0.992288	2
13	45000001	1.15548	0.992288	2
13	46000001	0.929401	0.992288	2
13	47000001	0.991497	0.992288	2
13	48000001	1.09979	0.992288	2
13	49000001	0.790616	0.992288	2
13	50000001	1.17766	0.992288	2
13	51000001	0.875139	0.992288	2
13	52000001	1.02159	0.992288	2
13	53000001	1.13283	0.992288	2
13	54000001	0.941345	0.992288	2
13	55000001	0.959755	0.992288	2
13	56000001	0.936258	0.992288	2
13	57000001	0.920341	0.992288	2
13	58000001	1.13538	0.992288	2
13	59000001	0.976552	0.992288	2
13	60000001	1.11573	0.992288	2
13	61000001	1.06307	0.992288	2
13	62000001	1.31636	0.992288	2
13	63000001	0.993079	0.992288	2
13	64000001	0.8151	0.992288	2
13	65000001	0.786879	0.992288	2
13	66000001	1.21443	0.992288	2
13	67000001	1.26318	0.992288	2
13	68000001	1.10362	0.992288	2
13	69000001	0.937021	0.992288	2
13	70000001	0.729845	0.992288	2
13	71000001	2.10749	2.10749	4
13	72000001	0.841476	0.935279	2
13	73000001	1.15197	0.935279	2
13	74000001	0.896075	0.935279	2
13	75000001	0.890362	0.935279	2
13	76000001	0.846029	0.935279	2
13	77000001	0.739479	0.935279	2
13	78000001	0.992837	0.935279	2
13	79000001	0.785435	0.935279	2
13	80000001	1.06501	0.935279	2
13	81000001	0.936877	0.935279	2
13	82000001	0.792027	0.935279	2
13	83000001	1.0163	0.935279	2
13	84000001	0.923111	0.935279	2
13	85000001	0.933681	0.935279	2
13	86000001	1.0794	0.935279	2
13	87000001	1.0939	0.935279	2
13	88000001	0.83248	0.935279	2
13	89000001	1.03862	0.935279	2
13	90000001	1.08255	0.935279	2
13	91000001	0.942853	0.935279	2
13	92000001	0.905722	0.935279	2
13	93000001	0.94745	0.935279	2
13	94000001	1.35886	1.13735	2
13	95000001	1.05801	1.13735	2
13	96000001	1.17842	1.13735	2
13	97000001	0.945216	1.13735	2
13	98000001	1.02147	1.13735	2
13	99000001	1.14295	1.13735	2
13	100000001	0.948791	1.13735	2
13	101000001	1.13735	1.13735	2
13	102000001	1.28407	1.13735	2
13	103000001	0.984133	0.97983	2
13	104000001	0.692966	0.97983	2
13	105000001	0.950535	0.97983	2
13	106000001	1.08231	0.97983	2
13	107000001	0.973382	0.97983	2
13	108000001	1.09403	0.97983	2
13	109000001	1.00362	0.97983	2
13	110000001	0.693903	0.97983	2
13	111000001	0.975526	0.97983	2
13	112000001	1.0292	0.97983	2
13	113000001	0.908609	0.97983	2
13	114000001	1.06855	0.97983	2
14	1	-1	-1	3
14	1000001	-1	-1	3
14	2000001	-1	-1	3
14	3000001	-1	-1	3
14	4000001	-1	-1	3
14	5000001	-1	-1	3
14	6000001	-1	-1	3
14	7000001	-1	-1	3
14	8000001	-1	-1	3
14	9000001	-1	-1	3
14	10000001	-1	-1	3
14	11000001	-1	-1	3
14	12000001	-1	-1	3
14	13000001	-1	-1	3
14	14000001	-1	-1	3
14	15000001	-1	-1	3
14	16000001	1.48126	1.48126	3
14	17000001	0.927408	0.965172	2
14	18000001	1.12135	0.965172	2
14	19000001	0.901071	0.965172	2
14	20000001	0.863979	0.965172	2
14	21000001	0.973923	0.965172	2
14	22000001	1.01541	0.965172	2
14	23000001	0.881097	0.965172	2
14	24000001	1.02823	0.965172	2
14	25000001	1.1923	0.965172	2
14	26000001	0.954282	0.965172	2
14	27000001	1.15089	0.965172	2
14	28000001	0.871237	0.965172	2
14	29000001	1.4856	0.965172	2
14	30000001	0.820534	0.965172	2
14	31000001	0.812974	0.965172	2
14	32000001	1.091	0.965172	2
14	33000001	0.756621	0.965172	2
14	34000001	0.813002	0.965172	2
14	35000001	0.78526	0.965172	2
14	36000001	1.13211	0.965172	2
14	37000001	0.967167	0.965172	2
14	38000001	1.05411	0.965172	2
14	39000001	1.15096	0.965172	2
14	40000001	1.28436	0.965172	2
14	41000001	0.971071	0.965172	2
14	42000001	1.0789	0.965172	2
14	43000001	0.930602	0.965172	2
14	44000001	0.961478	0.965172	2
14	45000001	1.1162	0.965172	2
14	46000001	0.740976	0.965172	2
14	47000001	1.068	0.965172	2
14	48000001	1.1087	0.965172	2
14	49000001	0.870709	0.965172	2
14	50000001	1.1329	0.965172	2
14	51000001	0.85509	0.965172	2
14	52000001	0.763574	0.965172	2
14	53000001	0.965172	0.965172	2
14	54000001	1.16128	0.965172	2
14	55000001	0.674968	0.965172	2
14	56000001	0.931136	0.965172	2
14	57000001	1.13092	0.965172	2
14	58000001	0.834139	0.965172	2
14	59000001	0.956545	0.965172	2
14	60000001	2.33332	2.33332	5
14	61000001	0.861747	0.834197	2
14	62000001	0.834197	0.834197	2
14	63000001	0.832291	0.834197	2
14	64000001	1.17551	0.983304	2
14	65000001	0.98715	0.983304	2
14	66000001	1.2148	0.983304	2
14	67000001	1.08099	0.983304	2
14	68000001	0.845033	0.983304	2
14	69000001	0.82062	0.983304	2
14	70000001	0.72103	0.983304	2
14	71000001	1.07938	0.983304	2
14	72000001	1.25065	0.983304	2
14	73000001	0.671715	0.983304	2
14	74000001	0.787735	0.983304	2
14	75000001	1.2356	0.983304	2
14	76000001	0.945887	0.983304	2
14	77000001	1.0198	0.983304	2
14	78000001	1.08798	0.983304	2
14	79000001	0.85875	0.983304	2
14	80000001	1.02397	0.983304	2
14	81000001	1.04421	0.983304	2
14	82000001	1.02378	0.983304	2
14	83000001	0.885374	0.983304	2
14	84000001	1.01723	0.983304	2
14	85000001	0.898778	0.983304	2
14	86000001	1.19036	0.983304	2
14	87000001	1.1954	0.983304	2
14	88000001	0.911928	0.983304	2
14	89000001	0.892804	0.983304	2
14	90000001	0.878633	0.983304	2
14	91000001	0.85248	0.983304	2
14	92000001	0.953373	0.983304	2
14	93000001	1.0117	0.983304	2
14	94000001	0.988419	0.983304	2
14	95000001	0.916988	0.983304	2
14	96000001	0.85348	0.983304	2
14	97000001	1.13506	0.983304	2
14	98000001	0.983304	0.983304	2
14	99000001	0.920662	0.983304	2
14	100000001	0.960607	0.983304	2
14	101000001	0.811122	0.983304	2
14	102000001	1.08793	0.983304	2
14	103000001	1.0003	0.983304	2
14	104000001	0.936293	0.983304	2
14	105000001	1.00477	0.983304	2
14	106000001	0.918001	0.983304	2
14	107000001	-1	-1	2
15	1	-1	-1	3
15	1000001	-1	-1	3
15	2000001	-1	-1	3
15	3000001	-1	-1	3
15	4000001	-1	-1	3
15	5000001	-1	-1	3
15	6000001	-1	-1	3
15	7000001	-1	-1	3
15	8000001	-1	-1	3
15	9000001	-1	-1	3
15	10000001	-1	-1	3
15	11000001	-1	-1	3
15	12000001	-1	-1	3
15	13000001	-1	-1	3
15	14000001	-1	-1	3
15	15000001	-1	-1	3
15	16000001	-1	-1	3
15	17000001	1.59124	1.59124	3
15	18000001	0.986452	1.01794	2
15	19000001	1.14231	1.01794	2
15	20000001	1.07594	1.01794	2
15	21000001	0.918346	1.01794	2
15	22000001	0.823897	1.01794	2
15	23000001	1.31026	1.01794	2
15	24000001	0.736996	1.01794	2
15	25000001	1.16156	1.01794	2
15	26000001	1.07318	1.01794	2
15	27000001	0.850729	1.01794	2
15	28000001	1.02459	1.01794	2
15	29000001	1.073	1.01794	2
15	30000001	1.12153	1.01794	2
15	31000001	0.87749	1.01794	2
15	32000001	1.15133	1.01794	2
15	33000001	1.12651	1.01794	2
15	34000001	0.959813	1.01794	2
15	35000001	1.09307	1.01794	2
15	36000001	0.914953	1.01794	2
15	37000001	0.908053	1.01794	2
15	38000001	1.01513	1.01794	2
15	39000001	0.896619	1.01794	2
15	40000001	1.02075	1.01794	2
15	41000001	0.911794	1.01794	2
15	42000001	0.904733	1.01794	2
15	43000001	1.06516	1.01794	2
15	44000001	1.19267	1.19267	2
15	45000001	1.51205	1.19267	2
15	46000001	1.12312	1.19267	2
15	47000001	0.590725	0.881998	2
15	48000001	0.957887	0.881998	2
15	49000001	0.914681	0.881998	2
15	50000001	0.849315	0.881998	2
15	51000001	1.10459	0.966119	2
15	52000001	1.08398	0.966119	2
15	53000001	0.829565	0.966119	2
15	54000001	0.966119	0.966119	2
15	55000001	1.15595	0.966119	2
15	56000001	0.988037	0.966119	2
15	57000001	0.744133	0.966119	2
15	58000001	1.14664	0.966119	2
15	59000001	0.823356	0.966119	2
15	60000001	1.09804	0.966119	2
15	61000001	0.912948	0.966119	2
15	62000001	0.925755	0.966119	2
15	63000001	0.81523	0.966119	2
15	64000001	1.41442	1.41442	3
15	65000001	0.897372	0.897586	2
15	66000001	0.805587	0.897586	2
15	67000001	0.959083	0.897586	2
15	68000001	1.14819	0.897586	2
15	69000001	0.8978	0.897586	2
15	70000001	0.925766	0.897586	2
15	71000001	1.01204	0.897586	2
15	72000001	0.874799	0.897586	2
15	73000001	0.775517	0.897586	2
15	74000001	0.868403	0.897586	2
15	75000001	0.814451	0.897586	2
15	76000001	1.06446	0.897586	2
15	77000001	0.922111	0.897586	2
15	78000001	0.771554	0.897586	2
15	79000001	1.24047	0.998459	2
15	80000001	0.940057	0.998459	2
15	81000001	0.973945	0.998459	2
15	82000001	0.986102	0.998459	2
15	83000001	0.896141	0.998459	2
15	84000001	1.06379	0.998459	2
15	85000001	0.90723	0.998459	2
15	86000001	1.21076	0.998459	2
15	87000001	1.23074	0.998459	2
15	88000001	0.895041	0.998459	2
15	89000001	1.13649	0.998459	2
15	90000001	0.865092	0.998459	2
15	91000001	0.805159	0.998459	2
15	92000001	1.16957	0.998459	2
15	93000001	0.902275	0.998459	2
15	94000001	1.28236	0.998459	2
15	95000001	1.0234	0.998459	2
15	96000001	0.980286	0.998459	2
15	97000001	0.663638	0.998459	2
15	98000001	1.05051	0.998459	2
15	99000001	1.11228	0.998459	2
15	100000001	0.998459	0.998459	2
15	101000001	1.19614	0.998459	2
16	1	1.11638	0.956337	2
16	1000001	0.914121	0.956337	2
16	2000001	1.04016	0.956337	2
16	3000001	0.819973	0.956337	2
16	4000001	0.989416	0.956337	2
16	5000001	0.944628	0.956337	2
16	6000001	1.01857	0.956337	2
16	7000001	1.15994	0.956337	2
16	8000001	0.727917	0.956337	2
16	9000001	0.793765	0.956337	2
16	10000001	1.42381	0.956337	2
16	11000001	1.12239	0.956337	2
16	12000001	0.96454	0.956337	2
16	13000001	1.18959	0.956337	2
16	14000001	0.951594	0.956337	2
16	15000001	1.0343	0.956337	2
16	16000001	0.826519	0.956337	2
16	17000001	0.995787	0.956337	2
16	18000001	0.945336	0.956337	2
16	19000001	0.749104	0.956337	2
16	20000001	1.17928	0.956337	2
16	21000001	0.908583	0.956337	2
16	22000001	0.79861	0.956337	2
16	23000001	1.43104	0.956337	2
16	24000001	0.857266	0.956337	2
16	25000001	0.862715	0.956337	2
16	26000001	1.09801	0.956337	2
16	27000001	1.00847	0.956337	2
16	28000001	0.86854	0.956337	2
16	29000001	0.93449	0.956337	2
16	30000001	0.956337	0.956337	2
16	31000001	0.932442	0.956337	2
16	32000001	1.07712	0.956337	2
16	33000001	1.52498	1.60377	3
16	34000001	1.68256	1.60377	3
16	35000001	1.21099	0.881372	2
16	36000001	0.827944	0.881372	2
16	37000001	0.934799	0.881372	2
16	38000001	0.815193	0.881372	2
16	39000001	-1	-1	2
16	40000001	-1	-1	2
16	41000001	-1	-1	2
16	42000001	-1	-1	2
16	43000001	-1	-1	2
16	44000001	-1	-1	2
16	45000001	-1	-1	2
16	46000001	2.93783	2.93783	6
16	47000001	1.26252	0.871012	2
16	48000001	0.865779	0.871012	2
16	49000001	0.704198	0.871012	2
16	50000001	0.860899	0.871012	2
16	51000001	1.09308	0.871012	2
16	52000001	0.72364	0.871012	2
16	53000001	1.01124	0.871012	2
16	54000001	0.896929	0.871012	2
16	55000001	0.876245	0.871012	2
16	56000001	0.656824	0.871012	2
16	57000001	1.18891	0.969036	2
16	58000001	1.31902	0.969036	2
16	59000001	1.08481	0.969036	2
16	60000001	1.06143	0.969036	2
16	61000001	0.918334	0.969036	2
16	62000001	1.41393	0.969036	2
16	63000001	0.750618	0.969036	2
16	64000001	0.888103	0.969036	2
16	65000001	0.881021	0.969036	2
16	66000001	0.847146	0.969036	2
16	67000001	0.876829	0.969036	2
16	68000001	1.10807	0.969036	2
16	69000001	1.47404	0.969036	2
16	70000001	1.19675	0.969036	2
16	71000001	0.98674	0.969036	2
16	72000001	0.675387	0.969036	2
16	73000001	0.920715	0.969036	2
16	74000001	1.56895	0.969036	2
16	75000001	1.02373	0.969036	2
16	76000001	0.850192	0.969036	2
16	77000001	0.987546	0.969036	2
16	78000001	0.921654	0.969036	2
16	79000001	1.09112	0.969036	2
16	80000001	0.979876	0.969036	2
16	81000001	0.893871	0.969036	2
16	82000001	0.869887	0.969036	2
16	83000001	0.958195	0.969036	2
16	84000001	1.39676	0.969036	2
16	85000001	0.950336	0.969036	2
16	86000001	1.0778	0.969036	2
16	87000001	0.913835	0.969036	2
16	88000001	1.488	0.969036	2
16	89000001	0.948889	0.969036	2
16	90000001	0.949351	0.969036	2
17	1	1.07084	0.811017	2
17	1000001	0.709679	0.811017	2
17	2000001	0.826422	0.811017	2
17	3000001	0.767287	0.811017	2
17	4000001	0.811017	0.811017	2
17	5000001	1.1066	1.00243	2
17	6000001	1.07565	1.00243	2
17	7000001	0.934176	1.00243	2
17	8000001	0.921777	1.00243	2
17	9000001	0.920213	1.00243	2
17	10000001	0.926846	1.00243	2
17	11000001	0.889449	1.00243	2
17	12000001	1.20324	1.00243	2
17	13000001	1.10055	1.00243	2
17	14000001	1.00169	1.00243	2
17	15000001	1.03335	1.00243	2
17	16000001	1.06846	1.00243	2
17	17000001	0.953847	1.00243	2
17	18000001	0.96213	1.00243	2
17	19000001	1.29722	1.00243	2
17	20000001	1.09644	1.00243	2
17	21000001	0.7171	1.00243	2
17	22000001	1.00318	1.00243	2
17	23000001	1.192	1.00243	2
17	24000001	0.725513	1.00243	2
17	25000001	1.23735	1.52722	3
17	26000001	1.81709	1.52722	3
17	27000001	1.05067	1.01156	2
17	28000001	0.92964	1.01156	2
17	29000001	0.956456	1.01156	2
17	30000001	1.26663	1.01156	2
17	31000001	0.9957	1.01156	2
17	32000001	1.05862	1.01156	2
17	33000001	0.780866	1.01156	2
17	34000001	1.00482	1.01156	2
17	35000001	1.05733	1.01156	2
17	36000001	0.94757	1.01156	2
17	37000001	0.788002	1.01156	2
17	38000001	0.88279	1.01156	2
17	39000001	0.970183	1.01156	2
17	40000001	1.12035	1.01156	2
17	41000001	1.15422	1.01156	2
17	42000001	0.913968	1.01156	2
17	43000001	1.1782	1.01156	2
17	44000001	1.02764	1.01156	2
17	45000001	0.862857	1.01156	2
17	46000001	1.00645	1.01156	2
17	47000001	1.02511	1.01156	2
17	48000001	0.989652	1.01156	2
17	49000001	0.952547	1.01156	2
17	50000001	0.908103	1.01156	2
17	51000001	0.986223	1.01156	2
17	52000001	0.927841	1.01156	2
17	53000001	1.12879	1.01156	2
17	54000001	1.05767	1.01156	2
17	55000001	0.762878	1.01156	2
17	56000001	1.05234	1.01156	2
17	57000001	1.04518	1.01156	2
17	58000001	1.06934	1.01156	2
17	59000001	0.913349	1.01156	2
17	60000001	1.28045	1.01156	2
17	61000001	1.07986	1.01156	2
17	62000001	1.54178	1.01156	2
17	63000001	1.01307	1.01156	2
17	64000001	0.892535	1.01156	2
17	65000001	0.931594	1.01156	2
17	66000001	1.1104	1.01156	2
17	67000001	1.00794	1.01156	2
17	68000001	1.02017	1.01156	2
17	69000001	1.13956	1.01156	2
17	70000001	1.10491	1.01156	2
17	71000001	1.10168	1.01156	2
17	72000001	1.16004	1.01156	2
17	73000001	1.00761	1.01156	2
17	74000001	1.01004	1.01156	2
17	75000001	0.862464	1.01156	2
17	76000001	1.1697	1.01156	2
17	77000001	1.96334	1.96334	4
17	78000001	1.09546	1.09546	2
17	79000001	1.20957	1.09546	2
17	80000001	1.00226	1.09546	2
17	81000001	3.10496	3.10496	6
17	82000001	0.854979	0.986975	2
17	83000001	1.11897	0.986975	2
18	1	2.04808	2.04808	4
18	1000001	1.18712	0.927193	2
18	2000001	0.945834	0.927193	2
18	3000001	1.21404	0.927193	2
18	4000001	0.925902	0.927193	2
18	5000001	0.998115	0.927193	2
18	6000001	0.773044	0.927193	2
18	7000001	0.947437	0.927193	2
18	8000001	0.825245	0.927193	2
18	9000001	0.816759	0.927193	2
18	10000001	1.22142	0.927193	2
18	11000001	1.08077	0.927193	2
18	12000001	1.00995	0.927193	2
18	13000001	0.747756	0.927193	2
18	14000001	0.99299	0.927193	2
18	15000001	1.07183	0.927193	2
18	16000001	0.72431	0.927193	2
18	17000001	0.731299	0.927193	2
18	18000001	0.9061	0.927193	2
18	19000001	0.712513	0.927193	2
18	20000001	0.927193	0.927193	2
18	21000001	0.859229	0.927193	2
18	22000001	1.07096	1.02225	2
18	23000001	1.01131	1.02225	2
18	24000001	1.00587	1.02225	2
18	25000001	0.886507	1.02225	2
18	26000001	1.31597	1.02225	2
18	27000001	1.05961	1.02225	2
18	28000001	0.935515	1.02225	2
18	29000001	1.11653	1.02225	2
18	30000001	0.859653	1.02225	2
18	31000001	0.87359	1.02225	2
18	32000001	1.14962	1.02225	2
18	33000001	1.08439	1.02225	2
18	34000001	1.11719	1.02225	2
18	35000001	0.993351	1.02225	2
18	36000001	1.05101	1.02225	2
18	37000001	0.807706	1.02225	2
18	38000001	0.974064	1.02225	2
18	39000001	1.29664	1.02225	2
18	40000001	1.01463	1.02225	2
18	41000001	1.32568	1.02225	2
18	42000001	1.04489	1.02225	2
18	43000001	1.04236	1.02225	2
18	44000001	0.926407	1.02225	2
18	45000001	1.02816	1.02225	2
18	46000001	1.24246	1.02225	2
18	47000001	0.966565	1.02225	2
18	48000001	0.958758	1.02225	2
18	49000001	0.863127	1.02225	2
18	50000001	1.27554	1.02225	2
18	51000001	0.848348	1.02225	2
18	52000001	0.749232	1.02225	2
18	53000001	1.03338	1.02225	2
18	54000001	1.06271	1.02225	2
18	55000001	1.13129	1.02225	2
18	56000001	0.884861	1.02225	2
18	57000001	1.27486	1.02225	2
18	58000001	1.03492	1.02225	2
18	59000001	1.02225	1.02225	2
18	60000001	1.2416	1.02225	2
18	61000001	1.54435	1.02225	2
18	62000001	0.865355	1.02225	2
18	63000001	1.46389	1.02225	2
18	64000001	1.0497	1.02225	2
18	65000001	0.856994	1.02225	2
18	66000001	0.881798	1.02225	2
18	67000001	0.931035	1.02225	2
18	68000001	1.15466	1.02225	2
18	69000001	1.18022	1.02225	2
18	70000001	0.827251	1.02225	2
18	71000001	1.01255	1.02225	2
18	72000001	0.853013	1.02225	2
18	73000001	0.821837	1.02225	2
18	74000001	1.11448	1.02225	2
18	75000001	0.624631	1.02225	2
18	76000001	0.835744	1.02225	2
18	77000001	2.35309	2.35309	5
18	78000001	1.04446	0.967543	2
18	79000001	0.967543	0.967543	2
18	80000001	0.852152	0.967543	2
19	1	1.00911	1.1216	2
19	1000001	1.12971	1.1216	2
19	2000001	1.15153	1.1216	2
19	3000001	1.11348	1.1216	2
19	4000001	1.33915	1.24642	2
19	5000001	1.24401	1.24642	2
19	6000001	0.990106	1.24642	2
19	7000001	1.24642	1.24642	2
19	8000001	1.14288	1.24642	2
19	9000001	1.25471	1.24642	2
19	10000001	1.25812	1.24642	2
19	11000001	0.912979	0.980072	2
19	12000001	0.865669	0.980072	2
19	13000001	0.981489	0.980072	2
19	14000001	1.1209	0.980072	2
19	15000001	0.980072	0.980072	2
19	16000001	1.02385	0.980072	2
19	17000001	0.932784	0.980072	2
19	18000001	1.08469	1.1343	2
19	19000001	1.27032	1.1343	2
19	20000001	0.933361	1.1343	2
19	21000001	1.30073	1.1343	2
19	22000001	0.964504	1.1343	2
19	23000001	1.18392	1.1343	2
19	24000001	0.925624	0.950895	2
19	25000001	1.00073	0.950895	2
19	26000001	0.955724	0.950895	2
19	27000001	0.940282	0.950895	2
19	28000001	0.854168	0.950895	2
19	29000001	0.946067	0.950895	2
19	30000001	0.866942	0.950895	2
19	31000001	1.12755	0.950895	2
19	32000001	0.833412	0.950895	2
19	33000001	1.11654	0.950895	2
19	34000001	1.08041	0.950895	2
19	35000001	0.898898	0.950895	2
19	36000001	0.876067	0.950895	2
19	37000001	1.05419	0.950895	2
19	38000001	0.965369	0.950895	2
19	39000001	0.973549	0.950895	2
19	40000001	1.03804	1.07376	2
19	41000001	1.08916	1.07376	2
19	42000001	1.07376	1.07376	2
19	43000001	1.17342	1.07376	2
19	44000001	0.803255	1.07376	2
19	45000001	0.97914	1.07376	2
19	46000001	1.29876	1.07376	2
19	47000001	1.02087	1.07376	2
19	48000001	0.972684	1.07376	2
19	49000001	1.15995	1.07376	2
19	50000001	0.959083	1.07376	2
19	51000001	0.902838	1.07376	2
19	52000001	1.17047	1.07376	2
19	53000001	1.15761	1.07376	2
19	54000001	1.13444	1.07376	2
19	55000001	1.0122	1.07376	2
19	56000001	1.08938	1.07376	2
19	57000001	0.954944	1.07376	2
19	58000001	1.14601	1.07376	2
2	1	1.16411	0.974612	2
2	1000001	0.898077	0.974612	2
2	2000001	0.896821	0.974612	2
2	3000001	0.971058	0.974612	2
2	4000001	0.876255	0.974612	2
2	5000001	0.994484	0.974612	2
2	6000001	1.26488	0.974612	2
2	7000001	1.12022	0.974612	2
2	8000001	0.839522	0.974612	2
2	9000001	0.943965	0.974612	2
2	10000001	0.966017	0.974612	2
2	11000001	0.951895	0.974612	2
2	12000001	0.928398	0.974612	2
2	13000001	0.68306	0.974612	2
2	14000001	0.641836	0.974612	2
2	15000001	0.908339	0.974612	2
2	16000001	1.09209	0.974612	2
2	17000001	0.755116	0.974612	2
2	18000001	1.10189	0.974612	2
2	19000001	1.0464	0.974612	2
2	20000001	1.01867	0.974612	2
2	21000001	1.09091	0.974612	2
2	22000001	1.02472	0.974612	2
2	23000001	0.915791	0.974612	2
2	24000001	0.892667	0.974612	2
2	25000001	0.955462	0.974612	2
2	26000001	0.777335	0.974612	2
2	27000001	1.06522	0.974612	2
2	28000001	1.02297	0.974612	2
2	29000001	0.947615	0.974612	2
2	30000001	0.8725	0.974612	2
2	31000001	0.987097	0.974612	2
2	32000001	1.05254	0.974612	2
2	33000001	1.01078	0.974612	2
2	34000001	0.886571	0.974612	2
2	35000001	1.0835	0.974612	2
2	36000001	0.940919	0.974612	2
2	37000001	1.03813	0.974612	2
2	38000001	1.12412	0.974612	2
2	39000001	0.978166	0.974612	2
2	40000001	0.934995	0.974612	2
2	41000001	1.04237	0.974612	2
2	42000001	1.16028	0.974612	2
2	43000001	1.06721	0.974612	2
2	44000001	0.965695	0.974612	2
2	45000001	0.904733	0.974612	2
2	46000001	0.984587	0.974612	2
2	47000001	1.311	0.974612	2
2	48000001	0.899657	0.974612	2
2	49000001	1.03698	0.974612	2
2	50000001	1.08372	0.974612	2
2	51000001	0.803554	0.974612	2
2	52000001	0.763315	0.974612	2
2	53000001	0.983175	0.974612	2
2	54000001	0.71081	0.974612	2
2	55000001	0.953317	0.974612	2
2	56000001	0.927124	0.974612	2
2	57000001	1.58511	0.974612	2
2	58000001	0.930731	0.974612	2
2	59000001	1.28698	0.974612	2
2	60000001	1.00678	0.974612	2
2	61000001	0.875253	0.974612	2
2	62000001	1.02658	0.974612	2
2	63000001	1.28846	0.974612	2
2	64000001	0.988932	0.974612	2
2	65000001	0.763923	0.974612	2
2	66000001	0.563685	0.974612	2
2	67000001	1.14371	0.974612	2
2	68000001	1.55438	1.51824	3
2	69000001	1.4821	1.51824	3
2	70000001	0.893393	0.938476	2
2	71000001	0.943655	0.938476	2
2	72000001	0.804885	0.938476	2
2	73000001	0.89561	0.938476	2
2	74000001	1.1585	0.938476	2
2	75000001	0.873032	0.938476	2
2	76000001	1.16637	0.938476	2
2	77000001	0.803936	0.938476	2
2	78000001	1.07779	0.938476	2
2	79000001	0.886052	0.938476	2
2	80000001	0.971326	0.938476	2
2	81000001	0.938476	0.938476	2
2	82000001	1.01364	0.938476	2
2	83000001	1.85989	1.85989	4
2	84000001	0.88453	1.08029	2
2	85000001	1.18208	1.08029	2
2	86000001	1.09488	1.08029	2
2	87000001	1.07926	1.08029	2
2	88000001	0.898587	1.08029	2
2	89000001	0.954893	1.08029	2
2	90000001	1.45744	1.08029	2
2	91000001	1.18985	1.08029	2
2	92000001	1.16985	1.08029	2
2	93000001	1.2147	1.08029	2
2	94000001	1.06488	1.08029	2
2	95000001	1.08132	1.08029	2
2	96000001	1.0414	1.08029	2
2	97000001	0.910086	1.08029	2
2	98000001	0.871041	1.08029	2
2	99000001	1.58656	1.08029	2
2	100000001	0.855452	0.948441	2
2	101000001	0.882312	0.948441	2
2	102000001	0.837548	0.948441	2
2	103000001	0.834096	0.948441	2
2	104000001	0.870967	0.948441	2
2	105000001	0.949567	0.948441	2
2	106000001	0.889975	0.948441	2
2	107000001	0.84549	0.948441	2
2	108000001	1.10429	0.948441	2
2	109000001	1.03981	0.948441	2
2	110000001	0.852656	0.948441	2
2	111000001	1.29694	0.948441	2
2	112000001	0.784182	0.948441	2
2	113000001	0.951932	0.948441	2
2	114000001	1.15782	0.948441	2
2	115000001	1.05596	0.948441	2
2	116000001	0.947315	0.948441	2
2	117000001	0.996899	0.948441	2
2	118000001	1.14169	0.948441	2
2	119000001	0.891745	0.948441	2
2	120000001	0.836954	0.948441	2
2	121000001	1.09448	0.948441	2
2	122000001	1.12886	0.948441	2
2	123000001	1.02899	0.948441	2
2	124000001	1.93654	1.93654	4
2	125000001	0.8565	0.992758	2
2	126000001	1.0491	0.992758	2
2	127000001	1.16788	0.992758	2
2	128000001	0.887724	0.992758	2
2	129000001	1.07724	0.992758	2
2	130000001	1.04924	0.992758	2
2	131000001	0.849784	0.992758	2
2	132000001	0.983082	0.992758	2
2	133000001	1.20097	0.992758	2
2	134000001	0.842361	0.992758	2
2	135000001	0.856613	0.992758	2
2	136000001	1.14916	0.992758	2
2	137000001	0.95349	0.992758	2
2	138000001	1.2656	0.992758	2
2	139000001	0.706278	0.992758	2
2	140000001	0.762125	0.992758	2
2	141000001	0.828916	0.992758	2
2	142000001	0.867466	0.992758	2
2	143000001	1.11158	0.992758	2
2	144000001	0.8528	0.992758	2
2	145000001	1.12135	0.992758	2
2	146000001	1.24553	0.992758	2
2	147000001	1.17899	0.992758	2
2	148000001	1.02823	0.992758	2
2	149000001	0.920165	0.992758	2
2	150000001	1.40503	0.992758	2
2	151000001	0.898072	0.992758	2
2	152000001	0.871121	0.992758	2
2	153000001	0.825404	0.992758	2
2	154000001	0.95291	0.992758	2
2	155000001	1.02445	0.992758	2
2	156000001	1.04384	0.992758	2
2	157000001	1.25277	0.992758	2
2	158000001	1.0609	0.992758	2
2	159000001	0.92065	0.992758	2
2	160000001	1.1905	0.992758	2
2	161000001	0.671737	0.992758	2
2	162000001	0.998196	0.992758	2
2	163000001	0.94926	0.992758	2
2	164000001	1.17066	0.992758	2
2	165000001	1.0171	0.992758	2
2	166000001	1.19281	0.992758	2
2	167000001	0.75829	0.992758	2
2	168000001	0.98732	0.992758	2
2	169000001	1.72197	1.72197	3
2	170000001	0.912633	0.925048	2
2	171000001	1.04971	0.925048	2
2	172000001	0.626704	0.925048	2
2	173000001	0.996525	0.925048	2
2	174000001	1.11161	0.925048	2
2	175000001	0.922061	0.925048	2
2	176000001	0.81356	0.925048	2
2	177000001	0.94561	0.925048	2
2	178000001	1.09905	0.925048	2
2	179000001	1.0109	0.925048	2
2	180000001	0.678732	0.925048	2
2	181000001	0.934598	0.925048	2
2	182000001	0.682973	0.925048	2
2	183000001	0.807881	0.925048	2
2	184000001	0.933594	0.925048	2
2	185000001	0.884661	0.925048	2
2	186000001	0.934654	0.925048	2
2	187000001	0.970988	0.925048	2
2	188000001	0.928035	0.925048	2
2	189000001	0.734645	0.925048	2
2	190000001	1.00271	0.925048	2
2	191000001	0.883359	0.925048	2
2	192000001	0.862514	0.925048	2
2	193000001	0.843761	0.925048	2
2	194000001	2.38179	2.38179	5
2	195000001	0.941165	1.01924	2
2	196000001	1.02284	1.01924	2
2	197000001	1.16608	1.01924	2
2	198000001	1.1138	1.01924	2
2	199000001	1.31532	1.01924	2
2	200000001	0.88818	1.01924	2
2	201000001	0.864722	1.01924	2
2	202000001	0.715342	1.01924	2
2	203000001	1.17328	1.01924	2
2	204000001	1.14098	1.01924	2
2	205000001	1.15987	1.01924	2
2	206000001	1.3768	1.01924	2
2	207000001	0.969303	1.01924	2
2	208000001	0.989085	1.01924	2
2	209000001	0.652215	1.01924	2
2	210000001	1.40772	1.01924	2
2	211000001	0.981212	1.01924	2
2	212000001	1.31707	1.01924	2
2	213000001	0.846368	1.01924	2
2	214000001	0.800116	1.01924	2
2	215000001	1.48298	1.01924	2
2	216000001	0.956697	1.01924	2
2	217000001	1.20718	1.01924	2
2	218000001	0.812486	1.01924	2
2	219000001	0.814718	1.01924	2
2	220000001	1.04203	1.01924	2
2	221000001	0.892939	1.01924	2
2	222000001	1.01563	1.01924	2
2	223000001	0.821263	1.01924	2
2	224000001	0.74455	1.01924	2
2	225000001	1.56165	1.01924	2
2	226000001	0.97094	1.01924	2
2	227000001	1.02727	1.01924	2
2	228000001	0.896004	1.01924	2
2	229000001	1.08589	1.01924	2
2	230000001	1.17867	1.01924	2
2	231000001	0.793132	1.01924	2
2	232000001	1.21181	1.01924	2
2	233000001	1.13539	1.01924	2
2	234000001	1.21535	1.01924	2
2	235000001	1.18	1.01924	2
2	236000001	0.951993	1.01924	2
2	237000001	0.823151	1.01924	2
2	238000001	1.7029	1.01924	2
2	239000001	0.8187	1.01924	2
2	240000001	1.16987	1.01924	2
2	241000001	1.15238	1.01924	2
2	242000001	0.962404	1.01924	2
20	1	2.52367	2.52367	5
20	1000001	1.3289	1.13797	2
20	2000001	0.817664	1.13797	2
20	3000001	1.27264	1.13797	2
20	4000001	1.057	1.13797	2
20	5000001	1.39227	1.13797	2
20	6000001	1.21218	1.13797	2
20	7000001	0.982689	1.13797	2
20	8000001	1.16099	1.13797	2
20	9000001	1.07706	1.13797	2
20	10000001	1.11496	1.13797	2
20	11000001	0.980147	1.13797	2
20	12000001	1.24529	1.13797	2
20	13000001	0.736402	1.00359	2
20	14000001	0.995892	1.00359	2
20	15000001	0.93688	1.00359	2
20	16000001	1.24872	1.00359	2
20	17000001	1.11514	1.00359	2
20	18000001	1.26049	1.00359	2
20	19000001	0.955744	1.00359	2
20	20000001	0.805242	1.00359	2
20	21000001	1.18137	1.00359	2
20	22000001	0.824378	1.00359	2
20	23000001	0.907515	1.00359	2
20	24000001	1.0113	1.00359	2
20	25000001	0.853905	1.00359	2
20	26000001	1.15136	1.00359	2
20	27000001	1.63181	1.00359	2
20	28000001	1.05004	1.00359	2
20	29000001	1.15018	1.00359	2
20	30000001	1.13146	1.00359	2
20	31000001	0.678482	1.00359	2
20	32000001	0.93661	1.00359	2
20	33000001	1.1314	1.00359	2
20	34000001	1.11694	1.00359	2
20	35000001	1.28321	1.00359	2
20	36000001	0.66877	1.00359	2
20	37000001	1.23145	1.00359	2
20	38000001	1.21155	1.00359	2
20	39000001	0.872241	1.00359	2
20	40000001	0.832642	1.00359	2
20	41000001	0.741814	1.00359	2
20	42000001	1.02633	1.00359	2
20	43000001	1.09818	1.00359	2
20	44000001	0.990771	1.00359	2
20	45000001	1.057	1.00359	2
20	46000001	0.980944	1.00359	2
20	47000001	1.29069	1.00359	2
20	48000001	1.07491	1.00359	2
20	49000001	0.977522	1.00359	2
20	50000001	0.966042	1.00359	2
20	51000001	1.01824	1.00359	2
20	52000001	1.06319	1.00359	2
20	53000001	1.13908	1.00359	2
20	54000001	0.916766	1.00359	2
20	55000001	1.14423	1.00359	2
20	56000001	1.03887	1.00359	2
20	57000001	0.787054	1.00359	2
20	58000001	0.906614	1.00359	2
20	59000001	0.949801	1.00359	2
20	60000001	0.93284	1.00359	2
20	61000001	0.958175	1.00359	2
20	62000001	0.989304	1.00359	2
20	63000001	0.861037	1.00359	2
20	64000001	1.46994	1.00359	2
21	1	-1	-1	3
21	1000001	-1	-1	3
21	2000001	-1	-1	3
21	3000001	-1	-1	3
21	4000001	-1	-1	3
21	5000001	1.57902	1.57902	3
21	6000001	0.980974	0.980974	2
21	7000001	2.15642	1.98573	4
21	8000001	1.81503	1.98573	4
21	9000001	1.21147	1.56178	3
21	10000001	1.91208	1.56178	3
21	11000001	1.13755	1.1212	2
21	12000001	0.926117	1.1212	2
21	13000001	0.955006	1.1212	2
21	14000001	1.15934	1.1212	2
21	15000001	1.15371	1.1212	2
21	16000001	1.0618	1.1212	2
21	17000001	1.11348	1.1212	2
21	18000001	1.12891	1.1212	2
21	19000001	0.954319	0.964968	2
21	20000001	0.862955	0.964968	2
21	21000001	0.813879	0.964968	2
21	22000001	0.909308	0.964968	2
21	23000001	0.900774	0.964968	2
21	24000001	0.983722	0.964968	2
21	25000001	0.991945	0.964968	2
21	26000001	0.945527	0.964968	2
21	27000001	1.02934	0.964968	2
21	28000001	0.958323	0.964968	2
21	29000001	0.967175	0.964968	2
21	30000001	0.961483	0.964968	2
21	31000001	0.977545	0.964968	2
21	32000001	1.01837	0.964968	2
21	33000001	1.13052	0.964968	2
21	34000001	0.868952	0.964968	2
21	35000001	1.36045	0.964968	2
21	36000001	1.01298	0.964968	2
21	37000001	0.966525	0.964968	2
21	38000001	1.00368	0.964968	2
21	39000001	0.939774	0.964968	2
21	40000001	0.947913	0.964968	2
21	41000001	0.963411	0.964968	2
21	42000001	1.13491	0.964968	2
21	43000001	0.930399	0.964968	2
21	44000001	1.00438	0.964968	2
21	45000001	0.949024	0.964968	2
21	46000001	1.10445	0.964968	2
22	1	-1	-1	3
22	1000001	-1	-1	3
22	2000001	-1	-1	3
22	3000001	-1	-1	3
22	4000001	-1	-1	3
22	5000001	-1	-1	3
22	6000001	-1	-1	3
22	7000001	-1	-1	3
22	8000001	-1	-1	3
22	9000001	-1	-1	3
22	10000001	1.45117	1.45117	3
22	11000001	1.19477	1.45117	3
22	12000001	1.47814	1.45117	3
22	13000001	1.13424	1.10571	2
22	14000001	0.919829	1.10571	2
22	15000001	1.0944	1.10571	2
22	16000001	1.39593	1.10571	2
22	17000001	0.998118	1.10571	2
22	18000001	1.10571	1.10571	2
22	19000001	1.18127	1.10571	2
22	20000001	0.749006	0.99059	2
22	21000001	0.959284	0.99059	2
22	22000001	0.894684	0.99059	2
22	23000001	0.998034	0.99059	2
22	24000001	1.19945	0.99059	2
22	25000001	1.0013	0.99059	2
22	26000001	0.996702	0.99059	2
22	27000001	0.984478	0.99059	2
22	28000001	1.18236	1.1575	2
22	29000001	1.13264	1.1575	2
22	30000001	1.13153	1.1575	2
22	31000001	1.26461	1.1575	2
22	32000001	1.01026	1.1575	2
22	33000001	1.20977	1.1575	2
22	34000001	1.04115	1.1575	2
22	35000001	1.2417	1.1575	2
22	36000001	0.943682	0.991173	2
22	37000001	0.792812	0.991173	2
22	38000001	1.04295	0.991173	2
22	39000001	0.843621	0.991173	2
22	40000001	1.03465	0.991173	2
22	41000001	0.973389	0.991173	2
22	42000001	1.09947	0.991173	2
22	43000001	0.991173	0.991173	2
22	44000001	1.03466	0.991173	2
22	45000001	0.859811	0.948508	2
22	46000001	0.721929	0.948508	2
22	47000001	1.01758	0.948508	2
22	48000001	0.879434	0.948508	2
22	49000001	1.1212	0.948508	2
22	50000001	1.02027	0.948508	2
3	1	0.892515	0.994284	2
3	1000001	0.905644	0.994284	2
3	2000001	1.11192	0.994284	2
3	3000001	1.06508	0.994284	2
3	4000001	0.923483	0.994284	2
3	5000001	1.07479	0.994284	2
3	6000001	1.74722	1.74722	3
3	7000001	1.21826	1.00709	2
3	8000001	0.885037	1.00709	2
3	9000001	1.10204	1.00709	2
3	10000001	0.937934	1.00709	2
3	11000001	0.669928	1.00709	2
3	12000001	1.32983	1.00709	2
3	13000001	0.94357	1.00709	2
3	14000001	1.29155	1.00709	2
3	15000001	0.891067	1.00709	2
3	16000001	0.837988	1.00709	2
3	17000001	1.07172	1.00709	2
3	18000001	0.916665	1.00709	2
3	19000001	0.77021	1.00709	2
3	20000001	1.19124	1.00709	2
3	21000001	1.40495	1.00709	2
3	22000001	0.75069	1.00709	2
3	23000001	1.01185	1.00709	2
3	24000001	0.939752	1.00709	2
3	25000001	1.00622	1.00709	2
3	26000001	1.33224	1.00709	2
3	27000001	1.00259	1.00709	2
3	28000001	1.02053	1.00709	2
3	29000001	0.930497	1.00709	2
3	30000001	1.11912	1.00709	2
3	31000001	0.867808	1.00709	2
3	32000001	1.109	1.00709	2
3	33000001	0.979777	1.00709	2
3	34000001	0.960625	1.00709	2
3	35000001	0.826871	1.00709	2
3	36000001	1.17114	1.00709	2
3	37000001	1.26891	1.00709	2
3	38000001	0.944718	1.00709	2
3	39000001	1.3033	1.00709	2
3	40000001	1.03515	1.00709	2
3	41000001	1.17963	1.00709	2
3	42000001	0.944202	1.00709	2
3	43000001	1.05417	1.00709	2
3	44000001	1.05608	1.00709	2
3	45000001	1.00526	1.00709	2
3	46000001	1.05645	1.00709	2
3	47000001	1.26903	1.00709	2
3	48000001	1.14852	1.00709	2
3	49000001	0.938136	1.00709	2
3	50000001	0.86687	1.00709	2
3	51000001	1.00982	1.00709	2
3	52000001	0.957222	1.00709	2
3	53000001	1.04046	1.00709	2
3	54000001	0.958763	1.00709	2
3	55000001	0.824359	1.00709	2
3	56000001	1.32289	1.00709	2
3	57000001	0.963954	1.00709	2
3	58000001	1.00709	1.00709	2
3	59000001	1.26869	1.00709	2
3	60000001	1.00085	1.00709	2
3	61000001	1.1558	1.00709	2
3	62000001	0.915908	1.00709	2
3	63000001	1.21468	1.00709	2
3	64000001	0.817196	0.832324	2
3	65000001	0.971474	0.832324	2
3	66000001	0.93217	0.832324	2
3	67000001	0.771711	0.832324	2
3	68000001	0.81521	0.832324	2
3	69000001	1.11467	0.832324	2
3	70000001	0.706062	0.832324	2
3	71000001	1.08809	0.832324	2
3	72000001	0.832324	0.832324	2
3	73000001	1.14637	1.06574	2
3	74000001	0.83765	1.06574	2
3	75000001	1.22806	1.06574	2
3	76000001	0.857682	1.06574	2
3	77000001	1.06574	1.06574	2
3	78000001	0.992631	1.06574	2
3	79000001	1.07061	1.06574	2
3	80000001	0.994611	1.06574	2
3	81000001	1.16367	1.06574	2
3	82000001	0.971172	1.06574	2
3	83000001	1.09945	1.06574	2
3	84000001	1.35919	1.06574	2
3	85000001	1.04441	1.06574	2
3	86000001	1.21023	1.06574	2
3	87000001	1.00204	1.06574	2
3	88000001	0.971962	1.06574	2
3	89000001	0.774135	1.06574	2
3	90000001	1.11166	1.06574	2
3	91000001	1.05758	1.06574	2
3	92000001	1.30691	1.06574	2
3	93000001	1.36202	1.06574	2
3	94000001	0.961405	1.06574	2
3	95000001	1.0205	1.06574	2
3	96000001	0.943582	1.06574	2
3	97000001	1.06003	1.06574	2
3	98000001	1.2026	1.06574	2
3	99000001	1.16099	1.06574	2
3	100000001	0.91928	1.06574	2
3	101000001	1.20475	1.06574	2
3	102000001	1.11898	1.06574	2
3	103000001	1.14733	1.06574	2
3	104000001	1.00283	1.06574	2
3	105000001	1.0963	1.06574	2
3	106000001	0.946542	1.06574	2
3	107000001	1.08632	1.06574	2
3	108000001	0.989214	1.06574	2
3	109000001	1.06738	1.06574	2
3	110000001	1.48835	1.34955	3
3	111000001	1.21076	1.34955	3
3	112000001	1.0379	0.964137	2
3	113000001	1.02202	0.964137	2
3	114000001	0.840683	0.964137	2
3	115000001	0.606506	0.964137	2
3	116000001	0.963912	0.964137	2
3	117000001	1.18477	0.964137	2
3	118000001	0.977088	0.964137	2
3	119000001	1.07151	0.964137	2
3	120000001	0.972901	0.964137	2
3	121000001	0.771214	0.964137	2
3	122000001	1.00333	0.964137	2
3	123000001	1.10988	0.964137	2
3	124000001	0.964137	0.964137	2
3	125000001	0.928387	0.964137	2
3	126000001	0.923014	0.964137	2
3	127000001	1.03153	0.964137	2
3	128000001	0.934646	0.964137	2
3	129000001	0.807128	0.964137	2
3	130000001	0.939483	0.964137	2
3	131000001	1.02356	1.02039	2
3	132000001	1.0735	1.02039	2
3	133000001	1.09729	1.02039	2
3	134000001	1.12842	1.02039	2
3	135000001	0.901878	1.02039	2
3	136000001	1.3146	1.02039	2
3	137000001	1.02076	1.02039	2
3	138000001	0.900384	1.02039	2
3	139000001	1.08642	1.02039	2
3	140000001	1.23995	1.02039	2
3	141000001	0.791995	1.02039	2
3	142000001	0.847808	1.02039	2
3	143000001	1.4704	1.02039	2
3	144000001	1.02859	1.02039	2
3	145000001	1.00701	1.02039	2
3	146000001	1.18178	1.02039	2
3	147000001	0.986916	1.02039	2
3	148000001	1.102	1.02039	2
3	149000001	0.808362	1.02039	2
3	150000001	0.817775	1.02039	2
3	151000001	0.9879	1.02039	2
3	152000001	1.0543	1.02039	2
3	153000001	0.906257	1.02039	2
3	154000001	1.16892	1.02039	2
3	155000001	1.03594	1.02039	2
3	156000001	1.11887	1.02039	2
3	157000001	0.819623	1.02039	2
3	158000001	1.05736	1.02039	2
3	159000001	1.36297	1.02039	2
3	160000001	0.921385	1.02039	2
3	161000001	1.13895	1.02039	2
3	162000001	1.02235	1.02039	2
3	163000001	0.865498	1.02039	2
3	164000001	1.01378	1.02039	2
3	165000001	0.778844	1.02039	2
3	166000001	0.918836	1.02039	2
3	167000001	0.752196	1.02039	2
3	168000001	0.947645	1.02039	2
3	169000001	1.08049	1.02039	2
3	170000001	1.32306	1.02039	2
3	171000001	1.19761	1.02039	2
3	172000001	0.936429	1.02039	2
3	173000001	1.02371	1.02039	2
3	174000001	1.09744	1.02039	2
3	175000001	1.02001	1.02039	2
3	176000001	0.92859	1.02039	2
3	177000001	0.982036	1.02039	2
3	178000001	1.14415	1.02039	2
3	179000001	0.94345	1.02039	2
3	180000001	1.05243	1.02039	2
3	181000001	1.16811	1.02039	2
3	182000001	1.07591	1.02039	2
3	183000001	1.23389	1.02039	2
3	184000001	0.799306	1.02039	2
3	185000001	0.797939	1.02039	2
3	186000001	1.31435	1.02039	2
3	187000001	0.986643	1.02039	2
3	188000001	0.975621	1.02039	2
3	189000001	1.14695	1.02039	2
3	190000001	0.901755	1.02039	2
3	191000001	0.76508	1.02039	2
3	192000001	0.849869	1.02039	2
3	193000001	0.818851	1.02039	2
3	194000001	0.928772	1.02039	2
3	195000001	0.989987	1.02039	2
3	196000001	1.10606	1.02039	2
3	197000001	0.905626	1.02039	2
3	198000001	1.4949	1.02039	2
4	1	1.10046	1.00883	2
4	1000001	1.18562	1.00883	2
4	2000001	1.19475	1.00883	2
4	3000001	0.931307	1.00883	2
4	4000001	0.749031	1.00883	2
4	5000001	0.894895	1.00883	2
4	6000001	1.0183	1.00883	2
4	7000001	0.80951	1.00883	2
4	8000001	0.985001	1.00883	2
4	9000001	1.33563	1.00883	2
4	10000001	0.951502	1.00883	2
4	11000001	1.36229	1.00883	2
4	12000001	0.858692	1.00883	2
4	13000001	0.991623	1.00883	2
4	14000001	1.22452	1.00883	2
4	15000001	0.774454	1.00883	2
4	16000001	1.0459	1.00883	2
4	17000001	0.754772	1.00883	2
4	18000001	1.12958	1.00883	2
4	19000001	1.24835	1.00883	2
4	20000001	0.864471	1.00883	2
4	21000001	1.06328	1.00883	2
4	22000001	0.842149	1.00883	2
4	23000001	0.996539	1.00883	2
4	24000001	0.903133	1.00883	2
4	25000001	0.931892	1.00883	2
4	26000001	0.979255	1.00883	2
4	27000001	1.12378	1.00883	2
4	28000001	1.27585	1.00883	2
4	29000001	0.971365	1.00883	2
4	30000001	1.14709	1.00883	2
4	31000001	0.797312	1.00883	2
4	32000001	0.868675	1.00883	2
4	33000001	1.02888	1.00883	2
4	34000001	1.25533	1.00883	2
4	35000001	1.40082	1.00883	2
4	36000001	1.00883	1.00883	2
4	37000001	1.05505	1.00883	2
4	38000001	1.05472	1.00883	2
4	39000001	3.05719	3.05719	6
4	40000001	1.00222	1.1928	2
4	41000001	1.07407	1.1928	2
4	42000001	1.31153	1.1928	2
4	43000001	1.85455	1.1928	2
4	44000001	1.05071	1.0454	2
4	45000001	0.681247	1.0454	2
4	46000001	1.01925	1.0454	2
4	47000001	1.17084	1.0454	2
4	48000001	1.06973	1.0454	2
4	49000001	1.33934	1.0454	2
4	50000001	0.994227	1.0454	2
4	51000001	1.11205	1.0454	2
4	52000001	1.28876	1.0454	2
4	53000001	0.872196	1.0454	2
4	54000001	1.37987	1.0454	2
4	55000001	1.27388	1.0454	2
4	56000001	1.04079	1.0454	2
4	57000001	1.0888	1.0454	2
4	58000001	0.855677	1.0454	2
4	59000001	0.956303	1.0454	2
4	60000001	0.997903	1.0454	2
4	61000001	1.00519	1.0454	2
4	62000001	0.929534	1.0454	2
4	63000001	0.931035	1.0454	2
4	64000001	1.0007	1.0454	2
4	65000001	0.975771	1.0454	2
4	66000001	1.08165	1.0454	2
4	67000001	1.32689	1.0454	2
4	68000001	1.03911	1.0454	2
4	69000001	1.04402	1.0454	2
4	70000001	1.72078	1.0454	2
4	71000001	1.0454	1.0454	2
4	72000001	0.965892	1.0454	2
4	73000001	1.19469	1.0454	2
4	74000001	1.21576	1.0454	2
4	75000001	1.34149	1.0454	2
4	76000001	1.06019	1.0454	2
4	77000001	0.961446	1.0454	2
4	78000001	0.962634	1.0454	2
4	79000001	0.799872	1.0454	2
4	80000001	1.00477	1.0454	2
4	81000001	1.02678	1.0454	2
4	82000001	0.869056	1.0454	2
4	83000001	1.21655	1.0454	2
4	84000001	0.840085	1.0454	2
4	85000001	1.19088	1.0454	2
4	86000001	1.42016	1.0454	2
4	87000001	1.16278	1.0454	2
4	88000001	1.13457	1.0454	2
4	89000001	0.970403	1.0454	2
4	90000001	1.28994	1.0454	2
4	91000001	1.06701	1.0454	2
4	92000001	0.83355	1.0454	2
4	93000001	1.11827	1.0454	2
4	94000001	1.10057	1.0454	2
4	95000001	0.867085	1.0454	2
4	96000001	0.826348	1.0454	2
4	97000001	1.22251	1.0454	2
4	98000001	1.22658	1.0454	2
4	99000001	1.09727	1.0454	2
4	100000001	0.553682	1.0454	2
4	101000001	1.31925	1.0454	2
4	102000001	1.05037	1.0454	2
4	103000001	0.908779	1.0454	2
4	104000001	1.74918	1.0454	2
4	105000001	1.09584	1.0454	2
4	106000001	1.06369	1.0454	2
4	107000001	1.04663	1.0454	2
4	108000001	0.719894	1.0454	2
4	109000001	0.892024	1.0454	2
4	110000001	1.10515	1.0454	2
4	111000001	0.985204	1.0454	2
4	112000001	1.27655	1.0454	2
4	113000001	1.05852	1.0454	2
4	114000001	0.754452	1.0454	2
4	115000001	0.969058	1.0454	2
4	116000001	1.35213	1.0454	2
4	117000001	1.01709	1.0454	2
4	118000001	0.673197	1.0454	2
4	119000001	1.11942	1.0454	2
4	120000001	1.00463	1.0454	2
4	121000001	0.89726	1.0454	2
4	122000001	1.09246	1.0454	2
4	123000001	0.887176	1.0454	2
4	124000001	0.93783	1.0454	2
4	125000001	0.901381	1.0454	2
4	126000001	1.02132	1.0454	2
4	127000001	0.868183	1.0454	2
4	128000001	1.12222	1.0454	2
4	129000001	1.1911	1.0454	2
4	130000001	1.03685	1.0454	2
4	131000001	0.926793	1.0454	2
4	132000001	1.21033	1.0454	2
4	133000001	1.42321	1.0454	2
4	134000001	1.05643	1.0454	2
4	135000001	0.78104	1.0454	2
4	136000001	1.07072	1.0454	2
4	137000001	1.07071	1.0454	2
4	138000001	0.882013	1.0454	2
4	139000001	1.28191	1.0454	2
4	140000001	0.903523	1.0454	2
4	141000001	0.771065	1.0454	2
4	142000001	1.03379	1.0454	2
4	143000001	1.11787	1.0454	2
4	144000001	0.783707	1.0454	2
4	145000001	0.80998	1.0454	2
4	146000001	0.755637	1.0454	2
4	147000001	0.887106	1.0454	2
4	148000001	0.896552	1.0454	2
4	149000001	1.08011	1.0454	2
4	150000001	1.1977	1.0454	2
4	151000001	1.06878	1.0454	2
4	152000001	1.03288	1.0454	2
4	153000001	1.1884	1.0454	2
4	154000001	1.0711	1.0454	2
4	155000001	0.978455	1.0454	2
4	156000001	1.06731	1.0454	2
4	157000001	0.912567	1.0454	2
4	158000001	1.00132	1.0454	2
4	159000001	1.17079	1.0454	2
4	160000001	1.0108	1.0454	2
4	161000001	0.786337	1.0454	2
4	162000001	0.7263	1.0454	2
4	163000001	1.15363	1.0454	2
4	164000001	1.27035	1.0454	2
4	165000001	0.938173	1.0454	2
4	166000001	0.891559	1.0454	2
4	167000001	1.47911	1.0454	2
4	168000001	1.1478	1.0454	2
4	169000001	0.698648	1.0454	2
4	170000001	1.36122	1.0454	2
4	171000001	1.05998	1.0454	2
4	172000001	1.36655	1.0454	2
4	173000001	0.867872	1.0454	2
4	174000001	1.13705	1.0454	2
4	175000001	1.14198	1.0454	2
4	176000001	1.27384	1.0454	2
4	177000001	1.05588	1.0454	2
4	178000001	1.12744	1.0454	2
4	179000001	1.19381	1.0454	2
4	180000001	0.980784	1.0454	2
4	181000001	0.83756	1.0454	2
4	182000001	0.970144	1.0454	2
4	183000001	1.11019	1.0454	2
4	184000001	1.04778	1.0454	2
4	185000001	0.880529	1.0454	2
4	186000001	0.780805	1.0454	2
4	187000001	1.00104	1.0454	2
4	188000001	1.13674	1.0454	2
4	189000001	0.817303	1.0454	2
4	190000001	1.80736	1.0454	2
5	1	1.23427	1.14835	2
5	1000001	0.938041	1.14835	2
5	2000001	1.14835	1.14835	2
5	3000001	0.918803	0.93203	2
5	4000001	0.88394	0.93203	2
5	5000001	1.01004	0.93203	2
5	6000001	1.03443	0.93203	2
5	7000001	1.07221	0.93203	2
5	8000001	0.811849	0.93203	2
5	9000001	1.05053	0.93203	2
5	10000001	1.01064	0.93203	2
5	11000001	0.945257	0.93203	2
5	12000001	0.858283	0.93203	2
5	13000001	0.835588	0.93203	2
5	14000001	0.703917	0.93203	2
5	15000001	1.18161	0.93203	2
5	16000001	1.19306	0.93203	2
5	17000001	0.837628	0.93203	2
5	18000001	1.06695	0.93203	2
5	19000001	0.704764	0.93203	2
5	20000001	0.746898	0.93203	2
5	21000001	1.48846	1.48846	3
5	22000001	1.03429	0.886052	2
5	23000001	0.653773	0.886052	2
5	24000001	0.875845	0.886052	2
5	25000001	0.896258	0.886052	2
5	26000001	0.999765	1.04718	2
5	27000001	1.20168	1.04718	2
5	28000001	0.995438	1.04718	2
5	29000001	0.907787	1.04718	2
5	30000001	1.14926	1.04718	2
5	31000001	0.993873	1.04718	2
5	32000001	1.28992	1.04718	2
5	33000001	1.36947	1.04718	2
5	34000001	0.881306	1.04718	2
5	35000001	1.09577	1.04718	2
5	36000001	0.942168	1.04718	2
5	37000001	0.89845	1.04718	2
5	38000001	1.1251	1.04718	2
5	39000001	0.898196	1.04718	2
5	40000001	1.03231	1.04718	2
5	41000001	1.06749	1.04718	2
5	42000001	1.46207	1.04718	2
5	43000001	1.01735	1.04718	2
5	44000001	0.836227	1.04718	2
5	45000001	0.781347	1.04718	2
5	46000001	0.909412	1.04718	2
5	47000001	1.12413	1.04718	2
5	48000001	1.10351	1.04718	2
5	49000001	1.37291	1.04718	2
5	50000001	1.11818	1.04718	2
5	51000001	0.913156	1.04718	2
5	52000001	1.2641	1.04718	2
5	53000001	1.25466	1.04718	2
5	54000001	1.04718	1.04718	2
5	55000001	1.00003	1.04718	2
5	56000001	0.912009	1.04718	2
5	57000001	0.899269	1.04718	2
5	58000001	0.911465	1.04718	2
5	59000001	1.13351	1.04718	2
5	60000001	1.49596	1.04718	2
5	61000001	0.989311	1.04718	2
5	62000001	1.08803	1.04718	2
5	63000001	1.18474	1.04718	2
5	64000001	1.1243	1.04718	2
5	65000001	0.856414	0.889826	2
5	66000001	1.05481	0.889826	2
5	67000001	1.02295	0.889826	2
5	68000001	0.86436	0.889826	2
5	69000001	0.853178	0.889826	2
5	70000001	0.754818	0.889826	2
5	71000001	0.986643	0.889826	2
5	72000001	0.798732	0.889826	2
5	73000001	0.954827	0.889826	2
5	74000001	1.08763	0.889826	2
5	75000001	0.889826	0.889826	2
5	76000001	1.18325	1.11488	2
5	77000001	1.19077	1.11488	2
5	78000001	1.33927	1.11488	2
5	79000001	1.00121	1.11488	2
5	80000001	1.11216	1.11488	2
5	81000001	1.1176	1.11488	2
5	82000001	1.01004	1.11488	2
5	83000001	1.15975	1.11488	2
5	84000001	0.880026	1.11488	2
5	85000001	1.10709	1.11488	2
5	86000001	1.96698	1.96698	4
5	87000001	1.16515	0.969065	2
5	88000001	0.896784	0.969065	2
5	89000001	0.843697	0.969065	2
5	90000001	1.05722	0.969065	2
5	91000001	0.963824	0.969065	2
5	92000001	0.963238	0.969065	2
5	93000001	0.722332	0.969065	2
5	94000001	1.16605	0.969065	2
5	95000001	0.975738	0.969065	2
5	96000001	0.997753	0.969065	2
5	97000001	0.833632	0.969065	2
5	98000001	1.04786	0.969065	2
5	99000001	0.917671	0.969065	2
5	100000001	1.30549	0.969065	2
5	101000001	1.01258	0.969065	2
5	102000001	0.815391	0.969065	2
5	103000001	1.05412	0.969065	2
5	104000001	0.90816	0.969065	2
5	105000001	0.966751	0.969065	2
5	106000001	1.08043	0.969065	2
5	107000001	1.0551	0.969065	2
5	108000001	0.776774	0.969065	2
5	109000001	0.949905	0.969065	2
5	110000001	0.854126	0.969065	2
5	111000001	1.19147	0.969065	2
5	112000001	1.12278	0.969065	2
5	113000001	1.13746	0.969065	2
5	114000001	0.93981	0.969065	2
5	115000001	0.811155	0.969065	2
5	116000001	0.902637	0.969065	2
5	117000001	1.06449	0.969065	2
5	118000001	1.15402	0.969065	2
5	119000001	0.9282	0.969065	2
5	120000001	0.871607	0.969065	2
5	121000001	1.0473	0.969065	2
5	122000001	0.97138	0.969065	2
5	123000001	1.38012	1.10112	2
5	124000001	1.06197	1.10112	2
5	125000001	0.928361	1.10112	2
5	126000001	1.03377	1.10112	2
5	127000001	0.96253	1.10112	2
5	128000001	1.10791	1.10112	2
5	129000001	1.18404	1.10112	2
5	130000001	1.13136	1.10112	2
5	131000001	1.07127	1.10112	2
5	132000001	1.03033	1.10112	2
5	133000001	1.18378	1.10112	2
5	134000001	1.14508	1.10112	2
5	135000001	0.840611	1.10112	2
5	136000001	1.21747	1.10112	2
5	137000001	0.991579	1.10112	2
5	138000001	1.11028	1.10112	2
5	139000001	1.14393	1.10112	2
5	140000001	0.787174	1.10112	2
5	141000001	1.0521	1.10112	2
5	142000001	1.56305	1.10112	2
5	143000001	1.10218	1.10112	2
5	144000001	0.980354	1.10112	2
5	145000001	1.10006	1.10112	2
5	146000001	0.925616	1.10112	2
5	147000001	1.13217	1.10112	2
5	148000001	1.251	1.10112	2
5	149000001	1.33906	1.10112	2
5	150000001	1.09089	1.10112	2
5	151000001	0.764263	0.719283	1
5	152000001	0.674303	0.719283	1
5	153000001	1.13501	0.980692	2
5	154000001	1.12936	0.980692	2
5	155000001	0.873612	0.980692	2
5	156000001	0.766914	0.980692	2
5	157000001	1.02143	0.980692	2
5	158000001	1.05858	0.980692	2
5	159000001	1.07478	0.980692	2
5	160000001	0.819953	0.980692	2
5	161000001	1.14135	0.980692	2
5	162000001	0.828839	0.980692	2
5	163000001	0.851097	0.980692	2
5	164000001	0.854358	0.980692	2
5	165000001	0.888821	0.980692	2
5	166000001	0.934324	0.980692	2
5	167000001	0.896215	0.980692	2
5	168000001	1.30228	0.980692	2
5	169000001	1.0988	0.980692	2
5	170000001	0.909775	0.980692	2
5	171000001	0.912955	0.980692	2
5	172000001	0.871712	0.980692	2
5	173000001	1.10618	0.980692	2
5	174000001	0.931378	0.980692	2
5	175000001	1.1243	0.980692	2
5	176000001	0.980692	0.980692	2
5	177000001	1.05646	0.980692	2
5	178000001	0.988856	0.980692	2
5	179000001	0.913736	0.980692	2
5	180000001	1.06479	0.980692	2
5	181000001	1.07878	0.980692	2
6	1	0.72594	0.72594	1
6	1000001	1.01578	1.0137	2
6	2000001	1.0099	1.0137	2
6	3000001	0.969269	1.0137	2
6	4000001	0.986551	1.0137	2
6	5000001	0.796867	1.0137	2
6	6000001	1.15946	1.0137	2
6	7000001	0.925034	1.0137	2
6	8000001	1.26004	1.0137	2
6	9000001	1.13945	1.0137	2
6	10000001	1.10797	1.0137	2
6	11000001	1.16708	1.0137	2
6	12000001	0.965834	1.0137	2
6	13000001	0.752967	1.0137	2
6	14000001	1.08009	1.0137	2
6	15000001	1.09048	1.0137	2
6	16000001	1.08486	1.0137	2
6	17000001	0.984754	1.0137	2
6	18000001	0.976311	1.0137	2
6	19000001	0.831889	1.0137	2
6	20000001	1.11651	1.0137	2
6	21000001	0.997917	1.0137	2
6	22000001	1.2012	1.0137	2
6	23000001	1.07179	1.0137	2
6	24000001	1.17102	1.0137	2
6	25000001	0.74277	1.0137	2
6	26000001	0.974477	1.0137	2
6	27000001	1.07833	1.0137	2
6	28000001	1.00271	1.0137	2
6	29000001	1.03444	1.0137	2
6	30000001	0.69567	1.0137	2
6	31000001	0.893085	1.0137	2
6	32000001	0.950591	1.0137	2
6	33000001	0.788354	1.0137	2
6	34000001	0.798772	1.0137	2
6	35000001	1.38814	1.0137	2
6	36000001	1.02712	1.0137	2
6	37000001	1.09738	1.0137	2
6	38000001	1.03387	1.0137	2
6	39000001	1.00351	1.0137	2
6	40000001	1.05164	1.0137	2
6	41000001	0.795823	1.0137	2
6	42000001	0.8598	1.0137	2
6	43000001	0.995459	1.0137	2
6	44000001	0.983024	1.0137	2
6	45000001	0.76494	1.0137	2
6	46000001	1.07235	1.0137	2
6	47000001	1.10943	1.0137	2
6	48000001	1.06229	1.0137	2
6	49000001	1.14768	1.0137	2
6	50000001	0.921032	1.0137	2
6	51000001	0.81549	1.0137	2
6	52000001	1.01732	1.0137	2
6	53000001	1.17695	1.0137	2
6	54000001	1.09663	1.0137	2
6	55000001	1.38404	1.0137	2
6	56000001	0.861008	1.0137	2
6	57000001	0.993174	1.0137	2
6	58000001	0.916902	1.0137	2
6	59000001	1.04715	1.0137	2
6	60000001	1.23451	1.0137	2
6	61000001	0.932329	1.0137	2
6	62000001	1.17176	1.0137	2
6	63000001	1.19762	1.0137	2
6	64000001	1.20218	1.0137	2
6	65000001	1.19394	1.0137	2
6	66000001	0.991791	1.0137	2
6	67000001	1.04538	1.0137	2
6	68000001	0.911388	1.0137	2
6	69000001	0.864282	1.0137	2
6	70000001	0.892066	1.0137	2
6	71000001	1.04589	1.0137	2
6	72000001	1.03285	1.0137	2
6	73000001	0.93596	1.0137	2
6	74000001	0.756084	1.0137	2
6	75000001	0.787723	1.0137	2
6	76000001	1.08513	1.0137	2
6	77000001	1.08783	1.0137	2
6	78000001	0.989727	1.0137	2
6	79000001	0.766338	1.0137	2
6	80000001	0.979508	1.0137	2
6	81000001	1.11864	1.0137	2
6	82000001	1.15415	1.0137	2
6	83000001	1.11922	1.0137	2
6	84000001	1.16993	1.0137	2
6	85000001	0.940848	1.0137	2
6	86000001	1.02601	1.0137	2
6	87000001	0.576728	1.0137	2
6	88000001	1.27954	1.0137	2
6	89000001	1.23602	1.0137	2
6	90000001	0.979608	1.0137	2
6	91000001	0.967847	1.0137	2
6	92000001	1.00302	1.0137	2
6	93000001	1.18953	1.0137	2
6	94000001	1.20924	1.0137	2
6	95000001	0.870471	1.0137	2
6	96000001	0.89398	1.0137	2
6	97000001	1.26357	1.0137	2
6	98000001	0.623104	1.0137	2
6	99000001	0.90308	1.0137	2
6	100000001	0.794036	1.0137	2
6	101000001	1.08123	1.0137	2
6	102000001	1.01102	1.0137	2
6	103000001	1.08389	1.0137	2
6	104000001	1.05826	1.0137	2
6	105000001	1.31501	1.0137	2
6	106000001	1.08298	1.0137	2
6	107000001	0.84173	1.0137	2
6	108000001	1.17298	1.0137	2
6	109000001	0.821439	1.0137	2
6	110000001	1.10183	1.0137	2
6	111000001	0.891143	1.0137	2
6	112000001	1.29904	1.0137	2
6	113000001	1.01162	1.0137	2
6	114000001	0.764434	1.0137	2
6	115000001	1.12906	1.20591	2
6	116000001	1.02639	1.20591	2
6	117000001	1.4436	1.20591	2
6	118000001	0.911023	1.20591	2
6	119000001	1.20591	1.20591	2
6	120000001	1.52353	1.20591	2
6	121000001	1.27218	1.20591	2
6	122000001	1.03237	0.982803	2
6	123000001	0.745183	0.982803	2
6	124000001	0.722423	0.982803	2
6	125000001	1.19851	0.982803	2
6	126000001	0.976365	0.982803	2
6	127000001	1.11839	0.982803	2
6	128000001	0.982803	0.982803	2
6	129000001	0.640198	0.982803	2
6	130000001	0.975339	0.982803	2
6	131000001	1.12503	0.982803	2
6	132000001	0.851568	0.982803	2
6	133000001	1.0914	0.982803	2
6	134000001	1.0038	0.982803	2
6	135000001	0.786595	0.982803	2
6	136000001	0.69389	0.982803	2
6	137000001	0.920975	0.982803	2
6	138000001	1.05948	0.982803	2
6	139000001	1.07395	0.982803	2
6	140000001	1.30265	0.982803	2
6	141000001	1.09756	0.982803	2
6	142000001	0.829994	0.982803	2
6	143000001	1.54436	1.54436	3
6	144000001	0.777413	0.976369	2
6	145000001	1.01641	0.976369	2
6	146000001	1.06141	0.976369	2
6	147000001	0.983212	0.976369	2
6	148000001	0.710146	0.976369	2
6	149000001	0.994341	0.976369	2
6	150000001	1.06376	0.976369	2
6	151000001	0.959277	0.976369	2
6	152000001	0.974337	0.976369	2
6	153000001	0.9758	0.976369	2
6	154000001	0.929977	0.976369	2
6	155000001	0.852239	0.976369	2
6	156000001	0.946053	0.976369	2
6	157000001	1.19174	0.976369	2
6	158000001	1.07546	0.976369	2
6	159000001	0.688101	0.976369	2
6	160000001	0.837851	0.976369	2
6	161000001	1.05484	0.976369	2
6	162000001	0.854784	0.976369	2
6	163000001	1.08251	0.976369	2
6	164000001	0.918043	0.976369	2
6	165000001	0.99721	0.976369	2
6	166000001	1.02467	0.976369	2
6	167000001	1.05562	0.976369	2
6	168000001	0.976369	0.976369	2
6	169000001	0.666073	0.693659	1
6	170000001	0.721244	0.693659	1
7	1	1.01558	0.9924	2
7	1000001	1.08384	0.9924	2
7	2000001	0.767122	0.9924	2
7	3000001	0.77357	0.9924	2
7	4000001	1.07964	0.9924	2
7	5000001	1.0549	0.9924	2
7	6000001	1.03728	0.9924	2
7	7000001	1.27723	0.9924	2
7	8000001	0.740658	0.9924	2
7	9000001	0.872034	0.9924	2
7	10000001	0.811397	0.9924	2
7	11000001	1.38873	0.9924	2
7	12000001	1.10202	0.9924	2
7	13000001	0.801924	0.9924	2
7	14000001	0.88363	0.9924	2
7	15000001	0.9924	0.9924	2
7	16000001	0.830425	0.9924	2
7	17000001	1.33097	1.33097	3
7	18000001	1.43871	1.33097	3
7	19000001	1.28054	1.33097	3
7	20000001	0.980242	1.02766	2
7	21000001	0.937736	1.02766	2
7	22000001	1.12401	1.02766	2
7	23000001	0.920345	1.02766	2
7	24000001	0.732683	1.02766	2
7	25000001	0.973689	1.02766	2
7	26000001	1.25603	1.02766	2
7	27000001	1.09221	1.02766	2
7	28000001	1.24398	1.02766	2
7	29000001	1.30069	1.02766	2
7	30000001	1.06362	1.02766	2
7	31000001	1.13359	1.02766	2
7	32000001	1.15369	1.02766	2
7	33000001	0.962557	1.02766	2
7	34000001	0.602069	1.02766	2
7	35000001	1.11785	1.02766	2
7	36000001	1.10174	1.02766	2
7	37000001	0.830273	1.02766	2
7	38000001	1.04493	1.02766	2
7	39000001	1.15915	1.02766	2
7	40000001	0.840821	1.02766	2
7	41000001	1.24576	1.02766	2
7	42000001	0.928638	1.02766	2
7	43000001	0.990822	1.02766	2
7	44000001	0.817472	1.02766	2
7	45000001	0.946896	1.02766	2
7	46000001	1.09464	1.02766	2
7	47000001	0.991689	1.02766	2
7	48000001	1.02766	1.02766	2
7	49000001	1.50178	1.31529	3
7	50000001	1.15455	1.31529	3
7	51000001	1.08027	1.31529	3
7	52000001	1.36438	1.31529	3
7	53000001	1.26534	1.31529	3
7	54000001	1.29663	1.31529	3
7	55000001	1.38911	1.31529	3
7	56000001	1.33396	1.31529	3
7	57000001	0.808049	0.839566	2
7	58000001	0.9438	0.839566	2
7	59000001	0.761946	0.839566	2
7	60000001	0.871083	0.839566	2
7	61000001	0.969655	0.998109	2
7	62000001	1.1053	0.998109	2
7	63000001	1.24589	0.998109	2
7	64000001	1.33992	0.998109	2
7	65000001	1.11494	0.998109	2
7	66000001	1.10505	0.998109	2
7	67000001	0.851162	0.998109	2
7	68000001	0.973023	0.998109	2
7	69000001	1.00689	0.998109	2
7	70000001	0.942029	0.998109	2
7	71000001	1.00617	0.998109	2
7	72000001	1.02613	0.998109	2
7	73000001	0.929214	0.998109	2
7	74000001	0.964604	0.998109	2
7	75000001	0.716236	0.998109	2
7	76000001	0.928113	0.998109	2
7	77000001	1.02507	0.998109	2
7	78000001	0.91178	0.998109	2
7	79000001	0.892194	0.998109	2
7	80000001	1.29393	0.998109	2
7	81000001	1.0785	0.998109	2
7	82000001	1.23856	0.998109	2
7	83000001	1.13341	0.998109	2
7	84000001	0.97575	0.998109	2
7	85000001	0.978538	0.998109	2
7	86000001	0.87573	0.998109	2
7	87000001	1.02132	0.998109	2
7	88000001	0.728703	0.998109	2
7	89000001	1.01904	0.998109	2
7	90000001	1.30067	0.998109	2
7	91000001	0.876409	0.998109	2
7	92000001	1.10083	0.998109	2
7	93000001	1.26175	0.998109	2
7	94000001	0.942744	0.998109	2
7	95000001	0.877462	0.998109	2
7	96000001	1.22966	0.998109	2
7	97000001	1.20027	0.998109	2
7	98000001	1.11349	0.998109	2
7	99000001	0.903493	0.998109	2
7	100000001	1.08116	0.998109	2
7	101000001	1.10293	0.998109	2
7	102000001	0.998109	0.998109	2
7	103000001	0.988285	0.998109	2
7	104000001	1.15331	0.998109	2
7	105000001	0.837585	0.998109	2
7	106000001	0.999271	0.998109	2
7	107000001	1.28528	0.998109	2
7	108000001	0.590012	0.998109	2
7	109000001	0.731536	0.998109	2
7	110000001	1.04015	0.998109	2
7	111000001	0.898536	0.998109	2
7	112000001	1.40895	0.998109	2
7	113000001	0.93519	0.998109	2
7	114000001	1.33197	0.998109	2
7	115000001	0.959301	0.998109	2
7	116000001	0.932775	0.998109	2
7	117000001	0.791064	0.998109	2
7	118000001	1.21535	0.998109	2
7	119000001	1.14831	0.998109	2
7	120000001	1.20446	0.998109	2
7	121000001	1.16059	0.998109	2
7	122000001	0.84199	0.998109	2
7	123000001	0.74837	0.998109	2
7	124000001	1.27059	0.998109	2
7	125000001	0.754263	0.998109	2
7	126000001	1.01399	0.998109	2
7	127000001	1.04774	0.998109	2
7	128000001	1.19992	0.998109	2
7	129000001	0.961719	0.998109	2
7	130000001	1.19862	0.998109	2
7	131000001	0.797709	0.998109	2
7	132000001	1.02119	0.998109	2
7	133000001	0.896004	0.998109	2
7	134000001	1.17707	0.998109	2
7	135000001	0.832995	0.998109	2
7	136000001	0.811218	0.998109	2
7	137000001	0.915054	0.998109	2
7	138000001	0.957394	0.998109	2
7	139000001	0.955804	0.998109	2
7	140000001	1.1218	0.998109	2
7	141000001	0.930788	0.998109	2
7	142000001	0.930451	0.998109	2
7	143000001	1.11158	0.998109	2
7	144000001	0.939887	0.998109	2
7	145000001	0.732467	0.998109	2
7	146000001	1.19081	0.998109	2
7	147000001	0.988862	0.998109	2
7	148000001	1.03748	0.998109	2
7	149000001	0.905726	0.998109	2
7	150000001	1.21071	0.998109	2
7	151000001	0.993979	0.998109	2
7	152000001	1.08169	0.998109	2
7	153000001	1.12076	0.998109	2
7	154000001	0.972953	0.998109	2
7	155000001	0.990299	0.998109	2
7	156000001	0.825994	0.998109	2
7	157000001	1.11985	0.998109	2
7	158000001	1.18263	0.998109	2
7	159000001	0.895106	0.998109	2
8	1	1.24489	1.01102	2
8	1000001	0.965228	1.01102	2
8	2000001	1.11575	1.01102	2
8	3000001	0.785477	1.01102	2
8	4000001	0.992317	1.01102	2
8	5000001	0.900662	1.01102	2
8	6000001	0.863354	1.01102	2
8	7000001	1.2121	1.01102	2
8	8000001	0.711689	1.01102	2
8	9000001	1.19004	1.01102	2
8	10000001	1.04915	1.01102	2
8	11000001	0.899347	1.01102	2
8	12000001	1.07083	1.01102	2
8	13000001	0.938372	1.01102	2
8	14000001	0.801893	1.01102	2
8	15000001	1.15306	1.01102	2
8	16000001	1.01369	1.01102	2
8	17000001	1.23269	1.01102	2
8	18000001	1.20128	1.01102	2
8	19000001	1.02678	1.01102	2
8	20000001	1.04732	1.01102	2
8	21000001	1.21636	1.01102	2
8	22000001	0.871709	1.01102	2
8	23000001	0.946576	1.01102	2
8	24000001	0.832077	1.01102	2
8	25000001	0.945995	1.01102	2
8	26000001	1.00903	1.01102	2
8	27000001	0.998347	1.01102	2
8	28000001	1.33787	1.01102	2
8	29000001	0.918071	1.01102	2
8	30000001	1.17294	1.01102	2
8	31000001	0.903983	1.01102	2
8	32000001	0.915217	1.01102	2
8	33000001	0.857276	1.01102	2
8	34000001	1.22339	1.01102	2
8	35000001	0.760137	1.01102	2
8	36000001	1.25174	1.01102	2
8	37000001	0.916491	1.01102	2
8	38000001	0.850734	1.01102	2
8	39000001	0.732418	1.01102	2
8	40000001	1.02945	1.01102	2
8	41000001	1.20001	1.01102	2
8	42000001	0.78069	1.01102	2
8	43000001	1.08617	1.01102	2
8	44000001	0.949466	1.01102	2
8	45000001	0.849439	1.01102	2
8	46000001	0.967556	1.01102	2
8	47000001	1.00049	1.01102	2
8	48000001	0.918437	1.01102	2
8	49000001	1.17338	1.01102	2
8	50000001	0.861342	1.01102	2
8	51000001	0.94334	1.01102	2
8	52000001	0.928508	1.01102	2
8	53000001	1.00041	1.01102	2
8	54000001	0.737492	1.01102	2
8	55000001	1.08068	1.01102	2
8	56000001	0.746977	1.01102	2
8	57000001	1.25885	1.01102	2
8	58000001	1.06889	1.01102	2
8	59000001	1.1125	1.01102	2
8	60000001	1.01818	1.01102	2
8	61000001	0.783242	1.01102	2
8	62000001	1.05405	1.01102	2
8	63000001	1.06207	1.01102	2
8	64000001	1.10882	1.01102	2
8	65000001	1.04298	1.01102	2
8	66000001	1.01255	1.01102	2
8	67000001	1.18581	1.01102	2
8	68000001	1.08829	1.01102	2
8	69000001	1.01587	1.01102	2
8	70000001	1.00363	1.01102	2
8	71000001	1.1537	1.01102	2
8	72000001	1.01102	1.01102	2
8	73000001	1.07244	1.01102	2
8	74000001	0.875189	1.01102	2
8	75000001	0.966155	1.01102	2
8	76000001	1.00973	1.01102	2
8	77000001	0.659337	1.01102	2
8	78000001	0.984805	1.01102	2
8	79000001	0.823038	1.01102	2
8	80000001	0.97439	1.01102	2
8	81000001	0.837922	1.01102	2
8	82000001	1.24963	1.01102	2
8	83000001	1.04646	1.01102	2
8	84000001	0.997649	1.01102	2
8	85000001	1.00094	1.01102	2
8	86000001	1.2639	1.01102	2
8	87000001	1.3458	1.01102	2
8	88000001	1.20952	1.01102	2
8	89000001	1.02055	1.01102	2
8	90000001	0.966829	1.01102	2
8	91000001	1.12021	1.01102	2
8	92000001	1.27817	1.01102	2
8	93000001	1.06377	1.01102	2
8	94000001	1.23269	1.01102	2
8	95000001	1.27996	1.01102	2
8	96000001	0.957211	1.01102	2
8	97000001	1.29089	1.01102	2
8	98000001	1.11139	1.01102	2
8	99000001	1.19021	1.01102	2
8	100000001	1.22193	1.01102	2
8	101000001	0.751917	1.01102	2
8	102000001	1.03398	1.01102	2
8	103000001	1.01681	1.01102	2
8	104000001	1.25962	1.01102	2
8	105000001	1.10916	1.01102	2
8	106000001	0.956604	1.01102	2
8	107000001	1.20416	1.01102	2
8	108000001	0.828717	1.01102	2
8	109000001	1.19845	1.01102	2
8	110000001	1.14503	1.01102	2
8	111000001	1.15189	1.01102	2
8	112000001	1.18949	1.01102	2
8	113000001	0.992531	1.01102	2
8	114000001	0.952772	1.01102	2
8	115000001	0.865946	1.01102	2
8	116000001	0.759073	1.01102	2
8	117000001	1.10768	1.01102	2
8	118000001	0.97525	1.01102	2
8	119000001	0.872448	1.01102	2
8	120000001	1.11138	1.01102	2
8	121000001	0.820739	1.01102	2
8	122000001	0.978924	1.01102	2
8	123000001	1.19995	1.01102	2
8	124000001	0.6241	1.01102	2
8	125000001	0.812088	1.01102	2
8	126000001	0.739499	1.01102	2
8	127000001	0.69494	1.01102	2
8	128000001	1.07864	1.01102	2
8	129000001	1.12413	1.01102	2
8	130000001	0.85331	1.01102	2
8	131000001	1.49353	1.12097	2
8	132000001	1.28325	1.12097	2
8	133000001	0.9441	1.12097	2
8	134000001	1.12097	1.12097	2
8	135000001	1.09122	1.12097	2
8	136000001	1.0775	1.12097	2
8	137000001	1.16035	1.12097	2
8	138000001	3.18475	3.18475	6
8	139000001	0.702488	1.03866	2
8	140000001	0.975756	1.03866	2
8	141000001	1.05101	1.03866	2
8	142000001	1.11948	1.03866	2
8	143000001	1.07436	1.03866	2
8	144000001	1.03866	1.03866	2
8	145000001	1.01513	1.03866	2
9	1	0.934387	0.945343	2
9	1000001	0.9563	0.945343	2
9	2000001	0.898476	0.945343	2
9	3000001	1.12903	0.945343	2
9	4000001	0.922061	0.945343	2
9	5000001	1.33782	0.945343	2
9	6000001	0.828853	0.945343	2
9	7000001	1.01417	0.945343	2
9	8000001	1.00614	0.945343	2
9	9000001	0.727591	0.945343	2
9	10000001	1.11171	0.945343	2
9	11000001	0.740826	0.945343	2
9	12000001	1.09175	1.09175	2
9	13000001	1.0733	1.09175	2
9	14000001	1.12133	1.09175	2
9	15000001	1.11394	1.09175	2
9	16000001	1.14353	1.09175	2
9	17000001	0.936429	1.09175	2
9	18000001	1.17474	1.09175	2
9	19000001	1.02635	1.09175	2
9	20000001	0.970419	1.09175	2
9	21000001	1.25333	1.32089	3
9	22000001	1.38844	1.32089	3
9	23000001	0.83384	0.886125	2
9	24000001	0.936129	0.886125	2
9	25000001	0.886125	0.886125	2
9	26000001	1.57882	1.57882	3
9	27000001	0.774316	0.822719	2
9	28000001	0.702553	0.822719	2
9	29000001	1.10997	0.822719	2
9	30000001	0.822719	0.822719	2
9	31000001	0.790398	0.822719	2
9	32000001	0.989065	0.822719	2
9	33000001	0.788079	0.822719	2
9	34000001	0.93475	0.822719	2
9	35000001	0.905734	0.822719	2
9	36000001	1.05202	1.00161	2
9	37000001	1.07876	1.00161	2
9	38000001	0.976428	1.00161	2
9	39000001	0.830689	1.00161	2
9	40000001	1.08668	1.00161	2
9	41000001	0.915508	1.00161	2
9	42000001	1.16552	1.00161	2
9	43000001	0.966917	1.00161	2
9	44000001	0.960807	1.00161	2
9	45000001	1.00161	1.00161	2
9	46000001	-1	1.00161	2
9	47000001	-1	1.00161	2
9	48000001	-1	1.00161	2
9	49000001	-1	1.00161	2
9	50000001	-1	1.00161	2
9	51000001	-1	1.00161	2
9	52000001	-1	1.00161	2
9	53000001	-1	1.00161	2
9	54000001	-1	1.00161	2
9	55000001	-1	1.00161	2
9	56000001	-1	1.00161	2
9	57000001	-1	1.00161	2
9	58000001	-1	1.00161	2
9	59000001	-1	1.00161	2
9	60000001	1.07833	1.00161	2
9	61000001	1.27204	1.00161	2
9	62000001	0.902121	1.00161	2
9	63000001	1.38319	1.23253	2
9	64000001	1.2205	1.23253	2
9	65000001	1.23253	1.23253	2
9	66000001	1.00941	0.986873	2
9	67000001	0.875129	0.986873	2
9	68000001	1.1068	0.986873	2
9	69000001	0.953758	0.986873	2
9	70000001	1.0962	0.986873	2
9	71000001	0.989629	0.986873	2
9	72000001	1.28466	0.986873	2
9	73000001	0.927152	0.986873	2
9	74000001	0.86231	0.986873	2
9	75000001	1.05201	0.986873	2
9	76000001	0.928235	0.986873	2
9	77000001	0.980054	0.986873	2
9	78000001	0.904093	0.986873	2
9	79000001	1.06808	0.986873	2
9	80000001	0.79577	0.986873	2
9	81000001	1.33766	0.986873	2
9	82000001	0.814317	0.986873	2
9	83000001	0.878013	0.986873	2
9	84000001	1.20888	0.986873	2
9	85000001	1.0227	0.986873	2
9	86000001	0.713766	0.986873	2
9	87000001	1.16473	0.986873	2
9	88000001	0.861416	0.986873	2
9	89000001	1.15684	0.986873	2
9	90000001	0.918408	0.986873	2
9	91000001	0.876506	0.986873	2
9	92000001	1.03579	0.986873	2
9	93000001	0.86022	0.986873	2
9	94000001	0.97728	0.986873	2
9	95000001	1.10365	0.986873	2
9	96000001	1.02323	0.986873	2
9	97000001	0.681141	0.986873	2
9	98000001	1.10797	0.986873	2
9	99000001	0.802682	0.986873	2
9	100000001	1.14006	0.986873	2
9	101000001	1.23558	0.986873	2
9	102000001	1.23977	0.986873	2
9	103000001	0.948008	0.986873	2
9	104000001	0.749109	0.986873	2
9	105000001	1.13137	0.986873	2
9	106000001	0.915728	0.986873	2
9	107000001	0.845295	0.986873	2
9	108000001	1.05232	0.986873	2
9	109000001	0.731994	0.986873	2
9	110000001	1.07764	0.986873	2
9	111000001	0.945091	0.986873	2
9	112000001	0.840584	0.986873	2
9	113000001	1.11814	0.986873	2
9	114000001	0.914105	0.986873	2
9	115000001	0.914325	0.986873	2
9	116000001	0.855172	0.986873	2
9	117000001	1.04374	0.986873	2
9	118000001	1.01148	0.986873	2
9	119000001	0.991972	0.986873	2
9	120000001	0.897434	0.986873	2
9	121000001	0.997357	0.986873	2
9	122000001	0.976463	0.986873	2
9	123000001	0.903415	0.986873	2
9	124000001	1.14058	0.986873	2
9	125000001	1.09621	0.986873	2
9	126000001	1.05828	0.986873	2
9	127000001	0.976123	0.986873	2
9	128000001	0.98046	0.986873	2
9	129000001	1.24361	0.986873	2
9	130000001	0.934371	0.986873	2
9	131000001	1.16033	0.986873	2
9	132000001	0.678964	0.986873	2
9	133000001	0.987074	0.986873	2
9	134000001	1.03696	0.986873	2
9	135000001	0.995749	0.986873	2
9	136000001	1.00834	0.986873	2
9	137000001	0.986873	0.986873	2
9	138000001	0.981995	0.986873	2
X	1	0.599341	0.584637	1
X	1000001	0.569933	0.584637	1
X	2000001	0.380211	0.584637	1
X	3000001	0.838301	0.584637	1
X	4000001	0.354067	0.400311	1
X	5000001	0.400311	0.400311	1
X	6000001	0.392082	0.400311	1
X	7000001	0.408632	0.400311	1
X	8000001	0.27345	0.400311	1
X	9000001	0.50141	0.400311	1
X	10000001	0.555476	0.400311	1
X	11000001	0.972125	0.972125	2
X	12000001	0.376211	0.500921	1
X	13000001	0.571765	0.500921	1
X	14000001	0.503908	0.500921	1
X	15000001	0.164893	0.500921	1
X	16000001	0.439303	0.500921	1
X	17000001	0.613083	0.500921	1
X	18000001	0.524135	0.500921	1
X	19000001	0.650612	0.500921	1
X	20000001	0.60033	0.500921	1
X	21000001	0.543002	0.500921	1
X	22000001	0.569352	0.500921	1
X	23000001	0.443351	0.500921	1
X	24000001	0.641524	0.500921	1
X	25000001	0.512893	0.500921	1
X	26000001	0.537819	0.500921	1
X	27000001	0.515838	0.500921	1
X	28000001	0.563108	0.500921	1
X	29000001	0.216797	0.500921	1
X	30000001	0.565943	0.500921	1
X	31000001	0.546376	0.500921	1
X	32000001	0.671673	0.500921	1
X	33000001	0.441139	0.500921	1
X	34000001	0.656142	0.500921	1
X	35000001	0.60832	0.500921	1
X	36000001	0.684583	0.500921	1
X	37000001	0.527761	0.500921	1
X	38000001	0.407053	0.500921	1
X	39000001	0.612476	0.500921	1
X	40000001	0.523982	0.500921	1
X	41000001	0.407084	0.500921	1
X	42000001	0.490443	0.500921	1
X	43000001	0.475276	0.500921	1
X	44000001	0.460857	0.500921	1
X	45000001	0.694142	0.500921	1
X	46000001	0.356268	0.500921	1
X	47000001	0.449459	0.500921	1
X	48000001	0.500921	0.500921	1
X	49000001	0.529961	0.500921	1
X	50000001	0.522708	0.500921	1
X	51000001	0.509701	0.500921	1
X	52000001	0.575886	0.500921	1
X	53000001	0.480523	0.500921	1
X	54000001	0.486638	0.500921	1
X	55000001	0.472161	0.500921	1
X	56000001	0.500725	0.500921	1
X	57000001	0.623726	0.500921	1
X	58000001	0.404786	0.500921	1
X	59000001	0.320473	0.500921	1
X	60000001	0.297298	0.500921	1
X	61000001	0.398185	0.500921	1
X	62000001	0.454781	0.500921	1
X	63000001	0.572962	0.500921	1
X	64000001	0.426759	0.500921	1
X	65000001	0.616614	0.500921	1
X	66000001	0.533241	0.500921	1
X	67000001	0.529214	0.500921	1
X	68000001	0.522414	0.500921	1
X	69000001	0.413288	0.500921	1
X	70000001	0.858052	0.500921	1
X	71000001	0.404941	0.500921	1
X	72000001	0.439311	0.500921	1
X	73000001	0.521517	0.500921	1
X	74000001	0.464265	0.500921	1
X	75000001	0.344474	0.500921	1
X	76000001	0.429118	0.500921	1
X	77000001	0.678482	0.500921	1
X	78000001	0.771972	0.500921	1
X	79000001	0.567922	0.500921	1
X	80000001	0.450223	0.500921	1
X	81000001	0.555824	0.500921	1
X	82000001	0.385659	0.500921	1
X	83000001	0.421731	0.500921	1
X	84000001	0.620739	0.500921	1
X	85000001	0.528815	0.500921	1
X	86000001	0.706658	0.500921	1
X	87000001	0.464443	0.500921	1
X	88000001	0.620161	0.500921	1
X	89000001	0.655845	0.500921	1
X	90000001	0.41769	0.500921	1
X	91000001	0.645853	0.500921	1
X	92000001	0.355274	0.500921	1
X	93000001	0.470927	0.500921	1
X	94000001	0.491747	0.500921	1
X	95000001	0.59481	0.500921	1
X	96000001	0.70489	0.500921	1
X	97000001	0.499624	0.500921	1
X	98000001	0.557568	0.500921	1
X	99000001	0.470007	0.500921	1
X	100000001	0.596066	0.500921	1
X	101000001	0.549044	0.500921	1
X	102000001	0.421712	0.500921	1
X	103000001	0.547807	0.500921	1
X	104000001	0.382969	0.500921	1
X	105000001	0.365682	0.500921	1
X	106000001	0.493914	0.500921	1
X	107000001	0.437724	0.500921	1
X	108000001	0.31081	0.500921	1
X	109000001	0.533415	0.500921	1
X	110000001	0.423295	0.500921	1
X	111000001	0.576055	0.500921	1
X	112000001	0.436589	0.500921	1
X	113000001	0.554642	0.500921	1
X	114000001	0.308372	0.500921	1
X	115000001	0.583052	0.500921	1
X	116000001	0.328389	0.500921	1
X	117000001	0.436557	0.500921	1
X	118000001	0.421361	0.500921	1
X	119000001	0.63825	0.500921	1
X	120000001	0.32487	0.500921	1
X	121000001	0.480049	0.500921	1
X	122000001	0.4008	0.500921	1
X	123000001	0.576966	0.500921	1
X	124000001	0.472395	0.500921	1
X	125000001	0.36756	0.500921	1
X	126000001	0.686496	0.500921	1
X	127000001	0.383886	0.500921	1
X	128000001	0.363576	0.500921	1
X	129000001	0.614754	0.500921	1
X	130000001	0.555697	0.500921	1
X	131000001	0.476278	0.500921	1
X	132000001	0.471079	0.500921	1
X	133000001	0.552581	0.500921	1
X	134000001	0.443246	0.500921	1
X	135000001	0.985443	0.985443	2
X	136000001	0.503194	0.448127	1
X	137000001	0.407216	0.448127	1
X	138000001	0.399264	0.448127	1
X	139000001	0.30067	0.448127	1
X	140000001	0.511716	0.448127	1
X	141000001	0.379005	0.448127	1
X	142000001	0.470007	0.448127	1
X	143000001	0.507007	0.448127	1
X	144000001	0.240932	0.448127	1
X	145000001	0.458488	0.448127	1
X	146000001	0.491222	0.448127	1
X	147000001	0.292578	0.448127	1
X	148000001	0.421731	0.448127	1
X	149000001	0.568835	0.448127	1
X	150000001	0.477447	0.448127	1
X	151000001	0.448127	0.448127	1
X	152000001	0.358345	0.448127	1
X	153000001	0.528825	0.605834	1
X	154000001	0.682844	0.605834	1
X	155000001	0.47475	0.605834	1
X	156000001	1.79591	0.605834	1
Y	1	-1	-1	1
Y	1000001	-1	-1	1
Y	2000001	0.460181	0.48986	1
Y	3000001	0.784909	0.48986	1
Y	4000001	0.542563	0.48986	1
Y	5000001	0.51954	0.48986	1
Y	6000001	0.445989	0.48986	1
Y	7000001	0.594923	0.48986	1
Y	8000001	0.430865	0.48986	1
Y	9000001	0.363445	0.48986	1
Y	10000001	1.16759	1.16759	2
Y	11000001	0.596435	0.596435	1
Y	12000001	0.40481	0.441845	1
Y	13000001	0.501887	0.441845	1
Y	14000001	0.418693	0.441845	1
Y	15000001	0.494179	0.441845	1
Y	16000001	0.39959	0.441845	1
Y	17000001	0.328798	0.441845	1
Y	18000001	0.295478	0.441845	1
Y	19000001	0.3993	0.441845	1
Y	20000001	0.5679	0.441845	1
Y	21000001	0.844417	0.441845	1
Y	22000001	0.483021	0.441845	1
Y	23000001	0.463831	0.441845	1
Y	24000001	0.250396	0.441845	1
Y	25000001	0.419859	0.441845	1
Y	26000001	0.512827	0.441845	1
Y	27000001	-1	0.441845	1
Y	28000001	-1	0.441845	1
Y	29000001	-1	0.441845	1
Y	30000001	-1	0.441845	1
Y	31000001	-1	0.441845	1
Y	32000001	-1	0.441845	1
Y	33000001	-1	0.441845	1
Y	34000001	-1	0.441845	1
Y	35000001	-1	0.441845	1
Y	36000001	-1	0.441845	1
Y	37000001	-1	0.441845	1
Y	38000001	-1	0.441845	1
Y	39000001	-1	0.441845	1
Y	40000001	-1	0.441845	1
Y	41000001	-1	0.441845	1
Y	42000001	-1	0.441845	1
Y	43000001	-1	0.441845	1
Y	44000001	-1	0.441845	1
Y	45000001	-1	0.441845	1
Y	46000001	-1	0.441845	1
Y	47000001	-1	0.441845	1
Y	48000001	-1	0.441845	1
Y	49000001	-1	0.441845	1
Y	50000001	-1	0.441845	1
Y	51000001	-1	0.441845	1
Y	52000001	-1	0.441845	1
Y	53000001	-1	0.441845	1
Y	54000001	-1	0.441845	1
Y	55000001	-1	0.441845	1
Y	56000001	0.816022	0.441845	1
Y	57000001	-1	-1	1
