Chromosome	Start	Ratio	MedianRatio	CopyNumber
1	1	1.13715	1.10882	2
1	1000001	2.15119	1.10882	2
1	2000001	1.45881	1.10882	2
1	3000001	1.07058	1.10882	2
1	4000001	1.04875	1.10882	2
1	5000001	1.03115	1.10882	2
1	6000001	1.10882	1.10882	2
1	7000001	3.33569	3.33569	7
1	8000001	0.742586	1.06039	2
1	9000001	1.14869	1.06039	2
1	10000001	1.05105	1.06039	2
1	11000001	1.2495	1.06039	2
1	12000001	0.852784	1.06039	2
1	13000001	0.70151	1.06039	2
1	14000001	1.09318	1.06039	2
1	15000001	0.827229	1.06039	2
1	16000001	0.935727	1.06039	2
1	17000001	1.01536	1.06039	2
1	18000001	2.05165	1.06039	2
1	19000001	0.908968	1.06039	2
1	20000001	1.33809	1.06039	2
1	21000001	0.853102	1.06039	2
1	22000001	1.17272	1.06039	2
1	23000001	1.09122	1.06039	2
1	24000001	0.988143	1.06039	2
1	25000001	1.24051	1.06039	2
1	26000001	1.08752	1.06039	2
1	27000001	1.07455	1.06039	2
1	28000001	1.02126	1.06039	2
1	29000001	0.885132	1.06039	2
1	30000001	1.16052	1.06039	2
1	31000001	1.0783	1.06039	2
1	32000001	0.844438	1.06039	2
1	33000001	1.24404	1.06039	2
1	34000001	0.892409	1.06039	2
1	35000001	1.09109	1.06039	2
1	36000001	1.01985	1.06039	2
1	37000001	0.984677	1.06039	2
1	38000001	0.907018	1.06039	2
1	39000001	0.881861	1.06039	2
1	40000001	0.709431	1.06039	2
1	41000001	1.03641	1.06039	2
1	42000001	1.22995	1.06039	2
1	43000001	0.984029	1.06039	2
1	44000001	1.18563	1.06039	2
1	45000001	1.10284	1.06039	2
1	46000001	0.774051	1.06039	2
1	47000001	1.0222	1.06039	2
1	48000001	1.07065	1.06039	2
1	49000001	1.06522	1.06039	2
1	50000001	1.00311	1.06039	2
1	51000001	1.37055	1.06039	2
1	52000001	0.791062	1.06039	2
1	53000001	0.843486	1.06039	2
1	54000001	0.974234	1.06039	2
1	55000001	0.936023	1.06039	2
1	56000001	1.17298	1.06039	2
1	57000001	1.09616	1.06039	2
1	58000001	1.15602	1.06039	2
1	59000001	1.05874	1.06039	2
1	60000001	1.10489	1.06039	2
1	61000001	0.870097	1.06039	2
1	62000001	1.02694	1.06039	2
1	63000001	0.907462	1.06039	2
1	64000001	0.960775	1.06039	2
1	65000001	0.96558	1.06039	2
1	66000001	1.01717	1.06039	2
1	67000001	1.28455	1.06039	2
1	68000001	1.08476	1.06039	2
1	69000001	1.15551	1.06039	2
1	70000001	0.990764	1.06039	2
1	71000001	1.33496	1.06039	2
1	72000001	1.03487	1.06039	2
1	73000001	0.922725	1.06039	2
1	74000001	1.73204	1.06039	2
1	75000001	1.10353	1.06039	2
1	76000001	1.22859	1.06039	2
1	77000001	0.841749	1.06039	2
1	78000001	1.16376	1.06039	2
1	79000001	0.943707	1.06039	2
1	80000001	1.15412	1.06039	2
1	81000001	1.32327	1.06039	2
1	82000001	1.16255	1.06039	2
1	83000001	0.954767	1.06039	2
1	84000001	0.944806	1.06039	2
1	85000001	0.900397	1.06039	2
1	86000001	0.952357	1.06039	2
1	87000001	1.03801	1.06039	2
1	88000001	1.11169	1.06039	2
1	89000001	0.903248	1.06039	2
1	90000001	0.933382	1.06039	2
1	91000001	1.36481	1.06039	2
1	92000001	0.890436	1.06039	2
1	93000001	1.2806	1.06039	2
1	94000001	1.08893	1.06039	2
1	95000001	0.932042	1.06039	2
1	96000001	1.33009	1.06039	2
1	97000001	1.17465	1.06039	2
1	98000001	1.24941	1.06039	2
1	99000001	1.09377	1.06039	2
1	100000001	1.10007	1.06039	2
1	101000001	1.237	1.06039	2
1	102000001	1.02051	1.06039	2
1	103000001	1.89271	1.06039	2
1	104000001	1.34622	1.06039	2
1	105000001	1.62878	1.06039	2
1	106000001	1.102	1.06039	2
1	107000001	1.13784	1.06039	2
1	108000001	0.773086	1.06039	2
1	109000001	0.907426	1.06039	2
1	110000001	0.689466	1.06039	2
1	111000001	1.02479	1.06039	2
1	112000001	1.07938	1.06039	2
1	113000001	1.13528	1.06039	2
1	114000001	0.929602	1.06039	2
1	115000001	0.716058	1.06039	2
1	116000001	1.13918	1.06039	2
1	117000001	1.31149	1.06039	2
1	118000001	1.3306	1.06039	2
1	119000001	1.09992	1.06039	2
1	120000001	0.912142	1.06039	2
1	121000001	1.25472	1.06039	2
1	122000001	1.179	1.06039	2
1	123000001	0.99228	1.06039	2
1	124000001	1.06039	1.06039	2
1	125000001	2.67956	-1	2
1	126000001	-1	-1	2
1	127000001	-1	-1	2
1	128000001	-1	-1	2
1	129000001	-1	-1	2
1	130000001	-1	-1	2
1	131000001	-1	-1	2
1	132000001	-1	-1	2
1	133000001	-1	-1	2
1	134000001	-1	-1	2
1	135000001	-1	-1	2
1	136000001	-1	-1	2
1	137000001	-1	-1	2
1	138000001	-1	-1	2
1	139000001	-1	-1	2
1	140000001	-1	-1	2
1	141000001	-1	-1	2
1	142000001	-1	-1	2
1	143000001	2.79171	-1	2
1	144000001	1.53693	1.03307	2
1	145000001	0.888875	1.03307	2
1	146000001	1.16782	1.03307	2
1	147000001	1.02367	1.03307	2
1	148000001	1.04343	1.03307	2
1	149000001	0.995868	1.03307	2
1	150000001	0.93042	1.03307	2
1	151000001	0.758443	1.03307	2
1	152000001	0.927615	1.03307	2
1	153000001	1.49724	1.03307	2
1	154000001	1.07167	1.03307	2
1	155000001	0.636769	1.03307	2
1	156000001	1.05136	1.03307	2
1	157000001	1.12677	1.03307	2
1	158000001	1.0178	1.03307	2
1	159000001	0.972003	1.03307	2
1	160000001	1.04874	1.03307	2
1	161000001	0.857309	1.03307	2
1	162000001	1.00202	1.03307	2
1	163000001	1.05669	1.03307	2
1	164000001	1.01557	1.03307	2
1	165000001	1.21714	1.03307	2
1	166000001	1.14099	1.03307	2
1	167000001	1.10812	1.03307	2
1	168000001	1.34832	1.03307	2
1	169000001	1.10938	1.03307	2
1	170000001	0.943791	1.03307	2
1	171000001	1.16166	1.03307	2
1	172000001	1.12203	1.03307	2
1	173000001	1.03089	1.03307	2
1	174000001	1.09682	1.03307	2
1	175000001	1.34624	1.03307	2
1	176000001	1.03524	1.03307	2
1	177000001	0.921971	1.03307	2
1	178000001	1.07952	1.03307	2
1	179000001	1.10395	1.03307	2
1	180000001	0.925041	1.03307	2
1	181000001	0.917173	1.03307	2
1	182000001	1.42035	1.03307	2
1	183000001	0.86037	1.03307	2
1	184000001	1.25243	1.03307	2
1	185000001	1.02051	1.03307	2
1	186000001	1.4234	1.03307	2
1	187000001	0.769254	1.03307	2
1	188000001	1.19331	1.03307	2
1	189000001	1.3458	1.03307	2
1	190000001	1.12256	1.03307	2
1	191000001	1.40698	1.03307	2
1	192000001	1.20467	1.03307	2
1	193000001	1.0583	1.03307	2
1	194000001	1.25384	1.03307	2
1	195000001	1.15796	1.03307	2
1	196000001	1.02859	1.03307	2
1	197000001	0.902513	1.03307	2
1	198000001	0.94317	1.03307	2
1	199000001	0.861405	1.03307	2
1	200000001	0.676694	1.03307	2
1	201000001	1.05563	1.03307	2
1	202000001	1.67039	1.03307	2
1	203000001	1.00377	1.03307	2
1	204000001	1.13649	1.03307	2
1	205000001	0.995739	1.03307	2
1	206000001	0.859719	1.03307	2
1	207000001	1.33962	1.03307	2
1	208000001	1.00006	1.03307	2
1	209000001	0.940962	1.03307	2
1	210000001	1.26023	1.03307	2
1	211000001	0.84522	1.03307	2
1	212000001	0.912525	1.03307	2
1	213000001	0.802276	1.03307	2
1	214000001	0.98463	1.03307	2
1	215000001	0.891813	1.03307	2
1	216000001	1.40303	1.03307	2
1	217000001	0.865996	1.03307	2
1	218000001	1.08088	1.03307	2
1	219000001	0.917557	1.03307	2
1	220000001	0.798899	1.03307	2
1	221000001	1.08166	1.03307	2
1	222000001	0.858976	1.03307	2
1	223000001	0.907853	1.03307	2
1	224000001	0.946566	1.03307	2
1	225000001	0.93655	1.03307	2
1	226000001	0.929846	1.03307	2
1	227000001	0.920157	1.03307	2
1	228000001	1.09456	1.03307	2
1	229000001	1.11647	1.03307	2
1	230000001	1.04517	1.03307	2
1	231000001	1.08136	1.03307	2
1	232000001	1.07027	1.03307	2
1	233000001	0.830332	1.03307	2
1	234000001	1.35144	1.03307	2
1	235000001	0.894887	1.03307	2
1	236000001	1.10314	1.03307	2
1	237000001	0.956993	1.03307	2
1	238000001	1.65873	1.2822	3
1	239000001	1.18246	1.2822	3
1	240000001	0.998251	1.2822	3
1	241000001	1.49666	1.2822	3
1	242000001	0.967426	1.2822	3
1	243000001	1.33416	1.2822	3
1	244000001	1.2822	1.2822	3
1	245000001	1.05144	1.2822	3
1	246000001	1.71338	1.2822	3
1	247000001	1.11316	1.2822	3
1	248000001	1.51391	1.2822	3
10	1	0.85056	1.0589	2
10	1000001	1.08313	1.0589	2
10	2000001	1.26175	1.0589	2
10	3000001	0.972008	1.0589	2
10	4000001	0.844402	1.0589	2
10	5000001	1.05723	1.0589	2
10	6000001	1.31666	1.0589	2
10	7000001	1.24281	1.0589	2
10	8000001	1.24863	1.0589	2
10	9000001	0.984996	1.0589	2
10	10000001	0.883153	1.0589	2
10	11000001	0.994412	1.0589	2
10	12000001	0.933421	1.0589	2
10	13000001	1.11051	1.0589	2
10	14000001	1.19101	1.0589	2
10	15000001	1.01764	1.0589	2
10	16000001	1.07819	1.0589	2
10	17000001	0.8575	1.0589	2
10	18000001	1.04362	1.0589	2
10	19000001	1.56053	1.0589	2
10	20000001	1.3232	1.0589	2
10	21000001	1.06601	1.0589	2
10	22000001	0.834143	1.0589	2
10	23000001	1.20405	1.0589	2
10	24000001	0.974191	1.0589	2
10	25000001	1.30454	1.0589	2
10	26000001	0.753851	1.0589	2
10	27000001	1.23105	1.0589	2
10	28000001	1.35707	1.0589	2
10	29000001	0.9803	1.0589	2
10	30000001	0.829953	1.0589	2
10	31000001	1.28414	1.0589	2
10	32000001	1.10135	1.0589	2
10	33000001	0.891807	1.0589	2
10	34000001	1.10703	1.0589	2
10	35000001	0.937501	1.0589	2
10	36000001	0.941364	1.0589	2
10	37000001	0.893754	1.0589	2
10	38000001	0.90222	1.0589	2
10	39000001	1.19433	1.0589	2
10	40000001	1.19256	1.0589	2
10	41000001	0.878086	1.0589	2
10	42000001	1.41595	1.0589	2
10	43000001	1.0991	1.0589	2
10	44000001	0.902026	1.0589	2
10	45000001	1.06057	1.0589	2
10	46000001	1.15865	1.0589	2
10	47000001	0.962449	1.0589	2
10	48000001	1.18576	1.0589	2
10	49000001	1.02129	1.0589	2
10	50000001	1.26378	1.12803	2
10	51000001	1.71248	1.12803	2
10	52000001	1.14155	1.12803	2
10	53000001	1.12803	1.12803	2
10	54000001	0.999428	1.12803	2
10	55000001	1.10595	1.12803	2
10	56000001	1.08029	1.12803	2
10	57000001	2.43449	2.43449	5
10	58000001	0.932914	0.991802	2
10	59000001	1.10463	0.991802	2
10	60000001	0.845839	0.991802	2
10	61000001	0.794262	0.991802	2
10	62000001	0.930484	0.991802	2
10	63000001	0.710287	0.991802	2
10	64000001	1.09786	0.991802	2
10	65000001	0.818103	0.991802	2
10	66000001	1.32106	0.991802	2
10	67000001	1.01794	0.991802	2
10	68000001	1.26918	0.991802	2
10	69000001	1.09338	0.991802	2
10	70000001	1.01554	0.991802	2
10	71000001	0.78656	0.991802	2
10	72000001	0.773524	0.991802	2
10	73000001	1.01141	0.991802	2
10	74000001	1.08871	0.991802	2
10	75000001	0.981211	0.991802	2
10	76000001	1.30835	0.991802	2
10	77000001	0.824186	0.991802	2
10	78000001	1.11408	0.991802	2
10	79000001	0.743373	0.991802	2
10	80000001	0.740685	0.991802	2
10	81000001	1.16568	0.991802	2
10	82000001	0.943334	0.991802	2
10	83000001	0.777908	0.991802	2
10	84000001	0.955194	0.991802	2
10	85000001	1.14763	0.991802	2
10	86000001	1.51148	0.991802	2
10	87000001	1.11594	0.991802	2
10	88000001	0.760512	0.991802	2
10	89000001	0.900431	0.991802	2
10	90000001	0.858118	0.991802	2
10	91000001	0.960989	0.991802	2
10	92000001	1.0459	0.991802	2
10	93000001	0.789375	0.991802	2
10	94000001	1.06715	0.991802	2
10	95000001	1.06235	0.991802	2
10	96000001	0.674789	0.991802	2
10	97000001	0.927174	0.991802	2
10	98000001	1.09617	0.991802	2
10	99000001	0.952071	0.991802	2
10	100000001	1.09495	0.991802	2
10	101000001	1.17438	0.991802	2
10	102000001	1.14594	0.991802	2
10	103000001	0.770506	0.991802	2
10	104000001	0.835447	0.991802	2
10	105000001	1.5436	0.991802	2
10	106000001	1.15763	0.991802	2
10	107000001	0.829015	0.991802	2
10	108000001	1.03768	0.991802	2
10	109000001	0.937776	0.991802	2
10	110000001	0.919279	0.991802	2
10	111000001	1.60817	0.991802	2
10	112000001	0.82468	0.991802	2
10	113000001	0.95526	0.991802	2
10	114000001	1.2532	0.991802	2
10	115000001	0.8725	0.991802	2
10	116000001	1.0052	0.991802	2
10	117000001	1.0128	0.991802	2
10	118000001	1.16554	0.991802	2
10	119000001	1.00687	0.991802	2
10	120000001	1.00239	0.991802	2
10	121000001	0.810437	0.991802	2
10	122000001	1.9477	1.23766	2
10	123000001	1.33424	1.23766	2
10	124000001	1.14108	1.23766	2
10	125000001	0.948258	1.23766	2
10	126000001	7.18574	7.18574	14
10	127000001	1.16367	1.19222	2
10	128000001	1.02772	1.19222	2
10	129000001	1.23704	1.19222	2
10	130000001	1.71067	1.19222	2
10	131000001	0.956447	1.19222	2
10	132000001	1.19222	1.19222	2
10	133000001	1.4047	1.19222	2
11	1	1.31935	0.990316	2
11	1000001	1.28626	0.990316	2
11	2000001	1.32353	0.990316	2
11	3000001	1.21162	0.990316	2
11	4000001	0.850314	0.990316	2
11	5000001	0.906248	0.990316	2
11	6000001	0.979644	0.990316	2
11	7000001	0.990316	0.990316	2
11	8000001	0.880574	0.990316	2
11	9000001	1.29053	0.990316	2
11	10000001	0.950451	0.990316	2
11	11000001	2.22327	2.22327	4
11	12000001	1.07869	1.09993	2
11	13000001	1.16902	1.09993	2
11	14000001	1.12117	1.09993	2
11	15000001	1.22548	1.09993	2
11	16000001	0.963868	1.09993	2
11	17000001	1.05584	1.09993	2
11	18000001	0.979858	1.09993	2
11	19000001	0.781325	1.09993	2
11	20000001	1.1672	1.09993	2
11	21000001	1.30578	1.09993	2
11	22000001	2.37823	2.37823	5
11	23000001	1.25017	1.15603	2
11	24000001	1.00033	1.15603	2
11	25000001	1.35417	1.15603	2
11	26000001	1.35259	1.15603	2
11	27000001	1.16129	1.15603	2
11	28000001	0.96575	1.15603	2
11	29000001	0.998123	1.15603	2
11	30000001	1.0009	1.15603	2
11	31000001	1.17834	1.15603	2
11	32000001	1.11567	1.15603	2
11	33000001	0.634312	1.15603	2
11	34000001	1.07578	1.15603	2
11	35000001	1.07591	1.15603	2
11	36000001	1.15603	1.15603	2
11	37000001	1.87428	1.15603	2
11	38000001	1.02226	1.15603	2
11	39000001	1.4868	1.15603	2
11	40000001	1.1827	1.15603	2
11	41000001	1.42392	1.15603	2
11	42000001	1.06851	1.15603	2
11	43000001	1.57729	1.15603	2
11	44000001	0.93551	0.927801	2
11	45000001	0.732786	0.927801	2
11	46000001	0.927801	0.927801	2
11	47000001	0.805242	0.927801	2
11	48000001	0.98996	0.927801	2
11	49000001	0.916588	0.927801	2
11	50000001	2.02719	0.927801	2
11	51000001	0.884135	0.927801	2
11	52000001	0.847677	0.927801	2
11	53000001	0.824115	0.927801	2
11	54000001	1.14466	0.927801	2
11	55000001	0.828285	0.927801	2
11	56000001	1.28511	0.927801	2
11	57000001	0.929836	0.927801	2
11	58000001	1.10341	0.927801	2
11	59000001	0.9172	0.927801	2
11	60000001	0.864986	0.927801	2
11	61000001	0.844947	0.927801	2
11	62000001	0.901342	0.927801	2
11	63000001	1.12147	0.927801	2
11	64000001	1.86498	0.927801	2
11	65000001	0.926055	0.927801	2
11	66000001	1.00397	0.927801	2
11	67000001	1.1424	0.927801	2
11	68000001	0.96255	0.927801	2
11	69000001	5.19337	5.19337	10
11	70000001	0.82751	1.08243	2
11	71000001	1.88789	1.08243	2
11	72000001	1.54806	1.08243	2
11	73000001	0.833547	1.08243	2
11	74000001	1.21443	1.08243	2
11	75000001	0.949289	1.08243	2
11	76000001	0.873095	1.08243	2
11	77000001	1.0431	1.08243	2
11	78000001	1.15528	1.08243	2
11	79000001	2.03744	1.08243	2
11	80000001	1.49215	1.08243	2
11	81000001	0.962301	1.08243	2
11	82000001	0.865882	1.08243	2
11	83000001	0.980855	1.08243	2
11	84000001	1.28446	1.08243	2
11	85000001	0.949023	1.08243	2
11	86000001	0.949467	1.08243	2
11	87000001	1.43916	1.08243	2
11	88000001	1.4644	1.08243	2
11	89000001	1.27276	1.08243	2
11	90000001	0.799118	1.08243	2
11	91000001	1.38113	1.08243	2
11	92000001	1.11466	1.08243	2
11	93000001	1.30628	1.08243	2
11	94000001	1.0502	1.08243	2
11	95000001	0.80651	1.08243	2
11	96000001	3.31522	3.31522	7
11	97000001	1.1107	1.1107	2
11	98000001	1.27872	1.1107	2
11	99000001	0.789114	1.1107	2
11	100000001	1.07644	1.1107	2
11	101000001	0.943072	1.1107	2
11	102000001	1.1347	1.1107	2
11	103000001	1.16099	1.1107	2
11	104000001	3.11392	3.11392	6
11	105000001	0.96782	1.0072	2
11	106000001	1.10137	1.0072	2
11	107000001	0.933161	1.0072	2
11	108000001	1.09967	1.0072	2
11	109000001	0.880305	1.0072	2
11	110000001	0.912775	1.0072	2
11	111000001	1.1944	1.0072	2
11	112000001	1.0174	1.0072	2
11	113000001	1.11523	1.0072	2
11	114000001	1.10431	1.0072	2
11	115000001	1.06151	1.0072	2
11	116000001	0.903777	1.0072	2
11	117000001	0.978063	1.0072	2
11	118000001	0.94646	1.0072	2
11	119000001	0.917049	1.0072	2
11	120000001	1.05199	1.0072	2
11	121000001	1.03002	1.0072	2
11	122000001	0.925335	1.0072	2
11	123000001	1.07231	1.0072	2
11	124000001	0.817485	1.0072	2
11	125000001	0.98052	1.0072	2
11	126000001	0.931997	1.0072	2
11	127000001	1.14624	1.0072	2
11	128000001	1.0072	1.0072	2
11	129000001	0.987561	1.0072	2
11	130000001	1.09082	1.0072	2
11	131000001	1.0388	1.0072	2
11	132000001	1.10664	1.0072	2
11	133000001	0.922263	1.0072	2
11	134000001	1.02075	1.0072	2
11	135000001	0.789969	1.0072	2
12	1	0.829372	1.04904	2
12	1000001	0.942628	1.04904	2
12	2000001	0.751682	1.04904	2
12	3000001	0.920839	1.04904	2
12	4000001	1.45012	1.04904	2
12	5000001	1.38266	1.04904	2
12	6000001	0.839998	1.04904	2
12	7000001	1.73198	1.04904	2
12	8000001	1.03166	1.04904	2
12	9000001	1.04566	1.04904	2
12	10000001	0.853281	1.04904	2
12	11000001	0.909816	1.04904	2
12	12000001	1.55683	1.04904	2
12	13000001	1.13818	1.04904	2
12	14000001	0.797534	1.04904	2
12	15000001	1.28831	1.04904	2
12	16000001	1.34542	1.04904	2
12	17000001	1.07968	1.04904	2
12	18000001	1.08848	1.04904	2
12	19000001	1.40287	1.04904	2
12	20000001	1.02432	1.04904	2
12	21000001	1.24219	1.04904	2
12	22000001	1.14491	1.04904	2
12	23000001	1.05243	1.04904	2
12	24000001	0.985962	1.04904	2
12	25000001	1.02775	1.04904	2
12	26000001	1.00096	1.04904	2
12	27000001	0.975023	1.04904	2
12	28000001	1.08498	1.04904	2
12	29000001	0.99769	1.04904	2
12	30000001	1.02939	1.04904	2
12	31000001	0.972744	1.04904	2
12	32000001	1.13981	1.04904	2
12	33000001	0.866716	1.04904	2
12	34000001	0.675017	1.04904	2
12	35000001	0.779949	1.04904	2
12	36000001	0.751921	1.04904	2
12	37000001	0.80864	1.04904	2
12	38000001	1.28548	1.04904	2
12	39000001	1.20174	1.04904	2
12	40000001	1.18153	1.04904	2
12	41000001	1.28332	1.04904	2
12	42000001	1.14951	1.04904	2
12	43000001	1.12918	1.04904	2
12	44000001	1.54862	1.04904	2
12	45000001	1.14188	1.04904	2
12	46000001	1.16127	1.04904	2
12	47000001	0.875845	1.04904	2
12	48000001	3.40926	3.40926	7
12	49000001	1.11902	1.03237	2
12	50000001	0.798945	1.03237	2
12	51000001	0.81465	1.03237	2
12	52000001	1.07438	1.03237	2
12	53000001	1.03597	1.03237	2
12	54000001	0.890754	1.03237	2
12	55000001	1.29185	1.03237	2
12	56000001	0.894334	1.03237	2
12	57000001	1.02877	1.03237	2
12	58000001	1.06118	1.03237	2
12	59000001	0.933853	1.03237	2
12	60000001	1.58492	1.03237	2
12	61000001	1.0943	1.03237	2
12	62000001	1.0141	1.03237	2
12	63000001	1.21274	1.03237	2
12	64000001	0.866677	1.03237	2
12	65000001	0.944806	1.03237	2
12	66000001	1.3472	1.03237	2
12	67000001	1.36877	1.03237	2
12	68000001	0.876879	1.03237	2
12	69000001	0.952151	1.03237	2
12	70000001	0.980677	1.03237	2
12	71000001	0.953749	1.03237	2
12	72000001	0.846762	1.03237	2
12	73000001	1.0886	1.03237	2
12	74000001	1.27096	1.03237	2
12	75000001	1.18663	1.03237	2
12	76000001	1.32795	1.03237	2
12	77000001	0.789442	1.03237	2
12	78000001	1.05831	1.03237	2
12	79000001	1.12429	1.03237	2
12	80000001	0.779093	1.03237	2
12	81000001	0.94058	1.03237	2
12	82000001	1.64073	1.03237	2
12	83000001	1.35342	1.03237	2
12	84000001	0.98267	1.03237	2
12	85000001	1.61399	1.03237	2
12	86000001	1.75192	1.03237	2
12	87000001	0.976223	1.03237	2
12	88000001	1.26324	1.03237	2
12	89000001	0.834429	1.03237	2
12	90000001	1.51299	1.03237	2
12	91000001	1.02446	1.03237	2
12	92000001	1.24271	1.03237	2
12	93000001	0.852	1.03237	2
12	94000001	0.755135	1.03237	2
12	95000001	2.1653	2.1653	4
12	96000001	0.929172	0.996414	2
12	97000001	1.24847	0.996414	2
12	98000001	0.865771	0.996414	2
12	99000001	1.25123	0.996414	2
12	100000001	1.00768	0.996414	2
12	101000001	1.22152	0.996414	2
12	102000001	0.658872	0.996414	2
12	103000001	1.14113	0.996414	2
12	104000001	0.881688	0.996414	2
12	105000001	0.993604	0.996414	2
12	106000001	0.996414	0.996414	2
12	107000001	0.82857	0.996414	2
12	108000001	1.67106	0.996414	2
12	109000001	0.917033	0.996414	2
12	110000001	0.968289	0.996414	2
12	111000001	1.41447	0.996414	2
12	112000001	0.77686	0.996414	2
12	113000001	1.38212	0.996414	2
12	114000001	1.01441	0.996414	2
12	115000001	1.01083	0.996414	2
12	116000001	0.910005	0.996414	2
12	117000001	0.955254	0.996414	2
12	118000001	0.918889	0.996414	2
12	119000001	1.01249	0.996414	2
12	120000001	1.0723	0.996414	2
12	121000001	1.1871	1.22982	2
12	122000001	1.85351	1.22982	2
12	123000001	0.821228	1.22982	2
12	124000001	0.994035	1.22982	2
12	125000001	1.44377	1.22982	2
12	126000001	1.21793	1.22982	2
12	127000001	1.24171	1.22982	2
12	128000001	1.48235	1.22982	2
12	129000001	4.54036	4.54036	9
12	130000001	1.93351	2.0685	4
12	131000001	3.0809	2.0685	4
12	132000001	2.20349	2.0685	4
12	133000001	1.03829	2.0685	4
13	1	-1	-1	2
13	1000001	-1	-1	2
13	2000001	-1	-1	2
13	3000001	-1	-1	2
13	4000001	-1	-1	2
13	5000001	-1	-1	2
13	6000001	-1	-1	2
13	7000001	-1	-1	2
13	8000001	-1	-1	2
13	9000001	-1	-1	2
13	10000001	-1	-1	2
13	11000001	-1	-1	2
13	12000001	-1	-1	2
13	13000001	-1	-1	2
13	14000001	-1	-1	2
13	15000001	-1	-1	2
13	16000001	1.23636	1.06119	2
13	17000001	1.31119	1.06119	2
13	18000001	1.0773	1.06119	2
13	19000001	1.16749	1.06119	2
13	20000001	1.28633	1.06119	2
13	21000001	0.786204	1.06119	2
13	22000001	1.7116	1.06119	2
13	23000001	0.937483	1.06119	2
13	24000001	1.15643	1.06119	2
13	25000001	0.913289	1.06119	2
13	26000001	0.983004	1.06119	2
13	27000001	0.934168	1.06119	2
13	28000001	0.845252	1.06119	2
13	29000001	0.842857	1.06119	2
13	30000001	0.951213	1.06119	2
13	31000001	2.05551	1.06119	2
13	32000001	1.11847	1.06119	2
13	33000001	1.10056	1.06119	2
13	34000001	1.06119	1.06119	2
13	35000001	1.9308	1.06119	2
13	36000001	0.890821	1.06119	2
13	37000001	0.968863	1.06119	2
13	38000001	1.56012	1.06119	2
13	39000001	0.978813	1.06119	2
13	40000001	0.783067	1.06119	2
13	41000001	3.04928	3.04928	6
13	42000001	1.04434	1.10318	2
13	43000001	0.915714	1.10318	2
13	44000001	0.668707	1.10318	2
13	45000001	1.65194	1.10318	2
13	46000001	1.04803	1.10318	2
13	47000001	1.03505	1.10318	2
13	48000001	1.13828	1.10318	2
13	49000001	0.858723	1.10318	2
13	50000001	1.02442	1.10318	2
13	51000001	0.986602	1.10318	2
13	52000001	1.17764	1.10318	2
13	53000001	0.797767	1.10318	2
13	54000001	1.41958	1.10318	2
13	55000001	1.32673	1.10318	2
13	56000001	0.955755	1.10318	2
13	57000001	1.08665	1.10318	2
13	58000001	1.04634	1.10318	2
13	59000001	0.880403	1.10318	2
13	60000001	1.2448	1.10318	2
13	61000001	1.78075	1.10318	2
13	62000001	1.31227	1.10318	2
13	63000001	1.34877	1.10318	2
13	64000001	1.04578	1.10318	2
13	65000001	1.16742	1.10318	2
13	66000001	1.0874	1.10318	2
13	67000001	1.05808	1.10318	2
13	68000001	1.21676	1.10318	2
13	69000001	1.26804	1.10318	2
13	70000001	1.23398	1.10318	2
13	71000001	1.58998	1.10318	2
13	72000001	1.11119	1.10318	2
13	73000001	0.836034	1.10318	2
13	74000001	1.11892	1.10318	2
13	75000001	0.871944	1.10318	2
13	76000001	1.0438	1.10318	2
13	77000001	1.09138	1.10318	2
13	78000001	0.841187	1.10318	2
13	79000001	1.22536	1.10318	2
13	80000001	1.20134	1.10318	2
13	81000001	0.85886	1.10318	2
13	82000001	1.15491	1.10318	2
13	83000001	1.34651	1.10318	2
13	84000001	1.6897	1.10318	2
13	85000001	0.994179	1.10318	2
13	86000001	1.74667	1.10318	2
13	87000001	1.5614	1.10318	2
13	88000001	1.19545	1.10318	2
13	89000001	1.0682	1.10318	2
13	90000001	1.16429	1.10318	2
13	91000001	0.772711	1.10318	2
13	92000001	1.57164	1.10318	2
13	93000001	0.989946	1.10318	2
13	94000001	1.20631	1.10318	2
13	95000001	1.09517	1.10318	2
13	96000001	0.91278	1.10318	2
13	97000001	1.4974	1.10318	2
13	98000001	1.05567	0.984834	2
13	99000001	0.934634	0.984834	2
13	100000001	0.969109	0.984834	2
13	101000001	1.03319	0.984834	2
13	102000001	0.853716	0.984834	2
13	103000001	0.984834	0.984834	2
13	104000001	0.961235	0.984834	2
13	105000001	0.970329	0.984834	2
13	106000001	1.13109	0.984834	2
13	107000001	1.0115	0.984834	2
13	108000001	1.1654	0.984834	2
13	109000001	1.23224	0.984834	2
13	110000001	0.965042	0.984834	2
13	111000001	1.01847	0.984834	2
13	112000001	0.953002	0.984834	2
13	113000001	1.20005	0.984834	2
13	114000001	0.899505	0.984834	2
14	1	-1	-1	3
14	1000001	-1	-1	3
14	2000001	-1	-1	3
14	3000001	-1	-1	3
14	4000001	-1	-1	3
14	5000001	-1	-1	3
14	6000001	-1	-1	3
14	7000001	-1	-1	3
14	8000001	-1	-1	3
14	9000001	-1	-1	3
14	10000001	-1	-1	3
14	11000001	-1	-1	3
14	12000001	-1	-1	3
14	13000001	-1	-1	3
14	14000001	-1	-1	3
14	15000001	-1	-1	3
14	16000001	1.60988	1.41657	3
14	17000001	1.22326	1.41657	3
14	18000001	0.846605	1.01063	2
14	19000001	0.925583	1.01063	2
14	20000001	0.931581	1.01063	2
14	21000001	0.854522	1.01063	2
14	22000001	1.01847	1.01063	2
14	23000001	0.94792	1.01063	2
14	24000001	1.02928	1.01063	2
14	25000001	1.40272	1.01063	2
14	26000001	1.27241	1.01063	2
14	27000001	1.38413	1.01063	2
14	28000001	0.867145	1.01063	2
14	29000001	1.47474	1.01063	2
14	30000001	1.03315	1.01063	2
14	31000001	1.04554	1.01063	2
14	32000001	0.865552	1.01063	2
14	33000001	0.976198	1.01063	2
14	34000001	1.78695	1.01063	2
14	35000001	0.917755	1.01063	2
14	36000001	0.886412	1.01063	2
14	37000001	0.895646	1.01063	2
14	38000001	0.839323	1.01063	2
14	39000001	1.10465	1.01063	2
14	40000001	0.70712	1.01063	2
14	41000001	1.30534	1.01063	2
14	42000001	1.47887	1.01063	2
14	43000001	1.2264	1.01063	2
14	44000001	0.845316	1.01063	2
14	45000001	0.941624	1.01063	2
14	46000001	0.792719	1.01063	2
14	47000001	1.13083	1.01063	2
14	48000001	0.995507	1.01063	2
14	49000001	0.924664	1.01063	2
14	50000001	1.26366	1.01063	2
14	51000001	1.23141	1.01063	2
14	52000001	1.8533	1.01063	2
14	53000001	0.96668	1.01063	2
14	54000001	1.08882	1.01063	2
14	55000001	0.90195	1.01063	2
14	56000001	1.05916	1.01063	2
14	57000001	1.22348	1.01063	2
14	58000001	1.0028	1.01063	2
14	59000001	1.30591	1.01063	2
14	60000001	4.08709	4.08709	8
14	61000001	0.982781	1.02652	2
14	62000001	0.94935	1.02652	2
14	63000001	1.00546	1.02652	2
14	64000001	1.16038	1.02652	2
14	65000001	1.13944	1.02652	2
14	66000001	1.10762	1.02652	2
14	67000001	0.952199	1.02652	2
14	68000001	1.06657	1.02652	2
14	69000001	0.956573	1.02652	2
14	70000001	0.938853	1.02652	2
14	71000001	1.24749	1.02652	2
14	72000001	0.947669	1.02652	2
14	73000001	0.99488	1.02652	2
14	74000001	0.91024	1.02652	2
14	75000001	0.877467	1.02652	2
14	76000001	0.76895	1.02652	2
14	77000001	0.881584	1.02652	2
14	78000001	1.05646	1.02652	2
14	79000001	0.757343	1.02652	2
14	80000001	1.06769	1.02652	2
14	81000001	1.03035	1.02652	2
14	82000001	1.12052	1.02652	2
14	83000001	0.896335	1.02652	2
14	84000001	1.16134	1.02652	2
14	85000001	1.1182	1.02652	2
14	86000001	1.20009	1.02652	2
14	87000001	0.974539	1.02652	2
14	88000001	0.88014	1.02652	2
14	89000001	1.18748	1.02652	2
14	90000001	1.05887	1.02652	2
14	91000001	0.930011	1.02652	2
14	92000001	1.0227	1.02652	2
14	93000001	1.12774	1.02652	2
14	94000001	1.20897	1.02652	2
14	95000001	0.998245	1.02652	2
14	96000001	1.10456	1.02652	2
14	97000001	1.26709	1.02652	2
14	98000001	0.808775	1.02652	2
14	99000001	0.859667	1.02652	2
14	100000001	1.05775	1.02652	2
14	101000001	1.10725	1.02652	2
14	102000001	1.50558	1.02652	2
14	103000001	0.966319	1.02652	2
14	104000001	1.26521	1.02652	2
14	105000001	1.43751	1.02652	2
14	106000001	0.897886	1.02652	2
14	107000001	-1	-1	2
15	1	-1	-1	3
15	1000001	-1	-1	3
15	2000001	-1	-1	3
15	3000001	-1	-1	3
15	4000001	-1	-1	3
15	5000001	-1	-1	3
15	6000001	-1	-1	3
15	7000001	-1	-1	3
15	8000001	-1	-1	3
15	9000001	-1	-1	3
15	10000001	-1	-1	3
15	11000001	-1	-1	3
15	12000001	-1	-1	3
15	13000001	-1	-1	3
15	14000001	-1	-1	3
15	15000001	-1	-1	3
15	16000001	-1	-1	3
15	17000001	1.16897	1.28418	3
15	18000001	1.11222	1.28418	3
15	19000001	1.24398	1.28418	3
15	20000001	1.74302	1.28418	3
15	21000001	1.66022	1.28418	3
15	22000001	1.32438	1.28418	3
15	23000001	0.878799	1.08332	2
15	24000001	0.825227	1.08332	2
15	25000001	0.721279	1.08332	2
15	26000001	1.10569	1.08332	2
15	27000001	1.3574	1.08332	2
15	28000001	1.06384	1.08332	2
15	29000001	1.95109	1.08332	2
15	30000001	1.35032	1.08332	2
15	31000001	0.788458	1.08332	2
15	32000001	1.29468	1.08332	2
15	33000001	1.10906	1.08332	2
15	34000001	1.08148	1.08332	2
15	35000001	1.18701	1.08332	2
15	36000001	1.06243	1.08332	2
15	37000001	1.09479	1.08332	2
15	38000001	0.949124	1.08332	2
15	39000001	1.08516	1.08332	2
15	40000001	1.18123	1.08332	2
15	41000001	0.902996	1.08332	2
15	42000001	1.07294	1.08332	2
15	43000001	0.825849	1.08332	2
15	44000001	1.17326	1.08332	2
15	45000001	2.48672	2.48672	5
15	46000001	1.44735	1.07528	2
15	47000001	1.28718	1.07528	2
15	48000001	0.970114	1.07528	2
15	49000001	0.996664	1.07528	2
15	50000001	1.98337	1.07528	2
15	51000001	1.14695	1.07528	2
15	52000001	0.955265	1.07528	2
15	53000001	1.29322	1.07528	2
15	54000001	1.14061	1.07528	2
15	55000001	1.19846	1.07528	2
15	56000001	1.20973	1.07528	2
15	57000001	1.16003	1.07528	2
15	58000001	1.09112	1.07528	2
15	59000001	0.944446	1.07528	2
15	60000001	0.989928	1.07528	2
15	61000001	1.14831	1.07528	2
15	62000001	1.13477	1.07528	2
15	63000001	0.9086	1.07528	2
15	64000001	1.31184	1.07528	2
15	65000001	1.17488	1.07528	2
15	66000001	0.941751	1.07528	2
15	67000001	1.0355	1.07528	2
15	68000001	1.97195	1.07528	2
15	69000001	0.950865	1.07528	2
15	70000001	0.991804	1.07528	2
15	71000001	1.07528	1.07528	2
15	72000001	0.842405	1.07528	2
15	73000001	0.945602	1.07528	2
15	74000001	0.906547	1.07528	2
15	75000001	0.988447	1.07528	2
15	76000001	0.832432	1.07528	2
15	77000001	0.675884	1.07528	2
15	78000001	1.10442	1.07528	2
15	79000001	2.45873	2.45873	5
15	80000001	1.33428	1.07809	2
15	81000001	1.05338	1.07809	2
15	82000001	1.07841	1.07809	2
15	83000001	1.07809	1.07809	2
15	84000001	2.10451	1.07809	2
15	85000001	0.795649	1.07809	2
15	86000001	1.43848	1.07809	2
15	87000001	1.00754	1.07809	2
15	88000001	0.909127	1.07809	2
15	89000001	2.17714	2.17714	4
15	90000001	0.814333	1.08928	2
15	91000001	1.0976	1.08928	2
15	92000001	1.24896	1.08928	2
15	93000001	1.00867	1.08928	2
15	94000001	1.05585	1.08928	2
15	95000001	1.14784	1.08928	2
15	96000001	1.12515	1.08928	2
15	97000001	1.21763	1.08928	2
15	98000001	1.08096	1.08928	2
15	99000001	0.963853	1.08928	2
15	100000001	1.21651	1.08928	2
15	101000001	0.823119	1.08928	2
16	1	0.941125	1.03423	2
16	1000001	0.979054	1.03423	2
16	2000001	1.03175	1.03423	2
16	3000001	0.942426	1.03423	2
16	4000001	0.84282	1.03423	2
16	5000001	1.66557	1.03423	2
16	6000001	2.16298	1.03423	2
16	7000001	1.02972	1.03423	2
16	8000001	0.929773	1.03423	2
16	9000001	1.00908	1.03423	2
16	10000001	2.03576	1.03423	2
16	11000001	0.920414	1.03423	2
16	12000001	1.1626	1.03423	2
16	13000001	1.03672	1.03423	2
16	14000001	0.973434	1.03423	2
16	15000001	0.926245	1.03423	2
16	16000001	1.38425	1.03423	2
16	17000001	1.08531	1.03423	2
16	18000001	1.24219	1.03423	2
16	19000001	0.911722	1.03423	2
16	20000001	1.15777	1.03423	2
16	21000001	1.30953	1.03423	2
16	22000001	0.928518	1.03423	2
16	23000001	1.98717	1.03423	2
16	24000001	1.20942	1.03423	2
16	25000001	1.07667	1.03423	2
16	26000001	1.26785	1.03423	2
16	27000001	0.901947	1.03423	2
16	28000001	0.905625	1.03423	2
16	29000001	1.01078	1.03423	2
16	30000001	1.09437	1.03423	2
16	31000001	0.879265	1.03423	2
16	32000001	1.38936	1.03423	2
16	33000001	1.48542	1.03423	2
16	34000001	2.69402	2.69402	5
16	35000001	0.848042	0.848035	2
16	36000001	0.99455	0.848035	2
16	37000001	0.848029	0.848035	2
16	38000001	0.724432	0.848035	2
16	39000001	-1	-1	2
16	40000001	-1	-1	2
16	41000001	-1	-1	2
16	42000001	-1	-1	2
16	43000001	-1	-1	2
16	44000001	-1	-1	2
16	45000001	-1	-1	2
16	46000001	4.94293	4.94293	10
16	47000001	1.14994	0.999989	2
16	48000001	1.24592	0.999989	2
16	49000001	0.775652	0.999989	2
16	50000001	0.782301	0.999989	2
16	51000001	0.979734	0.999989	2
16	52000001	1.25164	0.999989	2
16	53000001	0.929199	0.999989	2
16	54000001	1.00568	0.999989	2
16	55000001	0.99388	0.999989	2
16	56000001	0.822733	0.999989	2
16	57000001	2.34253	0.999989	2
16	58000001	1.04079	0.999989	2
16	59000001	0.899766	0.999989	2
16	60000001	0.942617	0.999989	2
16	61000001	0.971147	0.999989	2
16	62000001	0.951793	0.999989	2
16	63000001	1.19799	0.999989	2
16	64000001	0.895121	0.999989	2
16	65000001	1.35881	0.999989	2
16	66000001	1.13808	0.999989	2
16	67000001	0.840388	0.999989	2
16	68000001	0.908244	0.999989	2
16	69000001	1.08287	0.999989	2
16	70000001	0.951882	0.999989	2
16	71000001	1.14579	0.999989	2
16	72000001	0.929077	0.999989	2
16	73000001	1.13458	0.999989	2
16	74000001	1.86794	0.999989	2
16	75000001	0.873717	0.999989	2
16	76000001	1.34363	0.999989	2
16	77000001	0.781169	0.999989	2
16	78000001	1.11726	0.999989	2
16	79000001	0.969129	0.999989	2
16	80000001	1.06068	0.999989	2
16	81000001	1.30485	0.999989	2
16	82000001	1.4985	0.999989	2
16	83000001	0.857821	0.999989	2
16	84000001	1.50122	0.999989	2
16	85000001	0.999989	0.999989	2
16	86000001	1.8965	1.53654	3
16	87000001	1.17659	1.53654	3
16	88000001	3.11024	3.11024	6
16	89000001	0.910116	0.693667	1
16	90000001	0.477218	0.693667	1
17	1	1.68663	1.0239	2
17	1000001	0.944335	1.0239	2
17	2000001	0.715915	1.0239	2
17	3000001	1.06384	1.0239	2
17	4000001	1.29535	1.0239	2
17	5000001	1.22565	1.0239	2
17	6000001	0.927855	1.0239	2
17	7000001	1.26862	1.0239	2
17	8000001	0.881769	1.0239	2
17	9000001	1.0196	1.0239	2
17	10000001	0.954731	1.0239	2
17	11000001	0.835276	1.0239	2
17	12000001	1.08605	1.0239	2
17	13000001	1.05734	1.0239	2
17	14000001	0.964068	1.0239	2
17	15000001	0.962572	1.0239	2
17	16000001	1.05417	1.0239	2
17	17000001	0.820913	1.0239	2
17	18000001	0.752263	1.0239	2
17	19000001	1.03241	1.0239	2
17	20000001	0.89046	1.0239	2
17	21000001	0.777238	1.0239	2
17	22000001	1.17839	1.0239	2
17	23000001	1.06731	1.0239	2
17	24000001	1.22665	1.0239	2
17	25000001	1.35831	1.0239	2
17	26000001	1.84176	1.0239	2
17	27000001	0.899201	1.0239	2
17	28000001	0.88415	1.0239	2
17	29000001	0.857279	1.0239	2
17	30000001	1.2035	1.0239	2
17	31000001	1.19221	1.0239	2
17	32000001	0.731702	1.0239	2
17	33000001	0.694768	1.0239	2
17	34000001	1.04044	1.0239	2
17	35000001	1.09313	1.0239	2
17	36000001	0.974557	1.0239	2
17	37000001	1.07917	1.0239	2
17	38000001	0.912601	1.0239	2
17	39000001	0.829372	1.0239	2
17	40000001	1.17377	1.0239	2
17	41000001	1.80637	1.0239	2
17	42000001	0.957552	1.0239	2
17	43000001	1.02821	1.0239	2
17	44000001	1.23269	1.0239	2
17	45000001	1.08256	1.0239	2
17	46000001	0.798244	1.0239	2
17	47000001	0.957233	1.0239	2
17	48000001	0.747328	1.0239	2
17	49000001	1.01863	1.0239	2
17	50000001	1.05365	1.0239	2
17	51000001	0.966077	1.0239	2
17	52000001	0.897831	1.0239	2
17	53000001	1.57823	1.0239	2
17	54000001	0.983129	1.0239	2
17	55000001	1.4255	1.0239	2
17	56000001	0.943216	1.0239	2
17	57000001	1.03912	1.0239	2
17	58000001	0.880598	1.0239	2
17	59000001	1.17841	1.0239	2
17	60000001	1.0485	1.0239	2
17	61000001	1.13401	1.0239	2
17	62000001	5.11514	5.11514	10
17	63000001	0.834339	0.973967	2
17	64000001	0.973709	0.973967	2
17	65000001	1.53876	0.973967	2
17	66000001	1.18592	0.973967	2
17	67000001	0.921027	0.973967	2
17	68000001	1.41227	0.973967	2
17	69000001	0.83917	0.973967	2
17	70000001	1.10328	0.973967	2
17	71000001	1.75899	0.973967	2
17	72000001	0.931713	0.973967	2
17	73000001	0.974226	0.973967	2
17	74000001	1.00989	0.973967	2
17	75000001	0.876297	0.973967	2
17	76000001	0.757655	0.973967	2
17	77000001	4.03307	0.984363	2
17	78000001	0.801428	0.984363	2
17	79000001	0.885002	0.984363	2
17	80000001	1.08372	0.984363	2
17	81000001	5.05974	5.05974	10
17	82000001	0.903216	0.956362	2
17	83000001	1.00951	0.956362	2
18	1	1.86898	1.47824	3
18	1000001	1.08749	1.47824	3
18	2000001	0.79258	0.953173	2
18	3000001	1.00695	0.953173	2
18	4000001	0.986303	0.953173	2
18	5000001	0.992	0.953173	2
18	6000001	0.694609	0.953173	2
18	7000001	0.953173	0.953173	2
18	8000001	1.00299	0.953173	2
18	9000001	0.935155	0.953173	2
18	10000001	0.972815	0.953173	2
18	11000001	0.812375	0.953173	2
18	12000001	0.992318	0.953173	2
18	13000001	0.903103	0.953173	2
18	14000001	0.934587	0.953173	2
18	15000001	0.830597	0.953173	2
18	16000001	0.935915	0.953173	2
18	17000001	0.89199	0.953173	2
18	18000001	0.931906	0.953173	2
18	19000001	0.795126	0.953173	2
18	20000001	1.25278	0.953173	2
18	21000001	1.0204	0.953173	2
18	22000001	1.13425	0.953173	2
18	23000001	1.03656	0.953173	2
18	24000001	0.99672	0.953173	2
18	25000001	0.777543	0.953173	2
18	26000001	0.960185	0.953173	2
18	27000001	1.091	0.953173	2
18	28000001	0.851635	0.953173	2
18	29000001	3.46209	2.64485	5
18	30000001	1.82761	2.64485	5
18	31000001	1.0826	1.05806	2
18	32000001	0.87271	1.05806	2
18	33000001	0.996121	1.05806	2
18	34000001	1.42244	1.05806	2
18	35000001	1.02812	1.05806	2
18	36000001	0.973886	1.05806	2
18	37000001	1.05806	1.05806	2
18	38000001	0.724331	1.05806	2
18	39000001	1.37419	1.05806	2
18	40000001	1.18441	1.05806	2
18	41000001	1.12798	1.05806	2
18	42000001	1.17043	1.05806	2
18	43000001	0.940558	1.05806	2
18	44000001	3.06214	3.06214	6
18	45000001	0.929662	1.33791	3
18	46000001	1.74617	1.33791	3
18	47000001	1.05619	1.05357	2
18	48000001	1.0489	1.05357	2
18	49000001	1.18278	1.05357	2
18	50000001	1.10454	1.05357	2
18	51000001	0.930616	1.05357	2
18	52000001	0.941556	1.05357	2
18	53000001	1.28187	1.05357	2
18	54000001	1.05094	1.05357	2
18	55000001	1.20773	1.05357	2
18	56000001	0.671269	1.05357	2
18	57000001	0.956366	1.05357	2
18	58000001	0.799411	1.05357	2
18	59000001	1.09603	1.05357	2
18	60000001	1.35103	1.05357	2
18	61000001	4.38595	4.38595	9
18	62000001	0.962618	0.988794	2
18	63000001	0.988794	0.988794	2
18	64000001	1.2207	0.988794	2
18	65000001	1.2975	0.988794	2
18	66000001	1.26022	0.988794	2
18	67000001	0.907879	0.988794	2
18	68000001	0.785527	0.988794	2
18	69000001	0.946629	0.988794	2
18	70000001	0.863455	0.988794	2
18	71000001	0.900537	0.988794	2
18	72000001	1.11862	0.988794	2
18	73000001	1.07774	0.988794	2
18	74000001	0.779506	0.988794	2
18	75000001	1.01458	0.988794	2
18	76000001	1.1945	0.988794	2
18	77000001	4.55765	4.55765	9
18	78000001	1.00136	1.00136	2
18	79000001	0.901202	1.00136	2
18	80000001	1.08884	1.00136	2
19	1	1.2327	1.02148	2
19	1000001	0.675047	1.02148	2
19	2000001	1.02148	1.02148	2
19	3000001	0.860995	1.02148	2
19	4000001	1.27343	1.02148	2
19	5000001	0.908783	1.02148	2
19	6000001	1.06758	1.02148	2
19	7000001	3.16241	3.16241	6
19	8000001	1.00283	0.967316	2
19	9000001	0.688006	0.967316	2
19	10000001	1.11003	0.967316	2
19	11000001	0.967316	0.967316	2
19	12000001	0.912461	0.967316	2
19	13000001	1.15092	1.00977	2
19	14000001	1.58619	1.00977	2
19	15000001	0.91778	1.00977	2
19	16000001	0.881244	1.00977	2
19	17000001	1.12678	1.00977	2
19	18000001	0.88202	1.00977	2
19	19000001	1.84082	1.00977	2
19	20000001	1.04543	1.00977	2
19	21000001	0.804111	1.00977	2
19	22000001	1.16738	1.00977	2
19	23000001	1.00667	1.00977	2
19	24000001	1.08641	1.00977	2
19	25000001	1.19523	1.00977	2
19	26000001	0.931562	1.00977	2
19	27000001	0.824312	1.00977	2
19	28000001	0.929858	1.00977	2
19	29000001	0.925295	1.00977	2
19	30000001	0.909398	1.00977	2
19	31000001	1.19466	1.00977	2
19	32000001	0.885483	1.00977	2
19	33000001	1.55181	1.00977	2
19	34000001	1.00343	1.00977	2
19	35000001	1.20913	1.00977	2
19	36000001	1.38155	1.00977	2
19	37000001	1.26174	1.00977	2
19	38000001	1.01288	1.00977	2
19	39000001	0.879657	1.00977	2
19	40000001	1.02775	1.00977	2
19	41000001	1.09124	1.00977	2
19	42000001	0.989081	1.00977	2
19	43000001	1.19185	1.00977	2
19	44000001	1.29385	1.00977	2
19	45000001	0.940136	1.00977	2
19	46000001	0.969001	1.00977	2
19	47000001	0.858767	1.00977	2
19	48000001	1.43333	1.00977	2
19	49000001	0.900134	1.00977	2
19	50000001	1.31666	1.00977	2
19	51000001	0.823714	1.00977	2
19	52000001	0.866358	1.00977	2
19	53000001	0.924774	1.00977	2
19	54000001	1.30254	1.00977	2
19	55000001	0.999089	1.00977	2
19	56000001	0.89772	1.00977	2
19	57000001	1.16971	1.00977	2
19	58000001	1.24247	1.00977	2
2	1	1.14454	1.13793	2
2	1000001	1.2043	1.13793	2
2	2000001	1.13793	1.13793	2
2	3000001	1.90332	1.13793	2
2	4000001	1.10501	1.13793	2
2	5000001	1.27539	1.13793	2
2	6000001	0.995509	1.13793	2
2	7000001	0.988126	1.13793	2
2	8000001	1.09069	1.13793	2
2	9000001	2.61881	2.61881	5
2	10000001	1.04632	1.05424	2
2	11000001	1.06216	1.05424	2
2	12000001	0.864321	1.05424	2
2	13000001	1.06336	1.05424	2
2	14000001	1.35436	1.05424	2
2	15000001	0.727189	1.05424	2
2	16000001	2.27576	1.7255	3
2	17000001	1.21298	1.7255	3
2	18000001	1.7255	1.7255	3
2	19000001	1.06004	0.97861	2
2	20000001	1.29622	0.97861	2
2	21000001	0.980221	0.97861	2
2	22000001	1.11656	0.97861	2
2	23000001	1.02965	0.97861	2
2	24000001	0.908667	0.97861	2
2	25000001	0.87234	0.97861	2
2	26000001	0.744782	0.97861	2
2	27000001	0.889068	0.97861	2
2	28000001	0.952997	0.97861	2
2	29000001	0.861423	0.97861	2
2	30000001	0.741912	0.97861	2
2	31000001	1.14254	0.97861	2
2	32000001	1.06786	0.97861	2
2	33000001	0.924551	0.97861	2
2	34000001	0.99796	0.97861	2
2	35000001	1.05677	0.97861	2
2	36000001	1.06269	0.97861	2
2	37000001	0.943407	0.97861	2
2	38000001	1.01978	0.97861	2
2	39000001	1.04534	0.97861	2
2	40000001	1.14337	0.97861	2
2	41000001	0.921652	0.97861	2
2	42000001	0.936347	0.97861	2
2	43000001	0.757804	0.97861	2
2	44000001	0.785995	0.97861	2
2	45000001	1.30839	0.97861	2
2	46000001	0.804626	0.97861	2
2	47000001	1.01862	0.97861	2
2	48000001	0.87179	0.97861	2
2	49000001	0.976998	0.97861	2
2	50000001	1.19151	0.97861	2
2	51000001	1.13049	0.97861	2
2	52000001	1.04073	0.97861	2
2	53000001	0.931959	0.97861	2
2	54000001	0.900273	0.97861	2
2	55000001	1.24847	0.97861	2
2	56000001	0.961218	0.97861	2
2	57000001	3.98129	3.98129	8
2	58000001	1.08264	0.964096	2
2	59000001	1.12819	0.964096	2
2	60000001	0.800534	0.964096	2
2	61000001	0.834072	0.964096	2
2	62000001	0.987415	0.964096	2
2	63000001	1.08264	0.964096	2
2	64000001	0.922769	0.964096	2
2	65000001	1.09315	0.964096	2
2	66000001	0.920221	0.964096	2
2	67000001	0.940777	0.964096	2
2	68000001	3.3902	3.3902	7
2	69000001	0.853873	1.06191	2
2	70000001	1.06557	1.06191	2
2	71000001	1.67435	1.06191	2
2	72000001	1.23147	1.06191	2
2	73000001	0.84337	1.06191	2
2	74000001	1.52936	1.06191	2
2	75000001	0.820165	1.06191	2
2	76000001	1.69118	1.06191	2
2	77000001	0.986113	1.06191	2
2	78000001	1.29621	1.06191	2
2	79000001	0.990529	1.06191	2
2	80000001	1.00505	1.06191	2
2	81000001	1.05826	1.06191	2
2	82000001	1.43586	1.06191	2
2	83000001	5.12398	5.12398	10
2	84000001	0.778695	0.972361	2
2	85000001	0.801689	0.972361	2
2	86000001	0.626531	0.972361	2
2	87000001	1.24886	0.972361	2
2	88000001	0.951595	0.972361	2
2	89000001	1.03951	0.972361	2
2	90000001	1.37366	0.972361	2
2	91000001	1.16233	0.972361	2
2	92000001	0.862056	0.972361	2
2	93000001	0.732726	0.972361	2
2	94000001	0.870878	0.972361	2
2	95000001	1.2922	0.972361	2
2	96000001	0.836339	0.972361	2
2	97000001	1.10266	0.972361	2
2	98000001	0.758582	0.972361	2
2	99000001	1.95074	0.972361	2
2	100000001	1.06104	0.972361	2
2	101000001	0.973504	0.972361	2
2	102000001	1.34305	0.972361	2
2	103000001	0.949235	0.972361	2
2	104000001	0.889688	0.972361	2
2	105000001	1.0053	0.972361	2
2	106000001	0.908508	0.972361	2
2	107000001	0.900489	0.972361	2
2	108000001	1.12624	0.972361	2
2	109000001	1.08654	0.972361	2
2	110000001	1.03026	0.972361	2
2	111000001	0.966778	0.972361	2
2	112000001	0.814598	0.972361	2
2	113000001	1.02213	0.972361	2
2	114000001	1.23582	0.972361	2
2	115000001	0.971217	0.972361	2
2	116000001	0.916674	0.972361	2
2	117000001	0.997466	0.972361	2
2	118000001	0.914946	0.972361	2
2	119000001	1.10028	0.972361	2
2	120000001	0.817495	0.972361	2
2	121000001	0.866784	0.972361	2
2	122000001	1.17549	0.972361	2
2	123000001	1.08105	0.972361	2
2	124000001	3.48754	3.48754	7
2	125000001	0.921175	1.03445	2
2	126000001	1.31713	1.03445	2
2	127000001	1.15938	1.03445	2
2	128000001	0.97856	1.03445	2
2	129000001	1.11127	1.03445	2
2	130000001	1.11168	1.03445	2
2	131000001	0.789619	1.03445	2
2	132000001	1.10893	1.03445	2
2	133000001	0.973804	1.03445	2
2	134000001	0.623138	1.03445	2
2	135000001	1.15455	1.03445	2
2	136000001	1.49872	1.03445	2
2	137000001	1.03294	1.03445	2
2	138000001	0.930234	1.03445	2
2	139000001	1.15358	1.03445	2
2	140000001	1.01357	1.03445	2
2	141000001	1.24408	1.03445	2
2	142000001	0.88553	1.03445	2
2	143000001	1.22929	1.03445	2
2	144000001	1.02563	1.03445	2
2	145000001	1.06592	1.03445	2
2	146000001	1.01526	1.03445	2
2	147000001	1.03445	1.03445	2
2	148000001	0.882239	1.03445	2
2	149000001	1.06707	1.03445	2
2	150000001	3.80906	3.80906	8
2	151000001	0.907552	1.09295	2
2	152000001	1.37199	1.09295	2
2	153000001	1.16954	1.09295	2
2	154000001	1.78235	1.09295	2
2	155000001	1.04365	1.09295	2
2	156000001	1.08016	1.09295	2
2	157000001	1.12072	1.09295	2
2	158000001	1.06636	1.09295	2
2	159000001	1.42592	1.09295	2
2	160000001	1.09295	1.09295	2
2	161000001	1.19942	1.09295	2
2	162000001	1.02455	1.09295	2
2	163000001	0.996626	1.09295	2
2	164000001	1.44204	1.09295	2
2	165000001	0.901779	1.09295	2
2	166000001	3.08562	3.08562	6
2	167000001	1.00312	1.002	2
2	168000001	1.00088	1.002	2
2	169000001	5.26408	5.26408	11
2	170000001	1.08349	1.0596	2
2	171000001	1.13599	1.0596	2
2	172000001	0.819967	1.0596	2
2	173000001	2.33056	1.0596	2
2	174000001	1.08518	1.0596	2
2	175000001	1.18881	1.0596	2
2	176000001	1.03571	1.0596	2
2	177000001	1.0095	1.0596	2
2	178000001	1.10819	1.0596	2
2	179000001	0.972927	1.0596	2
2	180000001	1.01868	1.0596	2
2	181000001	1.72352	1.0596	2
2	182000001	0.963846	1.0596	2
2	183000001	0.75107	1.0596	2
2	184000001	0.992745	1.0596	2
2	185000001	1.25656	1.0596	2
2	186000001	1.29487	1.0596	2
2	187000001	1.21277	1.0596	2
2	188000001	0.749993	1.0596	2
2	189000001	0.946803	1.0596	2
2	190000001	1.09556	1.0596	2
2	191000001	0.948168	1.0596	2
2	192000001	0.807364	1.0596	2
2	193000001	1.28477	1.0596	2
2	194000001	5.28899	5.28899	11
2	195000001	0.78062	1.03072	2
2	196000001	0.937241	1.03072	2
2	197000001	0.792015	1.03072	2
2	198000001	1.59336	1.03072	2
2	199000001	1.00072	1.03072	2
2	200000001	1.28542	1.03072	2
2	201000001	1.03226	1.03072	2
2	202000001	1.12335	1.03072	2
2	203000001	0.973141	1.03072	2
2	204000001	1.09447	1.03072	2
2	205000001	1.1028	1.03072	2
2	206000001	1.24713	1.03072	2
2	207000001	1.18953	1.03072	2
2	208000001	1.02919	1.03072	2
2	209000001	0.874551	1.03072	2
2	210000001	1.34272	1.03072	2
2	211000001	0.972862	1.03072	2
2	212000001	1.26277	1.03072	2
2	213000001	1.16358	1.03072	2
2	214000001	0.775673	1.03072	2
2	215000001	1.1824	1.03072	2
2	216000001	0.787254	1.03072	2
2	217000001	0.96296	1.03072	2
2	218000001	0.922939	1.03072	2
2	219000001	0.94604	1.03072	2
2	220000001	1.28842	1.03072	2
2	221000001	1.7204	1.03072	2
2	222000001	0.958308	1.03072	2
2	223000001	0.650897	1.03072	2
2	224000001	1.11604	1.03072	2
2	225000001	3.48433	3.48433	7
2	226000001	1.19992	1.07294	2
2	227000001	1.07294	1.07294	2
2	228000001	1.03891	1.07294	2
2	229000001	3.07899	3.07899	6
2	230000001	1.13955	0.9849	2
2	231000001	0.847145	0.9849	2
2	232000001	0.887753	0.9849	2
2	233000001	0.709055	0.9849	2
2	234000001	1.59854	0.9849	2
2	235000001	1.84621	0.9849	2
2	236000001	1.08205	0.9849	2
2	237000001	0.693661	0.9849	2
2	238000001	3.73608	3.73608	7
2	239000001	1.2477	1.07403	2
2	240000001	0.900355	1.07403	2
2	241000001	2.10696	1.70803	3
2	242000001	1.30911	1.70803	3
20	1	2.9026	2.9026	6
20	1000001	1.19497	1.01157	2
20	2000001	0.89475	1.01157	2
20	3000001	1.01157	1.01157	2
20	4000001	0.983325	1.01157	2
20	5000001	1.11563	1.01157	2
20	6000001	1.10041	1.01157	2
20	7000001	0.522006	1.01157	2
20	8000001	1.32186	1.01157	2
20	9000001	0.927368	1.01157	2
20	10000001	0.964972	1.01157	2
20	11000001	1.17236	1.01157	2
20	12000001	1.02527	1.01157	2
20	13000001	0.855101	1.01157	2
20	14000001	1.87179	0.955386	2
20	15000001	1.03006	0.955386	2
20	16000001	0.880708	0.955386	2
20	17000001	0.692113	0.955386	2
20	18000001	1.98881	1.18226	2
20	19000001	1.05471	1.18226	2
20	20000001	1.0126	1.18226	2
20	21000001	1.14537	1.18226	2
20	22000001	1.21915	1.18226	2
20	23000001	1.62303	1.18226	2
20	24000001	1.07768	0.946007	2
20	25000001	0.940881	0.946007	2
20	26000001	0.928431	0.946007	2
20	27000001	0.529449	0.946007	2
20	28000001	0.900503	0.946007	2
20	29000001	0.989922	0.946007	2
20	30000001	0.970188	0.946007	2
20	31000001	0.844119	0.946007	2
20	32000001	0.951134	0.946007	2
20	33000001	1.1291	0.946007	2
20	34000001	0.907504	0.946007	2
20	35000001	1.04716	0.946007	2
20	36000001	0.903764	0.946007	2
20	37000001	0.988266	0.946007	2
20	38000001	1.32248	1.0341	2
20	39000001	0.862834	1.0341	2
20	40000001	1.08432	1.0341	2
20	41000001	1.02546	1.0341	2
20	42000001	1.336	1.0341	2
20	43000001	0.849385	1.0341	2
20	44000001	1.7103	1.0341	2
20	45000001	0.876692	1.0341	2
20	46000001	1.22308	1.0341	2
20	47000001	0.815911	1.0341	2
20	48000001	1.64594	1.0341	2
20	49000001	1.02121	1.0341	2
20	50000001	1.051	1.0341	2
20	51000001	0.925534	1.0341	2
20	52000001	1.27982	1.0341	2
20	53000001	0.89187	1.0341	2
20	54000001	1.25629	1.0341	2
20	55000001	0.949048	1.0341	2
20	56000001	1.04274	1.0341	2
20	57000001	0.8027	1.0341	2
20	58000001	0.993666	1.0341	2
20	59000001	1.09119	1.0341	2
20	60000001	1.27574	1.27574	3
20	61000001	1.79	1.27574	3
20	62000001	1.83586	1.27574	3
20	63000001	0.848423	1.27574	3
20	64000001	1.16419	1.27574	3
21	1	-1	-1	4
21	1000001	-1	-1	4
21	2000001	-1	-1	4
21	3000001	-1	-1	4
21	4000001	-1	-1	4
21	5000001	1.88836	1.82133	4
21	6000001	0.917507	1.82133	4
21	7000001	2.28661	1.82133	4
21	8000001	1.7543	1.82133	4
21	9000001	1.19251	1.82133	4
21	10000001	2.10074	1.82133	4
21	11000001	1.25996	1.25999	3
21	12000001	1.23547	1.25999	3
21	13000001	0.996726	1.25999	3
21	14000001	1.33357	1.25999	3
21	15000001	0.896566	1.25999	3
21	16000001	2.46589	1.25999	3
21	17000001	1.09384	1.25999	3
21	18000001	1.16811	1.25999	3
21	19000001	1.06552	1.25999	3
21	20000001	1.37913	1.25999	3
21	21000001	1.34002	1.25999	3
21	22000001	1.49908	1.25999	3
21	23000001	1.68338	1.25999	3
21	24000001	1.26002	1.25999	3
21	25000001	0.814257	0.996876	2
21	26000001	0.984655	0.996876	2
21	27000001	0.978456	0.996876	2
21	28000001	1.10772	0.996876	2
21	29000001	0.994022	0.996876	2
21	30000001	1.20488	0.996876	2
21	31000001	1.17253	0.996876	2
21	32000001	1.1614	0.996876	2
21	33000001	0.99973	0.996876	2
21	34000001	0.734858	0.996876	2
21	35000001	2.32557	1.0946	2
21	36000001	1.0946	1.0946	2
21	37000001	1.07991	1.0946	2
21	38000001	1.01978	1.0946	2
21	39000001	1.28674	1.0946	2
21	40000001	2.95143	1.49309	3
21	41000001	1.50001	1.49309	3
21	42000001	1.30111	1.49309	3
21	43000001	1.61257	1.49309	3
21	44000001	0.797181	1.49309	3
21	45000001	1.49309	1.49309	3
21	46000001	0.903839	1.49309	3
22	1	-1	-1	2
22	1000001	-1	-1	2
22	2000001	-1	-1	2
22	3000001	-1	-1	2
22	4000001	-1	-1	2
22	5000001	-1	-1	2
22	6000001	-1	-1	2
22	7000001	-1	-1	2
22	8000001	-1	-1	2
22	9000001	-1	-1	2
22	10000001	1.07136	1.10536	2
22	11000001	1.06909	1.10536	2
22	12000001	1.36867	1.10536	2
22	13000001	1.19502	1.10536	2
22	14000001	1.16529	1.10536	2
22	15000001	1.0793	1.10536	2
22	16000001	1.10536	1.10536	2
22	17000001	1.55741	1.55741	3
22	18000001	3.95741	3.95741	8
22	19000001	0.804228	0.989597	2
22	20000001	1.01794	0.989597	2
22	21000001	0.966864	0.989597	2
22	22000001	1.02748	0.989597	2
22	23000001	0.87074	0.989597	2
22	24000001	1.39549	0.989597	2
22	25000001	0.989994	0.989597	2
22	26000001	0.826684	0.989597	2
22	27000001	0.861287	0.989597	2
22	28000001	1.04072	0.989597	2
22	29000001	0.96066	0.989597	2
22	30000001	1.20734	0.989597	2
22	31000001	0.896036	0.989597	2
22	32000001	1.19929	0.989597	2
22	33000001	1.14483	0.989597	2
22	34000001	0.941464	0.989597	2
22	35000001	1.65273	0.989597	2
22	36000001	0.851195	0.989597	2
22	37000001	0.779746	0.989597	2
22	38000001	0.757451	0.989597	2
22	39000001	0.957944	0.989597	2
22	40000001	1.04409	0.989597	2
22	41000001	0.811961	0.989597	2
22	42000001	0.99961	0.989597	2
22	43000001	1.27267	0.989597	2
22	44000001	1.01524	0.989597	2
22	45000001	0.9892	0.989597	2
22	46000001	0.896136	0.989597	2
22	47000001	0.85747	0.989597	2
22	48000001	1.33331	0.989597	2
22	49000001	1.05786	0.989597	2
22	50000001	1.23766	0.989597	2
3	1	1.26791	0.990348	2
3	1000001	1.15178	0.990348	2
3	2000001	0.931204	0.990348	2
3	3000001	0.93671	0.990348	2
3	4000001	0.94897	0.990348	2
3	5000001	1.24389	0.990348	2
3	6000001	1.57704	0.990348	2
3	7000001	1.0832	0.990348	2
3	8000001	0.997577	0.990348	2
3	9000001	0.964831	0.990348	2
3	10000001	1.15436	0.990348	2
3	11000001	1.05091	0.990348	2
3	12000001	1.01525	0.990348	2
3	13000001	0.813156	0.990348	2
3	14000001	0.92622	0.990348	2
3	15000001	0.915359	0.990348	2
3	16000001	1.08643	0.990348	2
3	17000001	1.09163	0.990348	2
3	18000001	1.45085	0.990348	2
3	19000001	0.878387	0.990348	2
3	20000001	0.995943	0.990348	2
3	21000001	0.986671	0.990348	2
3	22000001	1.14431	0.990348	2
3	23000001	0.907917	0.990348	2
3	24000001	1.06362	0.990348	2
3	25000001	1.24765	0.990348	2
3	26000001	0.827044	0.990348	2
3	27000001	0.879543	0.990348	2
3	28000001	0.990348	0.990348	2
3	29000001	0.820008	0.990348	2
3	30000001	1.33595	0.990348	2
3	31000001	0.969495	0.990348	2
3	32000001	1.14613	0.990348	2
3	33000001	1.08353	0.990348	2
3	34000001	1.71087	0.990348	2
3	35000001	1.75443	0.990348	2
3	36000001	0.848236	0.990348	2
3	37000001	0.937642	0.990348	2
3	38000001	0.841806	0.990348	2
3	39000001	0.952827	0.990348	2
3	40000001	1.0472	0.990348	2
3	41000001	1.36445	0.990348	2
3	42000001	0.987197	0.990348	2
3	43000001	0.911037	0.990348	2
3	44000001	0.914865	0.990348	2
3	45000001	1.04836	0.990348	2
3	46000001	0.921829	0.990348	2
3	47000001	0.937733	0.990348	2
3	48000001	0.948044	0.990348	2
3	49000001	1.12114	0.990348	2
3	50000001	0.99436	0.990348	2
3	51000001	0.922736	0.990348	2
3	52000001	0.934531	0.990348	2
3	53000001	0.975783	0.990348	2
3	54000001	1.05153	0.990348	2
3	55000001	0.981018	0.990348	2
3	56000001	0.989658	0.990348	2
3	57000001	0.956437	0.990348	2
3	58000001	1.09558	0.990348	2
3	59000001	0.968396	0.990348	2
3	60000001	1.00445	0.990348	2
3	61000001	0.856195	0.990348	2
3	62000001	0.945369	0.990348	2
3	63000001	0.783593	0.990348	2
3	64000001	1.10142	0.990348	2
3	65000001	1.15334	0.990348	2
3	66000001	0.77316	0.990348	2
3	67000001	0.80771	0.990348	2
3	68000001	0.964844	0.990348	2
3	69000001	1.04835	0.990348	2
3	70000001	0.950574	0.990348	2
3	71000001	1.12032	0.990348	2
3	72000001	0.864486	0.990348	2
3	73000001	0.754617	0.990348	2
3	74000001	1.21798	0.990348	2
3	75000001	0.848811	0.990348	2
3	76000001	1.08299	0.990348	2
3	77000001	1.03635	0.990348	2
3	78000001	0.963643	0.990348	2
3	79000001	1.04469	0.990348	2
3	80000001	1.82542	0.990348	2
3	81000001	1.11047	0.990348	2
3	82000001	1.4811	0.990348	2
3	83000001	1.15508	0.990348	2
3	84000001	1.1637	0.990348	2
3	85000001	1.38376	0.990348	2
3	86000001	1.27028	0.990348	2
3	87000001	1.34844	0.990348	2
3	88000001	1.00342	0.990348	2
3	89000001	1.12364	0.990348	2
3	90000001	1.38304	0.990348	2
3	91000001	0.942635	0.990348	2
3	92000001	0.714298	0.990348	2
3	93000001	0.986487	0.990348	2
3	94000001	1.02404	0.990348	2
3	95000001	0.925776	0.990348	2
3	96000001	1.41851	0.990348	2
3	97000001	2.26786	0.990348	2
3	98000001	0.982344	0.990348	2
3	99000001	1.39929	0.990348	2
3	100000001	0.98383	0.990348	2
3	101000001	0.979127	0.990348	2
3	102000001	1.3271	0.990348	2
3	103000001	0.93115	0.990348	2
3	104000001	0.978014	0.990348	2
3	105000001	1.29161	0.990348	2
3	106000001	1.09085	0.990348	2
3	107000001	0.86043	0.990348	2
3	108000001	0.820473	0.990348	2
3	109000001	1.08038	0.990348	2
3	110000001	1.05556	0.990348	2
3	111000001	1.86596	0.990348	2
3	112000001	1.1948	0.990348	2
3	113000001	0.726583	0.990348	2
3	114000001	0.617842	0.990348	2
3	115000001	0.844402	0.990348	2
3	116000001	0.925249	0.990348	2
3	117000001	0.893337	0.990348	2
3	118000001	1.11532	0.990348	2
3	119000001	0.96393	0.990348	2
3	120000001	0.806943	0.990348	2
3	121000001	1.44731	0.990348	2
3	122000001	1.19891	0.990348	2
3	123000001	0.914872	0.990348	2
3	124000001	0.779514	0.990348	2
3	125000001	1.01185	0.990348	2
3	126000001	0.849645	0.990348	2
3	127000001	1.07375	0.990348	2
3	128000001	0.823664	0.990348	2
3	129000001	1.05052	0.990348	2
3	130000001	0.99976	0.990348	2
3	131000001	0.841581	0.990348	2
3	132000001	1.30982	0.990348	2
3	133000001	1.01395	0.990348	2
3	134000001	0.930012	0.990348	2
3	135000001	1.03156	0.990348	2
3	136000001	0.980637	0.990348	2
3	137000001	0.822447	0.990348	2
3	138000001	2.13285	0.990348	2
3	139000001	1.77836	0.990348	2
3	140000001	0.866732	0.990348	2
3	141000001	0.893921	0.990348	2
3	142000001	0.881006	0.990348	2
3	143000001	3.36034	3.36034	7
3	144000001	1.17905	0.97205	2
3	145000001	1.05737	0.97205	2
3	146000001	0.923644	0.97205	2
3	147000001	1.0577	0.97205	2
3	148000001	0.942584	0.97205	2
3	149000001	1.07606	0.97205	2
3	150000001	0.904371	0.97205	2
3	151000001	0.886961	0.97205	2
3	152000001	1.09307	0.97205	2
3	153000001	0.923243	0.97205	2
3	154000001	1.11257	0.97205	2
3	155000001	0.925325	0.97205	2
3	156000001	0.975604	0.97205	2
3	157000001	0.927742	0.97205	2
3	158000001	0.930377	0.97205	2
3	159000001	0.825166	0.97205	2
3	160000001	1.00555	0.97205	2
3	161000001	1.1871	0.97205	2
3	162000001	0.97205	0.97205	2
3	163000001	0.988224	0.97205	2
3	164000001	1.01091	0.97205	2
3	165000001	1.11254	0.97205	2
3	166000001	0.933358	0.97205	2
3	167000001	0.949391	0.97205	2
3	168000001	0.836379	0.97205	2
3	169000001	1.77663	1.21771	2
3	170000001	1.09737	1.21771	2
3	171000001	1.31052	1.21771	2
3	172000001	1.38863	1.21771	2
3	173000001	1.44058	1.21771	2
3	174000001	1.05183	1.21771	2
3	175000001	1.34305	1.21771	2
3	176000001	1.22903	1.21771	2
3	177000001	1.14847	1.21771	2
3	178000001	1.21771	1.21771	2
3	179000001	0.888481	1.21771	2
3	180000001	1.22207	1.21771	2
3	181000001	2.28267	1.21771	2
3	182000001	1.02905	1.21771	2
3	183000001	1.03772	1.21771	2
3	184000001	0.923968	1.21771	2
3	185000001	0.882435	1.21771	2
3	186000001	3.00855	3.00855	6
3	187000001	1.01957	1.03675	2
3	188000001	1.61076	1.03675	2
3	189000001	1.02775	1.03675	2
3	190000001	1.33693	1.03675	2
3	191000001	1.03345	1.03675	2
3	192000001	1.02378	1.03675	2
3	193000001	0.952315	1.03675	2
3	194000001	1.73198	1.03675	2
3	195000001	1.00903	1.03675	2
3	196000001	1.21718	1.03675	2
3	197000001	1.04005	1.03675	2
3	198000001	4.07396	1.03675	2
4	1	1.10746	1.13194	2
4	1000001	1.59426	1.13194	2
4	2000001	1.13743	1.13194	2
4	3000001	1.01582	1.13194	2
4	4000001	1.26027	1.13194	2
4	5000001	1.55825	1.13194	2
4	6000001	1.24026	1.13194	2
4	7000001	1.56316	1.13194	2
4	8000001	1.03415	1.13194	2
4	9000001	0.920766	1.13194	2
4	10000001	1.12646	1.13194	2
4	11000001	1.01616	1.13194	2
4	12000001	2.52062	2.52062	5
4	13000001	0.961873	1.08499	2
4	14000001	2.02515	1.08499	2
4	15000001	1.16861	1.08499	2
4	16000001	0.882981	1.08499	2
4	17000001	1.0555	1.08499	2
4	18000001	0.874439	1.08499	2
4	19000001	0.967031	1.08499	2
4	20000001	0.754746	1.08499	2
4	21000001	0.783918	1.08499	2
4	22000001	1.12712	1.08499	2
4	23000001	1.11404	1.08499	2
4	24000001	1.10068	1.08499	2
4	25000001	1.04898	1.08499	2
4	26000001	1.06791	1.08499	2
4	27000001	1.22784	1.08499	2
4	28000001	0.823058	1.08499	2
4	29000001	1.37957	1.08499	2
4	30000001	1.12348	1.08499	2
4	31000001	1.38461	1.08499	2
4	32000001	1.84127	1.08499	2
4	33000001	1.06929	1.08499	2
4	34000001	1.33711	1.08499	2
4	35000001	1.27974	1.08499	2
4	36000001	0.836741	1.08499	2
4	37000001	1.05771	1.08499	2
4	38000001	1.37765	1.08499	2
4	39000001	8.24578	8.24578	16
4	40000001	0.979699	0.979699	2
4	41000001	0.969687	0.979699	2
4	42000001	1.02475	0.979699	2
4	43000001	4.84905	4.84905	10
4	44000001	0.960403	1.04253	2
4	45000001	1.13008	1.04253	2
4	46000001	1.40898	1.04253	2
4	47000001	1.31332	1.04253	2
4	48000001	1.04253	1.04253	2
4	49000001	1.08632	1.04253	2
4	50000001	0.801293	1.04253	2
4	51000001	0.841448	1.04253	2
4	52000001	0.874576	1.04253	2
4	53000001	0.992113	1.04253	2
4	54000001	1.16636	1.04253	2
4	55000001	1.24526	1.04253	2
4	56000001	0.789465	1.04253	2
4	57000001	0.946421	1.04253	2
4	58000001	1.01908	1.04253	2
4	59000001	1.09753	1.04253	2
4	60000001	1.07687	1.04253	2
4	61000001	1.12121	1.04253	2
4	62000001	1.03401	1.04253	2
4	63000001	2.13578	1.24359	2
4	64000001	1.03035	1.24359	2
4	65000001	1.24359	1.24359	2
4	66000001	1.3644	1.24359	2
4	67000001	0.96196	1.24359	2
4	68000001	1.26693	1.24359	2
4	69000001	0.986974	1.24359	2
4	70000001	6.45687	6.45687	13
4	71000001	0.859469	1.07788	2
4	72000001	1.69688	1.07788	2
4	73000001	0.95062	1.07788	2
4	74000001	1.40562	1.07788	2
4	75000001	1.22942	1.07788	2
4	76000001	0.918255	1.07788	2
4	77000001	0.720495	1.07788	2
4	78000001	1.28232	1.07788	2
4	79000001	1.26952	1.07788	2
4	80000001	2.03002	1.07788	2
4	81000001	1.04089	1.07788	2
4	82000001	0.837307	1.07788	2
4	83000001	1.03232	1.07788	2
4	84000001	1.47652	1.07788	2
4	85000001	1.69217	1.07788	2
4	86000001	1.12143	1.07788	2
4	87000001	1.59097	1.07788	2
4	88000001	0.971637	1.07788	2
4	89000001	0.876415	1.07788	2
4	90000001	1.31928	1.07788	2
4	91000001	0.966191	1.07788	2
4	92000001	1.1649	1.07788	2
4	93000001	1.38677	1.07788	2
4	94000001	1.06204	1.07788	2
4	95000001	0.99645	1.07788	2
4	96000001	1.16422	1.07788	2
4	97000001	1.28042	1.07788	2
4	98000001	1.0489	1.07788	2
4	99000001	0.735664	1.07788	2
4	100000001	1.00868	1.07788	2
4	101000001	0.813875	1.07788	2
4	102000001	1.17649	1.07788	2
4	103000001	1.07788	1.07788	2
4	104000001	2.29464	2.29464	5
4	105000001	1.02252	1.04873	2
4	106000001	1.02278	1.04873	2
4	107000001	1.25833	1.04873	2
4	108000001	0.89973	1.04873	2
4	109000001	1.98555	1.04873	2
4	110000001	1.1136	1.04873	2
4	111000001	1.0456	1.04873	2
4	112000001	0.862404	1.04873	2
4	113000001	1.00477	1.04873	2
4	114000001	0.777727	1.04873	2
4	115000001	1.23953	1.04873	2
4	116000001	1.16083	1.04873	2
4	117000001	1.20172	1.04873	2
4	118000001	0.895152	1.04873	2
4	119000001	0.82434	1.04873	2
4	120000001	1.24155	1.04873	2
4	121000001	1.1548	1.04873	2
4	122000001	1.11204	1.04873	2
4	123000001	1.20644	1.04873	2
4	124000001	1.05187	1.04873	2
4	125000001	0.692651	1.04873	2
4	126000001	1.15514	1.04873	2
4	127000001	0.930113	1.04873	2
4	128000001	0.893854	1.04873	2
4	129000001	0.940501	1.04873	2
4	130000001	0.840872	1.04873	2
4	131000001	1.18262	1.04873	2
4	132000001	1.08339	1.04873	2
4	133000001	1.44699	1.04873	2
4	134000001	0.921386	1.04873	2
4	135000001	0.877678	1.04873	2
4	136000001	1.33211	1.04873	2
4	137000001	1.12754	1.04873	2
4	138000001	1.17686	1.04873	2
4	139000001	1.20293	1.04873	2
4	140000001	0.958909	1.04873	2
4	141000001	0.9983	1.04873	2
4	142000001	1.11993	1.04873	2
4	143000001	0.934905	1.04873	2
4	144000001	1.15837	1.04873	2
4	145000001	1.04504	1.04873	2
4	146000001	0.728585	1.04873	2
4	147000001	1.90132	2.23065	4
4	148000001	2.55999	2.23065	4
4	149000001	0.972655	1.07345	2
4	150000001	1.2566	1.07345	2
4	151000001	0.908629	1.07345	2
4	152000001	0.983333	1.07345	2
4	153000001	1.38922	1.07345	2
4	154000001	0.997343	1.07345	2
4	155000001	1.32553	1.07345	2
4	156000001	1.15083	1.07345	2
4	157000001	1.04074	1.07345	2
4	158000001	1.01679	1.07345	2
4	159000001	0.80528	1.07345	2
4	160000001	1.13271	1.07345	2
4	161000001	1.02178	1.07345	2
4	162000001	0.778975	1.07345	2
4	163000001	1.07096	1.07345	2
4	164000001	0.841347	1.07345	2
4	165000001	1.15875	1.07345	2
4	166000001	1.14931	1.07345	2
4	167000001	1.38782	1.07345	2
4	168000001	1.10312	1.07345	2
4	169000001	1.12884	1.07345	2
4	170000001	1.1216	1.07345	2
4	171000001	1.34291	1.07345	2
4	172000001	1.2258	1.07345	2
4	173000001	0.95722	1.07345	2
4	174000001	0.798737	1.07345	2
4	175000001	1.42077	1.07345	2
4	176000001	1.72737	1.07345	2
4	177000001	0.973071	1.07345	2
4	178000001	1.24027	1.07345	2
4	179000001	1.07345	1.07345	2
4	180000001	1.36455	1.07345	2
4	181000001	0.932113	1.07345	2
4	182000001	1.04277	1.07345	2
4	183000001	1.51322	1.07345	2
4	184000001	1.02521	1.07345	2
4	185000001	0.829918	1.07345	2
4	186000001	2.26665	2.26665	5
4	187000001	0.935076	0.916857	2
4	188000001	0.898638	0.916857	2
4	189000001	1.84208	1.88316	4
4	190000001	1.92424	1.88316	4
5	1	1.69603	1.69603	3
5	1000001	3.38762	3.38762	7
5	2000001	1.15089	1.20594	2
5	3000001	1.2439	1.20594	2
5	4000001	1.20594	1.20594	2
5	5000001	0.980613	1.20594	2
5	6000001	1.51091	1.20594	2
5	7000001	2.687	2.687	5
5	8000001	0.873152	1.06527	2
5	9000001	1.10702	1.06527	2
5	10000001	1.06527	1.06527	2
5	11000001	1.3013	1.06527	2
5	12000001	1.38771	1.06527	2
5	13000001	0.932321	1.06527	2
5	14000001	1.04443	1.06527	2
5	15000001	1.02672	1.06527	2
5	16000001	0.939716	1.06527	2
5	17000001	1.10464	1.06527	2
5	18000001	1.09429	1.06527	2
5	19000001	1.31755	1.06527	2
5	20000001	0.919245	1.06527	2
5	21000001	2.21789	2.21789	4
5	22000001	0.983403	1.40237	3
5	23000001	1.40237	1.40237	3
5	24000001	1.12268	1.40237	3
5	25000001	1.53686	1.40237	3
5	26000001	1.48388	1.40237	3
5	27000001	1.18165	1.40237	3
5	28000001	1.52985	1.40237	3
5	29000001	1.09765	1.0621	2
5	30000001	1.02655	1.0621	2
5	31000001	1.15554	1.0621	2
5	32000001	0.819344	1.0621	2
5	33000001	3.73309	3.73309	7
5	34000001	0.866816	1.0069	2
5	35000001	0.954294	1.0069	2
5	36000001	0.88105	1.0069	2
5	37000001	0.942449	1.0069	2
5	38000001	1.13637	1.0069	2
5	39000001	1.13521	1.0069	2
5	40000001	1.09406	1.0069	2
5	41000001	0.970531	1.0069	2
5	42000001	1.1914	1.0069	2
5	43000001	1.09634	1.0069	2
5	44000001	0.975855	1.0069	2
5	45000001	1.21989	1.0069	2
5	46000001	0.975236	1.0069	2
5	47000001	1.14642	1.0069	2
5	48000001	0.836823	1.0069	2
5	49000001	0.952615	1.0069	2
5	50000001	1.34095	1.0069	2
5	51000001	0.626482	1.0069	2
5	52000001	0.937128	1.0069	2
5	53000001	0.93071	1.0069	2
5	54000001	1.03803	1.0069	2
5	55000001	1.13951	1.0069	2
5	56000001	1.29675	1.0069	2
5	57000001	0.977091	1.0069	2
5	58000001	1.13398	1.0069	2
5	59000001	1.11702	1.0069	2
5	60000001	1.64553	1.0069	2
5	61000001	1.1998	1.0069	2
5	62000001	0.93824	1.0069	2
5	63000001	1.43087	1.0069	2
5	64000001	1.00958	1.0069	2
5	65000001	0.874914	1.0069	2
5	66000001	1.00421	1.0069	2
5	67000001	1.12117	1.0069	2
5	68000001	1.11195	1.0069	2
5	69000001	0.931108	1.0069	2
5	70000001	0.988517	1.0069	2
5	71000001	0.941091	1.0069	2
5	72000001	0.878349	1.0069	2
5	73000001	1.23022	1.0069	2
5	74000001	0.947586	1.0069	2
5	75000001	0.924273	1.0069	2
5	76000001	0.907617	1.0069	2
5	77000001	0.821784	1.0069	2
5	78000001	1.09684	1.0069	2
5	79000001	0.934226	1.0069	2
5	80000001	1.23409	1.0069	2
5	81000001	1.03694	1.0069	2
5	82000001	1.08239	1.0069	2
5	83000001	0.913819	1.0069	2
5	84000001	1.03161	1.0069	2
5	85000001	1.26258	1.0069	2
5	86000001	2.20403	2.20403	4
5	87000001	1.04561	1.05821	2
5	88000001	0.873544	1.05821	2
5	89000001	1.10491	1.05821	2
5	90000001	0.884998	1.05821	2
5	91000001	1.10978	1.05821	2
5	92000001	1.50437	1.05821	2
5	93000001	1.00685	1.05821	2
5	94000001	1.14037	1.05821	2
5	95000001	0.988193	1.05821	2
5	96000001	0.965481	1.05821	2
5	97000001	1.34053	1.05821	2
5	98000001	0.915675	1.05821	2
5	99000001	1.3048	1.05821	2
5	100000001	1.51734	1.05821	2
5	101000001	1.01854	1.05821	2
5	102000001	0.998349	1.05821	2
5	103000001	1.40649	1.05821	2
5	104000001	1.04513	1.05821	2
5	105000001	1.29822	1.05821	2
5	106000001	1.43754	1.05821	2
5	107000001	0.847189	1.05821	2
5	108000001	0.825988	1.05821	2
5	109000001	1.10141	1.05821	2
5	110000001	1.2927	1.05821	2
5	111000001	1.12823	1.05821	2
5	112000001	0.953967	1.05821	2
5	113000001	0.889739	1.05821	2
5	114000001	1.01335	1.05821	2
5	115000001	1.04122	1.05821	2
5	116000001	1.25052	1.05821	2
5	117000001	1.00767	1.05821	2
5	118000001	1.46057	1.05821	2
5	119000001	1.38576	1.05821	2
5	120000001	1.093	1.05821	2
5	121000001	1.27526	1.05821	2
5	122000001	0.911478	1.05821	2
5	123000001	1.12823	1.05821	2
5	124000001	1.081	1.05821	2
5	125000001	1.37617	1.05821	2
5	126000001	0.916053	1.05821	2
5	127000001	1.05412	1.05821	2
5	128000001	1.0502	1.05821	2
5	129000001	1.10586	1.05821	2
5	130000001	0.922604	1.05821	2
5	131000001	0.85382	1.05821	2
5	132000001	1.11467	1.05821	2
5	133000001	1.05821	1.05821	2
5	134000001	1.17109	1.05821	2
5	135000001	1.03587	1.05821	2
5	136000001	0.819636	1.05821	2
5	137000001	1.06784	1.05821	2
5	138000001	0.939432	1.05821	2
5	139000001	1.25703	1.05821	2
5	140000001	0.758416	1.05821	2
5	141000001	1.12928	1.05821	2
5	142000001	2.41279	2.41279	5
5	143000001	1.37956	1.23186	2
5	144000001	1.08417	1.23186	2
5	145000001	3.11947	3.11947	6
5	146000001	1.24143	1.09687	2
5	147000001	1.09687	1.09687	2
5	148000001	0.88613	1.09687	2
5	149000001	2.96965	2.96965	6
5	150000001	1.01013	1.05394	2
5	151000001	1.11658	1.05394	2
5	152000001	1.06772	1.05394	2
5	153000001	1.12829	1.05394	2
5	154000001	1.07982	1.05394	2
5	155000001	1.03616	1.05394	2
5	156000001	0.95414	1.05394	2
5	157000001	0.88955	1.05394	2
5	158000001	0.933377	1.05394	2
5	159000001	1.21033	1.05394	2
5	160000001	1.15291	1.05394	2
5	161000001	1.21992	1.05394	2
5	162000001	1.12643	1.05394	2
5	163000001	0.988283	1.05394	2
5	164000001	1.13182	1.05394	2
5	165000001	0.890041	1.05394	2
5	166000001	1.48531	1.05394	2
5	167000001	0.899347	1.05394	2
5	168000001	1.15463	1.05394	2
5	169000001	0.796546	1.05394	2
5	170000001	1.25568	1.05394	2
5	171000001	1.54626	1.05394	2
5	172000001	0.921706	1.05394	2
5	173000001	0.960306	1.05394	2
5	174000001	1.21564	1.05394	2
5	175000001	0.920633	1.05394	2
5	176000001	1.57626	1.05394	2
5	177000001	1.01542	1.05394	2
5	178000001	0.882529	1.05394	2
5	179000001	0.921608	1.05394	2
5	180000001	1.04016	1.05394	2
5	181000001	1.86306	1.05394	2
6	1	0.757107	1.08375	2
6	1000001	1.11527	1.08375	2
6	2000001	1.11215	1.08375	2
6	3000001	0.619324	1.08375	2
6	4000001	1.09512	1.08375	2
6	5000001	1.08024	1.08375	2
6	6000001	1.15911	1.08375	2
6	7000001	1.1374	1.08375	2
6	8000001	1.3002	1.08375	2
6	9000001	1.18599	1.08375	2
6	10000001	1.04599	1.08375	2
6	11000001	1.01268	1.08375	2
6	12000001	1.1545	1.08375	2
6	13000001	1.04608	1.08375	2
6	14000001	1.05479	1.08375	2
6	15000001	1.11481	1.08375	2
6	16000001	1.08726	1.08375	2
6	17000001	1.02295	1.08375	2
6	18000001	1.10283	1.08375	2
6	19000001	1.0585	1.08375	2
6	20000001	1.04085	1.08375	2
6	21000001	1.1166	1.08375	2
6	22000001	0.904891	1.08375	2
6	23000001	0.864272	1.08375	2
6	24000001	1.92142	1.92142	4
6	25000001	0.965728	0.981686	2
6	26000001	0.99896	0.981686	2
6	27000001	0.73884	0.981686	2
6	28000001	0.766012	0.981686	2
6	29000001	1.15215	0.981686	2
6	30000001	0.895348	0.981686	2
6	31000001	1.11761	0.981686	2
6	32000001	0.799783	0.981686	2
6	33000001	1.09415	0.981686	2
6	34000001	0.981686	0.981686	2
6	35000001	1.0196	0.981686	2
6	36000001	0.778569	0.981686	2
6	37000001	0.831043	0.981686	2
6	38000001	1.08358	0.981686	2
6	39000001	0.861227	0.981686	2
6	40000001	0.803526	0.981686	2
6	41000001	1.00558	0.981686	2
6	42000001	1.05472	0.981686	2
6	43000001	0.973732	0.981686	2
6	44000001	1.16983	0.981686	2
6	45000001	0.98945	0.981686	2
6	46000001	1.33415	0.981686	2
6	47000001	0.96904	0.981686	2
6	48000001	1.78576	1.8564	4
6	49000001	1.92704	1.8564	4
6	50000001	1.09759	1.0006	2
6	51000001	1.08056	1.0006	2
6	52000001	0.919864	1.0006	2
6	53000001	0.920633	1.0006	2
6	54000001	1.27339	1.30672	3
6	55000001	1.56155	1.30672	3
6	56000001	1.30672	1.30672	3
6	57000001	0.993129	0.948435	2
6	58000001	0.948435	0.948435	2
6	59000001	0.752291	0.948435	2
6	60000001	1.53193	1.20356	2
6	61000001	1.06328	1.20356	2
6	62000001	1.05789	1.20356	2
6	63000001	1.2302	1.20356	2
6	64000001	1.21271	1.20356	2
6	65000001	1.08931	1.20356	2
6	66000001	1.43022	1.20356	2
6	67000001	1.19441	1.20356	2
6	68000001	1.00135	0.849428	2
6	69000001	0.763401	0.849428	2
6	70000001	0.770408	0.849428	2
6	71000001	0.891807	0.849428	2
6	72000001	1.1238	0.849428	2
6	73000001	0.807048	0.849428	2
6	74000001	1.20719	1.03184	2
6	75000001	1.10306	1.03184	2
6	76000001	1.08284	1.03184	2
6	77000001	1.05783	1.03184	2
6	78000001	1.02015	1.03184	2
6	79000001	1.09788	1.03184	2
6	80000001	0.966783	1.03184	2
6	81000001	1.22222	1.03184	2
6	82000001	1.10049	1.03184	2
6	83000001	1.02804	1.03184	2
6	84000001	1.0155	1.03184	2
6	85000001	1.01063	1.03184	2
6	86000001	1.01629	1.03184	2
6	87000001	1.12754	1.03184	2
6	88000001	0.884397	1.03184	2
6	89000001	1.14706	1.03184	2
6	90000001	0.936869	1.03184	2
6	91000001	0.874908	1.03184	2
6	92000001	0.876651	1.03184	2
6	93000001	1.13675	1.03184	2
6	94000001	1.18207	1.03184	2
6	95000001	1.58106	1.03184	2
6	96000001	1.11995	1.03184	2
6	97000001	1.01919	1.03184	2
6	98000001	1.0503	1.03184	2
6	99000001	0.991144	1.03184	2
6	100000001	0.732796	1.03184	2
6	101000001	0.964294	1.03184	2
6	102000001	0.887885	1.03184	2
6	103000001	1.39745	1.03184	2
6	104000001	0.983393	1.03184	2
6	105000001	1.03497	1.03184	2
6	106000001	1.1132	1.03184	2
6	107000001	0.698147	1.03184	2
6	108000001	0.937126	1.03184	2
6	109000001	1.13553	1.03184	2
6	110000001	0.980207	1.03184	2
6	111000001	1.40968	1.03184	2
6	112000001	1.05964	1.03184	2
6	113000001	1.17845	1.03184	2
6	114000001	1.19122	1.03184	2
6	115000001	0.977183	1.03184	2
6	116000001	1.23664	1.03184	2
6	117000001	1.07836	1.03184	2
6	118000001	1.06912	1.03184	2
6	119000001	1.21078	1.03184	2
6	120000001	0.919797	1.03184	2
6	121000001	1.04652	1.03184	2
6	122000001	1.20937	1.03184	2
6	123000001	1.15056	1.03184	2
6	124000001	0.861338	1.03184	2
6	125000001	1.1788	1.03184	2
6	126000001	1.00588	1.03184	2
6	127000001	1.19637	1.03184	2
6	128000001	1.03184	1.03184	2
6	129000001	0.858438	1.03184	2
6	130000001	1.13915	1.03184	2
6	131000001	0.95857	1.03184	2
6	132000001	0.742069	1.03184	2
6	133000001	1.03835	1.03184	2
6	134000001	0.920633	1.03184	2
6	135000001	0.913384	1.03184	2
6	136000001	1.04262	1.03184	2
6	137000001	0.982124	1.03184	2
6	138000001	0.782012	1.03184	2
6	139000001	0.999998	1.03184	2
6	140000001	1.17279	1.03184	2
6	141000001	1.25758	1.03184	2
6	142000001	0.886332	1.03184	2
6	143000001	1.09563	1.03184	2
6	144000001	0.928514	1.03184	2
6	145000001	1.14884	1.03184	2
6	146000001	1.12202	1.03184	2
6	147000001	0.939592	1.03184	2
6	148000001	0.824612	1.03184	2
6	149000001	0.901607	1.03184	2
6	150000001	0.988446	1.03184	2
6	151000001	1.01193	1.03184	2
6	152000001	0.891734	1.03184	2
6	153000001	0.989203	1.03184	2
6	154000001	1.15286	1.03184	2
6	155000001	0.950086	1.03184	2
6	156000001	1.07213	1.03184	2
6	157000001	1.37549	1.03184	2
6	158000001	0.756671	1.03184	2
6	159000001	1.31616	1.25736	3
6	160000001	1.19547	1.25736	3
6	161000001	1.3758	1.25736	3
6	162000001	1.93038	1.25736	3
6	163000001	0.890783	1.25736	3
6	164000001	1.49884	1.25736	3
6	165000001	0.854675	1.25736	3
6	166000001	1.19856	1.25736	3
6	167000001	2.70183	1.25736	3
6	168000001	1.12731	1.25736	3
6	169000001	1.84894	1.25736	3
6	170000001	0.696948	1.25736	3
7	1	1.21438	1.15803	2
7	1000001	1.57951	1.15803	2
7	2000001	0.958327	1.15803	2
7	3000001	1.04029	1.15803	2
7	4000001	0.859238	1.15803	2
7	5000001	1.15803	1.15803	2
7	6000001	1.28493	1.15803	2
7	7000001	2.41382	2.41382	5
7	8000001	1.31516	1.04039	2
7	9000001	0.933858	1.04039	2
7	10000001	0.884715	1.04039	2
7	11000001	1.07871	1.04039	2
7	12000001	1.0843	1.04039	2
7	13000001	1.04146	1.04039	2
7	14000001	1.13076	1.04039	2
7	15000001	0.991705	1.04039	2
7	16000001	0.972889	1.04039	2
7	17000001	0.962826	1.04039	2
7	18000001	1.03932	1.04039	2
7	19000001	1.06211	1.04039	2
7	20000001	2.14345	1.04039	2
7	21000001	1.11111	1.04039	2
7	22000001	0.893104	1.04039	2
7	23000001	0.973449	1.04039	2
7	24000001	1.15386	1.04039	2
7	25000001	1.19747	1.04039	2
7	26000001	0.973334	1.04039	2
7	27000001	0.913268	1.04039	2
7	28000001	0.92273	1.04039	2
7	29000001	1.07881	1.04039	2
7	30000001	1.08068	1.04039	2
7	31000001	1.20685	1.04039	2
7	32000001	0.984236	1.04039	2
7	33000001	1.09062	1.04039	2
7	34000001	1.13624	1.04039	2
7	35000001	1.44373	1.04039	2
7	36000001	1.24152	1.04039	2
7	37000001	1.16648	1.04039	2
7	38000001	0.746315	1.04039	2
7	39000001	0.893822	1.04039	2
7	40000001	1.15402	1.04039	2
7	41000001	0.975396	1.04039	2
7	42000001	0.876995	1.04039	2
7	43000001	1.10259	1.04039	2
7	44000001	0.949237	1.04039	2
7	45000001	0.86882	1.04039	2
7	46000001	0.892261	1.04039	2
7	47000001	1.43386	1.04039	2
7	48000001	0.902086	1.04039	2
7	49000001	1.75486	1.04039	2
7	50000001	0.891356	1.04039	2
7	51000001	0.793767	1.04039	2
7	52000001	1.04253	1.04039	2
7	53000001	0.900897	1.04039	2
7	54000001	4.77229	4.77229	10
7	55000001	0.833472	1.02971	2
7	56000001	1.52469	1.02971	2
7	57000001	1.44395	1.02971	2
7	58000001	1.19227	1.02971	2
7	59000001	1.04931	1.02971	2
7	60000001	1.03304	1.02971	2
7	61000001	1.02638	1.02971	2
7	62000001	1.0027	1.02971	2
7	63000001	0.73251	1.02971	2
7	64000001	0.996391	1.02971	2
7	65000001	2.58327	2.58327	5
7	66000001	1.07519	1.10248	2
7	67000001	1.09678	1.10248	2
7	68000001	1.6084	1.10248	2
7	69000001	1.09107	1.10248	2
7	70000001	1.70357	1.10248	2
7	71000001	0.897851	1.10248	2
7	72000001	1.32944	1.10248	2
7	73000001	1.72825	1.10248	2
7	74000001	0.877989	1.10248	2
7	75000001	0.632386	1.10248	2
7	76000001	1.33674	1.10248	2
7	77000001	0.780014	1.10248	2
7	78000001	1.14804	1.10248	2
7	79000001	1.7692	1.10248	2
7	80000001	1.10248	1.10248	2
7	81000001	0.984986	1.10248	2
7	82000001	1.55619	1.10248	2
7	83000001	1.00139	1.10248	2
7	84000001	1.61861	1.10248	2
7	85000001	0.832165	0.964556	2
7	86000001	0.948524	0.964556	2
7	87000001	1.10426	0.964556	2
7	88000001	0.748735	0.964556	2
7	89000001	1.26782	0.964556	2
7	90000001	0.835692	0.964556	2
7	91000001	0.813276	0.964556	2
7	92000001	0.989846	0.964556	2
7	93000001	0.890842	0.964556	2
7	94000001	1.03691	0.964556	2
7	95000001	1.11212	0.964556	2
7	96000001	0.964556	0.964556	2
7	97000001	1.15507	0.964556	2
7	98000001	0.912491	0.964556	2
7	99000001	1.19786	0.964556	2
7	100000001	0.871219	0.964556	2
7	101000001	0.946806	0.964556	2
7	102000001	0.916002	0.964556	2
7	103000001	1.26896	0.964556	2
7	104000001	0.852762	0.964556	2
7	105000001	0.650366	0.964556	2
7	106000001	0.959336	0.964556	2
7	107000001	1.33806	0.964556	2
7	108000001	1.01031	0.964556	2
7	109000001	1.11612	0.964556	2
7	110000001	1.19523	0.964556	2
7	111000001	1.13931	0.964556	2
7	112000001	1.96539	0.964556	2
7	113000001	0.834682	0.964556	2
7	114000001	2.54575	2.54575	5
7	115000001	0.776017	1.04063	2
7	116000001	1.18628	1.04063	2
7	117000001	0.979926	1.04063	2
7	118000001	1.14505	1.04063	2
7	119000001	1.06788	1.04063	2
7	120000001	1.147	1.04063	2
7	121000001	0.719713	1.04063	2
7	122000001	1.08541	1.04063	2
7	123000001	0.996407	1.04063	2
7	124000001	0.839787	1.04063	2
7	125000001	0.812346	1.04063	2
7	126000001	1.05128	1.04063	2
7	127000001	0.929174	1.04063	2
7	128000001	0.845199	1.04063	2
7	129000001	1.00203	1.04063	2
7	130000001	1.02643	1.04063	2
7	131000001	1.04063	1.04063	2
7	132000001	1.29799	1.04063	2
7	133000001	1.21333	1.04063	2
7	134000001	1.40341	1.04063	2
7	135000001	1.03293	1.04063	2
7	136000001	1.12863	1.04063	2
7	137000001	1.1302	1.04063	2
7	138000001	1.01615	1.04063	2
7	139000001	1.2924	1.04063	2
7	140000001	0.917242	1.04063	2
7	141000001	0.980837	1.04063	2
7	142000001	2.0596	1.04063	2
7	143000001	1.37188	1.04063	2
7	144000001	0.878916	1.04063	2
7	145000001	1.30535	1.04063	2
7	146000001	0.94153	1.04063	2
7	147000001	1.25098	1.04063	2
7	148000001	1.05909	1.04063	2
7	149000001	0.801985	1.04063	2
7	150000001	2.06909	1.99201	4
7	151000001	1.91494	1.99201	4
7	152000001	1.02092	1.08156	2
7	153000001	0.989337	1.08156	2
7	154000001	1.37069	1.08156	2
7	155000001	1.40094	1.08156	2
7	156000001	0.953863	1.08156	2
7	157000001	1.14221	1.08156	2
7	158000001	2.32282	2.33691	5
7	159000001	2.35099	2.33691	5
8	1	0.735957	0.745046	1
8	1000001	0.967036	0.745046	1
8	2000001	0.745046	0.745046	1
8	3000001	1.55249	1.05696	2
8	4000001	1.05696	1.05696	2
8	5000001	0.938126	1.05696	2
8	6000001	1.3194	1.05696	2
8	7000001	1.07191	1.05696	2
8	8000001	0.930346	1.05696	2
8	9000001	0.979734	1.05696	2
8	10000001	1.45932	1.05696	2
8	11000001	0.951338	1.05696	2
8	12000001	1.18618	1.05696	2
8	13000001	1.00994	1.05696	2
8	14000001	1.78992	1.61011	3
8	15000001	1.2272	1.61011	3
8	16000001	1.70703	1.61011	3
8	17000001	1.51318	1.61011	3
8	18000001	0.941445	1.01272	2
8	19000001	0.814282	1.01272	2
8	20000001	0.918306	1.01272	2
8	21000001	1.24686	1.01272	2
8	22000001	0.793896	1.01272	2
8	23000001	1.2649	1.01272	2
8	24000001	1.13151	1.01272	2
8	25000001	1.13848	1.01272	2
8	26000001	0.804214	1.01272	2
8	27000001	1.01272	1.01272	2
8	28000001	0.651473	1.01272	2
8	29000001	1.16123	1.01272	2
8	30000001	1.10412	1.01272	2
8	31000001	0.873371	1.01272	2
8	32000001	1.25613	1.01272	2
8	33000001	1.23163	1.01272	2
8	34000001	0.956954	1.01272	2
8	35000001	1.16781	1.01272	2
8	36000001	1.2138	1.01272	2
8	37000001	1.22188	1.01272	2
8	38000001	0.87448	1.01272	2
8	39000001	1.43303	1.01272	2
8	40000001	0.876318	1.01272	2
8	41000001	1.08955	1.01272	2
8	42000001	0.661152	1.01272	2
8	43000001	0.684442	1.01272	2
8	44000001	0.931959	1.01272	2
8	45000001	1.10818	1.01272	2
8	46000001	0.780703	1.01272	2
8	47000001	0.652009	1.01272	2
8	48000001	0.930405	1.01272	2
8	49000001	1.12043	1.01272	2
8	50000001	1.0415	1.01272	2
8	51000001	2.02008	1.69765	3
8	52000001	1.37522	1.69765	3
8	53000001	1.13379	1.08013	2
8	54000001	0.935525	1.08013	2
8	55000001	1.21439	1.08013	2
8	56000001	0.957497	1.08013	2
8	57000001	0.926725	1.08013	2
8	58000001	0.938206	1.08013	2
8	59000001	1.19777	1.08013	2
8	60000001	0.752373	1.08013	2
8	61000001	0.974455	1.08013	2
8	62000001	1.15779	1.08013	2
8	63000001	1.13951	1.08013	2
8	64000001	1.30646	1.08013	2
8	65000001	1.23581	1.08013	2
8	66000001	0.954353	1.08013	2
8	67000001	1.06285	1.08013	2
8	68000001	1.05765	1.08013	2
8	69000001	0.902766	1.08013	2
8	70000001	1.15535	1.08013	2
8	71000001	1.11267	1.08013	2
8	72000001	0.973043	1.08013	2
8	73000001	1.53706	1.08013	2
8	74000001	0.891593	1.08013	2
8	75000001	1.01818	1.08013	2
8	76000001	1.27527	1.08013	2
8	77000001	0.943787	1.08013	2
8	78000001	1.3107	1.08013	2
8	79000001	1.08013	1.08013	2
8	80000001	0.785729	1.08013	2
8	81000001	0.989337	1.08013	2
8	82000001	1.0849	1.08013	2
8	83000001	1.30193	1.08013	2
8	84000001	1.40846	1.08013	2
8	85000001	1.13949	1.08013	2
8	86000001	1.41599	1.08013	2
8	87000001	1.68693	1.08013	2
8	88000001	1.0868	1.08013	2
8	89000001	1.20813	1.08013	2
8	90000001	0.850021	1.08013	2
8	91000001	1.12473	1.08013	2
8	92000001	1.11404	1.08013	2
8	93000001	1.48049	1.08013	2
8	94000001	0.905349	1.08013	2
8	95000001	1.63754	1.08013	2
8	96000001	1.07106	1.08013	2
8	97000001	0.945546	1.08013	2
8	98000001	0.865512	1.08013	2
8	99000001	1.15572	1.08013	2
8	100000001	0.889543	1.08013	2
8	101000001	1.18563	1.08013	2
8	102000001	0.943363	1.08013	2
8	103000001	0.739794	1.08013	2
8	104000001	1.42057	1.08013	2
8	105000001	1.72593	1.08013	2
8	106000001	0.871044	1.08013	2
8	107000001	0.98123	1.08013	2
8	108000001	1.14559	1.08013	2
8	109000001	1.1373	1.08013	2
8	110000001	1.12331	1.08013	2
8	111000001	1.11782	1.08013	2
8	112000001	1.2251	1.08013	2
8	113000001	1.03705	1.08013	2
8	114000001	1.18061	1.08013	2
8	115000001	1.60301	1.08013	2
8	116000001	1.10604	1.08013	2
8	117000001	1.16856	1.08013	2
8	118000001	1.07852	1.08013	2
8	119000001	0.871304	1.08013	2
8	120000001	1.41698	1.08013	2
8	121000001	0.925802	1.08013	2
8	122000001	1.00981	1.08013	2
8	123000001	0.89086	1.08013	2
8	124000001	1.06289	1.08013	2
8	125000001	1.15569	1.08013	2
8	126000001	0.945287	1.08013	2
8	127000001	0.882835	1.08013	2
8	128000001	1.08103	1.08013	2
8	129000001	1.0588	1.08013	2
8	130000001	0.950818	1.08013	2
8	131000001	0.954714	1.08013	2
8	132000001	1.15633	1.08013	2
8	133000001	0.973225	1.08013	2
8	134000001	0.994771	1.08013	2
8	135000001	1.04182	1.08013	2
8	136000001	1.16181	1.08013	2
8	137000001	1.06756	1.08013	2
8	138000001	6.35083	6.35083	13
8	139000001	1.30743	1.17265	2
8	140000001	0.953189	1.17265	2
8	141000001	1.17265	1.17265	2
8	142000001	1.74193	1.17265	2
8	143000001	1.00705	1.17265	2
8	144000001	1.01025	1.17265	2
8	145000001	1.68393	1.17265	2
9	1	1.20555	1.04888	2
9	1000001	1.0971	1.04888	2
9	2000001	1.33677	1.04888	2
9	3000001	1.08982	1.04888	2
9	4000001	0.976792	1.04888	2
9	5000001	0.963977	1.04888	2
9	6000001	1.12745	1.04888	2
9	7000001	0.901793	1.04888	2
9	8000001	0.96014	1.04888	2
9	9000001	1.15307	1.04888	2
9	10000001	1.12928	1.04888	2
9	11000001	1.02094	1.04888	2
9	12000001	0.944047	1.04888	2
9	13000001	0.952532	1.04888	2
9	14000001	1.19081	1.04888	2
9	15000001	1.43721	1.04888	2
9	16000001	0.871977	1.04888	2
9	17000001	0.910063	1.04888	2
9	18000001	1.07104	1.04888	2
9	19000001	0.66886	1.04888	2
9	20000001	0.830037	1.04888	2
9	21000001	0.726145	1.04888	2
9	22000001	0.91806	1.04888	2
9	23000001	1.14156	1.04888	2
9	24000001	1.4133	1.04888	2
9	25000001	1.02896	1.04888	2
9	26000001	0.98213	1.04888	2
9	27000001	1.03471	1.04888	2
9	28000001	1.04888	1.04888	2
9	29000001	1.29226	1.04888	2
9	30000001	1.04252	1.04888	2
9	31000001	1.3597	1.04888	2
9	32000001	1.139	1.04888	2
9	33000001	0.920791	1.04888	2
9	34000001	0.888257	1.04888	2
9	35000001	1.09465	1.04888	2
9	36000001	0.973478	1.04888	2
9	37000001	0.840517	1.04888	2
9	38000001	1.24262	1.04888	2
9	39000001	1.09288	1.04888	2
9	40000001	1.39605	1.04888	2
9	41000001	1.17352	1.04888	2
9	42000001	1.08494	1.04888	2
9	43000001	1.22856	1.04888	2
9	44000001	1.24449	1.04888	2
9	45000001	0.743308	1.04888	2
9	46000001	-1	1.04888	2
9	47000001	-1	1.04888	2
9	48000001	-1	1.04888	2
9	49000001	-1	1.04888	2
9	50000001	-1	1.04888	2
9	51000001	-1	1.04888	2
9	52000001	-1	1.04888	2
9	53000001	-1	1.04888	2
9	54000001	-1	1.04888	2
9	55000001	-1	1.04888	2
9	56000001	-1	1.04888	2
9	57000001	-1	1.04888	2
9	58000001	-1	1.04888	2
9	59000001	-1	1.04888	2
9	60000001	0.972651	1.04888	2
9	61000001	1.07534	1.04888	2
9	62000001	0.983983	1.04888	2
9	63000001	1.34616	1.34616	3
9	64000001	1.29213	1.34616	3
9	65000001	1.54431	1.34616	3
9	66000001	1.00467	0.982545	2
9	67000001	1.25727	0.982545	2
9	68000001	1.12754	0.982545	2
9	69000001	0.734052	0.982545	2
9	70000001	0.925025	0.982545	2
9	71000001	0.984981	0.982545	2
9	72000001	0.74339	0.982545	2
9	73000001	1.538	0.982545	2
9	74000001	0.988942	0.982545	2
9	75000001	1.1416	0.982545	2
9	76000001	0.976857	0.982545	2
9	77000001	1.05432	0.982545	2
9	78000001	1.09356	0.982545	2
9	79000001	0.861278	0.982545	2
9	80000001	1.3372	0.982545	2
9	81000001	0.731785	0.982545	2
9	82000001	0.961467	0.982545	2
9	83000001	1.0258	0.982545	2
9	84000001	1.13583	0.982545	2
9	85000001	1.19213	0.982545	2
9	86000001	0.980108	0.982545	2
9	87000001	1.02606	0.982545	2
9	88000001	1.01356	0.982545	2
9	89000001	1.05894	0.982545	2
9	90000001	0.940172	0.982545	2
9	91000001	0.554485	0.982545	2
9	92000001	0.898407	0.982545	2
9	93000001	0.939918	0.982545	2
9	94000001	0.862452	0.982545	2
9	95000001	0.873466	0.982545	2
9	96000001	0.753631	0.982545	2
9	97000001	1.13611	0.982545	2
9	98000001	1.06035	0.982545	2
9	99000001	0.864071	0.982545	2
9	100000001	0.938312	0.982545	2
9	101000001	0.895635	0.982545	2
9	102000001	1.90856	1.62221	3
9	103000001	1.33586	1.62221	3
9	104000001	0.99739	1.04802	2
9	105000001	1.12605	1.04802	2
9	106000001	1.23518	1.04802	2
9	107000001	0.978769	1.04802	2
9	108000001	1.23706	1.04802	2
9	109000001	1.04802	1.04802	2
9	110000001	1.57612	1.04802	2
9	111000001	0.879862	1.04802	2
9	112000001	1.12738	1.04802	2
9	113000001	1.04817	1.04802	2
9	114000001	0.967673	1.04802	2
9	115000001	1.20004	1.04802	2
9	116000001	1.05274	1.04802	2
9	117000001	0.937179	1.04802	2
9	118000001	1.15468	1.04802	2
9	119000001	1.13511	1.04802	2
9	120000001	0.834184	1.04802	2
9	121000001	0.714423	1.04802	2
9	122000001	0.923883	1.04802	2
9	123000001	1.05155	1.04802	2
9	124000001	0.983641	1.04802	2
9	125000001	0.923765	1.04802	2
9	126000001	1.00455	1.04802	2
9	127000001	0.908022	1.04802	2
9	128000001	1.07117	1.04802	2
9	129000001	1.9199	1.9199	4
9	130000001	1.11155	1.2309	2
9	131000001	1.29925	1.2309	2
9	132000001	1.01587	1.2309	2
9	133000001	1.42789	1.2309	2
9	134000001	1.71717	1.2309	2
9	135000001	1.15557	1.2309	2
9	136000001	1.27217	1.2309	2
9	137000001	1.2309	1.2309	2
9	138000001	1.19458	1.2309	2
X	1	1.87119	1.87119	4
X	1000001	1.3418	1.11485	2
X	2000001	0.88789	1.11485	2
X	3000001	2.24549	2.24549	4
X	4000001	1.4264	1.26104	3
X	5000001	1.09568	1.26104	3
X	6000001	0.816461	0.700285	1
X	7000001	0.584109	0.700285	1
X	8000001	0.336549	0.700285	1
X	9000001	1.14783	0.700285	1
X	10000001	0.570419	0.700285	1
X	11000001	1.12492	0.700285	1
X	12000001	0.438338	0.553015	1
X	13000001	0.474233	0.553015	1
X	14000001	0.733247	0.553015	1
X	15000001	0.417894	0.553015	1
X	16000001	0.386229	0.553015	1
X	17000001	0.547123	0.553015	1
X	18000001	0.358823	0.553015	1
X	19000001	0.58707	0.553015	1
X	20000001	1.08536	0.553015	1
X	21000001	0.771193	0.553015	1
X	22000001	0.613901	0.553015	1
X	23000001	0.299627	0.553015	1
X	24000001	0.422758	0.553015	1
X	25000001	0.502749	0.553015	1
X	26000001	0.665204	0.553015	1
X	27000001	0.73345	0.553015	1
X	28000001	0.431126	0.553015	1
X	29000001	0.482662	0.553015	1
X	30000001	0.431473	0.553015	1
X	31000001	0.610043	0.553015	1
X	32000001	0.538833	0.553015	1
X	33000001	0.808361	0.553015	1
X	34000001	0.544217	0.553015	1
X	35000001	0.528203	0.553015	1
X	36000001	0.521137	0.553015	1
X	37000001	0.594069	0.553015	1
X	38000001	0.482311	0.553015	1
X	39000001	0.396351	0.553015	1
X	40000001	0.57153	0.553015	1
X	41000001	0.583202	0.553015	1
X	42000001	0.640183	0.553015	1
X	43000001	0.550396	0.553015	1
X	44000001	0.539638	0.553015	1
X	45000001	0.733248	0.553015	1
X	46000001	0.886487	0.553015	1
X	47000001	0.639068	0.553015	1
X	48000001	0.555633	0.553015	1
X	49000001	0.771671	0.553015	1
X	50000001	0.673661	0.553015	1
X	51000001	0.503576	0.553015	1
X	52000001	0.485355	0.553015	1
X	53000001	0.497075	0.553015	1
X	54000001	0.348128	0.553015	1
X	55000001	0.686675	0.553015	1
X	56000001	0.516724	0.553015	1
X	57000001	1.13981	0.553015	1
X	58000001	0.445979	0.553015	1
X	59000001	0.456855	0.553015	1
X	60000001	0.520567	0.553015	1
X	61000001	0.446825	0.553015	1
X	62000001	0.728834	0.553015	1
X	63000001	0.648543	0.553015	1
X	64000001	0.608216	0.553015	1
X	65000001	0.591656	0.553015	1
X	66000001	0.879855	0.553015	1
X	67000001	0.622295	0.553015	1
X	68000001	0.682919	0.553015	1
X	69000001	0.572947	0.553015	1
X	70000001	0.770992	0.553015	1
X	71000001	0.515794	0.553015	1
X	72000001	0.516195	0.553015	1
X	73000001	0.502163	0.553015	1
X	74000001	0.615043	0.553015	1
X	75000001	0.581113	0.553015	1
X	76000001	0.635569	0.553015	1
X	77000001	1.03664	0.553015	1
X	78000001	0.760998	0.553015	1
X	79000001	0.427082	0.553015	1
X	80000001	0.729612	0.553015	1
X	81000001	0.605424	0.553015	1
X	82000001	0.489602	0.553015	1
X	83000001	0.462225	0.553015	1
X	84000001	0.4668	0.553015	1
X	85000001	0.364478	0.553015	1
X	86000001	0.5793	0.553015	1
X	87000001	0.532302	0.553015	1
X	88000001	1.65171	1.65171	3
X	89000001	0.52032	0.550967	1
X	90000001	0.353658	0.550967	1
X	91000001	0.514812	0.550967	1
X	92000001	0.821978	0.550967	1
X	93000001	0.426762	0.550967	1
X	94000001	0.574032	0.550967	1
X	95000001	0.619846	0.550967	1
X	96000001	0.463164	0.550967	1
X	97000001	0.360346	0.550967	1
X	98000001	0.670228	0.550967	1
X	99000001	0.661324	0.550967	1
X	100000001	0.644582	0.550967	1
X	101000001	0.502701	0.550967	1
X	102000001	0.73637	0.550967	1
X	103000001	0.409565	0.550967	1
X	104000001	0.64799	0.550967	1
X	105000001	0.737579	0.550967	1
X	106000001	0.665701	0.550967	1
X	107000001	0.270754	0.550967	1
X	108000001	0.508974	0.550967	1
X	109000001	0.416399	0.550967	1
X	110000001	0.573445	0.550967	1
X	111000001	0.422049	0.550967	1
X	112000001	0.411216	0.550967	1
X	113000001	0.205984	0.550967	1
X	114000001	0.643549	0.550967	1
X	115000001	0.582963	0.550967	1
X	116000001	0.489033	0.550967	1
X	117000001	0.624895	0.550967	1
X	118000001	0.873711	0.550967	1
X	119000001	0.334012	0.550967	1
X	120000001	0.396255	0.550967	1
X	121000001	1.11037	0.550967	1
X	122000001	0.46415	0.550967	1
X	123000001	0.540074	0.550967	1
X	124000001	0.599244	0.550967	1
X	125000001	0.958136	0.550967	1
X	126000001	0.738672	0.550967	1
X	127000001	0.48484	0.550967	1
X	128000001	1.09812	0.550967	1
X	129000001	0.37812	0.550967	1
X	130000001	0.291099	0.550967	1
X	131000001	0.583963	0.550967	1
X	132000001	0.630638	0.550967	1
X	133000001	0.499365	0.550967	1
X	134000001	0.56186	0.550967	1
X	135000001	1.89946	1.89946	4
X	136000001	0.611133	0.577297	1
X	137000001	0.718493	0.577297	1
X	138000001	0.547424	0.577297	1
X	139000001	0.367838	0.577297	1
X	140000001	0.636641	0.577297	1
X	141000001	0.850605	0.577297	1
X	142000001	0.536021	0.577297	1
X	143000001	0.541689	0.577297	1
X	144000001	0.577297	0.577297	1
X	145000001	0.416844	0.577297	1
X	146000001	0.407429	0.577297	1
X	147000001	0.83096	0.577297	1
X	148000001	0.54655	0.577297	1
X	149000001	0.673246	0.577297	1
X	150000001	0.760507	0.577297	1
X	151000001	0.769545	0.577297	1
X	152000001	0.50702	0.577297	1
X	153000001	0.485741	0.577297	1
X	154000001	0.225497	0.577297	1
X	155000001	0.725593	0.577297	1
X	156000001	1.99495	0.577297	1
Y	1	-1	-1	1
Y	1000001	-1	-1	1
Y	2000001	0.9224	0.593257	1
Y	3000001	0.495662	0.593257	1
Y	4000001	0.705424	0.593257	1
Y	5000001	0.544316	0.593257	1
Y	6000001	0.635988	0.593257	1
Y	7000001	0.581555	0.593257	1
Y	8000001	0.320399	0.593257	1
Y	9000001	1.60662	0.593257	1
Y	10000001	1.23059	0.593257	1
Y	11000001	0.641883	0.593257	1
Y	12000001	1.4093	0.593257	1
Y	13000001	0.532586	0.593257	1
Y	14000001	0.593257	0.593257	1
Y	15000001	0.518757	0.593257	1
Y	16000001	0.571713	0.593257	1
Y	17000001	2.293	1.36053	3
Y	18000001	3.08506	1.36053	3
Y	19000001	0.415489	1.36053	3
Y	20000001	0.61692	1.36053	3
Y	21000001	1.71342	1.36053	3
Y	22000001	1.00764	1.36053	3
Y	23000001	2.96227	-1	3
Y	24000001	3.21909	-1	3
Y	25000001	3.62649	-1	3
Y	26000001	0.408162	-1	3
Y	27000001	-1	-1	3
Y	28000001	-1	-1	3
Y	29000001	-1	-1	3
Y	30000001	-1	-1	3
Y	31000001	-1	-1	3
Y	32000001	-1	-1	3
Y	33000001	-1	-1	3
Y	34000001	-1	-1	3
Y	35000001	-1	-1	3
Y	36000001	-1	-1	3
Y	37000001	-1	-1	3
Y	38000001	-1	-1	3
Y	39000001	-1	-1	3
Y	40000001	-1	-1	3
Y	41000001	-1	-1	3
Y	42000001	-1	-1	3
Y	43000001	-1	-1	3
Y	44000001	-1	-1	3
Y	45000001	-1	-1	3
Y	46000001	-1	-1	3
Y	47000001	-1	-1	3
Y	48000001	-1	-1	3
Y	49000001	-1	-1	3
Y	50000001	-1	-1	3
Y	51000001	-1	-1	3
Y	52000001	-1	-1	3
Y	53000001	-1	-1	3
Y	54000001	-1	-1	3
Y	55000001	-1	-1	3
Y	56000001	0.558328	-1	3
Y	57000001	-1	-1	3
