Chromosome	Start	Ratio	MedianRatio	CopyNumber
1	1	0.997803	1.2744	3
1	1000001	1.53122	1.2744	3
1	2000001	1.2744	1.2744	3
1	3000001	0.904404	1.02305	2
1	4000001	1.10304	1.02305	2
1	5000001	0.83973	1.02305	2
1	6000001	1.00471	1.02305	2
1	7000001	1.57589	1.02305	2
1	8000001	1.00425	1.02305	2
1	9000001	1.24759	1.02305	2
1	10000001	0.898762	1.02305	2
1	11000001	1.08479	1.02305	2
1	12000001	0.822843	1.02305	2
1	13000001	0.927739	1.02305	2
1	14000001	1.02322	1.02305	2
1	15000001	1.00352	1.02305	2
1	16000001	0.990104	1.02305	2
1	17000001	0.934889	1.02305	2
1	18000001	1.20528	1.02305	2
1	19000001	0.833011	1.02305	2
1	20000001	0.994588	1.02305	2
1	21000001	1.01092	1.02305	2
1	22000001	0.993389	1.02305	2
1	23000001	0.958769	1.02305	2
1	24000001	0.991869	1.02305	2
1	25000001	1.01732	1.02305	2
1	26000001	0.953975	1.02305	2
1	27000001	0.94426	1.02305	2
1	28000001	1.02288	1.02305	2
1	29000001	0.910449	1.02305	2
1	30000001	1.15736	1.02305	2
1	31000001	0.892268	1.02305	2
1	32000001	0.819527	1.02305	2
1	33000001	1.20042	1.02305	2
1	34000001	0.938101	1.02305	2
1	35000001	1.06776	1.02305	2
1	36000001	1.20422	1.02305	2
1	37000001	1.16368	1.02305	2
1	38000001	0.954435	1.02305	2
1	39000001	1.15762	1.02305	2
1	40000001	1.09738	1.02305	2
1	41000001	1.0028	1.02305	2
1	42000001	0.898349	1.02305	2
1	43000001	1.1059	1.02305	2
1	44000001	1.13797	1.02305	2
1	45000001	1.07748	1.02305	2
1	46000001	0.840623	1.02305	2
1	47000001	0.775426	1.02305	2
1	48000001	1.0403	1.02305	2
1	49000001	1.21787	1.02305	2
1	50000001	0.992368	1.02305	2
1	51000001	1.13716	1.02305	2
1	52000001	1.14378	1.02305	2
1	53000001	0.832234	1.02305	2
1	54000001	1.00466	1.02305	2
1	55000001	0.868681	1.02305	2
1	56000001	0.952498	1.02305	2
1	57000001	1.00364	1.02305	2
1	58000001	1.07778	1.02305	2
1	59000001	1.23012	1.02305	2
1	60000001	0.895244	1.02305	2
1	61000001	1.1614	1.02305	2
1	62000001	1.10097	1.02305	2
1	63000001	0.962601	1.02305	2
1	64000001	1.00064	1.02305	2
1	65000001	1.34191	1.02305	2
1	66000001	1.34535	1.02305	2
1	67000001	1.01393	1.02305	2
1	68000001	0.905846	1.02305	2
1	69000001	1.02168	1.02305	2
1	70000001	1.17791	1.02305	2
1	71000001	1.02397	1.02305	2
1	72000001	1.3332	1.02305	2
1	73000001	1.26017	1.02305	2
1	74000001	0.994349	1.02305	2
1	75000001	0.928505	1.02305	2
1	76000001	0.920367	1.02305	2
1	77000001	1.35404	1.02305	2
1	78000001	1.12271	1.02305	2
1	79000001	1.46556	1.02305	2
1	80000001	1.46213	1.02305	2
1	81000001	0.974338	1.02305	2
1	82000001	0.899885	1.02305	2
1	83000001	1.10082	1.02305	2
1	84000001	1.12327	1.02305	2
1	85000001	0.845917	1.02305	2
1	86000001	1.10843	1.02305	2
1	87000001	1.04781	1.02305	2
1	88000001	1.2508	1.02305	2
1	89000001	1.09046	1.02305	2
1	90000001	1.26766	1.02305	2
1	91000001	1.10772	1.02305	2
1	92000001	1.09998	1.02305	2
1	93000001	1.21421	1.02305	2
1	94000001	0.947174	1.02305	2
1	95000001	0.822972	1.02305	2
1	96000001	0.851894	1.02305	2
1	97000001	1.08802	1.02305	2
1	98000001	1.07451	1.02305	2
1	99000001	1.42159	1.02305	2
1	100000001	1.08599	1.02305	2
1	101000001	1.10772	1.02305	2
1	102000001	0.735194	1.02305	2
1	103000001	0.912212	1.02305	2
1	104000001	1.02708	1.02305	2
1	105000001	0.977298	1.02305	2
1	106000001	0.949048	1.02305	2
1	107000001	0.971314	1.02305	2
1	108000001	0.985982	1.02305	2
1	109000001	1.02642	1.02305	2
1	110000001	1.10532	1.02305	2
1	111000001	1.17446	1.02305	2
1	112000001	0.936096	1.02305	2
1	113000001	1.19744	1.02305	2
1	114000001	1.36451	1.02305	2
1	115000001	1.20178	1.02305	2
1	116000001	0.908549	1.02305	2
1	117000001	0.954026	1.02305	2
1	118000001	0.822501	1.02305	2
1	119000001	1.25988	1.02305	2
1	120000001	1.07679	1.02305	2
1	121000001	1.25646	1.02305	2
1	122000001	1.08298	1.02305	2
1	123000001	0.975247	1.02305	2
1	124000001	1.07024	1.02305	2
1	125000001	2.61939	-1	2
1	126000001	-1	-1	2
1	127000001	-1	-1	2
1	128000001	-1	-1	2
1	129000001	-1	-1	2
1	130000001	-1	-1	2
1	131000001	-1	-1	2
1	132000001	-1	-1	2
1	133000001	-1	-1	2
1	134000001	-1	-1	2
1	135000001	-1	-1	2
1	136000001	-1	-1	2
1	137000001	-1	-1	2
1	138000001	-1	-1	2
1	139000001	-1	-1	2
1	140000001	-1	-1	2
1	141000001	-1	-1	2
1	142000001	-1	-1	2
1	143000001	2.13669	-1	2
1	144000001	1.35566	1.05196	2
1	145000001	0.893157	1.05196	2
1	146000001	1.08157	1.05196	2
1	147000001	1.108	1.05196	2
1	148000001	0.917105	1.05196	2
1	149000001	1.08004	1.05196	2
1	150000001	1.0837	1.05196	2
1	151000001	0.809211	1.05196	2
1	152000001	1.11061	1.05196	2
1	153000001	1.08359	1.05196	2
1	154000001	1.21358	1.05196	2
1	155000001	1.10054	1.05196	2
1	156000001	0.855389	1.05196	2
1	157000001	0.885537	1.05196	2
1	158000001	1.18956	1.05196	2
1	159000001	1.04258	1.05196	2
1	160000001	0.855637	1.05196	2
1	161000001	1.0343	1.05196	2
1	162000001	1.241	1.05196	2
1	163000001	1.13722	1.05196	2
1	164000001	0.853657	1.05196	2
1	165000001	1.03102	1.05196	2
1	166000001	1.25268	1.05196	2
1	167000001	0.932573	1.05196	2
1	168000001	1.07869	1.05196	2
1	169000001	1.03941	1.05196	2
1	170000001	1.29248	1.05196	2
1	171000001	0.841886	1.05196	2
1	172000001	0.943854	1.05196	2
1	173000001	1.02176	1.05196	2
1	174000001	0.9291	1.05196	2
1	175000001	0.999786	1.05196	2
1	176000001	1.07393	1.05196	2
1	177000001	0.932521	1.05196	2
1	178000001	1.124	1.05196	2
1	179000001	1.07541	1.05196	2
1	180000001	1.01237	1.05196	2
1	181000001	1.16059	1.05196	2
1	182000001	1.06021	1.05196	2
1	183000001	1.07436	1.05196	2
1	184000001	0.85664	1.05196	2
1	185000001	0.965765	1.05196	2
1	186000001	1.17421	1.05196	2
1	187000001	0.965657	1.05196	2
1	188000001	1.15147	1.05196	2
1	189000001	1.37957	1.05196	2
1	190000001	1.34788	1.05196	2
1	191000001	1.30851	1.05196	2
1	192000001	1.06867	1.05196	2
1	193000001	1.27267	1.05196	2
1	194000001	0.869756	1.05196	2
1	195000001	1.03391	1.05196	2
1	196000001	1.04197	1.05196	2
1	197000001	1.08242	1.05196	2
1	198000001	1.47762	1.05196	2
1	199000001	0.838051	1.05196	2
1	200000001	1.2688	1.05196	2
1	201000001	0.84874	1.05196	2
1	202000001	1.35142	1.05196	2
1	203000001	1.07286	1.05196	2
1	204000001	0.979596	1.05196	2
1	205000001	0.986216	1.05196	2
1	206000001	1.05016	1.05196	2
1	207000001	1.04176	1.05196	2
1	208000001	1.16928	1.05196	2
1	209000001	1.02734	1.05196	2
1	210000001	1.21236	1.05196	2
1	211000001	1.03673	1.05196	2
1	212000001	1.0458	1.05196	2
1	213000001	0.976562	1.05196	2
1	214000001	1.02303	1.05196	2
1	215000001	1.14438	1.05196	2
1	216000001	0.991828	1.05196	2
1	217000001	0.944278	1.05196	2
1	218000001	0.930132	1.05196	2
1	219000001	1.05196	1.05196	2
1	220000001	1.11921	1.05196	2
1	221000001	0.966366	1.05196	2
1	222000001	1.26851	1.05196	2
1	223000001	1.03923	1.05196	2
1	224000001	1.13683	1.05196	2
1	225000001	1.09084	1.05196	2
1	226000001	0.941347	1.05196	2
1	227000001	0.900482	1.05196	2
1	228000001	0.975091	1.05196	2
1	229000001	1.08483	1.05196	2
1	230000001	1.00443	1.05196	2
1	231000001	0.835653	1.05196	2
1	232000001	0.991228	1.05196	2
1	233000001	1.2342	1.05196	2
1	234000001	0.848543	1.05196	2
1	235000001	0.86032	1.05196	2
1	236000001	1.08726	1.05196	2
1	237000001	1.13893	1.05196	2
1	238000001	1.10255	1.05196	2
1	239000001	1.10181	1.05196	2
1	240000001	1.01906	1.05196	2
1	241000001	1.17624	1.05196	2
1	242000001	1.18053	1.05196	2
1	243000001	1.08803	1.05196	2
1	244000001	0.939689	1.05196	2
1	245000001	1.17479	1.05196	2
1	246000001	1.32158	1.05196	2
1	247000001	0.931849	1.05196	2
1	248000001	1.28241	1.05196	2
10	1	0.993478	1.01546	2
10	1000001	1.00206	1.01546	2
10	2000001	0.965926	1.01546	2
10	3000001	0.85768	1.01546	2
10	4000001	0.998411	1.01546	2
10	5000001	0.992799	1.01546	2
10	6000001	0.783587	1.01546	2
10	7000001	0.868262	1.01546	2
10	8000001	1.06992	1.01546	2
10	9000001	0.97741	1.01546	2
10	10000001	0.942058	1.01546	2
10	11000001	1.10321	1.01546	2
10	12000001	1.0166	1.01546	2
10	13000001	0.999121	1.01546	2
10	14000001	1.09148	1.01546	2
10	15000001	1.01223	1.01546	2
10	16000001	1.03074	1.01546	2
10	17000001	0.916783	1.01546	2
10	18000001	1.04814	1.01546	2
10	19000001	1.10508	1.01546	2
10	20000001	1.20852	1.01546	2
10	21000001	1.14541	1.01546	2
10	22000001	1.28526	1.01546	2
10	23000001	1.13785	1.01546	2
10	24000001	0.976512	1.01546	2
10	25000001	0.808269	1.01546	2
10	26000001	1.09009	1.01546	2
10	27000001	1.37397	1.01546	2
10	28000001	0.830235	1.01546	2
10	29000001	0.891455	1.01546	2
10	30000001	1.13072	1.01546	2
10	31000001	0.901468	1.01546	2
10	32000001	0.891071	1.01546	2
10	33000001	0.865317	1.01546	2
10	34000001	0.95702	1.01546	2
10	35000001	1.08292	1.01546	2
10	36000001	1.4296	1.01546	2
10	37000001	1.05515	1.01546	2
10	38000001	1.11051	1.01546	2
10	39000001	0.88294	1.01546	2
10	40000001	1.27727	1.01546	2
10	41000001	0.794298	1.01546	2
10	42000001	1.1094	1.01546	2
10	43000001	0.965357	1.01546	2
10	44000001	0.755049	1.01546	2
10	45000001	0.898391	1.01546	2
10	46000001	0.83125	1.01546	2
10	47000001	1.00864	1.01546	2
10	48000001	0.827487	1.01546	2
10	49000001	0.985403	1.01546	2
10	50000001	1.07679	1.01546	2
10	51000001	1.23456	1.01546	2
10	52000001	0.853227	1.01546	2
10	53000001	1.20617	1.01546	2
10	54000001	1.1952	1.01546	2
10	55000001	0.80672	1.01546	2
10	56000001	1.01677	1.01546	2
10	57000001	1.38962	1.01546	2
10	58000001	0.838359	1.01546	2
10	59000001	1.0103	1.01546	2
10	60000001	1.03494	1.01546	2
10	61000001	0.919502	1.01546	2
10	62000001	1.01432	1.01546	2
10	63000001	1.13649	1.01546	2
10	64000001	1.10167	1.01546	2
10	65000001	1.36154	1.01546	2
10	66000001	1.07965	1.01546	2
10	67000001	1.07637	1.01546	2
10	68000001	0.870636	1.01546	2
10	69000001	0.852264	1.01546	2
10	70000001	0.968787	1.01546	2
10	71000001	0.855122	1.01546	2
10	72000001	1.05183	1.01546	2
10	73000001	0.921816	1.01546	2
10	74000001	1.1989	1.01546	2
10	75000001	0.916966	1.01546	2
10	76000001	1.09183	1.01546	2
10	77000001	0.975436	1.01546	2
10	78000001	1.06928	1.01546	2
10	79000001	1.02143	1.01546	2
10	80000001	0.945959	1.01546	2
10	81000001	1.02565	1.01546	2
10	82000001	1.04435	1.01546	2
10	83000001	1.41675	1.01546	2
10	84000001	0.82459	1.01546	2
10	85000001	1.19562	1.01546	2
10	86000001	1.02428	1.01546	2
10	87000001	1.10395	1.01546	2
10	88000001	1.06882	1.01546	2
10	89000001	1.28427	1.01546	2
10	90000001	1.15892	1.01546	2
10	91000001	1.00633	1.01546	2
10	92000001	0.731882	0.973873	2
10	93000001	0.947278	0.973873	2
10	94000001	0.875176	0.973873	2
10	95000001	1.01656	0.973873	2
10	96000001	1.15524	0.973873	2
10	97000001	1.00979	0.973873	2
10	98000001	1.07225	0.973873	2
10	99000001	1.12694	0.973873	2
10	100000001	0.960138	0.973873	2
10	101000001	0.767418	0.973873	2
10	102000001	0.832668	0.973873	2
10	103000001	0.974363	0.973873	2
10	104000001	0.955099	0.973873	2
10	105000001	1.09422	0.973873	2
10	106000001	0.943185	0.973873	2
10	107000001	1.18551	0.973873	2
10	108000001	0.652591	0.973873	2
10	109000001	1.00465	0.973873	2
10	110000001	0.973383	0.973873	2
10	111000001	1.18761	0.973873	2
10	112000001	0.975366	0.973873	2
10	113000001	0.975614	0.973873	2
10	114000001	0.859366	0.973873	2
10	115000001	0.987744	0.973873	2
10	116000001	0.906624	0.973873	2
10	117000001	0.936877	0.973873	2
10	118000001	1.04504	0.973873	2
10	119000001	0.808787	0.973873	2
10	120000001	1.13034	0.973873	2
10	121000001	0.84227	0.973873	2
10	122000001	1.56895	1.56895	3
10	123000001	1.00699	1.00699	2
10	124000001	1.03103	1.00699	2
10	125000001	0.83754	1.00699	2
10	126000001	3.16443	3.16443	6
10	127000001	0.969911	0.991298	2
10	128000001	0.907033	0.991298	2
10	129000001	1.13133	0.991298	2
10	130000001	0.991298	0.991298	2
10	131000001	0.933339	0.991298	2
10	132000001	1.07618	0.991298	2
10	133000001	1.70013	0.991298	2
11	1	1.2236	0.932982	2
11	1000001	0.863084	0.932982	2
11	2000001	0.772929	0.932982	2
11	3000001	1.15772	0.932982	2
11	4000001	0.912731	0.932982	2
11	5000001	0.896688	0.932982	2
11	6000001	1.14686	0.932982	2
11	7000001	0.994434	0.932982	2
11	8000001	0.978182	0.932982	2
11	9000001	0.837564	0.932982	2
11	10000001	0.932982	0.932982	2
11	11000001	2.14541	2.14541	4
11	12000001	0.876333	0.987256	2
11	13000001	1.01762	0.987256	2
11	14000001	0.909185	0.987256	2
11	15000001	0.956895	0.987256	2
11	16000001	1.14912	0.987256	2
11	17000001	1.26899	0.987256	2
11	18000001	1.05546	0.987256	2
11	19000001	0.834036	0.987256	2
11	20000001	1.25513	1.25513	3
11	21000001	1.15705	1.25513	3
11	22000001	1.49801	1.25513	3
11	23000001	0.931318	1.01463	2
11	24000001	0.962914	1.01463	2
11	25000001	0.796394	1.01463	2
11	26000001	1.07966	1.01463	2
11	27000001	1.19869	1.01463	2
11	28000001	1.07837	1.01463	2
11	29000001	1.09119	1.01463	2
11	30000001	1.07349	1.01463	2
11	31000001	1.17388	1.01463	2
11	32000001	0.973363	1.01463	2
11	33000001	1.18709	1.01463	2
11	34000001	0.813843	1.01463	2
11	35000001	0.982666	1.01463	2
11	36000001	0.984977	1.01463	2
11	37000001	1.10363	1.01463	2
11	38000001	1.01786	1.01463	2
11	39000001	0.942781	1.01463	2
11	40000001	0.955604	1.01463	2
11	41000001	0.921082	1.01463	2
11	42000001	1.17018	1.01463	2
11	43000001	0.97272	1.01463	2
11	44000001	1.0817	1.01463	2
11	45000001	1.06881	1.01463	2
11	46000001	1.04096	1.01463	2
11	47000001	0.87107	1.01463	2
11	48000001	1.09116	1.01463	2
11	49000001	1.01589	1.01463	2
11	50000001	1.20495	1.01463	2
11	51000001	0.983722	1.01463	2
11	52000001	0.863234	1.01463	2
11	53000001	0.861612	1.01463	2
11	54000001	0.812572	1.01463	2
11	55000001	1.44187	1.01463	2
11	56000001	0.790447	1.01463	2
11	57000001	1.05473	1.01463	2
11	58000001	1.09426	1.01463	2
11	59000001	0.975314	1.01463	2
11	60000001	0.890453	1.01463	2
11	61000001	0.95222	1.01463	2
11	62000001	1.08477	1.01463	2
11	63000001	1.00882	1.01463	2
11	64000001	1.28091	1.01463	2
11	65000001	1.15029	1.01463	2
11	66000001	1.01338	1.01463	2
11	67000001	1.07192	1.01463	2
11	68000001	0.985227	1.01463	2
11	69000001	1.8682	1.8682	4
11	70000001	0.834326	1.01098	2
11	71000001	1.44121	1.01098	2
11	72000001	1.01098	1.01098	2
11	73000001	1.00741	1.01098	2
11	74000001	1.11818	1.01098	2
11	75000001	0.939516	0.838979	2
11	76000001	0.825794	0.838979	2
11	77000001	0.738745	0.838979	2
11	78000001	0.852165	0.838979	2
11	79000001	1.37647	1.33106	3
11	80000001	1.28564	1.33106	3
11	81000001	1.04691	1.03174	2
11	82000001	1.01657	1.03174	2
11	83000001	0.870432	1.03174	2
11	84000001	1.24688	1.03174	2
11	85000001	0.989417	1.03174	2
11	86000001	0.858297	1.03174	2
11	87000001	1.16557	1.03174	2
11	88000001	1.10921	1.03174	2
11	89000001	0.948762	0.878672	2
11	90000001	0.788577	0.878672	2
11	91000001	0.931611	0.878672	2
11	92000001	0.832396	0.878672	2
11	93000001	0.924948	0.878672	2
11	94000001	0.775157	0.878672	2
11	95000001	1.31901	1.33557	3
11	96000001	1.35213	1.33557	3
11	97000001	0.693627	0.927468	2
11	98000001	1.13057	0.927468	2
11	99000001	0.927468	0.927468	2
11	100000001	0.868418	0.927468	2
11	101000001	0.916726	0.927468	2
11	102000001	0.985835	0.927468	2
11	103000001	0.9692	0.927468	2
11	104000001	1.45677	1.06914	2
11	105000001	0.802745	1.06914	2
11	106000001	0.990366	1.06914	2
11	107000001	1.37673	1.06914	2
11	108000001	0.963856	1.06914	2
11	109000001	1.0584	1.06914	2
11	110000001	1.13104	1.06914	2
11	111000001	0.946671	1.06914	2
11	112000001	1.05065	1.06914	2
11	113000001	1.08562	1.06914	2
11	114000001	1.08146	1.06914	2
11	115000001	1.08236	1.06914	2
11	116000001	1.10243	1.06914	2
11	117000001	1.05819	1.06914	2
11	118000001	1.15072	1.06914	2
11	119000001	0.925154	1.06914	2
11	120000001	1.07988	1.06914	2
11	121000001	1.00903	1.06914	2
11	122000001	0.834817	0.88902	2
11	123000001	0.952913	0.88902	2
11	124000001	0.803979	0.88902	2
11	125000001	0.815106	0.88902	2
11	126000001	0.945539	0.88902	2
11	127000001	0.943222	0.88902	2
11	128000001	1.19113	1.00465	2
11	129000001	1.06836	1.00465	2
11	130000001	0.908617	1.00465	2
11	131000001	1.02138	1.00465	2
11	132000001	0.987934	1.00465	2
11	133000001	1.07479	1.00465	2
11	134000001	0.872313	1.00465	2
11	135000001	0.912504	1.00465	2
12	1	0.983567	1.04111	2
12	1000001	0.915596	1.04111	2
12	2000001	1.14862	1.04111	2
12	3000001	1.15327	1.04111	2
12	4000001	0.872645	1.04111	2
12	5000001	1.15138	1.04111	2
12	6000001	1.03784	1.04111	2
12	7000001	1.39015	1.04111	2
12	8000001	0.935918	1.04111	2
12	9000001	1.36073	1.04111	2
12	10000001	1.03768	1.04111	2
12	11000001	1.39341	1.04111	2
12	12000001	1.04902	1.04111	2
12	13000001	0.797708	1.04111	2
12	14000001	1.05161	1.04111	2
12	15000001	0.939739	1.04111	2
12	16000001	1.09153	1.04111	2
12	17000001	1.26794	1.04111	2
12	18000001	1.11079	1.04111	2
12	19000001	0.998718	1.04111	2
12	20000001	0.985336	1.04111	2
12	21000001	1.04532	1.04111	2
12	22000001	0.936161	1.04111	2
12	23000001	0.973217	1.04111	2
12	24000001	1.18	1.04111	2
12	25000001	1.10004	1.04111	2
12	26000001	0.985586	1.04111	2
12	27000001	1.1915	1.04111	2
12	28000001	1.09858	1.04111	2
12	29000001	1.04439	1.04111	2
12	30000001	0.883602	1.04111	2
12	31000001	0.853424	1.04111	2
12	32000001	1.01991	1.04111	2
12	33000001	1.07968	1.04111	2
12	34000001	0.875846	1.04111	2
12	35000001	1.27846	1.04111	2
12	36000001	1.00475	1.04111	2
12	37000001	0.975782	1.04111	2
12	38000001	1.09506	1.04111	2
12	39000001	1.22559	1.04111	2
12	40000001	1.04777	1.04111	2
12	41000001	1.01695	1.04111	2
12	42000001	0.758118	1.04111	2
12	43000001	0.822123	1.04111	2
12	44000001	1.05333	1.04111	2
12	45000001	0.939826	1.04111	2
12	46000001	1.12423	1.04111	2
12	47000001	0.833449	1.04111	2
12	48000001	1.94817	1.94817	4
12	49000001	0.973178	1.08427	2
12	50000001	0.949758	1.08427	2
12	51000001	1.14185	1.08427	2
12	52000001	0.917462	1.08427	2
12	53000001	1.11187	1.08427	2
12	54000001	1.05826	1.08427	2
12	55000001	1.08899	1.08427	2
12	56000001	0.785634	1.08427	2
12	57000001	0.962562	1.08427	2
12	58000001	1.21809	1.08427	2
12	59000001	1.16376	1.08427	2
12	60000001	1.40031	1.08427	2
12	61000001	1.13144	1.08427	2
12	62000001	0.944225	1.08427	2
12	63000001	0.885361	1.08427	2
12	64000001	1.17206	1.08427	2
12	65000001	0.898616	1.08427	2
12	66000001	1.35123	1.08427	2
12	67000001	0.977078	1.08427	2
12	68000001	1.05916	1.08427	2
12	69000001	1.3577	1.08427	2
12	70000001	1.07301	1.08427	2
12	71000001	0.99152	1.08427	2
12	72000001	0.986258	1.08427	2
12	73000001	1.28955	1.08427	2
12	74000001	1.18954	1.08427	2
12	75000001	1.19997	1.08427	2
12	76000001	1.28919	1.08427	2
12	77000001	0.987533	1.08427	2
12	78000001	1.19826	1.08427	2
12	79000001	1.04922	1.08427	2
12	80000001	0.9027	1.08427	2
12	81000001	1.24224	1.08427	2
12	82000001	1.07955	1.08427	2
12	83000001	1.26179	1.08427	2
12	84000001	1.04996	1.08427	2
12	85000001	1.32767	1.08427	2
12	86000001	1.12283	1.08427	2
12	87000001	1.45091	1.08427	2
12	88000001	1.0774	1.08427	2
12	89000001	0.841844	0.990985	2
12	90000001	1.10362	0.990985	2
12	91000001	0.970908	0.990985	2
12	92000001	0.86068	0.990985	2
12	93000001	1.00413	0.990985	2
12	94000001	0.921348	0.990985	2
12	95000001	1.3046	0.990985	2
12	96000001	0.816676	0.990985	2
12	97000001	1.08229	0.990985	2
12	98000001	0.916726	0.990985	2
12	99000001	1.34212	0.990985	2
12	100000001	1.00879	0.990985	2
12	101000001	1.0964	0.990985	2
12	102000001	1.03187	0.990985	2
12	103000001	0.990801	0.990985	2
12	104000001	1.07132	0.990985	2
12	105000001	0.920383	0.990985	2
12	106000001	0.937182	0.990985	2
12	107000001	0.847641	0.990985	2
12	108000001	1.25686	0.990985	2
12	109000001	0.945675	0.990985	2
12	110000001	0.996377	0.990985	2
12	111000001	1.25461	0.990985	2
12	112000001	1.14065	0.990985	2
12	113000001	1.10308	0.990985	2
12	114000001	1.12154	0.990985	2
12	115000001	0.950095	0.990985	2
12	116000001	0.957723	0.990985	2
12	117000001	0.871425	0.990985	2
12	118000001	0.991169	0.990985	2
12	119000001	0.879654	0.990985	2
12	120000001	0.982922	0.990985	2
12	121000001	1.3393	0.990985	2
12	122000001	1.03922	0.990985	2
12	123000001	0.884533	0.990985	2
12	124000001	1.04552	0.990985	2
12	125000001	0.946838	0.990985	2
12	126000001	0.986548	0.990985	2
12	127000001	0.781689	0.990985	2
12	128000001	1.16978	0.990985	2
12	129000001	1.60843	1.40477	3
12	130000001	0.99614	1.40477	3
12	131000001	1.54499	1.40477	3
12	132000001	1.40477	1.40477	3
12	133000001	1.25931	1.40477	3
13	1	-1	-1	2
13	1000001	-1	-1	2
13	2000001	-1	-1	2
13	3000001	-1	-1	2
13	4000001	-1	-1	2
13	5000001	-1	-1	2
13	6000001	-1	-1	2
13	7000001	-1	-1	2
13	8000001	-1	-1	2
13	9000001	-1	-1	2
13	10000001	-1	-1	2
13	11000001	-1	-1	2
13	12000001	-1	-1	2
13	13000001	-1	-1	2
13	14000001	-1	-1	2
13	15000001	-1	-1	2
13	16000001	1.08509	0.984005	2
13	17000001	0.840759	0.984005	2
13	18000001	1.342	0.984005	2
13	19000001	1.23215	0.984005	2
13	20000001	0.984005	0.984005	2
13	21000001	0.833875	0.984005	2
13	22000001	1.2009	0.984005	2
13	23000001	0.899232	0.984005	2
13	24000001	0.779568	0.984005	2
13	25000001	1.10519	0.984005	2
13	26000001	1.04236	0.984005	2
13	27000001	0.876712	0.984005	2
13	28000001	1.18077	0.984005	2
13	29000001	0.968187	0.984005	2
13	30000001	0.817026	0.984005	2
13	31000001	1.29916	1.11115	2
13	32000001	1.1216	1.11115	2
13	33000001	1.26674	1.11115	2
13	34000001	1.11817	1.11115	2
13	35000001	1.33514	1.11115	2
13	36000001	1.01332	1.11115	2
13	37000001	1.42202	1.11115	2
13	38000001	1.11115	1.11115	2
13	39000001	0.927509	1.11115	2
13	40000001	0.866504	1.11115	2
13	41000001	1.56825	1.11115	2
13	42000001	1.10041	1.11115	2
13	43000001	1.09035	1.11115	2
13	44000001	1.05566	1.11115	2
13	45000001	1.05217	1.11115	2
13	46000001	1.04918	1.11115	2
13	47000001	1.33918	1.11115	2
13	48000001	0.891575	0.887951	2
13	49000001	0.826602	0.887951	2
13	50000001	0.887951	0.887951	2
13	51000001	1.05064	1.05188	2
13	52000001	1.02189	1.05188	2
13	53000001	1.17134	1.05188	2
13	54000001	0.901878	1.05188	2
13	55000001	1.50423	1.05188	2
13	56000001	0.725271	1.05188	2
13	57000001	0.920483	1.05188	2
13	58000001	1.11531	1.05188	2
13	59000001	1.02171	1.05188	2
13	60000001	0.922643	1.05188	2
13	61000001	1.09838	1.05188	2
13	62000001	1.26278	1.05188	2
13	63000001	1.02914	1.05188	2
13	64000001	0.805331	1.05188	2
13	65000001	1.01226	1.05188	2
13	66000001	1.17321	1.05188	2
13	67000001	1.12475	1.05188	2
13	68000001	0.926683	1.05188	2
13	69000001	1.03082	1.05188	2
13	70000001	0.867782	1.05188	2
13	71000001	1.46397	1.05188	2
13	72000001	1.09685	1.05188	2
13	73000001	1.01948	1.05188	2
13	74000001	1.23147	1.05188	2
13	75000001	1.09284	1.05188	2
13	76000001	1.00307	1.05188	2
13	77000001	1.24539	1.05188	2
13	78000001	1.02008	1.05188	2
13	79000001	0.886881	1.05188	2
13	80000001	1.33939	1.05188	2
13	81000001	0.987357	1.05188	2
13	82000001	0.861628	1.05188	2
13	83000001	1.30753	1.05188	2
13	84000001	0.984031	1.05188	2
13	85000001	0.868747	1.05188	2
13	86000001	1.56879	1.05188	2
13	87000001	1.16177	1.05188	2
13	88000001	1.14359	1.05188	2
13	89000001	1.04107	1.05188	2
13	90000001	1.0364	1.05188	2
13	91000001	0.938453	1.05188	2
13	92000001	1.1806	1.05188	2
13	93000001	1.07198	1.05188	2
13	94000001	0.753333	1.05188	2
13	95000001	1.01095	1.05188	2
13	96000001	0.971633	1.05188	2
13	97000001	0.929736	1.05188	2
13	98000001	1.19043	1.05188	2
13	99000001	1.18757	1.05188	2
13	100000001	0.93819	1.05188	2
13	101000001	1.22527	1.05188	2
13	102000001	0.844891	1.05188	2
13	103000001	1.17244	1.05188	2
13	104000001	1.42703	1.05188	2
13	105000001	1.05312	1.05188	2
13	106000001	1.18626	1.05188	2
13	107000001	1.2027	1.05188	2
13	108000001	1.07762	1.05188	2
13	109000001	1.41581	1.05188	2
13	110000001	1.12279	1.05188	2
13	111000001	1.08321	1.05188	2
13	112000001	1.07509	1.05188	2
13	113000001	0.881238	1.05188	2
13	114000001	0.874008	1.05188	2
14	1	-1	-1	2
14	1000001	-1	-1	2
14	2000001	-1	-1	2
14	3000001	-1	-1	2
14	4000001	-1	-1	2
14	5000001	-1	-1	2
14	6000001	-1	-1	2
14	7000001	-1	-1	2
14	8000001	-1	-1	2
14	9000001	-1	-1	2
14	10000001	-1	-1	2
14	11000001	-1	-1	2
14	12000001	-1	-1	2
14	13000001	-1	-1	2
14	14000001	-1	-1	2
14	15000001	-1	-1	2
14	16000001	1.21118	0.932343	2
14	17000001	0.900454	0.932343	2
14	18000001	0.848453	0.932343	2
14	19000001	0.964231	0.932343	2
14	20000001	1.07608	1.0627	2
14	21000001	1.15929	1.0627	2
14	22000001	1.25538	1.0627	2
14	23000001	0.964459	1.0627	2
14	24000001	1.0172	1.0627	2
14	25000001	1.44963	1.0627	2
14	26000001	0.865665	1.0627	2
14	27000001	0.85712	1.0627	2
14	28000001	1.15943	1.0627	2
14	29000001	1.1506	1.0627	2
14	30000001	1.0627	1.0627	2
14	31000001	1.01401	1.0627	2
14	32000001	1.09313	1.0627	2
14	33000001	0.974586	1.0627	2
14	34000001	1.12337	1.0627	2
14	35000001	1.02192	1.0627	2
14	36000001	0.903583	1.0627	2
14	37000001	0.982994	1.0627	2
14	38000001	1.16126	1.0627	2
14	39000001	0.97616	0.81554	2
14	40000001	0.801246	0.81554	2
14	41000001	0.78421	0.81554	2
14	42000001	0.829834	0.81554	2
14	43000001	1.19869	0.98138	2
14	44000001	1.07408	0.98138	2
14	45000001	0.965205	0.98138	2
14	46000001	0.890303	0.98138	2
14	47000001	0.925979	0.98138	2
14	48000001	1.15057	0.98138	2
14	49000001	1.11487	0.98138	2
14	50000001	1.07043	0.98138	2
14	51000001	1.09592	0.98138	2
14	52000001	0.954365	0.98138	2
14	53000001	0.953203	0.98138	2
14	54000001	0.904587	0.98138	2
14	55000001	0.98138	0.98138	2
14	56000001	0.878503	0.98138	2
14	57000001	1.29549	0.98138	2
14	58000001	1.01407	0.98138	2
14	59000001	0.826689	0.98138	2
14	60000001	2.31177	2.31177	5
14	61000001	0.983861	0.973266	2
14	62000001	1.15856	0.973266	2
14	63000001	0.877136	0.973266	2
14	64000001	0.76192	0.973266	2
14	65000001	1.01722	0.973266	2
14	66000001	0.974564	0.973266	2
14	67000001	0.959668	0.973266	2
14	68000001	0.836356	0.973266	2
14	69000001	0.831074	0.973266	2
14	70000001	1.04586	0.973266	2
14	71000001	1.05051	0.973266	2
14	72000001	0.905811	0.973266	2
14	73000001	0.971968	0.973266	2
14	74000001	1.18259	0.973266	2
14	75000001	0.941876	0.973266	2
14	76000001	1.01666	0.973266	2
14	77000001	0.852737	0.820312	2
14	78000001	0.838979	0.820312	2
14	79000001	0.656808	0.820312	2
14	80000001	0.801645	0.820312	2
14	81000001	1.14475	1.08162	2
14	82000001	1.03074	1.08162	2
14	83000001	1.08859	1.08162	2
14	84000001	1.33689	1.08162	2
14	85000001	0.947205	1.08162	2
14	86000001	1.00936	1.08162	2
14	87000001	1.18444	1.08162	2
14	88000001	1.00184	1.08162	2
14	89000001	1.02285	1.08162	2
14	90000001	1.08162	1.08162	2
14	91000001	1.09536	1.08162	2
14	92000001	0.991345	0.923004	2
14	93000001	0.973402	0.923004	2
14	94000001	0.923004	0.923004	2
14	95000001	0.823227	0.923004	2
14	96000001	0.852942	0.923004	2
14	97000001	1.01816	0.923004	2
14	98000001	1.07083	0.923004	2
14	99000001	0.809574	0.923004	2
14	100000001	0.791274	0.923004	2
14	101000001	1.09228	1.0698	2
14	102000001	1.04731	1.0698	2
14	103000001	1.19889	1.0698	2
14	104000001	1.03725	1.0698	2
14	105000001	0.989123	1.0698	2
14	106000001	1.16217	1.0698	2
14	107000001	-1	-1	2
15	1	-1	-1	3
15	1000001	-1	-1	3
15	2000001	-1	-1	3
15	3000001	-1	-1	3
15	4000001	-1	-1	3
15	5000001	-1	-1	3
15	6000001	-1	-1	3
15	7000001	-1	-1	3
15	8000001	-1	-1	3
15	9000001	-1	-1	3
15	10000001	-1	-1	3
15	11000001	-1	-1	3
15	12000001	-1	-1	3
15	13000001	-1	-1	3
15	14000001	-1	-1	3
15	15000001	-1	-1	3
15	16000001	-1	-1	3
15	17000001	1.54388	1.54388	3
15	18000001	0.904239	0.946388	2
15	19000001	1.10277	0.946388	2
15	20000001	0.988538	0.946388	2
15	21000001	0.799761	0.946388	2
15	22000001	1.08088	0.946388	2
15	23000001	0.892163	0.946388	2
15	24000001	1.08739	0.946388	2
15	25000001	0.811736	0.946388	2
15	26000001	0.889484	0.946388	2
15	27000001	1.05866	0.946388	2
15	28000001	0.826511	0.946388	2
15	29000001	1.38694	0.946388	2
15	30000001	0.870583	0.870583	2
15	31000001	0.868724	0.870583	2
15	32000001	0.863359	0.870583	2
15	33000001	1.04886	0.870583	2
15	34000001	1.08787	0.870583	2
15	35000001	0.775895	0.870583	2
15	36000001	0.908539	0.870583	2
15	37000001	1.09181	1.02067	2
15	38000001	1.38753	1.02067	2
15	39000001	0.94493	1.02067	2
15	40000001	1.04354	1.02067	2
15	41000001	0.860528	1.02067	2
15	42000001	1.34937	1.02067	2
15	43000001	0.959866	1.02067	2
15	44000001	0.993853	1.02067	2
15	45000001	1.21737	1.02067	2
15	46000001	1.07603	1.02067	2
15	47000001	0.766761	1.02067	2
15	48000001	0.977621	1.02067	2
15	49000001	1.02067	1.02067	2
15	50000001	1.5758	1.5758	3
15	51000001	1.05451	1.05041	2
15	52000001	0.957938	1.05041	2
15	53000001	1.04631	1.05041	2
15	54000001	1.03958	1.05041	2
15	55000001	1.22439	1.05041	2
15	56000001	1.23631	1.05041	2
15	57000001	1.10863	1.05041	2
15	58000001	0.686958	1.05041	2
15	59000001	1.04619	1.05041	2
15	60000001	1.16056	1.05041	2
15	61000001	1.21941	1.05041	2
15	62000001	1.1109	1.05041	2
15	63000001	1.00235	1.05041	2
15	64000001	0.998647	1.05041	2
15	65000001	1.02128	1.05041	2
15	66000001	1.11862	1.05041	2
15	67000001	1.01657	1.05041	2
15	68000001	1.061	1.05041	2
15	69000001	0.863688	0.933894	2
15	70000001	0.903378	0.933894	2
15	71000001	1.11065	0.933894	2
15	72000001	0.974021	0.933894	2
15	73000001	0.945371	0.933894	2
15	74000001	0.72935	0.933894	2
15	75000001	1.02243	0.933894	2
15	76000001	0.886767	0.933894	2
15	77000001	0.979329	0.933894	2
15	78000001	0.922418	0.933894	2
15	79000001	1.51067	1.42278	3
15	80000001	1.3349	1.42278	3
15	81000001	1.13317	1.08535	2
15	82000001	0.9135	1.08535	2
15	83000001	1.12877	1.08535	2
15	84000001	1.05744	1.08535	2
15	85000001	1.15987	1.08535	2
15	86000001	1.00585	1.08535	2
15	87000001	0.718713	1.08535	2
15	88000001	1.07086	1.08535	2
15	89000001	1.21597	1.08535	2
15	90000001	1.09983	1.08535	2
15	91000001	0.924155	0.914168	2
15	92000001	0.914168	0.914168	2
15	93000001	1.05838	0.914168	2
15	94000001	1.07196	0.914168	2
15	95000001	0.890612	0.914168	2
15	96000001	0.973971	0.914168	2
15	97000001	0.868946	0.914168	2
15	98000001	1.0655	0.914168	2
15	99000001	0.793137	0.914168	2
15	100000001	0.778913	0.914168	2
15	101000001	0.881953	0.914168	2
16	1	0.979799	0.874128	2
16	1000001	0.971753	0.874128	2
16	2000001	0.808356	0.874128	2
16	3000001	0.876499	0.874128	2
16	4000001	0.871757	0.874128	2
16	5000001	0.813123	0.874128	2
16	6000001	1.42112	1.08017	2
16	7000001	1.18424	1.08017	2
16	8000001	0.966595	1.08017	2
16	9000001	1.10496	1.08017	2
16	10000001	1.69934	1.08017	2
16	11000001	1.04698	1.08017	2
16	12000001	0.96532	1.08017	2
16	13000001	0.987203	1.08017	2
16	14000001	1.09201	1.08017	2
16	15000001	1.08476	1.08017	2
16	16000001	1.15582	1.08017	2
16	17000001	0.867307	1.08017	2
16	18000001	1.08956	1.08017	2
16	19000001	1.02974	1.08017	2
16	20000001	1.07091	1.08017	2
16	21000001	1.11451	1.08017	2
16	22000001	1.17228	1.08017	2
16	23000001	1.46493	1.08017	2
16	24000001	1.02448	1.08017	2
16	25000001	1.04232	1.08017	2
16	26000001	1.28575	1.08017	2
16	27000001	0.700001	1.08017	2
16	28000001	1.04174	1.08017	2
16	29000001	0.83318	1.08017	2
16	30000001	0.944986	1.08017	2
16	31000001	1.08017	1.08017	2
16	32000001	1.34657	1.08017	2
16	33000001	1.61445	1.08017	2
16	34000001	1.52394	1.08017	2
16	35000001	0.7795	1.08017	2
16	36000001	0.932732	1.08017	2
16	37000001	1.057	1.08017	2
16	38000001	1.12503	1.08017	2
16	39000001	-1	-1	2
16	40000001	-1	-1	2
16	41000001	-1	-1	2
16	42000001	-1	-1	2
16	43000001	-1	-1	2
16	44000001	-1	-1	2
16	45000001	-1	-1	2
16	46000001	2.92959	2.92959	6
16	47000001	0.990424	1.00321	2
16	48000001	1.14378	1.00321	2
16	49000001	0.874737	1.00321	2
16	50000001	0.991788	1.00321	2
16	51000001	1.00333	1.00321	2
16	52000001	0.973439	1.00321	2
16	53000001	0.877661	1.00321	2
16	54000001	0.962762	1.00321	2
16	55000001	1.05764	1.00321	2
16	56000001	0.871154	1.00321	2
16	57000001	1.44154	1.00321	2
16	58000001	0.921714	1.00321	2
16	59000001	1.06417	1.00321	2
16	60000001	0.949132	1.00321	2
16	61000001	0.879099	1.00321	2
16	62000001	0.892632	1.00321	2
16	63000001	1.0947	1.00321	2
16	64000001	1.00309	1.00321	2
16	65000001	1.01802	1.00321	2
16	66000001	1.12752	1.00321	2
16	67000001	0.845356	1.00321	2
16	68000001	1.06703	1.00321	2
16	69000001	1.11849	1.00321	2
16	70000001	0.892561	1.00321	2
16	71000001	1.21461	1.00321	2
16	72000001	0.879595	1.00321	2
16	73000001	0.954922	1.00321	2
16	74000001	1.50095	1.00321	2
16	75000001	1.02156	1.00321	2
16	76000001	1.51755	1.00321	2
16	77000001	0.976512	1.00321	2
16	78000001	1.0398	1.00321	2
16	79000001	1.29176	1.00321	2
16	80000001	1.08518	1.00321	2
16	81000001	1.02158	1.00321	2
16	82000001	0.950711	1.00321	2
16	83000001	0.945708	1.00321	2
16	84000001	1.11219	1.00321	2
16	85000001	0.833787	1.00321	2
16	86000001	1.37649	1.00321	2
16	87000001	0.86602	1.00321	2
16	88000001	1.63384	1.00321	2
16	89000001	1.04899	1.00321	2
16	90000001	0.990397	1.00321	2
17	1	1.56551	1.41409	3
17	1000001	1.26267	1.41409	3
17	2000001	0.838693	0.982605	2
17	3000001	0.905182	0.982605	2
17	4000001	0.974068	0.982605	2
17	5000001	1.09511	0.982605	2
17	6000001	0.833475	0.982605	2
17	7000001	1.04062	0.982605	2
17	8000001	1.3298	0.982605	2
17	9000001	1.00188	0.982605	2
17	10000001	0.961031	0.982605	2
17	11000001	0.996766	0.982605	2
17	12000001	0.876461	0.982605	2
17	13000001	1.0052	0.982605	2
17	14000001	0.929516	0.982605	2
17	15000001	0.927074	0.982605	2
17	16000001	0.897881	0.982605	2
17	17000001	0.925976	0.982605	2
17	18000001	1.04626	0.982605	2
17	19000001	0.721756	0.982605	2
17	20000001	1.27856	0.982605	2
17	21000001	0.826996	0.982605	2
17	22000001	1.05902	0.982605	2
17	23000001	1.0754	0.982605	2
17	24000001	1.1175	0.982605	2
17	25000001	1.16339	0.982605	2
17	26000001	1.97126	0.982605	2
17	27000001	0.949773	0.982605	2
17	28000001	1.17568	0.982605	2
17	29000001	0.905024	0.982605	2
17	30000001	0.799801	0.982605	2
17	31000001	0.994121	0.982605	2
17	32000001	1.07622	0.982605	2
17	33000001	0.987528	0.982605	2
17	34000001	1.04772	0.982605	2
17	35000001	1.3968	0.982605	2
17	36000001	1.0075	0.982605	2
17	37000001	0.965652	0.982605	2
17	38000001	1.06968	0.982605	2
17	39000001	0.986912	0.982605	2
17	40000001	0.966665	0.982605	2
17	41000001	1.34668	0.982605	2
17	42000001	0.958989	0.982605	2
17	43000001	0.946561	0.982605	2
17	44000001	0.951027	0.982605	2
17	45000001	0.897838	0.982605	2
17	46000001	1.18	0.982605	2
17	47000001	0.877633	0.982605	2
17	48000001	1.09486	0.982605	2
17	49000001	0.837612	0.982605	2
17	50000001	0.962263	0.982605	2
17	51000001	0.872108	0.982605	2
17	52000001	0.890916	0.982605	2
17	53000001	1.26136	0.982605	2
17	54000001	0.980133	0.982605	2
17	55000001	1.05966	0.982605	2
17	56000001	0.763208	0.982605	2
17	57000001	0.875359	0.982605	2
17	58000001	1.09476	0.982605	2
17	59000001	0.748659	0.982605	2
17	60000001	1.15175	0.982605	2
17	61000001	0.985078	0.982605	2
17	62000001	2.01656	2.01656	4
17	63000001	0.882191	1.0312	2
17	64000001	1.08469	1.0312	2
17	65000001	1.20276	1.0312	2
17	66000001	0.758776	1.0312	2
17	67000001	0.79219	1.0312	2
17	68000001	1.05193	1.0312	2
17	69000001	1.30946	1.0312	2
17	70000001	1.19082	1.0312	2
17	71000001	1.26425	1.0312	2
17	72000001	0.876932	1.0312	2
17	73000001	1.14079	1.0312	2
17	74000001	0.994799	1.0312	2
17	75000001	0.905147	1.0312	2
17	76000001	0.986176	1.0312	2
17	77000001	2.23351	1.0312	2
17	78000001	1.01832	1.0312	2
17	79000001	1.04408	1.0312	2
17	80000001	0.958559	1.0312	2
17	81000001	3.35439	3.35439	7
17	82000001	0.945309	0.982978	2
17	83000001	1.02065	0.982978	2
18	1	2.30099	2.30099	5
18	1000001	1.07058	1.05603	2
18	2000001	0.842653	1.05603	2
18	3000001	1.21282	1.05603	2
18	4000001	1.08421	1.05603	2
18	5000001	0.979351	1.05603	2
18	6000001	1.0604	1.05603	2
18	7000001	1.10943	1.05603	2
18	8000001	0.907025	1.05603	2
18	9000001	1.08531	1.05603	2
18	10000001	1.13663	1.05603	2
18	11000001	0.907645	1.05603	2
18	12000001	0.966117	1.05603	2
18	13000001	0.98621	1.05603	2
18	14000001	1.03412	1.05603	2
18	15000001	0.956437	1.05603	2
18	16000001	0.969571	1.05603	2
18	17000001	0.809993	1.05603	2
18	18000001	1.08861	1.05603	2
18	19000001	0.9739	1.05603	2
18	20000001	1.15577	1.05603	2
18	21000001	1.19365	1.05603	2
18	22000001	1.06499	1.05603	2
18	23000001	1.09179	1.05603	2
18	24000001	0.938117	1.05603	2
18	25000001	1.13831	1.05603	2
18	26000001	1.12619	1.05603	2
18	27000001	1.0461	1.05603	2
18	28000001	1.05806	1.05603	2
18	29000001	1.64134	1.05603	2
18	30000001	1.17325	1.05603	2
18	31000001	0.967596	1.05603	2
18	32000001	1.08835	1.05603	2
18	33000001	0.901144	1.05603	2
18	34000001	1.04656	1.05603	2
18	35000001	0.93652	1.05603	2
18	36000001	1.04995	1.05603	2
18	37000001	0.869242	1.05603	2
18	38000001	1.17994	1.05603	2
18	39000001	1.21467	1.05603	2
18	40000001	1.24092	1.05603	2
18	41000001	0.963525	1.05603	2
18	42000001	1.06713	1.05603	2
18	43000001	0.861114	1.05603	2
18	44000001	1.32105	1.05603	2
18	45000001	0.941449	1.05603	2
18	46000001	1.28516	1.05603	2
18	47000001	0.991697	1.05603	2
18	48000001	0.855445	1.05603	2
18	49000001	0.922817	1.05603	2
18	50000001	1.054	1.05603	2
18	51000001	0.935717	1.05603	2
18	52000001	1.18041	1.05603	2
18	53000001	1.18223	1.05603	2
18	54000001	1.20613	1.05603	2
18	55000001	0.991567	1.05603	2
18	56000001	1.09933	1.05603	2
18	57000001	1.04403	1.05603	2
18	58000001	1.06571	1.05603	2
18	59000001	1.13864	1.05603	2
18	60000001	0.832318	1.05603	2
18	61000001	1.95989	1.07688	2
18	62000001	1.21598	1.07688	2
18	63000001	0.960767	1.07688	2
18	64000001	0.897175	1.07688	2
18	65000001	1.39537	1.07688	2
18	66000001	1.09611	1.07688	2
18	67000001	1.34363	1.07688	2
18	68000001	0.947977	1.07688	2
18	69000001	1.27571	1.07688	2
18	70000001	1.10366	1.07688	2
18	71000001	0.968537	1.07688	2
18	72000001	0.955666	1.07688	2
18	73000001	1.19384	1.07688	2
18	74000001	1.05766	1.07688	2
18	75000001	0.944764	1.07688	2
18	76000001	1.0066	1.07688	2
18	77000001	2.18398	2.18398	4
18	78000001	1.02183	1.02183	2
18	79000001	0.999682	1.02183	2
18	80000001	1.24597	1.02183	2
19	1	0.866211	0.973466	2
19	1000001	1.30296	0.973466	2
19	2000001	0.84966	0.973466	2
19	3000001	0.906993	0.973466	2
19	4000001	1.00979	0.973466	2
19	5000001	1.14632	0.973466	2
19	6000001	0.734283	0.973466	2
19	7000001	1.28129	0.973466	2
19	8000001	0.988994	0.973466	2
19	9000001	0.891339	0.973466	2
19	10000001	1.03537	0.973466	2
19	11000001	0.856643	0.973466	2
19	12000001	0.979891	0.973466	2
19	13000001	0.879812	0.973466	2
19	14000001	1.16748	0.973466	2
19	15000001	1.08101	0.973466	2
19	16000001	0.967041	0.973466	2
19	17000001	0.803239	0.973466	2
19	18000001	1.05796	0.999309	2
19	19000001	1.38835	0.999309	2
19	20000001	0.913591	0.999309	2
19	21000001	1.03308	0.999309	2
19	22000001	1.024	0.999309	2
19	23000001	0.952129	0.999309	2
19	24000001	0.920281	0.999309	2
19	25000001	1.07574	0.999309	2
19	26000001	0.990065	0.999309	2
19	27000001	0.999309	0.999309	2
19	28000001	0.984584	0.999309	2
19	29000001	0.995121	0.999309	2
19	30000001	1.04354	0.999309	2
19	31000001	1.29819	1.21464	2
19	32000001	1.21464	1.21464	2
19	33000001	1.10249	1.21464	2
19	34000001	1.03181	0.941122	2
19	35000001	0.916245	0.941122	2
19	36000001	0.939468	0.941122	2
19	37000001	0.853164	0.941122	2
19	38000001	0.942776	0.941122	2
19	39000001	0.97824	0.941122	2
19	40000001	1.05769	0.941122	2
19	41000001	0.880351	0.941122	2
19	42000001	0.964779	0.941122	2
19	43000001	0.978736	0.941122	2
19	44000001	0.920147	0.941122	2
19	45000001	0.826873	0.941122	2
19	46000001	0.833325	0.941122	2
19	47000001	0.999391	0.941122	2
19	48000001	1.00601	0.941122	2
19	49000001	0.898317	0.941122	2
19	50000001	1.02819	1.14342	2
19	51000001	1.14178	1.14342	2
19	52000001	1.14506	1.14342	2
19	53000001	1.23283	1.14342	2
19	54000001	0.797044	1.0233	2
19	55000001	1.0233	1.0233	2
19	56000001	1.03203	1.0233	2
19	57000001	1.03084	1.0233	2
19	58000001	0.931702	1.0233	2
2	1	1.06601	1.01596	2
2	1000001	1.00125	1.01596	2
2	2000001	1.13918	1.01596	2
2	3000001	1.27833	1.01596	2
2	4000001	0.973726	1.01596	2
2	5000001	0.880729	1.01596	2
2	6000001	1.18059	1.01596	2
2	7000001	0.855765	1.01596	2
2	8000001	0.913466	1.01596	2
2	9000001	1.40419	1.01596	2
2	10000001	0.986129	1.01596	2
2	11000001	1.03927	1.01596	2
2	12000001	1.13151	1.01596	2
2	13000001	0.974586	1.01596	2
2	14000001	1.09421	1.01596	2
2	15000001	1.13764	1.01596	2
2	16000001	1.19865	1.01596	2
2	17000001	0.886464	1.01596	2
2	18000001	1.16436	1.01596	2
2	19000001	0.99896	1.01596	2
2	20000001	1.12023	1.01596	2
2	21000001	0.96446	1.01596	2
2	22000001	0.924648	1.01596	2
2	23000001	0.972285	1.01596	2
2	24000001	0.900854	1.01596	2
2	25000001	1.00434	1.01596	2
2	26000001	1.06404	1.01596	2
2	27000001	0.894324	1.01596	2
2	28000001	0.968722	1.01596	2
2	29000001	0.932096	1.01596	2
2	30000001	1.05087	1.01596	2
2	31000001	0.833262	1.01596	2
2	32000001	0.970598	1.01596	2
2	33000001	1.10839	1.01596	2
2	34000001	1.40151	1.01596	2
2	35000001	1.13483	1.01596	2
2	36000001	1.28699	1.01596	2
2	37000001	1.15432	1.01596	2
2	38000001	0.950221	1.01596	2
2	39000001	1.12339	1.01596	2
2	40000001	0.934841	1.01596	2
2	41000001	0.870534	1.01596	2
2	42000001	1.28889	1.01596	2
2	43000001	0.884668	1.01596	2
2	44000001	1.12235	1.01596	2
2	45000001	1.01596	1.01596	2
2	46000001	0.961341	1.01596	2
2	47000001	0.857567	1.01596	2
2	48000001	0.951261	1.01596	2
2	49000001	0.813452	1.01596	2
2	50000001	1.12441	1.01596	2
2	51000001	1.14343	1.01596	2
2	52000001	1.07259	1.01596	2
2	53000001	1.15598	1.01596	2
2	54000001	1.12704	1.01596	2
2	55000001	0.810797	1.01596	2
2	56000001	1.09433	1.01596	2
2	57000001	2.47903	2.47903	5
2	58000001	0.99683	1.06758	2
2	59000001	1.22032	1.06758	2
2	60000001	0.993795	1.06758	2
2	61000001	1.19717	1.06758	2
2	62000001	0.872789	1.06758	2
2	63000001	1.27209	1.06758	2
2	64000001	1.13527	1.06758	2
2	65000001	0.778543	1.06758	2
2	66000001	1.16297	1.06758	2
2	67000001	0.81684	1.06758	2
2	68000001	1.40758	1.06758	2
2	69000001	0.991423	1.06758	2
2	70000001	1.09975	1.06758	2
2	71000001	1.24627	1.06758	2
2	72000001	1.35062	1.06758	2
2	73000001	1.03139	1.06758	2
2	74000001	1.09947	1.06758	2
2	75000001	0.99518	1.06758	2
2	76000001	1.05015	1.06758	2
2	77000001	1.19331	1.06758	2
2	78000001	0.931407	1.06758	2
2	79000001	1.04206	1.06758	2
2	80000001	1.06758	1.06758	2
2	81000001	1.26686	1.06758	2
2	82000001	1.04825	1.06758	2
2	83000001	2.24506	2.24506	4
2	84000001	1.10118	0.995916	2
2	85000001	0.894757	0.995916	2
2	86000001	0.983927	0.995916	2
2	87000001	1.06159	0.995916	2
2	88000001	0.941367	0.995916	2
2	89000001	1.16644	0.995916	2
2	90000001	0.960507	0.995916	2
2	91000001	1.03413	0.995916	2
2	92000001	1.01185	0.995916	2
2	93000001	1.15269	0.995916	2
2	94000001	1.14057	0.995916	2
2	95000001	0.919663	0.995916	2
2	96000001	1.07235	0.995916	2
2	97000001	0.833747	0.995916	2
2	98000001	0.938374	0.995916	2
2	99000001	1.54041	0.995916	2
2	100000001	0.865704	0.995916	2
2	101000001	0.961132	0.995916	2
2	102000001	1.03119	0.995916	2
2	103000001	0.953995	0.995916	2
2	104000001	1.20454	0.995916	2
2	105000001	0.867843	0.995916	2
2	106000001	0.96799	0.995916	2
2	107000001	0.924798	0.995916	2
2	108000001	1	0.995916	2
2	109000001	1.1735	0.995916	2
2	110000001	1.08719	0.995916	2
2	111000001	0.888148	0.995916	2
2	112000001	1.1875	0.995916	2
2	113000001	0.839908	0.995916	2
2	114000001	1.2002	0.995916	2
2	115000001	1.02103	0.995916	2
2	116000001	0.991832	0.995916	2
2	117000001	1.00614	0.995916	2
2	118000001	0.910531	0.995916	2
2	119000001	1.16503	0.995916	2
2	120000001	0.901393	0.995916	2
2	121000001	0.962448	0.995916	2
2	122000001	0.949429	0.995916	2
2	123000001	1.19804	0.995916	2
2	124000001	2.20466	2.20466	4
2	125000001	1.15063	0.992285	2
2	126000001	0.74213	0.992285	2
2	127000001	0.96934	0.992285	2
2	128000001	1.00597	0.992285	2
2	129000001	0.993377	0.992285	2
2	130000001	0.675353	0.992285	2
2	131000001	1.03249	0.992285	2
2	132000001	0.957773	0.992285	2
2	133000001	1.11455	0.992285	2
2	134000001	1.12501	0.992285	2
2	135000001	0.820698	0.992285	2
2	136000001	1.09136	0.992285	2
2	137000001	0.991194	0.992285	2
2	138000001	0.838591	0.992285	2
2	139000001	1.19093	1.0824	2
2	140000001	1.2094	1.0824	2
2	141000001	1.25722	1.0824	2
2	142000001	1.17206	1.0824	2
2	143000001	1.16334	1.0824	2
2	144000001	0.846323	1.0824	2
2	145000001	1.33668	1.0824	2
2	146000001	1.13913	1.0824	2
2	147000001	0.937878	1.0824	2
2	148000001	0.946619	1.0824	2
2	149000001	0.945801	1.0824	2
2	150000001	2.04764	1.0824	2
2	151000001	0.921077	1.0824	2
2	152000001	1.12093	1.0824	2
2	153000001	1.01486	1.0824	2
2	154000001	1.57128	1.0824	2
2	155000001	1.09529	1.0824	2
2	156000001	1.17342	1.0824	2
2	157000001	0.917906	1.0824	2
2	158000001	1.02963	1.0824	2
2	159000001	0.963656	1.0824	2
2	160000001	0.855586	1.0824	2
2	161000001	1.02257	1.0824	2
2	162000001	1.06951	1.0824	2
2	163000001	1.02151	1.0824	2
2	164000001	1.26224	1.0824	2
2	165000001	0.887089	1.0824	2
2	166000001	1.68782	1.0824	2
2	167000001	1.13971	1.0824	2
2	168000001	1.0084	1.0824	2
2	169000001	2.41968	2.41968	5
2	170000001	0.886372	1.06212	2
2	171000001	1.34157	1.06212	2
2	172000001	1.03567	1.06212	2
2	173000001	1.21091	1.06212	2
2	174000001	1.0782	1.06212	2
2	175000001	1.00702	1.06212	2
2	176000001	1.05679	1.06212	2
2	177000001	0.960382	1.06212	2
2	178000001	0.870593	1.06212	2
2	179000001	1.37358	1.06212	2
2	180000001	0.893183	1.06212	2
2	181000001	1.34122	1.06212	2
2	182000001	0.995507	1.06212	2
2	183000001	0.867004	1.06212	2
2	184000001	1.41278	1.06212	2
2	185000001	1.07218	1.06212	2
2	186000001	0.930893	1.06212	2
2	187000001	1.06745	1.06212	2
2	188000001	1.01983	1.06212	2
2	189000001	1.22288	1.06212	2
2	190000001	1.04997	1.06212	2
2	191000001	1.10254	1.06212	2
2	192000001	1.13407	1.06212	2
2	193000001	1.23872	1.06212	2
2	194000001	3.04682	3.04682	6
2	195000001	0.703912	1.02059	2
2	196000001	1.31408	1.02059	2
2	197000001	0.812825	1.02059	2
2	198000001	1.33535	1.02059	2
2	199000001	0.979714	1.02059	2
2	200000001	1.09523	1.02059	2
2	201000001	0.982289	1.02059	2
2	202000001	1.04539	1.02059	2
2	203000001	0.860807	1.02059	2
2	204000001	0.892257	1.02059	2
2	205000001	1.1793	1.02059	2
2	206000001	1.12006	1.02059	2
2	207000001	0.952039	1.02059	2
2	208000001	1.26981	1.02059	2
2	209000001	0.855378	1.02059	2
2	210000001	1.14447	1.02059	2
2	211000001	1.23614	1.02059	2
2	212000001	0.82348	1.02059	2
2	213000001	1.02638	1.02059	2
2	214000001	1.01479	1.02059	2
2	215000001	1.14947	1.02059	2
2	216000001	0.809771	1.02059	2
2	217000001	1.03817	1.02059	2
2	218000001	0.77767	1.02059	2
2	219000001	1.03034	1.02059	2
2	220000001	0.962601	1.02059	2
2	221000001	1.29395	1.02059	2
2	222000001	0.923058	1.02059	2
2	223000001	1.12196	1.02059	2
2	224000001	0.876055	1.02059	2
2	225000001	2.08531	1.718	3
2	226000001	1.3507	1.718	3
2	227000001	0.915553	1.08867	2
2	228000001	0.886469	1.08867	2
2	229000001	1.59092	1.08867	2
2	230000001	0.96021	1.08867	2
2	231000001	1.12251	1.08867	2
2	232000001	0.894622	1.08867	2
2	233000001	1.20595	1.08867	2
2	234000001	1.21262	1.08867	2
2	235000001	1.2106	1.08867	2
2	236000001	0.70354	1.08867	2
2	237000001	1.01787	1.08867	2
2	238000001	1.67145	1.08867	2
2	239000001	0.790558	1.08867	2
2	240000001	1.21358	1.08867	2
2	241000001	1.44496	1.08867	2
2	242000001	1.05483	1.08867	2
20	1	2.86055	2.86055	6
20	1000001	1.02149	0.993664	2
20	2000001	0.955858	0.993664	2
20	3000001	1.11768	0.993664	2
20	4000001	1.0989	0.993664	2
20	5000001	0.922929	0.993664	2
20	6000001	0.985784	0.993664	2
20	7000001	1.03176	0.993664	2
20	8000001	0.993664	0.993664	2
20	9000001	1.05942	0.993664	2
20	10000001	0.994519	0.993664	2
20	11000001	1.20331	0.993664	2
20	12000001	0.77199	0.993664	2
20	13000001	0.737277	0.993664	2
20	14000001	1.48285	0.993664	2
20	15000001	0.803666	0.993664	2
20	16000001	0.948954	0.993664	2
20	17000001	0.916726	0.993664	2
20	18000001	1.59307	1.3969	3
20	19000001	1.20072	1.3969	3
20	20000001	1.05242	1.0243	2
20	21000001	0.975829	1.0243	2
20	22000001	0.808692	1.0243	2
20	23000001	0.72528	1.0243	2
20	24000001	0.921883	1.0243	2
20	25000001	1.18675	1.0243	2
20	26000001	0.996182	1.0243	2
20	27000001	1.40231	1.0243	2
20	28000001	1.06068	1.0243	2
20	29000001	0.935409	1.0243	2
20	30000001	1.05609	1.0243	2
20	31000001	1.14469	1.0243	2
20	32000001	0.822563	0.951984	2
20	33000001	0.939437	0.951984	2
20	34000001	0.859485	0.951984	2
20	35000001	1.0179	0.951984	2
20	36000001	0.721007	0.951984	2
20	37000001	0.82779	0.951984	2
20	38000001	0.970299	0.951984	2
20	39000001	1.05136	0.951984	2
20	40000001	0.984119	0.951984	2
20	41000001	0.962959	0.951984	2
20	42000001	1.04157	0.951984	2
20	43000001	0.960912	0.951984	2
20	44000001	1.50967	0.951984	2
20	45000001	0.917912	0.951984	2
20	46000001	0.671181	0.951984	2
20	47000001	0.921527	0.951984	2
20	48000001	1.22771	0.951984	2
20	49000001	0.98563	0.951984	2
20	50000001	0.951984	0.951984	2
20	51000001	0.867305	0.951984	2
20	52000001	0.945299	0.951984	2
20	53000001	1.0372	0.951984	2
20	54000001	1.02917	0.951984	2
20	55000001	0.942304	0.951984	2
20	56000001	0.920309	0.951984	2
20	57000001	1.08547	0.951984	2
20	58000001	0.950914	0.951984	2
20	59000001	1.03254	0.951984	2
20	60000001	0.765469	0.951984	2
20	61000001	1.21428	1.2254	2
20	62000001	1.06019	1.2254	2
20	63000001	1.23653	1.2254	2
20	64000001	1.25795	1.2254	2
21	1	-1	-1	3
21	1000001	-1	-1	3
21	2000001	-1	-1	3
21	3000001	-1	-1	3
21	4000001	-1	-1	3
21	5000001	1.8748	1.38466	3
21	6000001	0.89452	1.38466	3
21	7000001	2.28545	1.80738	4
21	8000001	1.65526	1.80738	4
21	9000001	1.21575	1.80738	4
21	10000001	1.9595	1.80738	4
21	11000001	0.997793	0.927426	2
21	12000001	0.809935	0.927426	2
21	13000001	0.749256	0.927426	2
21	14000001	1.04641	0.927426	2
21	15000001	0.927426	0.927426	2
21	16000001	1.88988	1.10646	2
21	17000001	0.98206	1.10646	2
21	18000001	1.05231	1.10646	2
21	19000001	1.298	1.10646	2
21	20000001	0.879877	1.10646	2
21	21000001	1.09243	1.10646	2
21	22000001	1.00168	1.10646	2
21	23000001	1.28177	1.10646	2
21	24000001	1.13734	1.10646	2
21	25000001	1.10646	1.10646	2
21	26000001	1.04814	1.10646	2
21	27000001	1.17012	1.10646	2
21	28000001	1.24633	1.10646	2
21	29000001	0.849406	0.926899	2
21	30000001	0.925177	0.926899	2
21	31000001	1.01965	0.926899	2
21	32000001	0.849648	0.926899	2
21	33000001	0.928621	0.926899	2
21	34000001	0.969642	0.926899	2
21	35000001	1.44541	1.04332	2
21	36000001	0.867076	1.04332	2
21	37000001	1.0158	1.04332	2
21	38000001	1.00487	1.04332	2
21	39000001	1.08998	1.04332	2
21	40000001	1.23156	1.04332	2
21	41000001	0.989592	1.04332	2
21	42000001	0.829271	1.04332	2
21	43000001	1.19918	1.04332	2
21	44000001	0.95552	1.04332	2
21	45000001	1.39335	1.04332	2
21	46000001	1.07084	1.04332	2
22	1	-1	-1	2
22	1000001	-1	-1	2
22	2000001	-1	-1	2
22	3000001	-1	-1	2
22	4000001	-1	-1	2
22	5000001	-1	-1	2
22	6000001	-1	-1	2
22	7000001	-1	-1	2
22	8000001	-1	-1	2
22	9000001	-1	-1	2
22	10000001	1.0924	1.11546	2
22	11000001	1.11546	1.11546	2
22	12000001	1.36082	1.11546	2
22	13000001	0.931516	0.829864	2
22	14000001	0.770201	0.829864	2
22	15000001	0.829864	0.829864	2
22	16000001	1.2849	1.2849	3
22	17000001	1.17462	1.2849	3
22	18000001	1.54393	1.2849	3
22	19000001	0.95444	1.01683	2
22	20000001	0.859107	1.01683	2
22	21000001	1.07922	1.01683	2
22	22000001	1.25719	1.01683	2
22	23000001	0.813664	0.962209	2
22	24000001	1.06388	0.962209	2
22	25000001	0.941104	0.962209	2
22	26000001	0.940509	0.962209	2
22	27000001	1.05174	0.962209	2
22	28000001	1.10197	0.962209	2
22	29000001	0.764305	0.962209	2
22	30000001	0.850931	0.962209	2
22	31000001	0.82599	0.962209	2
22	32000001	1.1268	0.962209	2
22	33000001	1.12949	0.962209	2
22	34000001	0.819499	0.962209	2
22	35000001	1.26291	0.962209	2
22	36000001	0.998673	0.962209	2
22	37000001	0.900972	0.962209	2
22	38000001	1.00983	0.962209	2
22	39000001	0.93847	0.962209	2
22	40000001	0.811741	0.962209	2
22	41000001	0.812854	0.962209	2
22	42000001	1.05844	0.962209	2
22	43000001	0.847046	0.962209	2
22	44000001	0.983313	0.962209	2
22	45000001	1.11465	0.962209	2
22	46000001	0.821211	0.962209	2
22	47000001	1.09523	0.962209	2
22	48000001	1.08632	0.962209	2
22	49000001	0.828742	0.962209	2
22	50000001	1.02314	0.962209	2
3	1	1.11405	1.06394	2
3	1000001	1.07463	1.06394	2
3	2000001	1.00876	1.06394	2
3	3000001	0.935394	1.06394	2
3	4000001	0.826825	1.06394	2
3	5000001	1.21173	1.06394	2
3	6000001	1.5104	1.06394	2
3	7000001	1.06136	1.06394	2
3	8000001	1.10014	1.06394	2
3	9000001	1.10406	1.06394	2
3	10000001	1.09263	1.06394	2
3	11000001	0.885089	1.06394	2
3	12000001	1.21037	1.06394	2
3	13000001	1.06394	1.06394	2
3	14000001	0.970827	1.06394	2
3	15000001	0.970668	1.06394	2
3	16000001	1.13751	1.06394	2
3	17000001	0.970941	1.06394	2
3	18000001	1.18763	1.06394	2
3	19000001	1.05153	1.06394	2
3	20000001	0.769996	1.06394	2
3	21000001	1.09518	1.06394	2
3	22000001	1.3542	1.06394	2
3	23000001	0.962968	1.06394	2
3	24000001	1.07292	1.06394	2
3	25000001	0.856916	1.06394	2
3	26000001	0.918788	1.06394	2
3	27000001	0.894056	1.06394	2
3	28000001	1.08269	1.06394	2
3	29000001	1.1359	1.06394	2
3	30000001	0.9406	1.06394	2
3	31000001	0.84613	1.06394	2
3	32000001	1.06362	1.06394	2
3	33000001	0.99846	1.06394	2
3	34000001	1.19289	1.06394	2
3	35000001	1.31051	1.06394	2
3	36000001	1.11835	1.06394	2
3	37000001	0.983372	0.925436	2
3	38000001	0.80726	0.925436	2
3	39000001	0.910965	0.925436	2
3	40000001	1.00277	0.925436	2
3	41000001	0.969746	0.925436	2
3	42000001	1.00442	0.925436	2
3	43000001	0.787263	0.925436	2
3	44000001	0.923366	0.925436	2
3	45000001	0.924399	0.925436	2
3	46000001	0.862385	0.925436	2
3	47000001	0.8862	0.925436	2
3	48000001	1.03859	0.925436	2
3	49000001	0.815044	0.925436	2
3	50000001	1.08852	0.925436	2
3	51000001	0.705476	0.925436	2
3	52000001	1.09987	0.925436	2
3	53000001	0.974684	0.925436	2
3	54000001	1.00764	0.925436	2
3	55000001	0.831004	0.925436	2
3	56000001	0.978044	0.925436	2
3	57000001	0.930444	0.925436	2
3	58000001	0.84601	0.925436	2
3	59000001	0.800935	0.925436	2
3	60000001	0.864919	0.925436	2
3	61000001	1.20878	0.925436	2
3	62000001	0.815107	0.925436	2
3	63000001	0.98888	0.925436	2
3	64000001	0.926472	0.925436	2
3	65000001	0.86322	0.925436	2
3	66000001	0.966803	0.925436	2
3	67000001	0.819747	0.925436	2
3	68000001	1.07472	0.925436	2
3	69000001	1.10481	0.925436	2
3	70000001	0.776458	0.925436	2
3	71000001	0.85015	0.925436	2
3	72000001	1.00624	0.925436	2
3	73000001	1.28484	0.925436	2
3	74000001	0.697509	0.925436	2
3	75000001	1.21311	1.09013	2
3	76000001	0.92638	1.09013	2
3	77000001	0.998365	1.09013	2
3	78000001	1.14122	1.09013	2
3	79000001	0.991133	1.09013	2
3	80000001	1.22662	1.09013	2
3	81000001	1.13407	1.09013	2
3	82000001	1.02717	1.09013	2
3	83000001	0.841126	1.09013	2
3	84000001	1.07817	1.09013	2
3	85000001	1.06733	1.09013	2
3	86000001	1.15881	1.09013	2
3	87000001	1.06322	1.09013	2
3	88000001	1.0316	1.09013	2
3	89000001	0.951821	1.09013	2
3	90000001	0.776029	1.09013	2
3	91000001	1.1312	1.09013	2
3	92000001	1.10399	1.09013	2
3	93000001	1.23324	1.09013	2
3	94000001	1.10208	1.09013	2
3	95000001	1.05308	1.09013	2
3	96000001	1.1424	1.09013	2
3	97000001	1.39904	1.09013	2
3	98000001	1.17138	1.09013	2
3	99000001	1.24904	1.09013	2
3	100000001	1.17369	1.09013	2
3	101000001	1.05096	1.09013	2
3	102000001	1.05804	1.09013	2
3	103000001	1.17014	1.09013	2
3	104000001	1.053	1.09013	2
3	105000001	0.910295	0.980916	2
3	106000001	0.756033	0.980916	2
3	107000001	0.948888	0.980916	2
3	108000001	0.936434	0.980916	2
3	109000001	1.16938	0.980916	2
3	110000001	1.12147	0.980916	2
3	111000001	1.09207	0.980916	2
3	112000001	0.968094	0.980916	2
3	113000001	0.980916	0.980916	2
3	114000001	1.24112	0.980916	2
3	115000001	1.14901	0.980916	2
3	116000001	0.82181	0.980916	2
3	117000001	0.908077	0.980916	2
3	118000001	0.978758	0.980916	2
3	119000001	0.88023	0.980916	2
3	120000001	0.828368	0.980916	2
3	121000001	1.03443	0.980916	2
3	122000001	1.1709	0.980916	2
3	123000001	1.04934	0.980916	2
3	124000001	0.944932	0.980916	2
3	125000001	1.01345	0.980916	2
3	126000001	0.869662	0.980916	2
3	127000001	1.15959	0.980916	2
3	128000001	0.927547	0.980916	2
3	129000001	0.772098	0.980916	2
3	130000001	0.78461	0.980916	2
3	131000001	0.975533	0.980916	2
3	132000001	1.14069	0.980916	2
3	133000001	1.07621	0.980916	2
3	134000001	0.822923	0.980916	2
3	135000001	0.802281	0.980916	2
3	136000001	1.13856	0.980916	2
3	137000001	1.09113	0.980916	2
3	138000001	1.18929	0.980916	2
3	139000001	1.02582	0.980916	2
3	140000001	1.1506	0.980916	2
3	141000001	1.04979	0.980916	2
3	142000001	1.32825	1.3039	3
3	143000001	1.65954	1.3039	3
3	144000001	1.12867	1.3039	3
3	145000001	1.27954	1.3039	3
3	146000001	0.798371	0.923398	2
3	147000001	1.01282	0.923398	2
3	148000001	0.975881	0.923398	2
3	149000001	0.820365	0.923398	2
3	150000001	0.923398	0.923398	2
3	151000001	0.772797	0.923398	2
3	152000001	1.28857	0.923398	2
3	153000001	0.844352	0.923398	2
3	154000001	1.1444	0.923398	2
3	155000001	0.939349	0.923398	2
3	156000001	0.920483	0.923398	2
3	157000001	1.17204	0.923398	2
3	158000001	0.768728	0.923398	2
3	159000001	0.775873	0.923398	2
3	160000001	0.926738	0.923398	2
3	161000001	1.24635	1.13155	2
3	162000001	1.22635	1.13155	2
3	163000001	1.40571	1.13155	2
3	164000001	0.928354	1.13155	2
3	165000001	0.934811	1.13155	2
3	166000001	1.13155	1.13155	2
3	167000001	1.17185	1.13155	2
3	168000001	0.810915	1.13155	2
3	169000001	1.27855	1.13155	2
3	170000001	1.08873	1.13155	2
3	171000001	0.926278	1.13155	2
3	172000001	0.86394	1.13155	2
3	173000001	1.10715	1.13155	2
3	174000001	1.18227	1.13155	2
3	175000001	1.10185	1.13155	2
3	176000001	1.33259	1.13155	2
3	177000001	1.22124	1.13155	2
3	178000001	0.739838	1.13155	2
3	179000001	1.24286	1.13155	2
3	180000001	1.01503	1.13155	2
3	181000001	1.4984	1.13155	2
3	182000001	1.04195	1.13155	2
3	183000001	0.897227	1.13155	2
3	184000001	0.977243	1.13155	2
3	185000001	1.13993	1.13155	2
3	186000001	1.57862	1.13155	2
3	187000001	1.04549	1.13155	2
3	188000001	1.53258	1.13155	2
3	189000001	1.22314	1.13155	2
3	190000001	1.18793	1.13155	2
3	191000001	0.959885	1.13155	2
3	192000001	1.10891	1.13155	2
3	193000001	1.03807	1.13155	2
3	194000001	1.24815	1.13155	2
3	195000001	1.22154	1.13155	2
3	196000001	0.858368	1.04742	2
3	197000001	1.04742	1.04742	2
3	198000001	2.60075	1.04742	2
4	1	0.793789	1.06633	2
4	1000001	0.992031	1.06633	2
4	2000001	1.19343	1.06633	2
4	3000001	0.908287	1.06633	2
4	4000001	1.03748	1.06633	2
4	5000001	0.964593	1.06633	2
4	6000001	1.1634	1.06633	2
4	7000001	1.11381	1.06633	2
4	8000001	0.788411	1.06633	2
4	9000001	1.13339	1.06633	2
4	10000001	1.09133	1.06633	2
4	11000001	1.06633	1.06633	2
4	12000001	1.13841	1.06633	2
4	13000001	1.2458	1.06633	2
4	14000001	1.27495	1.06633	2
4	15000001	0.950574	1.06633	2
4	16000001	0.892302	1.06633	2
4	17000001	1.14691	1.06633	2
4	18000001	1.04495	1.06633	2
4	19000001	1.07566	1.06633	2
4	20000001	1.31862	1.06633	2
4	21000001	1.22244	1.06633	2
4	22000001	1.35146	1.06633	2
4	23000001	1.0959	1.06633	2
4	24000001	0.925896	1.06633	2
4	25000001	0.871032	1.06633	2
4	26000001	1.04476	1.06633	2
4	27000001	1.17674	1.06633	2
4	28000001	0.788499	1.06633	2
4	29000001	1.27145	1.06633	2
4	30000001	1.00313	1.06633	2
4	31000001	0.849025	1.06633	2
4	32000001	1.09255	1.06633	2
4	33000001	0.966742	1.06633	2
4	34000001	1.05837	1.06633	2
4	35000001	1.22669	1.06633	2
4	36000001	1.11487	1.06633	2
4	37000001	1.03778	1.06633	2
4	38000001	0.828559	1.06633	2
4	39000001	4.60428	4.60428	9
4	40000001	1.04365	1.04365	2
4	41000001	0.854796	1.04365	2
4	42000001	1.33546	1.04365	2
4	43000001	2.4655	2.4655	5
4	44000001	0.88887	1.04401	2
4	45000001	0.792495	1.04401	2
4	46000001	1.23972	1.04401	2
4	47000001	0.963636	1.04401	2
4	48000001	0.833003	1.04401	2
4	49000001	1.31545	1.04401	2
4	50000001	0.922589	1.04401	2
4	51000001	1.0646	1.04401	2
4	52000001	1.31705	1.04401	2
4	53000001	1.07968	1.04401	2
4	54000001	1.17325	1.04401	2
4	55000001	0.99091	1.04401	2
4	56000001	0.98124	1.04401	2
4	57000001	1.08321	1.04401	2
4	58000001	1.05593	1.04401	2
4	59000001	1.04689	1.04401	2
4	60000001	1.16098	1.04401	2
4	61000001	0.941642	1.04401	2
4	62000001	1.07566	1.04401	2
4	63000001	0.807354	1.04401	2
4	64000001	1.01825	1.04401	2
4	65000001	1.17884	1.04401	2
4	66000001	0.942025	1.04401	2
4	67000001	1.11871	1.04401	2
4	68000001	0.905283	1.04401	2
4	69000001	1.04112	1.04401	2
4	70000001	2.13248	2.13248	4
4	71000001	1.01153	0.888116	2
4	72000001	1.09007	0.888116	2
4	73000001	0.777958	0.888116	2
4	74000001	0.918891	0.888116	2
4	75000001	1.07633	0.888116	2
4	76000001	0.830574	0.888116	2
4	77000001	0.687351	0.888116	2
4	78000001	0.888116	0.888116	2
4	79000001	0.742369	0.888116	2
4	80000001	1.6653	1.6653	3
4	81000001	1.10883	1.00462	2
4	82000001	0.777112	1.00462	2
4	83000001	1.2295	1.00462	2
4	84000001	0.990748	1.00462	2
4	85000001	1.25829	1.00462	2
4	86000001	1.00462	1.00462	2
4	87000001	1.39539	1.00462	2
4	88000001	0.926751	1.00462	2
4	89000001	0.931784	1.00462	2
4	90000001	0.899481	1.00462	2
4	91000001	1.0798	1.00462	2
4	92000001	0.946654	1.00462	2
4	93000001	0.93824	1.00462	2
4	94000001	0.877335	1.00462	2
4	95000001	1.08629	1.00462	2
4	96000001	1.32023	1.00462	2
4	97000001	0.771146	1.00462	2
4	98000001	1.13568	1.00462	2
4	99000001	1.14997	1.00462	2
4	100000001	0.77802	1.00462	2
4	101000001	0.972848	1.00462	2
4	102000001	1.19843	1.00462	2
4	103000001	1.33446	1.00462	2
4	104000001	1.86224	1.86224	4
4	105000001	1.07239	1.05062	2
4	106000001	0.879608	1.05062	2
4	107000001	1.05917	1.05062	2
4	108000001	0.89379	1.05062	2
4	109000001	1.586	1.05062	2
4	110000001	1.42459	1.05062	2
4	111000001	1.06434	1.05062	2
4	112000001	0.737761	1.05062	2
4	113000001	1.06597	1.05062	2
4	114000001	0.954124	1.05062	2
4	115000001	1.3863	1.05062	2
4	116000001	0.983324	1.05062	2
4	117000001	1.19998	1.05062	2
4	118000001	0.938452	1.05062	2
4	119000001	0.940847	1.05062	2
4	120000001	1.29168	1.05062	2
4	121000001	1.09415	1.05062	2
4	122000001	1.22807	1.05062	2
4	123000001	0.82626	1.05062	2
4	124000001	0.823635	1.05062	2
4	125000001	0.949949	1.05062	2
4	126000001	1.3699	1.05062	2
4	127000001	1.11193	1.05062	2
4	128000001	1.01373	1.05062	2
4	129000001	0.977443	1.05062	2
4	130000001	1.06843	1.05062	2
4	131000001	0.808575	1.05062	2
4	132000001	1.18715	1.05062	2
4	133000001	0.951549	1.05062	2
4	134000001	1.12483	1.05062	2
4	135000001	1.17716	1.05062	2
4	136000001	0.848496	1.05062	2
4	137000001	0.929766	1.05062	2
4	138000001	1.01037	1.05062	2
4	139000001	1.24251	1.05062	2
4	140000001	1.16039	1.05062	2
4	141000001	0.898497	1.05062	2
4	142000001	1.0969	1.05062	2
4	143000001	1.20428	1.05062	2
4	144000001	1.06595	1.05062	2
4	145000001	1.11919	1.05062	2
4	146000001	1.14807	1.05062	2
4	147000001	1.26309	1.05062	2
4	148000001	1.47667	1.05062	2
4	149000001	1.0552	1.05062	2
4	150000001	0.877447	1.05062	2
4	151000001	0.957413	1.05062	2
4	152000001	0.877138	1.05062	2
4	153000001	1.25524	1.05062	2
4	154000001	0.958424	1.05062	2
4	155000001	0.855494	1.05062	2
4	156000001	0.983178	1.05062	2
4	157000001	1.03387	1.05062	2
4	158000001	1.11115	1.05062	2
4	159000001	0.909519	1.05062	2
4	160000001	1.42036	1.05062	2
4	161000001	1.16019	1.05062	2
4	162000001	1.00298	1.05062	2
4	163000001	0.914631	1.05062	2
4	164000001	0.89919	1.05062	2
4	165000001	1.04604	1.05062	2
4	166000001	1.02639	1.05062	2
4	167000001	1.15611	1.05062	2
4	168000001	0.908836	1.05062	2
4	169000001	0.9116	1.05062	2
4	170000001	1.08851	1.05062	2
4	171000001	1.08027	1.05062	2
4	172000001	1.45085	1.05062	2
4	173000001	1.01842	1.05062	2
4	174000001	0.717356	1.05062	2
4	175000001	1.31293	1.15522	2
4	176000001	1.42061	1.15522	2
4	177000001	0.99737	1.15522	2
4	178000001	1.14233	1.15522	2
4	179000001	1.41883	1.15522	2
4	180000001	1.20034	1.15522	2
4	181000001	1.03539	1.15522	2
4	182000001	0.966775	1.15522	2
4	183000001	1.17273	1.15522	2
4	184000001	1.01797	1.15522	2
4	185000001	0.906883	1.15522	2
4	186000001	1.16811	1.15522	2
4	187000001	1.22227	1.15522	2
4	188000001	0.692587	1.15522	2
4	189000001	0.944562	1.15522	2
4	190000001	2.11022	1.15522	2
5	1	1.41856	1.41911	3
5	1000001	1.41967	1.41911	3
5	2000001	1.04634	1.06101	2
5	3000001	1.25776	1.06101	2
5	4000001	0.893841	1.06101	2
5	5000001	0.87467	1.06101	2
5	6000001	1.08788	1.06101	2
5	7000001	1.1246	1.06101	2
5	8000001	0.927675	1.06101	2
5	9000001	0.865141	1.06101	2
5	10000001	1.34617	1.06101	2
5	11000001	1.34194	1.06101	2
5	12000001	1.06101	1.06101	2
5	13000001	1.18813	1.06101	2
5	14000001	1.18146	1.06101	2
5	15000001	0.889483	1.06101	2
5	16000001	1.16991	1.06101	2
5	17000001	0.912186	1.06101	2
5	18000001	0.878594	1.06101	2
5	19000001	0.951019	1.06101	2
5	20000001	0.973347	1.06101	2
5	21000001	1.58082	1.06101	2
5	22000001	0.992541	1.06101	2
5	23000001	1.17209	1.06101	2
5	24000001	1.26268	1.06101	2
5	25000001	1.04007	1.06101	2
5	26000001	1.22	1.06101	2
5	27000001	1.15763	1.06101	2
5	28000001	0.99422	1.06101	2
5	29000001	1.08349	1.06101	2
5	30000001	0.916155	1.06101	2
5	31000001	1.05989	1.06101	2
5	32000001	1.24471	1.06101	2
5	33000001	1.92998	1.92998	4
5	34000001	0.860297	1.05126	2
5	35000001	0.930264	1.05126	2
5	36000001	1.03187	1.05126	2
5	37000001	1.06444	1.05126	2
5	38000001	1.07097	1.05126	2
5	39000001	1.14192	1.05126	2
5	40000001	0.89318	1.05126	2
5	41000001	0.872602	1.05126	2
5	42000001	1.05126	1.05126	2
5	43000001	1.24695	1.05126	2
5	44000001	1.04524	1.05126	2
5	45000001	1.13022	1.05126	2
5	46000001	1.0649	1.05126	2
5	47000001	1.05409	1.05126	2
5	48000001	0.974682	1.05126	2
5	49000001	1.31195	1.40907	3
5	50000001	1.50619	1.40907	3
5	51000001	1.11681	1.08778	2
5	52000001	1.17109	1.08778	2
5	53000001	1.04291	1.08778	2
5	54000001	1.05875	1.08778	2
5	55000001	1.29358	1.08778	2
5	56000001	0.994713	1.08778	2
5	57000001	0.903496	1.08778	2
5	58000001	1.12408	1.08778	2
5	59000001	1.17487	1.39961	3
5	60000001	1.62434	1.39961	3
5	61000001	0.987127	0.972709	2
5	62000001	0.843303	0.972709	2
5	63000001	0.963813	0.972709	2
5	64000001	0.972709	0.972709	2
5	65000001	0.924573	0.972709	2
5	66000001	0.927983	0.972709	2
5	67000001	0.949728	0.972709	2
5	68000001	0.817981	0.972709	2
5	69000001	1.15154	0.972709	2
5	70000001	1.08856	0.972709	2
5	71000001	1.02594	0.972709	2
5	72000001	0.989945	0.972709	2
5	73000001	1.31565	0.972709	2
5	74000001	0.815528	0.972709	2
5	75000001	1.16272	0.972709	2
5	76000001	1.08761	0.972709	2
5	77000001	1.02821	0.972709	2
5	78000001	0.917281	0.972709	2
5	79000001	0.873017	0.972709	2
5	80000001	1.00842	0.972709	2
5	81000001	1.13789	0.972709	2
5	82000001	0.910599	0.972709	2
5	83000001	1.34446	0.972709	2
5	84000001	0.766686	0.972709	2
5	85000001	0.958395	0.972709	2
5	86000001	1.92679	1.92679	4
5	87000001	1.11386	1.16038	2
5	88000001	1.06965	1.16038	2
5	89000001	0.920355	1.16038	2
5	90000001	1.24486	1.16038	2
5	91000001	1.36231	1.16038	2
5	92000001	1.15913	1.16038	2
5	93000001	1.20532	1.16038	2
5	94000001	1.16163	1.16038	2
5	95000001	0.938109	1.06626	2
5	96000001	1.14086	1.06626	2
5	97000001	1.0698	1.06626	2
5	98000001	1.13061	1.06626	2
5	99000001	1.03442	1.06626	2
5	100000001	1.231	1.06626	2
5	101000001	0.802243	1.06626	2
5	102000001	0.900246	1.06626	2
5	103000001	1.11091	1.06626	2
5	104000001	1.0209	1.06626	2
5	105000001	1.0431	1.06626	2
5	106000001	1.13074	1.06626	2
5	107000001	0.835933	1.06626	2
5	108000001	0.797637	1.06626	2
5	109000001	0.973847	1.06626	2
5	110000001	1.28681	1.06626	2
5	111000001	1.22777	1.06626	2
5	112000001	1.07745	1.06626	2
5	113000001	1.22798	1.06626	2
5	114000001	1.02046	1.06626	2
5	115000001	0.909138	1.06626	2
5	116000001	1.06626	1.06626	2
5	117000001	1.19501	1.06626	2
5	118000001	1.05104	1.06626	2
5	119000001	1.14125	1.06626	2
5	120000001	0.925861	1.06626	2
5	121000001	0.868896	1.06626	2
5	122000001	1.03406	1.06626	2
5	123000001	1.08127	1.06626	2
5	124000001	1.20737	1.06626	2
5	125000001	1.07553	1.06626	2
5	126000001	0.86909	1.06626	2
5	127000001	1.05707	1.06626	2
5	128000001	1.07031	1.06626	2
5	129000001	1.21638	1.06626	2
5	130000001	0.821601	0.845299	2
5	131000001	0.84086	0.845299	2
5	132000001	0.845299	0.845299	2
5	133000001	0.868671	0.845299	2
5	134000001	0.838611	0.845299	2
5	135000001	0.818407	0.845299	2
5	136000001	0.910922	0.845299	2
5	137000001	0.904549	0.845299	2
5	138000001	0.921427	0.845299	2
5	139000001	1.10561	1.10561	2
5	140000001	1.22343	1.10561	2
5	141000001	0.898623	1.10561	2
5	142000001	1.32697	1.10561	2
5	143000001	1.09117	1.10561	2
5	144000001	1.15473	1.10561	2
5	145000001	1.42567	1.10561	2
5	146000001	1.07926	1.10561	2
5	147000001	0.79545	1.10561	2
5	148000001	0.949511	1.10561	2
5	149000001	1.37688	1.10561	2
5	150000001	0.948936	1.10561	2
5	151000001	1.31531	1.10561	2
5	152000001	0.849071	0.926953	2
5	153000001	1.03199	0.926953	2
5	154000001	0.89266	0.926953	2
5	155000001	1.11096	0.926953	2
5	156000001	0.919944	0.926953	2
5	157000001	0.926953	0.926953	2
5	158000001	0.98496	0.926953	2
5	159000001	1.08664	0.926953	2
5	160000001	0.779091	0.926953	2
5	161000001	1.08298	0.926953	2
5	162000001	0.912086	0.926953	2
5	163000001	1.38862	1.24133	2
5	164000001	1.2172	1.24133	2
5	165000001	1.24133	1.24133	2
5	166000001	0.773667	0.955232	2
5	167000001	0.808465	0.955232	2
5	168000001	0.962291	0.955232	2
5	169000001	1.13673	0.955232	2
5	170000001	0.76404	0.955232	2
5	171000001	1.36371	0.955232	2
5	172000001	0.991147	0.955232	2
5	173000001	0.948173	0.955232	2
5	174000001	0.984099	0.955232	2
5	175000001	0.719478	0.955232	2
5	176000001	1.15226	1.13282	2
5	177000001	1.11338	1.13282	2
5	178000001	1.17012	1.13282	2
5	179000001	1.05411	1.13282	2
5	180000001	0.926819	1.13282	2
5	181000001	1.60931	1.13282	2
6	1	0.964524	0.999353	2
6	1000001	0.944724	0.999353	2
6	2000001	1.19251	0.999353	2
6	3000001	1.06437	0.999353	2
6	4000001	1.11006	0.999353	2
6	5000001	0.981276	0.999353	2
6	6000001	1.11673	0.999353	2
6	7000001	0.991979	0.999353	2
6	8000001	1.04561	0.999353	2
6	9000001	1.09881	0.999353	2
6	10000001	1.12653	0.999353	2
6	11000001	0.952434	0.999353	2
6	12000001	0.944694	0.999353	2
6	13000001	0.978697	0.999353	2
6	14000001	0.948574	0.999353	2
6	15000001	0.932458	0.999353	2
6	16000001	0.895596	0.999353	2
6	17000001	1.43077	0.999353	2
6	18000001	0.855797	0.999353	2
6	19000001	0.743877	0.999353	2
6	20000001	1.21881	0.999353	2
6	21000001	0.932627	0.999353	2
6	22000001	1.23882	0.999353	2
6	23000001	0.920368	0.999353	2
6	24000001	0.894289	0.999353	2
6	25000001	1.14245	0.999353	2
6	26000001	1.15391	0.999353	2
6	27000001	1.16607	0.999353	2
6	28000001	1.18652	0.999353	2
6	29000001	0.752743	0.999353	2
6	30000001	1.06602	0.999353	2
6	31000001	0.88066	0.999353	2
6	32000001	0.7928	0.999353	2
6	33000001	0.996998	0.999353	2
6	34000001	1.06097	0.999353	2
6	35000001	1.17908	0.999353	2
6	36000001	1.11831	0.999353	2
6	37000001	0.88594	0.999353	2
6	38000001	0.924488	0.999353	2
6	39000001	1.16529	0.999353	2
6	40000001	0.935899	0.999353	2
6	41000001	0.926068	0.999353	2
6	42000001	1.28431	0.999353	2
6	43000001	0.760214	0.999353	2
6	44000001	0.887993	0.999353	2
6	45000001	1.06848	0.999353	2
6	46000001	1.27302	0.999353	2
6	47000001	1.0071	0.999353	2
6	48000001	0.9396	0.999353	2
6	49000001	1.0358	0.999353	2
6	50000001	1.09339	0.999353	2
6	51000001	0.93629	0.999353	2
6	52000001	1.11315	0.999353	2
6	53000001	1.00171	0.999353	2
6	54000001	1.37952	1.50844	3
6	55000001	1.63736	1.50844	3
6	56000001	1.06185	0.9348	2
6	57000001	0.743442	0.9348	2
6	58000001	1.13661	0.9348	2
6	59000001	0.820498	0.9348	2
6	60000001	1.33801	0.9348	2
6	61000001	0.9348	0.9348	2
6	62000001	0.699409	0.9348	2
6	63000001	0.83496	0.9348	2
6	64000001	1.13379	0.9348	2
6	65000001	0.998992	0.9348	2
6	66000001	0.791841	0.9348	2
6	67000001	1.13168	1.02354	2
6	68000001	1.38045	1.02354	2
6	69000001	0.993656	1.02354	2
6	70000001	0.956285	1.02354	2
6	71000001	1.16062	1.02354	2
6	72000001	1.04558	1.02354	2
6	73000001	0.807344	1.02354	2
6	74000001	1.24836	1.02354	2
6	75000001	1.12126	1.02354	2
6	76000001	0.738573	1.02354	2
6	77000001	1.00149	1.02354	2
6	78000001	1.31648	1.02354	2
6	79000001	0.950974	1.02354	2
6	80000001	1.12863	1.02354	2
6	81000001	1.15624	1.02354	2
6	82000001	0.893896	1.02354	2
6	83000001	0.968318	1.02354	2
6	84000001	0.771003	1.02354	2
6	85000001	1.25162	1.02354	2
6	86000001	0.928304	1.02354	2
6	87000001	1.07813	1.02354	2
6	88000001	1.25484	1.02354	2
6	89000001	0.910925	1.02354	2
6	90000001	0.807653	1.02354	2
6	91000001	1.52044	1.19854	2
6	92000001	1.09874	1.19854	2
6	93000001	1.46256	1.19854	2
6	94000001	1.19854	1.19854	2
6	95000001	0.936727	1.19854	2
6	96000001	1.19077	1.19854	2
6	97000001	1.3846	1.19854	2
6	98000001	0.649616	1.04801	2
6	99000001	1.0639	1.04801	2
6	100000001	1.02147	1.04801	2
6	101000001	1.23343	1.04801	2
6	102000001	1.16995	1.04801	2
6	103000001	1.24408	1.04801	2
6	104000001	1.17724	1.04801	2
6	105000001	0.937398	1.04801	2
6	106000001	1.22912	1.04801	2
6	107000001	0.85134	1.04801	2
6	108000001	1.03015	1.04801	2
6	109000001	0.763305	1.04801	2
6	110000001	1.19241	1.04801	2
6	111000001	1.03275	1.04801	2
6	112000001	0.769377	1.04801	2
6	113000001	0.878458	1.04801	2
6	114000001	1.28574	1.04801	2
6	115000001	0.751878	1.04801	2
6	116000001	1.21453	1.04801	2
6	117000001	0.888261	1.04801	2
6	118000001	1.18482	1.04801	2
6	119000001	1.02563	1.04801	2
6	120000001	1.14323	1.04801	2
6	121000001	0.703333	1.04801	2
6	122000001	1.28615	1.04801	2
6	123000001	1.05517	1.04801	2
6	124000001	0.77721	1.04801	2
6	125000001	0.998543	1.04801	2
6	126000001	1.18422	1.04801	2
6	127000001	0.947329	1.04801	2
6	128000001	1.08383	1.04801	2
6	129000001	1.0945	1.04801	2
6	130000001	1.12579	1.04801	2
6	131000001	0.847918	1.04801	2
6	132000001	1.12087	1.04801	2
6	133000001	1.09758	1.04801	2
6	134000001	1.19351	1.04801	2
6	135000001	1.31847	1.04801	2
6	136000001	1.11635	1.04801	2
6	137000001	1.06964	1.04801	2
6	138000001	1.24291	1.04801	2
6	139000001	0.996567	1.04801	2
6	140000001	1.11861	1.04801	2
6	141000001	0.977825	1.04801	2
6	142000001	1.03508	1.04801	2
6	143000001	1.12599	1.04801	2
6	144000001	0.873921	1.04801	2
6	145000001	0.889149	1.04801	2
6	146000001	0.979691	1.04801	2
6	147000001	0.998646	1.04801	2
6	148000001	0.954222	1.04801	2
6	149000001	1.23737	1.04801	2
6	150000001	1.12951	1.04801	2
6	151000001	0.883367	1.04801	2
6	152000001	1.14093	1.04801	2
6	153000001	1.01314	1.04801	2
6	154000001	1.2576	1.04801	2
6	155000001	0.997955	1.04801	2
6	156000001	0.993737	1.04801	2
6	157000001	0.887738	1.04801	2
6	158000001	0.854618	1.04801	2
6	159000001	1.1593	1.04801	2
6	160000001	0.810956	1.04801	2
6	161000001	1.08622	1.04801	2
6	162000001	1.27247	1.04801	2
6	163000001	1.04801	1.04801	2
6	164000001	1.01843	1.04801	2
6	165000001	1.0451	1.04801	2
6	166000001	1.00143	1.04801	2
6	167000001	1.50581	1.04801	2
6	168000001	1.11473	1.04801	2
6	169000001	1.04917	1.04801	2
6	170000001	0.782245	1.04801	2
7	1	1.10301	1.10301	2
7	1000001	1.1476	1.10301	2
7	2000001	0.981459	1.10301	2
7	3000001	0.633205	0.883502	2
7	4000001	0.995309	0.883502	2
7	5000001	0.919911	0.883502	2
7	6000001	0.847092	0.883502	2
7	7000001	1.58321	1.58321	3
7	8000001	0.967462	1.03767	2
7	9000001	1.37271	1.03767	2
7	10000001	1.03767	1.03767	2
7	11000001	1.00668	1.03767	2
7	12000001	1.18417	1.03767	2
7	13000001	1.08978	1.03767	2
7	14000001	1.25052	1.03767	2
7	15000001	1.00807	1.03767	2
7	16000001	1.03562	1.03767	2
7	17000001	1.01246	1.03767	2
7	18000001	1.09234	1.03767	2
7	19000001	1.38142	1.35665	3
7	20000001	1.33188	1.35665	3
7	21000001	1.0286	1.06096	2
7	22000001	0.88926	1.06096	2
7	23000001	1.3763	1.06096	2
7	24000001	0.847096	1.06096	2
7	25000001	1.1441	1.06096	2
7	26000001	0.760082	1.06096	2
7	27000001	1.07932	1.06096	2
7	28000001	0.959273	1.06096	2
7	29000001	1.12851	1.06096	2
7	30000001	0.845371	1.06096	2
7	31000001	1.04013	1.06096	2
7	32000001	0.868469	1.06096	2
7	33000001	1.06273	1.06096	2
7	34000001	0.999275	1.06096	2
7	35000001	1.08832	1.06096	2
7	36000001	1.12107	1.06096	2
7	37000001	1.09525	1.06096	2
7	38000001	0.897303	1.06096	2
7	39000001	0.865306	1.06096	2
7	40000001	1.17447	1.06096	2
7	41000001	1.16934	1.06096	2
7	42000001	0.897926	1.06096	2
7	43000001	0.887578	1.06096	2
7	44000001	1.19536	1.06096	2
7	45000001	0.860703	1.06096	2
7	46000001	1.18014	1.06096	2
7	47000001	1.0922	1.06096	2
7	48000001	1.07702	1.06096	2
7	49000001	1.06096	1.06096	2
7	50000001	0.92341	0.905758	2
7	51000001	0.764077	0.905758	2
7	52000001	0.905758	0.905758	2
7	53000001	1.14864	1.14864	2
7	54000001	1.74607	1.74607	3
7	55000001	0.955205	1.02929	2
7	56000001	1.05152	1.02929	2
7	57000001	1.02929	1.02929	2
7	58000001	0.892637	0.805279	2
7	59000001	0.762598	0.805279	2
7	60000001	0.805279	0.805279	2
7	61000001	1.31063	1.09249	2
7	62000001	1.03745	1.09249	2
7	63000001	0.908585	1.09249	2
7	64000001	1.09291	1.09249	2
7	65000001	1.12818	1.09249	2
7	66000001	1.02524	1.09249	2
7	67000001	0.93974	1.09249	2
7	68000001	1.12655	1.09249	2
7	69000001	0.964159	1.09249	2
7	70000001	1.16639	1.09249	2
7	71000001	1.09208	1.09249	2
7	72000001	1.24718	1.09249	2
7	73000001	1.0327	1.05452	2
7	74000001	0.91536	1.05452	2
7	75000001	0.827875	1.05452	2
7	76000001	1.06183	1.05452	2
7	77000001	1.21576	1.05452	2
7	78000001	0.810404	1.05452	2
7	79000001	0.936665	1.05452	2
7	80000001	1.14877	1.05452	2
7	81000001	1.04721	1.05452	2
7	82000001	1.07698	1.05452	2
7	83000001	1.15121	1.05452	2
7	84000001	1.02103	1.05452	2
7	85000001	0.800643	1.05452	2
7	86000001	1.19436	1.05452	2
7	87000001	1.0315	1.05452	2
7	88000001	1.12329	1.05452	2
7	89000001	1.13474	1.05452	2
7	90000001	0.991062	1.05452	2
7	91000001	1.08519	1.05452	2
7	92000001	0.954136	1.05452	2
7	93000001	1.13559	1.05452	2
7	94000001	1.13033	1.05452	2
7	95000001	0.879716	0.78701	2
7	96000001	0.917518	0.78701	2
7	97000001	0.778427	0.78701	2
7	98000001	0.78701	0.78701	2
7	99000001	0.981028	0.78701	2
7	100000001	0.747259	0.78701	2
7	101000001	0.778777	0.78701	2
7	102000001	1.16877	1.22487	2
7	103000001	1.40874	1.22487	2
7	104000001	1.22487	1.22487	2
7	105000001	0.95784	0.974394	2
7	106000001	1.06141	0.974394	2
7	107000001	0.865658	0.974394	2
7	108000001	1.31047	0.974394	2
7	109000001	1.00256	0.974394	2
7	110000001	0.974394	0.974394	2
7	111000001	0.899784	0.974394	2
7	112000001	1.26551	1.1832	2
7	113000001	1.24269	1.1832	2
7	114000001	1.11214	1.1832	2
7	115000001	1.22317	1.1832	2
7	116000001	1.14323	1.1832	2
7	117000001	1.07549	1.1832	2
7	118000001	1.08601	1.1832	2
7	119000001	1.24686	1.1832	2
7	120000001	0.9481	1.00676	2
7	121000001	1.0669	1.00676	2
7	122000001	0.919431	1.00676	2
7	123000001	1.16229	1.00676	2
7	124000001	0.822958	1.00676	2
7	125000001	1.06778	1.00676	2
7	126000001	1.03765	1.00676	2
7	127000001	0.990939	1.00676	2
7	128000001	1.03369	1.00676	2
7	129000001	0.938151	1.00676	2
7	130000001	1.02259	1.00676	2
7	131000001	0.805322	1.00676	2
7	132000001	1.06224	1.00676	2
7	133000001	0.873621	1.00676	2
7	134000001	1.34387	1.06546	2
7	135000001	0.764884	1.06546	2
7	136000001	1.00508	1.06546	2
7	137000001	1.08316	1.06546	2
7	138000001	1.10589	1.06546	2
7	139000001	1.34872	1.06546	2
7	140000001	0.916726	1.06546	2
7	141000001	0.964859	1.06546	2
7	142000001	1.16171	1.06546	2
7	143000001	1.24332	1.06546	2
7	144000001	0.997004	1.06546	2
7	145000001	0.924929	1.06546	2
7	146000001	1.04777	1.06546	2
7	147000001	1.18601	1.06546	2
7	148000001	1.21674	1.06546	2
7	149000001	0.78684	1.06546	2
7	150000001	1.38475	1.30507	3
7	151000001	1.24152	1.30507	3
7	152000001	1.30507	1.30507	3
7	153000001	0.899921	0.92485	2
7	154000001	0.92485	0.92485	2
7	155000001	1.23223	0.92485	2
7	156000001	1.07585	0.92485	2
7	157000001	0.868309	0.92485	2
7	158000001	1.37041	1.25645	3
7	159000001	1.14248	1.25645	3
8	1	1.00491	0.997602	2
8	1000001	1.10452	0.997602	2
8	2000001	1.32202	0.997602	2
8	3000001	1.05676	0.997602	2
8	4000001	0.976065	0.997602	2
8	5000001	1.07428	0.997602	2
8	6000001	1.0651	0.997602	2
8	7000001	0.998237	0.997602	2
8	8000001	0.918522	0.997602	2
8	9000001	0.966172	0.997602	2
8	10000001	0.961463	0.997602	2
8	11000001	0.85623	0.997602	2
8	12000001	1.05924	0.997602	2
8	13000001	1.23224	0.997602	2
8	14000001	1.23451	0.997602	2
8	15000001	0.960677	0.997602	2
8	16000001	1.10069	0.997602	2
8	17000001	1.17093	0.997602	2
8	18000001	1.05002	0.997602	2
8	19000001	0.961875	0.997602	2
8	20000001	1.00389	0.997602	2
8	21000001	1.02552	0.997602	2
8	22000001	0.792585	0.997602	2
8	23000001	0.913128	0.997602	2
8	24000001	1.16242	0.997602	2
8	25000001	0.996967	0.997602	2
8	26000001	1.34586	0.997602	2
8	27000001	1.07989	0.997602	2
8	28000001	1.08551	0.997602	2
8	29000001	0.89766	0.997602	2
8	30000001	0.824092	0.997602	2
8	31000001	1.12369	0.997602	2
8	32000001	1.1406	0.997602	2
8	33000001	0.726001	0.997602	2
8	34000001	0.92243	0.997602	2
8	35000001	0.831439	0.997602	2
8	36000001	0.950589	0.997602	2
8	37000001	1.03503	0.997602	2
8	38000001	1.08304	0.997602	2
8	39000001	0.943411	0.997602	2
8	40000001	0.977064	0.997602	2
8	41000001	0.937903	0.997602	2
8	42000001	0.808321	0.997602	2
8	43000001	0.921701	0.997602	2
8	44000001	0.698661	0.997602	2
8	45000001	0.845474	0.997602	2
8	46000001	0.890381	0.997602	2
8	47000001	1.01423	0.997602	2
8	48000001	1.06398	1.07827	2
8	49000001	1.19157	1.07827	2
8	50000001	1.31241	1.07827	2
8	51000001	1.17493	1.07827	2
8	52000001	1.32469	1.07827	2
8	53000001	1.09455	1.07827	2
8	54000001	0.902195	1.07827	2
8	55000001	1.03482	1.07827	2
8	56000001	0.954212	1.07827	2
8	57000001	0.999585	1.07827	2
8	58000001	1.16659	1.07827	2
8	59000001	1.19499	1.07827	2
8	60000001	1.10556	1.07827	2
8	61000001	1.11339	1.07827	2
8	62000001	1.08082	1.07827	2
8	63000001	1.3144	1.07827	2
8	64000001	1.17949	1.07827	2
8	65000001	0.968319	1.07827	2
8	66000001	1.04771	1.07827	2
8	67000001	1.20267	1.07827	2
8	68000001	0.934537	1.07827	2
8	69000001	1.24267	1.07827	2
8	70000001	1.11241	1.07827	2
8	71000001	1.33839	1.07827	2
8	72000001	1.07889	1.07827	2
8	73000001	1.04282	1.07827	2
8	74000001	1.18969	1.07827	2
8	75000001	0.878458	1.07827	2
8	76000001	1.16088	1.07827	2
8	77000001	1.18052	1.07827	2
8	78000001	1.01373	1.07827	2
8	79000001	0.914963	1.07827	2
8	80000001	1.02689	1.07827	2
8	81000001	1.01813	1.07827	2
8	82000001	0.820538	1.07827	2
8	83000001	1.08079	1.07827	2
8	84000001	1.208	1.07827	2
8	85000001	1.06176	1.07827	2
8	86000001	1.21934	1.07827	2
8	87000001	1.22991	1.07827	2
8	88000001	1.15667	1.07827	2
8	89000001	1.01035	1.07827	2
8	90000001	1.23629	1.07827	2
8	91000001	0.759429	1.07827	2
8	92000001	1.30138	1.07827	2
8	93000001	1.01975	1.07827	2
8	94000001	1.07764	1.07827	2
8	95000001	1.05798	1.07827	2
8	96000001	0.95803	1.07827	2
8	97000001	1.16021	1.07827	2
8	98000001	1.00139	1.07827	2
8	99000001	0.917808	1.07827	2
8	100000001	0.944986	1.07827	2
8	101000001	0.946274	1.07827	2
8	102000001	1.03521	1.07827	2
8	103000001	0.896135	1.07827	2
8	104000001	1.17787	1.07827	2
8	105000001	1.1034	1.07827	2
8	106000001	1.31498	1.07827	2
8	107000001	1.11319	1.07827	2
8	108000001	0.865905	1.07827	2
8	109000001	1.14544	1.07827	2
8	110000001	1.237	1.07827	2
8	111000001	0.922605	1.07827	2
8	112000001	1.15715	1.07827	2
8	113000001	1.25883	1.07827	2
8	114000001	1.16944	1.07827	2
8	115000001	1.25208	1.07827	2
8	116000001	1.15311	1.07827	2
8	117000001	0.914775	1.07827	2
8	118000001	1.05358	1.07827	2
8	119000001	0.931967	1.07827	2
8	120000001	1.18094	1.07827	2
8	121000001	1.30705	1.07827	2
8	122000001	1.24263	1.07827	2
8	123000001	1.07299	1.07827	2
8	124000001	1.04067	1.07827	2
8	125000001	1.2132	1.07827	2
8	126000001	0.971888	1.07827	2
8	127000001	0.840542	1.07827	2
8	128000001	0.726261	1.07827	2
8	129000001	0.916971	1.07827	2
8	130000001	1.05977	1.07827	2
8	131000001	0.989182	1.07827	2
8	132000001	1.00734	1.07827	2
8	133000001	0.743858	1.07827	2
8	134000001	1.05745	1.07827	2
8	135000001	1.18587	1.07827	2
8	136000001	1.17341	1.07827	2
8	137000001	1.05503	1.07827	2
8	138000001	3.27304	3.27304	7
8	139000001	0.979094	0.89442	2
8	140000001	0.888681	0.89442	2
8	141000001	1.15889	0.89442	2
8	142000001	1.08555	0.89442	2
8	143000001	0.89442	0.89442	2
8	144000001	0.885074	0.89442	2
8	145000001	0.778052	0.89442	2
9	1	1.16148	1.15277	2
9	1000001	1.25586	1.15277	2
9	2000001	1.2495	1.15277	2
9	3000001	1.13516	1.15277	2
9	4000001	1.18662	1.15277	2
9	5000001	1.00456	1.15277	2
9	6000001	1.03075	1.15277	2
9	7000001	1.04634	1.15277	2
9	8000001	1.23898	1.15277	2
9	9000001	1.15932	1.15277	2
9	10000001	1.01803	1.15277	2
9	11000001	1.40934	1.15277	2
9	12000001	0.824167	1.15277	2
9	13000001	1.14621	1.15277	2
9	14000001	1.17806	1.15277	2
9	15000001	1.0569	1.15277	2
9	16000001	1.19219	1.15277	2
9	17000001	0.903814	1.15277	2
9	18000001	1.00807	1.15277	2
9	19000001	1.24905	1.15277	2
9	20000001	0.951685	0.974243	2
9	21000001	0.990644	0.974243	2
9	22000001	0.886821	0.974243	2
9	23000001	1.10111	0.974243	2
9	24000001	1.16762	0.974243	2
9	25000001	0.893586	0.974243	2
9	26000001	0.991403	0.974243	2
9	27000001	0.846261	0.974243	2
9	28000001	0.934052	0.974243	2
9	29000001	1.11612	0.974243	2
9	30000001	0.979444	0.974243	2
9	31000001	1.04895	0.974243	2
9	32000001	1.08543	0.974243	2
9	33000001	0.832949	0.974243	2
9	34000001	0.974243	0.974243	2
9	35000001	0.804537	0.974243	2
9	36000001	1.11625	0.974243	2
9	37000001	0.970371	0.974243	2
9	38000001	0.832658	0.974243	2
9	39000001	0.80501	0.974243	2
9	40000001	0.954358	0.974243	2
9	41000001	0.98058	0.974243	2
9	42000001	1.17825	0.974243	2
9	43000001	1.12742	0.974243	2
9	44000001	0.786018	0.974243	2
9	45000001	1.3704	1.16202	2
9	46000001	-1	1.16202	2
9	47000001	-1	1.16202	2
9	48000001	-1	1.16202	2
9	49000001	-1	1.16202	2
9	50000001	-1	1.16202	2
9	51000001	-1	1.16202	2
9	52000001	-1	1.16202	2
9	53000001	-1	1.16202	2
9	54000001	-1	1.16202	2
9	55000001	-1	1.16202	2
9	56000001	-1	1.16202	2
9	57000001	-1	1.16202	2
9	58000001	-1	1.16202	2
9	59000001	-1	1.16202	2
9	60000001	0.975441	1.16202	2
9	61000001	0.988244	1.16202	2
9	62000001	1.08531	1.16202	2
9	63000001	1.37934	1.16202	2
9	64000001	1.29672	1.16202	2
9	65000001	1.06864	1.16202	2
9	66000001	1.23873	1.16202	2
9	67000001	0.73563	0.937573	2
9	68000001	0.963576	0.937573	2
9	69000001	0.911576	0.937573	2
9	70000001	1.00458	0.937573	2
9	71000001	1.14338	0.937573	2
9	72000001	0.937573	0.937573	2
9	73000001	0.814257	0.937573	2
9	74000001	1.29397	0.937573	2
9	75000001	0.76993	0.937573	2
9	76000001	0.85553	0.937573	2
9	77000001	1.009	0.937573	2
9	78000001	1.01236	0.937573	2
9	79000001	0.882438	0.937573	2
9	80000001	1.18355	1.18355	2
9	81000001	1.4064	1.18355	2
9	82000001	1.09714	1.18355	2
9	83000001	0.862307	1.08652	2
9	84000001	0.902425	1.08652	2
9	85000001	1.08751	1.08652	2
9	86000001	1.2147	1.08652	2
9	87000001	1.08771	1.08652	2
9	88000001	0.910176	1.08652	2
9	89000001	1.08652	1.08652	2
9	90000001	0.924295	0.86466	2
9	91000001	0.840232	0.86466	2
9	92000001	0.889449	0.86466	2
9	93000001	0.875808	0.86466	2
9	94000001	0.98874	0.86466	2
9	95000001	0.781333	0.86466	2
9	96000001	1.156	0.86466	2
9	97000001	0.988676	0.86466	2
9	98000001	0.852145	0.86466	2
9	99000001	0.815934	0.86466	2
9	100000001	0.837959	0.86466	2
9	101000001	0.853512	0.86466	2
9	102000001	1.51113	1.36075	3
9	103000001	1.21036	1.36075	3
9	104000001	1.01108	0.986701	2
9	105000001	0.966091	0.986701	2
9	106000001	1.00731	0.986701	2
9	107000001	0.829099	0.986701	2
9	108000001	1.16432	1.16432	2
9	109000001	1.00409	1.16432	2
9	110000001	1.58941	1.16432	2
9	111000001	0.95536	0.985837	2
9	112000001	0.860744	0.985837	2
9	113000001	0.859242	0.985837	2
9	114000001	0.950683	0.985837	2
9	115000001	1.21419	0.985837	2
9	116000001	1.22696	0.985837	2
9	117000001	0.901513	0.985837	2
9	118000001	1.09273	0.985837	2
9	119000001	1.01961	0.985837	2
9	120000001	0.983838	0.985837	2
9	121000001	0.832686	0.985837	2
9	122000001	1.06719	0.985837	2
9	123000001	1.01877	0.985837	2
9	124000001	0.846886	0.985837	2
9	125000001	1.00432	0.985837	2
9	126000001	0.945944	0.985837	2
9	127000001	0.829795	0.985837	2
9	128000001	1.16662	0.985837	2
9	129000001	1.23409	0.985837	2
9	130000001	1.09163	0.985837	2
9	131000001	1.11687	0.985837	2
9	132000001	0.982124	0.985837	2
9	133000001	0.813641	0.985837	2
9	134000001	1.08525	0.985837	2
9	135000001	0.837793	0.985837	2
9	136000001	0.987835	0.985837	2
9	137000001	0.822058	0.985837	2
9	138000001	1.1039	0.985837	2
X	1	0.804469	0.738026	1
X	1000001	0.652872	0.738026	1
X	2000001	0.565385	0.738026	1
X	3000001	0.885079	0.738026	1
X	4000001	0.688541	0.738026	1
X	5000001	0.78751	0.738026	1
X	6000001	0.380972	0.380972	1
X	7000001	0.317643	0.380972	1
X	8000001	0.495801	0.380972	1
X	9000001	0.68578	0.68578	1
X	10000001	0.55753	0.68578	1
X	11000001	0.897818	0.68578	1
X	12000001	0.484589	0.505099	1
X	13000001	0.45355	0.505099	1
X	14000001	0.602488	0.505099	1
X	15000001	0.55995	0.505099	1
X	16000001	0.672855	0.505099	1
X	17000001	0.517984	0.505099	1
X	18000001	0.409167	0.505099	1
X	19000001	0.507344	0.505099	1
X	20000001	0.601872	0.505099	1
X	21000001	0.731657	0.505099	1
X	22000001	0.433355	0.505099	1
X	23000001	0.513386	0.505099	1
X	24000001	0.586562	0.505099	1
X	25000001	0.46955	0.505099	1
X	26000001	0.470674	0.505099	1
X	27000001	0.491858	0.505099	1
X	28000001	0.524974	0.505099	1
X	29000001	0.561174	0.505099	1
X	30000001	0.393608	0.505099	1
X	31000001	0.4577	0.505099	1
X	32000001	0.703995	0.505099	1
X	33000001	0.482928	0.505099	1
X	34000001	0.467583	0.505099	1
X	35000001	0.414042	0.505099	1
X	36000001	0.467802	0.505099	1
X	37000001	0.582683	0.505099	1
X	38000001	0.565171	0.505099	1
X	39000001	0.557995	0.505099	1
X	40000001	0.469005	0.505099	1
X	41000001	0.546024	0.505099	1
X	42000001	0.491449	0.505099	1
X	43000001	0.371725	0.505099	1
X	44000001	0.457119	0.505099	1
X	45000001	0.616521	0.505099	1
X	46000001	0.405501	0.505099	1
X	47000001	0.426058	0.505099	1
X	48000001	0.530032	0.505099	1
X	49000001	0.604024	0.505099	1
X	50000001	0.508498	0.505099	1
X	51000001	0.421305	0.505099	1
X	52000001	0.535129	0.505099	1
X	53000001	0.546245	0.505099	1
X	54000001	0.38037	0.505099	1
X	55000001	0.486241	0.505099	1
X	56000001	0.433618	0.505099	1
X	57000001	0.541543	0.505099	1
X	58000001	0.500879	0.505099	1
X	59000001	0.351814	0.505099	1
X	60000001	0.502854	0.505099	1
X	61000001	0.41964	0.505099	1
X	62000001	0.46033	0.505099	1
X	63000001	0.445179	0.505099	1
X	64000001	0.485649	0.505099	1
X	65000001	0.581881	0.505099	1
X	66000001	0.597843	0.505099	1
X	67000001	0.545963	0.505099	1
X	68000001	0.538594	0.505099	1
X	69000001	0.47289	0.505099	1
X	70000001	0.699147	0.505099	1
X	71000001	0.447082	0.505099	1
X	72000001	0.456552	0.505099	1
X	73000001	0.467491	0.505099	1
X	74000001	0.434916	0.505099	1
X	75000001	0.447128	0.505099	1
X	76000001	0.567094	0.505099	1
X	77000001	0.79867	0.505099	1
X	78000001	0.551269	0.505099	1
X	79000001	0.367094	0.505099	1
X	80000001	0.491514	0.505099	1
X	81000001	0.67752	0.505099	1
X	82000001	0.481091	0.505099	1
X	83000001	0.412708	0.505099	1
X	84000001	0.540793	0.505099	1
X	85000001	0.528527	0.505099	1
X	86000001	0.525355	0.505099	1
X	87000001	0.575496	0.505099	1
X	88000001	0.605163	0.505099	1
X	89000001	0.534248	0.505099	1
X	90000001	0.544131	0.505099	1
X	91000001	0.601096	0.505099	1
X	92000001	0.518929	0.505099	1
X	93000001	0.471793	0.505099	1
X	94000001	0.710185	0.7221	1
X	95000001	0.734015	0.7221	1
X	96000001	0.514542	0.475928	1
X	97000001	0.366292	0.475928	1
X	98000001	0.601804	0.475928	1
X	99000001	0.601475	0.475928	1
X	100000001	0.386982	0.475928	1
X	101000001	0.475928	0.475928	1
X	102000001	0.478221	0.475928	1
X	103000001	0.260202	0.475928	1
X	104000001	0.403604	0.475928	1
X	105000001	0.601434	0.567667	1
X	106000001	0.554265	0.567667	1
X	107000001	0.474341	0.567667	1
X	108000001	0.582324	0.567667	1
X	109000001	0.567667	0.567667	1
X	110000001	0.416362	0.567667	1
X	111000001	0.68804	0.567667	1
X	112000001	0.285946	0.308734	1
X	113000001	0.331522	0.308734	1
X	114000001	0.503206	0.512316	1
X	115000001	0.566769	0.512316	1
X	116000001	0.503394	0.512316	1
X	117000001	0.534285	0.512316	1
X	118000001	0.614015	0.512316	1
X	119000001	0.480457	0.512316	1
X	120000001	0.469926	0.512316	1
X	121000001	0.551044	0.512316	1
X	122000001	0.733216	0.512316	1
X	123000001	0.451697	0.512316	1
X	124000001	0.481578	0.512316	1
X	125000001	0.311531	0.512316	1
X	126000001	0.730004	0.512316	1
X	127000001	0.545557	0.512316	1
X	128000001	0.501248	0.512316	1
X	129000001	0.412507	0.512316	1
X	130000001	0.467484	0.512316	1
X	131000001	0.44132	0.512316	1
X	132000001	0.505171	0.512316	1
X	133000001	0.538896	0.512316	1
X	134000001	0.446563	0.512316	1
X	135000001	0.824006	0.512316	1
X	136000001	0.631318	0.512316	1
X	137000001	0.405749	0.512316	1
X	138000001	0.383566	0.512316	1
X	139000001	0.512274	0.512316	1
X	140000001	0.55515	0.512316	1
X	141000001	0.506462	0.512316	1
X	142000001	0.648649	0.512316	1
X	143000001	0.350179	0.512316	1
X	144000001	0.401247	0.512316	1
X	145000001	0.526556	0.512316	1
X	146000001	0.623883	0.512316	1
X	147000001	0.548164	0.512316	1
X	148000001	0.512357	0.512316	1
X	149000001	0.543353	0.512316	1
X	150000001	0.575598	0.512316	1
X	151000001	0.572048	0.512316	1
X	152000001	0.478855	0.472222	1
X	153000001	0.469806	0.472222	1
X	154000001	0.368703	0.472222	1
X	155000001	0.472222	0.472222	1
X	156000001	1.68989	0.472222	1
Y	1	-1	-1	1
Y	1000001	-1	-1	1
Y	2000001	0.484976	0.499061	1
Y	3000001	0.614134	0.499061	1
Y	4000001	0.561494	0.499061	1
Y	5000001	0.454677	0.499061	1
Y	6000001	0.648682	0.499061	1
Y	7000001	0.477698	0.499061	1
Y	8000001	0.495835	0.499061	1
Y	9000001	0.502286	0.499061	1
Y	10000001	1.27966	0.785883	2
Y	11000001	0.660295	0.785883	2
Y	12000001	0.785883	0.785883	2
Y	13000001	0.508187	0.506359	1
Y	14000001	0.465767	0.506359	1
Y	15000001	0.504531	0.506359	1
Y	16000001	0.449195	0.506359	1
Y	17000001	0.636455	0.506359	1
Y	18000001	0.580056	0.506359	1
Y	19000001	0.423365	0.506359	1
Y	20000001	0.5473	0.506359	1
Y	21000001	0.725705	0.725705	1
Y	22000001	0.781567	0.725705	1
Y	23000001	0.602881	0.725705	1
Y	24000001	0.645059	0.725705	1
Y	25000001	0.752728	0.725705	1
Y	26000001	0.545918	0.725705	1
Y	27000001	-1	0.725705	1
Y	28000001	-1	0.725705	1
Y	29000001	-1	0.725705	1
Y	30000001	-1	0.725705	1
Y	31000001	-1	0.725705	1
Y	32000001	-1	0.725705	1
Y	33000001	-1	0.725705	1
Y	34000001	-1	0.725705	1
Y	35000001	-1	0.725705	1
Y	36000001	-1	0.725705	1
Y	37000001	-1	0.725705	1
Y	38000001	-1	0.725705	1
Y	39000001	-1	0.725705	1
Y	40000001	-1	0.725705	1
Y	41000001	-1	0.725705	1
Y	42000001	-1	0.725705	1
Y	43000001	-1	0.725705	1
Y	44000001	-1	0.725705	1
Y	45000001	-1	0.725705	1
Y	46000001	-1	0.725705	1
Y	47000001	-1	0.725705	1
Y	48000001	-1	0.725705	1
Y	49000001	-1	0.725705	1
Y	50000001	-1	0.725705	1
Y	51000001	-1	0.725705	1
Y	52000001	-1	0.725705	1
Y	53000001	-1	0.725705	1
Y	54000001	-1	0.725705	1
Y	55000001	-1	0.725705	1
Y	56000001	0.76109	0.725705	1
Y	57000001	-1	-1	1
