Chromosome	Start	Ratio	MedianRatio	CopyNumber
1	1	1.1725	1.16705	2
1	1000001	1.28994	1.16705	2
1	2000001	1.25285	1.16705	2
1	3000001	0.908259	1.16705	2
1	4000001	1.17235	1.16705	2
1	5000001	0.91263	1.16705	2
1	6000001	1.16176	1.16705	2
1	7000001	1.37207	1.16705	2
1	8000001	0.979375	1.16705	2
1	9000001	1.25703	1.16705	2
1	10000001	1.08453	1.16705	2
1	11000001	1.09599	1.16705	2
1	12000001	0.8584	0.989643	2
1	13000001	1.24093	0.989643	2
1	14000001	1.05198	0.989643	2
1	15000001	0.918779	0.989643	2
1	16000001	0.963005	0.989643	2
1	17000001	1.09173	0.989643	2
1	18000001	1.0266	0.989643	2
1	19000001	0.991367	0.989643	2
1	20000001	1.15585	0.989643	2
1	21000001	0.949856	0.989643	2
1	22000001	1.02178	0.989643	2
1	23000001	0.734395	0.989643	2
1	24000001	0.797772	0.989643	2
1	25000001	1.00295	0.989643	2
1	26000001	0.889526	0.989643	2
1	27000001	0.800332	0.989643	2
1	28000001	0.992095	0.989643	2
1	29000001	1.03888	0.989643	2
1	30000001	1.08872	0.989643	2
1	31000001	0.984359	0.989643	2
1	32000001	0.882161	0.989643	2
1	33000001	1.10652	0.989643	2
1	34000001	0.82595	0.989643	2
1	35000001	1.16369	0.989643	2
1	36000001	1.04102	0.989643	2
1	37000001	0.935286	0.989643	2
1	38000001	1.04606	0.989643	2
1	39000001	0.820494	0.989643	2
1	40000001	1.12011	0.989643	2
1	41000001	0.976295	0.989643	2
1	42000001	1.01052	0.989643	2
1	43000001	1.0246	0.989643	2
1	44000001	0.769859	0.989643	2
1	45000001	0.883851	0.989643	2
1	46000001	1.10477	0.989643	2
1	47000001	0.990252	0.989643	2
1	48000001	1.19527	0.989643	2
1	49000001	1.07384	0.989643	2
1	50000001	0.920394	0.989643	2
1	51000001	1.11449	0.989643	2
1	52000001	1.01412	0.989643	2
1	53000001	0.728439	0.989643	2
1	54000001	0.993761	0.989643	2
1	55000001	0.797302	0.989643	2
1	56000001	0.87731	0.989643	2
1	57000001	0.980062	0.989643	2
1	58000001	1.04535	0.989643	2
1	59000001	1.11082	0.989643	2
1	60000001	0.8091	0.989643	2
1	61000001	0.888165	0.989643	2
1	62000001	1.06784	0.989643	2
1	63000001	1.02095	0.989643	2
1	64000001	1.14523	0.989643	2
1	65000001	0.842895	0.989643	2
1	66000001	0.989643	0.989643	2
1	67000001	1.07936	0.989643	2
1	68000001	1.09349	0.989643	2
1	69000001	0.85234	0.989643	2
1	70000001	0.94253	0.989643	2
1	71000001	1.06225	0.989643	2
1	72000001	0.983091	0.989643	2
1	73000001	1.29187	0.989643	2
1	74000001	0.964425	0.989643	2
1	75000001	0.943156	0.989643	2
1	76000001	0.954469	0.989643	2
1	77000001	0.88717	0.989643	2
1	78000001	1.18852	0.989643	2
1	79000001	1.12263	0.989643	2
1	80000001	1.09926	0.989643	2
1	81000001	1.04537	0.989643	2
1	82000001	1.26804	0.989643	2
1	83000001	1.01685	0.989643	2
1	84000001	0.946473	0.989643	2
1	85000001	0.88771	0.989643	2
1	86000001	0.954205	0.989643	2
1	87000001	1.11577	0.989643	2
1	88000001	0.899411	0.989643	2
1	89000001	0.742101	0.989643	2
1	90000001	1.09642	0.989643	2
1	91000001	0.985719	0.989643	2
1	92000001	0.951048	0.989643	2
1	93000001	1.15376	0.989643	2
1	94000001	0.90666	0.989643	2
1	95000001	0.798205	0.989643	2
1	96000001	1.12611	0.989643	2
1	97000001	0.983124	0.989643	2
1	98000001	0.963819	0.989643	2
1	99000001	1.08384	0.989643	2
1	100000001	1.0805	0.989643	2
1	101000001	0.90016	0.989643	2
1	102000001	1.06569	0.989643	2
1	103000001	1.03892	0.989643	2
1	104000001	0.878973	0.989643	2
1	105000001	0.939921	0.989643	2
1	106000001	1.26756	0.989643	2
1	107000001	0.92759	0.989643	2
1	108000001	0.834986	0.989643	2
1	109000001	1.00893	0.989643	2
1	110000001	0.973748	0.989643	2
1	111000001	0.980631	0.989643	2
1	112000001	0.92904	0.989643	2
1	113000001	0.998929	0.989643	2
1	114000001	1.07858	0.989643	2
1	115000001	0.868716	0.989643	2
1	116000001	1.27529	0.989643	2
1	117000001	1.10186	0.989643	2
1	118000001	0.815477	0.989643	2
1	119000001	1.02872	0.989643	2
1	120000001	0.725491	0.989643	2
1	121000001	1.3796	0.989643	2
1	122000001	0.977737	0.989643	2
1	123000001	0.825701	0.989643	2
1	124000001	0.863792	0.989643	2
1	125000001	2.24448	2.24448	4
1	126000001	-1	-1	3
1	127000001	-1	-1	3
1	128000001	-1	-1	3
1	129000001	-1	-1	3
1	130000001	-1	-1	3
1	131000001	-1	-1	3
1	132000001	-1	-1	3
1	133000001	-1	-1	3
1	134000001	-1	-1	3
1	135000001	-1	-1	3
1	136000001	-1	-1	3
1	137000001	-1	-1	3
1	138000001	-1	-1	3
1	139000001	-1	-1	3
1	140000001	-1	-1	3
1	141000001	-1	-1	3
1	142000001	-1	-1	3
1	143000001	1.80384	1.58542	3
1	144000001	1.36699	1.58542	3
1	145000001	0.99219	0.9922	2
1	146000001	0.965869	0.9922	2
1	147000001	0.996783	0.9922	2
1	148000001	0.960409	0.9922	2
1	149000001	0.793403	0.9922	2
1	150000001	1.0286	0.9922	2
1	151000001	0.894263	0.9922	2
1	152000001	1.07293	0.9922	2
1	153000001	1.2142	0.9922	2
1	154000001	0.963888	0.9922	2
1	155000001	0.970385	0.9922	2
1	156000001	0.976457	0.9922	2
1	157000001	1.06461	0.9922	2
1	158000001	1.01086	0.9922	2
1	159000001	0.948974	0.9922	2
1	160000001	1.02035	0.9922	2
1	161000001	1.03164	0.9922	2
1	162000001	0.732412	0.9922	2
1	163000001	1.30225	0.9922	2
1	164000001	1.07828	0.9922	2
1	165000001	0.823855	0.9922	2
1	166000001	1.07359	0.9922	2
1	167000001	0.904508	0.9922	2
1	168000001	1.15812	0.9922	2
1	169000001	0.676689	0.9922	2
1	170000001	1.05327	0.9922	2
1	171000001	0.784737	0.9922	2
1	172000001	1.03068	0.9922	2
1	173000001	0.91035	0.9922	2
1	174000001	0.924854	0.9922	2
1	175000001	1.15152	0.9922	2
1	176000001	1.14639	0.9922	2
1	177000001	0.994904	0.9922	2
1	178000001	1.03475	0.9922	2
1	179000001	0.889994	0.9922	2
1	180000001	0.931978	0.9922	2
1	181000001	0.953556	0.9922	2
1	182000001	0.895433	0.9922	2
1	183000001	1.03593	0.9922	2
1	184000001	0.971467	0.9922	2
1	185000001	1.10046	0.9922	2
1	186000001	1.16181	0.9922	2
1	187000001	0.906138	0.9922	2
1	188000001	1.04861	0.9922	2
1	189000001	1.13775	0.9922	2
1	190000001	0.949149	0.9922	2
1	191000001	0.864953	0.9922	2
1	192000001	0.974164	0.9922	2
1	193000001	1.31976	0.9922	2
1	194000001	0.827359	0.9922	2
1	195000001	0.977086	0.9922	2
1	196000001	1.36781	0.9922	2
1	197000001	0.954403	0.9922	2
1	198000001	1.01654	0.9922	2
1	199000001	1.00202	0.9922	2
1	200000001	0.999489	0.9922	2
1	201000001	0.841573	0.9922	2
1	202000001	1.02723	0.9922	2
1	203000001	1.03626	0.9922	2
1	204000001	0.978783	0.9922	2
1	205000001	1.06142	0.9922	2
1	206000001	1.07998	0.9922	2
1	207000001	0.986349	0.9922	2
1	208000001	1.29032	0.9922	2
1	209000001	0.899071	0.9922	2
1	210000001	0.936538	0.9922	2
1	211000001	0.827756	0.9922	2
1	212000001	1.22933	0.9922	2
1	213000001	0.96379	0.9922	2
1	214000001	0.998564	0.9922	2
1	215000001	1.05191	0.9922	2
1	216000001	1.04491	0.9922	2
1	217000001	1.00669	0.9922	2
1	218000001	0.754133	0.9922	2
1	219000001	0.929324	0.9922	2
1	220000001	0.959308	0.9922	2
1	221000001	1.0692	0.9922	2
1	222000001	0.911825	0.9922	2
1	223000001	0.977714	0.9922	2
1	224000001	0.814978	0.9922	2
1	225000001	0.723902	0.9922	2
1	226000001	0.992209	0.9922	2
1	227000001	0.873383	0.9922	2
1	228000001	1.05235	0.9922	2
1	229000001	0.852534	0.9922	2
1	230000001	1.26043	0.9922	2
1	231000001	1.01833	0.9922	2
1	232000001	0.961398	0.9922	2
1	233000001	1.06834	0.9922	2
1	234000001	0.774308	0.9922	2
1	235000001	1.062	0.9922	2
1	236000001	0.849329	0.9922	2
1	237000001	1.02668	0.9922	2
1	238000001	0.730302	0.9922	2
1	239000001	1.15192	0.9922	2
1	240000001	1.12158	0.9922	2
1	241000001	0.737788	0.9922	2
1	242000001	0.922668	0.9922	2
1	243000001	0.864655	0.9922	2
1	244000001	0.941001	0.9922	2
1	245000001	1.12884	0.9922	2
1	246000001	1.17881	0.9922	2
1	247000001	1.18356	0.9922	2
1	248000001	1.04871	0.9922	2
10	1	1.23269	1.13134	2
10	1000001	1.07033	1.13134	2
10	2000001	0.970118	1.13134	2
10	3000001	1.19235	1.13134	2
10	4000001	0.809379	0.96314	2
10	5000001	1.06716	0.96314	2
10	6000001	0.94862	0.96314	2
10	7000001	0.910556	0.96314	2
10	8000001	0.996213	0.96314	2
10	9000001	0.870923	0.96314	2
10	10000001	1.30338	0.96314	2
10	11000001	0.885523	0.96314	2
10	12000001	0.975568	0.96314	2
10	13000001	0.78771	0.96314	2
10	14000001	0.89841	0.96314	2
10	15000001	1.15279	0.96314	2
10	16000001	1.00605	0.96314	2
10	17000001	0.943913	0.96314	2
10	18000001	1.00633	0.96314	2
10	19000001	0.875099	0.96314	2
10	20000001	1.12964	0.96314	2
10	21000001	0.875822	0.96314	2
10	22000001	0.951183	0.96314	2
10	23000001	0.949213	0.96314	2
10	24000001	0.887096	0.96314	2
10	25000001	1.19429	0.96314	2
10	26000001	1.11359	0.96314	2
10	27000001	0.908914	0.96314	2
10	28000001	0.984883	0.96314	2
10	29000001	1.21995	0.96314	2
10	30000001	0.966	0.96314	2
10	31000001	0.885997	0.96314	2
10	32000001	0.962861	0.96314	2
10	33000001	0.93919	0.96314	2
10	34000001	0.9033	0.96314	2
10	35000001	0.83443	0.96314	2
10	36000001	0.926706	0.96314	2
10	37000001	1.01761	0.96314	2
10	38000001	0.953044	0.96314	2
10	39000001	0.909891	0.96314	2
10	40000001	1.12245	0.96314	2
10	41000001	0.953199	0.96314	2
10	42000001	1.1577	0.96314	2
10	43000001	0.690785	0.96314	2
10	44000001	0.776179	0.96314	2
10	45000001	0.834163	0.96314	2
10	46000001	1.21421	0.96314	2
10	47000001	0.866773	0.96314	2
10	48000001	1.12564	0.96314	2
10	49000001	0.83011	0.96314	2
10	50000001	1.06867	0.96314	2
10	51000001	0.733413	0.96314	2
10	52000001	0.875824	0.96314	2
10	53000001	0.85841	0.96314	2
10	54000001	1.15118	0.96314	2
10	55000001	0.816096	0.96314	2
10	56000001	0.963418	0.96314	2
10	57000001	1.29856	0.96314	2
10	58000001	0.959759	0.96314	2
10	59000001	1.118	0.96314	2
10	60000001	1.08873	0.96314	2
10	61000001	1.04409	0.96314	2
10	62000001	0.996328	0.96314	2
10	63000001	0.791056	0.96314	2
10	64000001	1.0477	0.96314	2
10	65000001	0.964728	0.96314	2
10	66000001	0.848424	0.96314	2
10	67000001	0.865172	0.96314	2
10	68000001	0.933996	0.96314	2
10	69000001	0.788659	0.96314	2
10	70000001	0.885048	0.96314	2
10	71000001	0.863946	0.96314	2
10	72000001	1.05363	0.96314	2
10	73000001	1.00452	0.96314	2
10	74000001	1.30731	0.96314	2
10	75000001	0.733341	0.96314	2
10	76000001	0.611966	0.96314	2
10	77000001	0.946081	0.96314	2
10	78000001	0.99389	0.96314	2
10	79000001	0.937429	0.96314	2
10	80000001	1.00175	0.96314	2
10	81000001	0.994782	0.96314	2
10	82000001	1.09733	0.96314	2
10	83000001	1.06094	0.96314	2
10	84000001	1.0747	0.96314	2
10	85000001	1.1759	0.96314	2
10	86000001	0.92936	0.96314	2
10	87000001	1.09637	0.96314	2
10	88000001	0.986948	0.96314	2
10	89000001	0.967413	0.96314	2
10	90000001	1.20386	0.96314	2
10	91000001	0.833059	0.96314	2
10	92000001	0.828166	0.96314	2
10	93000001	0.792665	0.96314	2
10	94000001	1.12806	0.96314	2
10	95000001	1.1476	0.96314	2
10	96000001	1.01543	0.96314	2
10	97000001	1.13659	0.96314	2
10	98000001	0.905964	0.96314	2
10	99000001	1.09303	0.96314	2
10	100000001	0.718775	0.96314	2
10	101000001	1.30946	0.96314	2
10	102000001	1.01923	0.96314	2
10	103000001	0.99478	0.96314	2
10	104000001	0.943097	0.96314	2
10	105000001	1.09467	0.96314	2
10	106000001	1.05275	0.96314	2
10	107000001	1.16448	0.96314	2
10	108000001	0.846088	0.96314	2
10	109000001	0.940425	0.96314	2
10	110000001	1.24734	0.96314	2
10	111000001	0.830023	0.96314	2
10	112000001	1.09303	0.96314	2
10	113000001	0.90729	0.96314	2
10	114000001	0.968335	0.96314	2
10	115000001	1.06521	0.96314	2
10	116000001	0.99817	0.96314	2
10	117000001	0.867843	0.96314	2
10	118000001	0.811995	0.96314	2
10	119000001	1.24085	0.96314	2
10	120000001	0.844539	0.96314	2
10	121000001	0.8449	0.96314	2
10	122000001	1.27756	0.96314	2
10	123000001	0.906631	0.96314	2
10	124000001	0.944855	0.96314	2
10	125000001	0.983352	0.96314	2
10	126000001	3.0394	3.0394	6
10	127000001	1.07365	1.06581	2
10	128000001	1.13172	1.06581	2
10	129000001	1.06581	1.06581	2
10	130000001	0.984834	1.06581	2
10	131000001	0.94297	1.06581	2
10	132000001	0.835547	1.06581	2
10	133000001	1.62888	1.06581	2
11	1	1.11922	1.03992	2
11	1000001	0.999387	1.03992	2
11	2000001	1.03879	1.03992	2
11	3000001	1.01935	1.03992	2
11	4000001	1.03992	1.03992	2
11	5000001	0.857189	1.03992	2
11	6000001	1.17565	1.03992	2
11	7000001	1.0615	1.03992	2
11	8000001	1.21301	1.03992	2
11	9000001	1.03391	1.03992	2
11	10000001	1.07027	1.03992	2
11	11000001	1.71834	1.71834	3
11	12000001	0.818864	0.93599	2
11	13000001	0.875557	0.93599	2
11	14000001	1.11211	0.93599	2
11	15000001	0.905599	0.93599	2
11	16000001	0.90336	0.93599	2
11	17000001	0.949218	0.93599	2
11	18000001	1.05848	0.93599	2
11	19000001	0.981161	0.93599	2
11	20000001	0.93599	0.93599	2
11	21000001	1.12223	1.05429	2
11	22000001	1.29636	1.05429	2
11	23000001	1.0417	1.05429	2
11	24000001	1.02359	1.05429	2
11	25000001	1.311	1.05429	2
11	26000001	1.05429	1.05429	2
11	27000001	0.985695	1.05429	2
11	28000001	1.22624	1.05429	2
11	29000001	0.981255	1.05429	2
11	30000001	1.11413	1.05429	2
11	31000001	1.12492	1.05429	2
11	32000001	0.878205	1.05429	2
11	33000001	1.01805	1.05429	2
11	34000001	0.928321	1.05429	2
11	35000001	0.938279	1.05429	2
11	36000001	1.07198	1.05429	2
11	37000001	1.02034	1.05429	2
11	38000001	0.847249	1.05429	2
11	39000001	1.17268	1.05429	2
11	40000001	1.12118	1.05429	2
11	41000001	1.02808	1.05429	2
11	42000001	1.28546	1.05429	2
11	43000001	1.10069	1.05429	2
11	44000001	0.926172	0.899246	2
11	45000001	0.873173	0.899246	2
11	46000001	0.731985	0.899246	2
11	47000001	0.925318	0.899246	2
11	48000001	1.11712	1.00613	2
11	49000001	0.886782	1.00613	2
11	50000001	1.20256	1.00613	2
11	51000001	0.997356	1.00613	2
11	52000001	0.959038	1.00613	2
11	53000001	1.02478	1.00613	2
11	54000001	1.08615	1.00613	2
11	55000001	1.13627	1.00613	2
11	56000001	1.04911	1.00613	2
11	57000001	0.860537	1.00613	2
11	58000001	0.961833	1.00613	2
11	59000001	1.03682	1.00613	2
11	60000001	0.834045	1.00613	2
11	61000001	1.00613	1.00613	2
11	62000001	1.08855	1.00613	2
11	63000001	0.941772	1.00613	2
11	64000001	0.926599	1.00613	2
11	65000001	0.852958	1.00613	2
11	66000001	1.12165	1.00613	2
11	67000001	0.974686	1.00613	2
11	68000001	1.10386	1.00613	2
11	69000001	1.97473	1.97473	4
11	70000001	0.849015	0.995126	2
11	71000001	1.03156	0.995126	2
11	72000001	1.12977	0.995126	2
11	73000001	1.16029	0.995126	2
11	74000001	0.997768	0.995126	2
11	75000001	1.08633	0.995126	2
11	76000001	1.24982	0.995126	2
11	77000001	0.894471	0.995126	2
11	78000001	1.17846	0.995126	2
11	79000001	0.996151	0.995126	2
11	80000001	0.952729	0.995126	2
11	81000001	0.813872	0.995126	2
11	82000001	0.923574	0.995126	2
11	83000001	1.06169	0.995126	2
11	84000001	0.808807	0.995126	2
11	85000001	1.14557	0.995126	2
11	86000001	0.954718	0.995126	2
11	87000001	0.92285	0.995126	2
11	88000001	0.789363	0.995126	2
11	89000001	1.06242	0.995126	2
11	90000001	1.13035	0.995126	2
11	91000001	0.959611	0.995126	2
11	92000001	1.18692	0.995126	2
11	93000001	0.781533	0.995126	2
11	94000001	1.07981	0.995126	2
11	95000001	1.10218	0.995126	2
11	96000001	1.31532	0.995126	2
11	97000001	0.892563	0.995126	2
11	98000001	0.932394	0.995126	2
11	99000001	1.04543	0.995126	2
11	100000001	0.830251	0.995126	2
11	101000001	0.997104	0.995126	2
11	102000001	0.842622	0.995126	2
11	103000001	0.905472	0.995126	2
11	104000001	1.46095	0.995126	2
11	105000001	0.969092	0.995126	2
11	106000001	1.06497	0.995126	2
11	107000001	0.971125	0.995126	2
11	108000001	0.746625	0.995126	2
11	109000001	0.822407	0.995126	2
11	110000001	1.18997	0.995126	2
11	111000001	0.88375	0.995126	2
11	112000001	0.873459	0.995126	2
11	113000001	0.890956	0.995126	2
11	114000001	0.907292	0.995126	2
11	115000001	1.11977	0.995126	2
11	116000001	0.941959	0.995126	2
11	117000001	0.843349	0.995126	2
11	118000001	0.960569	0.995126	2
11	119000001	0.995752	0.995126	2
11	120000001	0.928169	0.995126	2
11	121000001	1.01896	0.995126	2
11	122000001	1.09401	0.995126	2
11	123000001	0.9945	0.995126	2
11	124000001	1.02453	0.995126	2
11	125000001	0.975711	0.995126	2
11	126000001	1.09516	0.995126	2
11	127000001	1.06955	0.995126	2
11	128000001	1.05856	0.995126	2
11	129000001	0.870025	0.995126	2
11	130000001	1.07047	0.995126	2
11	131000001	0.960157	0.995126	2
11	132000001	1.07798	0.995126	2
11	133000001	1.00571	0.995126	2
11	134000001	1.29878	1.41643	3
11	135000001	1.53408	1.41643	3
12	1	0.830875	1.01256	2
12	1000001	0.882879	1.01256	2
12	2000001	1.14231	1.01256	2
12	3000001	1.11449	1.01256	2
12	4000001	0.733173	1.01256	2
12	5000001	1.25632	1.01256	2
12	6000001	0.941787	1.01256	2
12	7000001	1.14629	1.01256	2
12	8000001	0.749169	1.01256	2
12	9000001	1.02719	1.01256	2
12	10000001	1.29104	1.01256	2
12	11000001	1.18404	1.01256	2
12	12000001	0.906983	1.01256	2
12	13000001	1.06871	1.01256	2
12	14000001	1.01378	1.01256	2
12	15000001	0.93351	1.01256	2
12	16000001	0.864069	1.01256	2
12	17000001	1.01473	1.01256	2
12	18000001	1.09145	1.01256	2
12	19000001	1.23229	1.01256	2
12	20000001	1.24096	1.01256	2
12	21000001	0.819144	1.01256	2
12	22000001	0.85573	1.01256	2
12	23000001	0.965546	1.01256	2
12	24000001	0.988419	1.01256	2
12	25000001	1.01457	1.01256	2
12	26000001	1.11759	1.01256	2
12	27000001	0.807637	1.01256	2
12	28000001	1.12123	1.01256	2
12	29000001	1.13957	1.01256	2
12	30000001	0.840096	1.01256	2
12	31000001	1.09604	1.01256	2
12	32000001	0.877105	1.01256	2
12	33000001	1.17285	1.01256	2
12	34000001	0.713042	1.01256	2
12	35000001	1.04026	1.01256	2
12	36000001	1.05282	1.01256	2
12	37000001	0.80226	1.01256	2
12	38000001	0.871164	1.01256	2
12	39000001	0.909393	1.01256	2
12	40000001	1.11483	1.01256	2
12	41000001	0.884306	1.01256	2
12	42000001	1.20077	1.01256	2
12	43000001	1.00439	1.01256	2
12	44000001	1.0467	1.01256	2
12	45000001	1.01135	1.01256	2
12	46000001	0.921382	1.01256	2
12	47000001	0.929856	1.01256	2
12	48000001	1.6315	1.07168	2
12	49000001	1.23401	1.07168	2
12	50000001	1.14182	1.07168	2
12	51000001	0.953405	1.07168	2
12	52000001	0.929163	1.07168	2
12	53000001	0.975916	1.07168	2
12	54000001	0.943563	1.07168	2
12	55000001	1.07168	1.07168	2
12	56000001	1.17927	1.07168	2
12	57000001	0.802968	1.07168	2
12	58000001	0.953992	1.07168	2
12	59000001	0.995944	1.07168	2
12	60000001	1.08513	1.07168	2
12	61000001	1.1635	1.07168	2
12	62000001	0.96401	1.07168	2
12	63000001	1.20614	1.07168	2
12	64000001	1.193	1.07168	2
12	65000001	1.13032	1.07168	2
12	66000001	1.24945	1.07168	2
12	67000001	0.897132	1.07168	2
12	68000001	1.18739	1.07168	2
12	69000001	0.912659	1.07168	2
12	70000001	1.20186	1.07168	2
12	71000001	1.09703	1.07168	2
12	72000001	0.913096	1.07168	2
12	73000001	0.971246	1.07168	2
12	74000001	1.08072	1.07168	2
12	75000001	1.04294	1.07168	2
12	76000001	1.10942	1.07168	2
12	77000001	1.09357	1.07168	2
12	78000001	1.09333	1.07168	2
12	79000001	0.970677	1.07168	2
12	80000001	1.0374	1.07168	2
12	81000001	1.35443	1.07168	2
12	82000001	0.865235	1.07168	2
12	83000001	1.05274	1.07168	2
12	84000001	0.816528	1.07168	2
12	85000001	1.01944	1.07168	2
12	86000001	1.21089	1.07168	2
12	87000001	0.86768	0.86768	2
12	88000001	0.675326	0.86768	2
12	89000001	0.87043	0.86768	2
12	90000001	1.13947	0.986835	2
12	91000001	0.975024	0.986835	2
12	92000001	0.757722	0.986835	2
12	93000001	0.973907	0.986835	2
12	94000001	0.922081	0.986835	2
12	95000001	1.07742	0.986835	2
12	96000001	0.912636	0.986835	2
12	97000001	0.91176	0.986835	2
12	98000001	0.800224	0.986835	2
12	99000001	1.028	0.986835	2
12	100000001	1.05997	0.986835	2
12	101000001	0.950419	0.986835	2
12	102000001	1.026	0.986835	2
12	103000001	1.04888	0.986835	2
12	104000001	1.06283	0.986835	2
12	105000001	0.798718	0.986835	2
12	106000001	0.886395	0.986835	2
12	107000001	0.806422	0.986835	2
12	108000001	0.919339	0.986835	2
12	109000001	1.07691	0.986835	2
12	110000001	1.00377	0.986835	2
12	111000001	1.17896	0.986835	2
12	112000001	0.808465	0.986835	2
12	113000001	1.03898	0.986835	2
12	114000001	1.10943	0.986835	2
12	115000001	1.12628	0.986835	2
12	116000001	0.96855	0.986835	2
12	117000001	0.863776	0.986835	2
12	118000001	1.02108	0.986835	2
12	119000001	0.901173	0.986835	2
12	120000001	0.889502	0.986835	2
12	121000001	1.0903	0.986835	2
12	122000001	1.10831	0.986835	2
12	123000001	0.907065	0.986835	2
12	124000001	0.986835	0.986835	2
12	125000001	1.16228	0.986835	2
12	126000001	0.881811	0.986835	2
12	127000001	1.00903	0.986835	2
12	128000001	1.0711	0.986835	2
12	129000001	1.54477	1.54477	3
12	130000001	1.1109	1.09291	2
12	131000001	1.33903	1.09291	2
12	132000001	1.07491	1.09291	2
12	133000001	0.79489	1.09291	2
13	1	-1	-1	2
13	1000001	-1	-1	2
13	2000001	-1	-1	2
13	3000001	-1	-1	2
13	4000001	-1	-1	2
13	5000001	-1	-1	2
13	6000001	-1	-1	2
13	7000001	-1	-1	2
13	8000001	-1	-1	2
13	9000001	-1	-1	2
13	10000001	-1	-1	2
13	11000001	-1	-1	2
13	12000001	-1	-1	2
13	13000001	-1	-1	2
13	14000001	-1	-1	2
13	15000001	-1	-1	2
13	16000001	0.738277	0.832625	2
13	17000001	0.832625	0.832625	2
13	18000001	1.23535	0.832625	2
13	19000001	1.10072	0.832625	2
13	20000001	0.830375	0.832625	2
13	21000001	0.738215	0.832625	2
13	22000001	1.02272	0.832625	2
13	23000001	0.883497	0.832625	2
13	24000001	0.726262	0.832625	2
13	25000001	1.055	1.06496	2
13	26000001	0.970315	1.06496	2
13	27000001	1.13745	1.06496	2
13	28000001	1.33408	1.06496	2
13	29000001	1.06496	1.06496	2
13	30000001	1.0329	1.06496	2
13	31000001	1.09798	1.06496	2
13	32000001	1.03379	1.06496	2
13	33000001	0.779967	1.06496	2
13	34000001	0.914395	1.06496	2
13	35000001	1.18489	1.06496	2
13	36000001	0.920092	1.06496	2
13	37000001	1.3477	1.06496	2
13	38000001	1.23076	1.06496	2
13	39000001	1.18583	1.06496	2
13	40000001	0.788263	1.06496	2
13	41000001	1.20292	1.06496	2
13	42000001	1.09519	1.06496	2
13	43000001	0.99366	1.06496	2
13	44000001	1.20494	1.23102	2
13	45000001	1.32096	1.23102	2
13	46000001	1.12435	1.23102	2
13	47000001	1.19404	1.23102	2
13	48000001	1.35797	1.23102	2
13	49000001	1.25711	1.23102	2
13	50000001	0.991718	1.00028	2
13	51000001	0.937962	1.00028	2
13	52000001	1.00884	1.00028	2
13	53000001	0.932179	1.00028	2
13	54000001	1.10071	1.00028	2
13	55000001	1.09842	1.00028	2
13	56000001	0.842497	1.00028	2
13	57000001	1.06248	1.00028	2
13	58000001	0.888319	1.00028	2
13	59000001	1.14286	1.00028	2
13	60000001	0.814136	0.904226	2
13	61000001	1.01561	0.904226	2
13	62000001	0.905649	0.904226	2
13	63000001	0.820533	0.904226	2
13	64000001	0.980708	0.904226	2
13	65000001	1.14795	0.904226	2
13	66000001	0.902802	0.904226	2
13	67000001	0.801128	0.904226	2
13	68000001	0.752053	0.904226	2
13	69000001	0.9998	0.904226	2
13	70000001	1.27206	1.43524	3
13	71000001	1.59841	1.43524	3
13	72000001	1.10157	1.0566	2
13	73000001	0.875582	1.0566	2
13	74000001	1.08034	1.0566	2
13	75000001	1.27194	1.0566	2
13	76000001	0.713445	1.0566	2
13	77000001	1.03006	1.0566	2
13	78000001	1.03303	1.0566	2
13	79000001	1.14692	1.0566	2
13	80000001	1.27005	1.0566	2
13	81000001	1.32726	1.0566	2
13	82000001	1.08815	1.0566	2
13	83000001	1.34013	1.0566	2
13	84000001	0.961649	1.0566	2
13	85000001	0.859799	1.0566	2
13	86000001	0.987947	1.0566	2
13	87000001	1.05747	1.0566	2
13	88000001	1.03297	1.0566	2
13	89000001	1.13241	1.0566	2
13	90000001	1.40243	1.0566	2
13	91000001	1.01729	1.0566	2
13	92000001	1.05573	1.0566	2
13	93000001	1.12357	1.0566	2
13	94000001	0.940457	1.0566	2
13	95000001	1.17087	1.0566	2
13	96000001	1.00212	1.0566	2
13	97000001	1.0499	1.0566	2
13	98000001	1.07726	1.0566	2
13	99000001	1.03665	1.0566	2
13	100000001	0.796212	1.0566	2
13	101000001	1.21792	1.0566	2
13	102000001	0.9028	1.0566	2
13	103000001	1.17361	1.0566	2
13	104000001	0.773459	1.0566	2
13	105000001	0.913474	1.0566	2
13	106000001	1.25381	1.0566	2
13	107000001	1.15125	1.0566	2
13	108000001	0.957485	0.93141	2
13	109000001	0.867004	0.93141	2
13	110000001	1.07467	0.93141	2
13	111000001	1.04596	0.93141	2
13	112000001	0.93141	0.93141	2
13	113000001	0.810973	0.93141	2
13	114000001	0.82597	0.93141	2
14	1	-1	-1	2
14	1000001	-1	-1	2
14	2000001	-1	-1	2
14	3000001	-1	-1	2
14	4000001	-1	-1	2
14	5000001	-1	-1	2
14	6000001	-1	-1	2
14	7000001	-1	-1	2
14	8000001	-1	-1	2
14	9000001	-1	-1	2
14	10000001	-1	-1	2
14	11000001	-1	-1	2
14	12000001	-1	-1	2
14	13000001	-1	-1	2
14	14000001	-1	-1	2
14	15000001	-1	-1	2
14	16000001	1.20084	0.964972	2
14	17000001	0.8953	0.964972	2
14	18000001	0.964972	0.964972	2
14	19000001	1.07691	0.964972	2
14	20000001	1.01159	0.964972	2
14	21000001	0.992769	0.964972	2
14	22000001	0.917227	0.964972	2
14	23000001	0.831014	0.964972	2
14	24000001	0.930212	0.964972	2
14	25000001	1.16975	0.964972	2
14	26000001	1.29235	0.964972	2
14	27000001	1.06661	0.964972	2
14	28000001	0.845148	0.964972	2
14	29000001	0.876839	0.964972	2
14	30000001	0.869037	0.964972	2
14	31000001	1.12044	0.964972	2
14	32000001	0.846892	0.964972	2
14	33000001	0.916612	0.964972	2
14	34000001	1.07571	0.964972	2
14	35000001	1.05198	0.964972	2
14	36000001	0.94428	0.964972	2
14	37000001	1.07499	0.964972	2
14	38000001	1.16079	0.964972	2
14	39000001	0.918772	0.964972	2
14	40000001	0.995938	0.964972	2
14	41000001	0.844277	0.964972	2
14	42000001	1.39303	0.964972	2
14	43000001	1.11329	0.964972	2
14	44000001	1.09417	0.964972	2
14	45000001	1.1637	0.964972	2
14	46000001	0.936689	0.964972	2
14	47000001	1.02973	0.964972	2
14	48000001	0.963459	0.964972	2
14	49000001	0.84842	0.964972	2
14	50000001	0.878489	0.964972	2
14	51000001	0.864439	0.964972	2
14	52000001	1.10091	0.964972	2
14	53000001	1.1603	0.964972	2
14	54000001	1.11248	0.964972	2
14	55000001	0.836858	0.964972	2
14	56000001	0.96084	0.964972	2
14	57000001	0.915852	0.964972	2
14	58000001	0.747248	0.964972	2
14	59000001	1.2056	1.2056	2
14	60000001	2.45241	2.45241	5
14	61000001	0.97872	0.986842	2
14	62000001	1.15014	0.986842	2
14	63000001	1.11583	0.986842	2
14	64000001	0.795402	0.986842	2
14	65000001	0.812831	0.986842	2
14	66000001	1.2153	0.986842	2
14	67000001	1.02215	0.986842	2
14	68000001	0.826209	0.986842	2
14	69000001	0.921935	0.986842	2
14	70000001	1.0725	0.986842	2
14	71000001	1.16359	0.986842	2
14	72000001	0.983767	0.986842	2
14	73000001	1.12799	0.986842	2
14	74000001	0.977246	0.986842	2
14	75000001	1.06212	0.986842	2
14	76000001	1.13547	0.986842	2
14	77000001	0.978786	0.986842	2
14	78000001	1.05484	0.986842	2
14	79000001	1.02964	0.986842	2
14	80000001	0.890494	0.986842	2
14	81000001	1.08576	0.986842	2
14	82000001	0.848685	0.986842	2
14	83000001	0.931617	0.986842	2
14	84000001	0.782888	0.986842	2
14	85000001	0.989917	0.986842	2
14	86000001	1.01395	0.986842	2
14	87000001	1.05132	0.986842	2
14	88000001	0.926492	0.986842	2
14	89000001	0.915335	0.986842	2
14	90000001	0.972311	0.986842	2
14	91000001	0.926327	0.986842	2
14	92000001	1.00482	0.986842	2
14	93000001	1.00558	0.986842	2
14	94000001	1.18511	0.986842	2
14	95000001	1.09353	0.986842	2
14	96000001	1.08298	0.986842	2
14	97000001	0.919417	0.986842	2
14	98000001	0.960429	0.986842	2
14	99000001	1.01407	0.986842	2
14	100000001	0.827655	0.986842	2
14	101000001	0.917385	0.986842	2
14	102000001	0.892916	0.986842	2
14	103000001	1.02247	0.986842	2
14	104000001	0.979748	0.986842	2
14	105000001	0.902462	0.986842	2
14	106000001	1.1272	0.986842	2
14	107000001	-1	-1	2
15	1	-1	-1	2
15	1000001	-1	-1	2
15	2000001	-1	-1	2
15	3000001	-1	-1	2
15	4000001	-1	-1	2
15	5000001	-1	-1	2
15	6000001	-1	-1	2
15	7000001	-1	-1	2
15	8000001	-1	-1	2
15	9000001	-1	-1	2
15	10000001	-1	-1	2
15	11000001	-1	-1	2
15	12000001	-1	-1	2
15	13000001	-1	-1	2
15	14000001	-1	-1	2
15	15000001	-1	-1	2
15	16000001	-1	-1	2
15	17000001	1.25474	1.08741	2
15	18000001	1.05033	1.08741	2
15	19000001	1.08741	1.08741	2
15	20000001	0.924458	0.878192	2
15	21000001	0.734473	0.878192	2
15	22000001	0.92414	0.878192	2
15	23000001	0.832245	0.878192	2
15	24000001	1.0735	1.0735	2
15	25000001	1.21059	1.0735	2
15	26000001	1.08554	1.0735	2
15	27000001	0.727112	1.0735	2
15	28000001	0.894732	1.0735	2
15	29000001	1.15772	1.0735	2
15	30000001	0.893691	1.0735	2
15	31000001	1.27293	1.16931	2
15	32000001	1.16931	1.16931	2
15	33000001	1.03602	1.16931	2
15	34000001	0.962577	1.16931	2
15	35000001	1.22097	1.16931	2
15	36000001	0.922763	0.963267	2
15	37000001	0.963267	0.963267	2
15	38000001	1.01247	0.963267	2
15	39000001	1.01001	0.963267	2
15	40000001	0.808044	0.963267	2
15	41000001	1.17776	1.14866	2
15	42000001	1.07621	1.14866	2
15	43000001	1.17819	1.14866	2
15	44000001	0.995445	1.14866	2
15	45000001	1.24264	1.14866	2
15	46000001	1.11955	1.14866	2
15	47000001	1.02342	1.02342	2
15	48000001	1.00317	1.02342	2
15	49000001	0.947178	1.02342	2
15	50000001	1.25304	1.02342	2
15	51000001	1.05725	1.02342	2
15	52000001	0.952193	1.02342	2
15	53000001	1.05568	1.02342	2
15	54000001	0.996431	1.02342	2
15	55000001	1.11593	1.02342	2
15	56000001	0.904134	1.01417	2
15	57000001	1.01417	1.01417	2
15	58000001	0.90857	1.01417	2
15	59000001	1.06245	1.01417	2
15	60000001	1.02153	1.01417	2
15	61000001	0.840891	0.927304	2
15	62000001	0.85416	0.927304	2
15	63000001	0.891169	0.927304	2
15	64000001	0.997082	0.927304	2
15	65000001	0.970328	0.927304	2
15	66000001	0.890443	0.927304	2
15	67000001	0.963439	0.927304	2
15	68000001	1.08009	0.927304	2
15	69000001	0.837696	0.927304	2
15	70000001	1.08648	0.927304	2
15	71000001	0.99743	0.927304	2
15	72000001	0.828514	0.927304	2
15	73000001	1.04339	1.06734	2
15	74000001	1.0645	1.06734	2
15	75000001	1.25692	1.06734	2
15	76000001	1.08805	1.06734	2
15	77000001	1.00831	1.06734	2
15	78000001	0.894658	1.06734	2
15	79000001	1.20511	1.06734	2
15	80000001	1.1639	1.06734	2
15	81000001	1.0035	1.06734	2
15	82000001	1.07018	1.06734	2
15	83000001	0.990276	0.946696	2
15	84000001	0.928961	0.946696	2
15	85000001	0.902003	0.946696	2
15	86000001	0.964431	0.946696	2
15	87000001	1.04018	0.946696	2
15	88000001	0.861844	0.946696	2
15	89000001	1.23835	1.06193	2
15	90000001	0.907661	1.06193	2
15	91000001	1.17883	1.06193	2
15	92000001	0.9813	1.06193	2
15	93000001	1.11742	1.06193	2
15	94000001	1.04607	1.06193	2
15	95000001	1.06193	1.06193	2
15	96000001	0.985146	0.971195	2
15	97000001	0.99354	0.971195	2
15	98000001	0.785838	0.971195	2
15	99000001	1.08037	0.971195	2
15	100000001	0.957244	0.971195	2
15	101000001	0.95394	0.971195	2
16	1	0.94283	1.00751	2
16	1000001	1.00751	1.00751	2
16	2000001	0.798495	1.00751	2
16	3000001	0.933936	1.00751	2
16	4000001	0.951213	1.00751	2
16	5000001	0.950646	1.00751	2
16	6000001	0.999305	1.00751	2
16	7000001	0.994218	1.00751	2
16	8000001	1.03671	1.00751	2
16	9000001	1.1627	1.00751	2
16	10000001	1.35185	1.00751	2
16	11000001	0.99819	1.00751	2
16	12000001	1.14906	1.00751	2
16	13000001	1.01624	1.00751	2
16	14000001	1.17803	1.00751	2
16	15000001	0.888679	1.00751	2
16	16000001	1.22393	1.00751	2
16	17000001	1.0431	1.00751	2
16	18000001	1.01334	1.00751	2
16	19000001	1.13747	1.00751	2
16	20000001	1.00588	1.00751	2
16	21000001	1.22307	1.00751	2
16	22000001	0.991236	1.00751	2
16	23000001	1.17815	1.00751	2
16	24000001	0.977271	1.00751	2
16	25000001	1.02194	1.00751	2
16	26000001	1.21282	1.00751	2
16	27000001	1.00598	1.00751	2
16	28000001	0.997709	1.00751	2
16	29000001	0.927274	1.00751	2
16	30000001	1.05595	1.00751	2
16	31000001	0.945546	1.00751	2
16	32000001	1.14932	1.00751	2
16	33000001	1.41579	1.00751	2
16	34000001	1.45565	1.00751	2
16	35000001	0.993231	1.00751	2
16	36000001	0.9533	1.00751	2
16	37000001	0.766407	1.00751	2
16	38000001	1.01182	1.00751	2
16	39000001	-1	-1	2
16	40000001	-1	-1	2
16	41000001	-1	-1	2
16	42000001	-1	-1	2
16	43000001	-1	-1	2
16	44000001	-1	-1	2
16	45000001	-1	-1	2
16	46000001	2.95131	2.95131	6
16	47000001	1.37759	1.04687	2
16	48000001	0.705959	1.04687	2
16	49000001	1.14785	1.04687	2
16	50000001	1.07841	1.04687	2
16	51000001	1.01519	1.04687	2
16	52000001	0.998267	1.04687	2
16	53000001	1.04717	1.04687	2
16	54000001	1.11489	1.04687	2
16	55000001	0.836977	1.04687	2
16	56000001	0.97282	1.04687	2
16	57000001	1.24432	1.04687	2
16	58000001	0.825956	1.04687	2
16	59000001	1.01122	1.04687	2
16	60000001	0.913263	1.04687	2
16	61000001	0.883933	1.04687	2
16	62000001	0.865769	1.04687	2
16	63000001	1.09276	1.04687	2
16	64000001	1.03419	1.04687	2
16	65000001	0.942724	1.04687	2
16	66000001	0.650459	1.04687	2
16	67000001	1.1585	1.04687	2
16	68000001	0.86169	1.04687	2
16	69000001	1.12501	1.04687	2
16	70000001	0.999529	1.04687	2
16	71000001	1.08661	1.04687	2
16	72000001	0.886801	1.04687	2
16	73000001	1.17715	1.04687	2
16	74000001	1.08099	1.04687	2
16	75000001	1.08687	1.04687	2
16	76000001	1.1822	1.04687	2
16	77000001	1.23999	1.04687	2
16	78000001	1.30442	1.04687	2
16	79000001	0.807938	1.04687	2
16	80000001	1.04687	1.04687	2
16	81000001	1.18576	1.04687	2
16	82000001	0.972766	1.04687	2
16	83000001	1.06235	1.04687	2
16	84000001	1.07476	1.04687	2
16	85000001	0.805473	1.04687	2
16	86000001	1.14973	1.04687	2
16	87000001	0.814614	1.04687	2
16	88000001	1.53881	1.35267	3
16	89000001	1.07258	1.35267	3
16	90000001	1.35267	1.35267	3
17	1	0.965584	1.01071	2
17	1000001	1.07159	1.01071	2
17	2000001	1.09295	1.01071	2
17	3000001	0.881843	1.01071	2
17	4000001	1.04184	1.01071	2
17	5000001	0.970195	1.01071	2
17	6000001	1.03039	1.01071	2
17	7000001	1.09836	1.01071	2
17	8000001	0.904521	1.01071	2
17	9000001	1.04353	1.01071	2
17	10000001	1.01361	1.01071	2
17	11000001	1.06695	1.01071	2
17	12000001	1.13345	1.01071	2
17	13000001	0.999948	1.01071	2
17	14000001	0.875785	1.01071	2
17	15000001	1.27835	1.01071	2
17	16000001	1.19446	1.01071	2
17	17000001	0.992463	1.01071	2
17	18000001	0.977192	1.01071	2
17	19000001	1.0475	1.01071	2
17	20000001	0.856121	1.01071	2
17	21000001	0.91308	1.01071	2
17	22000001	0.857113	1.01071	2
17	23000001	1.01535	1.01071	2
17	24000001	1.00781	1.01071	2
17	25000001	0.843183	1.01071	2
17	26000001	1.807	1.807	4
17	27000001	0.852785	1.05544	2
17	28000001	1.08962	1.05544	2
17	29000001	1.03022	1.05544	2
17	30000001	1.10897	1.05544	2
17	31000001	1.07644	1.05544	2
17	32000001	1.09302	1.05544	2
17	33000001	0.981996	1.05544	2
17	34000001	1.05544	1.05544	2
17	35000001	0.928549	1.05544	2
17	36000001	0.783468	1.05544	2
17	37000001	0.961567	1.05544	2
17	38000001	0.972105	1.05544	2
17	39000001	1.19246	1.05544	2
17	40000001	1.01794	1.05544	2
17	41000001	0.939574	1.05544	2
17	42000001	1.28251	1.05544	2
17	43000001	0.952983	1.05544	2
17	44000001	0.896053	1.05544	2
17	45000001	0.948969	1.05544	2
17	46000001	1.22165	1.05544	2
17	47000001	1.09178	1.05544	2
17	48000001	1.04682	1.05544	2
17	49000001	0.930795	1.05544	2
17	50000001	0.872437	1.05544	2
17	51000001	1.08919	1.05544	2
17	52000001	1.13106	1.05544	2
17	53000001	1.07689	1.05544	2
17	54000001	0.745597	1.05544	2
17	55000001	1.17118	1.05544	2
17	56000001	1.19132	1.05544	2
17	57000001	1.08957	1.05544	2
17	58000001	1.09825	1.05544	2
17	59000001	1.16181	1.05544	2
17	60000001	1.00594	1.05544	2
17	61000001	1.08005	1.05544	2
17	62000001	1.70729	1.70729	3
17	63000001	1.12303	1.09191	2
17	64000001	1.10684	1.09191	2
17	65000001	1.03092	1.09191	2
17	66000001	0.96398	1.09191	2
17	67000001	1.18745	1.09191	2
17	68000001	0.900243	1.09191	2
17	69000001	1.10313	1.09191	2
17	70000001	0.994163	1.09191	2
17	71000001	1.2262	1.09191	2
17	72000001	1.08069	1.09191	2
17	73000001	0.792569	0.857278	2
17	74000001	1.14086	0.857278	2
17	75000001	0.921987	0.857278	2
17	76000001	0.789491	0.857278	2
17	77000001	1.87044	1.87044	4
17	78000001	0.899622	0.899622	2
17	79000001	0.897849	0.899622	2
17	80000001	0.994077	0.899622	2
17	81000001	2.93233	2.93233	6
17	82000001	1.09471	1.09583	2
17	83000001	1.09695	1.09583	2
18	1	2.05281	2.05281	4
18	1000001	1.12288	1.08257	2
18	2000001	1.07644	1.08257	2
18	3000001	0.788521	1.08257	2
18	4000001	1.0887	1.08257	2
18	5000001	1.11992	1.08257	2
18	6000001	1.00967	1.08257	2
18	7000001	0.926592	1.08257	2
18	8000001	1.1804	1.08257	2
18	9000001	1.00426	1.08257	2
18	10000001	1.32291	1.08257	2
18	11000001	0.978145	1.08257	2
18	12000001	1.10645	1.08257	2
18	13000001	1.01911	0.959642	2
18	14000001	1.04139	0.959642	2
18	15000001	0.959642	0.959642	2
18	16000001	0.644247	0.959642	2
18	17000001	0.785617	0.959642	2
18	18000001	0.845916	0.959642	2
18	19000001	0.847484	0.959642	2
18	20000001	0.856028	0.959642	2
18	21000001	1.11115	0.959642	2
18	22000001	1.06663	0.959642	2
18	23000001	0.756384	0.959642	2
18	24000001	0.994808	0.959642	2
18	25000001	1.10405	0.959642	2
18	26000001	0.943959	0.959642	2
18	27000001	0.871454	0.959642	2
18	28000001	0.987349	0.959642	2
18	29000001	1.52171	0.959642	2
18	30000001	0.760873	0.959642	2
18	31000001	0.92447	0.959642	2
18	32000001	0.916181	0.959642	2
18	33000001	1.12034	0.959642	2
18	34000001	1.0351	0.959642	2
18	35000001	1.03562	0.959642	2
18	36000001	0.940021	0.959642	2
18	37000001	0.978501	0.959642	2
18	38000001	1.04525	1.03085	2
18	39000001	1.03085	1.03085	2
18	40000001	1.23772	1.03085	2
18	41000001	1.18374	1.03085	2
18	42000001	1.10109	1.03085	2
18	43000001	0.90545	1.03085	2
18	44000001	1.17842	1.03085	2
18	45000001	1.1256	1.03085	2
18	46000001	1.24178	1.03085	2
18	47000001	1.15004	1.03085	2
18	48000001	0.917882	1.03085	2
18	49000001	1.0894	1.03085	2
18	50000001	0.743477	1.03085	2
18	51000001	1.21215	1.03085	2
18	52000001	0.920554	1.03085	2
18	53000001	1.05941	1.03085	2
18	54000001	0.94004	1.03085	2
18	55000001	0.984625	1.03085	2
18	56000001	1.13979	1.03085	2
18	57000001	0.846609	1.03085	2
18	58000001	0.995951	1.03085	2
18	59000001	0.934468	1.03085	2
18	60000001	0.838319	1.03085	2
18	61000001	2.01662	1.03085	2
18	62000001	1.05451	1.03085	2
18	63000001	1.123	1.03085	2
18	64000001	1.05453	1.03085	2
18	65000001	1.01967	1.03085	2
18	66000001	1.00766	1.03085	2
18	67000001	1.2346	1.03085	2
18	68000001	1.05206	1.03085	2
18	69000001	0.936827	1.03085	2
18	70000001	0.931097	1.03085	2
18	71000001	0.831318	1.03085	2
18	72000001	0.895486	1.03085	2
18	73000001	0.998982	1.03085	2
18	74000001	1.05984	1.03085	2
18	75000001	0.857214	1.03085	2
18	76000001	0.981393	1.03085	2
18	77000001	2.15925	1.03085	2
18	78000001	0.845671	1.03085	2
18	79000001	0.736894	1.03085	2
18	80000001	1.30264	1.03085	2
19	1	0.958108	1.03454	2
19	1000001	0.921596	1.03454	2
19	2000001	1.13312	1.03454	2
19	3000001	1.03992	1.03454	2
19	4000001	1.04333	1.03454	2
19	5000001	0.890109	1.03454	2
19	6000001	1.03454	1.03454	2
19	7000001	1.19012	1.03454	2
19	8000001	0.995315	1.03454	2
19	9000001	0.945266	1.03454	2
19	10000001	1.05203	1.03454	2
19	11000001	1.05162	1.03454	2
19	12000001	0.921726	1.03454	2
19	13000001	1.2185	1.18806	2
19	14000001	1.02514	1.18806	2
19	15000001	1.14542	1.18806	2
19	16000001	1.18806	1.18806	2
19	17000001	1.20609	1.18806	2
19	18000001	1.07829	1.07093	2
19	19000001	1.02817	1.07093	2
19	20000001	1.07093	1.07093	2
19	21000001	0.820308	1.07093	2
19	22000001	0.900683	1.07093	2
19	23000001	1.11629	1.07093	2
19	24000001	1.083	1.07093	2
19	25000001	0.886521	0.910941	2
19	26000001	0.841425	0.910941	2
19	27000001	0.977346	0.910941	2
19	28000001	1.00043	0.910941	2
19	29000001	0.935362	0.910941	2
19	30000001	0.790593	0.910941	2
19	31000001	1.04101	0.998356	2
19	32000001	0.990347	0.998356	2
19	33000001	0.966496	0.998356	2
19	34000001	1.14183	0.998356	2
19	35000001	0.974364	0.998356	2
19	36000001	1.12721	0.998356	2
19	37000001	1.05482	0.998356	2
19	38000001	0.769678	0.998356	2
19	39000001	0.941388	0.998356	2
19	40000001	1.31103	0.998356	2
19	41000001	0.998356	0.998356	2
19	42000001	0.897049	0.900465	2
19	43000001	0.868037	0.900465	2
19	44000001	0.940054	0.900465	2
19	45000001	0.903881	0.900465	2
19	46000001	0.820371	0.900465	2
19	47000001	0.982503	0.900465	2
19	48000001	0.884894	0.900465	2
19	49000001	1.01799	0.900465	2
19	50000001	0.816951	0.900465	2
19	51000001	0.953611	0.900465	2
19	52000001	1.08536	0.988138	2
19	53000001	0.988138	0.988138	2
19	54000001	0.948891	0.988138	2
19	55000001	1.05492	0.988138	2
19	56000001	1.15423	0.988138	2
19	57000001	0.956718	0.988138	2
19	58000001	0.953867	0.988138	2
2	1	0.811101	0.971231	2
2	1000001	1.13603	0.971231	2
2	2000001	1.1049	0.971231	2
2	3000001	0.895065	0.971231	2
2	4000001	1.06628	0.971231	2
2	5000001	0.905478	0.971231	2
2	6000001	1.01294	0.971231	2
2	7000001	1.12688	0.971231	2
2	8000001	0.956854	0.971231	2
2	9000001	1.19336	0.971231	2
2	10000001	1.02228	0.971231	2
2	11000001	0.970661	0.971231	2
2	12000001	0.923155	0.971231	2
2	13000001	0.945257	0.971231	2
2	14000001	0.971231	0.971231	2
2	15000001	1.00114	0.971231	2
2	16000001	1.26625	0.971231	2
2	17000001	0.788138	0.971231	2
2	18000001	1.29151	0.971231	2
2	19000001	0.963454	0.971231	2
2	20000001	0.948549	0.971231	2
2	21000001	0.842511	0.971231	2
2	22000001	0.924206	0.971231	2
2	23000001	1.00774	0.971231	2
2	24000001	0.851624	0.971231	2
2	25000001	1.25171	0.971231	2
2	26000001	1.03202	0.971231	2
2	27000001	0.899368	0.971231	2
2	28000001	0.873901	0.971231	2
2	29000001	0.997033	0.971231	2
2	30000001	0.649519	0.971231	2
2	31000001	0.908581	0.971231	2
2	32000001	0.960601	0.971231	2
2	33000001	0.978472	0.971231	2
2	34000001	0.99253	0.971231	2
2	35000001	1.30577	0.971231	2
2	36000001	1.1323	0.971231	2
2	37000001	1.05807	0.971231	2
2	38000001	1.02935	0.971231	2
2	39000001	0.685793	0.971231	2
2	40000001	0.996562	0.971231	2
2	41000001	0.938151	0.971231	2
2	42000001	0.673133	0.971231	2
2	43000001	0.92606	0.971231	2
2	44000001	0.78107	0.971231	2
2	45000001	0.995924	0.971231	2
2	46000001	0.759742	0.971231	2
2	47000001	0.908774	0.971231	2
2	48000001	0.989403	0.971231	2
2	49000001	1.36527	0.971231	2
2	50000001	0.84154	0.971231	2
2	51000001	1.0397	0.971231	2
2	52000001	1.21845	0.971231	2
2	53000001	0.950275	0.971231	2
2	54000001	1.17167	0.971231	2
2	55000001	0.950514	0.971231	2
2	56000001	1.02981	0.971231	2
2	57000001	1.76365	1.76365	4
2	58000001	0.935893	1.11694	2
2	59000001	1.21925	1.11694	2
2	60000001	0.941208	1.11694	2
2	61000001	0.970795	1.11694	2
2	62000001	1.11694	1.11694	2
2	63000001	1.19364	1.11694	2
2	64000001	0.914581	1.11694	2
2	65000001	1.01254	1.11694	2
2	66000001	1.12187	1.11694	2
2	67000001	1.2367	1.11694	2
2	68000001	1.32599	1.11694	2
2	69000001	0.864823	1.11694	2
2	70000001	1.0415	1.11694	2
2	71000001	1.13144	1.11694	2
2	72000001	1.20879	1.11694	2
2	73000001	1.18391	1.11694	2
2	74000001	1.35984	1.11694	2
2	75000001	1.2809	1.11694	2
2	76000001	1.15984	1.11694	2
2	77000001	0.71759	1.11694	2
2	78000001	1.32936	1.11694	2
2	79000001	1.10258	1.11694	2
2	80000001	0.832296	1.11694	2
2	81000001	1.06347	1.11694	2
2	82000001	1.10984	1.11694	2
2	83000001	2.12166	2.12166	4
2	84000001	0.988734	1.00277	2
2	85000001	0.970189	1.00277	2
2	86000001	1.1394	1.00277	2
2	87000001	0.764157	1.00277	2
2	88000001	1.27935	1.00277	2
2	89000001	1.08328	1.00277	2
2	90000001	1.06703	1.00277	2
2	91000001	1.2943	1.00277	2
2	92000001	1.10526	1.00277	2
2	93000001	1.247	1.00277	2
2	94000001	1.08595	1.00277	2
2	95000001	0.887139	1.00277	2
2	96000001	1.00253	1.00277	2
2	97000001	0.9789	1.00277	2
2	98000001	1.10304	1.00277	2
2	99000001	1.56468	1.00277	2
2	100000001	1.00009	1.00277	2
2	101000001	1.1694	1.00277	2
2	102000001	0.907752	1.00277	2
2	103000001	0.931895	1.00277	2
2	104000001	1.01835	1.00277	2
2	105000001	0.852248	1.00277	2
2	106000001	1.003	1.00277	2
2	107000001	0.949345	1.00277	2
2	108000001	1.09811	1.00277	2
2	109000001	1.1326	1.00277	2
2	110000001	1.38445	1.00277	2
2	111000001	0.990074	1.00277	2
2	112000001	0.959802	1.00277	2
2	113000001	0.915204	1.00277	2
2	114000001	1.17702	1.00277	2
2	115000001	0.91906	1.00277	2
2	116000001	0.740474	1.00277	2
2	117000001	1.25622	1.00277	2
2	118000001	0.951467	1.00277	2
2	119000001	0.954199	1.00277	2
2	120000001	0.938054	1.00277	2
2	121000001	1.1452	1.00277	2
2	122000001	1.18476	1.00277	2
2	123000001	0.848115	1.00277	2
2	124000001	1.95503	1.95503	4
2	125000001	1.04545	0.979255	2
2	126000001	1.05766	0.979255	2
2	127000001	0.960786	0.979255	2
2	128000001	1.21767	0.979255	2
2	129000001	0.958894	0.979255	2
2	130000001	1.001	0.979255	2
2	131000001	1.10156	0.979255	2
2	132000001	1.2907	0.979255	2
2	133000001	1.08101	0.979255	2
2	134000001	0.806733	0.979255	2
2	135000001	0.9552	0.979255	2
2	136000001	0.837093	0.979255	2
2	137000001	0.967995	0.979255	2
2	138000001	1.17796	0.979255	2
2	139000001	0.881129	0.979255	2
2	140000001	1.04765	0.979255	2
2	141000001	0.815909	0.979255	2
2	142000001	0.871537	0.979255	2
2	143000001	1.08099	0.979255	2
2	144000001	1.04604	0.979255	2
2	145000001	0.927265	0.979255	2
2	146000001	0.782908	0.979255	2
2	147000001	0.929573	0.979255	2
2	148000001	0.966454	0.979255	2
2	149000001	1.19602	0.979255	2
2	150000001	1.37325	0.979255	2
2	151000001	0.773775	0.979255	2
2	152000001	1.08719	0.979255	2
2	153000001	0.831982	0.979255	2
2	154000001	1.0933	0.979255	2
2	155000001	0.91057	0.979255	2
2	156000001	0.887451	0.979255	2
2	157000001	0.89638	0.979255	2
2	158000001	1.29885	0.979255	2
2	159000001	1.04989	0.979255	2
2	160000001	0.613089	0.979255	2
2	161000001	0.947291	0.979255	2
2	162000001	1.24989	0.979255	2
2	163000001	0.695996	0.979255	2
2	164000001	1.14527	0.979255	2
2	165000001	0.836493	0.979255	2
2	166000001	1.39261	0.979255	2
2	167000001	1.04001	0.979255	2
2	168000001	0.990516	0.979255	2
2	169000001	1.89006	1.89006	4
2	170000001	0.847503	0.940408	2
2	171000001	0.987822	0.940408	2
2	172000001	0.866158	0.940408	2
2	173000001	1.19673	0.940408	2
2	174000001	0.884869	0.940408	2
2	175000001	0.926947	0.940408	2
2	176000001	1.03788	0.940408	2
2	177000001	0.91872	0.940408	2
2	178000001	0.859078	0.940408	2
2	179000001	1.09179	0.940408	2
2	180000001	0.932378	0.940408	2
2	181000001	1.00952	0.940408	2
2	182000001	0.812727	0.940408	2
2	183000001	0.925609	0.940408	2
2	184000001	1.04401	0.940408	2
2	185000001	0.881663	0.940408	2
2	186000001	0.902879	0.940408	2
2	187000001	1.11317	0.940408	2
2	188000001	1.0459	0.940408	2
2	189000001	1.13987	0.940408	2
2	190000001	0.972377	0.940408	2
2	191000001	1.12602	0.940408	2
2	192000001	0.940408	0.940408	2
2	193000001	1.32159	1.32159	3
2	194000001	2.17916	2.17916	4
2	195000001	0.875824	0.976315	2
2	196000001	1.21479	0.976315	2
2	197000001	0.769593	0.976315	2
2	198000001	1.05842	0.976315	2
2	199000001	1.14567	0.976315	2
2	200000001	0.932571	0.976315	2
2	201000001	0.859107	0.976315	2
2	202000001	0.85794	0.976315	2
2	203000001	0.990562	0.976315	2
2	204000001	0.784273	0.976315	2
2	205000001	1.11168	0.976315	2
2	206000001	1.01228	0.976315	2
2	207000001	0.876208	0.976315	2
2	208000001	0.931354	0.976315	2
2	209000001	1.08149	0.976315	2
2	210000001	1.16484	0.976315	2
2	211000001	0.968377	0.976315	2
2	212000001	0.913974	0.976315	2
2	213000001	1.16931	0.976315	2
2	214000001	0.984254	0.976315	2
2	215000001	1.21268	0.976315	2
2	216000001	0.903469	0.976315	2
2	217000001	0.948493	0.976315	2
2	218000001	1.19559	0.976315	2
2	219000001	1.3602	0.976315	2
2	220000001	0.933632	0.976315	2
2	221000001	1.17261	0.976315	2
2	222000001	0.647649	0.976315	2
2	223000001	0.920305	0.976315	2
2	224000001	1.03308	0.976315	2
2	225000001	1.71139	1.71139	3
2	226000001	1.05863	1.05105	2
2	227000001	1.05653	1.05105	2
2	228000001	0.778796	1.05105	2
2	229000001	1.08988	1.05105	2
2	230000001	1.15798	1.05105	2
2	231000001	0.999296	1.05105	2
2	232000001	1.29945	1.05105	2
2	233000001	0.887484	1.05105	2
2	234000001	1.03891	1.05105	2
2	235000001	1.31124	1.05105	2
2	236000001	0.884195	1.05105	2
2	237000001	1.04558	1.05105	2
2	238000001	1.85151	1.85151	4
2	239000001	0.994873	1.30442	3
2	240000001	1.32201	1.30442	3
2	241000001	1.28683	1.30442	3
2	242000001	1.39035	1.30442	3
20	1	2.67793	2.67793	5
20	1000001	0.815909	0.975159	2
20	2000001	1.01137	0.975159	2
20	3000001	0.880786	0.975159	2
20	4000001	1.0561	0.975159	2
20	5000001	0.975557	0.975159	2
20	6000001	1.22279	0.975159	2
20	7000001	0.932992	0.975159	2
20	8000001	0.949376	0.975159	2
20	9000001	0.733958	0.975159	2
20	10000001	0.885308	0.975159	2
20	11000001	1.00539	0.975159	2
20	12000001	1.17305	0.975159	2
20	13000001	0.796634	0.975159	2
20	14000001	1.08334	0.975159	2
20	15000001	0.786904	0.975159	2
20	16000001	0.891453	0.975159	2
20	17000001	0.878799	0.975159	2
20	18000001	1.10578	0.975159	2
20	19000001	1.09284	0.975159	2
20	20000001	0.784738	0.975159	2
20	21000001	1.01174	0.975159	2
20	22000001	1.04934	0.975159	2
20	23000001	0.985608	0.975159	2
20	24000001	0.994458	0.975159	2
20	25000001	0.955656	0.975159	2
20	26000001	1.04975	0.975159	2
20	27000001	1.06603	0.975159	2
20	28000001	0.97476	0.975159	2
20	29000001	1.06563	0.975159	2
20	30000001	0.949813	0.975159	2
20	31000001	0.778691	0.975159	2
20	32000001	0.896001	0.975159	2
20	33000001	1.05134	1.01338	2
20	34000001	1.00449	1.01338	2
20	35000001	1.03428	1.01338	2
20	36000001	1.08432	1.01338	2
20	37000001	1.29277	1.01338	2
20	38000001	0.91971	1.01338	2
20	39000001	1.04699	1.01338	2
20	40000001	0.954503	1.01338	2
20	41000001	0.876208	1.01338	2
20	42000001	0.869373	1.01338	2
20	43000001	0.909039	1.01338	2
20	44000001	1.01695	1.01338	2
20	45000001	0.988712	1.01338	2
20	46000001	1.184	1.01338	2
20	47000001	0.960354	1.01338	2
20	48000001	1.15696	1.01338	2
20	49000001	0.955968	1.01338	2
20	50000001	1.02165	1.01338	2
20	51000001	0.969524	1.01338	2
20	52000001	1.1669	1.01338	2
20	53000001	0.875577	1.01338	2
20	54000001	1.06611	1.01338	2
20	55000001	1.00981	1.01338	2
20	56000001	1.17989	1.01338	2
20	57000001	0.9654	1.01338	2
20	58000001	1.05027	1.01338	2
20	59000001	0.787179	1.01338	2
20	60000001	1.05299	1.01338	2
20	61000001	1.15333	1.01338	2
20	62000001	0.957458	1.01338	2
20	63000001	1.49034	1.37404	3
20	64000001	1.25775	1.37404	3
21	1	-1	-1	3
21	1000001	-1	-1	3
21	2000001	-1	-1	3
21	3000001	-1	-1	3
21	4000001	-1	-1	3
21	5000001	1.62653	1.49597	3
21	6000001	1.3654	1.49597	3
21	7000001	2.053	2.053	4
21	8000001	1.47034	1.47034	3
21	9000001	1.14593	1.47034	3
21	10000001	1.72595	1.47034	3
21	11000001	0.828138	0.866428	2
21	12000001	0.904719	0.866428	2
21	13000001	1.09548	0.866428	2
21	14000001	0.818856	0.866428	2
21	15000001	1.12617	0.985515	2
21	16000001	1.34375	0.985515	2
21	17000001	0.995557	0.985515	2
21	18000001	1.05111	0.985515	2
21	19000001	0.975472	0.985515	2
21	20000001	0.860569	0.985515	2
21	21000001	0.894003	0.985515	2
21	22000001	0.79559	0.985515	2
21	23000001	0.823616	0.985515	2
21	24000001	0.907944	0.985515	2
21	25000001	0.878045	0.985515	2
21	26000001	1.10251	0.985515	2
21	27000001	1.0955	0.985515	2
21	28000001	0.84062	0.985515	2
21	29000001	1.13189	0.985515	2
21	30000001	0.947187	0.985515	2
21	31000001	0.963344	0.985515	2
21	32000001	0.927088	0.985515	2
21	33000001	1.00264	0.985515	2
21	34000001	1.00432	0.985515	2
21	35000001	1.33973	0.985515	2
21	36000001	1.30279	0.985515	2
21	37000001	1.02877	0.985515	2
21	38000001	1.04873	0.985515	2
21	39000001	0.965687	0.985515	2
21	40000001	1.07146	0.985515	2
21	41000001	0.825437	0.985515	2
21	42000001	0.87306	0.985515	2
21	43000001	1.18495	0.985515	2
21	44000001	0.831795	0.985515	2
21	45000001	1.10201	0.985515	2
21	46000001	0.943285	0.985515	2
22	1	-1	-1	2
22	1000001	-1	-1	2
22	2000001	-1	-1	2
22	3000001	-1	-1	2
22	4000001	-1	-1	2
22	5000001	-1	-1	2
22	6000001	-1	-1	2
22	7000001	-1	-1	2
22	8000001	-1	-1	2
22	9000001	-1	-1	2
22	10000001	1.09213	1.19925	2
22	11000001	1.19925	1.19925	2
22	12000001	1.32204	1.19925	2
22	13000001	0.783367	0.981463	2
22	14000001	0.86294	0.981463	2
22	15000001	0.891291	0.981463	2
22	16000001	1.30921	0.981463	2
22	17000001	0.973481	0.981463	2
22	18000001	1.33917	0.981463	2
22	19000001	0.989444	0.981463	2
22	20000001	1.1192	0.981463	2
22	21000001	0.959861	0.927464	2
22	22000001	0.844168	0.927464	2
22	23000001	0.862963	0.927464	2
22	24000001	1.03926	0.927464	2
22	25000001	0.980563	0.927464	2
22	26000001	0.857672	0.927464	2
22	27000001	0.882236	0.927464	2
22	28000001	1.02496	0.927464	2
22	29000001	1.13812	0.927464	2
22	30000001	0.895068	0.927464	2
22	31000001	1.03931	0.927464	2
22	32000001	0.839033	0.927464	2
22	33000001	1.02357	1.02357	2
22	34000001	1.12557	1.20747	2
22	35000001	1.28937	1.20747	2
22	36000001	1.09321	1.20747	2
22	37000001	1.35212	1.20747	2
22	38000001	0.96176	0.971924	2
22	39000001	0.982088	0.971924	2
22	40000001	0.992953	0.971924	2
22	41000001	1.04234	0.971924	2
22	42000001	0.763639	0.971924	2
22	43000001	0.961187	0.971924	2
22	44000001	1.12054	1.09544	2
22	45000001	1.19073	1.09544	2
22	46000001	1.15124	1.09544	2
22	47000001	0.970057	1.09544	2
22	48000001	1.09544	1.09544	2
22	49000001	1.04239	1.09544	2
22	50000001	1.09036	1.09544	2
3	1	1.07405	1.0385	2
3	1000001	1.07658	1.0385	2
3	2000001	1.04461	1.0385	2
3	3000001	1.03238	1.0385	2
3	4000001	0.99129	1.0385	2
3	5000001	0.919773	1.0385	2
3	6000001	1.40658	1.40658	3
3	7000001	0.830178	0.972226	2
3	8000001	1.01548	0.972226	2
3	9000001	1.03839	0.972226	2
3	10000001	1.03089	0.972226	2
3	11000001	0.967621	0.972226	2
3	12000001	0.942245	0.972226	2
3	13000001	0.881367	0.972226	2
3	14000001	1.00695	0.972226	2
3	15000001	0.969311	0.972226	2
3	16000001	0.970217	0.972226	2
3	17000001	1.11469	0.972226	2
3	18000001	0.974234	0.972226	2
3	19000001	0.864818	0.972226	2
3	20000001	0.935153	0.972226	2
3	21000001	1.18102	0.972226	2
3	22000001	0.947065	0.972226	2
3	23000001	1.0907	0.972226	2
3	24000001	0.947241	0.972226	2
3	25000001	1.07354	0.972226	2
3	26000001	0.980252	0.972226	2
3	27000001	1.12992	0.972226	2
3	28000001	1.00143	0.972226	2
3	29000001	0.959048	0.972226	2
3	30000001	1.16888	0.972226	2
3	31000001	1.07411	0.972226	2
3	32000001	0.929653	0.972226	2
3	33000001	0.926308	0.972226	2
3	34000001	0.943859	0.972226	2
3	35000001	1.12038	0.972226	2
3	36000001	0.803688	0.972226	2
3	37000001	0.848967	0.972226	2
3	38000001	1.04396	0.972226	2
3	39000001	0.888129	0.972226	2
3	40000001	0.838992	0.972226	2
3	41000001	0.995247	0.972226	2
3	42000001	0.947007	0.972226	2
3	43000001	0.793712	0.972226	2
3	44000001	1.03951	0.972226	2
3	45000001	1.03258	0.972226	2
3	46000001	0.82811	0.972226	2
3	47000001	1.05869	0.972226	2
3	48000001	1.10844	0.972226	2
3	49000001	1.00017	0.972226	2
3	50000001	0.983492	0.972226	2
3	51000001	0.991377	0.972226	2
3	52000001	0.873121	0.972226	2
3	53000001	0.917547	0.972226	2
3	54000001	0.982715	0.972226	2
3	55000001	0.983071	0.972226	2
3	56000001	0.889691	0.972226	2
3	57000001	0.865609	0.972226	2
3	58000001	0.915038	0.972226	2
3	59000001	1.14645	1.02131	2
3	60000001	1.11852	1.02131	2
3	61000001	1.04013	1.02131	2
3	62000001	1.13732	1.02131	2
3	63000001	0.985398	1.02131	2
3	64000001	1.05047	1.02131	2
3	65000001	1.2007	1.02131	2
3	66000001	0.828813	1.02131	2
3	67000001	1.05802	1.02131	2
3	68000001	1.13601	1.02131	2
3	69000001	0.766369	1.02131	2
3	70000001	1.10872	1.02131	2
3	71000001	0.875701	1.02131	2
3	72000001	1.07816	1.02131	2
3	73000001	0.98578	1.02131	2
3	74000001	1.16276	1.02131	2
3	75000001	1.21951	1.02131	2
3	76000001	0.924672	1.02131	2
3	77000001	0.69285	1.02131	2
3	78000001	1.2068	1.02131	2
3	79000001	0.944139	1.02131	2
3	80000001	1.18971	1.02131	2
3	81000001	1.0573	1.02131	2
3	82000001	1.11011	1.02131	2
3	83000001	0.965656	1.02131	2
3	84000001	0.993435	1.02131	2
3	85000001	0.905813	1.02131	2
3	86000001	0.934178	1.02131	2
3	87000001	1.14967	1.02131	2
3	88000001	1.12738	1.02131	2
3	89000001	0.799052	1.02131	2
3	90000001	0.908066	1.02131	2
3	91000001	0.758326	1.02131	2
3	92000001	1.03473	1.02131	2
3	93000001	0.980431	1.02131	2
3	94000001	1.01375	1.02131	2
3	95000001	1.08659	1.02131	2
3	96000001	1.18266	1.02131	2
3	97000001	1.05989	1.02131	2
3	98000001	0.974711	1.02131	2
3	99000001	1.19909	1.02131	2
3	100000001	0.976704	1.02131	2
3	101000001	1.06341	1.02131	2
3	102000001	1.04758	1.02131	2
3	103000001	1.05927	1.02131	2
3	104000001	1.02131	1.02131	2
3	105000001	0.993263	1.02131	2
3	106000001	0.943759	1.02131	2
3	107000001	0.900325	1.02131	2
3	108000001	1.34819	1.02131	2
3	109000001	0.992417	1.02131	2
3	110000001	0.845191	1.02131	2
3	111000001	1.20972	1.02131	2
3	112000001	0.908474	1.02131	2
3	113000001	0.746193	1.02131	2
3	114000001	0.790427	1.02131	2
3	115000001	0.988968	1.02131	2
3	116000001	1.02587	1.02131	2
3	117000001	0.791043	1.02131	2
3	118000001	1.02841	1.02131	2
3	119000001	1.16266	1.02131	2
3	120000001	0.988848	1.02131	2
3	121000001	1.01392	1.02131	2
3	122000001	0.776423	1.02131	2
3	123000001	1.0271	1.02131	2
3	124000001	0.971705	1.02131	2
3	125000001	1.11366	1.02131	2
3	126000001	0.978013	1.02131	2
3	127000001	0.664271	1.02131	2
3	128000001	0.967305	1.02131	2
3	129000001	0.943483	1.02131	2
3	130000001	0.960307	1.02131	2
3	131000001	1.03715	1.02131	2
3	132000001	1.22728	1.02131	2
3	133000001	1.02877	1.02131	2
3	134000001	0.958763	1.02131	2
3	135000001	0.931782	1.02131	2
3	136000001	1.01978	1.02131	2
3	137000001	1.07319	1.02131	2
3	138000001	1.20749	1.02131	2
3	139000001	1.04979	1.02131	2
3	140000001	1.13723	1.02131	2
3	141000001	1.0794	1.02131	2
3	142000001	0.763671	1.02131	2
3	143000001	1.4497	1.02131	2
3	144000001	1.09471	1.02131	2
3	145000001	0.941729	1.02131	2
3	146000001	0.828549	0.795878	2
3	147000001	0.763206	0.795878	2
3	148000001	0.891756	0.795878	2
3	149000001	0.72767	0.795878	2
3	150000001	1.03493	1.00283	2
3	151000001	0.950806	1.00283	2
3	152000001	1.00283	1.00283	2
3	153000001	0.953195	1.00283	2
3	154000001	0.92714	1.00283	2
3	155000001	1.02572	1.00283	2
3	156000001	1.2121	1.00283	2
3	157000001	0.86736	0.86736	2
3	158000001	0.676673	0.86736	2
3	159000001	0.759303	0.86736	2
3	160000001	0.885631	0.86736	2
3	161000001	0.879157	0.86736	2
3	162000001	1.05351	1.09302	2
3	163000001	1.14128	1.09302	2
3	164000001	0.970276	1.09302	2
3	165000001	0.832965	1.09302	2
3	166000001	1.11157	1.09302	2
3	167000001	1.1663	1.09302	2
3	168000001	1.03488	1.09302	2
3	169000001	1.2659	1.09302	2
3	170000001	1.09302	1.09302	2
3	171000001	0.80239	0.807333	2
3	172000001	0.986191	0.807333	2
3	173000001	0.807333	0.807333	2
3	174000001	1.39598	1.39598	3
3	175000001	0.894918	0.990179	2
3	176000001	0.982832	0.990179	2
3	177000001	1.13764	0.990179	2
3	178000001	1.15226	0.990179	2
3	179000001	0.92418	0.990179	2
3	180000001	0.997525	0.990179	2
3	181000001	1.38697	0.990179	2
3	182000001	0.951145	0.990179	2
3	183000001	0.981944	0.990179	2
3	184000001	0.947833	0.990179	2
3	185000001	1.10563	0.990179	2
3	186000001	1.21589	0.990179	2
3	187000001	0.920336	0.990179	2
3	188000001	1.19795	0.990179	2
3	189000001	0.858347	0.809393	2
3	190000001	0.760438	0.809393	2
3	191000001	1.25126	1.10769	2
3	192000001	1.28927	1.10769	2
3	193000001	0.952241	1.10769	2
3	194000001	1.18086	1.10769	2
3	195000001	0.983402	1.10769	2
3	196000001	1.03451	1.10769	2
3	197000001	0.963678	1.10769	2
3	198000001	1.77867	1.10769	2
4	1	0.956544	0.986448	2
4	1000001	0.803038	0.986448	2
4	2000001	1.10441	0.986448	2
4	3000001	0.895442	0.986448	2
4	4000001	1.13265	0.986448	2
4	5000001	1.07192	0.986448	2
4	6000001	0.825194	0.986448	2
4	7000001	1.04581	0.986448	2
4	8000001	0.982761	0.986448	2
4	9000001	1.09534	0.986448	2
4	10000001	0.986448	0.986448	2
4	11000001	0.922095	0.986448	2
4	12000001	1.09906	0.986448	2
4	13000001	0.830352	0.986448	2
4	14000001	0.95508	0.986448	2
4	15000001	0.902892	0.986448	2
4	16000001	1.06272	0.986448	2
4	17000001	0.992786	0.986448	2
4	18000001	0.904454	0.986448	2
4	19000001	1.09144	0.986448	2
4	20000001	0.806121	0.986448	2
4	21000001	1.12711	0.986448	2
4	22000001	0.893423	0.986448	2
4	23000001	0.966958	0.986448	2
4	24000001	1.14295	0.986448	2
4	25000001	0.946878	0.986448	2
4	26000001	1.16161	0.986448	2
4	27000001	1.06033	0.986448	2
4	28000001	1.15923	0.986448	2
4	29000001	1.08811	0.986448	2
4	30000001	0.889782	0.986448	2
4	31000001	0.8829	0.986448	2
4	32000001	1.03044	0.986448	2
4	33000001	1.21641	0.986448	2
4	34000001	1.07154	0.986448	2
4	35000001	0.892328	0.986448	2
4	36000001	0.923773	0.986448	2
4	37000001	1.00654	0.986448	2
4	38000001	0.911151	0.986448	2
4	39000001	3.30599	3.30599	7
4	40000001	0.975652	1.02974	2
4	41000001	1.15293	1.02974	2
4	42000001	1.02974	1.02974	2
4	43000001	1.87452	1.87452	4
4	44000001	1.10322	0.996307	2
4	45000001	1.14916	0.996307	2
4	46000001	1.23976	0.996307	2
4	47000001	0.91184	0.996307	2
4	48000001	0.680366	0.996307	2
4	49000001	1.14531	0.996307	2
4	50000001	0.917195	0.996307	2
4	51000001	1.27186	0.996307	2
4	52000001	0.883211	0.996307	2
4	53000001	0.984927	0.996307	2
4	54000001	1.10201	0.996307	2
4	55000001	0.880482	0.996307	2
4	56000001	0.903216	0.996307	2
4	57000001	0.884413	0.996307	2
4	58000001	0.852217	0.996307	2
4	59000001	1.06843	0.996307	2
4	60000001	0.987118	0.996307	2
4	61000001	0.818824	0.996307	2
4	62000001	0.924056	0.996307	2
4	63000001	1.06313	0.996307	2
4	64000001	1.18357	0.996307	2
4	65000001	1.00551	0.996307	2
4	66000001	0.936709	0.996307	2
4	67000001	1.11853	0.996307	2
4	68000001	1.0055	0.996307	2
4	69000001	1.03274	0.996307	2
4	70000001	1.86061	1.86061	4
4	71000001	0.993584	1.01787	2
4	72000001	1.10391	1.01787	2
4	73000001	1.17153	1.01787	2
4	74000001	1.07953	1.01787	2
4	75000001	0.654577	1.01787	2
4	76000001	1.01656	1.01787	2
4	77000001	1.09195	1.01787	2
4	78000001	1.09993	1.01787	2
4	79000001	0.955551	1.01787	2
4	80000001	0.994858	1.01787	2
4	81000001	0.913492	1.01787	2
4	82000001	0.861401	1.01787	2
4	83000001	0.87365	1.01787	2
4	84000001	0.920042	1.01787	2
4	85000001	1.17638	1.01787	2
4	86000001	1.15336	1.01787	2
4	87000001	1.16253	1.01787	2
4	88000001	0.867432	1.01787	2
4	89000001	0.94048	1.01787	2
4	90000001	1.27557	1.01787	2
4	91000001	1.03396	1.01787	2
4	92000001	1.43172	1.01787	2
4	93000001	0.873012	1.01787	2
4	94000001	1.31967	1.01787	2
4	95000001	0.868507	1.01787	2
4	96000001	0.917946	1.01787	2
4	97000001	1.17359	1.01787	2
4	98000001	1.32181	1.01787	2
4	99000001	0.878583	1.01787	2
4	100000001	0.949996	1.01787	2
4	101000001	1.01787	1.01787	2
4	102000001	1.05224	1.01787	2
4	103000001	1.02801	1.01787	2
4	104000001	2.01297	2.01297	4
4	105000001	0.91344	0.953397	2
4	106000001	0.898039	0.953397	2
4	107000001	1.18433	0.953397	2
4	108000001	0.792972	0.953397	2
4	109000001	1.20953	0.953397	2
4	110000001	0.977162	0.953397	2
4	111000001	1.07562	0.953397	2
4	112000001	0.883926	0.953397	2
4	113000001	0.905658	0.953397	2
4	114000001	0.969478	0.953397	2
4	115000001	1.12181	0.953397	2
4	116000001	0.889072	0.953397	2
4	117000001	1.1704	0.953397	2
4	118000001	1.1942	0.953397	2
4	119000001	0.841241	0.953397	2
4	120000001	1.03374	0.953397	2
4	121000001	1.03311	0.953397	2
4	122000001	0.67677	0.953397	2
4	123000001	0.94902	0.953397	2
4	124000001	0.588243	0.953397	2
4	125000001	1.00266	0.953397	2
4	126000001	1.04396	0.953397	2
4	127000001	0.899752	0.953397	2
4	128000001	0.625136	0.953397	2
4	129000001	1.1688	0.953397	2
4	130000001	0.957774	0.953397	2
4	131000001	0.846703	0.953397	2
4	132000001	0.824775	0.953397	2
4	133000001	1.04023	0.953397	2
4	134000001	0.905435	0.953397	2
4	135000001	1.06447	1.02182	2
4	136000001	1.23868	1.02182	2
4	137000001	0.934578	1.02182	2
4	138000001	1.19555	1.02182	2
4	139000001	1.0202	1.02182	2
4	140000001	0.966583	1.02182	2
4	141000001	0.788156	1.02182	2
4	142000001	1.17891	1.02182	2
4	143000001	0.863331	1.02182	2
4	144000001	1.07495	1.02182	2
4	145000001	1.02419	1.02182	2
4	146000001	0.926864	1.02182	2
4	147000001	0.888046	1.02182	2
4	148000001	1.16181	1.02182	2
4	149000001	1.02344	1.02182	2
4	150000001	1.04636	1.02182	2
4	151000001	0.861838	1.02182	2
4	152000001	1.00987	1.02182	2
4	153000001	0.837005	1.02182	2
4	154000001	1.04664	1.02182	2
4	155000001	0.940876	1.02182	2
4	156000001	1.05057	1.02182	2
4	157000001	1.21263	1.02182	2
4	158000001	1.11598	1.02182	2
4	159000001	1.31025	1.02182	2
4	160000001	1.15045	1.02182	2
4	161000001	0.803767	1.02182	2
4	162000001	1.1264	1.02182	2
4	163000001	1.14675	1.02182	2
4	164000001	1.05302	1.02182	2
4	165000001	0.965917	1.02182	2
4	166000001	1.0321	1.02182	2
4	167000001	1.27251	1.02182	2
4	168000001	1.08634	1.02182	2
4	169000001	0.797604	1.02182	2
4	170000001	1.10457	1.02182	2
4	171000001	1.00807	1.02182	2
4	172000001	1.26233	1.02182	2
4	173000001	0.817902	1.02182	2
4	174000001	0.925055	1.02182	2
4	175000001	0.955061	1.02182	2
4	176000001	0.985166	1.02182	2
4	177000001	0.991339	1.02182	2
4	178000001	1.04326	1.02182	2
4	179000001	0.843923	1.02182	2
4	180000001	0.984557	1.02182	2
4	181000001	1.09093	1.02182	2
4	182000001	1.26823	1.02182	2
4	183000001	0.73537	1.02182	2
4	184000001	0.987336	1.02182	2
4	185000001	1.06369	1.02182	2
4	186000001	0.894436	1.02182	2
4	187000001	0.81461	1.02182	2
4	188000001	0.835141	1.02182	2
4	189000001	0.871742	1.02182	2
4	190000001	2.06015	1.02182	2
5	1	1.12731	1.19868	2
5	1000001	1.27006	1.19868	2
5	2000001	0.908884	0.94577	2
5	3000001	1.02198	0.94577	2
5	4000001	0.900718	0.94577	2
5	5000001	0.827006	0.94577	2
5	6000001	1.07731	0.94577	2
5	7000001	1.08554	0.94577	2
5	8000001	0.893678	0.94577	2
5	9000001	0.968198	0.94577	2
5	10000001	0.726958	0.94577	2
5	11000001	0.923045	0.94577	2
5	12000001	0.806975	0.94577	2
5	13000001	1.14559	0.94577	2
5	14000001	0.96469	0.94577	2
5	15000001	1.04804	0.94577	2
5	16000001	0.912438	0.94577	2
5	17000001	0.958938	0.94577	2
5	18000001	0.930333	0.94577	2
5	19000001	0.983384	0.94577	2
5	20000001	1.28063	0.94577	2
5	21000001	1.18532	0.94577	2
5	22000001	0.807956	0.94577	2
5	23000001	1.12145	0.94577	2
5	24000001	0.899135	0.94577	2
5	25000001	1.0568	0.94577	2
5	26000001	0.925112	0.94577	2
5	27000001	0.920184	0.94577	2
5	28000001	1.03745	0.94577	2
5	29000001	1.04343	0.94577	2
5	30000001	0.933766	0.94577	2
5	31000001	0.913104	0.94577	2
5	32000001	0.94577	0.94577	2
5	33000001	1.46259	1.33717	3
5	34000001	1.21175	1.33717	3
5	35000001	0.964494	1.00368	2
5	36000001	0.937875	1.00368	2
5	37000001	1.0144	1.00368	2
5	38000001	0.853251	1.00368	2
5	39000001	0.80152	1.00368	2
5	40000001	1.07473	1.00368	2
5	41000001	1.00022	1.00368	2
5	42000001	1.2119	1.00368	2
5	43000001	1.19931	1.00368	2
5	44000001	0.92765	1.00368	2
5	45000001	1.01478	1.00368	2
5	46000001	0.782467	1.00368	2
5	47000001	1.07006	1.00368	2
5	48000001	0.82181	1.00368	2
5	49000001	1.10143	1.00368	2
5	50000001	1.11142	1.00368	2
5	51000001	1.13698	1.00368	2
5	52000001	1.05199	1.00368	2
5	53000001	0.963355	1.00368	2
5	54000001	1.00368	1.00368	2
5	55000001	1.14639	1.00368	2
5	56000001	0.923346	1.00368	2
5	57000001	0.851794	1.00368	2
5	58000001	1.01096	1.00368	2
5	59000001	0.894787	1.00368	2
5	60000001	1.56456	1.56456	3
5	61000001	0.912099	0.987562	2
5	62000001	1.28867	0.987562	2
5	63000001	1.04104	0.987562	2
5	64000001	1.01942	0.987562	2
5	65000001	1.27395	0.987562	2
5	66000001	0.987562	0.987562	2
5	67000001	0.970938	0.987562	2
5	68000001	0.859478	0.987562	2
5	69000001	1.10159	0.987562	2
5	70000001	0.992637	0.987562	2
5	71000001	0.833704	0.987562	2
5	72000001	0.837841	0.987562	2
5	73000001	1.11181	0.987562	2
5	74000001	0.890637	0.987562	2
5	75000001	1.00306	0.987562	2
5	76000001	1.067	0.987562	2
5	77000001	0.935329	0.987562	2
5	78000001	0.843758	0.987562	2
5	79000001	0.913753	0.987562	2
5	80000001	1.09073	0.987562	2
5	81000001	1.265	0.987562	2
5	82000001	0.694375	0.987562	2
5	83000001	1.02739	0.987562	2
5	84000001	0.919522	0.987562	2
5	85000001	0.963232	0.987562	2
5	86000001	1.75926	1.75926	4
5	87000001	0.976213	1.02363	2
5	88000001	1.00904	1.02363	2
5	89000001	0.915352	1.02363	2
5	90000001	0.673742	1.02363	2
5	91000001	0.965871	1.02363	2
5	92000001	1.0614	1.02363	2
5	93000001	1.0118	1.02363	2
5	94000001	1.06144	1.02363	2
5	95000001	0.993866	1.02363	2
5	96000001	0.90655	1.02363	2
5	97000001	0.997027	1.02363	2
5	98000001	1.14759	1.02363	2
5	99000001	1.03765	1.02363	2
5	100000001	1.13543	1.02363	2
5	101000001	0.858846	1.02363	2
5	102000001	1.41557	1.02363	2
5	103000001	0.897901	1.02363	2
5	104000001	1.00565	1.02363	2
5	105000001	1.14503	1.02363	2
5	106000001	1.00468	1.02363	2
5	107000001	0.841371	1.02363	2
5	108000001	1.01115	1.02363	2
5	109000001	1.26819	1.02363	2
5	110000001	1.25408	1.02363	2
5	111000001	0.771326	1.02363	2
5	112000001	1.07613	1.02363	2
5	113000001	0.964167	1.02363	2
5	114000001	0.92571	1.02363	2
5	115000001	0.987065	1.02363	2
5	116000001	1.29103	1.02363	2
5	117000001	1.0329	1.02363	2
5	118000001	1.00776	1.02363	2
5	119000001	0.999376	1.02363	2
5	120000001	0.982848	1.02363	2
5	121000001	0.895893	1.02363	2
5	122000001	1.00963	1.02363	2
5	123000001	0.974306	1.02363	2
5	124000001	0.835513	1.02363	2
5	125000001	1.18449	1.02363	2
5	126000001	1.10786	1.02363	2
5	127000001	1.18446	1.02363	2
5	128000001	1.0718	1.02363	2
5	129000001	1.02383	1.02363	2
5	130000001	1.02363	1.02363	2
5	131000001	1.02087	1.02363	2
5	132000001	0.981216	1.02363	2
5	133000001	1.11142	1.02363	2
5	134000001	1.25643	1.02363	2
5	135000001	1.04746	1.02363	2
5	136000001	1.03435	1.02363	2
5	137000001	1.17704	1.02363	2
5	138000001	0.995254	1.02363	2
5	139000001	0.929886	1.02363	2
5	140000001	1.19203	1.02363	2
5	141000001	1.10588	1.02363	2
5	142000001	1.2032	1.02363	2
5	143000001	1.0993	1.02363	2
5	144000001	1.18547	1.02363	2
5	145000001	1.31185	1.02363	2
5	146000001	0.858901	1.02363	2
5	147000001	0.998427	1.02363	2
5	148000001	0.777818	1.02363	2
5	149000001	1.09264	1.02363	2
5	150000001	0.99511	1.02363	2
5	151000001	0.998603	1.02363	2
5	152000001	1.21738	1.02363	2
5	153000001	1.1033	1.02363	2
5	154000001	1.10095	1.02363	2
5	155000001	0.910836	1.02363	2
5	156000001	0.949619	1.02363	2
5	157000001	1.08467	1.02363	2
5	158000001	1.08529	1.02363	2
5	159000001	0.988444	1.02363	2
5	160000001	1.14411	1.02363	2
5	161000001	1.02633	1.02363	2
5	162000001	1.1092	1.02363	2
5	163000001	0.7733	1.02363	2
5	164000001	1.14822	1.02363	2
5	165000001	0.938068	1.02363	2
5	166000001	1.25064	1.02363	2
5	167000001	1.1008	1.02363	2
5	168000001	1.12714	1.02363	2
5	169000001	0.766456	1.02363	2
5	170000001	0.905724	1.02363	2
5	171000001	1.09264	1.02363	2
5	172000001	0.934113	1.02363	2
5	173000001	0.859334	1.02363	2
5	174000001	1.02336	1.02363	2
5	175000001	1.16142	1.02363	2
5	176000001	1.04585	1.02363	2
5	177000001	1.02906	1.02363	2
5	178000001	0.870882	1.02363	2
5	179000001	0.718749	1.02363	2
5	180000001	1.09645	1.02363	2
5	181000001	1.33934	1.02363	2
6	1	0.71999	0.989013	2
6	1000001	1.03083	0.989013	2
6	2000001	0.931083	0.989013	2
6	3000001	1.1253	0.989013	2
6	4000001	0.834031	0.989013	2
6	5000001	1.03349	0.989013	2
6	6000001	1.16684	0.989013	2
6	7000001	0.940009	0.989013	2
6	8000001	0.96682	0.989013	2
6	9000001	1.18755	0.989013	2
6	10000001	1.01897	0.989013	2
6	11000001	0.728005	0.989013	2
6	12000001	1.2647	0.989013	2
6	13000001	0.974899	0.989013	2
6	14000001	1.00313	0.989013	2
6	15000001	0.973523	0.989013	2
6	16000001	0.924089	0.989013	2
6	17000001	1.21181	0.989013	2
6	18000001	0.728663	0.989013	2
6	19000001	0.805235	0.989013	2
6	20000001	0.899172	0.989013	2
6	21000001	1.16759	0.989013	2
6	22000001	1.29916	0.989013	2
6	23000001	0.804756	0.989013	2
6	24000001	1.16228	0.989013	2
6	25000001	1.11491	0.989013	2
6	26000001	1.0595	0.989013	2
6	27000001	0.95207	0.989013	2
6	28000001	0.791182	0.989013	2
6	29000001	1.09262	0.989013	2
6	30000001	0.821431	0.989013	2
6	31000001	1.07837	0.989013	2
6	32000001	0.647775	0.776371	2
6	33000001	0.838062	0.776371	2
6	34000001	0.766814	0.776371	2
6	35000001	0.785929	0.776371	2
6	36000001	0.950228	1.04094	2
6	37000001	1.07294	1.04094	2
6	38000001	0.909476	1.04094	2
6	39000001	1.06374	1.04094	2
6	40000001	1.09015	1.04094	2
6	41000001	0.881252	1.04094	2
6	42000001	1.00441	1.04094	2
6	43000001	0.72259	1.04094	2
6	44000001	1.08595	1.04094	2
6	45000001	1.03632	1.04094	2
6	46000001	1.04573	1.04094	2
6	47000001	0.735942	1.04094	2
6	48000001	1.06644	1.04094	2
6	49000001	1.16995	1.04094	2
6	50000001	1.11098	1.04094	2
6	51000001	0.996213	1.04094	2
6	52000001	1.04555	1.04094	2
6	53000001	0.93896	1.04094	2
6	54000001	1.2099	1.3295	3
6	55000001	1.52568	1.3295	3
6	56000001	1.3295	1.3295	3
6	57000001	1.06895	0.984017	2
6	58000001	0.937226	0.984017	2
6	59000001	0.9868	0.984017	2
6	60000001	1.17384	0.984017	2
6	61000001	0.913287	0.984017	2
6	62000001	0.946879	0.984017	2
6	63000001	0.947944	0.984017	2
6	64000001	0.929925	0.984017	2
6	65000001	1.16123	0.984017	2
6	66000001	0.898573	0.984017	2
6	67000001	1.05401	0.984017	2
6	68000001	0.984017	0.984017	2
6	69000001	1.002	0.984017	2
6	70000001	0.996443	0.984017	2
6	71000001	1.07907	0.984017	2
6	72000001	1.05953	0.984017	2
6	73000001	0.972494	0.984017	2
6	74000001	0.966054	0.984017	2
6	75000001	0.864439	0.984017	2
6	76000001	1.01097	0.984017	2
6	77000001	1.06721	0.984017	2
6	78000001	0.936363	0.984017	2
6	79000001	1.13938	0.984017	2
6	80000001	0.947821	0.984017	2
6	81000001	1.00417	0.984017	2
6	82000001	0.928923	0.984017	2
6	83000001	1.22282	0.984017	2
6	84000001	0.791062	0.984017	2
6	85000001	0.830322	0.984017	2
6	86000001	0.829948	0.984017	2
6	87000001	1.01761	0.984017	2
6	88000001	0.835605	0.984017	2
6	89000001	1.16035	0.984017	2
6	90000001	1.2193	0.984017	2
6	91000001	0.852206	0.984017	2
6	92000001	1.46255	1.46255	3
6	93000001	0.96919	0.920286	2
6	94000001	0.927036	0.920286	2
6	95000001	0.878503	0.920286	2
6	96000001	1.15494	0.920286	2
6	97000001	1.20864	0.920286	2
6	98000001	1.10262	0.920286	2
6	99000001	0.907558	0.920286	2
6	100000001	0.853552	0.920286	2
6	101000001	0.728875	0.920286	2
6	102000001	0.972639	0.920286	2
6	103000001	0.855617	0.920286	2
6	104000001	0.894752	0.920286	2
6	105000001	0.961515	0.920286	2
6	106000001	0.908292	0.920286	2
6	107000001	1.09045	0.920286	2
6	108000001	0.928624	0.920286	2
6	109000001	0.914884	0.920286	2
6	110000001	0.908267	0.920286	2
6	111000001	0.920286	0.920286	2
6	112000001	1.43392	1.20893	2
6	113000001	1.24705	1.20893	2
6	114000001	1.12866	1.20893	2
6	115000001	1.17082	1.20893	2
6	116000001	0.964474	0.989843	2
6	117000001	0.989843	0.989843	2
6	118000001	0.818942	0.989843	2
6	119000001	1.16056	0.989843	2
6	120000001	0.9252	0.989843	2
6	121000001	1.05878	0.989843	2
6	122000001	1.02987	0.989843	2
6	123000001	1.00779	0.989843	2
6	124000001	0.799973	0.989843	2
6	125000001	1.10582	0.989843	2
6	126000001	0.910463	0.989843	2
6	127000001	0.904575	0.989843	2
6	128000001	1.08512	0.989843	2
6	129000001	0.996125	0.989843	2
6	130000001	0.915574	0.989843	2
6	131000001	1.19178	1.08607	2
6	132000001	1.21201	1.08607	2
6	133000001	1.12288	1.08607	2
6	134000001	0.927393	1.08607	2
6	135000001	1.20987	1.08607	2
6	136000001	1.00737	1.08607	2
6	137000001	1.07587	1.08607	2
6	138000001	0.973677	1.08607	2
6	139000001	1.02871	1.08607	2
6	140000001	1.08494	1.08607	2
6	141000001	1.08719	1.08607	2
6	142000001	1.12412	1.08607	2
6	143000001	0.708214	0.935168	2
6	144000001	1.07365	0.935168	2
6	145000001	0.943877	0.935168	2
6	146000001	0.737475	0.935168	2
6	147000001	1.06327	0.935168	2
6	148000001	0.822672	0.935168	2
6	149000001	0.98767	0.935168	2
6	150000001	1.12277	0.935168	2
6	151000001	0.958328	0.935168	2
6	152000001	1.04554	0.935168	2
6	153000001	0.960488	0.935168	2
6	154000001	0.74957	0.935168	2
6	155000001	1.03037	0.935168	2
6	156000001	0.925534	0.935168	2
6	157000001	1.01268	0.935168	2
6	158000001	0.81879	0.935168	2
6	159000001	0.703354	0.935168	2
6	160000001	0.898345	0.935168	2
6	161000001	0.93281	0.935168	2
6	162000001	0.911218	0.935168	2
6	163000001	0.900304	0.935168	2
6	164000001	0.908759	0.935168	2
6	165000001	1.15522	0.935168	2
6	166000001	0.841491	0.935168	2
6	167000001	1.10445	0.935168	2
6	168000001	0.937526	0.935168	2
6	169000001	0.87484	0.935168	2
6	170000001	1.02115	0.935168	2
7	1	1.09288	1.01654	2
7	1000001	0.931023	1.01654	2
7	2000001	1.13585	1.01654	2
7	3000001	0.951931	1.01654	2
7	4000001	0.854786	1.01654	2
7	5000001	1.14171	1.01654	2
7	6000001	0.973068	1.01654	2
7	7000001	1.30554	1.01654	2
7	8000001	1.01654	1.01654	2
7	9000001	0.925213	0.973284	2
7	10000001	0.801426	0.973284	2
7	11000001	0.758575	0.973284	2
7	12000001	0.993924	0.973284	2
7	13000001	0.999458	0.973284	2
7	14000001	0.929023	0.973284	2
7	15000001	1.03477	0.973284	2
7	16000001	0.771023	0.973284	2
7	17000001	0.995631	0.973284	2
7	18000001	1.13853	0.973284	2
7	19000001	1.09249	0.973284	2
7	20000001	0.999209	0.973284	2
7	21000001	1.02373	0.973284	2
7	22000001	0.868935	0.973284	2
7	23000001	1.01267	0.973284	2
7	24000001	0.973284	0.973284	2
7	25000001	1.01243	0.973284	2
7	26000001	0.955871	0.973284	2
7	27000001	0.683771	0.973284	2
7	28000001	1.07513	0.973284	2
7	29000001	0.672195	0.973284	2
7	30000001	0.98754	0.973284	2
7	31000001	1.26825	0.973284	2
7	32000001	0.864796	0.973284	2
7	33000001	0.843337	0.973284	2
7	34000001	0.856228	0.973284	2
7	35000001	0.957628	0.973284	2
7	36000001	1.18053	1.14594	2
7	37000001	0.99301	1.14594	2
7	38000001	1.08787	1.14594	2
7	39000001	1.24038	1.14594	2
7	40000001	1.14594	1.14594	2
7	41000001	1.03228	1.14594	2
7	42000001	1.26563	1.14594	2
7	43000001	0.922759	1.01061	2
7	44000001	0.891298	1.01061	2
7	45000001	0.879162	1.01061	2
7	46000001	1.26037	1.01061	2
7	47000001	1.00454	1.01061	2
7	48000001	0.974578	1.01061	2
7	49000001	1.20431	1.01061	2
7	50000001	1.12819	1.01061	2
7	51000001	0.854715	1.01061	2
7	52000001	1.02492	1.01061	2
7	53000001	0.839367	1.01061	2
7	54000001	1.30236	1.01061	2
7	55000001	1.02716	1.01061	2
7	56000001	0.98292	1.01061	2
7	57000001	0.859536	1.01061	2
7	58000001	1.06861	1.01061	2
7	59000001	0.803327	1.01061	2
7	60000001	0.932047	1.01061	2
7	61000001	0.956537	1.01061	2
7	62000001	1.01799	1.01061	2
7	63000001	1.02632	1.01061	2
7	64000001	1.13348	1.01061	2
7	65000001	1.1603	1.01061	2
7	66000001	0.772341	1.01061	2
7	67000001	0.833778	1.01061	2
7	68000001	1.05529	1.01061	2
7	69000001	0.785742	1.01061	2
7	70000001	1.34176	1.01061	2
7	71000001	0.818054	1.01061	2
7	72000001	1.06674	1.01061	2
7	73000001	1.08605	1.01061	2
7	74000001	0.956107	1.01061	2
7	75000001	1.05487	1.01061	2
7	76000001	1.24355	1.01061	2
7	77000001	0.813883	1.01061	2
7	78000001	1.01808	1.01061	2
7	79000001	1.0133	1.01061	2
7	80000001	0.889759	1.01061	2
7	81000001	1.05699	1.01061	2
7	82000001	1.0195	1.01061	2
7	83000001	0.999029	1.01061	2
7	84000001	0.898348	1.01061	2
7	85000001	1.02133	1.01061	2
7	86000001	0.709092	1.01061	2
7	87000001	1.15581	1.01061	2
7	88000001	1.10431	1.01061	2
7	89000001	0.923711	1.01061	2
7	90000001	0.90506	1.01061	2
7	91000001	0.946096	1.01061	2
7	92000001	1.00254	1.01061	2
7	93000001	1.04457	1.01061	2
7	94000001	0.837949	1.01061	2
7	95000001	1.16229	1.01061	2
7	96000001	1.13674	1.01061	2
7	97000001	1.01191	1.01061	2
7	98000001	1.12681	1.01061	2
7	99000001	0.92352	1.01061	2
7	100000001	0.892487	1.01061	2
7	101000001	1.10858	1.01061	2
7	102000001	1.12415	1.01061	2
7	103000001	0.861253	1.01061	2
7	104000001	1.13927	1.01061	2
7	105000001	0.801503	1.01061	2
7	106000001	0.906142	1.01061	2
7	107000001	1.15974	1.01061	2
7	108000001	1.05054	1.01061	2
7	109000001	1.00931	1.01061	2
7	110000001	1.1518	1.01061	2
7	111000001	0.809364	1.01061	2
7	112000001	1.12378	1.01061	2
7	113000001	0.990554	1.01061	2
7	114000001	1.11156	1.01061	2
7	115000001	0.9846	1.01061	2
7	116000001	1.02408	1.01061	2
7	117000001	0.875107	1.01061	2
7	118000001	0.956843	1.01061	2
7	119000001	1.05916	1.05916	2
7	120000001	1.05636	1.05916	2
7	121000001	1.23436	1.05916	2
7	122000001	0.988542	1.05916	2
7	123000001	1.14073	1.05916	2
7	124000001	0.933478	0.88972	2
7	125000001	0.613717	0.88972	2
7	126000001	0.961362	0.88972	2
7	127000001	0.88972	0.88972	2
7	128000001	0.862874	0.88972	2
7	129000001	1.03449	1.04273	2
7	130000001	1.17745	1.04273	2
7	131000001	0.828585	1.04273	2
7	132000001	0.917301	1.04273	2
7	133000001	1.05293	1.04273	2
7	134000001	1.00263	1.04273	2
7	135000001	1.05098	1.04273	2
7	136000001	0.921333	1.04273	2
7	137000001	1.02345	1.04273	2
7	138000001	1.00073	1.04273	2
7	139000001	1.06183	1.04273	2
7	140000001	1.11684	1.04273	2
7	141000001	1.09179	1.04273	2
7	142000001	1.07021	1.04273	2
7	143000001	0.993812	1.04273	2
7	144000001	1.21189	1.04273	2
7	145000001	0.951055	1.04273	2
7	146000001	1.19825	1.04273	2
7	147000001	1.05502	1.04273	2
7	148000001	0.690671	1.04273	2
7	149000001	1.17185	1.17053	2
7	150000001	1.34307	1.17053	2
7	151000001	1.13607	1.17053	2
7	152000001	1.16921	1.17053	2
7	153000001	0.927391	0.952335	2
7	154000001	1.04815	0.952335	2
7	155000001	0.952335	0.952335	2
7	156000001	0.943887	0.952335	2
7	157000001	1.0003	0.952335	2
7	158000001	1.33197	1.29628	3
7	159000001	1.26059	1.29628	3
8	1	0.861861	1.01889	2
8	1000001	1.02244	1.01889	2
8	2000001	1.0245	1.01889	2
8	3000001	1.03066	1.01889	2
8	4000001	1.11041	1.01889	2
8	5000001	1.15614	1.01889	2
8	6000001	0.88944	1.01889	2
8	7000001	1.02837	1.01889	2
8	8000001	0.985767	1.01889	2
8	9000001	0.979145	1.01889	2
8	10000001	0.812632	1.01889	2
8	11000001	0.994778	1.01889	2
8	12000001	1.11377	1.01889	2
8	13000001	1.08858	1.01889	2
8	14000001	1.14111	1.01889	2
8	15000001	0.980441	1.01889	2
8	16000001	1.17223	1.01889	2
8	17000001	1.04834	1.01889	2
8	18000001	1.05709	1.01889	2
8	19000001	0.889964	1.01889	2
8	20000001	1.08073	1.01889	2
8	21000001	0.875639	1.01889	2
8	22000001	1.05604	1.01889	2
8	23000001	0.849813	1.01889	2
8	24000001	1.12084	1.01889	2
8	25000001	0.941684	1.01889	2
8	26000001	0.913212	1.01889	2
8	27000001	0.934825	1.01889	2
8	28000001	0.846981	1.01889	2
8	29000001	0.855005	1.01889	2
8	30000001	1.00229	1.01889	2
8	31000001	1.17787	1.01889	2
8	32000001	0.942928	1.01889	2
8	33000001	0.860631	1.01889	2
8	34000001	1.20645	1.01889	2
8	35000001	0.935915	1.01889	2
8	36000001	0.777727	1.01889	2
8	37000001	1.0594	1.01889	2
8	38000001	1.00585	1.01889	2
8	39000001	1.06859	1.01889	2
8	40000001	1.19996	1.01889	2
8	41000001	1.03548	1.01889	2
8	42000001	0.851195	1.01889	2
8	43000001	0.980476	1.01889	2
8	44000001	0.869058	1.01889	2
8	45000001	0.910475	1.01889	2
8	46000001	1.17892	1.01889	2
8	47000001	1.0178	1.01889	2
8	48000001	0.969849	1.01889	2
8	49000001	1.04149	1.01889	2
8	50000001	0.891043	1.01889	2
8	51000001	0.899967	1.01889	2
8	52000001	0.955546	1.01889	2
8	53000001	1.01998	1.01889	2
8	54000001	0.733145	1.01889	2
8	55000001	1.27686	1.01889	2
8	56000001	0.867653	1.01889	2
8	57000001	1.16746	1.01889	2
8	58000001	1.19513	1.01889	2
8	59000001	1.15174	1.01889	2
8	60000001	0.801063	1.01889	2
8	61000001	1.16677	1.01889	2
8	62000001	0.808871	1.01889	2
8	63000001	0.869814	1.01889	2
8	64000001	0.896833	1.01889	2
8	65000001	0.748805	1.01889	2
8	66000001	0.859361	1.01889	2
8	67000001	1.12086	1.01889	2
8	68000001	1.07122	1.01889	2
8	69000001	1.1002	1.01889	2
8	70000001	1.13789	1.01889	2
8	71000001	1.08481	1.01889	2
8	72000001	1.07242	1.01889	2
8	73000001	1.03482	1.01889	2
8	74000001	1.02424	1.01889	2
8	75000001	0.921732	1.01889	2
8	76000001	1.03993	1.01889	2
8	77000001	1.0073	1.01889	2
8	78000001	0.842763	1.01889	2
8	79000001	0.98682	1.01889	2
8	80000001	0.811546	1.01889	2
8	81000001	1.04795	1.01889	2
8	82000001	0.795845	1.01889	2
8	83000001	1.05539	1.01889	2
8	84000001	1.2512	1.01889	2
8	85000001	1.17247	1.01889	2
8	86000001	1.03482	1.01889	2
8	87000001	1.11705	1.01889	2
8	88000001	0.892907	1.01889	2
8	89000001	1.09375	1.01889	2
8	90000001	0.876256	0.951562	2
8	91000001	0.823625	0.951562	2
8	92000001	0.738136	0.951562	2
8	93000001	1.1795	0.951562	2
8	94000001	0.673292	0.951562	2
8	95000001	1.16866	0.951562	2
8	96000001	0.873816	0.951562	2
8	97000001	1.04532	0.951562	2
8	98000001	0.953911	0.951562	2
8	99000001	1.03525	0.951562	2
8	100000001	0.934519	0.951562	2
8	101000001	0.912166	0.951562	2
8	102000001	0.933594	0.951562	2
8	103000001	1.0272	0.951562	2
8	104000001	0.92629	0.951562	2
8	105000001	1.04344	0.951562	2
8	106000001	0.836097	0.951562	2
8	107000001	0.885348	0.951562	2
8	108000001	1.21633	0.951562	2
8	109000001	1.02268	0.951562	2
8	110000001	0.654422	0.951562	2
8	111000001	0.934088	0.951562	2
8	112000001	0.837293	0.951562	2
8	113000001	1.00136	0.951562	2
8	114000001	1.07167	0.951562	2
8	115000001	0.957833	0.951562	2
8	116000001	0.824829	0.951562	2
8	117000001	0.880624	0.951562	2
8	118000001	1.03617	0.951562	2
8	119000001	1.00099	0.951562	2
8	120000001	0.988924	0.951562	2
8	121000001	0.730802	0.951562	2
8	122000001	1.08191	0.951562	2
8	123000001	0.949213	0.951562	2
8	124000001	1.12843	0.951562	2
8	125000001	1.13591	0.951562	2
8	126000001	1.01378	0.951562	2
8	127000001	0.94113	0.951562	2
8	128000001	1.04129	0.951562	2
8	129000001	0.915343	0.951562	2
8	130000001	0.851667	0.951562	2
8	131000001	0.74549	0.951562	2
8	132000001	1.06879	0.951562	2
8	133000001	1.04315	0.951562	2
8	134000001	1.15383	0.951562	2
8	135000001	0.98434	0.951562	2
8	136000001	0.829708	0.951562	2
8	137000001	0.910319	0.951562	2
8	138000001	2.87825	2.87825	6
8	139000001	0.976873	0.976873	2
8	140000001	0.994922	0.976873	2
8	141000001	0.991473	0.976873	2
8	142000001	0.952004	0.976873	2
8	143000001	0.910127	0.976873	2
8	144000001	1.00056	0.976873	2
8	145000001	0.503092	0.976873	2
9	1	0.952378	0.97083	2
9	1000001	1.29115	0.97083	2
9	2000001	1.0036	0.97083	2
9	3000001	0.868861	0.97083	2
9	4000001	1.01404	0.97083	2
9	5000001	0.917347	0.97083	2
9	6000001	0.80204	0.97083	2
9	7000001	1.16428	0.97083	2
9	8000001	1.10585	0.97083	2
9	9000001	0.734865	0.97083	2
9	10000001	0.876734	0.97083	2
9	11000001	0.97083	0.97083	2
9	12000001	0.910167	0.97083	2
9	13000001	1.18486	0.97083	2
9	14000001	1.17832	0.97083	2
9	15000001	1.07051	0.97083	2
9	16000001	0.804389	0.97083	2
9	17000001	0.747701	0.97083	2
9	18000001	1.03884	0.97083	2
9	19000001	0.936699	0.97083	2
9	20000001	0.785277	0.97083	2
9	21000001	1.02991	0.97083	2
9	22000001	0.813818	0.97083	2
9	23000001	0.91736	0.97083	2
9	24000001	1.13249	0.97083	2
9	25000001	1.0514	0.97083	2
9	26000001	0.901049	0.97083	2
9	27000001	1.05531	0.97083	2
9	28000001	0.986962	0.97083	2
9	29000001	1.21438	0.97083	2
9	30000001	0.708583	0.97083	2
9	31000001	1.20357	0.97083	2
9	32000001	1.14746	0.97083	2
9	33000001	0.784533	0.97083	2
9	34000001	1.101	0.97083	2
9	35000001	0.974305	0.97083	2
9	36000001	0.697388	0.97083	2
9	37000001	0.863202	0.97083	2
9	38000001	0.827917	0.97083	2
9	39000001	1.02478	1.04602	2
9	40000001	1.0343	1.04602	2
9	41000001	1.04269	1.04602	2
9	42000001	1.05137	1.04602	2
9	43000001	1.01872	1.04602	2
9	44000001	0.941743	1.04602	2
9	45000001	1.14954	1.04602	2
9	46000001	-1	1.04602	2
9	47000001	-1	1.04602	2
9	48000001	-1	1.04602	2
9	49000001	-1	1.04602	2
9	50000001	-1	1.04602	2
9	51000001	-1	1.04602	2
9	52000001	-1	1.04602	2
9	53000001	-1	1.04602	2
9	54000001	-1	1.04602	2
9	55000001	-1	1.04602	2
9	56000001	-1	1.04602	2
9	57000001	-1	1.04602	2
9	58000001	-1	1.04602	2
9	59000001	-1	1.04602	2
9	60000001	1.14816	1.04602	2
9	61000001	1.13353	1.04602	2
9	62000001	1.17054	1.04602	2
9	63000001	1.26182	1.04602	2
9	64000001	1.08865	1.04602	2
9	65000001	1.12136	1.04602	2
9	66000001	0.880453	1.04602	2
9	67000001	1.01167	1.04602	2
9	68000001	1.04935	1.04602	2
9	69000001	0.907564	1.04602	2
9	70000001	0.792471	1.04602	2
9	71000001	1.10898	1.04602	2
9	72000001	1.05866	1.04602	2
9	73000001	0.989269	1.04602	2
9	74000001	0.950342	1.04602	2
9	75000001	1.12313	1.04602	2
9	76000001	1.22427	1.04602	2
9	77000001	1.05798	1.04602	2
9	78000001	1.2386	1.04602	2
9	79000001	0.882838	1.04602	2
9	80000001	1.26061	1.04602	2
9	81000001	0.866286	1.04602	2
9	82000001	0.887858	1.04602	2
9	83000001	0.97146	1.04602	2
9	84000001	0.913882	1.04602	2
9	85000001	1.32476	1.04602	2
9	86000001	0.907931	1.04602	2
9	87000001	1.06484	1.04602	2
9	88000001	0.969244	1.04602	2
9	89000001	1.11101	1.04602	2
9	90000001	1.21786	1.04602	2
9	91000001	0.926305	1.04602	2
9	92000001	1.01492	1.04602	2
9	93000001	1.08112	1.04602	2
9	94000001	1.0389	1.04602	2
9	95000001	0.734855	0.891506	2
9	96000001	0.91482	0.891506	2
9	97000001	0.93852	0.891506	2
9	98000001	0.750552	0.891506	2
9	99000001	0.791379	0.891506	2
9	100000001	0.992023	0.891506	2
9	101000001	0.891506	0.891506	2
9	102000001	1.16484	0.891506	2
9	103000001	0.639068	0.891506	2
9	104000001	0.732129	0.891506	2
9	105000001	0.925156	0.891506	2
9	106000001	1.10936	1.03337	2
9	107000001	0.969541	1.03337	2
9	108000001	0.97683	1.03337	2
9	109000001	0.967934	1.03337	2
9	110000001	1.13236	1.03337	2
9	111000001	1.17633	1.03337	2
9	112000001	1.15781	1.03337	2
9	113000001	0.97625	1.03337	2
9	114000001	1.15976	1.03337	2
9	115000001	1.03387	1.03337	2
9	116000001	1.1655	1.03337	2
9	117000001	0.913534	1.03337	2
9	118000001	1.10431	1.03337	2
9	119000001	0.938852	1.03337	2
9	120000001	1.10185	1.03337	2
9	121000001	0.763495	1.03337	2
9	122000001	1.07943	1.03337	2
9	123000001	0.703573	1.03337	2
9	124000001	1.03337	1.03337	2
9	125000001	1.03983	1.03337	2
9	126000001	0.873406	1.03337	2
9	127000001	1.03267	1.03337	2
9	128000001	0.998601	1.03337	2
9	129000001	0.980447	1.03337	2
9	130000001	0.916878	1.03337	2
9	131000001	0.897448	1.03337	2
9	132000001	1.00246	1.03337	2
9	133000001	1.08575	1.03337	2
9	134000001	1.17036	1.03337	2
9	135000001	0.840505	1.03337	2
9	136000001	1.06456	1.03337	2
9	137000001	1.05715	1.03337	2
9	138000001	1.09299	1.03337	2
X	1	0.59251	0.553012	1
X	1000001	0.542763	0.553012	1
X	2000001	0.60371	0.553012	1
X	3000001	0.611836	0.553012	1
X	4000001	0.405001	0.553012	1
X	5000001	0.594681	0.553012	1
X	6000001	0.522995	0.553012	1
X	7000001	0.4562	0.553012	1
X	8000001	0.553012	0.553012	1
X	9000001	0.738035	0.553012	1
X	10000001	0.534743	0.553012	1
X	11000001	1.09518	1.09518	2
X	12000001	0.41507	0.505671	1
X	13000001	0.584439	0.505671	1
X	14000001	0.60243	0.505671	1
X	15000001	0.368308	0.505671	1
X	16000001	0.437066	0.505671	1
X	17000001	0.539414	0.505671	1
X	18000001	0.612289	0.505671	1
X	19000001	0.375147	0.505671	1
X	20000001	0.491829	0.505671	1
X	21000001	0.684294	0.505671	1
X	22000001	0.478511	0.505671	1
X	23000001	0.492341	0.505671	1
X	24000001	0.556933	0.505671	1
X	25000001	0.571922	0.505671	1
X	26000001	0.655831	0.505671	1
X	27000001	0.477056	0.505671	1
X	28000001	0.368968	0.505671	1
X	29000001	0.357673	0.505671	1
X	30000001	0.292166	0.505671	1
X	31000001	0.687369	0.505671	1
X	32000001	0.465211	0.505671	1
X	33000001	0.43344	0.505671	1
X	34000001	0.510999	0.505671	1
X	35000001	0.51817	0.505671	1
X	36000001	0.715734	0.505671	1
X	37000001	0.423861	0.505671	1
X	38000001	0.396262	0.505671	1
X	39000001	0.619173	0.505671	1
X	40000001	0.484238	0.505671	1
X	41000001	0.56742	0.505671	1
X	42000001	0.679376	0.505671	1
X	43000001	0.44609	0.505671	1
X	44000001	0.584992	0.505671	1
X	45000001	0.606892	0.505671	1
X	46000001	0.45642	0.505671	1
X	47000001	0.5445	0.505671	1
X	48000001	0.542869	0.505671	1
X	49000001	0.52967	0.505671	1
X	50000001	0.432915	0.505671	1
X	51000001	0.42395	0.505671	1
X	52000001	0.525355	0.505671	1
X	53000001	0.65122	0.505671	1
X	54000001	0.50986	0.505671	1
X	55000001	0.370234	0.505671	1
X	56000001	0.662594	0.505671	1
X	57000001	0.594357	0.505671	1
X	58000001	0.424051	0.505671	1
X	59000001	0.341226	0.505671	1
X	60000001	0.315143	0.505671	1
X	61000001	0.462875	0.505671	1
X	62000001	0.535772	0.505671	1
X	63000001	0.477716	0.505671	1
X	64000001	0.503801	0.505671	1
X	65000001	0.531414	0.505671	1
X	66000001	0.548926	0.505671	1
X	67000001	0.37889	0.505671	1
X	68000001	0.619124	0.505671	1
X	69000001	0.454635	0.505671	1
X	70000001	0.690288	0.505671	1
X	71000001	0.507541	0.505671	1
X	72000001	0.449049	0.505671	1
X	73000001	0.588223	0.505671	1
X	74000001	0.588801	0.505671	1
X	75000001	0.358078	0.505671	1
X	76000001	0.431667	0.505671	1
X	77000001	0.734078	0.505671	1
X	78000001	0.620918	0.505671	1
X	79000001	0.52117	0.505671	1
X	80000001	0.514483	0.505671	1
X	81000001	0.529355	0.505671	1
X	82000001	0.49343	0.505671	1
X	83000001	0.523453	0.505671	1
X	84000001	0.462479	0.505671	1
X	85000001	0.487244	0.505671	1
X	86000001	0.475948	0.505671	1
X	87000001	0.420071	0.505671	1
X	88000001	0.657385	0.505671	1
X	89000001	0.524647	0.505671	1
X	90000001	0.456598	0.505671	1
X	91000001	0.400103	0.505671	1
X	92000001	0.414118	0.505671	1
X	93000001	0.499194	0.505671	1
X	94000001	0.601936	0.594164	1
X	95000001	0.561226	0.594164	1
X	96000001	0.586393	0.594164	1
X	97000001	0.791952	0.594164	1
X	98000001	0.649772	0.594164	1
X	99000001	0.560497	0.594164	1
X	100000001	0.580999	0.594164	1
X	101000001	0.612234	0.594164	1
X	102000001	0.40333	0.462816	1
X	103000001	0.499485	0.462816	1
X	104000001	0.438433	0.462816	1
X	105000001	0.260518	0.462816	1
X	106000001	0.565633	0.462816	1
X	107000001	0.515678	0.462816	1
X	108000001	0.537645	0.462816	1
X	109000001	0.406256	0.462816	1
X	110000001	0.40864	0.462816	1
X	111000001	0.621536	0.462816	1
X	112000001	0.524426	0.462816	1
X	113000001	0.321546	0.462816	1
X	114000001	0.50162	0.462816	1
X	115000001	0.234036	0.462816	1
X	116000001	0.462816	0.462816	1
X	117000001	0.580583	0.54635	1
X	118000001	0.526412	0.54635	1
X	119000001	0.621331	0.54635	1
X	120000001	0.625075	0.54635	1
X	121000001	0.585142	0.54635	1
X	122000001	0.551399	0.54635	1
X	123000001	0.505504	0.54635	1
X	124000001	0.429214	0.54635	1
X	125000001	0.369744	0.54635	1
X	126000001	0.623745	0.54635	1
X	127000001	0.588593	0.54635	1
X	128000001	0.612379	0.54635	1
X	129000001	0.541302	0.54635	1
X	130000001	0.528154	0.54635	1
X	131000001	0.36689	0.54635	1
X	132000001	0.489968	0.54635	1
X	133000001	0.59574	0.54635	1
X	134000001	0.478716	0.54635	1
X	135000001	0.666795	0.54635	1
X	136000001	0.581703	0.54635	1
X	137000001	0.514627	0.54635	1
X	138000001	0.599678	0.54635	1
X	139000001	0.450757	0.54635	1
X	140000001	0.584595	0.54635	1
X	141000001	0.567183	0.54635	1
X	142000001	0.451829	0.54635	1
X	143000001	0.415767	0.54635	1
X	144000001	0.443899	0.54635	1
X	145000001	0.672935	0.542402	1
X	146000001	0.508548	0.542402	1
X	147000001	0.543751	0.542402	1
X	148000001	0.640632	0.542402	1
X	149000001	0.448604	0.542402	1
X	150000001	0.510213	0.542402	1
X	151000001	0.572037	0.542402	1
X	152000001	0.541054	0.542402	1
X	153000001	0.51821	0.542402	1
X	154000001	0.585959	0.542402	1
X	155000001	0.458011	0.542402	1
X	156000001	1.24567	0.542402	1
Y	1	-1	-1	1
Y	1000001	-1	-1	1
Y	2000001	0.653307	0.491535	1
Y	3000001	0.480169	0.491535	1
Y	4000001	0.544597	0.491535	1
Y	5000001	0.434783	0.491535	1
Y	6000001	0.62916	0.491535	1
Y	7000001	0.477801	0.491535	1
Y	8000001	0.389793	0.491535	1
Y	9000001	0.781106	0.491535	1
Y	10000001	1.06703	0.491535	1
Y	11000001	0.645433	0.491535	1
Y	12000001	0.486377	0.491535	1
Y	13000001	0.41745	0.491535	1
Y	14000001	0.517135	0.491535	1
Y	15000001	0.58406	0.491535	1
Y	16000001	0.442485	0.491535	1
Y	17000001	0.493841	0.491535	1
Y	18000001	0.491535	0.491535	1
Y	19000001	0.336415	0.491535	1
Y	20000001	0.390416	0.491535	1
Y	21000001	0.631938	0.631938	1
Y	22000001	0.748072	0.631938	1
Y	23000001	0.50572	0.631938	1
Y	24000001	0.568769	0.631938	1
Y	25000001	0.976722	0.631938	1
Y	26000001	0.571848	0.631938	1
Y	27000001	-1	0.631938	1
Y	28000001	-1	0.631938	1
Y	29000001	-1	0.631938	1
Y	30000001	-1	0.631938	1
Y	31000001	-1	0.631938	1
Y	32000001	-1	0.631938	1
Y	33000001	-1	0.631938	1
Y	34000001	-1	0.631938	1
Y	35000001	-1	0.631938	1
Y	36000001	-1	0.631938	1
Y	37000001	-1	0.631938	1
Y	38000001	-1	0.631938	1
Y	39000001	-1	0.631938	1
Y	40000001	-1	0.631938	1
Y	41000001	-1	0.631938	1
Y	42000001	-1	0.631938	1
Y	43000001	-1	0.631938	1
Y	44000001	-1	0.631938	1
Y	45000001	-1	0.631938	1
Y	46000001	-1	0.631938	1
Y	47000001	-1	0.631938	1
Y	48000001	-1	0.631938	1
Y	49000001	-1	0.631938	1
Y	50000001	-1	0.631938	1
Y	51000001	-1	0.631938	1
Y	52000001	-1	0.631938	1
Y	53000001	-1	0.631938	1
Y	54000001	-1	0.631938	1
Y	55000001	-1	0.631938	1
Y	56000001	0.690653	0.631938	1
Y	57000001	-1	-1	1
