Chromosome	Start	Ratio	MedianRatio	CopyNumber
1	1	0.746676	0.746676	1
1	1000001	1.7017	1.7017	3
1	2000001	1.18859	0.995607	2
1	3000001	0.769214	0.995607	2
1	4000001	1.34057	0.995607	2
1	5000001	1.05471	0.995607	2
1	6000001	0.907016	0.995607	2
1	7000001	1.12857	0.995607	2
1	8000001	1.28982	0.995607	2
1	9000001	1.03986	0.995607	2
1	10000001	1.06903	0.995607	2
1	11000001	0.854114	0.995607	2
1	12000001	1.10489	0.995607	2
1	13000001	1.14581	0.995607	2
1	14000001	0.94528	0.995607	2
1	15000001	1.16853	0.995607	2
1	16000001	0.984911	0.995607	2
1	17000001	0.957893	0.995607	2
1	18000001	0.774234	0.995607	2
1	19000001	0.945401	0.995607	2
1	20000001	0.852855	0.995607	2
1	21000001	0.972825	0.995607	2
1	22000001	1.14801	0.995607	2
1	23000001	1.21126	0.995607	2
1	24000001	1.15809	0.995607	2
1	25000001	1.23646	0.995607	2
1	26000001	0.710639	0.995607	2
1	27000001	0.845421	0.995607	2
1	28000001	0.83773	0.995607	2
1	29000001	1.0602	0.995607	2
1	30000001	1.08813	0.995607	2
1	31000001	1.17791	0.995607	2
1	32000001	0.848737	0.995607	2
1	33000001	0.936334	0.995607	2
1	34000001	1.17286	0.995607	2
1	35000001	0.988355	0.995607	2
1	36000001	1.14117	0.995607	2
1	37000001	1.0764	0.995607	2
1	38000001	1.17564	0.995607	2
1	39000001	1.05254	0.995607	2
1	40000001	1.03135	0.995607	2
1	41000001	0.96932	0.995607	2
1	42000001	1.07888	0.995607	2
1	43000001	0.976148	0.995607	2
1	44000001	0.940978	0.995607	2
1	45000001	0.930585	0.995607	2
1	46000001	0.788356	0.995607	2
1	47000001	0.880372	0.995607	2
1	48000001	0.91849	0.995607	2
1	49000001	0.968579	0.995607	2
1	50000001	0.920247	0.995607	2
1	51000001	1.46672	0.995607	2
1	52000001	1.00264	0.995607	2
1	53000001	1.06262	0.995607	2
1	54000001	0.781256	0.995607	2
1	55000001	0.946625	0.995607	2
1	56000001	1.2661	0.995607	2
1	57000001	1.22326	0.995607	2
1	58000001	1.12068	0.995607	2
1	59000001	0.839719	0.995607	2
1	60000001	1.03476	0.995607	2
1	61000001	0.750304	0.995607	2
1	62000001	0.837122	0.995607	2
1	63000001	1.14382	0.995607	2
1	64000001	1.3166	0.995607	2
1	65000001	1.1896	0.995607	2
1	66000001	0.941566	0.995607	2
1	67000001	1.02116	0.995607	2
1	68000001	0.912191	0.995607	2
1	69000001	1.09006	0.995607	2
1	70000001	1.22627	0.995607	2
1	71000001	0.785196	0.995607	2
1	72000001	1.02253	0.995607	2
1	73000001	1.01592	0.995607	2
1	74000001	1.24583	0.995607	2
1	75000001	0.895712	0.995607	2
1	76000001	0.981067	0.995607	2
1	77000001	1.07871	0.995607	2
1	78000001	1.09239	0.995607	2
1	79000001	1.15391	0.995607	2
1	80000001	0.944585	0.995607	2
1	81000001	1.17071	0.995607	2
1	82000001	1.1883	0.995607	2
1	83000001	1.05869	0.995607	2
1	84000001	0.992502	0.995607	2
1	85000001	0.922013	0.995607	2
1	86000001	0.789524	0.995607	2
1	87000001	0.923071	0.995607	2
1	88000001	0.684217	0.995607	2
1	89000001	0.936048	0.995607	2
1	90000001	1.2439	0.995607	2
1	91000001	1.14407	0.995607	2
1	92000001	0.835829	0.995607	2
1	93000001	0.767826	0.995607	2
1	94000001	1.17848	0.995607	2
1	95000001	0.917808	0.995607	2
1	96000001	0.97125	0.995607	2
1	97000001	1.26261	0.995607	2
1	98000001	1.04039	0.995607	2
1	99000001	1.24737	0.995607	2
1	100000001	0.99052	0.995607	2
1	101000001	0.785734	0.995607	2
1	102000001	0.961226	0.995607	2
1	103000001	0.899603	0.995607	2
1	104000001	1.12051	0.995607	2
1	105000001	0.816176	0.995607	2
1	106000001	1.38286	0.995607	2
1	107000001	0.899416	0.995607	2
1	108000001	0.896043	0.995607	2
1	109000001	0.972846	0.995607	2
1	110000001	1.16206	0.995607	2
1	111000001	0.936328	0.995607	2
1	112000001	1.06651	0.995607	2
1	113000001	0.998713	0.995607	2
1	114000001	1.0265	0.995607	2
1	115000001	0.936308	0.995607	2
1	116000001	0.860983	0.995607	2
1	117000001	1.02789	0.995607	2
1	118000001	0.972196	0.995607	2
1	119000001	0.746408	0.995607	2
1	120000001	1.42669	1.32308	3
1	121000001	1.37157	1.32308	3
1	122000001	1.07029	1.32308	3
1	123000001	1.27458	1.32308	3
1	124000001	1.62111	-1	3
1	125000001	2.37079	-1	3
1	126000001	-1	-1	3
1	127000001	-1	-1	3
1	128000001	-1	-1	3
1	129000001	-1	-1	3
1	130000001	-1	-1	3
1	131000001	-1	-1	3
1	132000001	-1	-1	3
1	133000001	-1	-1	3
1	134000001	-1	-1	3
1	135000001	-1	-1	3
1	136000001	-1	-1	3
1	137000001	-1	-1	3
1	138000001	-1	-1	3
1	139000001	-1	-1	3
1	140000001	-1	-1	3
1	141000001	-1	-1	3
1	142000001	-1	-1	3
1	143000001	2.26686	-1	3
1	144000001	1.29569	1.29569	3
1	145000001	0.879489	0.993796	2
1	146000001	0.747726	0.993796	2
1	147000001	0.944031	0.993796	2
1	148000001	0.930221	0.993796	2
1	149000001	1.03767	0.993796	2
1	150000001	1.15997	0.993796	2
1	151000001	0.617826	0.993796	2
1	152000001	0.989265	0.993796	2
1	153000001	1.17202	0.993796	2
1	154000001	0.815905	0.993796	2
1	155000001	1.07772	0.993796	2
1	156000001	0.911539	0.993796	2
1	157000001	0.890672	0.993796	2
1	158000001	0.970018	0.993796	2
1	159000001	1.13753	0.993796	2
1	160000001	0.883524	0.993796	2
1	161000001	1.03704	0.993796	2
1	162000001	1.00783	0.993796	2
1	163000001	1.05778	0.993796	2
1	164000001	1.0189	0.993796	2
1	165000001	1.26276	0.993796	2
1	166000001	0.906945	0.993796	2
1	167000001	0.750793	0.993796	2
1	168000001	1.05772	0.993796	2
1	169000001	0.886889	0.993796	2
1	170000001	0.979165	0.993796	2
1	171000001	0.841727	0.993796	2
1	172000001	1.13637	0.993796	2
1	173000001	0.914661	0.993796	2
1	174000001	0.838477	0.993796	2
1	175000001	1.15891	0.993796	2
1	176000001	1.06737	0.993796	2
1	177000001	0.921856	0.993796	2
1	178000001	0.915541	0.993796	2
1	179000001	1.42348	0.993796	2
1	180000001	1.05678	0.993796	2
1	181000001	1.33586	0.993796	2
1	182000001	0.983784	0.993796	2
1	183000001	0.844249	0.993796	2
1	184000001	0.79323	0.993796	2
1	185000001	1.08712	0.993796	2
1	186000001	0.915555	0.993796	2
1	187000001	0.802207	0.993796	2
1	188000001	1.13192	0.993796	2
1	189000001	1.191	0.993796	2
1	190000001	0.943339	0.993796	2
1	191000001	1.07328	0.993796	2
1	192000001	0.877269	0.993796	2
1	193000001	1.32204	0.993796	2
1	194000001	0.796011	0.993796	2
1	195000001	0.902957	0.993796	2
1	196000001	1.05614	0.993796	2
1	197000001	1.19724	0.993796	2
1	198000001	1.03414	0.993796	2
1	199000001	0.798887	0.993796	2
1	200000001	1.36129	0.993796	2
1	201000001	0.837972	0.993796	2
1	202000001	0.901338	0.993796	2
1	203000001	0.866139	0.993796	2
1	204000001	0.7506	0.993796	2
1	205000001	0.865803	0.993796	2
1	206000001	1.13755	0.993796	2
1	207000001	1.04156	0.993796	2
1	208000001	1.07721	0.993796	2
1	209000001	0.685944	0.993796	2
1	210000001	1.03621	0.993796	2
1	211000001	1.02622	0.993796	2
1	212000001	1.16153	0.993796	2
1	213000001	1.271	0.993796	2
1	214000001	1.00329	0.993796	2
1	215000001	0.868966	0.993796	2
1	216000001	1.18484	0.993796	2
1	217000001	0.950342	0.993796	2
1	218000001	0.976454	0.993796	2
1	219000001	0.86285	0.993796	2
1	220000001	1.14763	0.993796	2
1	221000001	1.14224	0.993796	2
1	222000001	0.838219	0.993796	2
1	223000001	1.07644	0.993796	2
1	224000001	0.937843	0.993796	2
1	225000001	1.02279	0.993796	2
1	226000001	1.10924	0.993796	2
1	227000001	1.213	0.993796	2
1	228000001	1.14791	0.993796	2
1	229000001	0.957803	0.993796	2
1	230000001	1.232	0.993796	2
1	231000001	0.907262	0.993796	2
1	232000001	0.87139	0.993796	2
1	233000001	0.993807	0.993796	2
1	234000001	0.934727	0.993796	2
1	235000001	1.02738	0.993796	2
1	236000001	0.880217	0.993796	2
1	237000001	1.3035	0.993796	2
1	238000001	1.01631	0.993796	2
1	239000001	0.801166	0.993796	2
1	240000001	0.991408	0.993796	2
1	241000001	1.22249	0.993796	2
1	242000001	1.3075	0.993796	2
1	243000001	1.20854	0.993796	2
1	244000001	1.06763	0.993796	2
1	245000001	0.879559	0.993796	2
1	246000001	0.858864	0.993796	2
1	247000001	0.993784	0.993796	2
1	248000001	1.0911	0.993796	2
10	1	1.22148	0.937837	2
10	1000001	0.905492	0.937837	2
10	2000001	0.776023	0.937837	2
10	3000001	1.19252	0.937837	2
10	4000001	1.05335	0.937837	2
10	5000001	0.852418	0.937837	2
10	6000001	0.992737	0.937837	2
10	7000001	1.07861	0.937837	2
10	8000001	1.09539	0.937837	2
10	9000001	1.04555	0.937837	2
10	10000001	0.727187	0.937837	2
10	11000001	0.92804	0.937837	2
10	12000001	1.07663	0.937837	2
10	13000001	0.997764	0.937837	2
10	14000001	0.78454	0.937837	2
10	15000001	0.904959	0.937837	2
10	16000001	0.858356	0.937837	2
10	17000001	0.947633	0.937837	2
10	18000001	1.00771	0.937837	2
10	19000001	1.14543	0.937837	2
10	20000001	1.15696	0.937837	2
10	21000001	1.12823	0.937837	2
10	22000001	0.801461	0.937837	2
10	23000001	0.693188	0.937837	2
10	24000001	0.779687	0.937837	2
10	25000001	1.17556	0.937837	2
10	26000001	0.749377	0.937837	2
10	27000001	1.12433	0.937837	2
10	28000001	0.563176	0.937837	2
10	29000001	0.871751	0.937837	2
10	30000001	0.721651	0.937837	2
10	31000001	0.883272	0.937837	2
10	32000001	1.02962	1.00705	2
10	33000001	0.961281	1.00705	2
10	34000001	1.11481	1.00705	2
10	35000001	1.05264	1.00705	2
10	36000001	1.03572	1.00705	2
10	37000001	1.50196	1.00705	2
10	38000001	1.11342	1.00705	2
10	39000001	0.862542	1.00705	2
10	40000001	1.17564	1.00705	2
10	41000001	0.716079	1.00705	2
10	42000001	1.13822	1.00705	2
10	43000001	1.23714	1.00705	2
10	44000001	0.974598	1.00705	2
10	45000001	0.736103	1.00705	2
10	46000001	0.925217	1.00705	2
10	47000001	0.936344	1.00705	2
10	48000001	0.998	1.00705	2
10	49000001	1.19151	1.00705	2
10	50000001	1.3933	1.00705	2
10	51000001	0.918032	1.00705	2
10	52000001	1.32367	1.00705	2
10	53000001	1.19498	1.00705	2
10	54000001	0.987512	1.00705	2
10	55000001	1.00778	1.00705	2
10	56000001	1.02909	1.00705	2
10	57000001	1.22568	1.00705	2
10	58000001	1.07729	1.00705	2
10	59000001	1.02502	1.00705	2
10	60000001	1.08091	1.00705	2
10	61000001	0.962679	1.00705	2
10	62000001	1.465	1.00705	2
10	63000001	0.860898	1.00705	2
10	64000001	0.79105	1.00705	2
10	65000001	0.981431	1.00705	2
10	66000001	1.03689	1.00705	2
10	67000001	0.965573	1.00705	2
10	68000001	1.00632	1.00705	2
10	69000001	0.730374	1.00705	2
10	70000001	1.05783	1.00705	2
10	71000001	0.892721	1.00705	2
10	72000001	1.13438	1.00705	2
10	73000001	1.22958	1.00705	2
10	74000001	0.953261	1.00705	2
10	75000001	1.1409	1.00705	2
10	76000001	0.967646	1.00705	2
10	77000001	1.04654	1.00705	2
10	78000001	0.765364	1.00705	2
10	79000001	1.09664	1.00705	2
10	80000001	0.959291	1.00705	2
10	81000001	0.980869	1.00705	2
10	82000001	0.686607	1.00705	2
10	83000001	0.986926	1.00705	2
10	84000001	0.807945	1.00705	2
10	85000001	1.20433	1.00705	2
10	86000001	1.4684	1.00705	2
10	87000001	0.814257	1.00705	2
10	88000001	1.26038	1.00705	2
10	89000001	0.793882	1.00705	2
10	90000001	0.921477	1.00705	2
10	91000001	1.09458	1.00705	2
10	92000001	1.14126	1.00705	2
10	93000001	1.19594	1.00705	2
10	94000001	0.910701	1.00705	2
10	95000001	0.995259	1.00705	2
10	96000001	1.09486	1.00705	2
10	97000001	0.977194	1.00705	2
10	98000001	0.97479	1.00705	2
10	99000001	0.777496	1.00705	2
10	100000001	0.835069	1.00705	2
10	101000001	0.928306	1.00705	2
10	102000001	1.04709	1.00705	2
10	103000001	1.16156	1.00705	2
10	104000001	0.781192	1.00705	2
10	105000001	1.38713	1.00705	2
10	106000001	1.02683	1.00705	2
10	107000001	1.43744	1.00705	2
10	108000001	0.838886	1.00705	2
10	109000001	0.842111	1.00705	2
10	110000001	1.12301	1.00705	2
10	111000001	0.880061	1.00705	2
10	112000001	1.19921	1.00705	2
10	113000001	0.915756	1.00705	2
10	114000001	0.999455	1.00705	2
10	115000001	1.19888	1.00705	2
10	116000001	1.03752	1.00705	2
10	117000001	1.01669	1.00705	2
10	118000001	0.897067	1.00705	2
10	119000001	1.00173	1.00705	2
10	120000001	0.999273	1.00705	2
10	121000001	1.21126	1.00705	2
10	122000001	1.15783	1.00705	2
10	123000001	0.981314	1.00705	2
10	124000001	0.912592	1.00705	2
10	125000001	1.13805	1.00705	2
10	126000001	3.02637	3.02637	6
10	127000001	1.06248	1.06248	2
10	128000001	0.93785	1.06248	2
10	129000001	1.14874	1.06248	2
10	130000001	0.828678	1.06248	2
10	131000001	0.875488	1.06248	2
10	132000001	1.13534	1.06248	2
10	133000001	2.00551	1.06248	2
11	1	1.10225	1.00805	2
11	1000001	0.948193	1.00805	2
11	2000001	1.00805	1.00805	2
11	3000001	1.11481	1.00805	2
11	4000001	1.05439	1.00805	2
11	5000001	0.830731	1.00805	2
11	6000001	0.965789	1.00805	2
11	7000001	0.800952	1.00805	2
11	8000001	0.775252	1.00805	2
11	9000001	1.08863	1.00805	2
11	10000001	1.13357	1.00805	2
11	11000001	2.22847	2.22847	4
11	12000001	1.19672	0.982226	2
11	13000001	0.796435	0.982226	2
11	14000001	1.2483	0.982226	2
11	15000001	0.982226	0.982226	2
11	16000001	0.931213	0.982226	2
11	17000001	0.989721	0.982226	2
11	18000001	0.939489	0.982226	2
11	19000001	0.949007	0.982226	2
11	20000001	0.944723	0.982226	2
11	21000001	0.998217	0.982226	2
11	22000001	1.40993	0.982226	2
11	23000001	0.830518	0.910201	2
11	24000001	0.733217	0.910201	2
11	25000001	0.910201	0.910201	2
11	26000001	0.884122	0.910201	2
11	27000001	1.03954	0.910201	2
11	28000001	0.895247	0.910201	2
11	29000001	1.22393	0.910201	2
11	30000001	0.966638	0.910201	2
11	31000001	0.915032	0.910201	2
11	32000001	1.14066	1.17813	2
11	33000001	1.2156	1.17813	2
11	34000001	1.13916	1.17813	2
11	35000001	1.37547	1.17813	2
11	36000001	0.897763	0.960924	2
11	37000001	1.18343	0.960924	2
11	38000001	0.946279	0.960924	2
11	39000001	1.05773	0.960924	2
11	40000001	0.98162	0.960924	2
11	41000001	0.839049	0.960924	2
11	42000001	1.24882	0.960924	2
11	43000001	0.931176	0.960924	2
11	44000001	0.549068	0.960924	2
11	45000001	0.960924	0.960924	2
11	46000001	1.0418	0.960924	2
11	47000001	1.20636	0.960924	2
11	48000001	0.954587	0.960924	2
11	49000001	0.680514	0.960924	2
11	50000001	0.896266	0.960924	2
11	51000001	1.02335	0.960924	2
11	52000001	0.988608	0.960924	2
11	53000001	0.941935	0.960924	2
11	54000001	1.20429	0.960924	2
11	55000001	0.901001	0.960924	2
11	56000001	1.14524	0.960924	2
11	57000001	0.982113	0.960924	2
11	58000001	1.23651	0.960924	2
11	59000001	1.23406	0.960924	2
11	60000001	0.890285	0.960924	2
11	61000001	1.09453	0.960924	2
11	62000001	0.846796	0.960924	2
11	63000001	0.853135	0.960924	2
11	64000001	0.911412	0.960924	2
11	65000001	0.822281	0.960924	2
11	66000001	0.962334	0.960924	2
11	67000001	0.958595	0.960924	2
11	68000001	0.980795	0.960924	2
11	69000001	1.47974	1.30351	3
11	70000001	1.01468	1.30351	3
11	71000001	1.39702	1.30351	3
11	72000001	1.21001	1.30351	3
11	73000001	0.9002	0.955937	2
11	74000001	0.962571	0.955937	2
11	75000001	0.913086	0.955937	2
11	76000001	1.00347	0.955937	2
11	77000001	1.04756	0.955937	2
11	78000001	0.73877	0.955937	2
11	79000001	0.844782	0.955937	2
11	80000001	0.889671	0.955937	2
11	81000001	0.995573	0.955937	2
11	82000001	0.954624	0.955937	2
11	83000001	0.87686	0.955937	2
11	84000001	1.07831	0.955937	2
11	85000001	1.33299	0.955937	2
11	86000001	0.95775	0.955937	2
11	87000001	0.957249	0.955937	2
11	88000001	0.900321	0.955937	2
11	89000001	0.857173	0.955937	2
11	90000001	0.879131	0.955937	2
11	91000001	1.18271	0.955937	2
11	92000001	0.852113	0.955937	2
11	93000001	1.03257	0.955937	2
11	94000001	1.02676	0.955937	2
11	95000001	1.06989	1.10457	2
11	96000001	1.20949	1.10457	2
11	97000001	1.05741	1.10457	2
11	98000001	1.52564	1.10457	2
11	99000001	1.09939	1.10457	2
11	100000001	0.972444	1.10457	2
11	101000001	1.16402	1.10457	2
11	102000001	0.836569	1.10457	2
11	103000001	1.16709	1.10457	2
11	104000001	1.23732	1.10457	2
11	105000001	1.19535	1.10457	2
11	106000001	1.07485	1.10457	2
11	107000001	0.995799	1.10457	2
11	108000001	0.89641	1.10457	2
11	109000001	0.984849	1.10457	2
11	110000001	1.34166	1.10457	2
11	111000001	1.10976	1.10457	2
11	112000001	1.15211	1.10457	2
11	113000001	0.964348	0.982131	2
11	114000001	0.919755	0.982131	2
11	115000001	0.815778	0.982131	2
11	116000001	0.753183	0.982131	2
11	117000001	1.03912	0.982131	2
11	118000001	1.19482	0.982131	2
11	119000001	0.999914	0.982131	2
11	120000001	1.13673	0.982131	2
11	121000001	0.722802	0.982131	2
11	122000001	1.07932	0.982131	2
11	123000001	0.608412	0.982131	2
11	124000001	1.22393	0.982131	2
11	125000001	0.671561	0.726591	1
11	126000001	0.751699	0.726591	1
11	127000001	0.747501	0.726591	1
11	128000001	0.705682	0.726591	1
11	129000001	1.05103	1.05103	2
11	130000001	1.07782	1.05103	2
11	131000001	1.04841	1.05103	2
11	132000001	1.06071	1.05103	2
11	133000001	0.808543	1.05103	2
11	134000001	1.40844	1.51316	3
11	135000001	1.61787	1.51316	3
12	1	0.945315	0.998476	2
12	1000001	1.07296	0.998476	2
12	2000001	0.949517	0.998476	2
12	3000001	0.604617	0.998476	2
12	4000001	1.15145	0.998476	2
12	5000001	1.11841	0.998476	2
12	6000001	0.858413	0.998476	2
12	7000001	1.09652	0.998476	2
12	8000001	1.01015	0.998476	2
12	9000001	0.73671	0.998476	2
12	10000001	1.00171	0.998476	2
12	11000001	1.05287	0.998476	2
12	12000001	0.998476	0.998476	2
12	13000001	0.875591	0.998476	2
12	14000001	0.972393	0.998476	2
12	15000001	0.753165	0.781013	2
12	16000001	0.808861	0.781013	2
12	17000001	0.892236	0.781013	2
12	18000001	0.843461	0.781013	2
12	19000001	0.752057	0.781013	2
12	20000001	0.669019	0.781013	2
12	21000001	1.32751	1.24824	2
12	22000001	1.16897	1.24824	2
12	23000001	0.811109	0.854375	2
12	24000001	0.76149	0.854375	2
12	25000001	0.925751	0.854375	2
12	26000001	0.912944	0.854375	2
12	27000001	0.748608	0.854375	2
12	28000001	1.0754	0.854375	2
12	29000001	1.06754	0.854375	2
12	30000001	0.854375	0.854375	2
12	31000001	1.03804	0.854375	2
12	32000001	0.723319	0.854375	2
12	33000001	0.8204	0.854375	2
12	34000001	0.990925	0.977689	2
12	35000001	1.4232	0.977689	2
12	36000001	1.00456	0.977689	2
12	37000001	0.850255	0.977689	2
12	38000001	0.964453	0.977689	2
12	39000001	0.928058	0.977689	2
12	40000001	1.2477	0.977689	2
12	41000001	1.00133	0.977689	2
12	42000001	0.798307	0.977689	2
12	43000001	1.12862	0.977689	2
12	44000001	0.777893	0.977689	2
12	45000001	0.893008	0.977689	2
12	46000001	1.11727	0.977689	2
12	47000001	0.890129	0.977689	2
12	48000001	1.84398	1.84398	4
12	49000001	0.784292	0.935983	2
12	50000001	1.08263	0.935983	2
12	51000001	0.875587	0.935983	2
12	52000001	1.02633	0.935983	2
12	53000001	1.13187	0.935983	2
12	54000001	0.996379	0.935983	2
12	55000001	0.691511	0.935983	2
12	56000001	0.831305	0.935983	2
12	57000001	1.18099	0.935983	2
12	58000001	0.729414	0.935983	2
12	59000001	1.19244	1.23066	2
12	60000001	1.04065	1.23066	2
12	61000001	1.26888	1.23066	2
12	62000001	1.30179	1.23066	2
12	63000001	0.614905	1.0368	2
12	64000001	1.02761	1.0368	2
12	65000001	1.12025	1.0368	2
12	66000001	1.23477	1.0368	2
12	67000001	1.085	1.0368	2
12	68000001	0.81829	1.0368	2
12	69000001	1.09133	1.0368	2
12	70000001	0.784878	1.0368	2
12	71000001	1.12057	1.0368	2
12	72000001	0.826208	1.0368	2
12	73000001	1.13949	1.0368	2
12	74000001	0.96952	1.0368	2
12	75000001	1.25428	1.0368	2
12	76000001	0.919956	1.0368	2
12	77000001	1.01222	1.0368	2
12	78000001	1.22998	1.0368	2
12	79000001	1.23139	1.0368	2
12	80000001	0.976855	1.0368	2
12	81000001	0.911378	1.0368	2
12	82000001	1.13105	1.0368	2
12	83000001	0.883082	1.0368	2
12	84000001	1.04598	1.0368	2
12	85000001	0.851761	0.851761	2
12	86000001	0.912226	0.851761	2
12	87000001	0.673455	0.851761	2
12	88000001	0.892535	0.851761	2
12	89000001	0.767045	0.851761	2
12	90000001	1.05643	0.995362	2
12	91000001	1.04632	0.995362	2
12	92000001	1.00085	0.995362	2
12	93000001	1.27374	0.995362	2
12	94000001	0.747501	0.995362	2
12	95000001	0.931127	0.995362	2
12	96000001	0.960892	0.995362	2
12	97000001	0.891642	0.995362	2
12	98000001	0.989876	0.995362	2
12	99000001	1.229	0.995362	2
12	100000001	1.12239	0.995362	2
12	101000001	0.805702	0.995362	2
12	102000001	1.10824	0.995362	2
12	103000001	0.95558	0.995362	2
12	104000001	0.848325	0.85492	2
12	105000001	0.661098	0.85492	2
12	106000001	0.896266	0.85492	2
12	107000001	0.861515	0.85492	2
12	108000001	1.04621	0.85492	2
12	109000001	0.803671	0.85492	2
12	110000001	1.4486	1.09343	2
12	111000001	0.978328	1.09343	2
12	112000001	1.1821	1.09343	2
12	113000001	1.0312	1.09343	2
12	114000001	1.09343	1.09343	2
12	115000001	0.845542	0.845542	2
12	116000001	0.899155	0.845542	2
12	117000001	0.643392	0.845542	2
12	118000001	1.01898	1.01892	2
12	119000001	1.13894	1.01892	2
12	120000001	1.31441	1.01892	2
12	121000001	1.00801	1.01892	2
12	122000001	0.976053	1.01892	2
12	123000001	1.01886	1.01892	2
12	124000001	0.923253	0.861271	2
12	125000001	0.869742	0.861271	2
12	126000001	0.703992	0.861271	2
12	127000001	0.8528	0.861271	2
12	128000001	1.0248	1.0248	2
12	129000001	1.42018	1.14644	2
12	130000001	0.986999	1.14644	2
12	131000001	1.23471	1.14644	2
12	132000001	1.14644	1.14644	2
12	133000001	1.03524	1.14644	2
13	1	-1	-1	2
13	1000001	-1	-1	2
13	2000001	-1	-1	2
13	3000001	-1	-1	2
13	4000001	-1	-1	2
13	5000001	-1	-1	2
13	6000001	-1	-1	2
13	7000001	-1	-1	2
13	8000001	-1	-1	2
13	9000001	-1	-1	2
13	10000001	-1	-1	2
13	11000001	-1	-1	2
13	12000001	-1	-1	2
13	13000001	-1	-1	2
13	14000001	-1	-1	2
13	15000001	-1	-1	2
13	16000001	1.07301	1.07301	2
13	17000001	0.991023	1.07301	2
13	18000001	1.53691	1.07301	2
13	19000001	0.922859	0.991688	2
13	20000001	0.754817	0.991688	2
13	21000001	1.1907	0.991688	2
13	22000001	0.813139	0.991688	2
13	23000001	0.874542	0.991688	2
13	24000001	1.05529	0.991688	2
13	25000001	1.01775	0.991688	2
13	26000001	1.27455	0.991688	2
13	27000001	0.996076	0.991688	2
13	28000001	1.20441	0.991688	2
13	29000001	0.991798	0.991688	2
13	30000001	1.26981	0.991688	2
13	31000001	0.943192	0.991688	2
13	32000001	0.867853	0.991688	2
13	33000001	0.846707	0.991688	2
13	34000001	0.951357	0.991688	2
13	35000001	0.9718	0.991688	2
13	36000001	1.016	0.991688	2
13	37000001	0.773432	0.991688	2
13	38000001	1.04915	0.991688	2
13	39000001	0.855676	0.991688	2
13	40000001	0.936842	0.991688	2
13	41000001	1.29125	0.991688	2
13	42000001	1.19799	0.991688	2
13	43000001	1.15746	0.991688	2
13	44000001	1.25239	0.991688	2
13	45000001	1.04663	0.991688	2
13	46000001	0.708612	0.991688	2
13	47000001	0.731306	0.991688	2
13	48000001	1.17402	0.991688	2
13	49000001	0.768264	0.991688	2
13	50000001	0.903924	0.991688	2
13	51000001	1.01105	0.991688	2
13	52000001	1.19198	0.991688	2
13	53000001	0.945907	0.991688	2
13	54000001	0.988873	0.991688	2
13	55000001	0.798649	0.991688	2
13	56000001	0.991578	0.991688	2
13	57000001	1.06482	0.991688	2
13	58000001	0.899462	0.991688	2
13	59000001	0.929061	0.991688	2
13	60000001	0.932179	0.991688	2
13	61000001	1.25046	0.991688	2
13	62000001	1.03315	0.991688	2
13	63000001	1.0865	0.991688	2
13	64000001	1.11472	0.991688	2
13	65000001	0.85014	0.991688	2
13	66000001	1.01789	0.991688	2
13	67000001	1.07006	0.991688	2
13	68000001	0.913272	0.991688	2
13	69000001	1.38225	0.991688	2
13	70000001	0.73156	0.991688	2
13	71000001	2.02575	2.02575	4
13	72000001	0.936425	0.960505	2
13	73000001	0.860562	0.960505	2
13	74000001	1.09428	0.960505	2
13	75000001	1.10771	0.960505	2
13	76000001	0.956819	0.960505	2
13	77000001	0.973205	0.960505	2
13	78000001	1.04988	0.960505	2
13	79000001	1.16783	0.960505	2
13	80000001	1.27779	0.960505	2
13	81000001	0.812251	0.960505	2
13	82000001	0.866849	0.960505	2
13	83000001	0.843705	0.960505	2
13	84000001	0.782604	0.960505	2
13	85000001	1.02989	0.960505	2
13	86000001	0.967859	0.960505	2
13	87000001	0.975706	0.960505	2
13	88000001	1.08751	0.960505	2
13	89000001	1.17122	0.960505	2
13	90000001	0.935925	0.960505	2
13	91000001	0.993468	0.960505	2
13	92000001	0.67976	0.960505	2
13	93000001	0.762347	0.960505	2
13	94000001	0.960505	0.960505	2
13	95000001	0.815743	0.960505	2
13	96000001	0.929034	0.960505	2
13	97000001	1.21772	1.07749	2
13	98000001	0.916854	1.07749	2
13	99000001	1.02112	1.07749	2
13	100000001	1.07995	1.07749	2
13	101000001	1.09721	1.07749	2
13	102000001	1.0824	1.07749	2
13	103000001	1.04147	1.07749	2
13	104000001	1.05748	1.07749	2
13	105000001	1.24639	1.07749	2
13	106000001	1.07503	1.07749	2
13	107000001	1.05629	1.07749	2
13	108000001	1.22359	1.07749	2
13	109000001	1.05694	1.07749	2
13	110000001	1.22696	1.07749	2
13	111000001	1.16734	1.07749	2
13	112000001	0.969309	1.07749	2
13	113000001	0.976116	1.07749	2
13	114000001	1.39591	1.07749	2
14	1	-1	-1	3
14	1000001	-1	-1	3
14	2000001	-1	-1	3
14	3000001	-1	-1	3
14	4000001	-1	-1	3
14	5000001	-1	-1	3
14	6000001	-1	-1	3
14	7000001	-1	-1	3
14	8000001	-1	-1	3
14	9000001	-1	-1	3
14	10000001	-1	-1	3
14	11000001	-1	-1	3
14	12000001	-1	-1	3
14	13000001	-1	-1	3
14	14000001	-1	-1	3
14	15000001	-1	-1	3
14	16000001	1.54464	1.54464	3
14	17000001	1.07672	0.988813	2
14	18000001	1.08864	0.988813	2
14	19000001	0.940678	0.988813	2
14	20000001	0.72608	0.988813	2
14	21000001	1.03695	0.988813	2
14	22000001	0.936661	0.988813	2
14	23000001	0.69697	0.696248	1
14	24000001	0.668319	0.696248	1
14	25000001	0.831598	0.696248	1
14	26000001	0.665248	0.696248	1
14	27000001	0.916783	0.696248	1
14	28000001	0.695525	0.696248	1
14	29000001	1.2079	1.00741	2
14	30000001	0.972221	1.00741	2
14	31000001	0.94324	1.00741	2
14	32000001	0.98896	1.00741	2
14	33000001	1.29182	1.00741	2
14	34000001	1.05272	1.00741	2
14	35000001	1.01797	1.00741	2
14	36000001	0.819433	1.00741	2
14	37000001	0.775693	1.00741	2
14	38000001	0.962007	1.00741	2
14	39000001	1.05914	1.00741	2
14	40000001	0.751318	1.00741	2
14	41000001	0.933033	1.00741	2
14	42000001	1.26207	1.00741	2
14	43000001	1.06772	1.00741	2
14	44000001	0.955008	1.00741	2
14	45000001	1.0508	1.00741	2
14	46000001	0.939922	1.00741	2
14	47000001	1.16204	1.00741	2
14	48000001	0.920285	1.00741	2
14	49000001	0.960322	1.00741	2
14	50000001	0.970063	1.00741	2
14	51000001	1.18284	1.00741	2
14	52000001	0.964348	1.00741	2
14	53000001	1.0835	1.00741	2
14	54000001	1.08412	1.00741	2
14	55000001	1.10631	1.00741	2
14	56000001	1.20351	1.00741	2
14	57000001	1.00741	1.00741	2
14	58000001	1.27196	1.00741	2
14	59000001	0.824154	1.00741	2
14	60000001	2.02242	2.02242	4
14	61000001	0.918096	0.968928	2
14	62000001	1.12564	0.968928	2
14	63000001	1.12989	0.968928	2
14	64000001	1.19674	0.968928	2
14	65000001	0.77664	0.968928	2
14	66000001	0.999799	0.968928	2
14	67000001	1.11253	0.968928	2
14	68000001	0.888847	0.968928	2
14	69000001	1.01787	0.968928	2
14	70000001	1.13606	0.968928	2
14	71000001	1.23551	0.968928	2
14	72000001	0.789588	0.968928	2
14	73000001	0.92797	0.968928	2
14	74000001	1.11899	0.968928	2
14	75000001	0.968928	0.968928	2
14	76000001	0.954861	0.968928	2
14	77000001	0.97466	0.968928	2
14	78000001	1.11346	0.968928	2
14	79000001	0.673482	0.968928	2
14	80000001	0.978233	0.968928	2
14	81000001	0.991503	0.968928	2
14	82000001	0.809609	0.968928	2
14	83000001	0.8451	0.968928	2
14	84000001	1.38876	0.968928	2
14	85000001	0.791391	0.968928	2
14	86000001	0.888072	0.968928	2
14	87000001	1.23589	0.968928	2
14	88000001	0.937588	0.968928	2
14	89000001	0.751456	0.968928	2
14	90000001	0.834539	0.968928	2
14	91000001	0.845913	0.968928	2
14	92000001	1.13135	1.06365	2
14	93000001	1.21041	1.06365	2
14	94000001	1.16892	1.06365	2
14	95000001	0.9519	1.06365	2
14	96000001	1.06365	1.06365	2
14	97000001	0.933725	1.06365	2
14	98000001	0.975076	1.06365	2
14	99000001	0.871246	1.06365	2
14	100000001	0.960984	1.06365	2
14	101000001	1.24085	1.06365	2
14	102000001	0.922136	1.06365	2
14	103000001	1.0821	1.06365	2
14	104000001	0.838018	1.06365	2
14	105000001	1.15234	1.06365	2
14	106000001	1.39678	1.06365	2
14	107000001	-1	-1	2
15	1	-1	-1	3
15	1000001	-1	-1	3
15	2000001	-1	-1	3
15	3000001	-1	-1	3
15	4000001	-1	-1	3
15	5000001	-1	-1	3
15	6000001	-1	-1	3
15	7000001	-1	-1	3
15	8000001	-1	-1	3
15	9000001	-1	-1	3
15	10000001	-1	-1	3
15	11000001	-1	-1	3
15	12000001	-1	-1	3
15	13000001	-1	-1	3
15	14000001	-1	-1	3
15	15000001	-1	-1	3
15	16000001	-1	-1	3
15	17000001	1.61704	1.61704	3
15	18000001	1.15201	1.15201	2
15	19000001	0.926153	0.930175	2
15	20000001	0.948412	0.930175	2
15	21000001	0.930175	0.930175	2
15	22000001	0.824592	0.930175	2
15	23000001	1.1772	0.930175	2
15	24000001	0.733849	0.930175	2
15	25000001	1.23395	0.930175	2
15	26000001	0.808041	0.758646	2
15	27000001	0.758646	0.758646	2
15	28000001	0.71653	0.758646	2
15	29000001	1.03494	1.00179	2
15	30000001	1.0318	1.00179	2
15	31000001	1.17676	1.00179	2
15	32000001	1.0996	1.00179	2
15	33000001	0.828636	1.00179	2
15	34000001	1.21997	1.00179	2
15	35000001	0.897651	1.00179	2
15	36000001	0.971782	1.00179	2
15	37000001	0.966663	1.00179	2
15	38000001	0.771423	1.00179	2
15	39000001	1.10671	1.00179	2
15	40000001	0.787446	1.00179	2
15	41000001	1.28481	1.28481	3
15	42000001	1.26438	1.28481	3
15	43000001	1.49537	1.28481	3
15	44000001	1.10018	1.10018	2
15	45000001	1.05303	1.10018	2
15	46000001	0.876313	1.10018	2
15	47000001	1.16188	1.10018	2
15	48000001	1.21967	1.10018	2
15	49000001	0.864256	0.821696	2
15	50000001	0.924448	0.821696	2
15	51000001	0.779475	0.821696	2
15	52000001	0.74122	0.821696	2
15	53000001	0.805995	0.821696	2
15	54000001	1.07851	0.821696	2
15	55000001	1.11097	0.821696	2
15	56000001	0.610765	0.821696	2
15	57000001	0.837611	0.821696	2
15	58000001	0.821696	0.821696	2
15	59000001	0.818332	0.821696	2
15	60000001	1.17375	0.933217	2
15	61000001	0.986622	0.933217	2
15	62000001	0.982933	0.933217	2
15	63000001	0.81843	0.933217	2
15	64000001	1.17172	0.933217	2
15	65000001	0.765814	0.933217	2
15	66000001	0.954436	0.933217	2
15	67000001	0.788708	0.933217	2
15	68000001	0.914387	0.933217	2
15	69000001	1.29723	0.933217	2
15	70000001	0.942045	0.933217	2
15	71000001	0.904801	0.933217	2
15	72000001	0.933217	0.933217	2
15	73000001	1.08208	0.933217	2
15	74000001	0.863836	0.933217	2
15	75000001	0.865745	0.933217	2
15	76000001	0.874849	0.933217	2
15	77000001	1.14409	0.933217	2
15	78000001	0.771013	0.933217	2
15	79000001	1.295	1.20301	2
15	80000001	1.09376	1.20301	2
15	81000001	1.20301	1.20301	2
15	82000001	0.854833	0.854833	2
15	83000001	0.690747	0.854833	2
15	84000001	0.945426	0.854833	2
15	85000001	1.05309	1.05309	2
15	86000001	1.11829	1.05309	2
15	87000001	0.864538	1.05309	2
15	88000001	1.2693	1.05309	2
15	89000001	1.21412	1.05309	2
15	90000001	1.03307	1.05309	2
15	91000001	1.23085	1.05309	2
15	92000001	1.05674	1.05309	2
15	93000001	0.956774	1.05309	2
15	94000001	0.828472	1.05309	2
15	95000001	0.880641	1.05309	2
15	96000001	0.983525	1.05309	2
15	97000001	1.10752	1.05309	2
15	98000001	0.932133	1.05309	2
15	99000001	1.03671	1.05309	2
15	100000001	1.15799	1.05309	2
15	101000001	1.46072	1.05309	2
16	1	1.05109	1.05712	2
16	1000001	1.06314	1.05712	2
16	2000001	1.06468	1.05712	2
16	3000001	1.14623	1.05712	2
16	4000001	1.14659	1.05712	2
16	5000001	1.02742	1.05712	2
16	6000001	1.18641	1.05712	2
16	7000001	0.909017	1.05712	2
16	8000001	0.909143	1.05712	2
16	9000001	1.02866	1.05712	2
16	10000001	0.820217	1.05712	2
16	11000001	0.735867	1.05712	2
16	12000001	1.13964	1.05712	2
16	13000001	1.25466	1.05712	2
16	14000001	0.943631	1.05712	2
16	15000001	1.00979	1.05712	2
16	16000001	1.10982	1.05712	2
16	17000001	1.28684	1.05712	2
16	18000001	1.29528	1.05712	2
16	19000001	0.904856	1.05712	2
16	20000001	1.31753	1.05712	2
16	21000001	1.1279	1.05712	2
16	22000001	1.35338	1.05712	2
16	23000001	1.26087	1.05712	2
16	24000001	0.858825	1.05712	2
16	25000001	1.33211	1.05712	2
16	26000001	0.966902	1.05712	2
16	27000001	1.03956	1.05712	2
16	28000001	0.94567	1.05712	2
16	29000001	1.09637	1.05712	2
16	30000001	1.02097	1.05712	2
16	31000001	0.955206	1.05712	2
16	32000001	1.44002	1.44002	3
16	33000001	1.96557	1.44002	3
16	34000001	1.3993	1.44002	3
16	35000001	0.955598	1.03423	2
16	36000001	1.14413	1.03423	2
16	37000001	1.03423	1.03423	2
16	38000001	1.40296	1.40296	3
16	39000001	-1	-1	6
16	40000001	-1	-1	6
16	41000001	-1	-1	6
16	42000001	-1	-1	6
16	43000001	-1	-1	6
16	44000001	-1	-1	6
16	45000001	-1	-1	6
16	46000001	3.12069	3.12069	6
16	47000001	1.15782	1.01323	2
16	48000001	1.04065	1.01323	2
16	49000001	1.08035	1.01323	2
16	50000001	0.896442	1.01323	2
16	51000001	0.69353	1.01323	2
16	52000001	0.841834	1.01323	2
16	53000001	1.17974	1.01323	2
16	54000001	0.939244	1.01323	2
16	55000001	0.883827	1.01323	2
16	56000001	1.2062	1.01323	2
16	57000001	0.991618	1.01323	2
16	58000001	0.848418	1.01323	2
16	59000001	0.946071	1.01323	2
16	60000001	1.06494	1.01323	2
16	61000001	1.16277	1.01323	2
16	62000001	1.058	1.01323	2
16	63000001	0.738185	1.01323	2
16	64000001	0.983949	1.01323	2
16	65000001	0.794823	1.01323	2
16	66000001	0.756843	1.01323	2
16	67000001	1.02998	1.01323	2
16	68000001	1.23074	1.01323	2
16	69000001	1.21768	1.01323	2
16	70000001	1.03811	1.01323	2
16	71000001	1.04803	1.01323	2
16	72000001	0.8424	1.01323	2
16	73000001	0.939959	1.01323	2
16	74000001	1.25259	1.01323	2
16	75000001	1.00678	1.01323	2
16	76000001	0.768317	1.01323	2
16	77000001	0.971189	1.01323	2
16	78000001	1.01969	1.01323	2
16	79000001	1.15754	1.01323	2
16	80000001	0.824816	1.01323	2
16	81000001	1.08418	1.01323	2
16	82000001	0.921285	1.01323	2
16	83000001	0.934846	1.01323	2
16	84000001	1.11035	1.01323	2
16	85000001	0.953194	1.01323	2
16	86000001	1.23825	1.01323	2
16	87000001	1.045	1.01323	2
16	88000001	1.34202	1.01323	2
16	89000001	1.09681	1.01323	2
16	90000001	0.679001	1.01323	2
17	1	1.06374	1.05487	2
17	1000001	1.05442	1.05487	2
17	2000001	1.14987	1.05487	2
17	3000001	1.08119	1.05487	2
17	4000001	1.00776	1.05487	2
17	5000001	1.02855	1.05487	2
17	6000001	0.755599	1.05487	2
17	7000001	1.05199	1.05487	2
17	8000001	0.936726	1.05487	2
17	9000001	1.06386	1.05487	2
17	10000001	0.808584	1.05487	2
17	11000001	1.01207	1.05487	2
17	12000001	1.18331	1.05487	2
17	13000001	0.802719	1.05487	2
17	14000001	0.938634	1.05487	2
17	15000001	1.05532	1.05487	2
17	16000001	1.14004	1.05487	2
17	17000001	0.922919	1.05487	2
17	18000001	1.10289	1.05487	2
17	19000001	0.678427	1.05487	2
17	20000001	1.05581	1.05487	2
17	21000001	0.915946	1.05487	2
17	22000001	1.18688	1.05487	2
17	23000001	1.2655	1.05487	2
17	24000001	1.09769	1.05487	2
17	25000001	1.18106	1.05487	2
17	26000001	2.10199	2.10199	4
17	27000001	1.12541	1.08157	2
17	28000001	1.39574	1.08157	2
17	29000001	1.02406	1.08157	2
17	30000001	1.09586	1.08157	2
17	31000001	1.0602	1.08157	2
17	32000001	1.15939	1.08157	2
17	33000001	0.802838	1.08157	2
17	34000001	1.30288	1.08157	2
17	35000001	1.22289	1.08157	2
17	36000001	0.8449	1.08157	2
17	37000001	1.01825	1.08157	2
17	38000001	1.0569	1.08157	2
17	39000001	1.11216	1.08157	2
17	40000001	1.12112	1.08157	2
17	41000001	0.950199	1.08157	2
17	42000001	1.0171	1.08157	2
17	43000001	0.9068	1.08157	2
17	44000001	1.00518	1.08157	2
17	45000001	0.88616	1.08157	2
17	46000001	0.909356	1.08157	2
17	47000001	1.08157	1.08157	2
17	48000001	1.20568	1.08157	2
17	49000001	1.04871	1.08157	2
17	50000001	0.736898	1.08157	2
17	51000001	1.07022	1.08157	2
17	52000001	1.12538	1.08157	2
17	53000001	1.1841	1.08157	2
17	54000001	1.00429	1.08157	2
17	55000001	1.16417	1.08157	2
17	56000001	1.26025	1.08157	2
17	57000001	1.02787	1.08157	2
17	58000001	0.743653	1.08157	2
17	59000001	1.10781	1.08157	2
17	60000001	1.17101	1.08157	2
17	61000001	1.18187	1.08157	2
17	62000001	1.47563	1.08157	2
17	63000001	1.10854	1.08157	2
17	64000001	1.15452	1.08157	2
17	65000001	1.21372	1.08157	2
17	66000001	0.882578	1.08157	2
17	67000001	0.814841	1.08157	2
17	68000001	1.1765	1.08157	2
17	69000001	0.827419	1.08157	2
17	70000001	1.09716	1.08157	2
17	71000001	0.893836	1.08157	2
17	72000001	1.16249	1.08157	2
17	73000001	0.832375	1.08157	2
17	74000001	1.36071	1.1428	2
17	75000001	1.30407	1.1428	2
17	76000001	1.08459	1.1428	2
17	77000001	1.58925	1.1428	2
17	78000001	1.07179	1.1428	2
17	79000001	1.1428	1.1428	2
17	80000001	0.882445	1.1428	2
17	81000001	2.99605	2.99605	6
17	82000001	1.01783	1.19428	2
17	83000001	1.37072	1.19428	2
18	1	2.29116	2.29116	5
18	1000001	0.775401	0.776738	2
18	2000001	0.776738	0.776738	2
18	3000001	0.820829	0.776738	2
18	4000001	0.973056	1.03818	2
18	5000001	1.33698	1.03818	2
18	6000001	0.959351	1.03818	2
18	7000001	0.854099	1.03818	2
18	8000001	0.811576	1.03818	2
18	9000001	1.15246	1.03818	2
18	10000001	0.811399	1.03818	2
18	11000001	0.822064	1.03818	2
18	12000001	0.970301	1.03818	2
18	13000001	1.12241	1.03818	2
18	14000001	1.06658	1.03818	2
18	15000001	1.07716	1.03818	2
18	16000001	1.01973	1.03818	2
18	17000001	0.871484	1.03818	2
18	18000001	1.02476	1.03818	2
18	19000001	1.08292	1.03818	2
18	20000001	1.14715	1.03818	2
18	21000001	0.835395	1.03818	2
18	22000001	1.02891	1.03818	2
18	23000001	0.978386	1.03818	2
18	24000001	0.866656	1.03818	2
18	25000001	0.84176	1.03818	2
18	26000001	1.46933	1.03818	2
18	27000001	0.808491	1.03818	2
18	28000001	0.830261	1.03818	2
18	29000001	1.13183	1.03818	2
18	30000001	1.27298	1.03818	2
18	31000001	1.1017	1.03818	2
18	32000001	0.986861	1.03818	2
18	33000001	1.22696	1.03818	2
18	34000001	1.07941	1.03818	2
18	35000001	1.23573	1.03818	2
18	36000001	0.960929	1.03818	2
18	37000001	1.11584	1.03818	2
18	38000001	1.46442	1.03818	2
18	39000001	0.920948	1.03818	2
18	40000001	0.825364	1.03818	2
18	41000001	1.47231	1.03818	2
18	42000001	1.03818	1.03818	2
18	43000001	1.07015	1.03818	2
18	44000001	1.18101	1.03818	2
18	45000001	1.11058	1.03818	2
18	46000001	0.644884	1.03818	2
18	47000001	1.19197	1.03818	2
18	48000001	1.1974	1.03818	2
18	49000001	1.22527	1.03818	2
18	50000001	1.12819	1.03818	2
18	51000001	0.654878	1.03818	2
18	52000001	0.960101	1.03818	2
18	53000001	1.18714	1.03818	2
18	54000001	0.93457	1.03818	2
18	55000001	0.616858	1.03818	2
18	56000001	1.18857	1.03818	2
18	57000001	0.910359	1.03818	2
18	58000001	0.769162	1.03818	2
18	59000001	1.29955	1.03818	2
18	60000001	0.873768	1.03818	2
18	61000001	1.646	1.03818	2
18	62000001	0.841009	1.03818	2
18	63000001	0.974132	1.03818	2
18	64000001	1.18131	1.03818	2
18	65000001	1.21738	1.03818	2
18	66000001	0.880534	1.03818	2
18	67000001	0.853748	1.03818	2
18	68000001	1.11002	1.03818	2
18	69000001	1.03313	1.03818	2
18	70000001	0.932382	1.03818	2
18	71000001	1.13974	1.03818	2
18	72000001	0.770866	1.03818	2
18	73000001	1.05943	1.03818	2
18	74000001	1.0633	1.03818	2
18	75000001	0.83611	1.03818	2
18	76000001	1.04939	1.03818	2
18	77000001	1.35428	1.03818	2
18	78000001	1.06029	1.03818	2
18	79000001	1.25682	1.03818	2
18	80000001	0.905987	1.03818	2
19	1	0.917654	0.973706	2
19	1000001	1.0672	0.973706	2
19	2000001	1.06687	0.973706	2
19	3000001	0.772201	0.973706	2
19	4000001	0.880773	0.973706	2
19	5000001	1.0446	0.973706	2
19	6000001	0.973706	0.973706	2
19	7000001	1.32702	1.08924	2
19	8000001	1.08924	1.08924	2
19	9000001	0.884315	1.08924	2
19	10000001	1.30136	1.08924	2
19	11000001	1.08322	1.08924	2
19	12000001	0.845418	0.900708	2
19	13000001	0.926401	0.900708	2
19	14000001	0.884767	0.900708	2
19	15000001	0.839473	0.900708	2
19	16000001	0.916649	0.900708	2
19	17000001	0.983194	0.900708	2
19	18000001	1.05417	1.05417	2
19	19000001	1.12483	1.05417	2
19	20000001	0.792377	1.05417	2
19	21000001	1.29507	1.19909	2
19	22000001	1.1031	1.19909	2
19	23000001	1.0325	1.19909	2
19	24000001	1.08205	1.19909	2
19	25000001	1.34829	1.19909	2
19	26000001	1.44757	1.19909	2
19	27000001	1.08858	1.02181	2
19	28000001	1.02377	1.02181	2
19	29000001	0.849727	1.02181	2
19	30000001	0.909004	1.02181	2
19	31000001	0.894256	1.02181	2
19	32000001	0.927986	1.02181	2
19	33000001	1.06837	1.02181	2
19	34000001	1.13886	1.02181	2
19	35000001	1.03974	1.02181	2
19	36000001	0.901233	1.02181	2
19	37000001	0.997357	1.02181	2
19	38000001	0.778491	1.02181	2
19	39000001	1.06975	1.02181	2
19	40000001	0.967397	1.02181	2
19	41000001	1.14695	1.02181	2
19	42000001	1.1169	1.02181	2
19	43000001	0.839261	1.02181	2
19	44000001	1.04182	1.02181	2
19	45000001	1.01984	1.02181	2
19	46000001	1.00897	1.02181	2
19	47000001	0.899281	1.02181	2
19	48000001	1.05854	1.02181	2
19	49000001	1.08457	1.02181	2
19	50000001	0.971656	1.02181	2
19	51000001	1.05991	1.02181	2
19	52000001	1.21665	1.02181	2
19	53000001	0.976662	0.936502	2
19	54000001	0.726267	0.936502	2
19	55000001	0.896342	0.936502	2
19	56000001	0.988391	0.936502	2
19	57000001	1.03242	0.936502	2
19	58000001	0.644018	0.936502	2
2	1	1.3635	1.38249	3
2	1000001	1.40149	1.38249	3
2	2000001	0.794354	0.980678	2
2	3000001	0.954974	0.980678	2
2	4000001	1.05519	0.980678	2
2	5000001	1.18348	0.980678	2
2	6000001	0.780859	0.980678	2
2	7000001	0.970516	0.980678	2
2	8000001	1.11056	0.980678	2
2	9000001	0.941135	0.980678	2
2	10000001	1.10649	0.980678	2
2	11000001	1.13817	0.980678	2
2	12000001	0.521726	0.980678	2
2	13000001	1.06446	0.980678	2
2	14000001	1.15102	0.980678	2
2	15000001	1.29722	0.980678	2
2	16000001	1.03125	0.980678	2
2	17000001	1.17501	0.980678	2
2	18000001	0.69353	0.980678	2
2	19000001	1.0055	0.980678	2
2	20000001	1.05157	0.980678	2
2	21000001	0.867211	0.980678	2
2	22000001	0.829909	0.980678	2
2	23000001	0.980678	0.980678	2
2	24000001	0.909805	0.980678	2
2	25000001	0.98334	0.980678	2
2	26000001	0.929214	0.980678	2
2	27000001	1.06734	0.980678	2
2	28000001	1.04248	0.980678	2
2	29000001	1.08103	0.980678	2
2	30000001	0.778733	0.980678	2
2	31000001	0.956259	0.980678	2
2	32000001	0.942689	0.980678	2
2	33000001	0.984752	0.980678	2
2	34000001	0.685054	0.980678	2
2	35000001	0.996489	0.980678	2
2	36000001	1.4766	0.980678	2
2	37000001	0.701339	0.980678	2
2	38000001	0.803217	0.980678	2
2	39000001	0.878717	0.980678	2
2	40000001	1.10812	0.980678	2
2	41000001	1.20885	0.980678	2
2	42000001	1.21045	0.980678	2
2	43000001	0.958928	0.980678	2
2	44000001	0.88757	0.980678	2
2	45000001	0.836515	0.980678	2
2	46000001	0.918441	0.980678	2
2	47000001	1.03735	0.980678	2
2	48000001	1.02492	0.980678	2
2	49000001	0.980202	0.980678	2
2	50000001	0.74356	0.980678	2
2	51000001	1.19037	0.980678	2
2	52000001	0.658123	0.980678	2
2	53000001	1.401	1.23748	2
2	54000001	1.23748	1.23748	2
2	55000001	0.917789	1.23748	2
2	56000001	0.984709	1.23748	2
2	57000001	1.55885	1.23748	2
2	58000001	1.04926	0.990685	2
2	59000001	0.843773	0.990685	2
2	60000001	0.941005	0.990685	2
2	61000001	1.02558	0.990685	2
2	62000001	0.924739	0.990685	2
2	63000001	1.06835	0.990685	2
2	64000001	0.807565	0.990685	2
2	65000001	0.990685	0.990685	2
2	66000001	0.941513	0.990685	2
2	67000001	1.19913	0.990685	2
2	68000001	1.121	0.990685	2
2	69000001	1.23063	0.990685	2
2	70000001	0.943945	0.990685	2
2	71000001	1.11011	0.990685	2
2	72000001	0.929883	0.990685	2
2	73000001	0.913888	0.990685	2
2	74000001	1.25264	0.990685	2
2	75000001	0.919898	0.990685	2
2	76000001	0.773198	0.990685	2
2	77000001	0.89084	0.990685	2
2	78000001	1.00694	0.990685	2
2	79000001	1.06081	0.990685	2
2	80000001	1.13494	0.990685	2
2	81000001	0.829601	0.990685	2
2	82000001	1.01925	0.990685	2
2	83000001	1.92578	1.92578	4
2	84000001	0.816465	1.04321	2
2	85000001	1.34234	1.04321	2
2	86000001	0.99328	1.04321	2
2	87000001	1.36168	1.04321	2
2	88000001	1.10463	1.04321	2
2	89000001	1.06713	1.04321	2
2	90000001	1.20231	1.04321	2
2	91000001	1.04446	1.04321	2
2	92000001	0.92588	1.04321	2
2	93000001	0.992901	1.04321	2
2	94000001	0.87148	1.04321	2
2	95000001	0.84653	1.04321	2
2	96000001	0.899522	1.04321	2
2	97000001	1.40394	1.04321	2
2	98000001	1.09932	1.04321	2
2	99000001	1.47404	1.04321	2
2	100000001	1.04196	1.04321	2
2	101000001	1.01895	1.04321	2
2	102000001	0.980566	1.04321	2
2	103000001	1.07781	1.04321	2
2	104000001	0.964735	1.04321	2
2	105000001	0.941432	1.04321	2
2	106000001	1.2876	1.04321	2
2	107000001	1.44565	1.04321	2
2	108000001	0.860757	0.8234	2
2	109000001	0.805187	0.8234	2
2	110000001	0.672897	0.8234	2
2	111000001	0.8234	0.8234	2
2	112000001	0.61396	0.8234	2
2	113000001	0.89988	0.8234	2
2	114000001	0.905314	0.8234	2
2	115000001	1.30579	1.19891	2
2	116000001	0.904223	1.19891	2
2	117000001	0.988168	1.19891	2
2	118000001	1.32761	1.19891	2
2	119000001	1.21037	1.19891	2
2	120000001	0.953053	1.19891	2
2	121000001	1.18746	1.19891	2
2	122000001	1.29654	1.19891	2
2	123000001	0.983032	1.19891	2
2	124000001	1.60469	1.19891	2
2	125000001	0.953388	0.988306	2
2	126000001	0.94692	0.988306	2
2	127000001	0.98786	0.988306	2
2	128000001	0.760372	0.988306	2
2	129000001	1.15872	0.988306	2
2	130000001	0.878744	0.988306	2
2	131000001	0.904828	0.988306	2
2	132000001	1.11504	0.988306	2
2	133000001	1.08412	0.988306	2
2	134000001	1.02245	0.988306	2
2	135000001	0.86157	0.988306	2
2	136000001	0.927482	0.988306	2
2	137000001	0.975971	0.988306	2
2	138000001	1.0625	0.988306	2
2	139000001	1.44259	0.988306	2
2	140000001	1.09841	0.988306	2
2	141000001	1.08692	0.988306	2
2	142000001	1.18121	0.988306	2
2	143000001	1.18427	0.988306	2
2	144000001	0.775775	0.988306	2
2	145000001	1.13995	0.988306	2
2	146000001	0.918676	0.988306	2
2	147000001	1.00615	0.988306	2
2	148000001	0.801983	0.988306	2
2	149000001	0.980335	0.988306	2
2	150000001	1.03434	0.988306	2
2	151000001	1.18775	0.988306	2
2	152000001	1.19359	0.988306	2
2	153000001	1.24297	0.988306	2
2	154000001	0.984939	0.988306	2
2	155000001	0.854167	0.988306	2
2	156000001	0.977663	0.988306	2
2	157000001	0.809616	0.988306	2
2	158000001	0.981435	0.988306	2
2	159000001	0.896162	0.988306	2
2	160000001	0.750731	0.988306	2
2	161000001	0.963391	0.988306	2
2	162000001	1.01847	0.988306	2
2	163000001	1.16988	0.988306	2
2	164000001	1.09428	0.988306	2
2	165000001	0.988753	0.988306	2
2	166000001	1.11563	0.988306	2
2	167000001	0.934523	0.988306	2
2	168000001	0.737215	0.988306	2
2	169000001	1.43339	0.988306	2
2	170000001	1.0647	0.988306	2
2	171000001	1.01266	0.988306	2
2	172000001	0.850701	0.988306	2
2	173000001	0.76313	0.988306	2
2	174000001	1.03515	0.988306	2
2	175000001	1.11329	0.988306	2
2	176000001	0.986151	0.988306	2
2	177000001	0.957569	0.988306	2
2	178000001	1.2292	0.988306	2
2	179000001	1.238	0.988306	2
2	180000001	0.858202	0.988306	2
2	181000001	0.821339	0.988306	2
2	182000001	1.11275	0.988306	2
2	183000001	0.777038	0.988306	2
2	184000001	0.953443	0.988306	2
2	185000001	0.978759	0.988306	2
2	186000001	1.14139	0.988306	2
2	187000001	1.16835	0.988306	2
2	188000001	1.18178	0.988306	2
2	189000001	0.933662	0.908815	2
2	190000001	0.692169	0.908815	2
2	191000001	0.746084	0.908815	2
2	192000001	0.908815	0.908815	2
2	193000001	1.0651	0.908815	2
2	194000001	1.96906	1.96906	4
2	195000001	1.12462	1.07296	2
2	196000001	1.07296	1.07296	2
2	197000001	1.45378	1.07296	2
2	198000001	1.13555	1.07296	2
2	199000001	0.943404	1.07296	2
2	200000001	0.837817	1.07296	2
2	201000001	0.945771	1.07296	2
2	202000001	0.919232	1.07296	2
2	203000001	1.18448	1.07296	2
2	204000001	1.00499	1.07296	2
2	205000001	1.01083	1.07296	2
2	206000001	1.24711	1.07296	2
2	207000001	1.1867	1.07296	2
2	208000001	1.31757	1.07296	2
2	209000001	1.05833	1.07296	2
2	210000001	0.929525	0.879344	2
2	211000001	0.820771	0.879344	2
2	212000001	0.879344	0.879344	2
2	213000001	0.855154	0.879344	2
2	214000001	0.950367	0.879344	2
2	215000001	0.555138	0.879344	2
2	216000001	1.14087	0.879344	2
2	217000001	0.804432	0.879344	2
2	218000001	0.995891	0.879344	2
2	219000001	0.8699	0.879344	2
2	220000001	1.05324	0.879344	2
2	221000001	0.969623	0.879344	2
2	222000001	0.733071	0.879344	2
2	223000001	0.780738	0.879344	2
2	224000001	0.961587	0.879344	2
2	225000001	1.45495	1.08058	2
2	226000001	1.05989	1.08058	2
2	227000001	0.888653	1.08058	2
2	228000001	0.818223	1.08058	2
2	229000001	1.28314	1.08058	2
2	230000001	1.0667	1.08058	2
2	231000001	1.10546	1.08058	2
2	232000001	0.822724	1.08058	2
2	233000001	1.18226	1.08058	2
2	234000001	0.905253	1.08058	2
2	235000001	1.3121	1.08058	2
2	236000001	1.19282	1.08058	2
2	237000001	1.09447	1.08058	2
2	238000001	1.62067	1.08058	2
2	239000001	0.924126	1.08058	2
2	240000001	1.44623	1.08058	2
2	241000001	1.00507	1.08058	2
2	242000001	1.02218	1.08058	2
20	1	3.34872	3.34872	7
20	1000001	1.13867	1.0164	2
20	2000001	0.925752	1.0164	2
20	3000001	1.47971	1.0164	2
20	4000001	0.597008	1.0164	2
20	5000001	0.843187	1.0164	2
20	6000001	1.00437	1.0164	2
20	7000001	0.846969	1.0164	2
20	8000001	1.121	1.0164	2
20	9000001	0.796939	1.0164	2
20	10000001	1.25858	1.0164	2
20	11000001	1.18713	1.0164	2
20	12000001	1.09859	1.0164	2
20	13000001	0.905256	1.0164	2
20	14000001	0.799691	1.0164	2
20	15000001	1.06064	1.0164	2
20	16000001	1.01083	1.0164	2
20	17000001	1.41	1.0164	2
20	18000001	1.147	1.0164	2
20	19000001	1.08329	1.0164	2
20	20000001	1.05587	1.0164	2
20	21000001	1.02835	1.0164	2
20	22000001	0.772482	1.0164	2
20	23000001	0.859016	1.0164	2
20	24000001	0.755352	1.0164	2
20	25000001	0.919447	1.0164	2
20	26000001	1.33673	1.0164	2
20	27000001	1.56057	1.0164	2
20	28000001	1.14566	1.0164	2
20	29000001	1.04978	1.0164	2
20	30000001	1.36536	1.0164	2
20	31000001	1.00526	1.0164	2
20	32000001	1.1868	1.0164	2
20	33000001	1.08291	1.0164	2
20	34000001	0.941518	1.0164	2
20	35000001	1.22804	1.0164	2
20	36000001	1.01489	1.0164	2
20	37000001	0.811736	1.0164	2
20	38000001	0.839591	1.0164	2
20	39000001	1.14897	1.0164	2
20	40000001	0.92599	1.0164	2
20	41000001	0.910171	1.0164	2
20	42000001	1.04437	1.0164	2
20	43000001	0.901098	1.0164	2
20	44000001	0.883014	1.0164	2
20	45000001	0.736035	1.0164	2
20	46000001	0.958391	1.0164	2
20	47000001	1.13209	1.0164	2
20	48000001	1.07879	1.0164	2
20	49000001	0.953993	1.0164	2
20	50000001	1.0179	1.0164	2
20	51000001	1.50892	1.07211	2
20	52000001	0.842016	1.07211	2
20	53000001	0.976828	1.07211	2
20	54000001	1.29357	1.07211	2
20	55000001	1.18985	1.07211	2
20	56000001	1.05868	1.07211	2
20	57000001	0.842819	1.07211	2
20	58000001	0.936178	1.07211	2
20	59000001	1.08554	1.07211	2
20	60000001	0.826351	1.07211	2
20	61000001	1.14045	1.07211	2
20	62000001	1.00699	1.07211	2
20	63000001	1.76129	1.07211	2
20	64000001	1.55428	1.07211	2
21	1	-1	-1	3
21	1000001	-1	-1	3
21	2000001	-1	-1	3
21	3000001	-1	-1	3
21	4000001	-1	-1	3
21	5000001	2.21494	1.69246	3
21	6000001	1.16999	1.69246	3
21	7000001	2.80877	2.80877	6
21	8000001	1.79217	1.79217	4
21	9000001	1.41012	1.79217	4
21	10000001	2.31877	1.79217	4
21	11000001	1.08396	1.08396	2
21	12000001	0.783396	1.08396	2
21	13000001	0.986147	1.08396	2
21	14000001	0.873825	1.08396	2
21	15000001	1.15505	1.08396	2
21	16000001	1.31272	1.08396	2
21	17000001	1.2659	1.08396	2
21	18000001	1.2641	1.08396	2
21	19000001	1.02274	1.08396	2
21	20000001	0.745166	0.947089	2
21	21000001	0.9557	0.947089	2
21	22000001	0.728645	0.947089	2
21	23000001	0.762507	0.947089	2
21	24000001	1.0409	0.947089	2
21	25000001	1.29733	0.947089	2
21	26000001	0.95053	0.947089	2
21	27000001	1.01229	0.947089	2
21	28000001	0.822138	0.947089	2
21	29000001	0.744382	0.947089	2
21	30000001	0.863335	0.947089	2
21	31000001	1.02051	0.947089	2
21	32000001	0.751126	0.947089	2
21	33000001	1.03005	0.947089	2
21	34000001	0.762401	0.947089	2
21	35000001	1.0687	0.947089	2
21	36000001	0.947089	0.947089	2
21	37000001	0.848395	0.947089	2
21	38000001	0.904801	0.947089	2
21	39000001	0.902203	0.947089	2
21	40000001	1.4871	0.947089	2
21	41000001	0.958535	0.947089	2
21	42000001	1.23021	0.947089	2
21	43000001	1.09799	0.947089	2
21	44000001	0.926307	0.947089	2
21	45000001	1.11746	0.947089	2
21	46000001	0.810997	0.947089	2
22	1	-1	-1	2
22	1000001	-1	-1	2
22	2000001	-1	-1	2
22	3000001	-1	-1	2
22	4000001	-1	-1	2
22	5000001	-1	-1	2
22	6000001	-1	-1	2
22	7000001	-1	-1	2
22	8000001	-1	-1	2
22	9000001	-1	-1	2
22	10000001	1.05075	1.13933	2
22	11000001	1.22791	1.13933	2
22	12000001	1.70741	1.70741	3
22	13000001	1.13807	1.15311	2
22	14000001	0.749698	1.15311	2
22	15000001	1.16815	1.15311	2
22	16000001	1.35846	1.15311	2
22	17000001	0.852753	0.984153	2
22	18000001	1.09654	0.984153	2
22	19000001	0.929366	0.984153	2
22	20000001	1.09603	0.984153	2
22	21000001	0.949366	0.984153	2
22	22000001	1.14539	0.984153	2
22	23000001	0.958355	0.984153	2
22	24000001	1.06216	0.984153	2
22	25000001	0.97819	0.984153	2
22	26000001	1.20914	0.984153	2
22	27000001	0.928384	0.984153	2
22	28000001	0.751456	0.984153	2
22	29000001	1.095	0.984153	2
22	30000001	1.16871	0.984153	2
22	31000001	0.943682	0.984153	2
22	32000001	0.999738	0.984153	2
22	33000001	0.990115	0.984153	2
22	34000001	0.908427	0.984153	2
22	35000001	1.19206	0.984153	2
22	36000001	1.11946	0.984153	2
22	37000001	0.971405	0.984153	2
22	38000001	0.903207	0.984153	2
22	39000001	0.893847	0.984153	2
22	40000001	1.29733	0.984153	2
22	41000001	0.902566	0.984153	2
22	42000001	1.05527	0.984153	2
22	43000001	0.642026	0.984153	2
22	44000001	1.06295	0.984153	2
22	45000001	0.943765	0.984153	2
22	46000001	1.27988	0.984153	2
22	47000001	0.867652	0.984153	2
22	48000001	1.21484	0.984153	2
22	49000001	0.827999	0.984153	2
22	50000001	1.02547	0.984153	2
3	1	0.980445	0.975128	2
3	1000001	0.969812	0.975128	2
3	2000001	0.987339	0.975128	2
3	3000001	1.04744	0.975128	2
3	4000001	0.964446	0.975128	2
3	5000001	0.958667	0.975128	2
3	6000001	1.90358	1.90358	4
3	7000001	1.30352	1.0154	2
3	8000001	0.840621	1.0154	2
3	9000001	0.869702	1.0154	2
3	10000001	1.17234	1.0154	2
3	11000001	0.923797	1.0154	2
3	12000001	0.965989	1.0154	2
3	13000001	1.27648	1.0154	2
3	14000001	0.892991	1.0154	2
3	15000001	1.16573	1.0154	2
3	16000001	0.960126	1.0154	2
3	17000001	1.22963	1.0154	2
3	18000001	1.08343	1.0154	2
3	19000001	0.817705	1.0154	2
3	20000001	1.01219	1.0154	2
3	21000001	1.01861	1.0154	2
3	22000001	1.07745	1.0154	2
3	23000001	1.50169	1.50169	3
3	24000001	0.914559	1.50169	3
3	25000001	1.72922	1.50169	3
3	26000001	0.763598	0.951328	2
3	27000001	0.985985	0.951328	2
3	28000001	0.913304	0.951328	2
3	29000001	0.926523	0.951328	2
3	30000001	0.617152	0.951328	2
3	31000001	0.931811	0.951328	2
3	32000001	1.00407	0.951328	2
3	33000001	1.08508	0.951328	2
3	34000001	0.959361	0.951328	2
3	35000001	1.04956	0.951328	2
3	36000001	1.14363	0.951328	2
3	37000001	1.03613	0.951328	2
3	38000001	0.659138	0.951328	2
3	39000001	1.00423	0.951328	2
3	40000001	0.979441	0.951328	2
3	41000001	1.16009	0.951328	2
3	42000001	1.04627	0.951328	2
3	43000001	0.913466	0.951328	2
3	44000001	0.769326	0.951328	2
3	45000001	0.966801	0.951328	2
3	46000001	0.936862	0.951328	2
3	47000001	0.907643	0.951328	2
3	48000001	0.697151	0.951328	2
3	49000001	0.952358	0.951328	2
3	50000001	0.847977	0.951328	2
3	51000001	0.920151	0.951328	2
3	52000001	1.1669	0.951328	2
3	53000001	0.815905	0.951328	2
3	54000001	0.911713	0.951328	2
3	55000001	0.669713	0.951328	2
3	56000001	1.11391	0.951328	2
3	57000001	1.01886	0.951328	2
3	58000001	0.839698	0.951328	2
3	59000001	0.795617	0.951328	2
3	60000001	1.13192	0.951328	2
3	61000001	1.0846	0.951328	2
3	62000001	0.870713	0.951328	2
3	63000001	1.11871	0.951328	2
3	64000001	0.885853	0.951328	2
3	65000001	1.01158	0.951328	2
3	66000001	0.969115	0.951328	2
3	67000001	0.930592	0.951328	2
3	68000001	0.819723	0.951328	2
3	69000001	0.704706	0.951328	2
3	70000001	0.644051	0.951328	2
3	71000001	0.922469	0.951328	2
3	72000001	1.19462	0.951328	2
3	73000001	0.787375	0.951328	2
3	74000001	0.894967	0.951328	2
3	75000001	1.13546	0.951328	2
3	76000001	0.868654	0.951328	2
3	77000001	0.879428	0.951328	2
3	78000001	1.06493	0.951328	2
3	79000001	0.891851	0.951328	2
3	80000001	1.46721	0.951328	2
3	81000001	1.08287	0.951328	2
3	82000001	1.06805	0.951328	2
3	83000001	0.985132	0.951328	2
3	84000001	0.840812	0.951328	2
3	85000001	0.94708	0.951328	2
3	86000001	1.05326	0.951328	2
3	87000001	0.834612	0.951328	2
3	88000001	0.691476	0.951328	2
3	89000001	1.16436	0.951328	2
3	90000001	0.918044	0.951328	2
3	91000001	1.22634	0.951328	2
3	92000001	1.04753	0.951328	2
3	93000001	1.00931	0.951328	2
3	94000001	1.09477	0.951328	2
3	95000001	0.951328	0.951328	2
3	96000001	0.977665	0.951328	2
3	97000001	1.19835	0.951328	2
3	98000001	0.698855	0.951328	2
3	99000001	1.43612	1.42899	3
3	100000001	1.42899	1.42899	3
3	101000001	1.30407	1.42899	3
3	102000001	0.915323	0.804617	2
3	103000001	0.812878	0.804617	2
3	104000001	0.704445	0.804617	2
3	105000001	0.796357	0.804617	2
3	106000001	0.940663	1.0116	2
3	107000001	1.22232	1.0116	2
3	108000001	0.808984	1.0116	2
3	109000001	1.07639	1.0116	2
3	110000001	1.09247	1.0116	2
3	111000001	1.1022	1.0116	2
3	112000001	1.1263	1.0116	2
3	113000001	0.951245	1.0116	2
3	114000001	0.795362	1.0116	2
3	115000001	1.08641	1.0116	2
3	116000001	0.894691	1.0116	2
3	117000001	0.882686	1.0116	2
3	118000001	1.14167	1.0116	2
3	119000001	0.826797	1.0116	2
3	120000001	1.07841	1.0116	2
3	121000001	0.720135	1.0116	2
3	122000001	0.936543	1.0116	2
3	123000001	0.99043	1.0116	2
3	124000001	0.964103	1.0116	2
3	125000001	1.36574	1.0116	2
3	126000001	0.839515	1.0116	2
3	127000001	1.02459	1.0116	2
3	128000001	0.919165	1.0116	2
3	129000001	1.42266	1.0116	2
3	130000001	0.784462	1.0116	2
3	131000001	0.744016	1.0116	2
3	132000001	1.16042	1.0116	2
3	133000001	0.840116	1.0116	2
3	134000001	1.07461	1.0116	2
3	135000001	1.21597	1.0116	2
3	136000001	1.06516	1.0116	2
3	137000001	0.903466	1.0116	2
3	138000001	1.04131	1.0116	2
3	139000001	0.938406	1.0116	2
3	140000001	0.912639	1.0116	2
3	141000001	1.0278	1.0116	2
3	142000001	0.843349	1.0116	2
3	143000001	1.38452	1.0116	2
3	144000001	1.2616	1.0116	2
3	145000001	0.937654	1.0116	2
3	146000001	0.860481	1.0116	2
3	147000001	0.817896	1.0116	2
3	148000001	0.903124	1.0116	2
3	149000001	0.902932	1.0116	2
3	150000001	1.31166	1.0116	2
3	151000001	1.0116	1.0116	2
3	152000001	1.16644	1.0116	2
3	153000001	1.11406	1.0116	2
3	154000001	1.06476	1.0116	2
3	155000001	1.31484	1.0116	2
3	156000001	0.912247	1.0116	2
3	157000001	1.17588	1.0116	2
3	158000001	0.868046	1.0116	2
3	159000001	1.43824	1.0116	2
3	160000001	1.0492	1.0116	2
3	161000001	1.09035	1.0116	2
3	162000001	0.821501	1.0116	2
3	163000001	1.18278	1.0116	2
3	164000001	0.896173	1.0116	2
3	165000001	1.05317	1.0116	2
3	166000001	0.984841	1.0116	2
3	167000001	1.00776	1.0116	2
3	168000001	0.931949	1.0116	2
3	169000001	1.10919	1.0116	2
3	170000001	1.31897	1.0116	2
3	171000001	0.960037	1.0116	2
3	172000001	1.40463	1.0116	2
3	173000001	0.871008	1.0116	2
3	174000001	0.803451	1.0116	2
3	175000001	0.7398	1.0116	2
3	176000001	0.845205	1.0116	2
3	177000001	1.11064	1.0116	2
3	178000001	0.716938	1.0116	2
3	179000001	0.715197	1.0116	2
3	180000001	1.01618	1.0116	2
3	181000001	1.30541	1.0116	2
3	182000001	0.943704	1.0116	2
3	183000001	1.03525	1.0116	2
3	184000001	0.74893	1.0116	2
3	185000001	1.11605	1.0116	2
3	186000001	1.24925	1.0116	2
3	187000001	1.10551	1.0116	2
3	188000001	1.35773	1.0116	2
3	189000001	0.805683	1.0116	2
3	190000001	1.08635	1.0116	2
3	191000001	1.11786	1.0116	2
3	192000001	1.36314	1.0116	2
3	193000001	0.831547	1.0116	2
3	194000001	0.888868	1.0116	2
3	195000001	0.886402	1.0116	2
3	196000001	1.0593	1.0116	2
3	197000001	1.39075	1.38377	3
3	198000001	1.3768	1.38377	3
4	1	0.894648	0.963035	2
4	1000001	0.929253	0.963035	2
4	2000001	0.945073	0.963035	2
4	3000001	1.24209	0.963035	2
4	4000001	1.06635	0.963035	2
4	5000001	0.983932	0.963035	2
4	6000001	0.920235	0.963035	2
4	7000001	0.937078	0.963035	2
4	8000001	0.833806	0.963035	2
4	9000001	0.807437	0.963035	2
4	10000001	1.00772	0.963035	2
4	11000001	1.00704	0.963035	2
4	12000001	0.851812	0.963035	2
4	13000001	1.28924	0.963035	2
4	14000001	1.04464	0.963035	2
4	15000001	0.926798	0.963035	2
4	16000001	1.51532	0.963035	2
4	17000001	0.992571	0.963035	2
4	18000001	1.15716	0.963035	2
4	19000001	0.984456	0.963035	2
4	20000001	1.04032	0.963035	2
4	21000001	1.10905	0.963035	2
4	22000001	0.865846	0.963035	2
4	23000001	1.02264	0.963035	2
4	24000001	0.797544	0.963035	2
4	25000001	0.883726	0.963035	2
4	26000001	0.963035	0.963035	2
4	27000001	0.882008	0.963035	2
4	28000001	1.09207	0.963035	2
4	29000001	0.798244	0.963035	2
4	30000001	0.900073	0.963035	2
4	31000001	0.833112	0.963035	2
4	32000001	0.980847	0.963035	2
4	33000001	1.0606	0.963035	2
4	34000001	1.01362	0.963035	2
4	35000001	0.878484	0.963035	2
4	36000001	1.12647	0.963035	2
4	37000001	0.866153	0.963035	2
4	38000001	0.751396	0.963035	2
4	39000001	2.27195	2.27195	5
4	40000001	0.924018	0.924018	2
4	41000001	1.3367	0.924018	2
4	42000001	0.906606	0.924018	2
4	43000001	1.76281	1.76281	4
4	44000001	0.948952	0.948952	2
4	45000001	1.05437	0.948952	2
4	46000001	0.862253	0.948952	2
4	47000001	0.778596	0.948952	2
4	48000001	1.06078	0.948952	2
4	49000001	1.15958	1.19541	2
4	50000001	1.41591	1.19541	2
4	51000001	1.36864	1.19541	2
4	52000001	1.19541	1.19541	2
4	53000001	1.19268	1.19541	2
4	54000001	0.96806	0.988703	2
4	55000001	0.993279	0.988703	2
4	56000001	1.08478	0.988703	2
4	57000001	0.950842	0.988703	2
4	58000001	0.895447	0.988703	2
4	59000001	0.973271	0.988703	2
4	60000001	1.03414	0.988703	2
4	61000001	0.863549	0.988703	2
4	62000001	1.02168	0.988703	2
4	63000001	0.981604	0.988703	2
4	64000001	0.984126	0.988703	2
4	65000001	1.12345	0.988703	2
4	66000001	1.22994	0.988703	2
4	67000001	0.898939	0.988703	2
4	68000001	1.0219	0.988703	2
4	69000001	1.15921	0.988703	2
4	70000001	2.04822	2.04822	4
4	71000001	0.901828	0.978076	2
4	72000001	1.31639	0.978076	2
4	73000001	0.897894	0.978076	2
4	74000001	1.07788	0.978076	2
4	75000001	1.20526	0.978076	2
4	76000001	0.941139	0.978076	2
4	77000001	0.845992	0.978076	2
4	78000001	0.765001	0.978076	2
4	79000001	0.776912	0.978076	2
4	80000001	0.937457	0.978076	2
4	81000001	0.953679	0.978076	2
4	82000001	1.22588	0.978076	2
4	83000001	0.98473	0.978076	2
4	84000001	1.06222	0.978076	2
4	85000001	0.971421	0.978076	2
4	86000001	0.899205	0.978076	2
4	87000001	1.34385	0.978076	2
4	88000001	1.15206	0.978076	2
4	89000001	1.09218	0.978076	2
4	90000001	1.11596	0.978076	2
4	91000001	0.953067	0.978076	2
4	92000001	0.70745	0.978076	2
4	93000001	1.025	0.978076	2
4	94000001	0.82216	0.978076	2
4	95000001	0.780807	0.978076	2
4	96000001	1.12437	0.978076	2
4	97000001	1.25491	0.978076	2
4	98000001	0.860283	0.978076	2
4	99000001	1.21399	0.978076	2
4	100000001	1.05013	0.978076	2
4	101000001	0.922116	0.822229	2
4	102000001	0.768109	0.822229	2
4	103000001	0.822229	0.822229	2
4	104000001	2.08005	2.08005	4
4	105000001	1.01033	0.989583	2
4	106000001	1.10162	0.989583	2
4	107000001	1.17094	0.989583	2
4	108000001	0.64978	0.989583	2
4	109000001	1.00257	0.989583	2
4	110000001	1.14074	0.989583	2
4	111000001	1.08349	0.989583	2
4	112000001	1.12379	0.989583	2
4	113000001	1.08725	0.989583	2
4	114000001	0.975142	0.989583	2
4	115000001	0.734848	0.989583	2
4	116000001	0.828168	0.989583	2
4	117000001	0.820952	0.989583	2
4	118000001	0.704081	0.989583	2
4	119000001	1.22434	0.989583	2
4	120000001	0.899068	0.989583	2
4	121000001	0.993966	0.989583	2
4	122000001	1.11343	0.989583	2
4	123000001	0.801466	0.989583	2
4	124000001	0.6498	0.989583	2
4	125000001	1.14717	0.989583	2
4	126000001	1.03864	0.989583	2
4	127000001	1.10283	0.989583	2
4	128000001	0.902175	0.989583	2
4	129000001	1.10577	0.989583	2
4	130000001	1.01968	0.989583	2
4	131000001	0.961521	0.989583	2
4	132000001	1.07244	0.989583	2
4	133000001	0.869132	0.989583	2
4	134000001	1.27456	0.989583	2
4	135000001	0.780492	0.989583	2
4	136000001	1.05299	0.989583	2
4	137000001	0.851843	0.989583	2
4	138000001	1.18797	0.989583	2
4	139000001	0.846585	0.989583	2
4	140000001	1.0892	0.989583	2
4	141000001	0.943243	0.989583	2
4	142000001	1.14115	0.989583	2
4	143000001	1.19096	0.989583	2
4	144000001	1.23514	0.989583	2
4	145000001	0.982429	0.989583	2
4	146000001	1.05895	0.989583	2
4	147000001	0.864692	0.989583	2
4	148000001	0.751615	0.989583	2
4	149000001	1.45676	0.989583	2
4	150000001	0.875843	0.989583	2
4	151000001	0.744513	0.989583	2
4	152000001	0.883281	0.989583	2
4	153000001	1.004	0.989583	2
4	154000001	0.55649	0.989583	2
4	155000001	1.04778	0.989583	2
4	156000001	0.956334	0.989583	2
4	157000001	1.05451	0.989583	2
4	158000001	1.39887	0.989583	2
4	159000001	0.945454	0.989583	2
4	160000001	0.941186	0.989583	2
4	161000001	0.863532	0.989583	2
4	162000001	0.9852	0.989583	2
4	163000001	0.936762	0.989583	2
4	164000001	1.23066	0.989583	2
4	165000001	0.962748	0.989583	2
4	166000001	1.11976	0.989583	2
4	167000001	0.800035	0.989583	2
4	168000001	0.958577	0.989583	2
4	169000001	0.954768	0.989583	2
4	170000001	1.32106	0.989583	2
4	171000001	0.882053	0.989583	2
4	172000001	1.29414	0.989583	2
4	173000001	0.808098	0.862036	2
4	174000001	0.775902	0.862036	2
4	175000001	0.857616	0.862036	2
4	176000001	0.755619	0.862036	2
4	177000001	0.657645	0.862036	2
4	178000001	0.933702	0.862036	2
4	179000001	1.04237	0.862036	2
4	180000001	0.90231	0.862036	2
4	181000001	0.917525	0.862036	2
4	182000001	0.866456	0.862036	2
4	183000001	1.0689	1.03516	2
4	184000001	0.982127	1.03516	2
4	185000001	1.01355	1.03516	2
4	186000001	0.840687	1.03516	2
4	187000001	1.0896	1.03516	2
4	188000001	1.05677	1.03516	2
4	189000001	0.879483	1.03516	2
4	190000001	2.7857	1.03516	2
5	1	1.59428	1.27322	3
5	1000001	1.34595	1.27322	3
5	2000001	1.1705	1.27322	3
5	3000001	1.25336	1.27322	3
5	4000001	1.1374	1.27322	3
5	5000001	1.36291	1.27322	3
5	6000001	1.27322	1.27322	3
5	7000001	1.05445	0.883421	2
5	8000001	0.886138	0.883421	2
5	9000001	0.880704	0.883421	2
5	10000001	1.04912	0.883421	2
5	11000001	0.833765	0.883421	2
5	12000001	0.769276	0.883421	2
5	13000001	1.11523	0.883421	2
5	14000001	0.792251	0.883421	2
5	15000001	0.848472	0.883421	2
5	16000001	0.945394	0.883421	2
5	17000001	0.873179	0.883421	2
5	18000001	1.34263	0.883421	2
5	19000001	0.968127	0.883421	2
5	20000001	1.10179	0.883421	2
5	21000001	1.02126	0.883421	2
5	22000001	1.48853	0.883421	2
5	23000001	0.864649	0.883421	2
5	24000001	0.850152	0.883421	2
5	25000001	0.831896	0.883421	2
5	26000001	0.817613	0.883421	2
5	27000001	1.13305	1.17263	2
5	28000001	1.15171	1.17263	2
5	29000001	1.4198	1.17263	2
5	30000001	1.07589	1.17263	2
5	31000001	1.23049	1.17263	2
5	32000001	1.10798	1.17263	2
5	33000001	1.48856	1.17263	2
5	34000001	1.36526	1.17263	2
5	35000001	1.16742	1.17263	2
5	36000001	0.971983	1.17263	2
5	37000001	1.21274	1.17263	2
5	38000001	1.17784	1.17263	2
5	39000001	1.1357	1.17263	2
5	40000001	1.58862	1.17263	2
5	41000001	0.736885	0.841502	2
5	42000001	0.832442	0.841502	2
5	43000001	1.34374	0.841502	2
5	44000001	0.841502	0.841502	2
5	45000001	1.04865	0.841502	2
5	46000001	0.623334	0.841502	2
5	47000001	1.01518	0.841502	2
5	48000001	1.6201	1.52254	3
5	49000001	1.42498	1.52254	3
5	50000001	0.973586	0.973586	2
5	51000001	1.35259	0.973586	2
5	52000001	0.946125	0.973586	2
5	53000001	0.738587	0.973586	2
5	54000001	1.28939	0.973586	2
5	55000001	0.974272	0.973586	2
5	56000001	0.982323	0.973586	2
5	57000001	0.840156	0.973586	2
5	58000001	0.829618	0.973586	2
5	59000001	1.24718	1.48113	3
5	60000001	1.71507	1.48113	3
5	61000001	1.09556	1.0021	2
5	62000001	0.874686	1.0021	2
5	63000001	1.12424	1.0021	2
5	64000001	0.749301	1.0021	2
5	65000001	0.914127	1.0021	2
5	66000001	0.811832	1.0021	2
5	67000001	1.15871	1.0021	2
5	68000001	0.980152	1.0021	2
5	69000001	0.982567	1.0021	2
5	70000001	1.17208	1.0021	2
5	71000001	0.873271	1.0021	2
5	72000001	0.838457	1.0021	2
5	73000001	1.02106	1.0021	2
5	74000001	1.17748	1.0021	2
5	75000001	1.31672	1.0021	2
5	76000001	0.918669	1.0021	2
5	77000001	0.902869	1.0021	2
5	78000001	1.27567	1.0021	2
5	79000001	0.703305	1.0021	2
5	80000001	1.01984	1.0021	2
5	81000001	1.00595	1.0021	2
5	82000001	1.0021	1.0021	2
5	83000001	1.25459	1.0021	2
5	84000001	0.876989	1.0021	2
5	85000001	1.16652	1.0021	2
5	86000001	2.1855	2.1855	4
5	87000001	0.723203	0.984693	2
5	88000001	1.27162	0.984693	2
5	89000001	0.971648	0.984693	2
5	90000001	1.12635	0.984693	2
5	91000001	1.2824	0.984693	2
5	92000001	0.765889	0.984693	2
5	93000001	0.749833	0.984693	2
5	94000001	1.51472	0.984693	2
5	95000001	0.515141	0.984693	2
5	96000001	0.981227	0.984693	2
5	97000001	0.769631	0.984693	2
5	98000001	1.05811	0.984693	2
5	99000001	0.773547	0.984693	2
5	100000001	0.869986	0.984693	2
5	101000001	1.12293	0.984693	2
5	102000001	1.28874	0.984693	2
5	103000001	0.721152	0.984693	2
5	104000001	1.00476	0.984693	2
5	105000001	0.984693	0.984693	2
5	106000001	0.796901	0.984693	2
5	107000001	1.23632	0.984693	2
5	108000001	1.17524	0.984693	2
5	109000001	1.05809	0.984693	2
5	110000001	0.788022	0.984693	2
5	111000001	1.05456	0.984693	2
5	112000001	1.22986	0.984693	2
5	113000001	1.01858	0.984693	2
5	114000001	1.03347	0.984693	2
5	115000001	0.940169	0.984693	2
5	116000001	0.731609	0.984693	2
5	117000001	1.01273	0.984693	2
5	118000001	0.924738	0.984693	2
5	119000001	1.23232	0.984693	2
5	120000001	0.836761	0.984693	2
5	121000001	1.05187	0.984693	2
5	122000001	0.96494	0.984693	2
5	123000001	1.39632	0.984693	2
5	124000001	0.797527	0.984693	2
5	125000001	0.874134	0.984693	2
5	126000001	0.929751	0.984693	2
5	127000001	0.817925	0.984693	2
5	128000001	1.25494	0.984693	2
5	129000001	1.22314	0.984693	2
5	130000001	0.570337	0.984693	2
5	131000001	1.0206	0.984693	2
5	132000001	1.18949	0.984693	2
5	133000001	1.11243	0.984693	2
5	134000001	0.763469	0.984693	2
5	135000001	0.903451	0.984693	2
5	136000001	0.964061	0.984693	2
5	137000001	1.19535	0.984693	2
5	138000001	0.79144	0.984693	2
5	139000001	1.07929	0.984693	2
5	140000001	0.789775	0.984693	2
5	141000001	1.02114	0.984693	2
5	142000001	1.13152	0.984693	2
5	143000001	0.886847	0.984693	2
5	144000001	1.03973	0.984693	2
5	145000001	1.14032	0.984693	2
5	146000001	0.813446	0.984693	2
5	147000001	0.916934	0.984693	2
5	148000001	0.898016	0.984693	2
5	149000001	1.18688	0.984693	2
5	150000001	0.77198	0.984693	2
5	151000001	1.04811	0.984693	2
5	152000001	1.33488	0.984693	2
5	153000001	0.952062	0.984693	2
5	154000001	0.663309	0.984693	2
5	155000001	0.988014	0.984693	2
5	156000001	1.09453	0.984693	2
5	157000001	0.74501	0.984693	2
5	158000001	1.20049	0.984693	2
5	159000001	0.644498	0.984693	2
5	160000001	0.959966	0.984693	2
5	161000001	1.00673	0.984693	2
5	162000001	1.12937	1.12038	2
5	163000001	1.2927	1.12038	2
5	164000001	1.29532	1.12038	2
5	165000001	0.778162	1.12038	2
5	166000001	1.06105	1.12038	2
5	167000001	1.06635	1.12038	2
5	168000001	0.691878	1.12038	2
5	169000001	1.20823	1.12038	2
5	170000001	1.11139	1.12038	2
5	171000001	1.17699	1.12038	2
5	172000001	1.10595	1.12038	2
5	173000001	1.2039	1.12038	2
5	174000001	0.844948	1.12038	2
5	175000001	0.992993	1.12038	2
5	176000001	1.22054	1.12038	2
5	177000001	1.19786	1.12038	2
5	178000001	1.1829	1.12038	2
5	179000001	0.804304	1.12038	2
5	180000001	1.37293	1.7619	4
5	181000001	2.15088	1.7619	4
6	1	0.643231	0.921943	2
6	1000001	1.26487	0.921943	2
6	2000001	0.759487	0.921943	2
6	3000001	1.09443	0.921943	2
6	4000001	0.941031	0.921943	2
6	5000001	0.825801	0.921943	2
6	6000001	1.05719	0.921943	2
6	7000001	0.885772	0.921943	2
6	8000001	0.77082	0.921943	2
6	9000001	0.999732	0.921943	2
6	10000001	0.939022	0.921943	2
6	11000001	1.13009	0.921943	2
6	12000001	1.13608	0.921943	2
6	13000001	0.601653	0.921943	2
6	14000001	1.1136	0.921943	2
6	15000001	1.22206	0.921943	2
6	16000001	1.01355	0.921943	2
6	17000001	1.26932	0.921943	2
6	18000001	0.795545	0.921943	2
6	19000001	0.697253	0.921943	2
6	20000001	0.998196	0.921943	2
6	21000001	1.1573	0.921943	2
6	22000001	1.14879	0.921943	2
6	23000001	1.19068	0.921943	2
6	24000001	0.884583	0.921943	2
6	25000001	0.681112	0.921943	2
6	26000001	0.83989	0.921943	2
6	27000001	0.876037	0.921943	2
6	28000001	0.925555	0.921943	2
6	29000001	0.842913	0.921943	2
6	30000001	0.825695	0.921943	2
6	31000001	0.950199	0.921943	2
6	32000001	1.05591	0.921943	2
6	33000001	1.06991	0.921943	2
6	34000001	1.16398	0.921943	2
6	35000001	1.03914	0.921943	2
6	36000001	0.949902	0.921943	2
6	37000001	0.91833	0.921943	2
6	38000001	0.822639	0.921943	2
6	39000001	0.534562	0.921943	2
6	40000001	0.833643	0.921943	2
6	41000001	1.14339	0.921943	2
6	42000001	1.11557	0.921943	2
6	43000001	0.835318	0.921943	2
6	44000001	0.912701	0.921943	2
6	45000001	0.734359	0.921943	2
6	46000001	1.02732	0.921943	2
6	47000001	0.685528	0.921943	2
6	48000001	0.876794	0.921943	2
6	49000001	0.963503	0.921943	2
6	50000001	0.707963	0.921943	2
6	51000001	0.821544	0.921943	2
6	52000001	0.680648	0.921943	2
6	53000001	0.724589	0.921943	2
6	54000001	1.14009	1.39072	3
6	55000001	1.64134	1.39072	3
6	56000001	0.999882	1.09219	2
6	57000001	1.01324	1.09219	2
6	58000001	1.14528	1.09219	2
6	59000001	1.14848	1.09219	2
6	60000001	0.997605	1.09219	2
6	61000001	1.21296	1.09219	2
6	62000001	0.866812	1.09219	2
6	63000001	1.00565	1.09219	2
6	64000001	1.11836	1.09219	2
6	65000001	1.14214	1.09219	2
6	66000001	0.886694	1.09219	2
6	67000001	0.912668	1.09219	2
6	68000001	0.558728	1.09219	2
6	69000001	0.982429	1.09219	2
6	70000001	1.17575	1.09219	2
6	71000001	1.16315	1.09219	2
6	72000001	1.09219	1.09219	2
6	73000001	1.00248	1.09219	2
6	74000001	1.1897	1.09219	2
6	75000001	1.19723	1.09219	2
6	76000001	1.05048	1.09219	2
6	77000001	0.820805	1.09219	2
6	78000001	1.24738	1.09219	2
6	79000001	1.05706	1.09219	2
6	80000001	1.30043	1.09219	2
6	81000001	0.99433	1.09219	2
6	82000001	1.39421	1.09219	2
6	83000001	0.936946	1.09219	2
6	84000001	0.99001	1.09219	2
6	85000001	0.985937	1.09219	2
6	86000001	1.4373	1.09219	2
6	87000001	1.30653	1.09219	2
6	88000001	1.10105	1.09219	2
6	89000001	1.10505	1.09219	2
6	90000001	1.24847	1.09219	2
6	91000001	0.898343	0.936946	2
6	92000001	0.965194	0.936946	2
6	93000001	0.826506	0.936946	2
6	94000001	1.05118	0.936946	2
6	95000001	1.01859	0.936946	2
6	96000001	0.870014	0.936946	2
6	97000001	1.09444	0.936946	2
6	98000001	0.87964	0.936946	2
6	99000001	1.13931	0.936946	2
6	100000001	1.11084	0.936946	2
6	101000001	0.811783	0.936946	2
6	102000001	0.924089	0.936946	2
6	103000001	0.664891	0.936946	2
6	104000001	0.636001	0.936946	2
6	105000001	1.0006	0.936946	2
6	106000001	0.846569	0.936946	2
6	107000001	0.936946	0.936946	2
6	108000001	1.20445	0.936946	2
6	109000001	0.903383	0.936946	2
6	110000001	0.873853	0.936946	2
6	111000001	0.939627	0.936946	2
6	112000001	0.971343	0.936946	2
6	113000001	1.00604	0.936946	2
6	114000001	0.968191	0.936946	2
6	115000001	0.762771	0.936946	2
6	116000001	1.22189	1.30673	3
6	117000001	1.20806	1.30673	3
6	118000001	1.39156	1.30673	3
6	119000001	1.394	1.30673	3
6	120000001	0.825592	0.990904	2
6	121000001	1.39468	0.990904	2
6	122000001	0.722201	0.990904	2
6	123000001	0.969605	0.990904	2
6	124000001	0.765962	0.990904	2
6	125000001	0.990904	0.990904	2
6	126000001	1.03094	0.990904	2
6	127000001	0.904565	0.990904	2
6	128000001	0.95429	0.990904	2
6	129000001	1.15426	0.990904	2
6	130000001	1.04727	0.990904	2
6	131000001	1.25727	0.990904	2
6	132000001	1.22969	0.990904	2
6	133000001	1.05227	0.990904	2
6	134000001	1.0821	0.990904	2
6	135000001	1.46978	0.990904	2
6	136000001	0.959312	0.990904	2
6	137000001	0.988899	0.990904	2
6	138000001	0.879431	0.990904	2
6	139000001	0.797103	0.990904	2
6	140000001	0.799302	0.990904	2
6	141000001	0.890209	0.990904	2
6	142000001	0.806044	0.990904	2
6	143000001	0.764165	0.990904	2
6	144000001	1.17229	0.990904	2
6	145000001	0.901581	0.990904	2
6	146000001	0.961962	0.990904	2
6	147000001	1.17713	0.990904	2
6	148000001	0.995197	0.990904	2
6	149000001	0.778982	0.990904	2
6	150000001	1.20346	0.990904	2
6	151000001	0.778525	0.990904	2
6	152000001	1.0353	0.990904	2
6	153000001	1.08759	0.990904	2
6	154000001	1.06209	0.990904	2
6	155000001	1.13552	0.990904	2
6	156000001	1.12383	0.990904	2
6	157000001	0.939009	0.990904	2
6	158000001	0.93365	0.990904	2
6	159000001	0.911479	0.990904	2
6	160000001	1.22732	0.990904	2
6	161000001	1.14031	0.990904	2
6	162000001	0.682488	0.990904	2
6	163000001	1.13164	0.990904	2
6	164000001	1.12142	0.990904	2
6	165000001	0.866279	0.990904	2
6	166000001	0.723479	0.990904	2
6	167000001	0.838899	0.990904	2
6	168000001	1.04203	0.990904	2
6	169000001	1.05652	0.990904	2
6	170000001	1.08116	0.990904	2
7	1	1.05702	0.994625	2
7	1000001	0.923271	0.994625	2
7	2000001	1.07574	0.994625	2
7	3000001	0.842003	0.994625	2
7	4000001	1.0863	0.994625	2
7	5000001	1.01302	0.994625	2
7	6000001	0.828006	0.994625	2
7	7000001	0.888224	0.994625	2
7	8000001	0.656577	0.994625	2
7	9000001	0.825023	0.994625	2
7	10000001	0.968308	0.994625	2
7	11000001	1.14894	0.994625	2
7	12000001	1.09439	0.994625	2
7	13000001	1.01693	0.994625	2
7	14000001	1.26625	0.994625	2
7	15000001	0.940686	0.994625	2
7	16000001	0.888129	0.994625	2
7	17000001	1.02352	0.994625	2
7	18000001	0.844364	0.994625	2
7	19000001	1.01143	0.994625	2
7	20000001	1.13131	0.994625	2
7	21000001	1.09159	0.994625	2
7	22000001	1.23544	0.994625	2
7	23000001	1.16252	0.994625	2
7	24000001	1.14923	0.994625	2
7	25000001	1.04011	0.994625	2
7	26000001	1.07293	0.994625	2
7	27000001	0.681151	0.994625	2
7	28000001	0.994613	0.994625	2
7	29000001	1.09886	0.994625	2
7	30000001	0.987169	0.994625	2
7	31000001	0.757075	0.994625	2
7	32000001	0.931981	0.994625	2
7	33000001	0.878999	0.994625	2
7	34000001	1.02973	0.994625	2
7	35000001	0.965841	0.994625	2
7	36000001	1.25536	0.994625	2
7	37000001	1.01649	0.994625	2
7	38000001	1.30356	0.994625	2
7	39000001	0.739188	0.994625	2
7	40000001	0.826894	0.994625	2
7	41000001	1.11732	0.994625	2
7	42000001	0.994636	0.994625	2
7	43000001	1.22613	0.994625	2
7	44000001	1.04511	0.994625	2
7	45000001	0.931213	0.994625	2
7	46000001	1.00227	0.994625	2
7	47000001	0.948905	0.994625	2
7	48000001	0.875891	0.994625	2
7	49000001	0.938367	0.994625	2
7	50000001	0.856925	0.994625	2
7	51000001	0.762913	0.994625	2
7	52000001	1.16217	0.994625	2
7	53000001	0.891991	0.994625	2
7	54000001	0.976286	0.994625	2
7	55000001	1.48963	0.994625	2
7	56000001	0.858576	0.994625	2
7	57000001	0.801126	0.994625	2
7	58000001	0.792512	0.994625	2
7	59000001	0.777602	0.994625	2
7	60000001	0.924286	0.994625	2
7	61000001	0.953594	0.994625	2
7	62000001	0.93413	0.994625	2
7	63000001	0.891796	0.994625	2
7	64000001	1.02995	0.994625	2
7	65000001	0.899821	0.994625	2
7	66000001	1.12158	0.994625	2
7	67000001	0.934223	0.994625	2
7	68000001	1.00408	0.994625	2
7	69000001	0.998201	0.994625	2
7	70000001	0.987175	0.994625	2
7	71000001	1.00316	0.994625	2
7	72000001	1.12699	0.994625	2
7	73000001	1.22951	0.994625	2
7	74000001	0.991746	0.994625	2
7	75000001	1.3936	0.994625	2
7	76000001	0.881904	0.994625	2
7	77000001	1.05434	0.994625	2
7	78000001	0.885874	0.994625	2
7	79000001	1.00852	0.994625	2
7	80000001	1.04114	0.994625	2
7	81000001	1.02488	0.994625	2
7	82000001	0.892432	0.994625	2
7	83000001	1.0056	0.994625	2
7	84000001	0.520628	0.718702	1
7	85000001	0.718702	0.718702	1
7	86000001	0.820696	0.718702	1
7	87000001	1.12995	0.999849	2
7	88000001	0.919858	0.999849	2
7	89000001	1.0778	0.999849	2
7	90000001	0.918811	0.999849	2
7	91000001	1.17764	0.999849	2
7	92000001	0.88024	0.999849	2
7	93000001	1.0255	0.999849	2
7	94000001	0.917052	0.999849	2
7	95000001	0.911407	0.999849	2
7	96000001	0.749946	0.999849	2
7	97000001	0.665861	0.999849	2
7	98000001	0.957348	0.999849	2
7	99000001	1.03662	0.999849	2
7	100000001	1.27936	0.999849	2
7	101000001	0.894843	0.999849	2
7	102000001	1.07246	0.999849	2
7	103000001	1.08406	0.999849	2
7	104000001	0.967153	0.999849	2
7	105000001	0.946392	0.999849	2
7	106000001	0.920816	0.999849	2
7	107000001	1.05478	0.999849	2
7	108000001	1.28214	0.999849	2
7	109000001	1.12798	0.999849	2
7	110000001	1.14013	0.999849	2
7	111000001	0.954752	0.999849	2
7	112000001	1.25178	0.999849	2
7	113000001	1.04966	0.999849	2
7	114000001	1.23397	0.999849	2
7	115000001	1.00165	0.999849	2
7	116000001	0.927517	0.999849	2
7	117000001	0.919409	0.999849	2
7	118000001	1.21843	0.999849	2
7	119000001	0.969596	0.999849	2
7	120000001	1.1187	0.999849	2
7	121000001	1.0027	0.999849	2
7	122000001	0.808091	0.999849	2
7	123000001	0.958704	0.999849	2
7	124000001	1.0543	0.999849	2
7	125000001	1.04069	0.999849	2
7	126000001	1.06223	0.999849	2
7	127000001	1.03038	0.999849	2
7	128000001	1.09109	0.999849	2
7	129000001	0.906707	0.999849	2
7	130000001	0.857282	0.999849	2
7	131000001	0.88351	0.999849	2
7	132000001	0.984712	0.999849	2
7	133000001	0.998052	0.999849	2
7	134000001	0.964644	0.999849	2
7	135000001	1.03819	0.999849	2
7	136000001	0.797781	0.999849	2
7	137000001	1.47701	1.07425	2
7	138000001	1.24474	1.07425	2
7	139000001	1.07425	1.07425	2
7	140000001	1.11104	1.07425	2
7	141000001	1.01291	1.07425	2
7	142000001	0.91504	1.07425	2
7	143000001	1.0232	1.07425	2
7	144000001	1.19618	1.07425	2
7	145000001	1.22652	1.07425	2
7	146000001	0.864636	1.07425	2
7	147000001	0.874253	1.07425	2
7	148000001	1.20866	1.07425	2
7	149000001	0.987018	1.07425	2
7	150000001	1.25711	1.07425	2
7	151000001	0.972344	1.07425	2
7	152000001	0.806999	1.07425	2
7	153000001	1.25178	1.07425	2
7	154000001	0.963873	1.07425	2
7	155000001	1.13318	1.07425	2
7	156000001	1.0685	1.07425	2
7	157000001	1.37415	1.07425	2
7	158000001	1.31246	1.07425	2
7	159000001	0.704224	1.07425	2
8	1	1.04845	1.05398	2
8	1000001	1.38627	1.05398	2
8	2000001	1.02288	1.05398	2
8	3000001	0.813555	1.05398	2
8	4000001	1.01697	1.05398	2
8	5000001	1.12263	1.05398	2
8	6000001	0.996134	1.05398	2
8	7000001	1.0815	1.05398	2
8	8000001	0.715116	1.05398	2
8	9000001	1.14433	1.05398	2
8	10000001	1.03818	1.05398	2
8	11000001	1.28181	1.05398	2
8	12000001	1.17781	1.05398	2
8	13000001	1.09861	1.05398	2
8	14000001	0.800208	1.05398	2
8	15000001	1.04364	1.05398	2
8	16000001	1.10767	1.05398	2
8	17000001	1.21228	1.05398	2
8	18000001	1.22789	1.05398	2
8	19000001	0.938916	1.05398	2
8	20000001	1.38311	1.05398	2
8	21000001	0.864955	1.05398	2
8	22000001	1.2719	1.05398	2
8	23000001	0.99739	1.05398	2
8	24000001	1.09423	1.05398	2
8	25000001	0.930326	1.05398	2
8	26000001	0.666711	1.05398	2
8	27000001	1.05951	1.05398	2
8	28000001	1.1035	1.05398	2
8	29000001	1.01572	1.05398	2
8	30000001	1.04365	1.05398	2
8	31000001	1.09417	1.05398	2
8	32000001	1.17865	1.05398	2
8	33000001	0.903297	1.05398	2
8	34000001	1.11509	1.05398	2
8	35000001	0.764536	1.05398	2
8	36000001	0.923255	1.05398	2
8	37000001	0.948046	1.05398	2
8	38000001	1.09407	1.05398	2
8	39000001	0.978851	1.05398	2
8	40000001	1.06569	1.05398	2
8	41000001	1.18014	1.05398	2
8	42000001	1.09103	1.05398	2
8	43000001	1.17916	1.05398	2
8	44000001	0.884014	1.05398	2
8	45000001	1.0094	1.05398	2
8	46000001	1.1377	1.05398	2
8	47000001	0.88553	1.05398	2
8	48000001	0.88254	1.05398	2
8	49000001	1.31879	1.05398	2
8	50000001	0.928722	1.05398	2
8	51000001	0.969884	1.05398	2
8	52000001	1.11812	1.05398	2
8	53000001	1.36686	1.05398	2
8	54000001	0.76794	0.968162	2
8	55000001	1.0285	0.968162	2
8	56000001	0.809735	0.968162	2
8	57000001	1.06218	0.968162	2
8	58000001	1.15325	0.968162	2
8	59000001	0.925753	0.968162	2
8	60000001	0.892083	0.968162	2
8	61000001	0.859836	0.968162	2
8	62000001	1.2794	0.968162	2
8	63000001	0.977399	0.968162	2
8	64000001	0.968162	0.968162	2
8	65000001	0.989069	0.968162	2
8	66000001	1.14968	0.968162	2
8	67000001	0.73356	0.968162	2
8	68000001	1.35135	0.968162	2
8	69000001	0.865242	0.968162	2
8	70000001	0.748761	0.968162	2
8	71000001	0.800368	0.968162	2
8	72000001	1.10683	0.968162	2
8	73000001	1.00405	0.968162	2
8	74000001	0.963602	0.968162	2
8	75000001	1.35257	1.34282	3
8	76000001	1.34282	1.34282	3
8	77000001	1.20271	1.34282	3
8	78000001	0.934708	0.969419	2
8	79000001	0.911862	0.969419	2
8	80000001	1.04698	0.969419	2
8	81000001	1.14397	0.969419	2
8	82000001	0.976256	0.969419	2
8	83000001	0.854174	0.969419	2
8	84000001	1.31512	0.969419	2
8	85000001	1.19667	0.969419	2
8	86000001	0.853379	0.969419	2
8	87000001	1.04487	0.969419	2
8	88000001	1.12341	0.969419	2
8	89000001	0.875906	0.969419	2
8	90000001	0.874749	0.969419	2
8	91000001	0.927709	0.969419	2
8	92000001	1.16113	0.969419	2
8	93000001	0.992957	0.969419	2
8	94000001	0.860623	0.969419	2
8	95000001	0.962581	0.969419	2
8	96000001	1.11009	0.969419	2
8	97000001	0.898551	0.969419	2
8	98000001	1.47677	1.30936	3
8	99000001	1.14194	1.30936	3
8	100000001	0.873174	0.873174	2
8	101000001	0.942612	0.873174	2
8	102000001	0.838905	0.873174	2
8	103000001	0.999973	0.873174	2
8	104000001	0.846634	0.873174	2
8	105000001	0.974948	0.873174	2
8	106000001	0.746472	0.873174	2
8	107000001	0.997232	1.08087	2
8	108000001	1.15979	1.08087	2
8	109000001	0.923765	1.08087	2
8	110000001	1.31979	1.08087	2
8	111000001	0.985544	1.08087	2
8	112000001	1.09266	1.08087	2
8	113000001	1.30568	1.08087	2
8	114000001	1.1289	1.08087	2
8	115000001	0.987366	1.08087	2
8	116000001	1.37195	1.08087	2
8	117000001	0.87911	1.08087	2
8	118000001	0.783778	1.08087	2
8	119000001	1.02434	1.08087	2
8	120000001	1.21039	1.08087	2
8	121000001	0.860954	1.08087	2
8	122000001	1.23777	1.08087	2
8	123000001	1.2791	1.08087	2
8	124000001	0.998387	1.08087	2
8	125000001	1.05925	1.08087	2
8	126000001	1.15504	1.08087	2
8	127000001	1.19384	1.08087	2
8	128000001	1.29945	1.08087	2
8	129000001	0.927505	1.08087	2
8	130000001	0.915465	1.08087	2
8	131000001	1.25362	1.08087	2
8	132000001	1.09061	1.08087	2
8	133000001	0.95499	1.08087	2
8	134000001	0.917384	1.08087	2
8	135000001	1.08087	1.08087	2
8	136000001	1.10204	1.08087	2
8	137000001	0.978114	1.08087	2
8	138000001	2.2657	2.2657	5
8	139000001	1.20759	1.1182	2
8	140000001	0.774784	1.1182	2
8	141000001	1.1182	1.1182	2
8	142000001	1.24955	1.1182	2
8	143000001	1.04932	1.1182	2
8	144000001	0.79583	1.1182	2
8	145000001	1.36133	1.1182	2
9	1	1.02887	1.02887	2
9	1000001	1.28324	1.02887	2
9	2000001	1.31173	1.02887	2
9	3000001	0.957184	1.02887	2
9	4000001	1.16715	1.02887	2
9	5000001	0.904517	1.02887	2
9	6000001	0.855881	1.02887	2
9	7000001	0.889544	1.02887	2
9	8000001	1.00012	1.02887	2
9	9000001	1.0222	1.02887	2
9	10000001	0.982736	1.02887	2
9	11000001	1.26657	1.02887	2
9	12000001	1.17646	1.02887	2
9	13000001	1.1083	1.02887	2
9	14000001	0.999692	1.02887	2
9	15000001	1.09549	1.02887	2
9	16000001	1.22435	1.02887	2
9	17000001	0.96743	1.02887	2
9	18000001	1.32284	1.02887	2
9	19000001	1.19861	1.02887	2
9	20000001	1.02393	1.02887	2
9	21000001	1.151	1.02887	2
9	22000001	1.0217	1.02887	2
9	23000001	0.938587	1.02887	2
9	24000001	1.03441	1.02887	2
9	25000001	0.74842	0.844535	2
9	26000001	0.873378	0.844535	2
9	27000001	0.769952	0.844535	2
9	28000001	0.903505	0.844535	2
9	29000001	1.04152	0.844535	2
9	30000001	0.887754	0.844535	2
9	31000001	0.815692	0.844535	2
9	32000001	1.14149	0.844535	2
9	33000001	0.815462	0.844535	2
9	34000001	0.724456	0.844535	2
9	35000001	1.39336	1.0721	2
9	36000001	1.04868	1.0721	2
9	37000001	1.17341	1.0721	2
9	38000001	0.982246	1.0721	2
9	39000001	0.957781	1.0721	2
9	40000001	1.09772	1.0721	2
9	41000001	1.09552	1.0721	2
9	42000001	0.890587	1.0721	2
9	43000001	1.36228	1.0721	2
9	44000001	0.906061	1.0721	2
9	45000001	1.45161	1.0721	2
9	46000001	-1	1.0721	2
9	47000001	-1	1.0721	2
9	48000001	-1	1.0721	2
9	49000001	-1	1.0721	2
9	50000001	-1	1.0721	2
9	51000001	-1	1.0721	2
9	52000001	-1	1.0721	2
9	53000001	-1	1.0721	2
9	54000001	-1	1.0721	2
9	55000001	-1	1.0721	2
9	56000001	-1	1.0721	2
9	57000001	-1	1.0721	2
9	58000001	-1	1.0721	2
9	59000001	-1	1.0721	2
9	60000001	1.24606	1.0721	2
9	61000001	0.938224	1.0721	2
9	62000001	0.911485	1.0721	2
9	63000001	1.43707	1.36618	3
9	64000001	1.36618	1.36618	3
9	65000001	1.2508	1.36618	3
9	66000001	1.0721	0.958974	2
9	67000001	1.09116	0.958974	2
9	68000001	0.946492	0.958974	2
9	69000001	0.743608	0.958974	2
9	70000001	1.04992	0.958974	2
9	71000001	1.09219	0.958974	2
9	72000001	0.979369	0.958974	2
9	73000001	0.75583	0.958974	2
9	74000001	1.08883	0.958974	2
9	75000001	1.09494	0.958974	2
9	76000001	1.03065	0.958974	2
9	77000001	0.963821	0.958974	2
9	78000001	0.824287	0.958974	2
9	79000001	0.846146	0.958974	2
9	80000001	1.13831	0.958974	2
9	81000001	1.04494	0.958974	2
9	82000001	0.960995	0.958974	2
9	83000001	0.900609	0.958974	2
9	84000001	0.975231	0.958974	2
9	85000001	0.89703	0.958974	2
9	86000001	0.779938	0.958974	2
9	87000001	0.739912	0.958974	2
9	88000001	0.919386	0.958974	2
9	89000001	1.008	0.958974	2
9	90000001	1.0578	0.958974	2
9	91000001	0.956953	0.958974	2
9	92000001	0.892134	0.958974	2
9	93000001	0.764921	0.958974	2
9	94000001	0.838073	0.958974	2
9	95000001	0.861671	0.958974	2
9	96000001	0.941876	0.958974	2
9	97000001	1.0968	0.958974	2
9	98000001	0.851063	0.958974	2
9	99000001	1.04132	0.958974	2
9	100000001	1.49202	1.40973	3
9	101000001	1.32743	1.40973	3
9	102000001	0.785112	0.785112	2
9	103000001	0.741834	0.785112	2
9	104000001	0.998423	0.785112	2
9	105000001	1.02704	0.785112	2
9	106000001	0.654953	0.785112	2
9	107000001	0.979446	0.785112	2
9	108000001	0.651897	0.785112	2
9	109000001	1.11408	0.905309	2
9	110000001	0.86563	0.905309	2
9	111000001	0.853565	0.905309	2
9	112000001	0.861838	0.905309	2
9	113000001	0.944988	0.905309	2
9	114000001	1.18876	0.905309	2
9	115000001	1.05728	0.905309	2
9	116000001	0.6551	0.905309	2
9	117000001	1.40313	1.06371	2
9	118000001	0.94125	1.06371	2
9	119000001	1.14716	1.06371	2
9	120000001	0.836919	1.06371	2
9	121000001	1.13369	1.06371	2
9	122000001	0.89627	1.06371	2
9	123000001	1.16469	1.06371	2
9	124000001	0.968727	1.06371	2
9	125000001	1.30229	1.06371	2
9	126000001	1.1217	1.06371	2
9	127000001	1.05012	1.06371	2
9	128000001	0.99014	1.06371	2
9	129000001	1.27211	1.06371	2
9	130000001	1.11317	1.06371	2
9	131000001	0.964243	1.06371	2
9	132000001	0.968846	1.06371	2
9	133000001	1.06245	1.06371	2
9	134000001	1.17913	1.06371	2
9	135000001	0.894629	1.06371	2
9	136000001	1.06496	1.06371	2
9	137000001	1.07346	1.06371	2
9	138000001	0.78868	1.06371	2
X	1	0.66331	0.502921	1
X	1000001	0.47346	0.502921	1
X	2000001	0.580836	0.502921	1
X	3000001	0.518076	0.502921	1
X	4000001	0.373074	0.502921	1
X	5000001	0.496037	0.502921	1
X	6000001	0.426608	0.502921	1
X	7000001	0.342012	0.502921	1
X	8000001	0.572542	0.502921	1
X	9000001	0.585151	0.502921	1
X	10000001	0.502921	0.502921	1
X	11000001	1.04083	1.04083	2
X	12000001	0.484498	0.498834	1
X	13000001	0.426256	0.498834	1
X	14000001	0.565114	0.498834	1
X	15000001	0.486485	0.498834	1
X	16000001	0.267857	0.498834	1
X	17000001	0.518976	0.498834	1
X	18000001	0.449999	0.498834	1
X	19000001	0.5414	0.498834	1
X	20000001	0.41128	0.498834	1
X	21000001	0.797355	0.498834	1
X	22000001	0.382613	0.498834	1
X	23000001	0.629788	0.498834	1
X	24000001	0.449407	0.498834	1
X	25000001	0.336265	0.498834	1
X	26000001	0.686657	0.498834	1
X	27000001	0.606941	0.498834	1
X	28000001	0.511183	0.498834	1
X	29000001	0.516182	0.498834	1
X	30000001	0.427265	0.498834	1
X	31000001	0.692325	0.498834	1
X	32000001	0.519775	0.498834	1
X	33000001	0.302674	0.498834	1
X	34000001	0.599183	0.498834	1
X	35000001	0.467378	0.498834	1
X	36000001	0.525684	0.498834	1
X	37000001	0.296582	0.498834	1
X	38000001	0.409842	0.498834	1
X	39000001	0.595713	0.498834	1
X	40000001	0.557657	0.498834	1
X	41000001	0.34575	0.498834	1
X	42000001	0.63255	0.498834	1
X	43000001	0.335119	0.498834	1
X	44000001	0.622072	0.626641	1
X	45000001	0.618245	0.626641	1
X	46000001	0.693727	0.626641	1
X	47000001	0.869996	0.626641	1
X	48000001	0.575718	0.626641	1
X	49000001	0.63121	0.626641	1
X	50000001	0.442874	0.487289	1
X	51000001	0.45703	0.487289	1
X	52000001	0.529808	0.487289	1
X	53000001	0.414157	0.487289	1
X	54000001	0.37688	0.487289	1
X	55000001	0.706051	0.487289	1
X	56000001	0.526787	0.487289	1
X	57000001	0.438852	0.487289	1
X	58000001	0.463438	0.487289	1
X	59000001	0.502295	0.487289	1
X	60000001	0.487289	0.487289	1
X	61000001	0.495246	0.487289	1
X	62000001	0.515472	0.487289	1
X	63000001	0.490552	0.487289	1
X	64000001	0.484712	0.487289	1
X	65000001	0.517224	0.487289	1
X	66000001	0.557881	0.487289	1
X	67000001	0.375514	0.487289	1
X	68000001	0.441165	0.487289	1
X	69000001	0.470312	0.487289	1
X	70000001	0.66218	0.487289	1
X	71000001	0.704021	0.487289	1
X	72000001	0.387031	0.487289	1
X	73000001	0.501089	0.487289	1
X	74000001	0.653156	0.487289	1
X	75000001	0.482315	0.487289	1
X	76000001	0.336603	0.487289	1
X	77000001	0.725774	0.705143	1
X	78000001	0.684511	0.705143	1
X	79000001	0.59575	0.705143	1
X	80000001	0.756108	0.705143	1
X	81000001	0.362216	0.542159	1
X	82000001	0.379271	0.542159	1
X	83000001	0.444371	0.542159	1
X	84000001	0.504645	0.542159	1
X	85000001	0.710499	0.542159	1
X	86000001	0.565659	0.542159	1
X	87000001	0.581319	0.542159	1
X	88000001	0.643772	0.542159	1
X	89000001	0.542159	0.542159	1
X	90000001	0.290963	0.542159	1
X	91000001	0.783634	0.542159	1
X	92000001	0.376973	0.47179	1
X	93000001	0.445974	0.47179	1
X	94000001	0.456736	0.47179	1
X	95000001	0.382472	0.47179	1
X	96000001	0.432134	0.47179	1
X	97000001	0.341807	0.47179	1
X	98000001	0.516545	0.47179	1
X	99000001	0.619048	0.47179	1
X	100000001	0.608453	0.47179	1
X	101000001	0.483852	0.47179	1
X	102000001	0.312864	0.47179	1
X	103000001	0.508382	0.47179	1
X	104000001	0.406756	0.47179	1
X	105000001	0.400491	0.47179	1
X	106000001	0.344061	0.47179	1
X	107000001	0.466955	0.47179	1
X	108000001	0.321337	0.47179	1
X	109000001	0.478293	0.47179	1
X	110000001	0.409346	0.47179	1
X	111000001	0.642049	0.47179	1
X	112000001	0.465744	0.47179	1
X	113000001	0.407056	0.47179	1
X	114000001	0.528267	0.47179	1
X	115000001	0.377027	0.47179	1
X	116000001	0.389008	0.47179	1
X	117000001	0.637064	0.47179	1
X	118000001	0.552509	0.47179	1
X	119000001	0.620206	0.47179	1
X	120000001	0.488631	0.47179	1
X	121000001	0.385658	0.47179	1
X	122000001	0.282606	0.47179	1
X	123000001	0.705209	0.47179	1
X	124000001	0.419024	0.47179	1
X	125000001	0.349997	0.47179	1
X	126000001	0.650797	0.47179	1
X	127000001	0.394688	0.47179	1
X	128000001	0.499226	0.47179	1
X	129000001	0.489092	0.47179	1
X	130000001	0.381107	0.47179	1
X	131000001	0.638095	0.47179	1
X	132000001	0.520169	0.47179	1
X	133000001	0.470431	0.47179	1
X	134000001	0.526375	0.47179	1
X	135000001	0.600582	0.47179	1
X	136000001	0.539044	0.47179	1
X	137000001	0.553379	0.47179	1
X	138000001	0.761262	0.47179	1
X	139000001	0.473104	0.47179	1
X	140000001	0.629051	0.47179	1
X	141000001	0.562745	0.47179	1
X	142000001	0.470477	0.47179	1
X	143000001	0.42255	0.47179	1
X	144000001	0.298371	0.47179	1
X	145000001	0.520263	0.47179	1
X	146000001	0.483086	0.47179	1
X	147000001	0.348766	0.47179	1
X	148000001	0.535713	0.47179	1
X	149000001	0.546842	0.47179	1
X	150000001	0.336147	0.47179	1
X	151000001	0.347598	0.47179	1
X	152000001	0.49061	0.47179	1
X	153000001	0.369633	0.47179	1
X	154000001	0.77102	0.77102	2
X	155000001	0.577051	0.77102	2
X	156000001	2.08155	0.77102	2
Y	1	-1	-1	1
Y	1000001	-1	-1	1
Y	2000001	0.527985	0.558004	1
Y	3000001	0.51753	0.558004	1
Y	4000001	0.692207	0.558004	1
Y	5000001	0.663319	0.558004	1
Y	6000001	0.530939	0.558004	1
Y	7000001	0.58507	0.558004	1
Y	8000001	0.452951	0.558004	1
Y	9000001	0.459547	0.558004	1
Y	10000001	1.4591	0.558004	1
Y	11000001	0.740423	0.558004	1
Y	12000001	0.408582	0.529645	1
Y	13000001	0.551641	0.529645	1
Y	14000001	0.480385	0.529645	1
Y	15000001	0.584711	0.529645	1
Y	16000001	0.540336	0.529645	1
Y	17000001	0.435535	0.529645	1
Y	18000001	0.188025	0.529645	1
Y	19000001	0.585459	0.529645	1
Y	20000001	0.518954	0.529645	1
Y	21000001	0.570921	0.529645	1
Y	22000001	0.287891	0.303598	1
Y	23000001	0.319304	0.303598	1
Y	24000001	0.184686	0.303598	1
Y	25000001	0.256286	0.303598	1
Y	26000001	0.468673	0.303598	1
Y	27000001	-1	0.303598	1
Y	28000001	-1	0.303598	1
Y	29000001	-1	0.303598	1
Y	30000001	-1	0.303598	1
Y	31000001	-1	0.303598	1
Y	32000001	-1	0.303598	1
Y	33000001	-1	0.303598	1
Y	34000001	-1	0.303598	1
Y	35000001	-1	0.303598	1
Y	36000001	-1	0.303598	1
Y	37000001	-1	0.303598	1
Y	38000001	-1	0.303598	1
Y	39000001	-1	0.303598	1
Y	40000001	-1	0.303598	1
Y	41000001	-1	0.303598	1
Y	42000001	-1	0.303598	1
Y	43000001	-1	0.303598	1
Y	44000001	-1	0.303598	1
Y	45000001	-1	0.303598	1
Y	46000001	-1	0.303598	1
Y	47000001	-1	0.303598	1
Y	48000001	-1	0.303598	1
Y	49000001	-1	0.303598	1
Y	50000001	-1	0.303598	1
Y	51000001	-1	0.303598	1
Y	52000001	-1	0.303598	1
Y	53000001	-1	0.303598	1
Y	54000001	-1	0.303598	1
Y	55000001	-1	0.303598	1
Y	56000001	0.856227	0.303598	1
Y	57000001	-1	-1	1
