Chromosome	Start	Ratio	MedianRatio	CopyNumber
1	1	1.03315	1.03973	2
1	1000001	1.29105	1.03973	2
1	2000001	1.00553	1.03973	2
1	3000001	0.717901	1.03973	2
1	4000001	1.24556	1.03973	2
1	5000001	1.19448	1.03973	2
1	6000001	1.17046	1.03973	2
1	7000001	1.47754	1.03973	2
1	8000001	0.88266	1.03973	2
1	9000001	0.939907	1.03973	2
1	10000001	0.773757	1.03973	2
1	11000001	0.999322	1.03973	2
1	12000001	1.05147	1.03973	2
1	13000001	0.969973	1.03973	2
1	14000001	1.15774	1.03973	2
1	15000001	0.770687	1.03973	2
1	16000001	1.05979	1.03973	2
1	17000001	0.948363	1.03973	2
1	18000001	1.16785	1.03973	2
1	19000001	0.919388	1.03973	2
1	20000001	1.21775	1.03973	2
1	21000001	0.996318	1.03973	2
1	22000001	1.06665	1.03973	2
1	23000001	0.831271	1.03973	2
1	24000001	0.893529	1.03973	2
1	25000001	0.909261	1.03973	2
1	26000001	1.00638	1.03973	2
1	27000001	0.940389	1.03973	2
1	28000001	0.714673	1.03973	2
1	29000001	1.06964	1.03973	2
1	30000001	1.09262	1.03973	2
1	31000001	1.01193	1.03973	2
1	32000001	0.714653	1.03973	2
1	33000001	0.935517	1.03973	2
1	34000001	0.84099	1.03973	2
1	35000001	1.13482	1.03973	2
1	36000001	0.963018	1.03973	2
1	37000001	1.21707	1.03973	2
1	38000001	0.918541	1.03973	2
1	39000001	0.82353	1.03973	2
1	40000001	1.01941	1.03973	2
1	41000001	1.06303	1.03973	2
1	42000001	1.01624	1.03973	2
1	43000001	0.869397	1.03973	2
1	44000001	0.847952	1.03973	2
1	45000001	1.03607	1.03973	2
1	46000001	1.01673	1.03973	2
1	47000001	1.12612	1.03973	2
1	48000001	1.33212	1.03973	2
1	49000001	1.15911	1.03973	2
1	50000001	1.25834	1.03973	2
1	51000001	1.06853	1.03973	2
1	52000001	0.924069	1.03973	2
1	53000001	0.871156	1.03973	2
1	54000001	0.839952	1.03973	2
1	55000001	0.65965	1.03973	2
1	56000001	1.44373	1.03973	2
1	57000001	1.22535	1.03973	2
1	58000001	1.29756	1.03973	2
1	59000001	0.890536	1.03973	2
1	60000001	1.22603	1.03973	2
1	61000001	1.11347	1.03973	2
1	62000001	0.945723	1.03973	2
1	63000001	1.16183	1.03973	2
1	64000001	0.919632	1.03973	2
1	65000001	1.21333	1.03973	2
1	66000001	1.1304	1.03973	2
1	67000001	0.747768	1.03973	2
1	68000001	1.33064	1.03973	2
1	69000001	1.30085	1.03973	2
1	70000001	1.08191	1.03973	2
1	71000001	1.36645	1.03973	2
1	72000001	1.29446	1.03973	2
1	73000001	1.28622	1.03973	2
1	74000001	1.22083	1.03973	2
1	75000001	0.954615	1.03973	2
1	76000001	1.23379	1.03973	2
1	77000001	0.739981	1.03973	2
1	78000001	0.890319	1.03973	2
1	79000001	1.3537	1.03973	2
1	80000001	1.44023	1.03973	2
1	81000001	1.19987	1.03973	2
1	82000001	1.03784	1.03973	2
1	83000001	0.847304	1.03973	2
1	84000001	1.04085	1.03973	2
1	85000001	1.06407	1.03973	2
1	86000001	0.921223	1.03973	2
1	87000001	0.962472	1.03973	2
1	88000001	0.925538	1.03973	2
1	89000001	0.948058	1.03973	2
1	90000001	0.968781	1.03973	2
1	91000001	1.16089	1.03973	2
1	92000001	1.11992	1.03973	2
1	93000001	1.24245	1.03973	2
1	94000001	1.00639	1.03973	2
1	95000001	1.0529	1.03973	2
1	96000001	1.30448	1.03973	2
1	97000001	1.13684	1.03973	2
1	98000001	1.492	1.03973	2
1	99000001	1.39812	1.03973	2
1	100000001	0.993214	1.03973	2
1	101000001	1.12914	1.03973	2
1	102000001	0.935127	1.03973	2
1	103000001	1.33915	1.03973	2
1	104000001	1.25717	1.03973	2
1	105000001	0.726288	1.03973	2
1	106000001	1.12298	1.03973	2
1	107000001	1.03973	1.03973	2
1	108000001	0.736843	1.03973	2
1	109000001	0.945798	1.03973	2
1	110000001	1.09225	1.03973	2
1	111000001	1.22194	1.03973	2
1	112000001	0.948455	1.03973	2
1	113000001	1.12158	1.03973	2
1	114000001	1.18827	1.03973	2
1	115000001	0.914182	1.03973	2
1	116000001	0.851335	1.03973	2
1	117000001	0.963205	1.03973	2
1	118000001	1.13308	1.03973	2
1	119000001	1.10504	1.03973	2
1	120000001	0.855207	1.03973	2
1	121000001	1.69058	1.31884	3
1	122000001	1.40439	1.31884	3
1	123000001	1.2333	1.31884	3
1	124000001	1.12345	1.31884	3
1	125000001	3.02879	3.02879	6
1	126000001	-1	-1	5
1	127000001	-1	-1	5
1	128000001	-1	-1	5
1	129000001	-1	-1	5
1	130000001	-1	-1	5
1	131000001	-1	-1	5
1	132000001	-1	-1	5
1	133000001	-1	-1	5
1	134000001	-1	-1	5
1	135000001	-1	-1	5
1	136000001	-1	-1	5
1	137000001	-1	-1	5
1	138000001	-1	-1	5
1	139000001	-1	-1	5
1	140000001	-1	-1	5
1	141000001	-1	-1	5
1	142000001	-1	-1	5
1	143000001	2.47535	2.47535	5
1	144000001	1.03299	1.02409	2
1	145000001	0.985989	1.02409	2
1	146000001	0.883424	1.02409	2
1	147000001	1.03027	1.02409	2
1	148000001	0.968006	1.02409	2
1	149000001	1.08048	1.02409	2
1	150000001	0.957173	1.02409	2
1	151000001	0.8483	1.02409	2
1	152000001	0.999077	1.02409	2
1	153000001	0.891448	1.02409	2
1	154000001	1.00041	1.02409	2
1	155000001	0.893848	1.02409	2
1	156000001	0.842355	1.02409	2
1	157000001	1.16546	1.02409	2
1	158000001	1.08578	1.02409	2
1	159000001	1.13339	1.02409	2
1	160000001	0.86955	1.02409	2
1	161000001	0.863371	1.02409	2
1	162000001	1.13434	1.02409	2
1	163000001	1.24999	1.02409	2
1	164000001	0.955293	1.02409	2
1	165000001	0.85328	1.02409	2
1	166000001	0.828621	1.02409	2
1	167000001	1.0543	1.02409	2
1	168000001	1.00526	1.02409	2
1	169000001	0.953654	1.02409	2
1	170000001	1.36032	1.02409	2
1	171000001	0.924264	1.02409	2
1	172000001	1.16742	1.02409	2
1	173000001	0.888464	1.02409	2
1	174000001	1.00958	1.02409	2
1	175000001	0.866834	1.02409	2
1	176000001	0.933874	1.02409	2
1	177000001	1.04602	1.02409	2
1	178000001	1.02409	1.02409	2
1	179000001	1.07936	1.02409	2
1	180000001	1.15297	1.02409	2
1	181000001	1.24742	1.02409	2
1	182000001	1.06898	1.02409	2
1	183000001	1.11125	1.02409	2
1	184000001	0.75415	1.02409	2
1	185000001	1.17696	1.02409	2
1	186000001	1.57834	1.02409	2
1	187000001	1.08229	1.02409	2
1	188000001	0.937377	1.02409	2
1	189000001	1.22477	1.02409	2
1	190000001	0.87648	1.02409	2
1	191000001	1.37658	1.02409	2
1	192000001	1.10769	1.02409	2
1	193000001	1.35326	1.02409	2
1	194000001	1.33779	1.02409	2
1	195000001	1.11478	1.02409	2
1	196000001	0.864466	1.02409	2
1	197000001	1.01395	1.02409	2
1	198000001	1.51947	1.02409	2
1	199000001	1.20266	1.02409	2
1	200000001	1.14754	1.02409	2
1	201000001	1.06439	1.02409	2
1	202000001	1.05233	1.02409	2
1	203000001	0.862647	1.02409	2
1	204000001	0.713876	1.02409	2
1	205000001	0.995705	1.02409	2
1	206000001	0.871621	1.02409	2
1	207000001	0.935481	1.02409	2
1	208000001	0.814653	1.02409	2
1	209000001	1.1134	1.02409	2
1	210000001	1.33951	1.02409	2
1	211000001	0.998186	1.02409	2
1	212000001	1.04225	1.02409	2
1	213000001	0.868979	1.02409	2
1	214000001	1.0932	1.02409	2
1	215000001	0.856016	1.02409	2
1	216000001	1.24542	1.02409	2
1	217000001	1.15702	1.02409	2
1	218000001	1.0301	1.02409	2
1	219000001	0.984691	1.02409	2
1	220000001	1.07475	1.02409	2
1	221000001	1.32195	1.02409	2
1	222000001	0.66157	1.02409	2
1	223000001	1.00014	1.02409	2
1	224000001	0.957083	1.02409	2
1	225000001	0.658424	1.02409	2
1	226000001	1.09933	1.02409	2
1	227000001	1.01999	1.02409	2
1	228000001	0.740356	1.02409	2
1	229000001	1.05633	1.02409	2
1	230000001	0.861878	1.02409	2
1	231000001	1.02409	1.02409	2
1	232000001	0.691723	1.02409	2
1	233000001	1.19089	1.02409	2
1	234000001	0.796649	1.02409	2
1	235000001	0.845022	1.02409	2
1	236000001	1.06242	1.02409	2
1	237000001	1.04556	1.02409	2
1	238000001	1.30275	1.02409	2
1	239000001	0.939784	1.02409	2
1	240000001	0.94934	1.02409	2
1	241000001	1.16333	1.02409	2
1	242000001	0.842183	1.02409	2
1	243000001	0.830752	1.02409	2
1	244000001	1.03164	1.02409	2
1	245000001	1.03751	1.02409	2
1	246000001	0.959125	1.02409	2
1	247000001	1.03155	1.02409	2
1	248000001	1.10533	1.02409	2
10	1	1.16401	1.15475	2
10	1000001	1.15475	1.15475	2
10	2000001	1.03322	1.15475	2
10	3000001	1.03364	1.15475	2
10	4000001	1.29846	1.15475	2
10	5000001	1.0316	1.15475	2
10	6000001	1.21248	1.15475	2
10	7000001	0.889245	1.15475	2
10	8000001	0.946195	1.15475	2
10	9000001	1.36416	1.15475	2
10	10000001	1.18013	1.15475	2
10	11000001	0.940011	1.04344	2
10	12000001	0.797465	1.04344	2
10	13000001	0.828264	1.04344	2
10	14000001	1.14328	1.04344	2
10	15000001	1.24849	1.04344	2
10	16000001	0.907815	1.04344	2
10	17000001	0.990529	1.04344	2
10	18000001	1.01202	1.04344	2
10	19000001	0.809558	1.04344	2
10	20000001	1.09125	1.04344	2
10	21000001	1.07191	1.04344	2
10	22000001	1.00608	1.04344	2
10	23000001	1.13477	1.04344	2
10	24000001	1.16266	1.04344	2
10	25000001	1.1333	1.04344	2
10	26000001	1.08215	1.04344	2
10	27000001	1.03548	1.04344	2
10	28000001	1.26247	1.04344	2
10	29000001	1.02437	1.04344	2
10	30000001	1.02099	1.04344	2
10	31000001	1.08641	1.04344	2
10	32000001	0.987756	1.04344	2
10	33000001	1.11644	1.04344	2
10	34000001	1.13604	1.04344	2
10	35000001	0.86067	1.04344	2
10	36000001	1.18655	1.04344	2
10	37000001	1.20169	1.04344	2
10	38000001	1.08319	1.04344	2
10	39000001	1.00475	1.04344	2
10	40000001	1.31883	1.04344	2
10	41000001	1.09866	1.04344	2
10	42000001	1.10665	1.04344	2
10	43000001	1.04344	1.04344	2
10	44000001	0.823203	1.04344	2
10	45000001	1.00452	1.04344	2
10	46000001	0.911741	1.04344	2
10	47000001	0.992321	1.04344	2
10	48000001	1.10324	1.04344	2
10	49000001	1.05893	1.04344	2
10	50000001	1.17242	1.04344	2
10	51000001	1.02356	1.04344	2
10	52000001	1.17438	1.04344	2
10	53000001	1.07972	1.04344	2
10	54000001	0.744812	1.04344	2
10	55000001	0.812255	1.04344	2
10	56000001	0.884954	1.04344	2
10	57000001	1.30385	1.04344	2
10	58000001	1.15287	1.04344	2
10	59000001	1.00528	1.04344	2
10	60000001	1.05607	1.04344	2
10	61000001	0.94306	1.04344	2
10	62000001	1.1259	1.04344	2
10	63000001	1.06941	1.04344	2
10	64000001	1.10713	1.04344	2
10	65000001	1.16635	1.04344	2
10	66000001	1.13764	1.04344	2
10	67000001	0.928074	1.04344	2
10	68000001	1.07224	1.04344	2
10	69000001	0.983983	1.04344	2
10	70000001	1.05082	1.04344	2
10	71000001	1.02407	1.04344	2
10	72000001	1.01661	1.04344	2
10	73000001	0.881506	1.04344	2
10	74000001	0.774986	1.04344	2
10	75000001	1.07398	1.04344	2
10	76000001	0.884793	1.04344	2
10	77000001	0.91441	1.04344	2
10	78000001	1.05878	1.04344	2
10	79000001	0.880839	1.04344	2
10	80000001	1.11727	1.04344	2
10	81000001	1.55758	1.04344	2
10	82000001	1.05981	1.04344	2
10	83000001	1.07124	1.04344	2
10	84000001	0.965163	1.04344	2
10	85000001	1.09718	1.04344	2
10	86000001	1.10651	1.04344	2
10	87000001	0.954281	1.04344	2
10	88000001	0.79022	1.04344	2
10	89000001	0.881748	1.04344	2
10	90000001	1.1148	1.04344	2
10	91000001	0.825271	1.04344	2
10	92000001	0.935134	1.04344	2
10	93000001	0.942089	1.04344	2
10	94000001	1.14568	1.04344	2
10	95000001	0.982515	1.04344	2
10	96000001	0.962489	1.04344	2
10	97000001	0.897127	1.04344	2
10	98000001	1.13572	1.04344	2
10	99000001	0.673768	1.04344	2
10	100000001	0.878931	1.04344	2
10	101000001	0.868673	1.04344	2
10	102000001	0.84548	1.04344	2
10	103000001	0.794266	1.04344	2
10	104000001	0.972755	1.04344	2
10	105000001	1.20827	1.04344	2
10	106000001	1.27532	1.04344	2
10	107000001	1.51233	1.04344	2
10	108000001	0.978618	1.04344	2
10	109000001	1.20782	1.04344	2
10	110000001	1.20454	1.04344	2
10	111000001	1.15839	1.04344	2
10	112000001	1.2942	1.04344	2
10	113000001	1.10461	1.04344	2
10	114000001	0.903965	1.04344	2
10	115000001	0.835432	1.04344	2
10	116000001	1.18706	1.04344	2
10	117000001	1.00624	1.04344	2
10	118000001	1.14886	1.04344	2
10	119000001	0.956228	1.04344	2
10	120000001	1.01285	1.04344	2
10	121000001	1.05788	1.04344	2
10	122000001	1.05239	1.04344	2
10	123000001	0.917289	1.04344	2
10	124000001	0.842983	1.04344	2
10	125000001	1.07013	1.04344	2
10	126000001	3.1515	3.1515	6
10	127000001	1.00775	1.15061	2
10	128000001	1.01365	1.15061	2
10	129000001	1.2241	1.15061	2
10	130000001	1.26235	1.15061	2
10	131000001	1.15061	1.15061	2
10	132000001	1.08934	1.15061	2
10	133000001	1.23164	1.15061	2
11	1	0.752337	0.774206	2
11	1000001	0.796075	0.774206	2
11	2000001	0.916016	0.774206	2
11	3000001	0.742146	0.774206	2
11	4000001	1.01541	1.01541	2
11	5000001	1.35074	1.01541	2
11	6000001	0.988285	1.01541	2
11	7000001	0.946487	1.01541	2
11	8000001	0.900383	1.01541	2
11	9000001	1.10342	1.01541	2
11	10000001	1.02243	1.01541	2
11	11000001	1.9064	1.9064	4
11	12000001	0.938165	1.0318	2
11	13000001	0.953446	1.0318	2
11	14000001	1.0318	1.0318	2
11	15000001	1.04083	1.0318	2
11	16000001	0.9596	1.0318	2
11	17000001	1.03528	1.0318	2
11	18000001	1.03949	1.0318	2
11	19000001	1.10568	1.0318	2
11	20000001	0.931664	1.0318	2
11	21000001	1.27764	1.23541	2
11	22000001	1.25961	1.23541	2
11	23000001	1.21121	1.23541	2
11	24000001	1.00184	1.23541	2
11	25000001	1.27329	1.23541	2
11	26000001	1.06981	1.23541	2
11	27000001	0.804882	0.96291	2
11	28000001	0.967205	0.96291	2
11	29000001	0.958616	0.96291	2
11	30000001	0.987051	0.96291	2
11	31000001	1.20671	1.12384	2
11	32000001	1.14813	1.12384	2
11	33000001	1.15382	1.12384	2
11	34000001	0.939167	1.12384	2
11	35000001	1.18528	1.12384	2
11	36000001	0.930953	1.12384	2
11	37000001	1.09956	1.12384	2
11	38000001	0.879212	1.12384	2
11	39000001	1.25419	1.23598	2
11	40000001	1.10248	1.23598	2
11	41000001	1.15987	1.23598	2
11	42000001	1.23598	1.23598	2
11	43000001	1.37411	1.23598	2
11	44000001	0.932703	0.931158	2
11	45000001	0.796586	0.931158	2
11	46000001	1.01535	0.931158	2
11	47000001	0.97701	0.931158	2
11	48000001	0.880361	0.931158	2
11	49000001	1.20794	0.931158	2
11	50000001	0.931158	0.931158	2
11	51000001	0.997205	0.931158	2
11	52000001	0.928747	0.931158	2
11	53000001	0.777025	0.931158	2
11	54000001	0.834763	0.931158	2
11	55000001	1.12177	1.12177	2
11	56000001	0.973893	1.12177	2
11	57000001	0.994925	1.12177	2
11	58000001	1.31935	1.12177	2
11	59000001	1.19676	1.12177	2
11	60000001	0.939683	0.85827	2
11	61000001	0.844729	0.85827	2
11	62000001	0.922431	0.85827	2
11	63000001	0.85827	0.85827	2
11	64000001	0.839875	0.85827	2
11	65000001	0.937847	0.85827	2
11	66000001	0.718404	0.85827	2
11	67000001	1.16172	1.16172	2
11	68000001	1.02174	1.16172	2
11	69000001	1.55672	1.16172	2
11	70000001	0.960549	0.892064	2
11	71000001	0.892064	0.892064	2
11	72000001	1.02421	0.892064	2
11	73000001	0.818851	0.892064	2
11	74000001	1.05431	0.892064	2
11	75000001	0.955085	0.892064	2
11	76000001	0.82613	0.892064	2
11	77000001	0.759816	0.892064	2
11	78000001	1.03676	0.892064	2
11	79000001	0.977692	0.892064	2
11	80000001	0.817222	0.892064	2
11	81000001	1.14327	0.892064	2
11	82000001	0.811656	0.892064	2
11	83000001	1.02053	0.892064	2
11	84000001	1.22912	0.892064	2
11	85000001	0.796187	0.892064	2
11	86000001	0.827423	0.892064	2
11	87000001	0.850735	0.892064	2
11	88000001	0.87919	0.892064	2
11	89000001	1.21146	1.1205	2
11	90000001	0.889429	1.1205	2
11	91000001	1.36186	1.1205	2
11	92000001	1.12295	1.1205	2
11	93000001	1.04794	1.1205	2
11	94000001	0.98105	1.1205	2
11	95000001	1.13481	1.1205	2
11	96000001	1.16539	1.1205	2
11	97000001	0.919945	1.1205	2
11	98000001	0.906857	1.1205	2
11	99000001	1.11927	1.1205	2
11	100000001	1.06487	1.1205	2
11	101000001	1.20926	1.1205	2
11	102000001	1.0337	1.1205	2
11	103000001	1.24194	1.1205	2
11	104000001	1.38874	1.1205	2
11	105000001	1.12174	1.1205	2
11	106000001	1.204	1.1205	2
11	107000001	0.976623	1.1205	2
11	108000001	1.21987	1.1205	2
11	109000001	1.00108	1.1205	2
11	110000001	1.1136	1.1205	2
11	111000001	1.06189	1.1205	2
11	112000001	1.26566	1.1205	2
11	113000001	0.889212	0.888822	2
11	114000001	0.967323	0.888822	2
11	115000001	0.70021	0.888822	2
11	116000001	0.864795	0.888822	2
11	117000001	0.901465	0.888822	2
11	118000001	0.969073	0.888822	2
11	119000001	0.888431	0.888822	2
11	120000001	0.873479	0.888822	2
11	121000001	1.05754	1.0857	2
11	122000001	1.0857	1.0857	2
11	123000001	1.13783	1.0857	2
11	124000001	1.0227	1.0857	2
11	125000001	1.09362	1.0857	2
11	126000001	0.877505	0.864615	2
11	127000001	0.829818	0.864615	2
11	128000001	0.864615	0.864615	2
11	129000001	0.760257	0.864615	2
11	130000001	0.874579	0.864615	2
11	131000001	1.06266	1.06266	2
11	132000001	1.02203	1.06266	2
11	133000001	1.20075	1.06266	2
11	134000001	0.77124	1.06266	2
11	135000001	1.10762	1.06266	2
12	1	0.978526	0.970011	2
12	1000001	0.899992	0.970011	2
12	2000001	0.941756	0.970011	2
12	3000001	1.10171	0.970011	2
12	4000001	1.12767	0.970011	2
12	5000001	1.23277	0.970011	2
12	6000001	0.874263	0.970011	2
12	7000001	0.871576	0.970011	2
12	8000001	1.0852	0.970011	2
12	9000001	0.884836	0.970011	2
12	10000001	1.1727	0.970011	2
12	11000001	1.03438	0.970011	2
12	12000001	0.912118	0.970011	2
12	13000001	1.00759	0.970011	2
12	14000001	0.961496	0.970011	2
12	15000001	0.847626	0.970011	2
12	16000001	1.28387	1.13445	2
12	17000001	1.10834	1.13445	2
12	18000001	1.03861	1.13445	2
12	19000001	1.13445	1.13445	2
12	20000001	1.02325	1.13445	2
12	21000001	1.32345	1.13445	2
12	22000001	0.981011	1.13445	2
12	23000001	1.0628	1.13445	2
12	24000001	1.29546	1.13445	2
12	25000001	1.21999	1.13445	2
12	26000001	1.05559	1.13445	2
12	27000001	0.986097	1.13445	2
12	28000001	0.971163	1.13445	2
12	29000001	1.19741	1.13445	2
12	30000001	1.17939	1.13445	2
12	31000001	1.26299	1.13445	2
12	32000001	0.919653	1.13445	2
12	33000001	1.24368	1.13445	2
12	34000001	1.23349	1.13445	2
12	35000001	0.630479	0.63025	1
12	36000001	0.63002	0.63025	1
12	37000001	1.07574	1.09254	2
12	38000001	0.968106	1.09254	2
12	39000001	0.958091	1.09254	2
12	40000001	1.23046	1.09254	2
12	41000001	1.43202	1.09254	2
12	42000001	1.12164	1.09254	2
12	43000001	1.05891	1.09254	2
12	44000001	1.10935	1.09254	2
12	45000001	1.30257	1.09254	2
12	46000001	0.913805	1.09254	2
12	47000001	1.04633	1.09254	2
12	48000001	1.48448	1.09254	2
12	49000001	0.827327	0.816185	2
12	50000001	0.791407	0.816185	2
12	51000001	0.936205	0.816185	2
12	52000001	0.805041	0.816185	2
12	53000001	1.25481	1.06167	2
12	54000001	0.938104	1.06167	2
12	55000001	1.13301	1.06167	2
12	56000001	1.07648	1.06167	2
12	57000001	0.937592	1.06167	2
12	58000001	0.889503	1.06167	2
12	59000001	0.95954	1.06167	2
12	60000001	0.938732	1.06167	2
12	61000001	1.17009	1.06167	2
12	62000001	1.15413	1.06167	2
12	63000001	1.10749	1.06167	2
12	64000001	1.04691	1.06167	2
12	65000001	1.04998	1.06167	2
12	66000001	1.01979	1.06167	2
12	67000001	1.35543	1.06167	2
12	68000001	1.07336	1.06167	2
12	69000001	1.00524	1.06167	2
12	70000001	1.09838	1.06167	2
12	71000001	1.32771	1.06167	2
12	72000001	0.991144	1.06167	2
12	73000001	1.07746	1.06167	2
12	74000001	1.00851	1.06167	2
12	75000001	0.972842	1.06167	2
12	76000001	0.961599	1.06167	2
12	77000001	0.697778	1.06167	2
12	78000001	1.24669	1.06167	2
12	79000001	0.766243	1.06167	2
12	80000001	1.13453	1.06167	2
12	81000001	1.34817	1.06167	2
12	82000001	1.28628	1.06167	2
12	83000001	1.16457	1.06167	2
12	84000001	1.08257	1.06167	2
12	85000001	1.08945	1.06167	2
12	86000001	1.03138	1.06167	2
12	87000001	1.07546	1.06167	2
12	88000001	1.25821	1.06167	2
12	89000001	1.08451	1.06167	2
12	90000001	1.08341	1.06167	2
12	91000001	0.93864	1.06167	2
12	92000001	1.02463	1.06167	2
12	93000001	0.775375	1.06167	2
12	94000001	1.0227	1.06167	2
12	95000001	1.3607	1.06167	2
12	96000001	0.915878	1.06167	2
12	97000001	0.981267	1.06167	2
12	98000001	0.877139	1.06167	2
12	99000001	1.29686	1.21392	2
12	100000001	1.02602	1.21392	2
12	101000001	1.4259	1.21392	2
12	102000001	1.13098	1.21392	2
12	103000001	0.70714	0.96633	2
12	104000001	0.939471	0.96633	2
12	105000001	0.937113	0.96633	2
12	106000001	0.991721	0.96633	2
12	107000001	1.1726	0.96633	2
12	108000001	1.15127	0.96633	2
12	109000001	0.977313	0.96633	2
12	110000001	0.780354	0.96633	2
12	111000001	1.13482	0.96633	2
12	112000001	0.784514	0.96633	2
12	113000001	0.932221	0.96633	2
12	114000001	0.899828	0.96633	2
12	115000001	1.01443	0.96633	2
12	116000001	0.964539	0.96633	2
12	117000001	0.934049	0.96633	2
12	118000001	0.997735	0.96633	2
12	119000001	1.22982	0.96633	2
12	120000001	0.793243	0.96633	2
12	121000001	0.925149	0.96633	2
12	122000001	0.883473	0.96633	2
12	123000001	0.826822	0.96633	2
12	124000001	0.971889	0.96633	2
12	125000001	0.968437	0.96633	2
12	126000001	1.26626	0.96633	2
12	127000001	1.00913	0.96633	2
12	128000001	0.968121	0.96633	2
12	129000001	1.67754	1.67754	3
12	130000001	0.97527	1.01075	2
12	131000001	1.44588	1.01075	2
12	132000001	1.04622	1.01075	2
12	133000001	0.935871	1.01075	2
13	1	-1	-1	2
13	1000001	-1	-1	2
13	2000001	-1	-1	2
13	3000001	-1	-1	2
13	4000001	-1	-1	2
13	5000001	-1	-1	2
13	6000001	-1	-1	2
13	7000001	-1	-1	2
13	8000001	-1	-1	2
13	9000001	-1	-1	2
13	10000001	-1	-1	2
13	11000001	-1	-1	2
13	12000001	-1	-1	2
13	13000001	-1	-1	2
13	14000001	-1	-1	2
13	15000001	-1	-1	2
13	16000001	1.06015	1.09577	2
13	17000001	1.23155	1.09577	2
13	18000001	1.29471	1.09577	2
13	19000001	0.998018	1.09577	2
13	20000001	1.13513	1.09577	2
13	21000001	1.17182	1.09577	2
13	22000001	0.876135	1.09577	2
13	23000001	1.19226	1.09577	2
13	24000001	1.06721	1.09577	2
13	25000001	0.991002	1.09577	2
13	26000001	1.01282	1.09577	2
13	27000001	1.09577	1.09577	2
13	28000001	1.21707	1.09577	2
13	29000001	0.879298	0.91627	2
13	30000001	0.879365	0.91627	2
13	31000001	1.03759	0.91627	2
13	32000001	1.00567	0.91627	2
13	33000001	0.91627	0.91627	2
13	34000001	0.893434	0.91627	2
13	35000001	1.00711	0.91627	2
13	36000001	1.13092	0.91627	2
13	37000001	0.887701	0.91627	2
13	38000001	1.28262	1.12882	2
13	39000001	1.00521	1.12882	2
13	40000001	1.13468	1.12882	2
13	41000001	1.28638	1.12882	2
13	42000001	0.944719	1.12882	2
13	43000001	1.17059	1.12882	2
13	44000001	1.08829	1.12882	2
13	45000001	1.04191	1.12882	2
13	46000001	1.07823	1.12882	2
13	47000001	1.14808	1.12882	2
13	48000001	1.15093	1.12882	2
13	49000001	0.971818	1.12882	2
13	50000001	1.39102	1.12882	2
13	51000001	0.954917	1.12882	2
13	52000001	0.965109	1.12882	2
13	53000001	1.19135	1.12882	2
13	54000001	1.15337	1.12882	2
13	55000001	0.97815	1.12882	2
13	56000001	1.45872	1.12882	2
13	57000001	1.04871	1.12882	2
13	58000001	0.893348	1.12882	2
13	59000001	1.25117	1.12882	2
13	60000001	1.32623	1.12882	2
13	61000001	0.980891	1.12882	2
13	62000001	1.27219	1.12882	2
13	63000001	1.07755	1.12882	2
13	64000001	1.12882	1.12882	2
13	65000001	1.1342	1.12882	2
13	66000001	0.958353	1.12882	2
13	67000001	1.48562	1.39459	3
13	68000001	1.30356	1.39459	3
13	69000001	1.04771	1.20552	2
13	70000001	1.20552	1.20552	2
13	71000001	1.38171	1.20552	2
13	72000001	1.03193	0.981462	2
13	73000001	0.931144	0.981462	2
13	74000001	0.773788	0.981462	2
13	75000001	1.07821	0.981462	2
13	76000001	1.18856	0.981462	2
13	77000001	0.924103	0.981462	2
13	78000001	0.94621	0.981462	2
13	79000001	1.01671	0.981462	2
13	80000001	1.29427	1.17271	2
13	81000001	1.27282	1.17271	2
13	82000001	0.992174	1.17271	2
13	83000001	1.19395	1.17271	2
13	84000001	0.911345	1.17271	2
13	85000001	1.12983	1.17271	2
13	86000001	1.11199	1.17271	2
13	87000001	1.23198	1.17271	2
13	88000001	1.26021	1.17271	2
13	89000001	1.15148	1.17271	2
13	90000001	1.02177	1.17271	2
13	91000001	1.45638	1.17271	2
13	92000001	0.936484	0.981172	2
13	93000001	0.83199	0.981172	2
13	94000001	1.03793	0.981172	2
13	95000001	0.889404	0.981172	2
13	96000001	1.06786	0.981172	2
13	97000001	0.984593	0.981172	2
13	98000001	1.02225	0.981172	2
13	99000001	1.11055	0.981172	2
13	100000001	0.99538	0.981172	2
13	101000001	0.88088	0.981172	2
13	102000001	0.97775	0.981172	2
13	103000001	1.23156	0.981172	2
13	104000001	0.851528	0.981172	2
13	105000001	0.879673	0.981172	2
13	106000001	1.01862	0.981172	2
13	107000001	0.960976	0.981172	2
13	108000001	1.39168	1.01813	2
13	109000001	1.01813	1.01813	2
13	110000001	1.5755	1.01813	2
13	111000001	1.23421	1.01813	2
13	112000001	0.970269	1.01813	2
13	113000001	1.01522	1.01813	2
13	114000001	0.816073	1.01813	2
14	1	-1	-1	2
14	1000001	-1	-1	2
14	2000001	-1	-1	2
14	3000001	-1	-1	2
14	4000001	-1	-1	2
14	5000001	-1	-1	2
14	6000001	-1	-1	2
14	7000001	-1	-1	2
14	8000001	-1	-1	2
14	9000001	-1	-1	2
14	10000001	-1	-1	2
14	11000001	-1	-1	2
14	12000001	-1	-1	2
14	13000001	-1	-1	2
14	14000001	-1	-1	2
14	15000001	-1	-1	2
14	16000001	1.40016	1.04505	2
14	17000001	1.2358	1.04505	2
14	18000001	1.14941	1.04505	2
14	19000001	1.20334	1.04505	2
14	20000001	1.1124	1.04505	2
14	21000001	0.698688	1.04505	2
14	22000001	1.05008	1.04505	2
14	23000001	0.945105	1.04505	2
14	24000001	0.944927	1.04505	2
14	25000001	1.12036	1.04505	2
14	26000001	1.4128	1.04505	2
14	27000001	1.18832	1.04505	2
14	28000001	1.03022	1.04505	2
14	29000001	1.4857	1.04505	2
14	30000001	0.894282	1.04505	2
14	31000001	1.00993	1.04505	2
14	32000001	1.0749	1.04505	2
14	33000001	0.9122	1.04505	2
14	34000001	1.04002	1.04505	2
14	35000001	0.595215	1.04505	2
14	36000001	0.868939	1.04505	2
14	37000001	1.12397	1.04505	2
14	38000001	1.37926	1.04505	2
14	39000001	1.02914	1.04505	2
14	40000001	1.07239	1.04505	2
14	41000001	0.877104	1.04505	2
14	42000001	1.17262	1.04505	2
14	43000001	0.831428	1.04505	2
14	44000001	1.16845	1.04505	2
14	45000001	0.897871	1.04505	2
14	46000001	0.941992	1.04505	2
14	47000001	1.30808	1.04505	2
14	48000001	1.264	1.04505	2
14	49000001	0.966614	1.04505	2
14	50000001	1.23149	1.04505	2
14	51000001	0.927289	1.04505	2
14	52000001	1.08695	1.04505	2
14	53000001	0.923512	1.04505	2
14	54000001	0.9227	1.04505	2
14	55000001	0.976508	1.04505	2
14	56000001	1.00477	1.04505	2
14	57000001	0.898572	1.04505	2
14	58000001	1.07905	1.04505	2
14	59000001	1.16022	1.04505	2
14	60000001	2.06699	2.06699	4
14	61000001	1.10729	1.18767	2
14	62000001	1.18767	1.18767	2
14	63000001	1.42179	1.18767	2
14	64000001	0.90013	0.960315	2
14	65000001	0.616363	0.960315	2
14	66000001	1.45639	0.960315	2
14	67000001	1.02603	0.960315	2
14	68000001	1.14813	0.960315	2
14	69000001	0.993018	0.960315	2
14	70000001	0.949283	0.960315	2
14	71000001	1.08327	0.960315	2
14	72000001	1.22036	0.960315	2
14	73000001	0.913348	0.960315	2
14	74000001	0.904341	0.960315	2
14	75000001	0.715777	0.960315	2
14	76000001	0.932976	0.960315	2
14	77000001	0.958079	0.960315	2
14	78000001	0.945634	0.960315	2
14	79000001	0.983321	0.960315	2
14	80000001	1.00692	0.960315	2
14	81000001	1.02816	0.960315	2
14	82000001	0.800448	0.960315	2
14	83000001	1.54661	0.960315	2
14	84000001	0.852931	0.960315	2
14	85000001	1.05043	0.960315	2
14	86000001	1.07829	0.960315	2
14	87000001	0.905564	0.960315	2
14	88000001	1.04536	0.960315	2
14	89000001	0.852534	0.960315	2
14	90000001	0.8097	0.960315	2
14	91000001	0.968413	0.960315	2
14	92000001	1.10343	0.960315	2
14	93000001	0.865548	0.960315	2
14	94000001	0.960315	0.960315	2
14	95000001	0.6866	0.960315	2
14	96000001	1.07566	0.960315	2
14	97000001	0.769703	0.960315	2
14	98000001	1.07818	0.960315	2
14	99000001	0.883568	0.960315	2
14	100000001	1.0543	0.960315	2
14	101000001	0.833795	0.960315	2
14	102000001	1.04351	0.960315	2
14	103000001	1.05918	0.960315	2
14	104000001	0.746581	0.960315	2
14	105000001	1.12591	0.960315	2
14	106000001	0.93377	0.960315	2
14	107000001	-1	-1	2
15	1	-1	-1	2
15	1000001	-1	-1	2
15	2000001	-1	-1	2
15	3000001	-1	-1	2
15	4000001	-1	-1	2
15	5000001	-1	-1	2
15	6000001	-1	-1	2
15	7000001	-1	-1	2
15	8000001	-1	-1	2
15	9000001	-1	-1	2
15	10000001	-1	-1	2
15	11000001	-1	-1	2
15	12000001	-1	-1	2
15	13000001	-1	-1	2
15	14000001	-1	-1	2
15	15000001	-1	-1	2
15	16000001	-1	-1	2
15	17000001	1.39858	1.11924	2
15	18000001	1.05628	1.11924	2
15	19000001	0.987995	1.11924	2
15	20000001	1.40399	1.11924	2
15	21000001	1.55263	1.11924	2
15	22000001	1.11924	1.11924	2
15	23000001	1.11594	1.11924	2
15	24000001	1.07747	0.900085	2
15	25000001	0.89109	0.900085	2
15	26000001	1.05721	0.900085	2
15	27000001	0.737816	0.900085	2
15	28000001	1.04716	0.900085	2
15	29000001	0.810749	0.900085	2
15	30000001	0.909081	0.900085	2
15	31000001	0.765349	0.900085	2
15	32000001	1.08236	0.900085	2
15	33000001	0.836855	0.900085	2
15	34000001	1.18314	0.900085	2
15	35000001	0.875217	0.900085	2
15	36000001	1.24846	1.25666	3
15	37000001	1.112	1.25666	3
15	38000001	1.26485	1.25666	3
15	39000001	1.28743	1.25666	3
15	40000001	0.971791	1.07576	2
15	41000001	1.19375	1.07576	2
15	42000001	0.949964	1.07576	2
15	43000001	0.867486	1.07576	2
15	44000001	0.77721	1.07576	2
15	45000001	1.26302	1.07576	2
15	46000001	1.05168	1.07576	2
15	47000001	1.34484	1.07576	2
15	48000001	1.04109	1.07576	2
15	49000001	1.04062	1.07576	2
15	50000001	1.14524	1.07576	2
15	51000001	1.02471	1.07576	2
15	52000001	0.843447	1.07576	2
15	53000001	1.35162	1.07576	2
15	54000001	0.898683	1.07576	2
15	55000001	1.16826	1.07576	2
15	56000001	1.3671	1.07576	2
15	57000001	1.22062	1.07576	2
15	58000001	0.779702	1.07576	2
15	59000001	1.12849	1.07576	2
15	60000001	1.23015	1.07576	2
15	61000001	1.23754	1.07576	2
15	62000001	0.973154	1.07576	2
15	63000001	0.915612	1.07576	2
15	64000001	0.814914	1.07576	2
15	65000001	0.887726	1.07576	2
15	66000001	1.0143	1.07576	2
15	67000001	1.11054	1.07576	2
15	68000001	1.11187	1.07576	2
15	69000001	1.03491	1.07576	2
15	70000001	0.857654	1.07576	2
15	71000001	1.21516	1.07576	2
15	72000001	1.13804	1.07576	2
15	73000001	1.07807	1.07576	2
15	74000001	0.77069	1.07576	2
15	75000001	1.21479	1.07576	2
15	76000001	1.10463	1.07576	2
15	77000001	1.00422	1.07576	2
15	78000001	1.23943	1.07576	2
15	79000001	1.25553	1.07576	2
15	80000001	1.13117	1.07576	2
15	81000001	1.09639	1.07576	2
15	82000001	0.867664	1.07576	2
15	83000001	1.13604	1.07576	2
15	84000001	0.748816	1.07576	2
15	85000001	1.13474	1.07576	2
15	86000001	1.33056	1.07576	2
15	87000001	1.07345	1.07576	2
15	88000001	0.829683	1.07576	2
15	89000001	1.24931	1.07576	2
15	90000001	1.10414	1.07576	2
15	91000001	0.925092	1.07576	2
15	92000001	0.988525	1.07576	2
15	93000001	0.939146	1.07576	2
15	94000001	1.19739	1.24159	2
15	95000001	1.28578	1.24159	2
15	96000001	1.06763	1.24159	2
15	97000001	1.67216	1.24159	2
15	98000001	0.995978	1.02857	2
15	99000001	1.05425	1.02857	2
15	100000001	1.10109	1.02857	2
15	101000001	1.00288	1.02857	2
16	1	0.809371	0.936763	2
16	1000001	0.773528	0.936763	2
16	2000001	0.958188	0.936763	2
16	3000001	0.968658	0.936763	2
16	4000001	1.00669	0.936763	2
16	5000001	0.931734	0.936763	2
16	6000001	1.00331	0.936763	2
16	7000001	1.03504	0.936763	2
16	8000001	0.771544	0.936763	2
16	9000001	0.826968	0.936763	2
16	10000001	1.0778	0.936763	2
16	11000001	0.637359	0.936763	2
16	12000001	0.849632	0.936763	2
16	13000001	1.07122	0.936763	2
16	14000001	1.01442	0.936763	2
16	15000001	0.883437	0.936763	2
16	16000001	0.936763	0.936763	2
16	17000001	0.767011	0.936763	2
16	18000001	0.708499	0.936763	2
16	19000001	0.959765	0.936763	2
16	20000001	1.03357	0.936763	2
16	21000001	1.06838	0.936763	2
16	22000001	0.846995	0.936763	2
16	23000001	1.36084	1.0308	2
16	24000001	1.20059	1.0308	2
16	25000001	1.23033	1.0308	2
16	26000001	0.786896	1.0308	2
16	27000001	1.04915	1.0308	2
16	28000001	0.94667	1.0308	2
16	29000001	0.953746	1.0308	2
16	30000001	1.10749	1.0308	2
16	31000001	1.03458	1.0308	2
16	32000001	0.980705	1.0308	2
16	33000001	1.24915	1.0308	2
16	34000001	2.18246	1.0308	2
16	35000001	1.02701	1.0308	2
16	36000001	0.880436	1.0308	2
16	37000001	0.714024	1.0308	2
16	38000001	0.585256	1.0308	2
16	39000001	-1	-1	2
16	40000001	-1	-1	2
16	41000001	-1	-1	2
16	42000001	-1	-1	2
16	43000001	-1	-1	2
16	44000001	-1	-1	2
16	45000001	-1	-1	2
16	46000001	4.40819	4.40819	9
16	47000001	1.2173	1.07244	2
16	48000001	1.06155	1.07244	2
16	49000001	1.20454	1.07244	2
16	50000001	0.965941	1.07244	2
16	51000001	0.942401	1.07244	2
16	52000001	1.44338	1.07244	2
16	53000001	0.742832	1.07244	2
16	54000001	1.19898	1.07244	2
16	55000001	1.06754	1.07244	2
16	56000001	0.765515	1.07244	2
16	57000001	1.20553	1.07244	2
16	58000001	1.4137	1.07244	2
16	59000001	1.23437	1.07244	2
16	60000001	1.37153	1.07244	2
16	61000001	1.26916	1.07244	2
16	62000001	1.17962	1.07244	2
16	63000001	1.23664	1.07244	2
16	64000001	1.20183	1.07244	2
16	65000001	1.03788	1.07244	2
16	66000001	1.07388	1.07244	2
16	67000001	1.01484	1.07244	2
16	68000001	0.821899	1.07244	2
16	69000001	1.26222	1.07244	2
16	70000001	0.936492	1.07244	2
16	71000001	0.995388	1.07244	2
16	72000001	0.970843	1.07244	2
16	73000001	1.35408	1.07244	2
16	74000001	1.33838	1.07244	2
16	75000001	1.07099	1.07244	2
16	76000001	1.31225	1.07244	2
16	77000001	0.935776	1.07244	2
16	78000001	1.05269	1.07244	2
16	79000001	1.0284	1.07244	2
16	80000001	0.78912	1.07244	2
16	81000001	1.11624	1.07244	2
16	82000001	0.828814	1.07244	2
16	83000001	0.951973	1.07244	2
16	84000001	1.10078	1.07244	2
16	85000001	0.941799	1.07244	2
16	86000001	1.07686	1.07244	2
16	87000001	0.89326	1.07244	2
16	88000001	1.1615	1.07244	2
16	89000001	0.891689	1.07244	2
16	90000001	1.18289	1.07244	2
17	1	0.924104	0.986156	2
17	1000001	0.923705	0.986156	2
17	2000001	0.995654	0.986156	2
17	3000001	0.742954	0.986156	2
17	4000001	1.18168	0.986156	2
17	5000001	1.02347	0.986156	2
17	6000001	1.1682	0.986156	2
17	7000001	0.835899	0.986156	2
17	8000001	0.645733	0.986156	2
17	9000001	1.03339	0.986156	2
17	10000001	0.976658	0.986156	2
17	11000001	1.18214	0.986156	2
17	12000001	1.3743	0.986156	2
17	13000001	0.997229	0.986156	2
17	14000001	1.26067	0.986156	2
17	15000001	1.03137	0.986156	2
17	16000001	0.823147	0.986156	2
17	17000001	0.941852	0.986156	2
17	18000001	0.660749	0.986156	2
17	19000001	1.27439	0.986156	2
17	20000001	0.890536	0.986156	2
17	21000001	0.924123	0.986156	2
17	22000001	1.15859	0.986156	2
17	23000001	0.804501	0.986156	2
17	24000001	0.662927	0.986156	2
17	25000001	1.14723	0.986156	2
17	26000001	1.93612	1.93612	4
17	27000001	0.733786	0.9755	2
17	28000001	0.996682	0.9755	2
17	29000001	0.916236	0.9755	2
17	30000001	1.04016	0.9755	2
17	31000001	0.964532	0.9755	2
17	32000001	1.1505	0.9755	2
17	33000001	1.05728	0.9755	2
17	34000001	1.04094	0.9755	2
17	35000001	1.04777	0.9755	2
17	36000001	0.9755	0.9755	2
17	37000001	0.795377	0.9755	2
17	38000001	0.771565	0.9755	2
17	39000001	1.10947	0.9755	2
17	40000001	1.01771	0.9755	2
17	41000001	0.973526	0.9755	2
17	42000001	1.01643	0.9755	2
17	43000001	1.00167	0.9755	2
17	44000001	0.93394	0.9755	2
17	45000001	0.933134	0.9755	2
17	46000001	0.971354	0.9755	2
17	47000001	1.11657	0.9755	2
17	48000001	1.10673	0.9755	2
17	49000001	0.843005	0.9755	2
17	50000001	0.811629	0.9755	2
17	51000001	0.846767	0.9755	2
17	52000001	1.12098	0.991426	2
17	53000001	1.44398	0.991426	2
17	54000001	0.991426	0.991426	2
17	55000001	0.977499	0.991426	2
17	56000001	0.868502	0.991426	2
17	57000001	0.999289	0.991426	2
17	58000001	1.13762	0.991426	2
17	59000001	0.880924	0.991426	2
17	60000001	1.44572	0.991426	2
17	61000001	1.29704	0.991426	2
17	62000001	0.924513	0.991426	2
17	63000001	0.938712	0.991426	2
17	64000001	1.10943	0.991426	2
17	65000001	1.04767	0.991426	2
17	66000001	1.04241	0.991426	2
17	67000001	1.13173	0.991426	2
17	68000001	0.932164	0.991426	2
17	69000001	0.866089	0.991426	2
17	70000001	0.950782	0.991426	2
17	71000001	1.14926	0.991426	2
17	72000001	1.14048	0.991426	2
17	73000001	0.81547	0.991426	2
17	74000001	0.922914	0.991426	2
17	75000001	0.822542	0.991426	2
17	76000001	0.722707	0.991426	2
17	77000001	1.50306	0.991426	2
17	78000001	0.877766	0.991426	2
17	79000001	1.19601	0.991426	2
17	80000001	0.882233	0.991426	2
17	81000001	2.74366	2.74366	5
17	82000001	0.834677	0.892685	2
17	83000001	0.950693	0.892685	2
18	1	1.52679	1.52679	3
18	1000001	1.16566	1.02984	2
18	2000001	0.92661	1.02984	2
18	3000001	1.03998	1.02984	2
18	4000001	1.13633	1.02984	2
18	5000001	1.26581	1.02984	2
18	6000001	1.01749	1.02984	2
18	7000001	1.16229	1.02984	2
18	8000001	1.23934	1.02984	2
18	9000001	0.932877	1.02984	2
18	10000001	0.67998	1.02984	2
18	11000001	1.0184	1.02984	2
18	12000001	1.14289	1.02984	2
18	13000001	0.928982	1.02984	2
18	14000001	1.07464	1.02984	2
18	15000001	0.929331	1.02984	2
18	16000001	1.05196	1.02984	2
18	17000001	1.36001	1.02984	2
18	18000001	0.985244	1.02984	2
18	19000001	1.02984	1.02984	2
18	20000001	0.847209	1.02984	2
18	21000001	1.20443	1.02984	2
18	22000001	0.888241	1.02984	2
18	23000001	1.02925	1.02984	2
18	24000001	0.683227	1.02984	2
18	25000001	1.21039	1.02984	2
18	26000001	0.949303	1.02984	2
18	27000001	0.826309	1.02984	2
18	28000001	1.24052	1.02984	2
18	29000001	1.32628	1.02984	2
18	30000001	0.713266	1.02984	2
18	31000001	0.99544	1.02984	2
18	32000001	1.11276	1.02984	2
18	33000001	1.27851	1.02984	2
18	34000001	1.08349	1.02984	2
18	35000001	0.775778	1.02984	2
18	36000001	1.26796	1.11253	2
18	37000001	1.01918	1.11253	2
18	38000001	1.25833	1.11253	2
18	39000001	1.17538	1.11253	2
18	40000001	1.37349	1.11253	2
18	41000001	1.02336	1.11253	2
18	42000001	1.1713	1.11253	2
18	43000001	0.973374	1.11253	2
18	44000001	1.41709	1.11253	2
18	45000001	1.07037	1.11253	2
18	46000001	1.4128	1.11253	2
18	47000001	0.862157	1.11253	2
18	48000001	1.11253	1.11253	2
18	49000001	1.14529	1.11253	2
18	50000001	0.996914	1.11253	2
18	51000001	1.32528	1.11253	2
18	52000001	1.34845	1.11253	2
18	53000001	1.05287	1.11253	2
18	54000001	0.812311	1.11253	2
18	55000001	1.02346	1.11253	2
18	56000001	1.17335	1.11253	2
18	57000001	1.03133	1.11253	2
18	58000001	1.11167	1.11253	2
18	59000001	0.850529	1.11253	2
18	60000001	1.19694	1.11253	2
18	61000001	1.74359	1.26552	3
18	62000001	1.24652	1.26552	3
18	63000001	1.26552	1.26552	3
18	64000001	0.929486	1.07011	2
18	65000001	0.981939	1.07011	2
18	66000001	1.05365	1.07011	2
18	67000001	0.804735	1.07011	2
18	68000001	1.12618	1.07011	2
18	69000001	0.959906	1.07011	2
18	70000001	1.07863	1.07011	2
18	71000001	1.07011	1.07011	2
18	72000001	1.09541	1.07011	2
18	73000001	1.12641	1.07011	2
18	74000001	1.14753	1.07011	2
18	75000001	1.06222	1.07011	2
18	76000001	1.36366	1.07011	2
18	77000001	1.2583	1.07011	2
18	78000001	0.974884	1.07011	2
18	79000001	0.884079	1.07011	2
18	80000001	1.17848	1.07011	2
19	1	0.852615	0.87928	2
19	1000001	0.780669	0.87928	2
19	2000001	0.905944	0.87928	2
19	3000001	0.948521	0.87928	2
19	4000001	0.962534	0.87928	2
19	5000001	0.821919	0.87928	2
19	6000001	0.985112	0.991779	2
19	7000001	1.20609	0.991779	2
19	8000001	0.822533	0.991779	2
19	9000001	1.09552	0.991779	2
19	10000001	0.998446	0.991779	2
19	11000001	0.963391	0.991779	2
19	12000001	0.884373	0.991779	2
19	13000001	1.02052	0.991779	2
19	14000001	1.16795	1.08958	2
19	15000001	1.18922	1.08958	2
19	16000001	0.992893	1.08958	2
19	17000001	0.983444	1.08958	2
19	18000001	0.917269	1.08958	2
19	19000001	1.08958	1.08958	2
19	20000001	1.21002	1.08958	2
19	21000001	0.738212	1.08958	2
19	22000001	1.20118	1.08958	2
19	23000001	1.31992	1.08958	2
19	24000001	1.11174	1.08958	2
19	25000001	1.30759	1.08958	2
19	26000001	1.05813	1.08958	2
19	27000001	1.01143	1.08958	2
19	28000001	1.10975	1.08958	2
19	29000001	0.889439	1.08958	2
19	30000001	1.12416	1.08958	2
19	31000001	1.11005	1.08958	2
19	32000001	0.88739	1.08958	2
19	33000001	1.19485	1.08958	2
19	34000001	1.02268	1.08958	2
19	35000001	0.817099	1.08958	2
19	36000001	1.16914	1.08958	2
19	37000001	0.999827	1.08958	2
19	38000001	1.04969	1.08958	2
19	39000001	0.919384	0.886899	2
19	40000001	0.993186	0.886899	2
19	41000001	0.885112	0.886899	2
19	42000001	0.981137	0.886899	2
19	43000001	0.825648	0.886899	2
19	44000001	0.994573	0.886899	2
19	45000001	0.749235	0.886899	2
19	46000001	0.888686	0.886899	2
19	47000001	0.641027	0.886899	2
19	48000001	0.64064	0.886899	2
19	49000001	0.8993	0.886899	2
19	50000001	0.872571	0.886899	2
19	51000001	1.19103	0.886899	2
19	52000001	0.839356	0.886899	2
19	53000001	0.679189	0.886899	2
19	54000001	0.817069	0.886899	2
19	55000001	0.912329	0.886899	2
19	56000001	1.25228	0.886899	2
19	57000001	0.965024	0.886899	2
19	58000001	0.740487	0.886899	2
2	1	0.9621	0.960568	2
2	1000001	1.06138	0.960568	2
2	2000001	1.05281	0.960568	2
2	3000001	0.947999	0.960568	2
2	4000001	0.866026	0.960568	2
2	5000001	1.03851	0.960568	2
2	6000001	0.885804	0.960568	2
2	7000001	0.739257	0.960568	2
2	8000001	0.991122	0.960568	2
2	9000001	0.904174	0.960568	2
2	10000001	0.960568	0.960568	2
2	11000001	0.882295	0.960568	2
2	12000001	0.882936	0.960568	2
2	13000001	1.12345	0.960568	2
2	14000001	1.13844	0.960568	2
2	15000001	1.06093	0.960568	2
2	16000001	1.20639	0.960568	2
2	17000001	1.22274	0.960568	2
2	18000001	1.04711	0.960568	2
2	19000001	0.956136	0.960568	2
2	20000001	1.21408	0.960568	2
2	21000001	1.16293	0.960568	2
2	22000001	0.881245	0.960568	2
2	23000001	0.929768	0.960568	2
2	24000001	0.860152	0.960568	2
2	25000001	0.886575	0.960568	2
2	26000001	0.949079	0.960568	2
2	27000001	0.98557	0.960568	2
2	28000001	0.887315	0.960568	2
2	29000001	1.14987	0.960568	2
2	30000001	0.891026	0.960568	2
2	31000001	0.996179	0.960568	2
2	32000001	0.89305	0.960568	2
2	33000001	1.07033	0.960568	2
2	34000001	0.935463	0.960568	2
2	35000001	1.59505	1.45998	3
2	36000001	1.06097	1.45998	3
2	37000001	1.45998	1.45998	3
2	38000001	0.93888	1.03127	2
2	39000001	0.910973	1.03127	2
2	40000001	1.24865	1.03127	2
2	41000001	0.925492	1.03127	2
2	42000001	1.16048	1.03127	2
2	43000001	1.03127	1.03127	2
2	44000001	0.989596	1.03127	2
2	45000001	1.16584	1.03127	2
2	46000001	0.773966	1.03127	2
2	47000001	0.791718	1.03127	2
2	48000001	1.17203	1.03127	2
2	49000001	1.46269	1.03127	2
2	50000001	0.898119	1.03127	2
2	51000001	0.975884	1.03127	2
2	52000001	1.18474	1.03127	2
2	53000001	1.1367	1.03127	2
2	54000001	1.06201	1.03127	2
2	55000001	0.935264	1.03127	2
2	56000001	1.08435	1.03127	2
2	57000001	1.94752	1.94752	4
2	58000001	0.964526	1.00177	2
2	59000001	1.23332	1.00177	2
2	60000001	0.950338	1.00177	2
2	61000001	0.935878	1.00177	2
2	62000001	0.914376	1.00177	2
2	63000001	0.92338	1.00177	2
2	64000001	0.919758	1.00177	2
2	65000001	1.28866	1.00177	2
2	66000001	1.01377	1.00177	2
2	67000001	0.950046	1.00177	2
2	68000001	1.35717	1.00177	2
2	69000001	1.2245	1.00177	2
2	70000001	1.01197	1.00177	2
2	71000001	0.889538	1.00177	2
2	72000001	1.03535	1.00177	2
2	73000001	1.03371	1.00177	2
2	74000001	0.748196	1.00177	2
2	75000001	0.83028	1.00177	2
2	76000001	1.31838	1.00177	2
2	77000001	1.10705	1.00177	2
2	78000001	1.19163	1.00177	2
2	79000001	0.827218	1.00177	2
2	80000001	1.00177	1.00177	2
2	81000001	1.31037	1.00177	2
2	82000001	0.967825	1.00177	2
2	83000001	1.7818	1.7818	4
2	84000001	1.07055	1.05511	2
2	85000001	1.04431	1.05511	2
2	86000001	0.961658	1.05511	2
2	87000001	1.06313	1.05511	2
2	88000001	1.06299	1.05511	2
2	89000001	1.31374	1.05511	2
2	90000001	1.40875	1.05511	2
2	91000001	0.849631	1.05511	2
2	92000001	0.902845	1.05511	2
2	93000001	0.706312	1.05511	2
2	94000001	1.08869	1.05511	2
2	95000001	0.98154	1.05511	2
2	96000001	1.04723	1.05511	2
2	97000001	0.80712	1.05511	2
2	98000001	1.11426	1.05511	2
2	99000001	1.64639	1.05511	2
2	100000001	0.903567	1.05511	2
2	101000001	1.10945	1.05511	2
2	102000001	1.11515	1.05511	2
2	103000001	1.1698	1.05511	2
2	104000001	0.946623	1.05511	2
2	105000001	0.613706	1.05511	2
2	106000001	1.00868	1.05511	2
2	107000001	1.23784	1.05511	2
2	108000001	0.941763	1.05511	2
2	109000001	0.837894	1.05511	2
2	110000001	1.02918	1.05511	2
2	111000001	0.772542	1.05511	2
2	112000001	1.18263	1.05511	2
2	113000001	1.20695	1.05511	2
2	114000001	1.06661	1.05511	2
2	115000001	1.08905	1.05511	2
2	116000001	0.933485	1.05511	2
2	117000001	1.09164	1.05511	2
2	118000001	0.895178	1.05511	2
2	119000001	0.969702	1.05511	2
2	120000001	1.28298	1.05511	2
2	121000001	1.08394	1.05511	2
2	122000001	1.2197	1.05511	2
2	123000001	0.931268	1.05511	2
2	124000001	1.96609	1.96609	4
2	125000001	0.946018	1.00546	2
2	126000001	0.689401	1.00546	2
2	127000001	1.14454	1.00546	2
2	128000001	1.04664	1.00546	2
2	129000001	0.904341	1.00546	2
2	130000001	0.785537	1.00546	2
2	131000001	1.13261	1.00546	2
2	132000001	1.042	1.00546	2
2	133000001	1.12193	1.00546	2
2	134000001	1.00546	1.00546	2
2	135000001	0.889452	1.00546	2
2	136000001	0.912438	1.00546	2
2	137000001	1.0846	1.00546	2
2	138000001	1.31626	1.27955	3
2	139000001	1.21127	1.27955	3
2	140000001	1.2727	1.27955	3
2	141000001	1.2864	1.27955	3
2	142000001	1.1483	1.27955	3
2	143000001	1.58702	1.27955	3
2	144000001	0.944821	1.07179	2
2	145000001	1.03613	1.07179	2
2	146000001	1.08903	1.07179	2
2	147000001	1.13961	1.07179	2
2	148000001	0.939528	1.07179	2
2	149000001	1.31568	1.07179	2
2	150000001	0.990379	1.07179	2
2	151000001	1.27334	1.07179	2
2	152000001	1.03745	1.07179	2
2	153000001	1.20986	1.07179	2
2	154000001	1.13725	1.07179	2
2	155000001	1.14974	1.07179	2
2	156000001	0.853869	1.07179	2
2	157000001	0.981175	1.07179	2
2	158000001	1.26512	1.07179	2
2	159000001	1.32193	1.07179	2
2	160000001	1.12102	1.07179	2
2	161000001	1.23611	1.07179	2
2	162000001	1.16291	1.07179	2
2	163000001	0.933249	1.07179	2
2	164000001	0.910814	1.07179	2
2	165000001	0.993451	1.07179	2
2	166000001	1.53959	1.07179	2
2	167000001	0.938454	1.07179	2
2	168000001	0.977328	1.07179	2
2	169000001	1.63524	1.07179	2
2	170000001	0.932012	1.07179	2
2	171000001	0.88608	1.07179	2
2	172000001	0.782342	1.07179	2
2	173000001	0.798606	1.07179	2
2	174000001	0.952799	1.07179	2
2	175000001	1.17619	1.07179	2
2	176000001	1.08914	1.07179	2
2	177000001	1.14635	1.07179	2
2	178000001	0.925476	1.07179	2
2	179000001	1.28968	1.07179	2
2	180000001	1.2699	1.07179	2
2	181000001	1.39907	1.07179	2
2	182000001	1.31331	1.07179	2
2	183000001	1.05456	1.07179	2
2	184000001	0.776502	1.07179	2
2	185000001	0.909389	1.07179	2
2	186000001	1.25758	1.07179	2
2	187000001	0.939416	1.07179	2
2	188000001	0.847978	1.07179	2
2	189000001	0.784871	1.07179	2
2	190000001	1.1717	1.07179	2
2	191000001	1.11103	1.07179	2
2	192000001	0.968249	1.07179	2
2	193000001	1.24277	1.07179	2
2	194000001	2.10696	2.10696	4
2	195000001	1.32233	1.20175	2
2	196000001	1.20164	1.20175	2
2	197000001	0.989985	1.20175	2
2	198000001	1.1391	1.20175	2
2	199000001	1.20185	1.20175	2
2	200000001	1.25047	1.20175	2
2	201000001	0.98212	1.01872	2
2	202000001	0.836651	1.01872	2
2	203000001	0.626164	1.01872	2
2	204000001	0.906567	1.01872	2
2	205000001	1.14598	1.01872	2
2	206000001	0.885591	1.01872	2
2	207000001	1.07548	1.01872	2
2	208000001	1.05987	1.01872	2
2	209000001	1.18197	1.01872	2
2	210000001	1.08415	1.01872	2
2	211000001	1.29848	1.01872	2
2	212000001	1.36906	1.01872	2
2	213000001	1.25008	1.01872	2
2	214000001	1.01594	1.01872	2
2	215000001	1.03158	1.01872	2
2	216000001	1.01872	1.01872	2
2	217000001	1.04277	1.01872	2
2	218000001	0.936067	1.01872	2
2	219000001	0.829516	1.01872	2
2	220000001	0.872797	1.01872	2
2	221000001	1.01139	1.01872	2
2	222000001	0.95356	1.01872	2
2	223000001	1.10895	1.01872	2
2	224000001	1.04097	1.01872	2
2	225000001	1.44362	1.01872	2
2	226000001	0.958157	1.01872	2
2	227000001	1.06903	1.01872	2
2	228000001	1.0944	1.01872	2
2	229000001	1.18451	1.01872	2
2	230000001	0.991096	1.01872	2
2	231000001	0.901981	1.01872	2
2	232000001	0.955517	1.01872	2
2	233000001	0.750622	1.01872	2
2	234000001	0.985656	1.01872	2
2	235000001	1.09046	1.01872	2
2	236000001	1.04384	1.01872	2
2	237000001	0.908588	1.01872	2
2	238000001	1.42087	1.31692	3
2	239000001	1.0134	1.31692	3
2	240000001	1.31692	1.31692	3
2	241000001	1.12599	1.31692	3
2	242000001	1.47736	1.31692	3
20	1	3.586	3.586	7
20	1000001	0.949769	0.959435	2
20	2000001	0.929202	0.959435	2
20	3000001	1.05384	0.959435	2
20	4000001	0.887512	0.959435	2
20	5000001	0.948737	0.959435	2
20	6000001	1.15122	0.959435	2
20	7000001	0.887829	0.959435	2
20	8000001	1.22478	0.959435	2
20	9000001	1.06851	0.959435	2
20	10000001	0.956762	0.959435	2
20	11000001	1.08414	0.959435	2
20	12000001	1.26336	0.959435	2
20	13000001	0.899973	0.959435	2
20	14000001	0.968421	0.959435	2
20	15000001	0.935694	0.959435	2
20	16000001	0.861571	0.959435	2
20	17000001	1.10212	0.959435	2
20	18000001	0.986274	0.959435	2
20	19000001	0.962108	0.959435	2
20	20000001	1.163	0.959435	2
20	21000001	0.897118	0.959435	2
20	22000001	0.810114	0.959435	2
20	23000001	1.02099	0.959435	2
20	24000001	1.07027	0.959435	2
20	25000001	0.785939	0.959435	2
20	26000001	0.774416	0.959435	2
20	27000001	0.447723	0.959435	2
20	28000001	0.966701	0.959435	2
20	29000001	1.06536	0.959435	2
20	30000001	1.11376	0.959435	2
20	31000001	0.897301	0.959435	2
20	32000001	0.877758	0.959435	2
20	33000001	1.09461	0.959435	2
20	34000001	0.840074	0.959435	2
20	35000001	0.876237	0.959435	2
20	36000001	0.985102	0.959435	2
20	37000001	1.12522	0.959435	2
20	38000001	0.768613	0.959435	2
20	39000001	1.06754	0.959435	2
20	40000001	0.903023	0.959435	2
20	41000001	0.852118	0.959435	2
20	42000001	1.25039	0.959435	2
20	43000001	0.904951	0.959435	2
20	44000001	1.00715	0.959435	2
20	45000001	0.965815	0.959435	2
20	46000001	1.11308	0.959435	2
20	47000001	0.841481	0.959435	2
20	48000001	1.22395	0.959435	2
20	49000001	1.1932	0.959435	2
20	50000001	0.76807	0.959435	2
20	51000001	0.898541	0.959435	2
20	52000001	0.790935	0.959435	2
20	53000001	1.20735	0.959435	2
20	54000001	0.97426	0.959435	2
20	55000001	1.01125	0.959435	2
20	56000001	0.804805	0.959435	2
20	57000001	0.756449	0.959435	2
20	58000001	0.899412	0.959435	2
20	59000001	0.697812	0.959435	2
20	60000001	1.21023	0.959435	2
20	61000001	1.04735	0.959435	2
20	62000001	0.858237	0.959435	2
20	63000001	1.53261	1.27629	3
20	64000001	1.01997	1.27629	3
21	1	-1	-1	3
21	1000001	-1	-1	3
21	2000001	-1	-1	3
21	3000001	-1	-1	3
21	4000001	-1	-1	3
21	5000001	1.56584	1.73167	3
21	6000001	1.20149	1.73167	3
21	7000001	2.70989	1.73167	3
21	8000001	2.06821	1.73167	3
21	9000001	1.16935	1.73167	3
21	10000001	1.89749	1.73167	3
21	11000001	1.22019	1.3143	3
21	12000001	1.4084	1.3143	3
21	13000001	1.15623	1.09902	2
21	14000001	1.01293	1.09902	2
21	15000001	1.0162	1.09902	2
21	16000001	1.48765	1.09902	2
21	17000001	1.12567	1.09902	2
21	18000001	1.07238	1.09902	2
21	19000001	0.97261	0.99024	2
21	20000001	0.903905	0.99024	2
21	21000001	0.899064	0.99024	2
21	22000001	0.912928	0.99024	2
21	23000001	0.791814	0.99024	2
21	24000001	1.20607	0.99024	2
21	25000001	1.00916	0.99024	2
21	26000001	1.19035	0.99024	2
21	27000001	0.929972	0.99024	2
21	28000001	1.07128	0.99024	2
21	29000001	0.874136	0.99024	2
21	30000001	1.05043	0.99024	2
21	31000001	0.776412	0.99024	2
21	32000001	1.04683	0.99024	2
21	33000001	0.934257	0.99024	2
21	34000001	0.529328	0.99024	2
21	35000001	1.21277	0.99024	2
21	36000001	1.1081	0.99024	2
21	37000001	0.978032	0.99024	2
21	38000001	1.05466	0.99024	2
21	39000001	1.02908	0.99024	2
21	40000001	1.14798	0.99024	2
21	41000001	1.03474	0.99024	2
21	42000001	0.728212	0.99024	2
21	43000001	1.08466	0.99024	2
21	44000001	0.944086	0.99024	2
21	45000001	0.882712	0.99024	2
21	46000001	1.00245	0.99024	2
22	1	-1	-1	2
22	1000001	-1	-1	2
22	2000001	-1	-1	2
22	3000001	-1	-1	2
22	4000001	-1	-1	2
22	5000001	-1	-1	2
22	6000001	-1	-1	2
22	7000001	-1	-1	2
22	8000001	-1	-1	2
22	9000001	-1	-1	2
22	10000001	0.910705	0.988913	2
22	11000001	1.06712	0.988913	2
22	12000001	1.46124	1.1974	2
22	13000001	1.12743	1.1974	2
22	14000001	1.1974	1.1974	2
22	15000001	1.16463	1.1974	2
22	16000001	1.35995	1.1974	2
22	17000001	1.14002	1.1974	2
22	18000001	1.32022	1.1974	2
22	19000001	0.805031	0.83215	2
22	20000001	0.754482	0.83215	2
22	21000001	0.83215	0.83215	2
22	22000001	0.846529	0.83215	2
22	23000001	0.881828	0.83215	2
22	24000001	1.10094	1.05247	2
22	25000001	1.07246	1.05247	2
22	26000001	0.817656	1.05247	2
22	27000001	0.998134	1.05247	2
22	28000001	1.24205	1.05247	2
22	29000001	1.05247	1.05247	2
22	30000001	1.02353	1.05247	2
22	31000001	0.888412	1.05247	2
22	32000001	1.0962	1.05247	2
22	33000001	0.942197	0.855328	2
22	34000001	0.844042	0.855328	2
22	35000001	0.896861	0.855328	2
22	36000001	0.76527	0.855328	2
22	37000001	0.815468	0.855328	2
22	38000001	0.739627	0.855328	2
22	39000001	0.936028	0.855328	2
22	40000001	0.866613	0.855328	2
22	41000001	1.09272	0.855328	2
22	42000001	0.772792	0.855328	2
22	43000001	0.966628	0.855328	2
22	44000001	0.747038	0.855328	2
22	45000001	1.2925	0.88044	2
22	46000001	0.834662	0.88044	2
22	47000001	1.09301	0.88044	2
22	48000001	0.840946	0.88044	2
22	49000001	0.834059	0.88044	2
22	50000001	0.919935	0.88044	2
3	1	1.32739	1.23836	2
3	1000001	1.14933	1.23836	2
3	2000001	1.05546	0.979972	2
3	3000001	1.02354	0.979972	2
3	4000001	0.858754	0.979972	2
3	5000001	0.9364	0.979972	2
3	6000001	1.85475	1.85475	4
3	7000001	1.12208	0.91776	2
3	8000001	0.981486	0.91776	2
3	9000001	0.832926	0.91776	2
3	10000001	0.857024	0.91776	2
3	11000001	1.10451	0.91776	2
3	12000001	0.863004	0.91776	2
3	13000001	0.933671	0.91776	2
3	14000001	0.901849	0.91776	2
3	15000001	0.79926	0.91776	2
3	16000001	0.988719	0.91776	2
3	17000001	1.17684	1.06598	2
3	18000001	1.12191	1.06598	2
3	19000001	1.28758	1.06598	2
3	20000001	1.17556	1.06598	2
3	21000001	0.983898	1.06598	2
3	22000001	1.06598	1.06598	2
3	23000001	1.04224	1.06598	2
3	24000001	1.05547	1.06598	2
3	25000001	1.2909	1.06598	2
3	26000001	0.940992	1.06598	2
3	27000001	1.03942	1.06598	2
3	28000001	1.10035	1.06598	2
3	29000001	0.999018	1.06598	2
3	30000001	1.24239	1.06598	2
3	31000001	0.938591	1.06598	2
3	32000001	0.973117	1.06598	2
3	33000001	1.19368	1.06598	2
3	34000001	1.00704	1.06598	2
3	35000001	1.40566	1.06598	2
3	36000001	0.85157	0.911465	2
3	37000001	0.75891	0.911465	2
3	38000001	1.06736	0.911465	2
3	39000001	1.07424	0.911465	2
3	40000001	0.99601	0.911465	2
3	41000001	0.850565	0.911465	2
3	42000001	1.14831	0.911465	2
3	43000001	1.01712	0.911465	2
3	44000001	0.793428	0.911465	2
3	45000001	0.715921	0.911465	2
3	46000001	0.870462	0.911465	2
3	47000001	1.08928	0.911465	2
3	48000001	0.813442	0.911465	2
3	49000001	0.926338	0.911465	2
3	50000001	0.808943	0.911465	2
3	51000001	0.839296	0.911465	2
3	52000001	0.819982	0.911465	2
3	53000001	1.15576	0.911465	2
3	54000001	0.818135	0.911465	2
3	55000001	1.00706	0.911465	2
3	56000001	0.916454	0.911465	2
3	57000001	1.07836	0.911465	2
3	58000001	0.846867	0.911465	2
3	59000001	0.915635	0.911465	2
3	60000001	0.92366	0.911465	2
3	61000001	1.03997	0.911465	2
3	62000001	0.874093	0.911465	2
3	63000001	0.907294	0.911465	2
3	64000001	1.12005	1.10542	2
3	65000001	1.00081	1.10542	2
3	66000001	1.03022	1.10542	2
3	67000001	1.0745	1.10542	2
3	68000001	1.44793	1.10542	2
3	69000001	1.18221	1.10542	2
3	70000001	1.14071	1.10542	2
3	71000001	0.908514	1.10542	2
3	72000001	1.02773	1.10542	2
3	73000001	1.26362	1.10542	2
3	74000001	1.01107	1.10542	2
3	75000001	1.17966	1.10542	2
3	76000001	1.08782	1.10542	2
3	77000001	0.962609	1.10542	2
3	78000001	1.23682	1.10542	2
3	79000001	1.15089	1.10542	2
3	80000001	1.44056	1.10542	2
3	81000001	1.24622	1.10542	2
3	82000001	1.20228	1.10542	2
3	83000001	1.16088	1.10542	2
3	84000001	0.791235	1.10542	2
3	85000001	1.11544	1.10542	2
3	86000001	0.978611	1.10542	2
3	87000001	0.990346	1.10542	2
3	88000001	1.10542	1.10542	2
3	89000001	1.33149	1.10542	2
3	90000001	1.39341	1.10542	2
3	91000001	0.901441	1.10542	2
3	92000001	0.855938	1.10542	2
3	93000001	1.04295	1.10542	2
3	94000001	1.07266	1.10542	2
3	95000001	1.28214	1.10542	2
3	96000001	1.10852	1.10542	2
3	97000001	1.44835	1.10542	2
3	98000001	1.2487	1.10542	2
3	99000001	1.0194	1.10542	2
3	100000001	1.58061	1.10542	2
3	101000001	0.953065	1.10542	2
3	102000001	1.36645	1.10542	2
3	103000001	1.12726	1.10542	2
3	104000001	0.865977	1.10542	2
3	105000001	0.933432	1.10542	2
3	106000001	1.02876	1.10542	2
3	107000001	1.26088	1.10542	2
3	108000001	1.05611	1.10542	2
3	109000001	0.958775	1.10542	2
3	110000001	0.768673	1.10542	2
3	111000001	0.949334	1.10542	2
3	112000001	1.17728	1.10542	2
3	113000001	1.17565	1.10542	2
3	114000001	1.07932	1.10542	2
3	115000001	1.31619	1.10542	2
3	116000001	1.0391	1.10542	2
3	117000001	0.951346	1.10542	2
3	118000001	1.20219	1.10542	2
3	119000001	0.986607	0.956003	2
3	120000001	0.986912	0.956003	2
3	121000001	0.711804	0.956003	2
3	122000001	0.963398	0.956003	2
3	123000001	0.951534	0.956003	2
3	124000001	1.09566	0.956003	2
3	125000001	0.960473	0.956003	2
3	126000001	0.872641	0.956003	2
3	127000001	1.00853	0.956003	2
3	128000001	0.800643	0.956003	2
3	129000001	0.805578	0.956003	2
3	130000001	0.874636	0.956003	2
3	131000001	1.3419	1.13266	2
3	132000001	1.28084	1.13266	2
3	133000001	0.787302	1.13266	2
3	134000001	1.14855	1.13266	2
3	135000001	1.06997	1.13266	2
3	136000001	1.14076	1.13266	2
3	137000001	0.986	1.13266	2
3	138000001	1.21103	1.13266	2
3	139000001	1.16603	1.13266	2
3	140000001	1.0831	1.13266	2
3	141000001	1.20115	1.13266	2
3	142000001	1.30002	1.13266	2
3	143000001	1.31497	1.13266	2
3	144000001	0.887059	1.13266	2
3	145000001	0.92993	1.13266	2
3	146000001	1.02792	1.13266	2
3	147000001	1.17535	1.13266	2
3	148000001	1.38454	1.13266	2
3	149000001	1.17634	1.13266	2
3	150000001	1.15643	1.13266	2
3	151000001	0.939903	1.13266	2
3	152000001	0.96335	1.13266	2
3	153000001	0.810077	1.13266	2
3	154000001	1.19941	1.13266	2
3	155000001	1.13266	1.13266	2
3	156000001	1.50295	1.13266	2
3	157000001	1.00443	1.13266	2
3	158000001	1.07536	1.13266	2
3	159000001	1.04541	1.13266	2
3	160000001	1.13435	1.13266	2
3	161000001	1.00386	1.13266	2
3	162000001	1.21896	1.13266	2
3	163000001	1.35572	1.13266	2
3	164000001	1.1449	1.13266	2
3	165000001	1.37389	1.13266	2
3	166000001	1.19804	1.13266	2
3	167000001	1.2252	1.13266	2
3	168000001	0.988011	1.13266	2
3	169000001	1.11718	1.13266	2
3	170000001	1.30829	1.13266	2
3	171000001	1.02074	1.13266	2
3	172000001	1.07172	1.13266	2
3	173000001	0.893356	1.13266	2
3	174000001	1.27018	1.13266	2
3	175000001	1.14173	1.13266	2
3	176000001	0.974857	1.13266	2
3	177000001	1.08576	1.13266	2
3	178000001	1.11021	1.13266	2
3	179000001	1.0686	1.13266	2
3	180000001	1.20643	1.13266	2
3	181000001	1.13203	1.13266	2
3	182000001	0.991957	1.13266	2
3	183000001	1.07226	1.13266	2
3	184000001	0.845371	1.13266	2
3	185000001	1.30429	1.13266	2
3	186000001	1.71758	1.71758	3
3	187000001	1.00498	1.09007	2
3	188000001	1.13535	1.09007	2
3	189000001	0.954439	1.09007	2
3	190000001	1.25655	1.09007	2
3	191000001	1.47806	1.09007	2
3	192000001	1.10937	1.09007	2
3	193000001	0.666886	1.09007	2
3	194000001	1.07078	1.09007	2
3	195000001	1.0396	1.09007	2
3	196000001	1.22202	1.09007	2
3	197000001	0.782945	1.09007	2
3	198000001	1.60445	1.09007	2
4	1	0.893806	1.05007	2
4	1000001	1.0341	1.05007	2
4	2000001	0.954034	1.05007	2
4	3000001	0.975311	1.05007	2
4	4000001	0.945146	1.05007	2
4	5000001	1.07672	1.05007	2
4	6000001	1.00171	1.05007	2
4	7000001	0.901483	1.05007	2
4	8000001	1.01776	1.05007	2
4	9000001	1.05135	1.05007	2
4	10000001	0.9363	1.05007	2
4	11000001	1.11946	1.05007	2
4	12000001	0.962009	1.05007	2
4	13000001	1.0059	1.05007	2
4	14000001	1.27391	1.05007	2
4	15000001	1.10836	1.05007	2
4	16000001	1.07514	1.05007	2
4	17000001	0.914203	1.05007	2
4	18000001	1.25577	1.05007	2
4	19000001	1.18371	1.05007	2
4	20000001	1.00816	1.05007	2
4	21000001	1.05007	1.05007	2
4	22000001	1.23295	1.05007	2
4	23000001	1.26688	1.05007	2
4	24000001	0.993638	1.05007	2
4	25000001	1.1328	1.05007	2
4	26000001	0.8285	1.05007	2
4	27000001	1.36253	1.05007	2
4	28000001	1.10103	1.05007	2
4	29000001	0.97268	1.05007	2
4	30000001	0.914333	1.05007	2
4	31000001	1.366	1.05007	2
4	32000001	1.43069	1.05007	2
4	33000001	1.13268	1.05007	2
4	34000001	1.24363	1.05007	2
4	35000001	1.35419	1.05007	2
4	36000001	0.950608	1.05007	2
4	37000001	1.06464	1.05007	2
4	38000001	0.872676	1.05007	2
4	39000001	3.20861	3.20861	6
4	40000001	0.78494	0.920616	2
4	41000001	0.920616	0.920616	2
4	42000001	1.35471	0.920616	2
4	43000001	2.33082	2.33082	5
4	44000001	1.27356	1.13864	2
4	45000001	1.35721	1.13864	2
4	46000001	1.15164	1.13864	2
4	47000001	0.804924	1.13864	2
4	48000001	0.8064	1.13864	2
4	49000001	1.54686	1.13864	2
4	50000001	0.955598	1.13864	2
4	51000001	1.09337	1.13864	2
4	52000001	1.42515	1.13864	2
4	53000001	1.11574	1.13864	2
4	54000001	1.40539	1.13864	2
4	55000001	1.06422	1.13864	2
4	56000001	1.05667	1.13864	2
4	57000001	1.15406	1.13864	2
4	58000001	1.03246	1.13864	2
4	59000001	1.14814	1.13864	2
4	60000001	1.0981	1.13864	2
4	61000001	1.29853	1.13864	2
4	62000001	1.12913	1.13864	2
4	63000001	1.31823	1.13864	2
4	64000001	1.01948	0.911596	2
4	65000001	0.739373	0.911596	2
4	66000001	0.782436	0.911596	2
4	67000001	0.826246	0.911596	2
4	68000001	0.996947	0.911596	2
4	69000001	1.12834	0.911596	2
4	70000001	2.0423	2.0423	4
4	71000001	1.1647	1.07336	2
4	72000001	1.13275	1.07336	2
4	73000001	1.13601	1.07336	2
4	74000001	1.35495	1.07336	2
4	75000001	0.960941	1.07336	2
4	76000001	0.968738	1.07336	2
4	77000001	1.07116	1.07336	2
4	78000001	0.79963	1.07336	2
4	79000001	1.10984	1.07336	2
4	80000001	1.17705	1.07336	2
4	81000001	1.2162	1.07336	2
4	82000001	1.24327	1.07336	2
4	83000001	0.914937	1.07336	2
4	84000001	1.14228	1.07336	2
4	85000001	1.12189	1.07336	2
4	86000001	0.995458	1.07336	2
4	87000001	1.47351	1.07336	2
4	88000001	1.04513	1.07336	2
4	89000001	0.965509	1.07336	2
4	90000001	1.27615	1.07336	2
4	91000001	1.07336	1.07336	2
4	92000001	1.01205	1.07336	2
4	93000001	0.843233	1.07336	2
4	94000001	0.899262	1.07336	2
4	95000001	1.05002	1.07336	2
4	96000001	1.3136	1.07336	2
4	97000001	0.978436	1.07336	2
4	98000001	0.886192	1.07336	2
4	99000001	1.17808	1.07336	2
4	100000001	1.13832	1.07336	2
4	101000001	1.16559	1.07336	2
4	102000001	1.00078	1.07336	2
4	103000001	0.979853	1.07336	2
4	104000001	2.47898	2.47898	5
4	105000001	1.03707	1.04784	2
4	106000001	0.946129	1.04784	2
4	107000001	1.18446	1.04784	2
4	108000001	0.856031	1.04784	2
4	109000001	1.23925	1.04784	2
4	110000001	1.35199	1.04784	2
4	111000001	0.977654	1.04784	2
4	112000001	0.90304	1.04784	2
4	113000001	0.945712	1.04784	2
4	114000001	1.29995	1.04784	2
4	115000001	0.96014	1.04784	2
4	116000001	1.10544	1.04784	2
4	117000001	0.903046	1.04784	2
4	118000001	1.03497	1.04784	2
4	119000001	1.11845	1.04784	2
4	120000001	1.18417	1.04784	2
4	121000001	0.961214	1.04784	2
4	122000001	1.09804	1.04784	2
4	123000001	1.00859	1.04784	2
4	124000001	1.33408	1.04784	2
4	125000001	1.22332	1.04784	2
4	126000001	0.858981	1.04784	2
4	127000001	0.975085	1.04784	2
4	128000001	1.00914	1.04784	2
4	129000001	1.05352	1.04784	2
4	130000001	1.16847	1.04784	2
4	131000001	0.958515	1.04784	2
4	132000001	0.810283	1.04784	2
4	133000001	0.985818	1.04784	2
4	134000001	1.27379	1.04784	2
4	135000001	1.26618	1.04784	2
4	136000001	1.01248	1.04784	2
4	137000001	0.681542	1.04784	2
4	138000001	1.12129	1.04784	2
4	139000001	1.10293	1.04784	2
4	140000001	0.940985	1.04784	2
4	141000001	1.1943	1.04784	2
4	142000001	1.20486	1.04784	2
4	143000001	1.21721	1.04784	2
4	144000001	1.08333	1.04784	2
4	145000001	0.921023	1.04784	2
4	146000001	1.09609	1.04784	2
4	147000001	0.968393	1.04784	2
4	148000001	0.88636	1.04784	2
4	149000001	1.12793	1.04784	2
4	150000001	0.926012	1.04784	2
4	151000001	0.781266	1.04784	2
4	152000001	1.02585	1.04784	2
4	153000001	1.04216	1.04784	2
4	154000001	1.09873	1.04784	2
4	155000001	1.28147	1.04784	2
4	156000001	0.921062	1.04784	2
4	157000001	1.28204	1.04784	2
4	158000001	0.803777	1.04784	2
4	159000001	1.10458	1.04784	2
4	160000001	1.29698	1.04784	2
4	161000001	1.11368	1.04784	2
4	162000001	1.04124	1.04784	2
4	163000001	1.47963	1.04784	2
4	164000001	1.10879	1.04784	2
4	165000001	0.969056	1.04784	2
4	166000001	0.99132	1.04784	2
4	167000001	0.954507	1.04784	2
4	168000001	0.973875	1.04784	2
4	169000001	0.887099	1.04784	2
4	170000001	1.23561	1.04784	2
4	171000001	1.06433	1.04784	2
4	172000001	1.5169	1.04784	2
4	173000001	1.28231	1.04784	2
4	174000001	1.14498	1.04784	2
4	175000001	1.06244	1.04784	2
4	176000001	1.44108	1.04784	2
4	177000001	0.836152	1.04784	2
4	178000001	1.19285	1.04784	2
4	179000001	1.17238	1.04784	2
4	180000001	0.944359	1.04784	2
4	181000001	1.36593	1.04784	2
4	182000001	0.805046	1.04784	2
4	183000001	0.908011	1.04784	2
4	184000001	1.09203	1.04784	2
4	185000001	0.749714	1.04784	2
4	186000001	0.651945	1.04784	2
4	187000001	0.843643	1.04784	2
4	188000001	0.925073	1.04784	2
4	189000001	1.37996	1.04784	2
4	190000001	1.47729	1.04784	2
5	1	1.42069	1.38199	3
5	1000001	1.34329	1.38199	3
5	2000001	1.02743	1.03619	2
5	3000001	0.942455	1.03619	2
5	4000001	0.936011	1.03619	2
5	5000001	1.11607	1.03619	2
5	6000001	0.968977	1.03619	2
5	7000001	0.881746	1.03619	2
5	8000001	1.37766	1.03619	2
5	9000001	1.03072	1.03619	2
5	10000001	1.00683	1.03619	2
5	11000001	1.16646	1.03619	2
5	12000001	1.22104	1.03619	2
5	13000001	1.03619	1.03619	2
5	14000001	0.886179	1.03619	2
5	15000001	1.07111	1.03619	2
5	16000001	1.36464	1.03619	2
5	17000001	0.979674	1.03619	2
5	18000001	0.849116	1.03619	2
5	19000001	1.16528	1.03619	2
5	20000001	0.858588	1.03619	2
5	21000001	1.1861	1.03619	2
5	22000001	1.0027	1.03619	2
5	23000001	1.26685	1.03619	2
5	24000001	0.883438	1.03619	2
5	25000001	1.1318	1.03619	2
5	26000001	1.08661	1.03619	2
5	27000001	0.996142	1.03619	2
5	28000001	1.15033	1.03619	2
5	29000001	0.989376	1.03619	2
5	30000001	1.54489	1.03619	2
5	31000001	1.20815	1.03619	2
5	32000001	0.992153	1.03619	2
5	33000001	1.43428	1.03619	2
5	34000001	0.98344	1.03619	2
5	35000001	1.15143	1.03619	2
5	36000001	0.987495	1.03619	2
5	37000001	1.15898	1.03619	2
5	38000001	0.754448	1.03619	2
5	39000001	1.17245	1.03619	2
5	40000001	1.35375	1.03619	2
5	41000001	0.928509	1.03619	2
5	42000001	1.08595	1.03619	2
5	43000001	1.31636	1.19188	2
5	44000001	1.19944	1.19188	2
5	45000001	1.18431	1.19188	2
5	46000001	1.14152	1.19188	2
5	47000001	1.48278	1.19188	2
5	48000001	1.18117	1.19188	2
5	49000001	1.40043	1.19188	2
5	50000001	0.989185	1.19188	2
5	51000001	1.35974	1.19188	2
5	52000001	1.16528	1.19188	2
5	53000001	0.936515	1.02731	2
5	54000001	1.03464	1.02731	2
5	55000001	0.973539	1.02731	2
5	56000001	0.857145	1.02731	2
5	57000001	0.928515	1.02731	2
5	58000001	1.04548	1.02731	2
5	59000001	1.13828	1.02731	2
5	60000001	1.23534	1.02731	2
5	61000001	1.14705	1.02731	2
5	62000001	0.907375	1.02731	2
5	63000001	1.22498	1.02731	2
5	64000001	1.02731	1.02731	2
5	65000001	1.107	1.02731	2
5	66000001	0.913533	1.02731	2
5	67000001	1.01816	1.02731	2
5	68000001	0.830093	1.02731	2
5	69000001	1.07705	1.02731	2
5	70000001	1.23421	1.02731	2
5	71000001	1.00971	1.02731	2
5	72000001	0.623225	1.02731	2
5	73000001	0.821636	1.02731	2
5	74000001	1.30281	1.02731	2
5	75000001	0.828264	1.02731	2
5	76000001	1.10556	1.02731	2
5	77000001	1.07144	1.02731	2
5	78000001	1.06211	1.02731	2
5	79000001	0.92301	1.02731	2
5	80000001	1.28401	1.02731	2
5	81000001	1.33274	1.02731	2
5	82000001	0.751393	1.02731	2
5	83000001	1.12328	1.02731	2
5	84000001	0.793389	1.02731	2
5	85000001	0.939331	1.02731	2
5	86000001	2.00468	2.00468	4
5	87000001	1.15191	1.08938	2
5	88000001	1.20055	1.08938	2
5	89000001	1.03465	1.08938	2
5	90000001	1.25225	1.08938	2
5	91000001	0.808154	1.08938	2
5	92000001	1.18913	1.08938	2
5	93000001	1.1367	1.08938	2
5	94000001	1.05751	1.08938	2
5	95000001	1.29512	1.08938	2
5	96000001	0.947435	1.08938	2
5	97000001	0.94049	1.08938	2
5	98000001	1.0857	1.08938	2
5	99000001	1.07808	1.08938	2
5	100000001	1.01237	1.08938	2
5	101000001	0.925226	1.08938	2
5	102000001	1.43689	1.08938	2
5	103000001	1.04694	1.08938	2
5	104000001	0.975036	1.08938	2
5	105000001	1.50381	1.08938	2
5	106000001	1.1929	1.08938	2
5	107000001	0.758957	1.08938	2
5	108000001	1.22844	1.08938	2
5	109000001	1.08938	1.08938	2
5	110000001	1.3517	1.08938	2
5	111000001	0.979822	1.08938	2
5	112000001	1.11767	1.08938	2
5	113000001	1.30973	1.08938	2
5	114000001	0.991452	1.03357	2
5	115000001	0.820593	1.03357	2
5	116000001	1.13293	1.03357	2
5	117000001	1.0361	1.03357	2
5	118000001	0.937306	1.03357	2
5	119000001	1.07712	1.03357	2
5	120000001	0.815381	1.03357	2
5	121000001	1.44562	1.03357	2
5	122000001	1.03103	1.03357	2
5	123000001	0.961677	1.03357	2
5	124000001	0.952717	1.03357	2
5	125000001	1.04681	1.03357	2
5	126000001	1.02532	1.03357	2
5	127000001	0.845343	1.03357	2
5	128000001	1.12984	1.03357	2
5	129000001	1.15464	1.03357	2
5	130000001	0.981645	1.03357	2
5	131000001	1.16239	1.03357	2
5	132000001	0.999928	1.03357	2
5	133000001	0.931428	1.03357	2
5	134000001	1.46305	1.03357	2
5	135000001	0.894283	1.03357	2
5	136000001	1.04743	1.03357	2
5	137000001	0.898734	1.03357	2
5	138000001	0.980462	1.03357	2
5	139000001	0.891377	1.03357	2
5	140000001	0.777392	1.03357	2
5	141000001	0.75399	1.03357	2
5	142000001	1.10422	1.03357	2
5	143000001	1.31839	1.03357	2
5	144000001	0.790398	1.03357	2
5	145000001	1.02554	1.03357	2
5	146000001	1.16968	1.03357	2
5	147000001	1.06928	1.03357	2
5	148000001	0.817682	1.03357	2
5	149000001	1.03975	1.03357	2
5	150000001	0.791102	1.03357	2
5	151000001	1.29416	1.03357	2
5	152000001	1.10424	1.03357	2
5	153000001	0.930339	1.03357	2
5	154000001	0.974608	1.03357	2
5	155000001	0.830181	1.03357	2
5	156000001	1.14514	1.03357	2
5	157000001	1.1122	1.03357	2
5	158000001	1.13283	1.03357	2
5	159000001	0.878268	1.03357	2
5	160000001	1.06318	1.03357	2
5	161000001	1.50521	1.03357	2
5	162000001	1.09495	1.03357	2
5	163000001	1.19244	1.03357	2
5	164000001	1.11677	1.03357	2
5	165000001	0.91119	1.03357	2
5	166000001	1.11797	1.03357	2
5	167000001	1.29407	1.03357	2
5	168000001	0.930067	1.03357	2
5	169000001	1.17003	1.03357	2
5	170000001	1.18849	1.03357	2
5	171000001	1.08656	1.03357	2
5	172000001	0.869478	1.03357	2
5	173000001	0.990544	1.03357	2
5	174000001	0.791659	1.03357	2
5	175000001	0.974962	1.03357	2
5	176000001	0.987221	1.03357	2
5	177000001	1.16975	1.03357	2
5	178000001	1.16247	1.03357	2
5	179000001	0.958604	1.03357	2
5	180000001	1.36751	1.03357	2
5	181000001	1.14775	1.03357	2
6	1	0.991692	0.957238	2
6	1000001	0.667739	0.957238	2
6	2000001	0.922784	0.957238	2
6	3000001	1.00374	0.957238	2
6	4000001	1.19967	1.22782	2
6	5000001	1.32315	1.22782	2
6	6000001	1.22782	1.22782	2
6	7000001	1.00094	0.920532	2
6	8000001	0.797779	0.920532	2
6	9000001	1.08199	0.920532	2
6	10000001	0.781929	0.920532	2
6	11000001	0.82031	0.920532	2
6	12000001	0.925778	0.920532	2
6	13000001	0.928818	0.920532	2
6	14000001	0.915287	0.920532	2
6	15000001	1.08138	0.920532	2
6	16000001	0.875627	0.920532	2
6	17000001	1.3104	1.1785	2
6	18000001	1.04502	1.1785	2
6	19000001	1.25248	1.1785	2
6	20000001	1.02863	1.1785	2
6	21000001	1.1785	1.1785	2
6	22000001	1.09757	1.1785	2
6	23000001	1.29671	1.1785	2
6	24000001	1.00798	0.898813	2
6	25000001	0.898813	0.898813	2
6	26000001	1.01047	0.898813	2
6	27000001	0.80538	0.898813	2
6	28000001	1.09303	0.898813	2
6	29000001	0.864189	0.898813	2
6	30000001	1.06856	0.898813	2
6	31000001	0.711056	0.898813	2
6	32000001	1.13729	0.898813	2
6	33000001	0.869219	0.898813	2
6	34000001	0.948294	0.898813	2
6	35000001	0.896077	0.898813	2
6	36000001	0.727194	0.898813	2
6	37000001	1.05254	0.898813	2
6	38000001	0.815862	0.898813	2
6	39000001	1.16528	1.00351	2
6	40000001	0.914328	1.00351	2
6	41000001	1.07371	1.00351	2
6	42000001	0.878057	1.00351	2
6	43000001	1.00351	1.00351	2
6	44000001	1.2776	1.18257	2
6	45000001	1.13996	1.18257	2
6	46000001	1.18257	1.18257	2
6	47000001	0.870187	0.96004	2
6	48000001	1.06598	0.96004	2
6	49000001	0.954896	0.96004	2
6	50000001	1.00603	0.96004	2
6	51000001	1.04502	0.96004	2
6	52000001	0.96004	0.96004	2
6	53000001	0.874329	0.96004	2
6	54000001	1.25969	1.45744	3
6	55000001	1.6552	1.45744	3
6	56000001	1.08804	1.08804	2
6	57000001	0.899018	1.08804	2
6	58000001	0.948551	1.08804	2
6	59000001	0.971045	1.08804	2
6	60000001	1.36412	1.08804	2
6	61000001	1.16249	1.08804	2
6	62000001	1.0991	1.08804	2
6	63000001	0.698673	0.880788	2
6	64000001	0.999515	0.880788	2
6	65000001	1.07111	0.880788	2
6	66000001	0.762061	0.880788	2
6	67000001	1.22811	1.04058	2
6	68000001	1.34108	1.04058	2
6	69000001	0.933312	1.04058	2
6	70000001	1.14284	1.04058	2
6	71000001	0.964602	1.04058	2
6	72000001	1.03508	1.04058	2
6	73000001	1.04151	1.04058	2
6	74000001	0.829033	1.04058	2
6	75000001	1.24324	1.04058	2
6	76000001	1.08448	1.04058	2
6	77000001	1.0197	1.04058	2
6	78000001	0.97459	1.04058	2
6	79000001	1.43684	1.04058	2
6	80000001	0.984512	1.04058	2
6	81000001	0.933685	1.04058	2
6	82000001	1.00476	1.04058	2
6	83000001	0.955059	1.04058	2
6	84000001	1.11044	1.04058	2
6	85000001	1.31067	1.04058	2
6	86000001	1.01844	1.04058	2
6	87000001	1.11042	1.04058	2
6	88000001	1.03926	1.04058	2
6	89000001	1.10571	1.04058	2
6	90000001	1.05951	1.04058	2
6	91000001	1.15264	1.04058	2
6	92000001	1.1333	1.04058	2
6	93000001	1.03966	1.04058	2
6	94000001	1.14439	1.04058	2
6	95000001	0.885993	1.04058	2
6	96000001	1.02959	1.04058	2
6	97000001	1.45116	1.42809	3
6	98000001	1.40501	1.42809	3
6	99000001	0.925198	1.06424	2
6	100000001	1.17517	1.06424	2
6	101000001	0.977336	1.06424	2
6	102000001	1.23898	1.06424	2
6	103000001	1.09825	1.06424	2
6	104000001	1.26243	1.06424	2
6	105000001	1.00862	1.06424	2
6	106000001	0.938807	1.06424	2
6	107000001	1.20861	1.06424	2
6	108000001	1.08756	1.06424	2
6	109000001	1.00077	1.06424	2
6	110000001	1.28283	1.06424	2
6	111000001	1.04092	1.06424	2
6	112000001	1.03984	1.06424	2
6	113000001	0.737406	1.06424	2
6	114000001	1.56631	1.06424	2
6	115000001	0.870187	0.885568	2
6	116000001	0.819385	0.885568	2
6	117000001	1.13063	0.885568	2
6	118000001	0.885568	0.885568	2
6	119000001	1.15021	0.885568	2
6	120000001	1.08906	0.885568	2
6	121000001	0.876593	0.885568	2
6	122000001	1.17671	1.21688	2
6	123000001	1.25705	1.21688	2
6	124000001	1.47492	1.21688	2
6	125000001	1.02728	1.21688	2
6	126000001	1.30534	1.21688	2
6	127000001	1.15562	1.21688	2
6	128000001	1.06853	1.10051	2
6	129000001	0.867708	1.10051	2
6	130000001	0.918483	1.10051	2
6	131000001	1.06536	1.10051	2
6	132000001	1.32968	1.10051	2
6	133000001	0.899479	1.10051	2
6	134000001	1.22589	1.10051	2
6	135000001	1.29373	1.10051	2
6	136000001	1.10266	1.10051	2
6	137000001	1.20218	1.10051	2
6	138000001	1.08355	1.10051	2
6	139000001	1.01834	1.10051	2
6	140000001	1.11906	1.10051	2
6	141000001	1.10627	1.10051	2
6	142000001	0.919554	1.10051	2
6	143000001	1.10051	1.10051	2
6	144000001	1.0892	1.10051	2
6	145000001	1.12905	1.10051	2
6	146000001	0.874766	1.10051	2
6	147000001	1.17182	1.10051	2
6	148000001	0.916551	1.10051	2
6	149000001	1.20885	1.10051	2
6	150000001	1.14739	1.10051	2
6	151000001	0.936096	0.895439	2
6	152000001	0.64469	0.895439	2
6	153000001	0.673671	0.895439	2
6	154000001	0.895439	0.895439	2
6	155000001	0.895948	0.895439	2
6	156000001	0.958589	1.01585	2
6	157000001	1.20045	1.01585	2
6	158000001	1.15212	1.01585	2
6	159000001	0.988024	1.01585	2
6	160000001	1.42943	1.01585	2
6	161000001	0.956485	1.01585	2
6	162000001	0.997574	1.01585	2
6	163000001	1.0748	1.01585	2
6	164000001	1.00662	1.01585	2
6	165000001	1.02508	1.01585	2
6	166000001	0.894269	0.894269	2
6	167000001	0.867129	0.894269	2
6	168000001	1.05435	0.894269	2
6	169000001	0.800034	0.894269	2
6	170000001	1.04932	0.894269	2
7	1	0.784913	0.903166	2
7	1000001	0.903166	0.903166	2
7	2000001	0.917289	0.903166	2
7	3000001	1.22839	0.999644	2
7	4000001	0.90667	0.999644	2
7	5000001	1.16235	0.999644	2
7	6000001	0.843176	0.999644	2
7	7000001	1.13371	0.999644	2
7	8000001	1.03898	0.999644	2
7	9000001	0.988446	0.999644	2
7	10000001	0.999644	0.999644	2
7	11000001	0.825812	0.999644	2
7	12000001	1.15504	1.15504	2
7	13000001	1.41729	1.15504	2
7	14000001	0.945817	1.15504	2
7	15000001	1.00512	1.15504	2
7	16000001	1.08127	1.15504	2
7	17000001	1.49962	1.15504	2
7	18000001	1.27219	1.15504	2
7	19000001	0.856829	1.00024	2
7	20000001	0.999314	1.00024	2
7	21000001	1.05794	1.00024	2
7	22000001	1.00116	1.00024	2
7	23000001	1.16499	1.00024	2
7	24000001	0.92371	1.00024	2
7	25000001	1.01241	1.00024	2
7	26000001	0.770702	1.00024	2
7	27000001	0.981767	1.00024	2
7	28000001	1.10894	1.00024	2
7	29000001	0.925263	1.00024	2
7	30000001	0.844313	1.00024	2
7	31000001	1.06672	1.00024	2
7	32000001	1.06923	1.00024	2
7	33000001	1.19364	1.13097	2
7	34000001	1.48296	1.13097	2
7	35000001	0.948458	1.13097	2
7	36000001	1.04141	1.13097	2
7	37000001	1.0683	1.13097	2
7	38000001	1.36146	1.13097	2
7	39000001	0.703347	0.901531	2
7	40000001	1.01524	0.901531	2
7	41000001	0.901531	0.901531	2
7	42000001	0.898938	0.901531	2
7	43000001	0.965706	0.901531	2
7	44000001	1.11109	1.10145	2
7	45000001	1.03285	1.10145	2
7	46000001	1.32787	1.10145	2
7	47000001	1.12043	1.10145	2
7	48000001	1.02509	1.10145	2
7	49000001	1.12205	1.10145	2
7	50000001	1.06822	1.10145	2
7	51000001	0.735341	1.10145	2
7	52000001	1.27613	1.10145	2
7	53000001	1.0641	1.10145	2
7	54000001	1.09838	1.10145	2
7	55000001	0.924952	1.10145	2
7	56000001	1.24861	1.10145	2
7	57000001	1.10451	1.10145	2
7	58000001	1.43288	1.34719	3
7	59000001	1.33989	1.34719	3
7	60000001	1.35449	1.34719	3
7	61000001	1.2151	1.34719	3
7	62000001	0.686449	0.686449	1
7	63000001	0.799769	1.01711	2
7	64000001	0.992135	1.01711	2
7	65000001	1.47831	1.01711	2
7	66000001	1.04209	1.01711	2
7	67000001	0.840234	0.919459	2
7	68000001	1.00179	0.919459	2
7	69000001	0.645508	0.919459	2
7	70000001	1.05832	0.919459	2
7	71000001	0.786227	0.919459	2
7	72000001	0.971828	0.919459	2
7	73000001	1.06003	0.919459	2
7	74000001	0.778373	0.919459	2
7	75000001	0.928897	0.919459	2
7	76000001	0.905351	0.919459	2
7	77000001	0.919459	0.919459	2
7	78000001	1.27478	1.15868	2
7	79000001	1.00264	1.15868	2
7	80000001	1.04259	1.15868	2
7	81000001	1.43944	1.15868	2
7	82000001	0.952438	0.874888	2
7	83000001	0.934329	0.874888	2
7	84000001	0.844153	0.874888	2
7	85000001	0.769626	0.874888	2
7	86000001	1.2144	0.874888	2
7	87000001	0.874888	0.874888	2
7	88000001	0.814911	0.874888	2
7	89000001	0.843294	0.874888	2
7	90000001	1.02945	0.874888	2
7	91000001	1.33996	1.14688	2
7	92000001	1.14688	1.14688	2
7	93000001	1.09574	1.14688	2
7	94000001	1.02059	1.14688	2
7	95000001	1.33328	1.14688	2
7	96000001	0.844862	0.921284	2
7	97000001	1.06861	0.921284	2
7	98000001	1.15147	0.921284	2
7	99000001	0.844316	0.921284	2
7	100000001	0.706787	0.921284	2
7	101000001	0.997705	0.921284	2
7	102000001	1.09357	1.17086	2
7	103000001	1.33718	1.17086	2
7	104000001	1.31523	1.17086	2
7	105000001	1.07472	1.17086	2
7	106000001	0.927448	1.17086	2
7	107000001	0.963826	1.17086	2
7	108000001	1.31301	1.17086	2
7	109000001	1.39463	1.17086	2
7	110000001	1.34643	1.17086	2
7	111000001	0.990891	1.17086	2
7	112000001	1.15574	1.17086	2
7	113000001	1.31893	1.17086	2
7	114000001	0.934848	1.17086	2
7	115000001	1.03887	1.17086	2
7	116000001	1.19323	1.17086	2
7	117000001	1.07015	1.17086	2
7	118000001	1.18598	1.17086	2
7	119000001	1.40961	1.17086	2
7	120000001	0.937511	0.942087	2
7	121000001	0.901898	0.942087	2
7	122000001	0.880589	0.942087	2
7	123000001	1.01672	0.942087	2
7	124000001	1.10656	0.942087	2
7	125000001	0.843494	0.942087	2
7	126000001	0.946663	0.942087	2
7	127000001	1.28875	0.942087	2
7	128000001	0.78787	0.942087	2
7	129000001	1.05306	0.942087	2
7	130000001	1.00988	0.942087	2
7	131000001	0.820892	0.942087	2
7	132000001	1.18758	0.942087	2
7	133000001	0.918961	0.942087	2
7	134000001	1.10541	1.13878	2
7	135000001	1.34141	1.13878	2
7	136000001	1.19555	1.13878	2
7	137000001	1.0815	1.13878	2
7	138000001	1.13428	1.13878	2
7	139000001	1.26232	1.13878	2
7	140000001	1.08318	1.13878	2
7	141000001	1.14329	1.13878	2
7	142000001	1.05055	1.13878	2
7	143000001	0.910057	1.13878	2
7	144000001	1.36399	1.13878	2
7	145000001	1.22099	1.13878	2
7	146000001	0.976229	1.03077	2
7	147000001	1.14998	1.03077	2
7	148000001	1.04278	1.03077	2
7	149000001	0.794043	1.03077	2
7	150000001	1.16801	1.03077	2
7	151000001	1.01876	1.03077	2
7	152000001	1.07699	1.03077	2
7	153000001	1.23621	1.03077	2
7	154000001	0.823652	1.03077	2
7	155000001	0.837218	1.03077	2
7	156000001	1.16114	1.03077	2
7	157000001	0.843488	1.03077	2
7	158000001	0.983058	1.03077	2
7	159000001	1.29499	1.03077	2
8	1	0.841025	1.03001	2
8	1000001	0.877598	1.03001	2
8	2000001	1.3651	1.03001	2
8	3000001	0.977318	1.03001	2
8	4000001	0.944893	1.03001	2
8	5000001	1.33014	1.03001	2
8	6000001	0.850994	1.03001	2
8	7000001	0.982846	1.03001	2
8	8000001	1.01079	1.03001	2
8	9000001	1.1921	1.03001	2
8	10000001	0.797881	1.03001	2
8	11000001	1.18501	1.03001	2
8	12000001	1.33894	1.03001	2
8	13000001	0.847217	1.03001	2
8	14000001	0.980549	1.03001	2
8	15000001	0.885761	1.03001	2
8	16000001	1.3192	1.03001	2
8	17000001	1.0813	1.03001	2
8	18000001	1.08901	1.03001	2
8	19000001	0.93821	1.03001	2
8	20000001	1.17571	1.03001	2
8	21000001	1.08863	1.03001	2
8	22000001	0.890219	1.03001	2
8	23000001	0.981616	1.03001	2
8	24000001	0.998996	1.03001	2
8	25000001	1.33896	1.03001	2
8	26000001	1.05164	1.03001	2
8	27000001	1.14849	1.03001	2
8	28000001	0.875436	1.03001	2
8	29000001	0.78994	1.03001	2
8	30000001	1.01221	1.03001	2
8	31000001	1.32523	1.03001	2
8	32000001	1.1648	1.03001	2
8	33000001	0.902221	1.03001	2
8	34000001	1.36324	1.03001	2
8	35000001	0.955026	1.03001	2
8	36000001	1.32037	1.03001	2
8	37000001	0.924276	1.03001	2
8	38000001	1.02982	1.03001	2
8	39000001	0.875155	1.03001	2
8	40000001	0.89114	1.03001	2
8	41000001	1.01864	1.03001	2
8	42000001	1.02872	1.03001	2
8	43000001	1.14714	1.03001	2
8	44000001	1.31417	1.03001	2
8	45000001	1.51999	1.03001	2
8	46000001	1.00421	1.03001	2
8	47000001	1.07744	1.03001	2
8	48000001	1.05702	1.03001	2
8	49000001	0.991072	1.03001	2
8	50000001	1.06203	1.03001	2
8	51000001	1.08921	1.03001	2
8	52000001	1.4371	1.03001	2
8	53000001	1.09553	1.03001	2
8	54000001	1.04648	1.03001	2
8	55000001	0.875969	1.03001	2
8	56000001	0.954004	1.03001	2
8	57000001	0.91884	1.03001	2
8	58000001	0.976687	1.03001	2
8	59000001	1.33908	1.03001	2
8	60000001	1.19254	1.03001	2
8	61000001	1.13177	1.03001	2
8	62000001	1.07592	1.03001	2
8	63000001	0.934835	1.03001	2
8	64000001	1.26883	1.03001	2
8	65000001	0.935987	1.03001	2
8	66000001	1.03455	1.03001	2
8	67000001	0.85633	1.03001	2
8	68000001	1.12499	1.03001	2
8	69000001	0.969675	1.03001	2
8	70000001	0.980294	1.03001	2
8	71000001	0.702782	1.03001	2
8	72000001	1.0981	1.03001	2
8	73000001	1.00344	1.03001	2
8	74000001	0.982229	1.03001	2
8	75000001	1.17362	1.03001	2
8	76000001	0.964567	1.03001	2
8	77000001	1.03001	1.03001	2
8	78000001	0.962632	1.03001	2
8	79000001	0.951949	1.03001	2
8	80000001	0.527606	1.03001	2
8	81000001	1.20701	1.03001	2
8	82000001	1.12049	1.03001	2
8	83000001	1.09961	1.03001	2
8	84000001	1.03766	1.03001	2
8	85000001	1.12381	1.03001	2
8	86000001	1.20658	1.03001	2
8	87000001	1.01705	1.03001	2
8	88000001	0.941453	1.03001	2
8	89000001	1.00033	1.03001	2
8	90000001	1.12195	1.03001	2
8	91000001	0.933787	1.03001	2
8	92000001	0.96006	1.03001	2
8	93000001	1.16146	1.03001	2
8	94000001	1.02318	1.03001	2
8	95000001	0.817917	1.03001	2
8	96000001	1.07267	1.03001	2
8	97000001	1.04167	1.03001	2
8	98000001	1.41087	1.03001	2
8	99000001	1.06985	1.03001	2
8	100000001	1.07636	1.03001	2
8	101000001	0.890905	1.03001	2
8	102000001	0.952658	1.03001	2
8	103000001	0.9291	1.03001	2
8	104000001	1.0516	1.03001	2
8	105000001	1.30048	1.03001	2
8	106000001	1.0071	1.03001	2
8	107000001	1.11959	1.03001	2
8	108000001	1.11643	1.03001	2
8	109000001	1.16412	1.03001	2
8	110000001	1.1925	1.03001	2
8	111000001	1.02095	1.03001	2
8	112000001	1.25409	1.03001	2
8	113000001	1.35448	1.54258	3
8	114000001	1.73067	1.54258	3
8	115000001	1.13527	1.06563	2
8	116000001	1.02164	1.06563	2
8	117000001	1.17193	1.06563	2
8	118000001	1.02527	1.06563	2
8	119000001	1.06563	1.06563	2
8	120000001	1.22532	1.06563	2
8	121000001	0.809933	1.06563	2
8	122000001	0.834345	1.06563	2
8	123000001	0.98909	1.06563	2
8	124000001	1.02647	1.06563	2
8	125000001	1.13258	1.06563	2
8	126000001	1.11293	1.06563	2
8	127000001	1.06904	1.06563	2
8	128000001	1.15807	1.06563	2
8	129000001	1.04457	1.06563	2
8	130000001	0.866333	0.893156	2
8	131000001	0.903999	0.893156	2
8	132000001	0.890271	0.893156	2
8	133000001	1.0167	0.893156	2
8	134000001	0.895341	0.893156	2
8	135000001	0.860793	0.893156	2
8	136000001	0.964858	0.893156	2
8	137000001	0.890971	0.893156	2
8	138000001	2.6056	2.6056	5
8	139000001	0.892382	1.02367	2
8	140000001	1.02367	1.02367	2
8	141000001	0.820225	1.02367	2
8	142000001	0.972188	1.02367	2
8	143000001	1.05228	1.02367	2
8	144000001	1.03291	1.02367	2
8	145000001	1.0962	1.02367	2
9	1	0.934053	1.0957	2
9	1000001	1.39645	1.0957	2
9	2000001	1.26108	1.0957	2
9	3000001	1.01385	1.0957	2
9	4000001	1.17619	1.0957	2
9	5000001	0.924451	1.0957	2
9	6000001	1.39353	1.0957	2
9	7000001	0.843194	1.0957	2
9	8000001	1.14671	1.0957	2
9	9000001	0.866648	1.0957	2
9	10000001	1.0957	1.0957	2
9	11000001	1.37467	1.0957	2
9	12000001	1.15675	1.0957	2
9	13000001	1.16705	1.0957	2
9	14000001	1.17781	1.0957	2
9	15000001	0.965649	1.0957	2
9	16000001	0.867929	1.0957	2
9	17000001	0.968006	1.0957	2
9	18000001	0.843971	1.0957	2
9	19000001	1.21414	1.0957	2
9	20000001	0.932889	1.0957	2
9	21000001	1.12837	1.0957	2
9	22000001	0.984772	1.0957	2
9	23000001	1.18417	1.0957	2
9	24000001	1.18215	1.0957	2
9	25000001	0.781107	1.0957	2
9	26000001	1.11804	1.0957	2
9	27000001	0.786134	1.0957	2
9	28000001	1.37278	1.0957	2
9	29000001	1.15379	1.0957	2
9	30000001	0.939685	1.0957	2
9	31000001	1.22152	1.0957	2
9	32000001	1.03818	1.0957	2
9	33000001	0.782713	1.0957	2
9	34000001	1.26137	1.0957	2
9	35000001	1.12908	1.0957	2
9	36000001	1.05282	1.0957	2
9	37000001	0.9857	1.0957	2
9	38000001	1.00798	1.0957	2
9	39000001	1.38719	1.22498	2
9	40000001	1.22498	1.22498	2
9	41000001	1.06468	1.22498	2
9	42000001	1.07264	1.22498	2
9	43000001	1.32213	1.22498	2
9	44000001	1.53937	1.5163	3
9	45000001	1.49323	1.5163	3
9	46000001	-1	-1	2
9	47000001	-1	-1	2
9	48000001	-1	-1	2
9	49000001	-1	-1	2
9	50000001	-1	-1	2
9	51000001	-1	-1	2
9	52000001	-1	-1	2
9	53000001	-1	-1	2
9	54000001	-1	-1	2
9	55000001	-1	-1	2
9	56000001	-1	-1	2
9	57000001	-1	-1	2
9	58000001	-1	-1	2
9	59000001	-1	-1	2
9	60000001	0.96068	0.84356	2
9	61000001	0.72644	0.84356	2
9	62000001	1.17435	1.25223	3
9	63000001	1.33012	1.25223	3
9	64000001	1.14242	1.25223	3
9	65000001	1.40177	1.25223	3
9	66000001	1.00841	1.25223	3
9	67000001	1.45648	1.25223	3
9	68000001	0.978343	1.01585	2
9	69000001	1.02851	1.01585	2
9	70000001	0.992931	1.01585	2
9	71000001	1.1253	1.01585	2
9	72000001	1.06465	1.01585	2
9	73000001	1.05896	1.01585	2
9	74000001	1.26457	1.01585	2
9	75000001	1.12948	1.01585	2
9	76000001	1.08528	1.01585	2
9	77000001	0.780246	1.01585	2
9	78000001	0.826102	1.01585	2
9	79000001	1.1386	1.01585	2
9	80000001	1.01042	1.01585	2
9	81000001	1.00555	1.01585	2
9	82000001	0.691548	1.01585	2
9	83000001	0.974803	1.01585	2
9	84000001	0.880223	1.01585	2
9	85000001	1.10285	1.01585	2
9	86000001	0.847852	1.01585	2
9	87000001	0.806457	1.01585	2
9	88000001	0.744395	1.01585	2
9	89000001	0.865356	1.01585	2
9	90000001	0.990386	1.01585	2
9	91000001	1.07917	1.01585	2
9	92000001	0.90932	1.01585	2
9	93000001	0.941334	1.01585	2
9	94000001	1.11443	1.01585	2
9	95000001	0.969958	1.01585	2
9	96000001	1.2491	1.01585	2
9	97000001	0.97803	1.01585	2
9	98000001	0.958477	1.01585	2
9	99000001	0.936305	1.01585	2
9	100000001	1.0337	1.01585	2
9	101000001	1.21438	1.01585	2
9	102000001	1.31304	1.01585	2
9	103000001	0.9128	1.01585	2
9	104000001	0.864615	1.01585	2
9	105000001	1.08148	1.01585	2
9	106000001	0.811378	1.01585	2
9	107000001	0.81826	1.01585	2
9	108000001	1.08268	1.01585	2
9	109000001	1.17845	1.01585	2
9	110000001	1.18011	1.01585	2
9	111000001	0.881187	1.01585	2
9	112000001	0.964175	1.01585	2
9	113000001	1.06426	1.01585	2
9	114000001	1.01659	1.01585	2
9	115000001	1.17514	1.01585	2
9	116000001	1.15976	1.01585	2
9	117000001	1.31244	1.01585	2
9	118000001	1.25218	1.01585	2
9	119000001	1.34282	1.01585	2
9	120000001	1.03916	1.01585	2
9	121000001	1.2723	1.01585	2
9	122000001	0.88562	1.01585	2
9	123000001	0.998903	1.01585	2
9	124000001	1.06587	1.01585	2
9	125000001	0.881448	1.01585	2
9	126000001	0.886409	1.01585	2
9	127000001	1.01511	1.01585	2
9	128000001	1.0452	1.01585	2
9	129000001	1.02436	1.01585	2
9	130000001	0.868404	0.868404	2
9	131000001	0.763372	0.868404	2
9	132000001	0.79678	0.868404	2
9	133000001	0.937434	0.868404	2
9	134000001	1.00344	0.868404	2
9	135000001	1.07085	0.868404	2
9	136000001	0.778611	0.868404	2
9	137000001	0.946145	0.868404	2
9	138000001	0.85242	0.868404	2
X	1	0.542735	0.542735	1
X	1000001	0.54341	0.542735	1
X	2000001	0.377768	0.542735	1
X	3000001	0.699014	0.542735	1
X	4000001	0.427514	0.542735	1
X	5000001	0.64377	0.542735	1
X	6000001	0.426862	0.542735	1
X	7000001	0.460769	0.542735	1
X	8000001	0.451362	0.542735	1
X	9000001	0.574222	0.542735	1
X	10000001	0.628406	0.542735	1
X	11000001	1.23211	1.23211	2
X	12000001	0.499267	0.683598	1
X	13000001	0.867929	0.683598	1
X	14000001	0.428127	0.516126	1
X	15000001	0.560821	0.516126	1
X	16000001	0.272957	0.516126	1
X	17000001	0.482194	0.516126	1
X	18000001	0.410503	0.516126	1
X	19000001	0.535692	0.516126	1
X	20000001	0.671811	0.516126	1
X	21000001	0.863184	0.516126	1
X	22000001	0.41619	0.516126	1
X	23000001	0.487627	0.516126	1
X	24000001	0.433615	0.516126	1
X	25000001	0.688771	0.516126	1
X	26000001	0.750069	0.516126	1
X	27000001	0.437672	0.516126	1
X	28000001	0.544217	0.516126	1
X	29000001	0.406616	0.516126	1
X	30000001	0.355195	0.516126	1
X	31000001	0.451239	0.516126	1
X	32000001	0.583548	0.516126	1
X	33000001	0.515574	0.516126	1
X	34000001	0.573845	0.516126	1
X	35000001	0.555844	0.516126	1
X	36000001	0.642666	0.516126	1
X	37000001	0.516679	0.516126	1
X	38000001	0.681888	0.516126	1
X	39000001	0.63959	0.516126	1
X	40000001	0.518133	0.516126	1
X	41000001	0.498775	0.516126	1
X	42000001	0.462828	0.516126	1
X	43000001	0.58996	0.516126	1
X	44000001	0.404588	0.516126	1
X	45000001	0.526558	0.516126	1
X	46000001	0.455749	0.516126	1
X	47000001	0.475875	0.516126	1
X	48000001	0.733438	0.516126	1
X	49000001	0.462722	0.516126	1
X	50000001	0.60988	0.516126	1
X	51000001	0.47943	0.516126	1
X	52000001	0.840234	0.516126	1
X	53000001	0.379871	0.516126	1
X	54000001	0.400192	0.516126	1
X	55000001	0.50235	0.516126	1
X	56000001	0.547972	0.516126	1
X	57000001	0.514319	0.516126	1
X	58000001	0.53548	0.516126	1
X	59000001	0.594807	0.516126	1
X	60000001	0.503059	0.516126	1
X	61000001	0.524352	0.516126	1
X	62000001	0.563457	0.516126	1
X	63000001	0.418828	0.516126	1
X	64000001	0.499788	0.516126	1
X	65000001	0.469519	0.516126	1
X	66000001	0.596093	0.516126	1
X	67000001	0.642709	0.516126	1
X	68000001	0.430652	0.430129	1
X	69000001	0.496321	0.430129	1
X	70000001	0.430129	0.430129	1
X	71000001	0.251078	0.430129	1
X	72000001	0.326149	0.430129	1
X	73000001	0.53678	0.430129	1
X	74000001	0.329945	0.430129	1
X	75000001	0.661526	0.575599	1
X	76000001	0.45745	0.575599	1
X	77000001	0.967997	0.575599	1
X	78000001	0.624433	0.575599	1
X	79000001	0.60196	0.575599	1
X	80000001	0.417714	0.575599	1
X	81000001	0.507876	0.575599	1
X	82000001	0.553757	0.575599	1
X	83000001	0.495451	0.575599	1
X	84000001	0.597441	0.575599	1
X	85000001	0.612503	0.575599	1
X	86000001	0.728288	0.575599	1
X	87000001	0.601846	0.575599	1
X	88000001	0.547774	0.575599	1
X	89000001	0.495048	0.575599	1
X	90000001	0.548634	0.575599	1
X	91000001	0.452185	0.575599	1
X	92000001	0.375884	0.575599	1
X	93000001	0.645454	0.575599	1
X	94000001	0.524215	0.575599	1
X	95000001	0.766473	0.575599	1
X	96000001	0.485154	0.575599	1
X	97000001	0.625239	0.575599	1
X	98000001	0.790047	0.575599	1
X	99000001	0.467807	0.478745	1
X	100000001	0.475704	0.478745	1
X	101000001	0.482135	0.478745	1
X	102000001	0.473216	0.478745	1
X	103000001	0.47235	0.478745	1
X	104000001	0.335935	0.478745	1
X	105000001	0.691055	0.478745	1
X	106000001	0.445039	0.478745	1
X	107000001	0.555882	0.478745	1
X	108000001	0.517023	0.478745	1
X	109000001	0.437226	0.478745	1
X	110000001	0.483474	0.478745	1
X	111000001	0.587771	0.478745	1
X	112000001	0.466542	0.478745	1
X	113000001	0.597565	0.478745	1
X	114000001	0.57263	0.478745	1
X	115000001	0.452477	0.478745	1
X	116000001	0.436453	0.478745	1
X	117000001	0.60478	0.478745	1
X	118000001	0.4777	0.478745	1
X	119000001	0.32631	0.478745	1
X	120000001	0.47146	0.478745	1
X	121000001	0.457172	0.478745	1
X	122000001	0.497514	0.478745	1
X	123000001	0.466944	0.478745	1
X	124000001	0.490889	0.478745	1
X	125000001	0.47979	0.478745	1
X	126000001	0.54816	0.478745	1
X	127000001	0.534127	0.478745	1
X	128000001	0.626815	0.478745	1
X	129000001	0.403936	0.478745	1
X	130000001	0.334053	0.478745	1
X	131000001	0.327971	0.478745	1
X	132000001	0.61168	0.478745	1
X	133000001	0.444625	0.478745	1
X	134000001	0.443218	0.478745	1
X	135000001	0.615086	0.478745	1
X	136000001	0.410524	0.478745	1
X	137000001	0.575045	0.478745	1
X	138000001	0.498838	0.478745	1
X	139000001	0.508256	0.478745	1
X	140000001	0.398813	0.478745	1
X	141000001	0.570394	0.478745	1
X	142000001	0.613518	0.478745	1
X	143000001	0.628163	0.478745	1
X	144000001	0.399528	0.478745	1
X	145000001	0.59618	0.677066	1
X	146000001	0.776851	0.677066	1
X	147000001	0.599487	0.677066	1
X	148000001	0.754645	0.677066	1
X	149000001	0.379603	0.372779	1
X	150000001	0.431303	0.372779	1
X	151000001	0.351798	0.372779	1
X	152000001	0.365955	0.372779	1
X	153000001	0.463239	0.372779	1
X	154000001	0.335078	0.372779	1
X	155000001	0.638509	1.31557	3
X	156000001	1.99263	1.31557	3
Y	1	-1	-1	1
Y	1000001	-1	-1	1
Y	2000001	0.0350403	0.408666	1
Y	3000001	0.41565	0.408666	1
Y	4000001	0.408666	0.408666	1
Y	5000001	0.607978	0.557922	1
Y	6000001	0.5934	0.557922	1
Y	7000001	0.420645	0.557922	1
Y	8000001	0.41406	0.557922	1
Y	9000001	0.532809	0.557922	1
Y	10000001	1.26662	0.557922	1
Y	11000001	0.631337	0.557922	1
Y	12000001	0.48183	0.557922	1
Y	13000001	0.384408	0.557922	1
Y	14000001	0.557922	0.557922	1
Y	15000001	0.726712	0.557922	1
Y	16000001	0.483784	0.487339	1
Y	17000001	0.423061	0.487339	1
Y	18000001	0.516155	0.487339	1
Y	19000001	0.490895	0.487339	1
Y	20000001	0.450028	0.487339	1
Y	21000001	0.675127	0.487339	1
Y	22000001	0.334359	0.404842	1
Y	23000001	0.402628	0.404842	1
Y	24000001	0.171597	0.404842	1
Y	25000001	0.463014	0.404842	1
Y	26000001	0.407056	0.404842	1
Y	27000001	-1	0.404842	1
Y	28000001	-1	0.404842	1
Y	29000001	-1	0.404842	1
Y	30000001	-1	0.404842	1
Y	31000001	-1	0.404842	1
Y	32000001	-1	0.404842	1
Y	33000001	-1	0.404842	1
Y	34000001	-1	0.404842	1
Y	35000001	-1	0.404842	1
Y	36000001	-1	0.404842	1
Y	37000001	-1	0.404842	1
Y	38000001	-1	0.404842	1
Y	39000001	-1	0.404842	1
Y	40000001	-1	0.404842	1
Y	41000001	-1	0.404842	1
Y	42000001	-1	0.404842	1
Y	43000001	-1	0.404842	1
Y	44000001	-1	0.404842	1
Y	45000001	-1	0.404842	1
Y	46000001	-1	0.404842	1
Y	47000001	-1	0.404842	1
Y	48000001	-1	0.404842	1
Y	49000001	-1	0.404842	1
Y	50000001	-1	0.404842	1
Y	51000001	-1	0.404842	1
Y	52000001	-1	0.404842	1
Y	53000001	-1	0.404842	1
Y	54000001	-1	0.404842	1
Y	55000001	-1	0.404842	1
Y	56000001	0.697251	0.404842	1
Y	57000001	-1	-1	1
