Chromosome	Start	Ratio	MedianRatio	CopyNumber
1	1	0.90306	0.90306	2
1	1000001	1.2388	1.4401	3
1	2000001	1.6414	1.4401	3
1	3000001	0.8038	0.995929	2
1	4000001	1.04642	0.995929	2
1	5000001	0.855936	0.995929	2
1	6000001	0.792978	0.995929	2
1	7000001	1.17831	0.995929	2
1	8000001	0.977025	0.995929	2
1	9000001	0.94537	0.995929	2
1	10000001	1.05681	0.995929	2
1	11000001	1.07502	0.995929	2
1	12000001	0.858228	0.995929	2
1	13000001	1.1655	0.995929	2
1	14000001	1.07277	0.995929	2
1	15000001	1.13374	0.995929	2
1	16000001	0.975194	0.995929	2
1	17000001	1.19362	0.995929	2
1	18000001	1.04607	0.995929	2
1	19000001	1.00186	0.995929	2
1	20000001	0.798501	0.995929	2
1	21000001	0.887825	0.995929	2
1	22000001	0.926593	0.995929	2
1	23000001	0.83623	0.995929	2
1	24000001	1.00326	0.995929	2
1	25000001	0.941246	0.995929	2
1	26000001	1.18284	0.995929	2
1	27000001	0.995929	0.995929	2
1	28000001	0.811278	0.995929	2
1	29000001	0.864518	0.995929	2
1	30000001	0.958377	0.995929	2
1	31000001	1.16749	0.995929	2
1	32000001	0.794645	0.995929	2
1	33000001	1.17422	0.995929	2
1	34000001	0.981404	0.995929	2
1	35000001	1.17029	0.995929	2
1	36000001	1.13706	0.995929	2
1	37000001	0.985879	0.995929	2
1	38000001	0.844995	0.995929	2
1	39000001	1.07767	0.995929	2
1	40000001	1.01051	0.995929	2
1	41000001	0.81993	0.995929	2
1	42000001	1.01554	0.995929	2
1	43000001	1.26906	0.995929	2
1	44000001	1.01428	0.995929	2
1	45000001	1.26853	0.995929	2
1	46000001	1.00863	0.995929	2
1	47000001	0.848102	0.995929	2
1	48000001	0.838979	0.995929	2
1	49000001	0.831883	0.995929	2
1	50000001	1.18492	0.995929	2
1	51000001	1.08888	0.995929	2
1	52000001	1.17091	0.995929	2
1	53000001	1.28634	0.995929	2
1	54000001	0.905624	0.995929	2
1	55000001	0.808192	0.995929	2
1	56000001	1.35704	0.995929	2
1	57000001	1.11348	0.995929	2
1	58000001	0.846582	0.995929	2
1	59000001	0.783556	0.995929	2
1	60000001	0.876969	0.995929	2
1	61000001	0.927975	0.995929	2
1	62000001	0.973776	0.995929	2
1	63000001	1.09715	0.995929	2
1	64000001	1.12681	0.995929	2
1	65000001	0.870932	0.995929	2
1	66000001	1.03894	0.995929	2
1	67000001	0.986684	0.995929	2
1	68000001	1.45759	0.995929	2
1	69000001	0.798993	0.995929	2
1	70000001	1.2864	1.41077	3
1	71000001	1.53514	1.41077	3
1	72000001	1.03183	1.08417	2
1	73000001	1.00344	1.08417	2
1	74000001	1.30413	1.08417	2
1	75000001	1.10355	1.08417	2
1	76000001	1.08864	1.08417	2
1	77000001	0.964862	1.08417	2
1	78000001	0.869252	1.08417	2
1	79000001	1.32894	1.08417	2
1	80000001	1.028	1.08417	2
1	81000001	1.356	1.08417	2
1	82000001	1.29553	1.08417	2
1	83000001	1.31726	1.08417	2
1	84000001	0.95685	1.08417	2
1	85000001	0.888493	1.08417	2
1	86000001	1.09257	1.08417	2
1	87000001	0.964537	1.08417	2
1	88000001	1.23098	1.08417	2
1	89000001	1.40363	1.08417	2
1	90000001	1.02	1.08417	2
1	91000001	0.983456	1.08417	2
1	92000001	0.820087	1.08417	2
1	93000001	1.08417	1.08417	2
1	94000001	0.995201	1.08417	2
1	95000001	1.10678	1.08417	2
1	96000001	1.46457	1.08417	2
1	97000001	0.779971	1.08417	2
1	98000001	1.24231	1.08417	2
1	99000001	0.914527	1.08417	2
1	100000001	1.27325	1.08417	2
1	101000001	0.784702	0.794057	2
1	102000001	0.950552	0.794057	2
1	103000001	0.788936	0.794057	2
1	104000001	0.90614	0.794057	2
1	105000001	0.794057	0.794057	2
1	106000001	1.23243	0.959326	2
1	107000001	1.18372	0.959326	2
1	108000001	0.994296	0.959326	2
1	109000001	0.884706	0.959326	2
1	110000001	0.950242	0.959326	2
1	111000001	0.951753	0.959326	2
1	112000001	0.862233	0.959326	2
1	113000001	0.975718	0.959326	2
1	114000001	0.959326	0.959326	2
1	115000001	0.845269	0.959326	2
1	116000001	1.03209	0.959326	2
1	117000001	1.09673	0.959326	2
1	118000001	0.965241	0.959326	2
1	119000001	0.880588	0.959326	2
1	120000001	0.94796	0.959326	2
1	121000001	1.38542	1.1729	2
1	122000001	1.27248	1.1729	2
1	123000001	1.07331	1.1729	2
1	124000001	1.0152	1.1729	2
1	125000001	2.5753	-1	2
1	126000001	-1	-1	2
1	127000001	-1	-1	2
1	128000001	-1	-1	2
1	129000001	-1	-1	2
1	130000001	-1	-1	2
1	131000001	-1	-1	2
1	132000001	-1	-1	2
1	133000001	-1	-1	2
1	134000001	-1	-1	2
1	135000001	-1	-1	2
1	136000001	-1	-1	2
1	137000001	-1	-1	2
1	138000001	-1	-1	2
1	139000001	-1	-1	2
1	140000001	-1	-1	2
1	141000001	-1	-1	2
1	142000001	-1	-1	2
1	143000001	2.26186	-1	2
1	144000001	1.29399	1.1127	2
1	145000001	0.937615	1.1127	2
1	146000001	1.08324	1.1127	2
1	147000001	1.11614	1.1127	2
1	148000001	1.18447	1.1127	2
1	149000001	1.10926	1.1127	2
1	150000001	0.837109	0.940379	2
1	151000001	0.994079	0.940379	2
1	152000001	0.99717	0.940379	2
1	153000001	0.927587	0.940379	2
1	154000001	1.06307	0.940379	2
1	155000001	0.734765	0.940379	2
1	156000001	0.754517	0.940379	2
1	157000001	0.963627	0.940379	2
1	158000001	1.02977	0.940379	2
1	159000001	1.03389	0.940379	2
1	160000001	0.95317	0.940379	2
1	161000001	0.922882	0.940379	2
1	162000001	1.02287	0.940379	2
1	163000001	1.05981	0.940379	2
1	164000001	0.963601	0.940379	2
1	165000001	0.764302	0.940379	2
1	166000001	0.924623	0.940379	2
1	167000001	0.873354	0.940379	2
1	168000001	1.1625	0.940379	2
1	169000001	1.08642	0.940379	2
1	170000001	0.845943	0.940379	2
1	171000001	0.891568	0.940379	2
1	172000001	0.838087	0.940379	2
1	173000001	0.90654	0.940379	2
1	174000001	0.92567	0.940379	2
1	175000001	1.00695	0.940379	2
1	176000001	1.1474	0.940379	2
1	177000001	1.01162	0.940379	2
1	178000001	0.813732	0.940379	2
1	179000001	0.844254	0.940379	2
1	180000001	1.03941	0.940379	2
1	181000001	0.921808	0.940379	2
1	182000001	1.31138	0.940379	2
1	183000001	1.04661	0.940379	2
1	184000001	0.736919	0.940379	2
1	185000001	0.881145	0.940379	2
1	186000001	1.25769	1.19376	2
1	187000001	1.35355	1.19376	2
1	188000001	1.09562	1.19376	2
1	189000001	1.19328	1.19376	2
1	190000001	1.19376	1.19376	2
1	191000001	1.00973	1.00371	2
1	192000001	0.936023	1.00371	2
1	193000001	1.10958	1.00371	2
1	194000001	1.13984	1.00371	2
1	195000001	0.947065	1.00371	2
1	196000001	1.16148	1.00371	2
1	197000001	1.06693	1.00371	2
1	198000001	0.890671	1.00371	2
1	199000001	0.967842	1.00371	2
1	200000001	0.795295	1.00371	2
1	201000001	0.953398	1.00371	2
1	202000001	1.01169	1.00371	2
1	203000001	0.881596	1.00371	2
1	204000001	1.06245	1.00371	2
1	205000001	0.997691	1.00371	2
1	206000001	1.03278	1.00371	2
1	207000001	1.19189	1.23215	2
1	208000001	1.16753	1.23215	2
1	209000001	1.27242	1.23215	2
1	210000001	1.46854	1.23215	2
1	211000001	0.980839	0.992803	2
1	212000001	1.0395	0.992803	2
1	213000001	0.924724	0.992803	2
1	214000001	1.00198	0.992803	2
1	215000001	0.993294	0.992803	2
1	216000001	1.02591	0.992803	2
1	217000001	1.07273	0.992803	2
1	218000001	0.956548	0.992803	2
1	219000001	1.06934	0.992803	2
1	220000001	0.9172	0.992803	2
1	221000001	0.992313	0.992803	2
1	222000001	0.892626	0.992803	2
1	223000001	1.04112	0.992803	2
1	224000001	0.895667	0.992803	2
1	225000001	0.875528	0.992803	2
1	226000001	0.889579	0.992803	2
1	227000001	1.30841	0.992803	2
1	228000001	0.99473	0.992803	2
1	229000001	0.939695	0.992803	2
1	230000001	1.0796	0.992803	2
1	231000001	0.898582	0.992803	2
1	232000001	1.07725	0.992803	2
1	233000001	1.02806	0.992803	2
1	234000001	1.07037	0.992803	2
1	235000001	0.91109	0.992803	2
1	236000001	1.15702	0.992803	2
1	237000001	0.842883	0.992803	2
1	238000001	1.10425	0.992803	2
1	239000001	1.1585	0.992803	2
1	240000001	1.14502	0.992803	2
1	241000001	0.927151	0.992803	2
1	242000001	0.781066	0.992803	2
1	243000001	0.825895	0.992803	2
1	244000001	0.895628	0.992803	2
1	245000001	0.859308	0.992803	2
1	246000001	1.05155	0.992803	2
1	247000001	0.943372	0.992803	2
1	248000001	1.08967	0.992803	2
10	1	0.745479	0.919545	2
10	1000001	0.925974	0.919545	2
10	2000001	1.1918	0.919545	2
10	3000001	1.04575	0.919545	2
10	4000001	0.920035	0.919545	2
10	5000001	0.822683	0.919545	2
10	6000001	1.00609	0.919545	2
10	7000001	0.910306	0.919545	2
10	8000001	0.826162	0.919545	2
10	9000001	1.12934	0.919545	2
10	10000001	0.960239	0.919545	2
10	11000001	1.24716	0.919545	2
10	12000001	0.889751	0.919545	2
10	13000001	0.884829	0.919545	2
10	14000001	1.15464	0.919545	2
10	15000001	0.806395	0.919545	2
10	16000001	0.919545	0.919545	2
10	17000001	1.01868	0.919545	2
10	18000001	1.12849	0.919545	2
10	19000001	0.888093	0.919545	2
10	20000001	0.824272	0.919545	2
10	21000001	0.79776	0.919545	2
10	22000001	0.851498	0.919545	2
10	23000001	1.01644	1.02099	2
10	24000001	1.15357	1.02099	2
10	25000001	1.06662	1.02099	2
10	26000001	0.99936	1.02099	2
10	27000001	1.32148	1.02099	2
10	28000001	0.989471	1.02099	2
10	29000001	0.917551	1.02099	2
10	30000001	0.955477	1.02099	2
10	31000001	1.00113	1.02099	2
10	32000001	1.14949	1.02099	2
10	33000001	1.17602	1.02099	2
10	34000001	1.29442	1.02099	2
10	35000001	0.848015	1.02099	2
10	36000001	1.13813	1.02099	2
10	37000001	1.00694	1.02099	2
10	38000001	0.799446	1.02099	2
10	39000001	1.00712	1.02099	2
10	40000001	1.18131	1.02099	2
10	41000001	0.897843	1.02099	2
10	42000001	1.25514	1.02099	2
10	43000001	0.86466	1.02099	2
10	44000001	1.06391	1.02099	2
10	45000001	0.880632	1.02099	2
10	46000001	1.295	1.02099	2
10	47000001	1.00452	1.02099	2
10	48000001	0.854825	1.02099	2
10	49000001	0.970064	1.02099	2
10	50000001	1.02099	1.02099	2
10	51000001	0.961769	1.02099	2
10	52000001	1.0602	1.02099	2
10	53000001	1.27735	1.02099	2
10	54000001	1.04423	1.02099	2
10	55000001	0.899339	1.02099	2
10	56000001	0.99312	1.02099	2
10	57000001	0.997881	1.02099	2
10	58000001	0.82452	1.02099	2
10	59000001	1.04263	1.02099	2
10	60000001	1.1407	1.02099	2
10	61000001	1.00147	1.02099	2
10	62000001	0.699926	1.02099	2
10	63000001	0.833288	1.02099	2
10	64000001	1.23335	1.02099	2
10	65000001	1.06372	1.02099	2
10	66000001	1.27605	1.02099	2
10	67000001	0.893645	1.02099	2
10	68000001	1.19094	1.02099	2
10	69000001	1.19543	1.02099	2
10	70000001	0.978704	1.02099	2
10	71000001	1.15802	1.02099	2
10	72000001	1.14495	1.02099	2
10	73000001	1.02962	1.02099	2
10	74000001	1.06605	1.02099	2
10	75000001	1.26808	1.02099	2
10	76000001	1.00984	1.02099	2
10	77000001	0.911346	1.02099	2
10	78000001	0.905906	1.02099	2
10	79000001	0.993699	1.02099	2
10	80000001	1.25376	1.02099	2
10	81000001	0.927633	1.02099	2
10	82000001	1.19814	1.02099	2
10	83000001	0.89812	1.02099	2
10	84000001	1.21273	1.02099	2
10	85000001	1.09341	1.02099	2
10	86000001	0.875652	1.02099	2
10	87000001	1.2398	1.02099	2
10	88000001	1.14274	1.02099	2
10	89000001	0.934092	1.02099	2
10	90000001	0.950623	1.02099	2
10	91000001	1.27682	1.02099	2
10	92000001	0.987197	1.02099	2
10	93000001	0.735665	1.02099	2
10	94000001	0.918895	1.02099	2
10	95000001	0.990069	1.02099	2
10	96000001	1.07941	1.02099	2
10	97000001	0.832622	1.02099	2
10	98000001	1.08168	1.02099	2
10	99000001	1.13858	1.02099	2
10	100000001	1.06418	1.02099	2
10	101000001	1.13678	1.02099	2
10	102000001	0.881806	1.02099	2
10	103000001	0.863506	1.02099	2
10	104000001	1.05899	1.02099	2
10	105000001	1.03417	1.02099	2
10	106000001	1.14233	1.02099	2
10	107000001	0.993981	1.02099	2
10	108000001	0.946386	1.02099	2
10	109000001	1.19074	1.02099	2
10	110000001	0.900253	1.02099	2
10	111000001	1.18001	1.02099	2
10	112000001	1.12086	1.02099	2
10	113000001	0.935946	1.02099	2
10	114000001	1.22191	1.02099	2
10	115000001	1.19891	1.02099	2
10	116000001	0.856329	1.02099	2
10	117000001	1.11591	1.02099	2
10	118000001	0.854188	1.02099	2
10	119000001	0.862226	1.02099	2
10	120000001	1.08364	1.02099	2
10	121000001	1.03494	1.02099	2
10	122000001	0.879804	1.02099	2
10	123000001	1.02457	1.02099	2
10	124000001	1.19223	1.02099	2
10	125000001	1.0156	1.02099	2
10	126000001	3.26577	3.26577	7
10	127000001	0.951787	1.03538	2
10	128000001	1.03538	1.03538	2
10	129000001	1.15587	1.03538	2
10	130000001	1.11869	1.03538	2
10	131000001	0.849422	1.03538	2
10	132000001	0.985014	1.03538	2
10	133000001	1.50457	1.03538	2
11	1	0.952613	0.977554	2
11	1000001	0.732078	0.977554	2
11	2000001	0.937271	0.977554	2
11	3000001	1.13822	0.977554	2
11	4000001	0.909529	0.977554	2
11	5000001	1.06711	0.977554	2
11	6000001	0.977554	0.977554	2
11	7000001	0.783073	0.977554	2
11	8000001	1.01982	0.977554	2
11	9000001	1.04538	0.977554	2
11	10000001	1.22477	0.977554	2
11	11000001	1.88855	1.88855	4
11	12000001	0.927482	0.932258	2
11	13000001	1.26191	0.932258	2
11	14000001	0.80952	0.932258	2
11	15000001	1.16199	0.932258	2
11	16000001	0.937035	0.932258	2
11	17000001	0.910962	0.932258	2
11	18000001	1.11015	0.932258	2
11	19000001	0.871288	0.932258	2
11	20000001	1.17935	1.24665	2
11	21000001	1.31395	1.24665	2
11	22000001	1.42913	1.24665	2
11	23000001	1.1374	1.24665	2
11	24000001	1.03197	0.909665	2
11	25000001	0.851129	0.909665	2
11	26000001	0.975364	0.909665	2
11	27000001	0.849964	0.909665	2
11	28000001	0.909665	0.909665	2
11	29000001	0.993345	0.909665	2
11	30000001	1.09122	0.909665	2
11	31000001	0.720583	0.909665	2
11	32000001	0.84382	0.909665	2
11	33000001	1.00439	0.909665	2
11	34000001	0.73441	0.909665	2
11	35000001	1.25148	1.04998	2
11	36000001	1.00732	1.04998	2
11	37000001	1.22548	1.04998	2
11	38000001	1.2919	1.04998	2
11	39000001	0.913818	1.04998	2
11	40000001	0.906716	1.04998	2
11	41000001	1.14111	1.04998	2
11	42000001	1.07697	1.04998	2
11	43000001	1.14616	1.04998	2
11	44000001	0.876985	1.04998	2
11	45000001	1.01521	1.04998	2
11	46000001	1.05499	1.04998	2
11	47000001	1.18653	1.04998	2
11	48000001	0.865062	1.04998	2
11	49000001	1.23414	1.04998	2
11	50000001	0.942555	1.04998	2
11	51000001	1.19096	1.04998	2
11	52000001	1.26613	1.04998	2
11	53000001	1.20151	1.04998	2
11	54000001	1.04998	1.04998	2
11	55000001	0.922313	1.04998	2
11	56000001	1.00157	1.04998	2
11	57000001	0.986096	1.04998	2
11	58000001	1.09547	1.04998	2
11	59000001	0.898655	1.04998	2
11	60000001	0.841696	1.04998	2
11	61000001	1.00274	1.04998	2
11	62000001	1.1373	1.04998	2
11	63000001	1.13112	1.04998	2
11	64000001	0.982336	1.04998	2
11	65000001	1.1228	1.04998	2
11	66000001	0.694415	1.04998	2
11	67000001	0.823794	1.04998	2
11	68000001	1.04382	1.04998	2
11	69000001	1.53774	1.04998	2
11	70000001	1.00378	1.04998	2
11	71000001	1.10429	1.04998	2
11	72000001	0.870473	1.04998	2
11	73000001	0.96922	1.04998	2
11	74000001	1.04858	1.04998	2
11	75000001	1.05144	1.04998	2
11	76000001	1.10998	1.04998	2
11	77000001	1.13618	1.04998	2
11	78000001	1.33854	1.44312	3
11	79000001	1.44312	1.44312	3
11	80000001	1.53132	1.44312	3
11	81000001	1.02406	0.963363	2
11	82000001	0.936881	0.963363	2
11	83000001	0.88339	0.963363	2
11	84000001	1.1287	0.963363	2
11	85000001	1.05173	0.963363	2
11	86000001	0.783093	0.963363	2
11	87000001	0.810515	0.963363	2
11	88000001	0.963363	0.963363	2
11	89000001	0.984655	0.963363	2
11	90000001	0.983659	0.963363	2
11	91000001	0.824451	0.963363	2
11	92000001	1.06374	0.992047	2
11	93000001	1.17003	0.992047	2
11	94000001	1.01814	0.992047	2
11	95000001	0.969201	0.992047	2
11	96000001	1.35609	0.992047	2
11	97000001	0.936018	0.992047	2
11	98000001	0.977905	0.992047	2
11	99000001	1.10962	0.992047	2
11	100000001	0.924921	0.992047	2
11	101000001	0.831441	0.992047	2
11	102000001	0.933085	0.992047	2
11	103000001	1.12903	0.992047	2
11	104000001	1.45812	0.992047	2
11	105000001	0.835647	0.992047	2
11	106000001	0.986489	0.992047	2
11	107000001	0.775028	0.992047	2
11	108000001	0.919347	0.992047	2
11	109000001	1.16289	0.992047	2
11	110000001	1.18357	0.992047	2
11	111000001	0.951157	0.992047	2
11	112000001	1.27468	0.992047	2
11	113000001	0.960649	0.992047	2
11	114000001	0.76014	0.992047	2
11	115000001	1.15093	0.992047	2
11	116000001	1.1925	0.992047	2
11	117000001	0.936466	0.992047	2
11	118000001	1.04382	0.992047	2
11	119000001	0.818525	0.992047	2
11	120000001	0.920465	0.992047	2
11	121000001	1.39669	0.992047	2
11	122000001	0.935372	0.992047	2
11	123000001	1.01269	0.992047	2
11	124000001	1.17584	0.992047	2
11	125000001	0.997605	0.992047	2
11	126000001	0.866206	0.992047	2
11	127000001	1.17956	0.992047	2
11	128000001	0.722826	0.78338	2
11	129000001	0.880577	0.78338	2
11	130000001	0.78338	0.78338	2
11	131000001	1.27524	1.34056	3
11	132000001	1.40588	1.34056	3
11	133000001	0.910071	0.726472	1
11	134000001	0.726472	0.726472	1
11	135000001	0.637793	0.726472	1
12	1	1.06129	1.00864	2
12	1000001	0.961171	1.00864	2
12	2000001	0.765984	1.00864	2
12	3000001	0.918436	1.00864	2
12	4000001	1.03598	1.00864	2
12	5000001	0.953909	1.00864	2
12	6000001	0.915904	1.00864	2
12	7000001	1.15521	1.00864	2
12	8000001	0.88666	1.00864	2
12	9000001	1.0094	1.00864	2
12	10000001	1.10877	1.00864	2
12	11000001	1.12044	1.00864	2
12	12000001	1.08934	1.00864	2
12	13000001	0.996114	1.00864	2
12	14000001	0.950327	1.00864	2
12	15000001	1.06823	1.00864	2
12	16000001	0.9817	1.00864	2
12	17000001	0.895907	1.00864	2
12	18000001	1.05717	1.00864	2
12	19000001	0.868883	1.00864	2
12	20000001	1.04504	1.00864	2
12	21000001	1.11287	1.00864	2
12	22000001	1.19254	1.00864	2
12	23000001	0.796196	1.00864	2
12	24000001	1.03541	1.00864	2
12	25000001	1.13994	1.00864	2
12	26000001	1.24099	1.00864	2
12	27000001	0.993678	1.00864	2
12	28000001	0.861529	1.00864	2
12	29000001	1.00051	1.00864	2
12	30000001	1.03609	1.00864	2
12	31000001	1.00788	1.00864	2
12	32000001	0.910882	1.00864	2
12	33000001	1.18586	1.00864	2
12	34000001	0.650233	0.669981	1
12	35000001	0.569732	0.669981	1
12	36000001	0.689728	0.669981	1
12	37000001	0.730199	0.669981	1
12	38000001	1.05349	1.05349	2
12	39000001	0.967408	1.05349	2
12	40000001	1.00195	1.05349	2
12	41000001	1.07844	1.05349	2
12	42000001	0.996574	1.05349	2
12	43000001	1.06821	1.05349	2
12	44000001	1.25715	1.05349	2
12	45000001	0.950971	0.923286	2
12	46000001	0.923286	0.923286	2
12	47000001	0.796921	0.923286	2
12	48000001	1.6796	1.6796	3
12	49000001	0.991347	0.973963	2
12	50000001	1.06001	0.973963	2
12	51000001	0.78653	0.973963	2
12	52000001	1.27479	0.973963	2
12	53000001	0.883113	0.973963	2
12	54000001	0.878978	0.973963	2
12	55000001	1.15719	0.973963	2
12	56000001	0.936986	0.973963	2
12	57000001	0.992098	0.973963	2
12	58000001	0.796748	0.973963	2
12	59000001	1.29365	0.973963	2
12	60000001	0.941745	0.973963	2
12	61000001	1.15923	0.973963	2
12	62000001	0.975887	0.973963	2
12	63000001	0.992004	0.973963	2
12	64000001	0.892729	0.973963	2
12	65000001	0.850533	0.973963	2
12	66000001	0.758486	0.973963	2
12	67000001	0.925746	0.973963	2
12	68000001	0.937394	0.973963	2
12	69000001	1.20577	0.973963	2
12	70000001	0.862876	0.973963	2
12	71000001	1.04381	0.973963	2
12	72000001	0.661491	0.973963	2
12	73000001	1.05742	0.973963	2
12	74000001	0.955968	0.973963	2
12	75000001	1.00755	0.973963	2
12	76000001	0.957029	0.973963	2
12	77000001	1.07793	0.973963	2
12	78000001	0.930577	0.973963	2
12	79000001	1.25986	0.973963	2
12	80000001	1.04273	0.973963	2
12	81000001	1.20759	0.973963	2
12	82000001	1.09944	0.973963	2
12	83000001	0.995719	0.973963	2
12	84000001	0.793374	0.973963	2
12	85000001	0.865372	0.973963	2
12	86000001	1.11592	0.973963	2
12	87000001	0.945803	0.973963	2
12	88000001	1.32338	0.973963	2
12	89000001	0.915915	0.973963	2
12	90000001	1.06168	0.973963	2
12	91000001	0.710644	0.973963	2
12	92000001	1.25713	0.973963	2
12	93000001	0.818804	0.973963	2
12	94000001	0.936566	0.973963	2
12	95000001	1.2489	0.973963	2
12	96000001	0.972039	0.973963	2
12	97000001	1.01583	0.973963	2
12	98000001	1.06028	0.973963	2
12	99000001	1.21277	0.973963	2
12	100000001	0.74577	0.973963	2
12	101000001	1.16546	0.973963	2
12	102000001	0.839162	0.973963	2
12	103000001	1.05567	0.973963	2
12	104000001	0.969871	0.973963	2
12	105000001	1.01574	0.973963	2
12	106000001	1.06461	0.973963	2
12	107000001	1.11322	0.973963	2
12	108000001	0.895018	0.973963	2
12	109000001	0.949172	0.973963	2
12	110000001	0.987551	0.973963	2
12	111000001	0.895117	0.973963	2
12	112000001	1.09239	0.973963	2
12	113000001	0.876762	0.973963	2
12	114000001	0.935997	0.973963	2
12	115000001	0.929148	0.973963	2
12	116000001	1.10206	0.973963	2
12	117000001	1.21035	0.973963	2
12	118000001	1.08287	0.973963	2
12	119000001	1.04394	0.973963	2
12	120000001	0.971222	0.973963	2
12	121000001	0.946329	0.973963	2
12	122000001	1.25253	0.973963	2
12	123000001	0.928438	0.973963	2
12	124000001	0.702974	0.973963	2
12	125000001	0.907664	0.973963	2
12	126000001	1.16427	0.973963	2
12	127000001	0.836949	0.973963	2
12	128000001	0.857639	0.973963	2
12	129000001	1.47054	1.4228	3
12	130000001	1.12999	1.4228	3
12	131000001	1.4228	1.4228	3
12	132000001	1.09851	0.968394	2
12	133000001	0.838282	0.968394	2
13	1	-1	-1	2
13	1000001	-1	-1	2
13	2000001	-1	-1	2
13	3000001	-1	-1	2
13	4000001	-1	-1	2
13	5000001	-1	-1	2
13	6000001	-1	-1	2
13	7000001	-1	-1	2
13	8000001	-1	-1	2
13	9000001	-1	-1	2
13	10000001	-1	-1	2
13	11000001	-1	-1	2
13	12000001	-1	-1	2
13	13000001	-1	-1	2
13	14000001	-1	-1	2
13	15000001	-1	-1	2
13	16000001	1.03135	1.21653	2
13	17000001	1.21653	1.21653	2
13	18000001	1.43257	1.21653	2
13	19000001	1.07022	1.01247	2
13	20000001	0.964948	1.01247	2
13	21000001	0.964873	1.01247	2
13	22000001	1.05205	1.01247	2
13	23000001	1.02032	1.01247	2
13	24000001	1.15906	1.01247	2
13	25000001	0.80635	1.01247	2
13	26000001	1.08864	1.01247	2
13	27000001	0.908554	1.01247	2
13	28000001	0.797495	1.01247	2
13	29000001	1.07115	1.01247	2
13	30000001	1.10274	1.01247	2
13	31000001	0.954513	1.01247	2
13	32000001	0.697915	1.01247	2
13	33000001	0.911916	1.01247	2
13	34000001	1.10676	1.01247	2
13	35000001	1.39202	1.01247	2
13	36000001	1.00462	1.01247	2
13	37000001	0.974986	1.01247	2
13	38000001	1.14122	1.01247	2
13	39000001	0.933132	1.01247	2
13	40000001	1.00244	1.01247	2
13	41000001	1.34926	1.01247	2
13	42000001	0.997016	1.01247	2
13	43000001	0.912132	1.01247	2
13	44000001	1.18476	1.01247	2
13	45000001	1.11369	1.01247	2
13	46000001	1.07691	1.01247	2
13	47000001	1.09132	1.01247	2
13	48000001	0.800113	1.01247	2
13	49000001	0.885887	1.01247	2
13	50000001	0.90117	1.01247	2
13	51000001	1.07787	1.01247	2
13	52000001	1.31796	1.01247	2
13	53000001	1.07587	1.01247	2
13	54000001	0.98057	1.01247	2
13	55000001	1.05742	1.01247	2
13	56000001	1.06101	1.01247	2
13	57000001	1.07228	1.01247	2
13	58000001	0.645316	1.01247	2
13	59000001	0.955641	1.01247	2
13	60000001	0.945501	1.01247	2
13	61000001	0.818895	1.01247	2
13	62000001	0.880549	1.01247	2
13	63000001	1.21918	1.01247	2
13	64000001	1.06323	1.01247	2
13	65000001	0.671236	1.01247	2
13	66000001	0.813239	1.01247	2
13	67000001	1.22834	1.01247	2
13	68000001	1.03544	1.01247	2
13	69000001	1.332	1.01247	2
13	70000001	0.987916	1.01247	2
13	71000001	1.73463	1.73463	3
13	72000001	0.87901	1.04727	2
13	73000001	1.25107	1.04727	2
13	74000001	1.25725	1.04727	2
13	75000001	1.00967	1.04727	2
13	76000001	1.15983	1.04727	2
13	77000001	0.881142	1.04727	2
13	78000001	1.07472	1.04727	2
13	79000001	1.0714	1.04727	2
13	80000001	1.15931	1.04727	2
13	81000001	1.24099	1.04727	2
13	82000001	0.993267	1.04727	2
13	83000001	0.810189	1.04727	2
13	84000001	1.05947	1.04727	2
13	85000001	1.20822	1.04727	2
13	86000001	1.10863	1.04727	2
13	87000001	1.03064	1.04727	2
13	88000001	1.18981	1.04727	2
13	89000001	0.952067	1.04727	2
13	90000001	0.963905	1.04727	2
13	91000001	0.927856	1.04727	2
13	92000001	1.19972	1.04727	2
13	93000001	0.896293	1.04727	2
13	94000001	1.10348	1.04727	2
13	95000001	1.28851	1.04727	2
13	96000001	0.892742	1.04727	2
13	97000001	1.05985	1.04727	2
13	98000001	1.26731	1.04727	2
13	99000001	1.25166	1.04727	2
13	100000001	0.920346	1.04727	2
13	101000001	0.833352	1.04727	2
13	102000001	1.00925	1.04727	2
13	103000001	1.0331	1.04727	2
13	104000001	0.977863	1.04727	2
13	105000001	1.04727	1.04727	2
13	106000001	1.08071	1.04727	2
13	107000001	1.23621	1.04727	2
13	108000001	0.833966	1.04727	2
13	109000001	0.918433	1.04727	2
13	110000001	1.50874	1.04727	2
13	111000001	0.85984	1.04727	2
13	112000001	0.949317	1.04727	2
13	113000001	0.941693	1.04727	2
13	114000001	1.0573	1.04727	2
14	1	-1	-1	2
14	1000001	-1	-1	2
14	2000001	-1	-1	2
14	3000001	-1	-1	2
14	4000001	-1	-1	2
14	5000001	-1	-1	2
14	6000001	-1	-1	2
14	7000001	-1	-1	2
14	8000001	-1	-1	2
14	9000001	-1	-1	2
14	10000001	-1	-1	2
14	11000001	-1	-1	2
14	12000001	-1	-1	2
14	13000001	-1	-1	2
14	14000001	-1	-1	2
14	15000001	-1	-1	2
14	16000001	1.4266	1.18926	2
14	17000001	1.22817	1.18926	2
14	18000001	1.13545	1.18926	2
14	19000001	1.1743	1.18926	2
14	20000001	1.18926	1.18926	2
14	21000001	0.988155	0.981516	2
14	22000001	0.979238	0.981516	2
14	23000001	0.836101	0.981516	2
14	24000001	1.13658	0.981516	2
14	25000001	0.761297	0.981516	2
14	26000001	1.03809	0.981516	2
14	27000001	1.02673	0.981516	2
14	28000001	0.981516	0.981516	2
14	29000001	1.12973	0.981516	2
14	30000001	1.02758	0.981516	2
14	31000001	0.971906	0.981516	2
14	32000001	1.28116	0.981516	2
14	33000001	1.0149	0.981516	2
14	34000001	1.10346	0.981516	2
14	35000001	0.693823	0.981516	2
14	36000001	0.926582	0.981516	2
14	37000001	1.07594	0.981516	2
14	38000001	0.91105	0.981516	2
14	39000001	0.726695	0.981516	2
14	40000001	0.942444	0.981516	2
14	41000001	1.26982	0.981516	2
14	42000001	0.985275	0.981516	2
14	43000001	0.761655	0.981516	2
14	44000001	0.928572	0.981516	2
14	45000001	0.890134	0.981516	2
14	46000001	1.13381	0.981516	2
14	47000001	1.06009	0.981516	2
14	48000001	0.998996	0.981516	2
14	49000001	0.859158	0.981516	2
14	50000001	1.0791	0.981516	2
14	51000001	0.761378	0.981516	2
14	52000001	1.28937	0.981516	2
14	53000001	0.886829	0.981516	2
14	54000001	1.0882	0.981516	2
14	55000001	0.836318	0.981516	2
14	56000001	0.979832	0.981516	2
14	57000001	1.09328	0.981516	2
14	58000001	0.897488	0.981516	2
14	59000001	0.748247	0.981516	2
14	60000001	2.09097	2.09097	4
14	61000001	1.32244	1.32244	3
14	62000001	1.02413	1.02413	2
14	63000001	0.962554	1.02413	2
14	64000001	1.05695	1.02413	2
14	65000001	1.23884	1.02413	2
14	66000001	0.87438	1.02413	2
14	67000001	0.919035	1.02413	2
14	68000001	1.15471	1.02413	2
14	69000001	0.949977	1.02413	2
14	70000001	0.850295	1.02413	2
14	71000001	0.94859	1.02413	2
14	72000001	1.1247	1.02413	2
14	73000001	1.06027	1.02413	2
14	74000001	0.997395	1.02413	2
14	75000001	1.13686	1.02413	2
14	76000001	1.13818	1.02413	2
14	77000001	0.92283	1.02413	2
14	78000001	0.78911	1.02413	2
14	79000001	1.17438	1.02413	2
14	80000001	1.01366	1.02413	2
14	81000001	0.780962	1.02413	2
14	82000001	1.15753	1.02413	2
14	83000001	1.18287	1.02413	2
14	84000001	0.773784	1.02413	2
14	85000001	1.02643	1.02413	2
14	86000001	1.15063	1.02413	2
14	87000001	0.911482	1.02413	2
14	88000001	1.07206	1.02413	2
14	89000001	0.954543	1.02413	2
14	90000001	1.29073	1.02413	2
14	91000001	0.861144	0.874211	2
14	92000001	0.707465	0.874211	2
14	93000001	1.0179	0.874211	2
14	94000001	0.931858	0.874211	2
14	95000001	0.943353	0.874211	2
14	96000001	0.867145	0.874211	2
14	97000001	0.79461	0.874211	2
14	98000001	0.965747	0.874211	2
14	99000001	1.02365	0.874211	2
14	100000001	0.876582	0.874211	2
14	101000001	0.894375	0.874211	2
14	102000001	1.03801	0.874211	2
14	103000001	0.760909	0.874211	2
14	104000001	0.863896	0.874211	2
14	105000001	0.871841	0.874211	2
14	106000001	0.800959	0.874211	2
14	107000001	-1	-1	2
15	1	-1	-1	2
15	1000001	-1	-1	2
15	2000001	-1	-1	2
15	3000001	-1	-1	2
15	4000001	-1	-1	2
15	5000001	-1	-1	2
15	6000001	-1	-1	2
15	7000001	-1	-1	2
15	8000001	-1	-1	2
15	9000001	-1	-1	2
15	10000001	-1	-1	2
15	11000001	-1	-1	2
15	12000001	-1	-1	2
15	13000001	-1	-1	2
15	14000001	-1	-1	2
15	15000001	-1	-1	2
15	16000001	-1	-1	2
15	17000001	1.19073	1.2135	2
15	18000001	1.23628	1.2135	2
15	19000001	1.33459	1.40423	3
15	20000001	1.6169	1.40423	3
15	21000001	1.40423	1.40423	3
15	22000001	0.853346	1.01952	2
15	23000001	0.820843	1.01952	2
15	24000001	1.06314	1.01952	2
15	25000001	1.12862	1.01952	2
15	26000001	0.953828	1.01952	2
15	27000001	0.808396	1.01952	2
15	28000001	1.03114	1.01952	2
15	29000001	1.15405	1.01952	2
15	30000001	0.969739	1.01952	2
15	31000001	1.10992	1.01952	2
15	32000001	0.63425	1.01952	2
15	33000001	1.06442	1.01952	2
15	34000001	1.00789	1.01952	2
15	35000001	1.08831	1.01952	2
15	36000001	0.848693	0.791267	2
15	37000001	0.965394	0.791267	2
15	38000001	0.67222	0.791267	2
15	39000001	0.733842	0.791267	2
15	40000001	1.08557	1.02558	2
15	41000001	1.02472	1.02558	2
15	42000001	0.967823	1.02558	2
15	43000001	0.928642	1.02558	2
15	44000001	1.04425	1.02558	2
15	45000001	1.01978	1.02558	2
15	46000001	1.02558	1.02558	2
15	47000001	0.999741	1.02558	2
15	48000001	1.08108	1.02558	2
15	49000001	1.05688	1.02558	2
15	50000001	1.0933	1.02558	2
15	51000001	1.03517	1.02558	2
15	52000001	0.880256	1.02558	2
15	53000001	1.1616	1.02558	2
15	54000001	0.847713	1.02558	2
15	55000001	0.881584	1.02558	2
15	56000001	1.13213	1.02558	2
15	57000001	0.843848	0.845739	2
15	58000001	0.654747	0.845739	2
15	59000001	0.910453	0.845739	2
15	60000001	0.890879	0.845739	2
15	61000001	0.845739	0.845739	2
15	62000001	1.07954	0.979992	2
15	63000001	0.979992	0.979992	2
15	64000001	1.12342	0.979992	2
15	65000001	0.940835	0.979992	2
15	66000001	0.877384	0.979992	2
15	67000001	1.31955	1.16285	2
15	68000001	1.08786	1.16285	2
15	69000001	1.11352	1.16285	2
15	70000001	1.16285	1.16285	2
15	71000001	1.26643	1.16285	2
15	72000001	0.631035	0.74138	1
15	73000001	0.851725	0.74138	1
15	74000001	0.996681	1.09024	2
15	75000001	1.06851	1.09024	2
15	76000001	1.31926	1.09024	2
15	77000001	1.14083	1.09024	2
15	78000001	1.03889	1.09024	2
15	79000001	1.06733	1.09024	2
15	80000001	1.03489	1.09024	2
15	81000001	0.956555	1.09024	2
15	82000001	1.11198	1.09024	2
15	83000001	1.2951	1.09024	2
15	84000001	1.16088	1.09024	2
15	85000001	1.11379	1.09024	2
15	86000001	0.903905	0.970318	2
15	87000001	1.07925	0.970318	2
15	88000001	0.769708	0.970318	2
15	89000001	1.15681	0.970318	2
15	90000001	0.977767	0.970318	2
15	91000001	1.12876	0.970318	2
15	92000001	0.933307	0.970318	2
15	93000001	1.0467	0.970318	2
15	94000001	0.896332	0.970318	2
15	95000001	1.28496	0.970318	2
15	96000001	0.737485	0.970318	2
15	97000001	0.962869	0.970318	2
15	98000001	1.09899	1.09978	2
15	99000001	1.10057	1.09978	2
15	100000001	1.14407	1.09978	2
15	101000001	0.930576	1.09978	2
16	1	1.01556	1.02426	2
16	1000001	0.914064	1.02426	2
16	2000001	0.903443	1.02426	2
16	3000001	0.699872	1.02426	2
16	4000001	1.00239	1.02426	2
16	5000001	1.13154	1.02426	2
16	6000001	1.09971	1.02426	2
16	7000001	1.06803	1.02426	2
16	8000001	1.02472	1.02426	2
16	9000001	0.928954	1.02426	2
16	10000001	1.23846	1.02426	2
16	11000001	0.856346	1.02426	2
16	12000001	0.965492	1.02426	2
16	13000001	1.11473	1.02426	2
16	14000001	1.16176	1.02426	2
16	15000001	1.17164	1.02426	2
16	16000001	0.936648	1.02426	2
16	17000001	0.835212	1.02426	2
16	18000001	1.0606	1.02426	2
16	19000001	0.88634	1.02426	2
16	20000001	1.07024	1.02426	2
16	21000001	0.999638	1.02426	2
16	22000001	0.99211	1.02426	2
16	23000001	1.17654	1.02426	2
16	24000001	0.90491	1.02426	2
16	25000001	1.18122	1.02426	2
16	26000001	1.03377	1.02426	2
16	27000001	0.885051	1.02426	2
16	28000001	0.888575	1.02426	2
16	29000001	1.02426	1.02426	2
16	30000001	1.0506	1.02426	2
16	31000001	1.09023	1.02426	2
16	32000001	1.20158	1.02426	2
16	33000001	1.56781	1.56781	3
16	34000001	2.1345	2.1345	4
16	35000001	1.01488	0.970678	2
16	36000001	1.06319	0.970678	2
16	37000001	0.926477	0.970678	2
16	38000001	0.905483	0.970678	2
16	39000001	-1	-1	2
16	40000001	-1	-1	2
16	41000001	-1	-1	2
16	42000001	-1	-1	2
16	43000001	-1	-1	2
16	44000001	-1	-1	2
16	45000001	-1	-1	2
16	46000001	4.57669	4.57669	9
16	47000001	1.02063	1.04497	2
16	48000001	1.01748	1.04497	2
16	49000001	0.876058	1.04497	2
16	50000001	0.626893	1.04497	2
16	51000001	1.13994	1.04497	2
16	52000001	0.845062	1.04497	2
16	53000001	1.14411	1.04497	2
16	54000001	0.958402	1.04497	2
16	55000001	0.735555	1.04497	2
16	56000001	0.981907	1.04497	2
16	57000001	1.14551	1.04497	2
16	58000001	1.12624	1.04497	2
16	59000001	1.10565	1.04497	2
16	60000001	1.15831	1.04497	2
16	61000001	1.02407	1.04497	2
16	62000001	1.0063	1.04497	2
16	63000001	1.32178	1.04497	2
16	64000001	1.06731	1.04497	2
16	65000001	1.10843	1.04497	2
16	66000001	1.07909	1.04497	2
16	67000001	0.86516	1.04497	2
16	68000001	0.794876	1.04497	2
16	69000001	1.26848	1.04497	2
16	70000001	1.23063	1.04497	2
16	71000001	1.21463	1.04497	2
16	72000001	1.01791	1.04497	2
16	73000001	1.06216	1.04497	2
16	74000001	1.3931	1.04497	2
16	75000001	0.752877	1.04497	2
16	76000001	1.24123	1.04497	2
16	77000001	0.875616	1.04497	2
16	78000001	1.03721	1.04497	2
16	79000001	0.991475	1.04497	2
16	80000001	0.903931	1.04497	2
16	81000001	1.07788	1.04497	2
16	82000001	1.05273	1.04497	2
16	83000001	0.914945	1.04497	2
16	84000001	1.21463	1.04497	2
16	85000001	1.07964	1.04497	2
16	86000001	1.24899	1.04497	2
16	87000001	0.86534	1.04497	2
16	88000001	1.15972	1.04497	2
16	89000001	0.791345	1.04497	2
16	90000001	0.824091	1.04497	2
17	1	1.23497	0.962858	2
17	1000001	1.00289	0.962858	2
17	2000001	0.961975	0.962858	2
17	3000001	1.03571	0.962858	2
17	4000001	1.14368	0.962858	2
17	5000001	0.828385	0.962858	2
17	6000001	0.764668	0.962858	2
17	7000001	0.974543	0.962858	2
17	8000001	0.860052	0.962858	2
17	9000001	0.914131	0.962858	2
17	10000001	0.960461	0.962858	2
17	11000001	1.16716	0.962858	2
17	12000001	0.897902	0.962858	2
17	13000001	0.975809	0.962858	2
17	14000001	1.13695	0.962858	2
17	15000001	0.962858	0.962858	2
17	16000001	0.891633	0.962858	2
17	17000001	0.864624	0.962858	2
17	18000001	0.927898	0.962858	2
17	19000001	0.981937	0.962858	2
17	20000001	1.02825	0.962858	2
17	21000001	0.837111	0.962858	2
17	22000001	1.07112	0.962858	2
17	23000001	1.08646	0.962858	2
17	24000001	0.707991	0.962858	2
17	25000001	1.32546	1.62689	3
17	26000001	1.92832	1.62689	3
17	27000001	1.13379	1.07521	2
17	28000001	0.943476	1.07521	2
17	29000001	1.28786	1.07521	2
17	30000001	1.19415	1.07521	2
17	31000001	1.24998	1.07521	2
17	32000001	1.06992	1.07521	2
17	33000001	1.00513	1.07521	2
17	34000001	1.04764	1.07521	2
17	35000001	1.02383	1.07521	2
17	36000001	1.10127	1.07521	2
17	37000001	0.982414	1.07521	2
17	38000001	1.16232	1.07521	2
17	39000001	1.09608	1.07521	2
17	40000001	0.766808	1.07521	2
17	41000001	1.09856	1.07521	2
17	42000001	0.890759	1.07521	2
17	43000001	1.18232	1.07521	2
17	44000001	0.994818	1.07521	2
17	45000001	1.13977	1.07521	2
17	46000001	1.18411	1.07521	2
17	47000001	1.14461	1.07521	2
17	48000001	0.779761	1.07521	2
17	49000001	0.961036	1.07521	2
17	50000001	0.779794	1.07521	2
17	51000001	0.988097	1.07521	2
17	52000001	1.20659	1.07521	2
17	53000001	1.14383	1.07521	2
17	54000001	1.35818	1.07521	2
17	55000001	0.703325	1.07521	2
17	56000001	1.20164	1.07521	2
17	57000001	0.963067	1.07521	2
17	58000001	0.912716	1.07521	2
17	59000001	1.07977	1.07521	2
17	60000001	1.08137	1.07521	2
17	61000001	0.933705	1.07521	2
17	62000001	1.45341	1.07521	2
17	63000001	0.992642	1.07521	2
17	64000001	0.934512	1.07521	2
17	65000001	1.21213	1.07521	2
17	66000001	1.07065	1.07521	2
17	67000001	0.929824	0.93616	2
17	68000001	0.901037	0.93616	2
17	69000001	0.976258	0.93616	2
17	70000001	1.06235	0.93616	2
17	71000001	1.0745	0.93616	2
17	72000001	0.913386	0.93616	2
17	73000001	0.942496	0.93616	2
17	74000001	0.902171	0.93616	2
17	75000001	0.785299	0.93616	2
17	76000001	1.0394	0.93616	2
17	77000001	1.76483	1.76483	4
17	78000001	1.03452	0.905123	2
17	79000001	0.905123	0.905123	2
17	80000001	0.794531	0.905123	2
17	81000001	3.20798	3.20798	6
17	82000001	0.964934	1.02875	2
17	83000001	1.09256	1.02875	2
18	1	1.70752	1.70752	3
18	1000001	1.07311	1.06443	2
18	2000001	0.925753	1.06443	2
18	3000001	1.05574	1.06443	2
18	4000001	1.12928	1.06443	2
18	5000001	1.22537	1.06443	2
18	6000001	0.911391	1.06443	2
18	7000001	1.24213	1.06443	2
18	8000001	0.962983	1.06443	2
18	9000001	0.639415	0.926026	2
18	10000001	0.953333	0.926026	2
18	11000001	0.926026	0.926026	2
18	12000001	1.04914	0.926026	2
18	13000001	0.644215	0.926026	2
18	14000001	1.16432	1.11652	2
18	15000001	1.05013	1.11652	2
18	16000001	1.12947	1.11652	2
18	17000001	1.18299	1.11652	2
18	18000001	1.03083	1.11652	2
18	19000001	1.17692	1.11652	2
18	20000001	0.930221	1.11652	2
18	21000001	1.19071	1.11652	2
18	22000001	0.869786	1.11652	2
18	23000001	0.975755	1.11652	2
18	24000001	0.750407	1.11652	2
18	25000001	1.11754	1.11652	2
18	26000001	1.02847	1.11652	2
18	27000001	1.03172	1.11652	2
18	28000001	1.12984	1.11652	2
18	29000001	1.51134	1.11652	2
18	30000001	0.889592	1.11652	2
18	31000001	1.27858	1.11652	2
18	32000001	0.98078	1.11652	2
18	33000001	1.18336	1.11652	2
18	34000001	1.09082	1.11652	2
18	35000001	0.861654	1.11652	2
18	36000001	1.17606	1.11652	2
18	37000001	0.93914	1.11652	2
18	38000001	0.916353	1.11652	2
18	39000001	1.20442	1.11652	2
18	40000001	1.24052	1.11652	2
18	41000001	0.963414	1.11652	2
18	42000001	1.13732	1.11652	2
18	43000001	1.02187	1.11652	2
18	44000001	1.49959	1.11652	2
18	45000001	1.03463	1.11652	2
18	46000001	1.14119	1.11652	2
18	47000001	1.1678	1.11652	2
18	48000001	0.828026	1.11652	2
18	49000001	0.970573	1.11652	2
18	50000001	0.932354	1.11652	2
18	51000001	1.11989	1.11652	2
18	52000001	1.30075	1.11652	2
18	53000001	1.08529	1.11652	2
18	54000001	1.24613	1.11652	2
18	55000001	1.20093	1.11652	2
18	56000001	1.2453	1.11652	2
18	57000001	1.11652	1.11652	2
18	58000001	1.14447	1.11652	2
18	59000001	0.999913	1.11652	2
18	60000001	1.03484	1.11652	2
18	61000001	2.23678	2.23678	4
18	62000001	1.04988	1.1879	2
18	63000001	1.16226	1.1879	2
18	64000001	0.770563	1.1879	2
18	65000001	1.21355	1.1879	2
18	66000001	1.24356	1.1879	2
18	67000001	1.40045	1.1879	2
18	68000001	0.860089	0.918585	2
18	69000001	1.24195	0.918585	2
18	70000001	0.867255	0.918585	2
18	71000001	0.918585	0.918585	2
18	72000001	1.23592	0.918585	2
18	73000001	1.24528	0.918585	2
18	74000001	0.810043	0.918585	2
18	75000001	0.816551	0.918585	2
18	76000001	0.971062	0.918585	2
18	77000001	1.66874	0.918585	2
18	78000001	0.887014	0.918585	2
18	79000001	1.10102	0.918585	2
18	80000001	0.735147	0.918585	2
19	1	1.04362	0.937874	2
19	1000001	0.937874	0.937874	2
19	2000001	1.15717	0.937874	2
19	3000001	0.893182	0.937874	2
19	4000001	0.959899	0.937874	2
19	5000001	0.900684	0.937874	2
19	6000001	0.873384	0.937874	2
19	7000001	1.25787	1.15814	2
19	8000001	0.967902	1.15814	2
19	9000001	1.15814	1.15814	2
19	10000001	0.939458	0.95437	2
19	11000001	0.79544	0.95437	2
19	12000001	0.969281	0.95437	2
19	13000001	0.937188	0.95437	2
19	14000001	1.03007	0.95437	2
19	15000001	1.00052	0.95437	2
19	16000001	1.03561	0.95437	2
19	17000001	0.665564	0.95437	2
19	18000001	1.08621	1.20038	2
19	19000001	1.31456	1.20038	2
19	20000001	0.835734	0.865792	2
19	21000001	0.925727	0.865792	2
19	22000001	0.77186	0.865792	2
19	23000001	0.89585	0.865792	2
19	24000001	1.25787	1.13685	2
19	25000001	1.19172	1.13685	2
19	26000001	1.1876	1.13685	2
19	27000001	1.08131	1.13685	2
19	28000001	0.884795	1.13685	2
19	29000001	1.31141	1.13685	2
19	30000001	0.986069	1.13685	2
19	31000001	1.00025	1.13685	2
19	32000001	0.862502	1.13685	2
19	33000001	1.15259	1.13685	2
19	34000001	1.22315	1.13685	2
19	35000001	1.04829	1.13685	2
19	36000001	1.13685	1.13685	2
19	37000001	0.933794	1.02751	2
19	38000001	0.93233	1.02751	2
19	39000001	1.11731	1.02751	2
19	40000001	1.02751	1.02751	2
19	41000001	1.04131	1.02751	2
19	42000001	0.887278	1.02751	2
19	43000001	1.11446	1.02751	2
19	44000001	0.981377	0.959448	2
19	45000001	0.923759	0.959448	2
19	46000001	0.868823	0.959448	2
19	47000001	0.993929	0.959448	2
19	48000001	1.03452	0.959448	2
19	49000001	0.776755	0.959448	2
19	50000001	1.01166	0.959448	2
19	51000001	0.937519	0.959448	2
19	52000001	1.32177	1.10767	2
19	53000001	1.16188	1.10767	2
19	54000001	0.972182	1.10767	2
19	55000001	1.00837	1.10767	2
19	56000001	1.254	1.10767	2
19	57000001	1.10767	1.10767	2
19	58000001	0.750367	1.10767	2
2	1	1.017	1.11112	2
2	1000001	1.16637	1.11112	2
2	2000001	1.37079	1.11112	2
2	3000001	0.983	1.11112	2
2	4000001	0.907445	1.11112	2
2	5000001	1.09437	1.11112	2
2	6000001	1.29217	1.11112	2
2	7000001	1.12787	1.11112	2
2	8000001	0.924255	0.924255	2
2	9000001	1.07097	0.924255	2
2	10000001	0.962722	0.924255	2
2	11000001	0.795897	0.924255	2
2	12000001	0.961445	0.924255	2
2	13000001	0.748272	0.924255	2
2	14000001	1.11243	0.924255	2
2	15000001	1.09899	0.924255	2
2	16000001	1.16064	0.924255	2
2	17000001	0.774491	0.924255	2
2	18000001	0.973996	0.924255	2
2	19000001	0.987186	0.924255	2
2	20000001	0.968374	0.924255	2
2	21000001	0.803572	0.924255	2
2	22000001	0.88802	0.924255	2
2	23000001	1.09932	0.924255	2
2	24000001	0.730607	0.924255	2
2	25000001	0.751691	0.924255	2
2	26000001	1.04207	0.924255	2
2	27000001	0.893764	0.924255	2
2	28000001	1.04354	0.924255	2
2	29000001	1.12924	0.924255	2
2	30000001	0.768109	0.924255	2
2	31000001	0.904359	0.924255	2
2	32000001	1.26911	0.924255	2
2	33000001	1.04376	0.924255	2
2	34000001	1.218	0.924255	2
2	35000001	1.10849	0.924255	2
2	36000001	0.843832	0.924255	2
2	37000001	0.864439	0.924255	2
2	38000001	0.912854	0.924255	2
2	39000001	0.808282	0.924255	2
2	40000001	0.775061	0.924255	2
2	41000001	1.15897	0.924255	2
2	42000001	1.04588	0.924255	2
2	43000001	1.14367	0.924255	2
2	44000001	0.923338	0.924255	2
2	45000001	1.07591	0.924255	2
2	46000001	0.853241	0.924255	2
2	47000001	0.826326	0.924255	2
2	48000001	0.838393	0.924255	2
2	49000001	1.30192	0.924255	2
2	50000001	1.15513	0.924255	2
2	51000001	0.874121	0.924255	2
2	52000001	0.898596	0.924255	2
2	53000001	1.07565	0.924255	2
2	54000001	0.849062	0.924255	2
2	55000001	0.788459	0.924255	2
2	56000001	0.91057	0.924255	2
2	57000001	1.60518	1.36162	3
2	58000001	1.22625	1.36162	3
2	59000001	1.36162	1.36162	3
2	60000001	1.15088	1.02117	2
2	61000001	0.784941	1.02117	2
2	62000001	1.04497	1.02117	2
2	63000001	1.35781	1.02117	2
2	64000001	0.751581	1.02117	2
2	65000001	0.735167	1.02117	2
2	66000001	1.03987	1.02117	2
2	67000001	1.02117	1.02117	2
2	68000001	1.34758	1.02117	2
2	69000001	1.0387	1.02117	2
2	70000001	1.03939	1.02117	2
2	71000001	1.17317	1.02117	2
2	72000001	1.25357	1.02117	2
2	73000001	1.23455	1.02117	2
2	74000001	0.997819	1.02117	2
2	75000001	0.882234	1.02117	2
2	76000001	0.89098	1.02117	2
2	77000001	0.936007	1.02117	2
2	78000001	0.864478	1.02117	2
2	79000001	1.00896	1.02117	2
2	80000001	0.905182	1.02117	2
2	81000001	0.880293	1.02117	2
2	82000001	1.19316	1.02117	2
2	83000001	2.26659	2.26659	5
2	84000001	0.793802	1.01093	2
2	85000001	0.951446	1.01093	2
2	86000001	1.26428	1.01093	2
2	87000001	1.06861	1.01093	2
2	88000001	1.09661	1.01093	2
2	89000001	1.07905	1.01093	2
2	90000001	1.33086	1.01093	2
2	91000001	1.0099	1.01093	2
2	92000001	0.976542	1.01093	2
2	93000001	0.787597	1.01093	2
2	94000001	0.804512	1.01093	2
2	95000001	1.03639	1.01093	2
2	96000001	0.987633	1.01093	2
2	97000001	0.810587	1.01093	2
2	98000001	1.18224	1.01093	2
2	99000001	1.48776	1.01093	2
2	100000001	1.16905	1.01093	2
2	101000001	0.735382	1.01093	2
2	102000001	1.20778	1.01093	2
2	103000001	0.857306	1.01093	2
2	104000001	1.04301	1.01093	2
2	105000001	0.93514	1.01093	2
2	106000001	0.819454	1.01093	2
2	107000001	0.920039	1.01093	2
2	108000001	1.01093	1.01093	2
2	109000001	0.958255	1.01093	2
2	110000001	0.896017	1.01093	2
2	111000001	0.920405	1.01093	2
2	112000001	1.19017	1.01093	2
2	113000001	1.06902	1.01093	2
2	114000001	0.722368	1.01093	2
2	115000001	1.12096	1.01093	2
2	116000001	0.934961	1.01093	2
2	117000001	0.777063	1.01093	2
2	118000001	1.19959	1.01093	2
2	119000001	0.699693	1.01093	2
2	120000001	1.06357	1.01093	2
2	121000001	0.884221	1.01093	2
2	122000001	1.07903	1.01093	2
2	123000001	1.06676	1.01093	2
2	124000001	1.59231	1.01093	2
2	125000001	0.96292	1.01093	2
2	126000001	1.09976	1.01093	2
2	127000001	0.955856	1.01093	2
2	128000001	0.998436	1.01093	2
2	129000001	0.997395	1.01093	2
2	130000001	0.81443	1.01093	2
2	131000001	0.899456	1.01093	2
2	132000001	0.809972	1.01093	2
2	133000001	1.04895	1.01093	2
2	134000001	0.875767	1.01093	2
2	135000001	1.20302	1.01093	2
2	136000001	1.01837	1.01093	2
2	137000001	1.01928	1.01093	2
2	138000001	1.07794	1.01093	2
2	139000001	1.33398	1.01093	2
2	140000001	1.32281	1.01093	2
2	141000001	1.21687	1.01093	2
2	142000001	1.1742	1.01093	2
2	143000001	0.824486	1.01093	2
2	144000001	1.28253	1.01093	2
2	145000001	0.824963	1.01093	2
2	146000001	1.28305	1.01093	2
2	147000001	1.18824	1.01093	2
2	148000001	0.950378	1.01093	2
2	149000001	1.304	1.48982	3
2	150000001	1.67564	1.48982	3
2	151000001	0.785722	0.990071	2
2	152000001	0.865181	0.990071	2
2	153000001	0.999259	0.990071	2
2	154000001	1.0107	0.990071	2
2	155000001	0.975169	0.990071	2
2	156000001	1.0252	0.990071	2
2	157000001	0.930128	0.990071	2
2	158000001	1.16263	0.990071	2
2	159000001	0.807332	0.990071	2
2	160000001	0.833049	0.990071	2
2	161000001	0.985033	0.990071	2
2	162000001	1.02122	0.990071	2
2	163000001	1.33749	0.990071	2
2	164000001	1.08146	0.990071	2
2	165000001	0.995109	0.990071	2
2	166000001	1.1128	0.990071	2
2	167000001	0.714898	0.990071	2
2	168000001	0.725772	0.990071	2
2	169000001	1.82713	1.82713	4
2	170000001	0.87144	1.0155	2
2	171000001	0.777318	1.0155	2
2	172000001	1.00418	1.0155	2
2	173000001	1.44403	1.0155	2
2	174000001	0.998369	1.0155	2
2	175000001	0.956407	1.0155	2
2	176000001	1.05299	1.0155	2
2	177000001	1.02681	1.0155	2
2	178000001	1.34928	1.0155	2
2	179000001	1.06934	1.0155	2
2	180000001	1.26092	1.0155	2
2	181000001	0.94395	1.0155	2
2	182000001	1.41831	1.0155	2
2	183000001	0.980921	1.0155	2
2	184000001	1.2833	1.0155	2
2	185000001	1.11323	1.0155	2
2	186000001	1.3366	1.0155	2
2	187000001	0.97235	1.0155	2
2	188000001	1.25618	1.0155	2
2	189000001	0.989788	1.0155	2
2	190000001	1.29414	1.0155	2
2	191000001	0.918622	1.0155	2
2	192000001	0.867283	1.0155	2
2	193000001	0.896723	1.0155	2
2	194000001	2.43867	2.43867	5
2	195000001	0.712321	1.01032	2
2	196000001	1.17201	1.01032	2
2	197000001	1.07462	1.01032	2
2	198000001	1.48866	1.01032	2
2	199000001	0.825609	1.01032	2
2	200000001	0.971718	1.01032	2
2	201000001	0.694506	1.01032	2
2	202000001	0.765021	1.01032	2
2	203000001	0.798814	1.01032	2
2	204000001	1.06376	1.01032	2
2	205000001	0.686894	1.01032	2
2	206000001	0.971168	1.01032	2
2	207000001	1.0119	1.01032	2
2	208000001	1.18484	1.01032	2
2	209000001	1.1032	1.01032	2
2	210000001	1.2756	1.01032	2
2	211000001	0.96	1.01032	2
2	212000001	1.00873	1.01032	2
2	213000001	0.882498	1.01032	2
2	214000001	1.0886	1.01032	2
2	215000001	0.845708	1.01032	2
2	216000001	1.16527	1.01032	2
2	217000001	1.21478	1.01032	2
2	218000001	1.05048	1.01032	2
2	219000001	0.86209	1.01032	2
2	220000001	1.15293	1.01032	2
2	221000001	1.05818	1.01032	2
2	222000001	0.945639	1.01032	2
2	223000001	0.836474	1.01032	2
2	224000001	1.12332	1.01032	2
2	225000001	1.85367	1.60231	3
2	226000001	1.35094	1.60231	3
2	227000001	1.09768	1.05223	2
2	228000001	1.11497	1.05223	2
2	229000001	1.30212	1.05223	2
2	230000001	0.722035	1.05223	2
2	231000001	1.04143	1.05223	2
2	232000001	1.05223	1.05223	2
2	233000001	0.940197	1.05223	2
2	234000001	0.959391	1.05223	2
2	235000001	1.20173	1.05223	2
2	236000001	1.07351	1.05223	2
2	237000001	0.883909	1.05223	2
2	238000001	2.01281	2.01281	4
2	239000001	0.881322	0.982436	2
2	240000001	1.08355	0.982436	2
2	241000001	1.22888	0.982436	2
2	242000001	0.59864	0.982436	2
20	1	3.02741	3.02741	6
20	1000001	1.10918	0.983567	2
20	2000001	1.02914	0.983567	2
20	3000001	1.00905	0.983567	2
20	4000001	1.23921	0.983567	2
20	5000001	0.92706	0.983567	2
20	6000001	0.960867	0.983567	2
20	7000001	0.921766	0.983567	2
20	8000001	1.06251	0.983567	2
20	9000001	0.889922	0.983567	2
20	10000001	0.730032	0.983567	2
20	11000001	1.07242	0.983567	2
20	12000001	0.861831	0.983567	2
20	13000001	0.866398	0.983567	2
20	14000001	0.972128	0.983567	2
20	15000001	1.12344	0.983567	2
20	16000001	1.25841	0.983567	2
20	17000001	0.769886	0.983567	2
20	18000001	1.16802	0.983567	2
20	19000001	1.0474	0.983567	2
20	20000001	1.02756	0.983567	2
20	21000001	0.908099	0.983567	2
20	22000001	1.24759	0.983567	2
20	23000001	0.956303	0.983567	2
20	24000001	0.775314	0.983567	2
20	25000001	0.867226	0.983567	2
20	26000001	0.894344	0.983567	2
20	27000001	0.551884	0.983567	2
20	28000001	1.01832	0.983567	2
20	29000001	1.02197	0.983567	2
20	30000001	1.07815	0.983567	2
20	31000001	0.774506	0.983567	2
20	32000001	1.07124	0.983567	2
20	33000001	1.00028	0.983567	2
20	34000001	0.995007	0.983567	2
20	35000001	1.27047	0.983567	2
20	36000001	0.957876	0.983567	2
20	37000001	1.00244	0.983567	2
20	38000001	0.847736	0.983567	2
20	39000001	1.24439	0.983567	2
20	40000001	1.18463	0.983567	2
20	41000001	0.75748	0.983567	2
20	42000001	0.869168	0.983567	2
20	43000001	1.11387	0.983567	2
20	44000001	0.957876	0.983567	2
20	45000001	1.05317	0.983567	2
20	46000001	1.00226	0.983567	2
20	47000001	0.787995	0.983567	2
20	48000001	1.50236	0.983567	2
20	49000001	1.04435	0.983567	2
20	50000001	1.10385	0.983567	2
20	51000001	0.707806	0.983567	2
20	52000001	0.970281	0.983567	2
20	53000001	1.05162	0.983567	2
20	54000001	0.954225	0.983567	2
20	55000001	0.921149	0.983567	2
20	56000001	0.825625	0.983567	2
20	57000001	0.792088	0.983567	2
20	58000001	0.863926	0.983567	2
20	59000001	1.1503	1.07935	2
20	60000001	1.03741	1.07935	2
20	61000001	1.00776	1.07935	2
20	62000001	1.11846	1.07935	2
20	63000001	1.37843	1.07935	2
20	64000001	1.04025	1.07935	2
21	1	-1	-1	3
21	1000001	-1	-1	3
21	2000001	-1	-1	3
21	3000001	-1	-1	3
21	4000001	-1	-1	3
21	5000001	1.92351	1.57673	3
21	6000001	1.22995	1.57673	3
21	7000001	2.49996	2.32791	5
21	8000001	2.15586	2.32791	5
21	9000001	1.18633	1.49412	3
21	10000001	1.80191	1.49412	3
21	11000001	1.15656	1.16591	2
21	12000001	1.21914	1.16591	2
21	13000001	1.25712	1.16591	2
21	14000001	1.06661	1.16591	2
21	15000001	1.05485	1.16591	2
21	16000001	1.17526	1.16591	2
21	17000001	0.911334	0.998705	2
21	18000001	0.997148	0.998705	2
21	19000001	1.01138	0.998705	2
21	20000001	0.818262	0.998705	2
21	21000001	0.964386	0.998705	2
21	22000001	1.20363	0.998705	2
21	23000001	1.09187	0.998705	2
21	24000001	1.29432	0.998705	2
21	25000001	0.903928	0.998705	2
21	26000001	0.95444	0.998705	2
21	27000001	1.1643	0.998705	2
21	28000001	0.842752	0.998705	2
21	29000001	0.920651	0.998705	2
21	30000001	0.804037	0.998705	2
21	31000001	0.830848	0.998705	2
21	32000001	1.16558	0.998705	2
21	33000001	0.891264	0.998705	2
21	34000001	1.13652	0.998705	2
21	35000001	1.06594	0.998705	2
21	36000001	1.21442	0.998705	2
21	37000001	1.00026	0.998705	2
21	38000001	1.08844	0.998705	2
21	39000001	0.78137	0.998705	2
21	40000001	1.07753	0.998705	2
21	41000001	1.06518	0.998705	2
21	42000001	0.912361	0.998705	2
21	43000001	0.877025	0.998705	2
21	44000001	1.03443	0.998705	2
21	45000001	0.961337	0.998705	2
21	46000001	1.30168	0.998705	2
22	1	-1	-1	2
22	1000001	-1	-1	2
22	2000001	-1	-1	2
22	3000001	-1	-1	2
22	4000001	-1	-1	2
22	5000001	-1	-1	2
22	6000001	-1	-1	2
22	7000001	-1	-1	2
22	8000001	-1	-1	2
22	9000001	-1	-1	2
22	10000001	0.972361	0.992734	2
22	11000001	1.01311	0.992734	2
22	12000001	1.48616	1.32004	3
22	13000001	1.2294	1.32004	3
22	14000001	1.32004	1.32004	3
22	15000001	1.06503	1.14158	2
22	16000001	1.21814	1.14158	2
22	17000001	0.908816	0.946676	2
22	18000001	1.11031	0.946676	2
22	19000001	0.946676	0.946676	2
22	20000001	0.938005	0.946676	2
22	21000001	0.973958	0.946676	2
22	22000001	0.892575	0.946676	2
22	23000001	1.08271	0.946676	2
22	24000001	1.01723	0.946676	2
22	25000001	1.28626	0.946676	2
22	26000001	0.905071	0.946676	2
22	27000001	1.10929	0.946676	2
22	28000001	1.00721	0.946676	2
22	29000001	0.8694	0.946676	2
22	30000001	0.893531	0.946676	2
22	31000001	0.852983	0.946676	2
22	32000001	1.0284	1.0284	2
22	33000001	1.12969	1.17351	2
22	34000001	1.21733	1.17351	2
22	35000001	1.33083	1.17351	2
22	36000001	1.11027	1.17351	2
22	37000001	0.946727	0.971651	2
22	38000001	0.985258	0.971651	2
22	39000001	0.904181	0.971651	2
22	40000001	0.867983	0.971651	2
22	41000001	1.09258	0.971651	2
22	42000001	0.999374	0.971651	2
22	43000001	1.03354	0.971651	2
22	44000001	0.956453	0.971651	2
22	45000001	0.921641	0.971651	2
22	46000001	0.968698	0.971651	2
22	47000001	0.974604	0.971651	2
22	48000001	0.937383	0.971651	2
22	49000001	1.02341	0.971651	2
22	50000001	1.01897	0.971651	2
3	1	1.38325	1.38325	3
3	1000001	0.922417	0.934223	2
3	2000001	0.724512	0.934223	2
3	3000001	1.00699	0.934223	2
3	4000001	1.09695	0.934223	2
3	5000001	0.934223	0.934223	2
3	6000001	1.7735	1.7735	4
3	7000001	1.06091	0.986902	2
3	8000001	1.16393	0.986902	2
3	9000001	1.03002	0.986902	2
3	10000001	0.836993	0.986902	2
3	11000001	1.17409	0.986902	2
3	12000001	0.989456	0.986902	2
3	13000001	1.05857	0.986902	2
3	14000001	0.895511	0.986902	2
3	15000001	0.976857	0.986902	2
3	16000001	0.785737	0.986902	2
3	17000001	0.861762	0.986902	2
3	18000001	0.867259	0.986902	2
3	19000001	0.888265	0.986902	2
3	20000001	1.00618	0.986902	2
3	21000001	1.39329	0.986902	2
3	22000001	0.8967	0.986902	2
3	23000001	0.948615	0.986902	2
3	24000001	0.897334	0.986902	2
3	25000001	1.12301	0.986902	2
3	26000001	0.956589	0.986902	2
3	27000001	1.23086	0.986902	2
3	28000001	0.902081	0.986902	2
3	29000001	1.0662	0.986902	2
3	30000001	1.21556	0.986902	2
3	31000001	1.00741	0.986902	2
3	32000001	0.986902	0.986902	2
3	33000001	0.953614	0.986902	2
3	34000001	1.03611	0.986902	2
3	35000001	1.06235	0.986902	2
3	36000001	0.972026	0.986902	2
3	37000001	0.981894	0.986902	2
3	38000001	0.815004	0.986902	2
3	39000001	0.879748	0.986902	2
3	40000001	1.18739	0.986902	2
3	41000001	1.00488	0.986902	2
3	42000001	0.78367	0.986902	2
3	43000001	1.26704	0.986902	2
3	44000001	0.774718	0.813812	2
3	45000001	1.0345	0.813812	2
3	46000001	0.654742	0.813812	2
3	47000001	0.749081	0.813812	2
3	48000001	0.931013	0.813812	2
3	49000001	0.72654	0.813812	2
3	50000001	0.875545	0.813812	2
3	51000001	0.924545	0.813812	2
3	52000001	0.889533	0.813812	2
3	53000001	0.740251	0.813812	2
3	54000001	0.791189	0.813812	2
3	55000001	0.836042	0.813812	2
3	56000001	0.813812	0.813812	2
3	57000001	1.03965	1.01843	2
3	58000001	1.0572	1.01843	2
3	59000001	1.03836	1.01843	2
3	60000001	1.26149	1.01843	2
3	61000001	0.736558	1.01843	2
3	62000001	1.02449	1.01843	2
3	63000001	0.915256	1.01843	2
3	64000001	1.14766	1.01843	2
3	65000001	0.771722	1.01843	2
3	66000001	1.1989	1.01843	2
3	67000001	1.10532	1.01843	2
3	68000001	1.03455	1.01843	2
3	69000001	1.00191	1.01843	2
3	70000001	0.862632	1.01843	2
3	71000001	1.09783	1.01843	2
3	72000001	0.920566	1.01843	2
3	73000001	0.826551	1.01843	2
3	74000001	1.02414	1.01843	2
3	75000001	0.9192	1.01843	2
3	76000001	0.90104	1.01843	2
3	77000001	1.0828	1.01843	2
3	78000001	0.941672	1.01843	2
3	79000001	0.979335	1.01843	2
3	80000001	0.909304	1.01843	2
3	81000001	0.890967	1.01843	2
3	82000001	0.760672	1.01843	2
3	83000001	1.10982	1.01843	2
3	84000001	1.02272	1.01843	2
3	85000001	1.05463	1.01843	2
3	86000001	0.972987	1.01843	2
3	87000001	0.903813	1.01843	2
3	88000001	1.04093	1.01843	2
3	89000001	1.32309	1.01843	2
3	90000001	1.1198	1.01843	2
3	91000001	1.01415	1.01843	2
3	92000001	0.729586	1.01843	2
3	93000001	1.1383	1.13528	2
3	94000001	1.13474	1.13528	2
3	95000001	1.08754	1.13528	2
3	96000001	1.02051	1.13528	2
3	97000001	1.24867	1.13528	2
3	98000001	1.02155	1.13528	2
3	99000001	1.13581	1.13528	2
3	100000001	1.33488	1.13528	2
3	101000001	0.708093	0.773446	2
3	102000001	0.8388	0.773446	2
3	103000001	1.16117	1.04241	2
3	104000001	1.1094	1.04241	2
3	105000001	1.18277	1.04241	2
3	106000001	1.0275	1.04241	2
3	107000001	1.05731	1.04241	2
3	108000001	0.86076	1.04241	2
3	109000001	0.940235	1.04241	2
3	110000001	0.979815	1.04241	2
3	111000001	1.2186	1.04241	2
3	112000001	1.23759	1.04241	2
3	113000001	0.933564	1.04241	2
3	114000001	0.958058	1.04241	2
3	115000001	1.01052	1.04241	2
3	116000001	0.81551	1.04241	2
3	117000001	1.20475	1.04241	2
3	118000001	0.783866	1.04241	2
3	119000001	1.05912	1.04241	2
3	120000001	1.14043	1.04241	2
3	121000001	1.07751	1.04241	2
3	122000001	0.967325	1.04241	2
3	123000001	0.897169	1.04241	2
3	124000001	1.22012	1.04241	2
3	125000001	0.885436	0.867603	2
3	126000001	0.930114	0.867603	2
3	127000001	0.848484	0.867603	2
3	128000001	0.851023	0.867603	2
3	129000001	0.884183	0.867603	2
3	130000001	0.805193	0.867603	2
3	131000001	1.19469	1.19469	2
3	132000001	1.37964	1.19469	2
3	133000001	1.10904	1.19469	2
3	134000001	0.952789	0.952789	2
3	135000001	0.886966	0.952789	2
3	136000001	1.10978	0.952789	2
3	137000001	1.01447	0.952789	2
3	138000001	1.17318	0.952789	2
3	139000001	0.908004	0.952789	2
3	140000001	0.94463	0.952789	2
3	141000001	1.24965	1.24965	2
3	142000001	1.16446	1.24965	2
3	143000001	1.44031	1.24965	2
3	144000001	1.03104	1.08023	2
3	145000001	1.096	1.08023	2
3	146000001	0.911433	1.08023	2
3	147000001	1.11632	1.08023	2
3	148000001	0.901937	1.08023	2
3	149000001	1.12718	1.08023	2
3	150000001	0.956159	1.08023	2
3	151000001	1.03361	1.08023	2
3	152000001	1.12356	1.08023	2
3	153000001	1.15291	1.08023	2
3	154000001	1.19197	1.08023	2
3	155000001	1.02904	1.08023	2
3	156000001	1.06446	1.08023	2
3	157000001	1.05753	1.08023	2
3	158000001	1.13631	1.08023	2
3	159000001	0.968966	1.08023	2
3	160000001	0.9605	1.08023	2
3	161000001	1.18791	1.08023	2
3	162000001	1.14288	1.08023	2
3	163000001	0.901562	1.08023	2
3	164000001	0.801767	1.08023	2
3	165000001	1.19522	1.08023	2
3	166000001	1.13226	1.08023	2
3	167000001	0.999296	1.08023	2
3	168000001	1.34239	1.08023	2
3	169000001	1.15583	1.08023	2
3	170000001	0.838105	0.907882	2
3	171000001	1.12846	0.907882	2
3	172000001	1.02964	0.907882	2
3	173000001	0.649574	0.907882	2
3	174000001	1.39721	0.907882	2
3	175000001	0.907882	0.907882	2
3	176000001	0.784264	0.907882	2
3	177000001	1.10918	0.907882	2
3	178000001	0.903283	0.907882	2
3	179000001	1.19043	1.22158	2
3	180000001	1.22158	1.22158	2
3	181000001	1.42682	1.22158	2
3	182000001	0.896452	0.906678	2
3	183000001	0.76977	0.906678	2
3	184000001	0.916904	0.906678	2
3	185000001	1.07395	0.906678	2
3	186000001	1.40025	1.35594	3
3	187000001	1.20466	1.35594	3
3	188000001	1.35594	1.35594	3
3	189000001	0.804624	0.957657	2
3	190000001	1.47609	0.957657	2
3	191000001	0.805092	0.957657	2
3	192000001	0.968842	0.957657	2
3	193000001	0.866878	0.957657	2
3	194000001	1.09177	0.957657	2
3	195000001	0.894913	0.957657	2
3	196000001	1.16559	0.957657	2
3	197000001	0.946473	0.957657	2
3	198000001	1.72845	0.957657	2
4	1	0.988744	1.01283	2
4	1000001	0.77042	1.01283	2
4	2000001	1.07138	1.01283	2
4	3000001	1.01283	1.01283	2
4	4000001	0.84659	1.01283	2
4	5000001	1.10092	1.01283	2
4	6000001	1.02114	1.01283	2
4	7000001	0.942059	1.01283	2
4	8000001	1.0613	1.01283	2
4	9000001	0.813948	1.01283	2
4	10000001	1.05166	1.01283	2
4	11000001	1.05511	1.01283	2
4	12000001	1.14892	1.01283	2
4	13000001	1.07984	1.01283	2
4	14000001	0.845237	1.01283	2
4	15000001	0.855322	1.01283	2
4	16000001	1.09296	1.01283	2
4	17000001	1.07028	1.01283	2
4	18000001	1.12482	1.01283	2
4	19000001	0.934969	1.01283	2
4	20000001	0.93096	1.01283	2
4	21000001	0.958152	1.01283	2
4	22000001	0.830246	1.01283	2
4	23000001	1.12591	1.01283	2
4	24000001	0.807056	1.01283	2
4	25000001	0.953388	1.01283	2
4	26000001	1.25416	1.01283	2
4	27000001	0.93745	1.01283	2
4	28000001	1.0829	1.01283	2
4	29000001	0.849471	1.01283	2
4	30000001	0.928853	1.01283	2
4	31000001	1.23375	1.01283	2
4	32000001	1.01818	1.01283	2
4	33000001	1.18705	1.01283	2
4	34000001	0.962537	1.01283	2
4	35000001	1.12989	1.01283	2
4	36000001	0.808477	1.01283	2
4	37000001	1.04372	1.01283	2
4	38000001	0.870039	1.01283	2
4	39000001	3.67446	3.67446	7
4	40000001	0.878861	1.03071	2
4	41000001	1.08134	1.03071	2
4	42000001	0.980089	1.03071	2
4	43000001	1.94106	1.03071	2
4	44000001	0.859955	0.992298	2
4	45000001	0.978031	0.992298	2
4	46000001	0.9867	0.992298	2
4	47000001	1.04954	0.992298	2
4	48000001	1.13089	0.992298	2
4	49000001	1.21735	0.992298	2
4	50000001	0.748478	0.992298	2
4	51000001	0.745162	0.992298	2
4	52000001	1.06079	0.992298	2
4	53000001	1.04698	0.992298	2
4	54000001	1.02146	0.992298	2
4	55000001	0.945802	0.992298	2
4	56000001	0.677099	0.992298	2
4	57000001	1.26185	0.992298	2
4	58000001	1.09539	0.992298	2
4	59000001	1.05572	0.992298	2
4	60000001	0.966034	0.992298	2
4	61000001	0.907805	0.992298	2
4	62000001	1.1188	0.992298	2
4	63000001	0.926768	0.992298	2
4	64000001	0.997896	0.992298	2
4	65000001	0.915496	0.992298	2
4	66000001	1.08816	0.992298	2
4	67000001	1.03773	0.992298	2
4	68000001	0.739904	0.992298	2
4	69000001	0.808543	0.992298	2
4	70000001	2.02682	2.02682	4
4	71000001	1.06576	1.03452	2
4	72000001	0.802988	1.03452	2
4	73000001	1.11294	1.03452	2
4	74000001	1.04028	1.03452	2
4	75000001	1.15217	1.03452	2
4	76000001	0.990584	1.03452	2
4	77000001	1.0561	1.03452	2
4	78000001	1.02662	1.03452	2
4	79000001	1.03452	1.03452	2
4	80000001	1.20191	1.03452	2
4	81000001	1.05047	1.03452	2
4	82000001	0.955561	1.03452	2
4	83000001	1.13356	1.03452	2
4	84000001	1.13777	1.03452	2
4	85000001	0.8689	1.03452	2
4	86000001	0.939422	1.03452	2
4	87000001	1.16008	1.03452	2
4	88000001	0.777603	1.03452	2
4	89000001	1.30607	1.03452	2
4	90000001	1.01607	1.03452	2
4	91000001	1.37004	1.03452	2
4	92000001	1.10277	1.03452	2
4	93000001	1.01299	1.03452	2
4	94000001	0.909424	1.03452	2
4	95000001	1.12008	1.03452	2
4	96000001	0.806035	1.03452	2
4	97000001	1.20506	1.03452	2
4	98000001	0.85604	1.03452	2
4	99000001	0.808261	1.03452	2
4	100000001	1.01153	1.03452	2
4	101000001	1.04405	1.03452	2
4	102000001	0.911115	1.03452	2
4	103000001	0.825612	1.03452	2
4	104000001	1.92831	1.92831	4
4	105000001	0.856855	1.01992	2
4	106000001	0.755019	1.01992	2
4	107000001	1.43031	1.01992	2
4	108000001	0.774838	1.01992	2
4	109000001	1.23667	1.01992	2
4	110000001	1.05402	1.01992	2
4	111000001	1.07513	1.01992	2
4	112000001	1.09535	1.01992	2
4	113000001	0.808591	1.01992	2
4	114000001	0.73216	1.01992	2
4	115000001	0.974689	1.01992	2
4	116000001	0.941629	1.01992	2
4	117000001	1.25651	1.01992	2
4	118000001	1.3381	1.01992	2
4	119000001	1.26726	1.01992	2
4	120000001	1.08536	1.01992	2
4	121000001	1.04668	1.01992	2
4	122000001	1.30054	1.01992	2
4	123000001	0.87809	1.01992	2
4	124000001	1.16008	1.01992	2
4	125000001	1.01982	1.01992	2
4	126000001	1.04488	1.01992	2
4	127000001	0.947424	1.01992	2
4	128000001	1.12988	1.01992	2
4	129000001	0.77209	1.01992	2
4	130000001	0.68832	1.01992	2
4	131000001	0.908578	1.01992	2
4	132000001	1.02003	1.01992	2
4	133000001	1.04272	1.01992	2
4	134000001	1.10531	1.01992	2
4	135000001	1.00011	1.01992	2
4	136000001	0.794816	1.01992	2
4	137000001	0.945249	1.01992	2
4	138000001	1.05144	1.01992	2
4	139000001	0.666269	1.01992	2
4	140000001	1.0337	1.01992	2
4	141000001	0.985102	1.01992	2
4	142000001	1.10512	1.01992	2
4	143000001	0.899673	1.01992	2
4	144000001	1.35687	1.01992	2
4	145000001	0.950202	1.01992	2
4	146000001	0.997257	1.01992	2
4	147000001	0.848136	1.01992	2
4	148000001	0.992416	1.01992	2
4	149000001	1.14502	1.01992	2
4	150000001	1.07242	1.01992	2
4	151000001	0.860169	1.01992	2
4	152000001	0.896823	1.01992	2
4	153000001	1.24682	1.01992	2
4	154000001	0.818753	1.01992	2
4	155000001	1.14784	1.01992	2
4	156000001	1.04826	1.01992	2
4	157000001	0.970962	1.01992	2
4	158000001	1.01867	1.01992	2
4	159000001	1.01277	1.01992	2
4	160000001	1.02972	1.01992	2
4	161000001	1.04046	1.01992	2
4	162000001	0.994155	1.01992	2
4	163000001	1.24738	1.01992	2
4	164000001	1.08627	1.01992	2
4	165000001	1.41051	1.01992	2
4	166000001	1.02861	1.01992	2
4	167000001	0.991164	1.01992	2
4	168000001	1.02144	1.01992	2
4	169000001	0.972822	1.01992	2
4	170000001	1.03347	1.01992	2
4	171000001	0.962882	1.01992	2
4	172000001	1.02733	1.01992	2
4	173000001	1.01257	1.01992	2
4	174000001	1.33895	1.01992	2
4	175000001	0.875182	1.01992	2
4	176000001	1.09222	1.01992	2
4	177000001	0.998615	1.01992	2
4	178000001	1.19473	1.01992	2
4	179000001	0.977075	1.01992	2
4	180000001	0.983987	1.01992	2
4	181000001	1.01524	1.01992	2
4	182000001	0.956062	1.01992	2
4	183000001	1.12468	1.01992	2
4	184000001	1.29974	1.01992	2
4	185000001	0.933599	1.01992	2
4	186000001	1.15691	1.01992	2
4	187000001	0.89885	1.01992	2
4	188000001	1.11208	1.01992	2
4	189000001	1.5172	1.60311	3
4	190000001	1.68902	1.60311	3
5	1	1.35094	1.05576	2
5	1000001	1.24349	1.05576	2
5	2000001	0.881131	1.05576	2
5	3000001	1.30993	1.05576	2
5	4000001	1.02096	1.05576	2
5	5000001	0.948425	1.05576	2
5	6000001	0.926507	1.05576	2
5	7000001	1.10321	1.05576	2
5	8000001	0.883514	1.05576	2
5	9000001	0.979624	1.05576	2
5	10000001	1.12586	1.05576	2
5	11000001	1.22827	1.05576	2
5	12000001	0.809168	1.05576	2
5	13000001	1.09097	1.05576	2
5	14000001	0.857784	1.05576	2
5	15000001	0.974768	1.05576	2
5	16000001	1.11697	1.05576	2
5	17000001	0.91865	1.05576	2
5	18000001	1.22067	1.05576	2
5	19000001	0.888116	1.05576	2
5	20000001	1.49867	1.05576	2
5	21000001	1.2749	1.05576	2
5	22000001	1.19752	1.05576	2
5	23000001	1.31003	1.05576	2
5	24000001	1.13577	1.05576	2
5	25000001	0.931357	1.05576	2
5	26000001	0.835488	1.05576	2
5	27000001	1.40938	1.05576	2
5	28000001	1.40579	1.05576	2
5	29000001	1.08314	1.05576	2
5	30000001	1.16673	1.05576	2
5	31000001	0.798914	1.05576	2
5	32000001	0.821875	1.05576	2
5	33000001	1.52069	1.05576	2
5	34000001	0.983022	1.05576	2
5	35000001	1.28547	1.05576	2
5	36000001	0.982802	1.05576	2
5	37000001	0.778596	1.05576	2
5	38000001	0.950543	1.05576	2
5	39000001	0.962673	1.05576	2
5	40000001	0.641497	1.05576	2
5	41000001	1.15932	1.05576	2
5	42000001	1.3226	1.05576	2
5	43000001	0.984603	1.05576	2
5	44000001	1.13008	1.05576	2
5	45000001	1.06081	1.05576	2
5	46000001	1.12023	1.05576	2
5	47000001	1.2136	1.05576	2
5	48000001	1.14832	1.05576	2
5	49000001	1.05519	1.05576	2
5	50000001	1.02011	1.05576	2
5	51000001	0.728922	1.05576	2
5	52000001	0.906427	1.05576	2
5	53000001	0.809932	1.05576	2
5	54000001	1.0034	1.05576	2
5	55000001	0.963813	1.05576	2
5	56000001	0.945488	1.05576	2
5	57000001	1.3101	1.05576	2
5	58000001	0.849162	1.05576	2
5	59000001	1.05632	1.05576	2
5	60000001	1.24402	1.05576	2
5	61000001	0.830119	1.05576	2
5	62000001	1.05305	1.05576	2
5	63000001	1.07173	1.05576	2
5	64000001	1.08749	1.05576	2
5	65000001	1.36768	1.05576	2
5	66000001	0.870822	0.933827	2
5	67000001	0.941893	0.933827	2
5	68000001	0.837377	0.933827	2
5	69000001	0.927986	0.933827	2
5	70000001	0.986287	0.933827	2
5	71000001	0.969026	0.933827	2
5	72000001	0.734523	0.933827	2
5	73000001	1.06221	0.933827	2
5	74000001	0.927579	0.933827	2
5	75000001	0.912054	0.933827	2
5	76000001	0.779115	0.933827	2
5	77000001	0.855558	0.933827	2
5	78000001	0.606663	0.933827	2
5	79000001	0.929192	0.933827	2
5	80000001	1.06402	0.933827	2
5	81000001	0.992224	0.933827	2
5	82000001	1.04614	0.933827	2
5	83000001	1.10107	0.933827	2
5	84000001	1.02757	0.933827	2
5	85000001	0.938463	0.933827	2
5	86000001	2.08975	2.08975	4
5	87000001	0.961441	0.961441	2
5	88000001	0.751046	0.961441	2
5	89000001	0.735956	0.961441	2
5	90000001	1.11366	0.961441	2
5	91000001	1.01158	0.961441	2
5	92000001	1.03997	0.961441	2
5	93000001	0.763628	0.961441	2
5	94000001	1.24637	1.05431	2
5	95000001	1.03397	1.05431	2
5	96000001	0.840633	1.05431	2
5	97000001	1.20445	1.05431	2
5	98000001	1.11032	1.05431	2
5	99000001	0.907889	1.05431	2
5	100000001	0.913832	1.05431	2
5	101000001	1.20785	1.05431	2
5	102000001	1.12021	1.05431	2
5	103000001	1.33163	1.05431	2
5	104000001	1.20784	1.05431	2
5	105000001	1.03615	1.05431	2
5	106000001	1.01324	1.05431	2
5	107000001	1.12996	1.05431	2
5	108000001	1.37747	1.05431	2
5	109000001	1.18205	1.05431	2
5	110000001	1.20354	1.05431	2
5	111000001	1.00767	1.05431	2
5	112000001	1.21031	1.05431	2
5	113000001	1.01421	1.05431	2
5	114000001	1.08386	1.05431	2
5	115000001	0.727121	1.05431	2
5	116000001	0.990434	1.05431	2
5	117000001	1.31633	1.05431	2
5	118000001	0.867552	1.05431	2
5	119000001	1.01039	1.05431	2
5	120000001	0.798295	1.05431	2
5	121000001	1.02131	1.05431	2
5	122000001	1.0761	1.05431	2
5	123000001	0.975166	1.05431	2
5	124000001	0.647929	1.05431	2
5	125000001	1.12356	1.05431	2
5	126000001	1.04857	1.05431	2
5	127000001	0.978997	1.05431	2
5	128000001	1.10918	1.05431	2
5	129000001	0.960943	1.05431	2
5	130000001	0.832595	1.05431	2
5	131000001	1.21927	1.05431	2
5	132000001	1.17326	1.05431	2
5	133000001	1.04961	1.05431	2
5	134000001	1.10796	1.05431	2
5	135000001	0.889487	1.05431	2
5	136000001	1.02232	1.05431	2
5	137000001	0.916279	1.05431	2
5	138000001	1.0063	1.05431	2
5	139000001	0.974271	1.05431	2
5	140000001	1.08679	1.05431	2
5	141000001	0.911745	1.05431	2
5	142000001	1.33851	1.05431	2
5	143000001	1.0907	1.05431	2
5	144000001	1.14063	1.05431	2
5	145000001	1.22886	1.05431	2
5	146000001	0.870404	1.05431	2
5	147000001	1.05901	1.05431	2
5	148000001	1.16589	1.05431	2
5	149000001	1.67921	1.05431	2
5	150000001	0.779469	1.05431	2
5	151000001	0.906708	1.05431	2
5	152000001	1.24712	1.05431	2
5	153000001	0.744529	1.05431	2
5	154000001	1.11048	1.05431	2
5	155000001	1.07252	1.05431	2
5	156000001	1.26302	1.05431	2
5	157000001	0.849923	1.05431	2
5	158000001	0.960064	1.05431	2
5	159000001	1.12281	1.05431	2
5	160000001	0.907574	1.05431	2
5	161000001	1.14601	1.05431	2
5	162000001	0.866348	1.05431	2
5	163000001	0.804942	1.05431	2
5	164000001	1.16542	1.05431	2
5	165000001	0.91376	1.05431	2
5	166000001	1.2745	1.05431	2
5	167000001	0.787845	1.05431	2
5	168000001	1.04748	1.05431	2
5	169000001	0.800178	1.05431	2
5	170000001	1.01802	1.05431	2
5	171000001	1.18047	1.05431	2
5	172000001	1.16005	1.05431	2
5	173000001	1.11661	1.05431	2
5	174000001	1.07548	1.05431	2
5	175000001	1.10188	1.05431	2
5	176000001	1.28787	1.05431	2
5	177000001	0.996906	1.05431	2
5	178000001	0.993918	1.05431	2
5	179000001	1.14947	1.05431	2
5	180000001	0.97315	1.05431	2
5	181000001	1.60862	1.05431	2
6	1	0.747097	0.747097	1
6	1000001	1.08856	1.08856	2
6	2000001	1.43085	1.08856	2
6	3000001	1.07537	1.08856	2
6	4000001	1.09886	1.08856	2
6	5000001	0.813496	1.08856	2
6	6000001	0.930109	1.08856	2
6	7000001	1.10908	1.08856	2
6	8000001	1.08812	1.08856	2
6	9000001	1.15202	1.08856	2
6	10000001	0.936314	1.08856	2
6	11000001	0.808247	1.08856	2
6	12000001	1.05399	1.08856	2
6	13000001	0.96292	1.08856	2
6	14000001	1.34027	1.08856	2
6	15000001	1.1485	1.08856	2
6	16000001	1.43545	1.08856	2
6	17000001	0.712076	1.08856	2
6	18000001	1.13391	1.08856	2
6	19000001	1.02129	1.08856	2
6	20000001	1.18569	1.08856	2
6	21000001	1.16348	1.08856	2
6	22000001	1.05528	1.08856	2
6	23000001	0.787868	1.08856	2
6	24000001	1.11817	1.08856	2
6	25000001	1.09262	1.08856	2
6	26000001	1.30836	1.08856	2
6	27000001	1.12047	1.08856	2
6	28000001	1.04384	1.08856	2
6	29000001	1.02807	1.08856	2
6	30000001	0.927686	0.927686	2
6	31000001	0.923304	0.927686	2
6	32000001	0.884363	0.927686	2
6	33000001	0.834499	0.927686	2
6	34000001	0.777829	0.927686	2
6	35000001	0.774375	0.927686	2
6	36000001	1.02437	0.927686	2
6	37000001	0.970679	0.927686	2
6	38000001	0.807712	0.927686	2
6	39000001	0.95821	0.927686	2
6	40000001	0.954613	0.927686	2
6	41000001	1.25689	0.927686	2
6	42000001	1.05852	0.927686	2
6	43000001	1.03171	0.927686	2
6	44000001	0.689623	0.927686	2
6	45000001	0.946556	0.927686	2
6	46000001	0.86254	0.927686	2
6	47000001	1.36604	1.09414	2
6	48000001	1.07903	1.09414	2
6	49000001	0.847686	1.09414	2
6	50000001	1.395	1.09414	2
6	51000001	1.06628	1.09414	2
6	52000001	1.11245	1.09414	2
6	53000001	0.963283	1.09414	2
6	54000001	1.09414	1.09414	2
6	55000001	1.55756	1.09414	2
6	56000001	0.982076	0.853331	2
6	57000001	0.942015	0.853331	2
6	58000001	0.711626	0.853331	2
6	59000001	0.764648	0.853331	2
6	60000001	1.04956	1.05641	2
6	61000001	1.02537	1.05641	2
6	62000001	0.967517	1.05641	2
6	63000001	1.22902	1.05641	2
6	64000001	0.921881	1.05641	2
6	65000001	1.31476	1.05641	2
6	66000001	0.959323	1.05641	2
6	67000001	0.96036	1.05641	2
6	68000001	0.823428	1.05641	2
6	69000001	1.46068	1.05641	2
6	70000001	1.02367	1.05641	2
6	71000001	0.928018	1.05641	2
6	72000001	0.899877	1.05641	2
6	73000001	1.09976	1.05641	2
6	74000001	1.35367	1.05641	2
6	75000001	1.13034	1.05641	2
6	76000001	1.15873	1.05641	2
6	77000001	1.06687	1.05641	2
6	78000001	1.1089	1.05641	2
6	79000001	0.961182	1.05641	2
6	80000001	1.36286	1.05641	2
6	81000001	1.05641	1.05641	2
6	82000001	1.25701	1.05641	2
6	83000001	0.537507	0.858406	2
6	84000001	0.97238	0.858406	2
6	85000001	0.858406	0.858406	2
6	86000001	1.04515	0.858406	2
6	87000001	0.800758	0.858406	2
6	88000001	1.37451	1.06176	2
6	89000001	1.12482	1.06176	2
6	90000001	1.16992	1.06176	2
6	91000001	0.943446	1.06176	2
6	92000001	1.21815	1.06176	2
6	93000001	1.03707	1.06176	2
6	94000001	1.3962	1.06176	2
6	95000001	0.901823	1.06176	2
6	96000001	0.990818	1.06176	2
6	97000001	1.10059	1.06176	2
6	98000001	0.839002	1.06176	2
6	99000001	0.873517	1.06176	2
6	100000001	0.823794	1.06176	2
6	101000001	1.25604	1.06176	2
6	102000001	0.992967	1.06176	2
6	103000001	1.04521	1.06176	2
6	104000001	1.19495	1.06176	2
6	105000001	0.950579	1.06176	2
6	106000001	1.38637	1.06176	2
6	107000001	0.976597	1.06176	2
6	108000001	1.18592	1.06176	2
6	109000001	0.860268	1.06176	2
6	110000001	1.03997	1.06176	2
6	111000001	1.21811	1.06176	2
6	112000001	0.984126	1.06176	2
6	113000001	1.08845	1.06176	2
6	114000001	1.12807	1.06176	2
6	115000001	1.14908	1.06176	2
6	116000001	0.901953	1.06176	2
6	117000001	1.17418	1.06176	2
6	118000001	0.896343	1.06176	2
6	119000001	0.80517	1.06176	2
6	120000001	1.43356	1.06176	2
6	121000001	0.802253	1.06176	2
6	122000001	1.14982	1.06176	2
6	123000001	1.23856	1.06176	2
6	124000001	0.98853	1.06176	2
6	125000001	1.07641	1.06176	2
6	126000001	1.00099	1.06176	2
6	127000001	1.03512	1.06176	2
6	128000001	1.39494	1.06176	2
6	129000001	1.10034	1.06176	2
6	130000001	1.09966	1.06176	2
6	131000001	1.41466	1.06176	2
6	132000001	1.17338	1.06176	2
6	133000001	1.03338	1.06176	2
6	134000001	1.18495	1.06176	2
6	135000001	1.13123	1.06176	2
6	136000001	1.06176	1.06176	2
6	137000001	1.2768	1.06176	2
6	138000001	0.843272	1.06176	2
6	139000001	0.845809	1.06176	2
6	140000001	1.00237	1.06176	2
6	141000001	1.19465	1.06176	2
6	142000001	0.96802	1.06176	2
6	143000001	0.961901	1.06176	2
6	144000001	1.38284	1.06176	2
6	145000001	0.782954	1.06176	2
6	146000001	0.877233	1.06176	2
6	147000001	1.30329	1.06176	2
6	148000001	0.915424	1.06176	2
6	149000001	1.38626	1.06176	2
6	150000001	0.949194	1.06176	2
6	151000001	1.11289	1.06176	2
6	152000001	0.879945	1.06176	2
6	153000001	1.06486	1.06176	2
6	154000001	1.06396	1.06176	2
6	155000001	1.09503	1.06176	2
6	156000001	0.812633	1.06176	2
6	157000001	1.27505	1.06176	2
6	158000001	0.898429	1.06176	2
6	159000001	1.1436	1.06176	2
6	160000001	0.882354	1.06176	2
6	161000001	1.00832	1.06176	2
6	162000001	1.12213	1.06176	2
6	163000001	0.997603	1.06176	2
6	164000001	1.06774	1.06176	2
6	165000001	1.03382	1.06176	2
6	166000001	1.05906	1.06176	2
6	167000001	1.08652	1.06176	2
6	168000001	0.958028	1.06176	2
6	169000001	0.997977	1.06176	2
6	170000001	1.06599	1.06176	2
7	1	0.786186	0.806134	2
7	1000001	0.915186	0.806134	2
7	2000001	0.806134	0.806134	2
7	3000001	1.11874	1.11874	2
7	4000001	0.955141	1.11874	2
7	5000001	1.19351	1.11874	2
7	6000001	0.882046	1.11874	2
7	7000001	1.13496	1.11874	2
7	8000001	1.06724	1.11874	2
7	9000001	1.24675	1.11874	2
7	10000001	0.813325	0.881867	2
7	11000001	0.920114	0.881867	2
7	12000001	1.18492	0.881867	2
7	13000001	0.656338	0.881867	2
7	14000001	1.03316	0.881867	2
7	15000001	1.1156	0.881867	2
7	16000001	0.764623	0.881867	2
7	17000001	0.843621	0.881867	2
7	18000001	1.14903	1.14805	2
7	19000001	1.27914	1.14805	2
7	20000001	1.14707	1.14805	2
7	21000001	1.13558	1.14805	2
7	22000001	1.19825	1.14805	2
7	23000001	1.11261	1.14805	2
7	24000001	0.94884	0.911835	2
7	25000001	0.99615	0.911835	2
7	26000001	0.907941	0.911835	2
7	27000001	0.91573	0.911835	2
7	28000001	0.769813	0.911835	2
7	29000001	0.864502	0.911835	2
7	30000001	0.941258	0.911835	2
7	31000001	0.907019	0.911835	2
7	32000001	0.984713	0.988288	2
7	33000001	1.23095	0.988288	2
7	34000001	1.14979	0.988288	2
7	35000001	0.960651	0.988288	2
7	36000001	0.970132	0.988288	2
7	37000001	0.970772	0.988288	2
7	38000001	1.14031	0.988288	2
7	39000001	0.904241	0.988288	2
7	40000001	0.827447	0.988288	2
7	41000001	1.28877	0.988288	2
7	42000001	0.940653	0.988288	2
7	43000001	0.986646	0.988288	2
7	44000001	1.07468	0.988288	2
7	45000001	1.04139	0.988288	2
7	46000001	1.10444	0.988288	2
7	47000001	0.910366	0.988288	2
7	48000001	0.988288	0.988288	2
7	49000001	1.1137	0.988288	2
7	50000001	1.02221	0.988288	2
7	51000001	0.913819	0.988288	2
7	52000001	1.10789	0.988288	2
7	53000001	1.20059	1.22763	2
7	54000001	1.33206	1.22763	2
7	55000001	1.22763	1.22763	2
7	56000001	0.971952	1.06748	2
7	57000001	0.989338	1.06748	2
7	58000001	1.15274	1.06748	2
7	59000001	1.22959	1.06748	2
7	60000001	1.17573	1.06748	2
7	61000001	0.937225	1.06748	2
7	62000001	1.34988	1.06748	2
7	63000001	0.974524	1.06748	2
7	64000001	0.907586	1.06748	2
7	65000001	1.14562	1.06748	2
7	66000001	0.974008	1.06748	2
7	67000001	1.37461	1.06748	2
7	68000001	0.902931	0.949294	2
7	69000001	0.883909	0.949294	2
7	70000001	1.14387	0.949294	2
7	71000001	1.01661	0.949294	2
7	72000001	0.950181	0.949294	2
7	73000001	0.977152	0.949294	2
7	74000001	0.948406	0.949294	2
7	75000001	0.724878	0.949294	2
7	76000001	1.11376	0.949294	2
7	77000001	0.869763	0.949294	2
7	78000001	1.15084	1.1305	2
7	79000001	1.08274	1.1305	2
7	80000001	1.11679	1.1305	2
7	81000001	0.922375	1.1305	2
7	82000001	1.29474	1.1305	2
7	83000001	1.13939	1.1305	2
7	84000001	0.977018	1.1305	2
7	85000001	1.05433	1.1305	2
7	86000001	1.29014	1.1305	2
7	87000001	1.25385	1.1305	2
7	88000001	1.12161	1.1305	2
7	89000001	1.18811	1.1305	2
7	90000001	0.982076	1.02127	2
7	91000001	0.802524	1.02127	2
7	92000001	1.01886	1.02127	2
7	93000001	0.921738	1.02127	2
7	94000001	1.11545	1.02127	2
7	95000001	0.831132	1.02127	2
7	96000001	0.983011	1.02127	2
7	97000001	1.03904	1.02127	2
7	98000001	1.04231	1.02127	2
7	99000001	1.02517	1.02127	2
7	100000001	0.838119	1.02127	2
7	101000001	1.18253	1.02127	2
7	102000001	1.03248	1.02127	2
7	103000001	1.15108	1.02127	2
7	104000001	0.965882	1.02127	2
7	105000001	1.05746	1.02127	2
7	106000001	1.00461	1.02127	2
7	107000001	0.739989	1.02127	2
7	108000001	0.93464	1.02127	2
7	109000001	1.15311	1.02127	2
7	110000001	1.08188	1.02127	2
7	111000001	1.20032	1.02127	2
7	112000001	1.18592	1.02127	2
7	113000001	0.956762	1.02127	2
7	114000001	0.861064	1.02127	2
7	115000001	1.23103	1.02127	2
7	116000001	1.01791	1.02127	2
7	117000001	1.25286	1.02127	2
7	118000001	1.02368	1.02127	2
7	119000001	1.12971	1.02127	2
7	120000001	1.05882	1.02127	2
7	121000001	0.994278	1.02127	2
7	122000001	0.888397	1.02127	2
7	123000001	1.15248	1.02127	2
7	124000001	0.991172	1.02127	2
7	125000001	1.15173	1.02127	2
7	126000001	0.884031	1.02127	2
7	127000001	0.910294	1.02127	2
7	128000001	0.8587	1.02127	2
7	129000001	0.89771	1.02127	2
7	130000001	0.917309	1.02127	2
7	131000001	0.944469	1.02127	2
7	132000001	1.16143	1.02127	2
7	133000001	1.15239	1.02127	2
7	134000001	1.17077	1.02127	2
7	135000001	1.07328	1.02127	2
7	136000001	0.692501	1.02127	2
7	137000001	1.22108	1.02127	2
7	138000001	1.08905	1.02127	2
7	139000001	0.959774	1.02127	2
7	140000001	1.32186	1.02127	2
7	141000001	0.961625	1.02127	2
7	142000001	1.04771	1.02127	2
7	143000001	0.858829	1.02127	2
7	144000001	0.995506	1.02127	2
7	145000001	0.858729	1.02127	2
7	146000001	1.10215	1.02127	2
7	147000001	0.899265	1.02127	2
7	148000001	1.11693	1.02127	2
7	149000001	0.816426	1.02127	2
7	150000001	1.037	1.02127	2
7	151000001	1.10622	1.02127	2
7	152000001	1.10511	1.02127	2
7	153000001	0.85832	1.02127	2
7	154000001	0.96612	1.02127	2
7	155000001	0.988524	1.02127	2
7	156000001	1.07126	1.02127	2
7	157000001	1.04453	1.02127	2
7	158000001	1.24016	1.02127	2
7	159000001	0.744813	1.02127	2
8	1	0.650353	0.630224	1
8	1000001	0.610095	0.630224	1
8	2000001	0.92093	1.0291	2
8	3000001	1.02587	1.0291	2
8	4000001	0.931853	1.0291	2
8	5000001	0.994296	1.0291	2
8	6000001	0.945864	1.0291	2
8	7000001	1.34025	1.0291	2
8	8000001	1.08899	1.0291	2
8	9000001	0.84413	1.0291	2
8	10000001	0.954685	1.0291	2
8	11000001	0.976098	1.0291	2
8	12000001	1.06094	1.0291	2
8	13000001	0.649155	1.0291	2
8	14000001	1.16785	1.0291	2
8	15000001	0.97713	1.0291	2
8	16000001	1.16488	1.0291	2
8	17000001	1.08962	1.0291	2
8	18000001	1.01416	1.0291	2
8	19000001	1.14999	1.0291	2
8	20000001	0.746975	1.0291	2
8	21000001	1.06701	1.0291	2
8	22000001	1.16577	1.0291	2
8	23000001	1.19284	1.0291	2
8	24000001	0.958174	1.0291	2
8	25000001	1.03234	1.0291	2
8	26000001	0.903264	1.0291	2
8	27000001	1.11102	1.0291	2
8	28000001	1.02434	1.0291	2
8	29000001	0.94551	1.0291	2
8	30000001	1.22666	1.0291	2
8	31000001	1.17891	1.0291	2
8	32000001	0.909577	1.0291	2
8	33000001	0.933433	1.0291	2
8	34000001	1.03385	1.0291	2
8	35000001	1.01804	1.0291	2
8	36000001	1.17515	1.0291	2
8	37000001	0.927909	1.0291	2
8	38000001	1.05336	1.0291	2
8	39000001	0.699359	1.0291	2
8	40000001	1.0495	1.0291	2
8	41000001	0.755504	1.0291	2
8	42000001	1.00216	1.0291	2
8	43000001	1.14297	1.0291	2
8	44000001	1.23231	1.0291	2
8	45000001	1.2601	1.0291	2
8	46000001	0.886584	1.0291	2
8	47000001	1.07621	1.0291	2
8	48000001	1.07304	1.0291	2
8	49000001	0.589127	1.0291	2
8	50000001	1.10417	1.0291	2
8	51000001	1.0388	1.0291	2
8	52000001	1.17868	1.0291	2
8	53000001	1.03755	1.0291	2
8	54000001	1.01547	1.0291	2
8	55000001	0.848822	1.0291	2
8	56000001	1.13936	1.0291	2
8	57000001	0.963246	1.0291	2
8	58000001	0.925803	1.0291	2
8	59000001	1.12941	1.0291	2
8	60000001	1.42425	1.39044	3
8	61000001	1.35664	1.39044	3
8	62000001	0.878237	1.04367	2
8	63000001	1.11647	1.04367	2
8	64000001	1.145	1.04367	2
8	65000001	1.03655	1.04367	2
8	66000001	0.956804	1.04367	2
8	67000001	0.931399	1.04367	2
8	68000001	1.04367	1.04367	2
8	69000001	1.30655	1.04367	2
8	70000001	1.09051	1.04367	2
8	71000001	0.885689	1.04367	2
8	72000001	1.06947	1.04367	2
8	73000001	1.01818	1.04367	2
8	74000001	1.01217	1.04367	2
8	75000001	1.27451	1.04367	2
8	76000001	0.863984	1.04367	2
8	77000001	1.19242	1.04367	2
8	78000001	1.04032	1.04367	2
8	79000001	1.21081	1.04367	2
8	80000001	0.694115	1.04367	2
8	81000001	1.07308	1.04367	2
8	82000001	1.10879	1.04367	2
8	83000001	0.950691	1.04367	2
8	84000001	1.05107	1.04367	2
8	85000001	1.37072	1.20248	2
8	86000001	1.11936	1.20248	2
8	87000001	1.32508	1.20248	2
8	88000001	1.18243	1.20248	2
8	89000001	1.22253	1.20248	2
8	90000001	1.07617	1.20248	2
8	91000001	0.900755	1.20248	2
8	92000001	1.08158	1.20248	2
8	93000001	1.35024	1.20248	2
8	94000001	1.24765	1.20248	2
8	95000001	1.04759	1.05152	2
8	96000001	0.960814	1.05152	2
8	97000001	1.08398	1.05152	2
8	98000001	0.909619	1.05152	2
8	99000001	1.09293	1.05152	2
8	100000001	0.72669	1.05152	2
8	101000001	0.967072	1.05152	2
8	102000001	1.05078	1.05152	2
8	103000001	1.16802	1.05152	2
8	104000001	1.40179	1.05152	2
8	105000001	0.964027	1.05152	2
8	106000001	0.9191	1.05152	2
8	107000001	1.13252	1.05152	2
8	108000001	1.16523	1.05152	2
8	109000001	1.03389	1.05152	2
8	110000001	0.68523	1.05152	2
8	111000001	1.24445	1.05152	2
8	112000001	1.12332	1.05152	2
8	113000001	0.717392	1.05152	2
8	114000001	1.05226	1.05152	2
8	115000001	1.00661	1.05152	2
8	116000001	0.957086	1.05152	2
8	117000001	0.930442	1.05152	2
8	118000001	1.14151	1.05152	2
8	119000001	1.13667	1.05152	2
8	120000001	1.13513	1.05152	2
8	121000001	1.14643	1.05152	2
8	122000001	1.00992	1.05152	2
8	123000001	0.837876	1.05152	2
8	124000001	1.0284	1.05152	2
8	125000001	1.11942	1.05152	2
8	126000001	1.11792	1.05152	2
8	127000001	0.95756	1.05152	2
8	128000001	1.09616	1.05152	2
8	129000001	1.16955	1.05152	2
8	130000001	1.18515	1.05152	2
8	131000001	0.996594	1.05152	2
8	132000001	1.12808	1.05152	2
8	133000001	0.678874	0.931664	2
8	134000001	0.872551	0.931664	2
8	135000001	0.931664	0.931664	2
8	136000001	1.0759	0.931664	2
8	137000001	1.16517	0.931664	2
8	138000001	2.74522	2.74522	5
8	139000001	0.930211	0.949098	2
8	140000001	1.34285	0.949098	2
8	141000001	1.12653	0.949098	2
8	142000001	0.926341	0.949098	2
8	143000001	0.942549	0.949098	2
8	144000001	0.949098	0.949098	2
8	145000001	1.13295	0.949098	2
9	1	0.745144	0.861863	2
9	1000001	1.19232	0.861863	2
9	2000001	0.818753	0.861863	2
9	3000001	0.8683	0.861863	2
9	4000001	0.963879	0.861863	2
9	5000001	0.855425	0.861863	2
9	6000001	1.09219	1.10349	2
9	7000001	0.994562	1.10349	2
9	8000001	1.19538	1.10349	2
9	9000001	0.978321	1.10349	2
9	10000001	1.33926	1.10349	2
9	11000001	0.904834	1.10349	2
9	12000001	1.1597	1.10349	2
9	13000001	1.15955	1.10349	2
9	14000001	1.14934	1.10349	2
9	15000001	1.05976	1.10349	2
9	16000001	1.25294	1.10349	2
9	17000001	1.1148	1.10349	2
9	18000001	0.873396	1.10349	2
9	19000001	1.12503	1.10349	2
9	20000001	0.885251	1.10349	2
9	21000001	1.04088	1.10349	2
9	22000001	1.23174	1.10349	2
9	23000001	0.994911	1.10349	2
9	24000001	1.01583	1.10349	2
9	25000001	1.2372	1.10349	2
9	26000001	1.13067	1.10349	2
9	27000001	1.06328	1.10349	2
9	28000001	0.778471	1.00591	2
9	29000001	1.13349	1.00591	2
9	30000001	1.04745	1.00591	2
9	31000001	0.662878	1.00591	2
9	32000001	1.01021	1.00591	2
9	33000001	0.891791	1.00591	2
9	34000001	1.07411	1.00591	2
9	35000001	0.762481	1.00591	2
9	36000001	1.00161	1.00591	2
9	37000001	1.11702	1.00591	2
9	38000001	1.06148	1.00591	2
9	39000001	0.879157	1.00591	2
9	40000001	1.15041	1.15041	2
9	41000001	1.06369	1.15041	2
9	42000001	1.09805	1.15041	2
9	43000001	1.22355	1.15041	2
9	44000001	1.15263	1.15041	2
9	45000001	0.992357	-1	2
9	46000001	-1	-1	2
9	47000001	-1	-1	2
9	48000001	-1	-1	2
9	49000001	-1	-1	2
9	50000001	-1	-1	2
9	51000001	-1	-1	2
9	52000001	-1	-1	2
9	53000001	-1	-1	2
9	54000001	-1	-1	2
9	55000001	-1	-1	2
9	56000001	-1	-1	2
9	57000001	-1	-1	2
9	58000001	-1	-1	2
9	59000001	-1	-1	2
9	60000001	0.937728	-1	2
9	61000001	0.720763	-1	2
9	62000001	1.09235	-1	2
9	63000001	1.34662	1.34662	3
9	64000001	1.16135	1.34662	3
9	65000001	1.51316	1.34662	3
9	66000001	0.947322	0.910044	2
9	67000001	0.856946	0.910044	2
9	68000001	0.905864	0.910044	2
9	69000001	0.914225	0.910044	2
9	70000001	1.13904	0.995635	2
9	71000001	1.07995	0.995635	2
9	72000001	1.05144	0.995635	2
9	73000001	0.878647	0.995635	2
9	74000001	1.21983	0.995635	2
9	75000001	0.932778	0.995635	2
9	76000001	0.82507	0.995635	2
9	77000001	1.13569	0.995635	2
9	78000001	1.35659	0.995635	2
9	79000001	0.914645	0.995635	2
9	80000001	1.04039	0.995635	2
9	81000001	1.05599	0.995635	2
9	82000001	1.13694	0.995635	2
9	83000001	0.788156	0.995635	2
9	84000001	0.96622	0.995635	2
9	85000001	0.919983	0.995635	2
9	86000001	1.03855	0.995635	2
9	87000001	1.16052	0.995635	2
9	88000001	0.770614	0.995635	2
9	89000001	0.956634	0.995635	2
9	90000001	1.04964	0.995635	2
9	91000001	0.893685	0.995635	2
9	92000001	1.02505	0.995635	2
9	93000001	0.961219	0.995635	2
9	94000001	0.921437	0.995635	2
9	95000001	0.827442	0.995635	2
9	96000001	1.41364	0.995635	2
9	97000001	1.0292	0.995635	2
9	98000001	0.928286	0.995635	2
9	99000001	0.936515	0.995635	2
9	100000001	0.882842	0.995635	2
9	101000001	1.05375	0.995635	2
9	102000001	1.21456	1.14393	2
9	103000001	1.32654	1.14393	2
9	104000001	1.08908	1.14393	2
9	105000001	1.11829	1.14393	2
9	106000001	1.06744	1.14393	2
9	107000001	1.14393	1.14393	2
9	108000001	1.20714	1.14393	2
9	109000001	1.09836	1.14393	2
9	110000001	1.15131	1.14393	2
9	111000001	1.06555	1.02066	2
9	112000001	1.09052	1.02066	2
9	113000001	0.93898	1.02066	2
9	114000001	0.994256	1.02066	2
9	115000001	0.929249	1.02066	2
9	116000001	1.31143	1.02066	2
9	117000001	1.01884	1.02066	2
9	118000001	0.934672	1.02066	2
9	119000001	1.30803	1.02066	2
9	120000001	1.12709	1.02066	2
9	121000001	1.06542	1.02066	2
9	122000001	0.976788	1.02066	2
9	123000001	0.981729	1.02066	2
9	124000001	0.949421	1.02066	2
9	125000001	0.954618	1.02066	2
9	126000001	1.18375	1.02066	2
9	127000001	1.04168	1.02066	2
9	128000001	1.02249	1.02066	2
9	129000001	1.14043	1.02066	2
9	130000001	1.10996	1.02066	2
9	131000001	0.811977	1.02066	2
9	132000001	1.01334	1.02066	2
9	133000001	0.957364	1.02066	2
9	134000001	1.19349	1.02066	2
9	135000001	0.952481	1.02066	2
9	136000001	1.13912	1.02066	2
9	137000001	0.87196	1.02066	2
9	138000001	1.08502	1.02066	2
X	1	0.721889	0.721889	1
X	1000001	0.541794	0.493412	1
X	2000001	0.438076	0.493412	1
X	3000001	0.581132	0.493412	1
X	4000001	0.445031	0.493412	1
X	5000001	0.43248	0.493412	1
X	6000001	0.600837	0.493412	1
X	7000001	0.327331	0.493412	1
X	8000001	0.440393	0.493412	1
X	9000001	0.662081	0.493412	1
X	10000001	0.548445	0.493412	1
X	11000001	1.30254	1.30254	3
X	12000001	0.571836	0.514229	1
X	13000001	0.581181	0.514229	1
X	14000001	0.622256	0.514229	1
X	15000001	0.547326	0.514229	1
X	16000001	0.51056	0.514229	1
X	17000001	0.450967	0.514229	1
X	18000001	0.476645	0.514229	1
X	19000001	0.351096	0.514229	1
X	20000001	0.347804	0.514229	1
X	21000001	0.627062	0.514229	1
X	22000001	0.357258	0.514229	1
X	23000001	0.564452	0.514229	1
X	24000001	0.690487	0.514229	1
X	25000001	0.553346	0.514229	1
X	26000001	0.494238	0.514229	1
X	27000001	0.437268	0.514229	1
X	28000001	0.460878	0.514229	1
X	29000001	0.24281	0.514229	1
X	30000001	0.322835	0.514229	1
X	31000001	0.662176	0.514229	1
X	32000001	0.351469	0.514229	1
X	33000001	0.285483	0.514229	1
X	34000001	0.567709	0.514229	1
X	35000001	0.684588	0.514229	1
X	36000001	0.521923	0.514229	1
X	37000001	0.300821	0.514229	1
X	38000001	0.634579	0.514229	1
X	39000001	0.765697	0.514229	1
X	40000001	0.370108	0.514229	1
X	41000001	0.348324	0.514229	1
X	42000001	0.500111	0.514229	1
X	43000001	0.719267	0.514229	1
X	44000001	0.547296	0.514229	1
X	45000001	0.568124	0.514229	1
X	46000001	0.571514	0.514229	1
X	47000001	0.659815	0.514229	1
X	48000001	0.538409	0.514229	1
X	49000001	0.33736	0.514229	1
X	50000001	0.460721	0.514229	1
X	51000001	0.380358	0.514229	1
X	52000001	0.402916	0.514229	1
X	53000001	0.517017	0.514229	1
X	54000001	0.467991	0.514229	1
X	55000001	0.524079	0.514229	1
X	56000001	0.54325	0.514229	1
X	57000001	0.435785	0.514229	1
X	58000001	0.489531	0.514229	1
X	59000001	0.516389	0.514229	1
X	60000001	0.747998	0.514229	1
X	61000001	0.565526	0.514229	1
X	62000001	0.599333	0.514229	1
X	63000001	0.513079	0.514229	1
X	64000001	0.516544	0.514229	1
X	65000001	0.385924	0.514229	1
X	66000001	0.422504	0.514229	1
X	67000001	0.515379	0.514229	1
X	68000001	0.497285	0.514229	1
X	69000001	0.541211	0.514229	1
X	70000001	0.824199	0.514229	1
X	71000001	0.325507	0.514229	1
X	72000001	0.449445	0.514229	1
X	73000001	0.367964	0.514229	1
X	74000001	0.659687	0.514229	1
X	75000001	0.43963	0.514229	1
X	76000001	0.673158	0.756116	2
X	77000001	0.793991	0.756116	2
X	78000001	0.756116	0.756116	2
X	79000001	0.347064	0.504832	1
X	80000001	0.442184	0.504832	1
X	81000001	0.591939	0.504832	1
X	82000001	0.534663	0.504832	1
X	83000001	0.671844	0.504832	1
X	84000001	0.487724	0.504832	1
X	85000001	0.542537	0.504832	1
X	86000001	0.538016	0.504832	1
X	87000001	0.442328	0.504832	1
X	88000001	0.456816	0.504832	1
X	89000001	0.497882	0.504832	1
X	90000001	0.548401	0.504832	1
X	91000001	0.590386	0.504832	1
X	92000001	0.703984	0.504832	1
X	93000001	0.463946	0.504832	1
X	94000001	0.566443	0.504832	1
X	95000001	0.474342	0.504832	1
X	96000001	0.487011	0.504832	1
X	97000001	0.640047	0.504832	1
X	98000001	0.436503	0.504832	1
X	99000001	0.542673	0.504832	1
X	100000001	0.456976	0.504832	1
X	101000001	0.583594	0.504832	1
X	102000001	0.387539	0.504832	1
X	103000001	0.460984	0.504832	1
X	104000001	0.583004	0.504832	1
X	105000001	0.591785	0.504832	1
X	106000001	0.488464	0.504832	1
X	107000001	0.388618	0.504832	1
X	108000001	0.521813	0.504832	1
X	109000001	0.667703	0.504832	1
X	110000001	0.467704	0.504832	1
X	111000001	0.463617	0.504832	1
X	112000001	0.333103	0.504832	1
X	113000001	0.609782	0.504832	1
X	114000001	0.464069	0.504832	1
X	115000001	0.568719	0.504832	1
X	116000001	0.568086	0.504832	1
X	117000001	0.461034	0.504832	1
X	118000001	0.485365	0.504832	1
X	119000001	0.547254	0.504832	1
X	120000001	0.422298	0.504832	1
X	121000001	0.525709	0.504832	1
X	122000001	0.625126	0.504832	1
X	123000001	0.398014	0.504832	1
X	124000001	0.43212	0.504832	1
X	125000001	0.472734	0.504832	1
X	126000001	0.541618	0.504832	1
X	127000001	0.621245	0.504832	1
X	128000001	0.578296	0.504832	1
X	129000001	0.684055	0.504832	1
X	130000001	0.466782	0.504832	1
X	131000001	0.378513	0.504832	1
X	132000001	0.595245	0.504832	1
X	133000001	0.560265	0.504832	1
X	134000001	0.431225	0.504832	1
X	135000001	0.863339	0.504832	1
X	136000001	0.345653	0.504832	1
X	137000001	0.484782	0.504832	1
X	138000001	0.573531	0.504832	1
X	139000001	0.504473	0.504832	1
X	140000001	0.554316	0.504832	1
X	141000001	0.504832	0.504832	1
X	142000001	0.501457	0.504832	1
X	143000001	0.499361	0.504832	1
X	144000001	0.482024	0.504832	1
X	145000001	0.411334	0.504832	1
X	146000001	0.38658	0.504832	1
X	147000001	0.566	0.504832	1
X	148000001	0.58247	0.504832	1
X	149000001	0.632959	0.504832	1
X	150000001	0.523984	0.504832	1
X	151000001	0.547574	0.504832	1
X	152000001	0.276037	0.347448	1
X	153000001	0.332662	0.347448	1
X	154000001	0.362235	0.347448	1
X	155000001	0.406025	0.347448	1
X	156000001	2.09982	2.09982	4
Y	1	-1	-1	1
Y	1000001	-1	-1	1
Y	2000001	0.564955	0.442381	1
Y	3000001	0.627812	0.442381	1
Y	4000001	0.414059	0.442381	1
Y	5000001	0.56696	0.442381	1
Y	6000001	0.249751	0.442381	1
Y	7000001	0.260849	0.442381	1
Y	8000001	0.334403	0.442381	1
Y	9000001	0.572045	0.442381	1
Y	10000001	1.2166	0.442381	1
Y	11000001	0.550893	0.442381	1
Y	12000001	0.531853	0.442381	1
Y	13000001	0.447016	0.442381	1
Y	14000001	0.371238	0.442381	1
Y	15000001	0.442381	0.442381	1
Y	16000001	0.367927	0.442381	1
Y	17000001	0.351486	0.442381	1
Y	18000001	0.462332	0.442381	1
Y	19000001	0.374344	0.442381	1
Y	20000001	0.398987	0.442381	1
Y	21000001	1.03667	0.618353	1
Y	22000001	0.634925	0.618353	1
Y	23000001	0.436568	0.618353	1
Y	24000001	0.717282	0.618353	1
Y	25000001	0.296238	0.618353	1
Y	26000001	0.423965	0.618353	1
Y	27000001	-1	0.618353	1
Y	28000001	-1	0.618353	1
Y	29000001	-1	0.618353	1
Y	30000001	-1	0.618353	1
Y	31000001	-1	0.618353	1
Y	32000001	-1	0.618353	1
Y	33000001	-1	0.618353	1
Y	34000001	-1	0.618353	1
Y	35000001	-1	0.618353	1
Y	36000001	-1	0.618353	1
Y	37000001	-1	0.618353	1
Y	38000001	-1	0.618353	1
Y	39000001	-1	0.618353	1
Y	40000001	-1	0.618353	1
Y	41000001	-1	0.618353	1
Y	42000001	-1	0.618353	1
Y	43000001	-1	0.618353	1
Y	44000001	-1	0.618353	1
Y	45000001	-1	0.618353	1
Y	46000001	-1	0.618353	1
Y	47000001	-1	0.618353	1
Y	48000001	-1	0.618353	1
Y	49000001	-1	0.618353	1
Y	50000001	-1	0.618353	1
Y	51000001	-1	0.618353	1
Y	52000001	-1	0.618353	1
Y	53000001	-1	0.618353	1
Y	54000001	-1	0.618353	1
Y	55000001	-1	0.618353	1
Y	56000001	0.618353	0.618353	1
Y	57000001	-1	-1	1
