Chromosome	Start	Ratio	MedianRatio	CopyNumber
1	1	0.840941	1.00087	2
1	1000001	1.20052	1.00087	2
1	2000001	1.44582	1.00087	2
1	3000001	0.7187	1.00087	2
1	4000001	1.31718	1.00087	2
1	5000001	1.17605	1.00087	2
1	6000001	0.990569	1.00087	2
1	7000001	1.13816	1.00087	2
1	8000001	1.18301	1.00087	2
1	9000001	1.18387	1.00087	2
1	10000001	0.937916	1.00087	2
1	11000001	1.02726	1.00087	2
1	12000001	1.07846	1.00087	2
1	13000001	1.05149	1.00087	2
1	14000001	0.967836	1.00087	2
1	15000001	0.893281	1.00087	2
1	16000001	0.894417	1.00087	2
1	17000001	0.913758	1.00087	2
1	18000001	0.93657	1.00087	2
1	19000001	1.00087	1.00087	2
1	20000001	0.861648	1.00087	2
1	21000001	1.02716	1.00087	2
1	22000001	1.1982	1.00087	2
1	23000001	0.829359	1.00087	2
1	24000001	1.22802	1.00087	2
1	25000001	1.08237	1.00087	2
1	26000001	0.877808	1.00087	2
1	27000001	1.05944	1.00087	2
1	28000001	1.01211	1.00087	2
1	29000001	0.970921	1.00087	2
1	30000001	1.2365	1.00087	2
1	31000001	0.926631	1.00087	2
1	32000001	0.970823	1.00087	2
1	33000001	0.975091	1.00087	2
1	34000001	1.04813	1.00087	2
1	35000001	1.11313	1.00087	2
1	36000001	1.19091	1.00087	2
1	37000001	0.821024	1.00087	2
1	38000001	0.759832	1.00087	2
1	39000001	0.787681	1.00087	2
1	40000001	1.2604	1.00087	2
1	41000001	1.16328	1.00087	2
1	42000001	0.854747	1.00087	2
1	43000001	1.21648	1.00087	2
1	44000001	0.983163	1.00087	2
1	45000001	0.993858	1.00087	2
1	46000001	1.38483	1.00087	2
1	47000001	0.991517	1.00087	2
1	48000001	0.967165	1.00087	2
1	49000001	1.01232	1.00087	2
1	50000001	1.26131	1.00087	2
1	51000001	0.994885	1.00087	2
1	52000001	0.910665	1.00087	2
1	53000001	0.959981	1.00087	2
1	54000001	0.949021	1.00087	2
1	55000001	0.983416	1.00087	2
1	56000001	1.08026	1.00087	2
1	57000001	0.925636	1.00087	2
1	58000001	1.10682	1.00087	2
1	59000001	0.878861	1.00087	2
1	60000001	0.908795	1.00087	2
1	61000001	1.10323	1.00087	2
1	62000001	1.06066	1.00087	2
1	63000001	0.97163	1.00087	2
1	64000001	0.978026	1.00087	2
1	65000001	0.836108	1.00087	2
1	66000001	1.00086	1.00087	2
1	67000001	0.701739	1.00087	2
1	68000001	0.76024	1.00087	2
1	69000001	1.28399	1.00087	2
1	70000001	0.824004	1.00087	2
1	71000001	1.51598	1.00087	2
1	72000001	1.05086	1.00087	2
1	73000001	1.04359	1.00087	2
1	74000001	0.756365	1.00087	2
1	75000001	0.939562	1.00087	2
1	76000001	1.40627	1.00087	2
1	77000001	0.817496	1.00087	2
1	78000001	1.04683	1.00087	2
1	79000001	0.93203	1.00087	2
1	80000001	1.58212	1.00087	2
1	81000001	0.910721	1.00087	2
1	82000001	1.09742	1.00087	2
1	83000001	1.0979	1.00087	2
1	84000001	1.0846	1.00087	2
1	85000001	1.34447	1.00087	2
1	86000001	0.930557	1.00087	2
1	87000001	0.970298	1.00087	2
1	88000001	1.16723	1.00087	2
1	89000001	0.921257	1.00087	2
1	90000001	1.0404	1.00087	2
1	91000001	1.15287	1.00087	2
1	92000001	1.13953	1.00087	2
1	93000001	1.00079	1.00087	2
1	94000001	0.966168	1.00087	2
1	95000001	1.01258	1.00087	2
1	96000001	0.931412	1.00087	2
1	97000001	1.09949	1.00087	2
1	98000001	1.09531	1.00087	2
1	99000001	1.29335	1.00087	2
1	100000001	1.08243	1.00087	2
1	101000001	1.20351	1.00087	2
1	102000001	0.853326	1.00087	2
1	103000001	0.936914	1.00087	2
1	104000001	1.02386	1.00087	2
1	105000001	1.17815	1.00087	2
1	106000001	1.15275	1.00087	2
1	107000001	0.96585	1.00087	2
1	108000001	1.05556	1.00087	2
1	109000001	1.09566	1.00087	2
1	110000001	1.1718	1.00087	2
1	111000001	0.78084	1.00087	2
1	112000001	0.935186	1.00087	2
1	113000001	1.01721	1.00087	2
1	114000001	0.852853	1.00087	2
1	115000001	0.893656	1.00087	2
1	116000001	0.942991	1.00087	2
1	117000001	1.05872	1.00087	2
1	118000001	1.07572	1.00087	2
1	119000001	0.831402	1.00087	2
1	120000001	0.997772	1.00087	2
1	121000001	1.59456	1.10987	2
1	122000001	1.10701	1.10987	2
1	123000001	1.11272	1.10987	2
1	124000001	1.02436	1.10987	2
1	125000001	2.85638	-1	2
1	126000001	-1	-1	2
1	127000001	-1	-1	2
1	128000001	-1	-1	2
1	129000001	-1	-1	2
1	130000001	-1	-1	2
1	131000001	-1	-1	2
1	132000001	-1	-1	2
1	133000001	-1	-1	2
1	134000001	-1	-1	2
1	135000001	-1	-1	2
1	136000001	-1	-1	2
1	137000001	-1	-1	2
1	138000001	-1	-1	2
1	139000001	-1	-1	2
1	140000001	-1	-1	2
1	141000001	-1	-1	2
1	142000001	-1	-1	2
1	143000001	2.46246	-1	2
1	144000001	0.875563	1.02757	2
1	145000001	0.949591	1.02757	2
1	146000001	1.17482	1.02757	2
1	147000001	1.17291	1.02757	2
1	148000001	1.05813	1.02757	2
1	149000001	1.04777	1.02757	2
1	150000001	1.00494	1.02757	2
1	151000001	1.22929	1.02757	2
1	152000001	1.05879	1.02757	2
1	153000001	0.938224	1.02757	2
1	154000001	1.01683	1.02757	2
1	155000001	0.98748	1.02757	2
1	156000001	0.910083	1.02757	2
1	157000001	0.886086	1.02757	2
1	158000001	1.11829	1.02757	2
1	159000001	0.800712	1.02757	2
1	160000001	1.03192	1.02757	2
1	161000001	1.08123	1.02757	2
1	162000001	0.95973	1.02757	2
1	163000001	0.832771	1.02757	2
1	164000001	1.03278	1.02757	2
1	165000001	1.00661	1.02757	2
1	166000001	1.11508	1.02757	2
1	167000001	1.11463	1.02757	2
1	168000001	1.02757	1.02757	2
1	169000001	0.897848	1.02757	2
1	170000001	0.97675	1.02757	2
1	171000001	1.12035	1.02757	2
1	172000001	1.05092	1.02757	2
1	173000001	1.14251	1.02757	2
1	174000001	0.819063	1.02757	2
1	175000001	1.0097	1.02757	2
1	176000001	0.831471	1.02757	2
1	177000001	1.03824	1.02757	2
1	178000001	1.08118	1.02757	2
1	179000001	0.838452	1.02757	2
1	180000001	1.05495	1.02757	2
1	181000001	0.831639	1.02757	2
1	182000001	1.07981	1.02757	2
1	183000001	1.3272	1.02757	2
1	184000001	0.862209	1.02757	2
1	185000001	1.04338	1.02757	2
1	186000001	1.08083	1.02757	2
1	187000001	1.0025	1.02757	2
1	188000001	0.983826	1.02757	2
1	189000001	1.14601	1.02757	2
1	190000001	0.887786	1.02757	2
1	191000001	1.06425	1.02757	2
1	192000001	1.11469	1.02757	2
1	193000001	0.76971	1.02757	2
1	194000001	0.936056	1.02757	2
1	195000001	1.00302	1.02757	2
1	196000001	1.40188	1.02757	2
1	197000001	0.787557	0.728729	1
1	198000001	0.78549	0.728729	1
1	199000001	0.706129	0.728729	1
1	200000001	0.710732	0.728729	1
1	201000001	0.728729	0.728729	1
1	202000001	0.908274	1.04559	2
1	203000001	1.22111	1.04559	2
1	204000001	1.23143	1.04559	2
1	205000001	0.859186	1.04559	2
1	206000001	1.13142	1.04559	2
1	207000001	0.997095	1.04559	2
1	208000001	0.799396	1.04559	2
1	209000001	1.29378	1.04559	2
1	210000001	1.33616	1.04559	2
1	211000001	0.776541	1.04559	2
1	212000001	1.05729	1.04559	2
1	213000001	0.963311	1.04559	2
1	214000001	0.852603	1.04559	2
1	215000001	0.896132	1.04559	2
1	216000001	1.14572	1.04559	2
1	217000001	1.09492	1.04559	2
1	218000001	0.721696	1.04559	2
1	219000001	0.992907	1.04559	2
1	220000001	1.11813	1.04559	2
1	221000001	0.801209	1.04559	2
1	222000001	1.06585	1.04559	2
1	223000001	1.28605	1.04559	2
1	224000001	1.05624	1.04559	2
1	225000001	1.0285	1.04559	2
1	226000001	1.18113	1.04559	2
1	227000001	1.04559	1.04559	2
1	228000001	0.928527	1.04559	2
1	229000001	0.91209	1.04559	2
1	230000001	0.954951	1.04559	2
1	231000001	1.03024	1.04559	2
1	232000001	1.03857	1.04559	2
1	233000001	0.930983	1.04559	2
1	234000001	1.15563	1.04559	2
1	235000001	0.995848	1.04559	2
1	236000001	0.880163	1.04559	2
1	237000001	1.15121	1.04559	2
1	238000001	1.25059	1.04559	2
1	239000001	1.173	1.04559	2
1	240000001	0.774763	1.04559	2
1	241000001	0.866068	1.04559	2
1	242000001	1.18347	1.04559	2
1	243000001	1.23939	1.04559	2
1	244000001	0.875355	1.04559	2
1	245000001	1.21456	1.04559	2
1	246000001	1.11611	1.04559	2
1	247000001	1.12799	1.04559	2
1	248000001	1.37155	1.04559	2
10	1	0.987673	1.00612	2
10	1000001	1.22644	1.00612	2
10	2000001	0.648737	1.00612	2
10	3000001	1.02759	1.00612	2
10	4000001	0.892684	1.00612	2
10	5000001	1.02457	1.00612	2
10	6000001	0.802483	1.00612	2
10	7000001	1.12068	1.00612	2
10	8000001	0.809603	1.00612	2
10	9000001	1.05228	1.00612	2
10	10000001	0.98279	1.00612	2
10	11000001	1.10517	1.00612	2
10	12000001	0.771627	1.00612	2
10	13000001	1.07767	1.00612	2
10	14000001	1.0696	1.00612	2
10	15000001	1.19422	1.00612	2
10	16000001	1.20326	1.00612	2
10	17000001	1.11174	1.00612	2
10	18000001	0.75106	1.00612	2
10	19000001	0.959261	1.00612	2
10	20000001	1.06611	1.00612	2
10	21000001	0.955387	1.00612	2
10	22000001	0.797015	1.00612	2
10	23000001	0.89223	1.00612	2
10	24000001	1.17083	1.14996	2
10	25000001	1.17465	1.14996	2
10	26000001	1.01685	1.14996	2
10	27000001	0.977471	1.14996	2
10	28000001	0.996718	1.14996	2
10	29000001	1.14544	1.14996	2
10	30000001	1.15448	1.14996	2
10	31000001	1.26953	1.14996	2
10	32000001	0.923914	1.14996	2
10	33000001	1.46156	1.14996	2
10	34000001	1.17455	1.14996	2
10	35000001	0.901005	1.14996	2
10	36000001	1.18913	1.14996	2
10	37000001	1.30628	1.14996	2
10	38000001	0.895001	1.14996	2
10	39000001	0.884441	1.14996	2
10	40000001	0.805418	0.531267	1
10	41000001	0.657919	0.531267	1
10	42000001	0.691322	0.531267	1
10	43000001	0.432877	0.531267	1
10	44000001	0.470416	0.531267	1
10	45000001	0.379974	0.531267	1
10	46000001	0.394705	0.531267	1
10	47000001	0.411935	0.531267	1
10	48000001	0.402013	0.531267	1
10	49000001	0.554277	0.531267	1
10	50000001	0.651366	0.531267	1
10	51000001	0.425736	0.531267	1
10	52000001	0.470773	0.531267	1
10	53000001	0.728481	0.531267	1
10	54000001	0.52338	0.531267	1
10	55000001	0.847834	0.531267	1
10	56000001	0.517857	0.531267	1
10	57000001	0.790238	0.531267	1
10	58000001	0.411655	0.531267	1
10	59000001	0.545145	0.531267	1
10	60000001	0.439257	0.531267	1
10	61000001	0.577462	0.531267	1
10	62000001	0.427764	0.531267	1
10	63000001	0.558564	0.531267	1
10	64000001	0.913473	0.531267	1
10	65000001	0.501256	0.531267	1
10	66000001	0.633593	0.531267	1
10	67000001	0.590611	0.531267	1
10	68000001	0.499095	0.531267	1
10	69000001	0.575807	0.531267	1
10	70000001	0.538654	0.531267	1
10	71000001	0.393183	0.531267	1
10	72000001	0.47117	0.531267	1
10	73000001	0.435958	0.531267	1
10	74000001	0.648637	0.531267	1
10	75000001	0.414222	0.531267	1
10	76000001	0.665994	0.531267	1
10	77000001	0.741541	0.531267	1
10	78000001	0.472497	0.531267	1
10	79000001	0.55983	0.531267	1
10	80000001	0.418464	0.531267	1
10	81000001	0.502137	0.531267	1
10	82000001	0.910485	0.531267	1
10	83000001	0.529791	0.531267	1
10	84000001	0.454973	0.531267	1
10	85000001	0.669379	0.531267	1
10	86000001	0.442746	0.531267	1
10	87000001	0.364738	0.531267	1
10	88000001	0.461625	0.531267	1
10	89000001	0.596072	0.531267	1
10	90000001	0.454042	0.531267	1
10	91000001	0.495127	0.531267	1
10	92000001	0.566765	0.531267	1
10	93000001	0.419695	0.531267	1
10	94000001	0.535529	0.531267	1
10	95000001	0.455368	0.531267	1
10	96000001	0.701911	0.531267	1
10	97000001	0.452017	0.531267	1
10	98000001	0.531501	0.531267	1
10	99000001	0.740936	0.531267	1
10	100000001	0.734761	0.531267	1
10	101000001	0.552622	0.531267	1
10	102000001	0.526467	0.531267	1
10	103000001	0.536509	0.531267	1
10	104000001	0.36281	0.531267	1
10	105000001	0.770276	0.531267	1
10	106000001	0.649035	0.531267	1
10	107000001	0.428537	0.531267	1
10	108000001	0.524885	0.531267	1
10	109000001	0.524857	0.531267	1
10	110000001	0.455696	0.531267	1
10	111000001	0.789262	0.531267	1
10	112000001	0.623357	0.531267	1
10	113000001	0.714719	0.531267	1
10	114000001	0.567797	0.531267	1
10	115000001	0.566228	0.531267	1
10	116000001	0.444225	0.531267	1
10	117000001	0.531033	0.531267	1
10	118000001	0.455098	0.531267	1
10	119000001	0.394094	0.531267	1
10	120000001	0.61387	0.531267	1
10	121000001	0.482008	0.531267	1
10	122000001	0.836266	0.531267	1
10	123000001	0.395193	0.531267	1
10	124000001	0.687194	0.531267	1
10	125000001	0.447834	0.531267	1
10	126000001	2.06444	0.531267	1
10	127000001	0.531831	0.531267	1
10	128000001	0.502976	0.531267	1
10	129000001	0.328922	0.531267	1
10	130000001	0.672841	0.531267	1
10	131000001	0.623285	0.531267	1
10	132000001	0.551584	0.531267	1
10	133000001	1.14864	0.531267	1
11	1	0.945374	0.944011	2
11	1000001	0.849173	0.944011	2
11	2000001	0.944011	0.944011	2
11	3000001	0.750744	0.944011	2
11	4000001	1.17883	0.944011	2
11	5000001	0.844081	0.944011	2
11	6000001	1.31555	0.944011	2
11	7000001	1.03344	0.944011	2
11	8000001	1.02099	0.944011	2
11	9000001	0.865961	0.944011	2
11	10000001	0.895917	0.944011	2
11	11000001	1.93592	1.93592	4
11	12000001	0.985577	1.01091	2
11	13000001	1.1126	1.01091	2
11	14000001	0.967694	1.01091	2
11	15000001	0.978236	1.01091	2
11	16000001	0.77228	1.01091	2
11	17000001	1.18849	1.01091	2
11	18000001	1.05002	1.01091	2
11	19000001	1.39964	1.01091	2
11	20000001	0.914659	1.01091	2
11	21000001	1.1816	1.01091	2
11	22000001	1.33345	1.01091	2
11	23000001	0.805127	1.01091	2
11	24000001	1.15367	1.01091	2
11	25000001	1.11726	1.01091	2
11	26000001	1.00732	1.01091	2
11	27000001	0.647006	1.01091	2
11	28000001	0.86758	1.01091	2
11	29000001	1.19617	1.01091	2
11	30000001	1.00244	1.01091	2
11	31000001	1.39623	1.01091	2
11	32000001	0.901046	1.01091	2
11	33000001	1.23118	1.01091	2
11	34000001	1.17456	1.01091	2
11	35000001	0.971211	1.01091	2
11	36000001	0.98402	1.01091	2
11	37000001	0.813946	1.01091	2
11	38000001	1.18549	1.01091	2
11	39000001	0.930321	1.01091	2
11	40000001	0.838272	1.01091	2
11	41000001	1.09479	1.01091	2
11	42000001	1.19245	1.01091	2
11	43000001	1.0928	1.01091	2
11	44000001	0.837007	1.01091	2
11	45000001	1.14704	1.01091	2
11	46000001	0.85333	1.01091	2
11	47000001	1.04624	1.01091	2
11	48000001	0.804335	1.01091	2
11	49000001	0.903698	1.01091	2
11	50000001	1.17459	1.01091	2
11	51000001	1.08696	1.01091	2
11	52000001	0.995889	1.01091	2
11	53000001	1.00136	1.01091	2
11	54000001	1.0011	1.01091	2
11	55000001	1.36991	1.01091	2
11	56000001	1.02748	1.01091	2
11	57000001	0.749294	1.01091	2
11	58000001	1.32074	1.01091	2
11	59000001	1.03371	1.01091	2
11	60000001	0.882359	1.01091	2
11	61000001	0.954357	1.01091	2
11	62000001	0.822156	1.01091	2
11	63000001	0.914455	1.01091	2
11	64000001	0.887648	1.01091	2
11	65000001	0.992637	1.01091	2
11	66000001	1.12142	1.01091	2
11	67000001	1.13829	1.01091	2
11	68000001	1.31215	1.01091	2
11	69000001	1.25212	1.01091	2
11	70000001	1.04036	1.01091	2
11	71000001	1.0145	1.01091	2
11	72000001	0.900815	1.01091	2
11	73000001	1.26199	1.01091	2
11	74000001	0.713915	0.699485	1
11	75000001	0.549753	0.699485	1
11	76000001	0.844037	0.699485	1
11	77000001	0.685054	0.699485	1
11	78000001	0.979377	1.0285	2
11	79000001	1.30196	1.0285	2
11	80000001	1.01338	1.0285	2
11	81000001	1.22205	1.0285	2
11	82000001	0.862142	1.0285	2
11	83000001	0.987561	1.0285	2
11	84000001	1.1268	1.0285	2
11	85000001	1.12108	1.0285	2
11	86000001	1.16382	1.0285	2
11	87000001	1.04997	1.0285	2
11	88000001	0.776008	1.0285	2
11	89000001	0.734239	1.0285	2
11	90000001	1.01212	1.0285	2
11	91000001	1.08155	1.0285	2
11	92000001	0.910725	1.0285	2
11	93000001	1.28817	1.0285	2
11	94000001	1.2466	1.0285	2
11	95000001	0.874396	1.0285	2
11	96000001	1.13515	1.0285	2
11	97000001	0.887765	1.0285	2
11	98000001	1.14194	1.0285	2
11	99000001	0.974737	1.0285	2
11	100000001	1.12455	1.0285	2
11	101000001	0.980651	1.0285	2
11	102000001	1.09759	1.0285	2
11	103000001	1.32567	1.0285	2
11	104000001	1.19286	1.0285	2
11	105000001	1.09047	1.0285	2
11	106000001	1.15397	1.0285	2
11	107000001	1.04882	1.0285	2
11	108000001	0.968788	1.0285	2
11	109000001	0.93854	1.0285	2
11	110000001	1.04765	1.0285	2
11	111000001	1.25919	1.0285	2
11	112000001	1.30519	1.0285	2
11	113000001	1.0285	1.0285	2
11	114000001	0.856032	1.0285	2
11	115000001	0.918767	1.0285	2
11	116000001	0.813787	1.0285	2
11	117000001	1.05392	1.0285	2
11	118000001	0.99624	1.0285	2
11	119000001	1.10769	1.0285	2
11	120000001	0.865028	1.0285	2
11	121000001	0.898266	1.0285	2
11	122000001	0.904154	1.0285	2
11	123000001	0.869705	1.0285	2
11	124000001	1.26743	1.0285	2
11	125000001	0.918998	1.0285	2
11	126000001	0.882778	1.0285	2
11	127000001	1.45414	1.14174	2
11	128000001	1.03058	1.14174	2
11	129000001	1.144	1.14174	2
11	130000001	0.987295	1.14174	2
11	131000001	1.13949	1.14174	2
11	132000001	1.34505	1.14174	2
11	133000001	0.933011	0.933011	2
11	134000001	0.940896	0.933011	2
11	135000001	0.383604	0.933011	2
12	1	0.928896	0.916634	2
12	1000001	0.990232	0.916634	2
12	2000001	0.708553	0.916634	2
12	3000001	1.20984	0.916634	2
12	4000001	0.867466	0.916634	2
12	5000001	0.727598	0.916634	2
12	6000001	0.923404	0.916634	2
12	7000001	1.0208	0.916634	2
12	8000001	0.791041	0.916634	2
12	9000001	0.890428	0.916634	2
12	10000001	0.812286	0.916634	2
12	11000001	0.991402	0.916634	2
12	12000001	0.916634	0.916634	2
12	13000001	0.977085	0.916634	2
12	14000001	0.733452	0.916634	2
12	15000001	1.21861	1.21861	2
12	16000001	1.25259	1.21861	2
12	17000001	1.23425	1.21861	2
12	18000001	1.09873	1.21861	2
12	19000001	0.986507	1.21861	2
12	20000001	0.996913	1.21861	2
12	21000001	1.2441	1.21861	2
12	22000001	1.02988	1.21861	2
12	23000001	1.2063	1.21861	2
12	24000001	1.23208	1.21861	2
12	25000001	1.28732	1.21861	2
12	26000001	1.29096	1.21861	2
12	27000001	1.07791	1.21861	2
12	28000001	1.21116	1.21861	2
12	29000001	1.3323	1.21861	2
12	30000001	1.37462	1.21861	2
12	31000001	1.14125	1.21861	2
12	32000001	0.900387	0.956968	2
12	33000001	1.05041	0.956968	2
12	34000001	1.05879	0.956968	2
12	35000001	0.737188	0.956968	2
12	36000001	0.650546	0.956968	2
12	37000001	0.896474	0.956968	2
12	38000001	0.872849	0.956968	2
12	39000001	1.01355	0.956968	2
12	40000001	1.208	0.956968	2
12	41000001	0.895559	0.956968	2
12	42000001	1.15128	0.956968	2
12	43000001	1.03433	0.956968	2
12	44000001	0.733479	0.956968	2
12	45000001	1.14634	0.956968	2
12	46000001	1.08109	0.956968	2
12	47000001	0.797447	0.956968	2
12	48000001	1.82648	1.82648	4
12	49000001	0.903231	0.944238	2
12	50000001	0.905518	0.944238	2
12	51000001	1.127	0.944238	2
12	52000001	0.911944	0.944238	2
12	53000001	0.63014	0.944238	2
12	54000001	1.0698	0.944238	2
12	55000001	1.02167	0.944238	2
12	56000001	0.877278	0.944238	2
12	57000001	0.936684	0.944238	2
12	58000001	0.831769	0.944238	2
12	59000001	1.28302	0.944238	2
12	60000001	0.989966	0.944238	2
12	61000001	1.04226	0.944238	2
12	62000001	0.917735	0.944238	2
12	63000001	1.05478	0.944238	2
12	64000001	1.24871	0.944238	2
12	65000001	0.951792	0.944238	2
12	66000001	0.838811	0.944238	2
12	67000001	1.22198	1.17347	2
12	68000001	0.975808	1.17347	2
12	69000001	1.11255	1.17347	2
12	70000001	1.10223	1.17347	2
12	71000001	1.06521	1.17347	2
12	72000001	1.13075	1.17347	2
12	73000001	1.30606	1.17347	2
12	74000001	1.175	1.17347	2
12	75000001	0.994983	1.17347	2
12	76000001	1.10584	1.17347	2
12	77000001	1.20131	1.17347	2
12	78000001	1.06343	1.17347	2
12	79000001	1.45047	1.17347	2
12	80000001	1.17193	1.17347	2
12	81000001	1.24253	1.17347	2
12	82000001	1.2127	1.17347	2
12	83000001	0.834154	1.17347	2
12	84000001	1.28242	1.17347	2
12	85000001	1.196	1.17347	2
12	86000001	1.05215	1.17347	2
12	87000001	1.31548	1.17347	2
12	88000001	1.17853	1.17347	2
12	89000001	1.0016	1.03831	2
12	90000001	0.774492	1.03831	2
12	91000001	1.09715	1.03831	2
12	92000001	1.07502	1.03831	2
12	93000001	0.563926	0.563926	1
12	94000001	1.47096	1.27812	3
12	95000001	1.14031	1.27812	3
12	96000001	1.27812	1.27812	3
12	97000001	1.03346	1.01064	2
12	98000001	1.20775	1.01064	2
12	99000001	1.00845	1.01064	2
12	100000001	1.08059	1.01064	2
12	101000001	0.799393	1.01064	2
12	102000001	1.26862	1.01064	2
12	103000001	1.13336	1.01064	2
12	104000001	0.916821	1.01064	2
12	105000001	0.859107	1.01064	2
12	106000001	1.24801	1.01064	2
12	107000001	1.01283	1.01064	2
12	108000001	0.967647	1.01064	2
12	109000001	0.991652	1.01064	2
12	110000001	1.25832	1.01064	2
12	111000001	1.04709	1.01064	2
12	112000001	1.07199	1.01064	2
12	113000001	0.966777	1.01064	2
12	114000001	0.888421	1.01064	2
12	115000001	1.05399	1.01064	2
12	116000001	0.892991	1.01064	2
12	117000001	1.07938	1.01064	2
12	118000001	1.24472	1.01064	2
12	119000001	1.06605	1.01064	2
12	120000001	0.816268	1.01064	2
12	121000001	0.899911	1.01064	2
12	122000001	0.886514	1.01064	2
12	123000001	0.973189	1.01064	2
12	124000001	0.724549	1.01064	2
12	125000001	1.01064	1.01064	2
12	126000001	1.16897	1.01064	2
12	127000001	0.978585	1.01064	2
12	128000001	0.818882	1.01064	2
12	129000001	1.2895	1.01064	2
12	130000001	0.776358	1.01064	2
12	131000001	1.31654	1.01064	2
12	132000001	1.09195	1.01064	2
12	133000001	0.5357	1.01064	2
13	1	-1	-1	2
13	1000001	-1	-1	2
13	2000001	-1	-1	2
13	3000001	-1	-1	2
13	4000001	-1	-1	2
13	5000001	-1	-1	2
13	6000001	-1	-1	2
13	7000001	-1	-1	2
13	8000001	-1	-1	2
13	9000001	-1	-1	2
13	10000001	-1	-1	2
13	11000001	-1	-1	2
13	12000001	-1	-1	2
13	13000001	-1	-1	2
13	14000001	-1	-1	2
13	15000001	-1	-1	2
13	16000001	1.17443	1.07947	2
13	17000001	1.22775	1.07947	2
13	18000001	1.07703	1.07947	2
13	19000001	0.954173	1.07947	2
13	20000001	1.17438	1.07947	2
13	21000001	1.11164	1.07947	2
13	22000001	1.12358	1.07947	2
13	23000001	0.856078	1.07947	2
13	24000001	0.824689	1.07947	2
13	25000001	1.19208	1.07947	2
13	26000001	1.01049	1.07947	2
13	27000001	1.18465	1.07947	2
13	28000001	1.37627	1.07947	2
13	29000001	0.648036	1.07947	2
13	30000001	0.985986	1.07947	2
13	31000001	1.06227	1.07947	2
13	32000001	1.15313	1.07947	2
13	33000001	0.875069	1.07947	2
13	34000001	1.00234	1.07947	2
13	35000001	1.08396	1.07947	2
13	36000001	1.14427	1.07947	2
13	37000001	0.973555	1.07947	2
13	38000001	1.05722	1.07947	2
13	39000001	1.16309	1.07947	2
13	40000001	0.913805	1.07947	2
13	41000001	1.52698	1.07947	2
13	42000001	1.24719	1.07947	2
13	43000001	1.19976	1.07947	2
13	44000001	0.97416	1.07947	2
13	45000001	1.05247	1.07947	2
13	46000001	1.11036	1.07947	2
13	47000001	1.02244	1.07947	2
13	48000001	1.03072	1.07947	2
13	49000001	1.08417	1.07947	2
13	50000001	1.13469	1.07947	2
13	51000001	1.07281	1.07947	2
13	52000001	1.01644	1.07947	2
13	53000001	0.935118	1.07947	2
13	54000001	1.10187	1.07947	2
13	55000001	0.817706	1.07947	2
13	56000001	0.970519	1.07947	2
13	57000001	1.19925	1.07947	2
13	58000001	0.838358	1.07947	2
13	59000001	1.10514	1.07947	2
13	60000001	1.10454	1.07947	2
13	61000001	1.10819	1.07947	2
13	62000001	1.07947	1.07947	2
13	63000001	1.34741	1.17199	2
13	64000001	1.48115	1.17199	2
13	65000001	1.12932	1.17199	2
13	66000001	1.2381	1.17199	2
13	67000001	1.01122	1.17199	2
13	68000001	1.07329	1.17199	2
13	69000001	1.11977	1.17199	2
13	70000001	1.2281	1.17199	2
13	71000001	1.64848	1.17199	2
13	72000001	1.2386	1.17199	2
13	73000001	1.23911	1.17199	2
13	74000001	1.21061	1.17199	2
13	75000001	1.16438	1.17199	2
13	76000001	1.08933	1.17199	2
13	77000001	0.975622	1.17199	2
13	78000001	1.12331	1.17199	2
13	79000001	1.06672	1.17199	2
13	80000001	1.17959	1.17199	2
13	81000001	1.05133	1.17199	2
13	82000001	1.33001	1.17199	2
13	83000001	0.804032	0.804032	2
13	84000001	0.810893	0.804032	2
13	85000001	0.726692	0.804032	2
13	86000001	1.11349	0.995421	2
13	87000001	0.915738	0.995421	2
13	88000001	1.23857	0.995421	2
13	89000001	1.25773	0.995421	2
13	90000001	1.08044	0.995421	2
13	91000001	0.758359	0.995421	2
13	92000001	0.937173	0.995421	2
13	93000001	0.940361	0.995421	2
13	94000001	1.16407	0.995421	2
13	95000001	1.04997	0.995421	2
13	96000001	1.06789	0.995421	2
13	97000001	0.806124	0.995421	2
13	98000001	0.906896	0.995421	2
13	99000001	1.04305	0.995421	2
13	100000001	0.61301	0.995421	2
13	101000001	0.947793	0.995421	2
13	102000001	1.1739	1.15385	2
13	103000001	1.25589	1.15385	2
13	104000001	1.34978	1.15385	2
13	105000001	1.13379	1.15385	2
13	106000001	0.899072	1.15385	2
13	107000001	1.1029	1.15385	2
13	108000001	1.49686	1.15385	2
13	109000001	0.945298	1.15385	2
13	110000001	1.55265	1.60369	3
13	111000001	1.65473	1.60369	3
13	112000001	1.20628	0.971545	2
13	113000001	0.831347	0.971545	2
13	114000001	0.971545	0.971545	2
14	1	-1	-1	3
14	1000001	-1	-1	3
14	2000001	-1	-1	3
14	3000001	-1	-1	3
14	4000001	-1	-1	3
14	5000001	-1	-1	3
14	6000001	-1	-1	3
14	7000001	-1	-1	3
14	8000001	-1	-1	3
14	9000001	-1	-1	3
14	10000001	-1	-1	3
14	11000001	-1	-1	3
14	12000001	-1	-1	3
14	13000001	-1	-1	3
14	14000001	-1	-1	3
14	15000001	-1	-1	3
14	16000001	1.25876	1.26259	3
14	17000001	1.26259	1.26259	3
14	18000001	1.28977	1.26259	3
14	19000001	0.829124	0.987389	2
14	20000001	0.90474	0.987389	2
14	21000001	0.953901	0.987389	2
14	22000001	1.08107	0.987389	2
14	23000001	1.11026	0.987389	2
14	24000001	1.23703	0.987389	2
14	25000001	1.02088	0.987389	2
14	26000001	0.829509	0.987389	2
14	27000001	1.18549	0.987389	2
14	28000001	0.794686	0.987389	2
14	29000001	1.02354	0.987389	2
14	30000001	0.941666	0.987389	2
14	31000001	0.829622	0.987389	2
14	32000001	1.11381	0.987389	2
14	33000001	0.861306	0.987389	2
14	34000001	1.06556	0.987389	2
14	35000001	1.17614	1.23386	2
14	36000001	1.23386	1.23386	2
14	37000001	1.40404	1.23386	2
14	38000001	0.962036	1.07654	2
14	39000001	1.00163	1.07654	2
14	40000001	1.14049	1.07654	2
14	41000001	0.79121	1.07654	2
14	42000001	1.11951	1.07654	2
14	43000001	1.07654	1.07654	2
14	44000001	1.02233	1.07654	2
14	45000001	1.2363	1.07654	2
14	46000001	0.975324	1.07654	2
14	47000001	1.19549	1.07654	2
14	48000001	1.29559	1.07654	2
14	49000001	0.829196	0.988722	2
14	50000001	0.800468	0.988722	2
14	51000001	0.988722	0.988722	2
14	52000001	1.00597	0.988722	2
14	53000001	1.03876	0.988722	2
14	54000001	0.699036	0.988722	2
14	55000001	1.05908	0.988722	2
14	56000001	1.26705	0.988722	2
14	57000001	1.08921	0.988722	2
14	58000001	0.861602	0.988722	2
14	59000001	0.90945	0.988722	2
14	60000001	1.93608	1.93608	4
14	61000001	1.1036	1.02338	2
14	62000001	1.22477	1.02338	2
14	63000001	0.901799	1.02338	2
14	64000001	1.03609	1.02338	2
14	65000001	0.892911	1.02338	2
14	66000001	1.15465	1.02338	2
14	67000001	0.853888	1.02338	2
14	68000001	0.838287	1.02338	2
14	69000001	0.982608	1.02338	2
14	70000001	1.03905	1.02338	2
14	71000001	1.02892	1.02338	2
14	72000001	1.2142	1.02338	2
14	73000001	0.974267	1.02338	2
14	74000001	0.693517	1.02338	2
14	75000001	1.10914	1.02338	2
14	76000001	0.763194	1.02338	2
14	77000001	1.2568	1.02338	2
14	78000001	1.08748	1.02338	2
14	79000001	1.02338	1.02338	2
14	80000001	0.961315	1.02338	2
14	81000001	0.947182	1.02338	2
14	82000001	1.20407	1.02338	2
14	83000001	0.980634	1.02338	2
14	84000001	1.43154	1.15427	2
14	85000001	1.37747	1.15427	2
14	86000001	1.05702	1.15427	2
14	87000001	1.15427	1.15427	2
14	88000001	1.12941	1.15427	2
14	89000001	0.757238	0.994078	2
14	90000001	0.981485	0.994078	2
14	91000001	1.04628	0.994078	2
14	92000001	1.00667	0.994078	2
14	93000001	1.07773	0.994078	2
14	94000001	1.10862	0.994078	2
14	95000001	0.712365	0.994078	2
14	96000001	0.912711	0.994078	2
14	97000001	1.22555	0.994078	2
14	98000001	1.18893	0.994078	2
14	99000001	0.782425	0.994078	2
14	100000001	0.953896	0.994078	2
14	101000001	1.14795	0.994078	2
14	102000001	0.918719	0.994078	2
14	103000001	1.01668	0.994078	2
14	104000001	0.943815	0.994078	2
14	105000001	1.01402	0.994078	2
14	106000001	0.652268	0.994078	2
14	107000001	-1	-1	2
15	1	-1	-1	2
15	1000001	-1	-1	2
15	2000001	-1	-1	2
15	3000001	-1	-1	2
15	4000001	-1	-1	2
15	5000001	-1	-1	2
15	6000001	-1	-1	2
15	7000001	-1	-1	2
15	8000001	-1	-1	2
15	9000001	-1	-1	2
15	10000001	-1	-1	2
15	11000001	-1	-1	2
15	12000001	-1	-1	2
15	13000001	-1	-1	2
15	14000001	-1	-1	2
15	15000001	-1	-1	2
15	16000001	-1	-1	2
15	17000001	1.43513	1.06698	2
15	18000001	1.06698	1.06698	2
15	19000001	1.05273	1.06698	2
15	20000001	1.65403	1.71626	3
15	21000001	1.77849	1.71626	3
15	22000001	1.20326	1.20326	2
15	23000001	1.21832	1.20326	2
15	24000001	1.16322	1.20326	2
15	25000001	0.990704	1.0549	2
15	26000001	0.928626	1.0549	2
15	27000001	1.12592	1.0549	2
15	28000001	0.891051	1.0549	2
15	29000001	0.898955	1.0549	2
15	30000001	1.14202	1.0549	2
15	31000001	1.10443	1.0549	2
15	32000001	1.10355	1.0549	2
15	33000001	0.933249	1.0549	2
15	34000001	1.20349	1.0549	2
15	35000001	1.24812	1.0549	2
15	36000001	1.04042	1.0549	2
15	37000001	1.13018	1.0549	2
15	38000001	0.858591	1.0549	2
15	39000001	0.810685	1.0549	2
15	40000001	1.26597	1.0549	2
15	41000001	0.844092	1.0549	2
15	42000001	1.04603	1.0549	2
15	43000001	1.06863	1.0549	2
15	44000001	1.31075	1.0549	2
15	45000001	1.06378	1.0549	2
15	46000001	0.873858	1.0549	2
15	47000001	1.15331	1.2251	2
15	48000001	1.30664	1.2251	2
15	49000001	1.14221	1.2251	2
15	50000001	1.29688	1.2251	2
15	51000001	0.915238	1.10013	2
15	52000001	1.28502	1.10013	2
15	53000001	0.863469	0.812149	2
15	54000001	0.684457	0.812149	2
15	55000001	0.911743	0.812149	2
15	56000001	0.760828	0.812149	2
15	57000001	1.16182	1.05258	2
15	58000001	1.13218	1.05258	2
15	59000001	1.04776	1.05258	2
15	60000001	0.983518	1.05258	2
15	61000001	1.21119	1.05258	2
15	62000001	1.05258	1.05258	2
15	63000001	1.01581	1.05258	2
15	64000001	0.941502	0.904321	2
15	65000001	0.862495	0.904321	2
15	66000001	0.962519	0.904321	2
15	67000001	0.741759	0.904321	2
15	68000001	1.15423	0.904321	2
15	69000001	0.879659	0.904321	2
15	70000001	0.904321	0.904321	2
15	71000001	1.25063	1.04621	2
15	72000001	0.944287	1.04621	2
15	73000001	1.00579	1.04621	2
15	74000001	1.04475	1.04621	2
15	75000001	1.02147	1.04621	2
15	76000001	1.13688	1.04621	2
15	77000001	0.94413	1.04621	2
15	78000001	1.16469	1.04621	2
15	79000001	1.12029	1.04621	2
15	80000001	0.975208	1.04621	2
15	81000001	1.11325	1.04621	2
15	82000001	1.10029	1.04621	2
15	83000001	1.04621	1.04621	2
15	84000001	0.951322	1.04621	2
15	85000001	0.980132	1.04621	2
15	86000001	1.12356	1.04621	2
15	87000001	1.28349	1.04621	2
15	88000001	1.02726	1.04621	2
15	89000001	1.37379	1.04621	2
15	90000001	0.828893	1.04621	2
15	91000001	1.02423	1.04621	2
15	92000001	0.874398	1.04621	2
15	93000001	1.15577	1.04621	2
15	94000001	1.08857	1.04621	2
15	95000001	1.19791	1.04621	2
15	96000001	0.800609	0.949244	2
15	97000001	1.00233	0.949244	2
15	98000001	0.988573	0.949244	2
15	99000001	0.82743	0.949244	2
15	100000001	1.08301	0.949244	2
15	101000001	0.909916	0.949244	2
16	1	1.00136	1.01199	2
16	1000001	0.968453	1.01199	2
16	2000001	0.752373	1.01199	2
16	3000001	1.01199	1.01199	2
16	4000001	0.870772	1.01199	2
16	5000001	1.10169	1.01199	2
16	6000001	1.12816	1.01199	2
16	7000001	1.13419	1.01199	2
16	8000001	1.11261	1.01199	2
16	9000001	1.01063	1.01199	2
16	10000001	1.10192	1.01199	2
16	11000001	0.758533	1.01199	2
16	12000001	0.876174	1.01199	2
16	13000001	1.12663	1.01199	2
16	14000001	1.17694	1.01199	2
16	15000001	1.02106	1.01199	2
16	16000001	0.968261	1.01199	2
16	17000001	0.884164	1.01199	2
16	18000001	1.07058	1.01199	2
16	19000001	1.00105	1.01199	2
16	20000001	1.27062	1.01199	2
16	21000001	0.981593	1.01199	2
16	22000001	0.947715	1.01199	2
16	23000001	1.00408	1.01199	2
16	24000001	1.02049	1.01199	2
16	25000001	1.04484	1.01199	2
16	26000001	0.929997	1.01199	2
16	27000001	1.04296	1.01199	2
16	28000001	1.04444	1.01199	2
16	29000001	1.03503	1.01199	2
16	30000001	0.951609	1.01199	2
16	31000001	0.762279	1.01199	2
16	32000001	1.09961	1.01199	2
16	33000001	1.53258	1.53258	3
16	34000001	2.31734	2.31734	5
16	35000001	0.771037	0.753562	2
16	36000001	0.90912	0.753562	2
16	37000001	0.736088	0.753562	2
16	38000001	0.580437	0.753562	2
16	39000001	-1	-1	2
16	40000001	-1	-1	2
16	41000001	-1	-1	2
16	42000001	-1	-1	2
16	43000001	-1	-1	2
16	44000001	-1	-1	2
16	45000001	-1	-1	2
16	46000001	4.77908	4.77908	10
16	47000001	0.789255	0.987312	2
16	48000001	1.23759	0.987312	2
16	49000001	0.929718	0.987312	2
16	50000001	0.939503	0.987312	2
16	51000001	0.898249	0.987312	2
16	52000001	0.869918	0.987312	2
16	53000001	1.12005	0.987312	2
16	54000001	1.33377	0.987312	2
16	55000001	1.20278	0.987312	2
16	56000001	0.987312	0.987312	2
16	57000001	1.01124	0.987312	2
16	58000001	0.844971	0.987312	2
16	59000001	0.929487	0.987312	2
16	60000001	1.18751	0.987312	2
16	61000001	0.889998	0.987312	2
16	62000001	0.805728	0.987312	2
16	63000001	1.29745	0.987312	2
16	64000001	1.02101	0.987312	2
16	65000001	1.17743	0.987312	2
16	66000001	0.951507	0.987312	2
16	67000001	1.05749	0.987312	2
16	68000001	1.14788	0.987312	2
16	69000001	0.83031	0.987312	2
16	70000001	0.958443	0.987312	2
16	71000001	1.04045	0.987312	2
16	72000001	1.414	1.23146	2
16	73000001	1.04891	1.23146	2
16	74000001	1.99425	1.99425	4
16	75000001	1.24891	0.997036	2
16	76000001	0.954391	0.997036	2
16	77000001	1.23559	0.997036	2
16	78000001	0.736166	0.997036	2
16	79000001	1.28464	0.997036	2
16	80000001	0.708207	0.997036	2
16	81000001	0.87124	0.997036	2
16	82000001	0.848192	0.997036	2
16	83000001	1.12867	0.997036	2
16	84000001	1.06359	0.997036	2
16	85000001	1.00545	0.997036	2
16	86000001	0.914843	0.997036	2
16	87000001	0.988618	0.997036	2
16	88000001	1.32096	0.997036	2
16	89000001	0.786992	0.997036	2
16	90000001	1.40199	0.997036	2
17	1	1.04828	1.02119	2
17	1000001	1.09706	1.02119	2
17	2000001	0.95602	1.02119	2
17	3000001	1.07816	1.02119	2
17	4000001	0.958971	1.02119	2
17	5000001	1.14345	1.02119	2
17	6000001	1.02119	1.02119	2
17	7000001	0.895299	1.02119	2
17	8000001	0.837181	1.02119	2
17	9000001	1.12815	1.02119	2
17	10000001	0.960337	1.02119	2
17	11000001	0.928154	1.02119	2
17	12000001	0.881932	1.02119	2
17	13000001	0.599321	1.02119	2
17	14000001	1.1618	1.02119	2
17	15000001	1.0741	1.02119	2
17	16000001	1.31491	1.02119	2
17	17000001	0.778156	0.789369	2
17	18000001	0.746632	0.789369	2
17	19000001	0.963401	0.789369	2
17	20000001	0.87707	0.789369	2
17	21000001	0.800583	0.789369	2
17	22000001	0.975747	0.789369	2
17	23000001	0.720135	0.789369	2
17	24000001	0.64904	0.789369	2
17	25000001	0.967395	0.967395	2
17	26000001	1.71241	1.4603	3
17	27000001	1.20819	1.4603	3
17	28000001	0.837459	0.937624	2
17	29000001	1.22168	0.937624	2
17	30000001	0.861281	0.937624	2
17	31000001	0.903823	0.937624	2
17	32000001	0.941572	0.937624	2
17	33000001	0.864881	0.937624	2
17	34000001	1.1909	0.937624	2
17	35000001	1.05563	0.937624	2
17	36000001	0.867604	0.937624	2
17	37000001	0.933677	0.937624	2
17	38000001	0.914003	0.937624	2
17	39000001	1.0482	0.937624	2
17	40000001	0.740178	0.937624	2
17	41000001	0.902404	0.937624	2
17	42000001	1.08556	0.937624	2
17	43000001	0.76596	0.937624	2
17	44000001	0.942382	0.937624	2
17	45000001	0.83472	0.937624	2
17	46000001	1.00326	0.937624	2
17	47000001	1.03766	0.937624	2
17	48000001	1.00615	0.937624	2
17	49000001	1.17447	0.937624	2
17	50000001	0.879395	0.937624	2
17	51000001	0.696833	0.937624	2
17	52000001	1.00483	0.937624	2
17	53000001	1.13116	0.937624	2
17	54000001	1.21186	0.937624	2
17	55000001	0.757549	0.937624	2
17	56000001	0.742573	0.937624	2
17	57000001	0.996636	0.937624	2
17	58000001	1.04904	1.02463	2
17	59000001	1.04534	1.02463	2
17	60000001	1.01172	1.02463	2
17	61000001	1.1671	1.02463	2
17	62000001	1.48659	1.02463	2
17	63000001	0.964027	1.02463	2
17	64000001	0.854975	1.02463	2
17	65000001	0.970094	1.02463	2
17	66000001	0.774984	1.02463	2
17	67000001	1.03124	1.02463	2
17	68000001	1.008	1.02463	2
17	69000001	1.49808	1.02463	2
17	70000001	1.10497	1.02463	2
17	71000001	1.04735	1.02463	2
17	72000001	1.02463	1.02463	2
17	73000001	1.08414	1.02463	2
17	74000001	0.791786	1.02463	2
17	75000001	0.853762	1.02463	2
17	76000001	1.15365	1.02463	2
17	77000001	1.6296	1.02463	2
17	78000001	0.902215	1.02463	2
17	79000001	0.885166	1.02463	2
17	80000001	0.99385	1.02463	2
17	81000001	2.88069	2.88069	6
17	82000001	0.907096	0.877541	2
17	83000001	0.847985	0.877541	2
18	1	1.87714	1.0692	2
18	1000001	1.01067	1.0692	2
18	2000001	1.0692	1.0692	2
18	3000001	0.934961	1.0692	2
18	4000001	1.37742	1.0692	2
18	5000001	0.933961	0.943085	2
18	6000001	1.00911	0.943085	2
18	7000001	0.95221	0.943085	2
18	8000001	0.705889	0.943085	2
18	9000001	0.953801	0.943085	2
18	10000001	0.824244	0.943085	2
18	11000001	1.25317	1.08304	2
18	12000001	1.04117	1.08304	2
18	13000001	1.06069	1.08304	2
18	14000001	0.889222	1.08304	2
18	15000001	0.996516	1.08304	2
18	16000001	1.19069	1.08304	2
18	17000001	1.10539	1.08304	2
18	18000001	1.18424	1.08304	2
18	19000001	0.860917	1.08304	2
18	20000001	1.10977	1.08304	2
18	21000001	1.20041	1.08304	2
18	22000001	0.985444	1.08304	2
18	23000001	0.810492	0.808461	2
18	24000001	0.808461	0.808461	2
18	25000001	0.801311	0.808461	2
18	26000001	0.679464	0.808461	2
18	27000001	0.859974	0.808461	2
18	28000001	1.26362	0.919312	2
18	29000001	1.06543	0.919312	2
18	30000001	0.919312	0.919312	2
18	31000001	0.899282	0.919312	2
18	32000001	0.787726	0.919312	2
18	33000001	0.942765	0.919312	2
18	34000001	0.890051	0.919312	2
18	35000001	0.855733	0.919312	2
18	36000001	1.00949	0.919312	2
18	37000001	1.08631	0.919312	2
18	38000001	1.16567	0.919312	2
18	39000001	0.72947	0.919312	2
18	40000001	0.915689	0.919312	2
18	41000001	1.13921	1.01294	2
18	42000001	1.00221	1.01294	2
18	43000001	0.976893	1.01294	2
18	44000001	1.13249	1.01294	2
18	45000001	1.0081	1.01294	2
18	46000001	1.03211	1.01294	2
18	47000001	1.15553	1.01294	2
18	48000001	0.951161	1.01294	2
18	49000001	0.889489	1.01294	2
18	50000001	1.01294	1.01294	2
18	51000001	1.04066	1.01294	2
18	52000001	1.09388	1.12415	2
18	53000001	1.31676	1.12415	2
18	54000001	1.15442	1.12415	2
18	55000001	1.2406	1.12415	2
18	56000001	1.07568	1.12415	2
18	57000001	0.989314	1.12415	2
18	58000001	1.18127	1.12415	2
18	59000001	0.975745	1.12415	2
18	60000001	1.19856	1.4814	3
18	61000001	1.76424	1.4814	3
18	62000001	0.935908	1.11634	2
18	63000001	0.893225	1.11634	2
18	64000001	1.09073	1.11634	2
18	65000001	1.23547	1.11634	2
18	66000001	1.14196	1.11634	2
18	67000001	1.28204	1.11634	2
18	68000001	0.862175	0.876075	2
18	69000001	0.84753	0.876075	2
18	70000001	0.947142	0.876075	2
18	71000001	1.16203	0.876075	2
18	72000001	0.880953	0.876075	2
18	73000001	1.03327	0.876075	2
18	74000001	0.84749	0.876075	2
18	75000001	0.855187	0.876075	2
18	76000001	0.876075	0.876075	2
18	77000001	1.67334	1.23418	2
18	78000001	0.895615	1.23418	2
18	79000001	1.01434	1.23418	2
18	80000001	1.45402	1.23418	2
19	1	0.809033	0.857482	2
19	1000001	0.905931	0.857482	2
19	2000001	1.0489	1.06295	2
19	3000001	0.99744	1.06295	2
19	4000001	1.07699	1.06295	2
19	5000001	1.0016	1.06295	2
19	6000001	1.18193	1.06295	2
19	7000001	1.1484	1.06295	2
19	8000001	0.835754	0.86479	2
19	9000001	0.756618	0.86479	2
19	10000001	0.899379	0.86479	2
19	11000001	0.861158	0.86479	2
19	12000001	0.9921	0.86479	2
19	13000001	0.868423	0.86479	2
19	14000001	1.15438	0.994929	2
19	15000001	0.922109	0.994929	2
19	16000001	0.994929	0.994929	2
19	17000001	0.974864	0.994929	2
19	18000001	1.10716	0.994929	2
19	19000001	1.23449	0.994929	2
19	20000001	0.865904	0.994929	2
19	21000001	1.02905	0.994929	2
19	22000001	0.767577	0.994929	2
19	23000001	0.882445	0.994929	2
19	24000001	1.14772	0.994929	2
19	25000001	1.10286	0.994929	2
19	26000001	0.981286	0.994929	2
19	27000001	0.935986	0.994929	2
19	28000001	1.1752	0.994929	2
19	29000001	0.823749	0.871581	2
19	30000001	0.833131	0.871581	2
19	31000001	1.03132	0.871581	2
19	32000001	0.701847	0.871581	2
19	33000001	0.985994	0.871581	2
19	34000001	0.910031	0.871581	2
19	35000001	1.01625	1.03472	2
19	36000001	1.31505	1.03472	2
19	37000001	0.857232	1.03472	2
19	38000001	1.0532	1.03472	2
19	39000001	1.16263	1.03472	2
19	40000001	0.866807	1.03472	2
19	41000001	1.01418	1.03472	2
19	42000001	1.19501	1.03472	2
19	43000001	0.771462	0.773271	2
19	44000001	0.747846	0.773271	2
19	45000001	0.88148	0.773271	2
19	46000001	0.775079	0.773271	2
19	47000001	0.953866	0.940619	2
19	48000001	0.940619	0.940619	2
19	49000001	0.958699	0.940619	2
19	50000001	0.897437	0.940619	2
19	51000001	0.881229	0.940619	2
19	52000001	1.10769	1.02688	2
19	53000001	1.21468	1.02688	2
19	54000001	0.946069	1.02688	2
19	55000001	0.750786	1.02688	2
19	56000001	1.12096	1.15145	2
19	57000001	1.18377	1.15145	2
19	58000001	1.15145	1.15145	2
2	1	0.941666	1.02091	2
2	1000001	1.05427	1.02091	2
2	2000001	1.07225	1.02091	2
2	3000001	1.14913	1.02091	2
2	4000001	0.821983	1.02091	2
2	5000001	1.10148	1.02091	2
2	6000001	1.07373	1.02091	2
2	7000001	1.31953	1.02091	2
2	8000001	1.16848	1.02091	2
2	9000001	1.03111	1.02091	2
2	10000001	1.00072	1.02091	2
2	11000001	1.02397	1.02091	2
2	12000001	1.21716	1.02091	2
2	13000001	0.989338	1.02091	2
2	14000001	0.972251	1.02091	2
2	15000001	0.979824	1.02091	2
2	16000001	0.914714	1.02091	2
2	17000001	1.32336	1.02091	2
2	18000001	0.947067	1.02091	2
2	19000001	1.13245	1.02091	2
2	20000001	0.89701	1.02091	2
2	21000001	0.966624	1.02091	2
2	22000001	0.634249	1.02091	2
2	23000001	0.85654	1.02091	2
2	24000001	1.11455	1.02091	2
2	25000001	0.844969	1.02091	2
2	26000001	0.920347	1.02091	2
2	27000001	0.912696	1.02091	2
2	28000001	0.968831	1.02091	2
2	29000001	0.982399	1.02091	2
2	30000001	1.13691	1.02091	2
2	31000001	1.03619	1.02091	2
2	32000001	1.0617	1.02091	2
2	33000001	1.2137	1.02091	2
2	34000001	0.981959	1.02091	2
2	35000001	0.966727	1.02091	2
2	36000001	0.809333	1.02091	2
2	37000001	0.809878	1.02091	2
2	38000001	1.17698	1.02091	2
2	39000001	1.02091	1.02091	2
2	40000001	0.756779	1.02091	2
2	41000001	1.307	1.02091	2
2	42000001	1.06803	1.02091	2
2	43000001	0.952432	1.02091	2
2	44000001	1.0496	1.02091	2
2	45000001	1.0449	1.02091	2
2	46000001	0.753742	1.02091	2
2	47000001	1.16832	1.02091	2
2	48000001	1.22337	1.02091	2
2	49000001	1.12625	1.02091	2
2	50000001	1.00492	1.02091	2
2	51000001	0.94634	1.02091	2
2	52000001	1.34344	1.02091	2
2	53000001	1.04451	1.02091	2
2	54000001	1.0639	1.02091	2
2	55000001	0.978084	1.02091	2
2	56000001	0.934456	1.02091	2
2	57000001	1.58703	1.02091	2
2	58000001	1.13144	1.02091	2
2	59000001	0.822818	1.02091	2
2	60000001	1.13353	1.02091	2
2	61000001	0.938485	1.02091	2
2	62000001	1.04148	1.02091	2
2	63000001	1.24987	1.02091	2
2	64000001	0.929077	1.02091	2
2	65000001	1.01348	1.02091	2
2	66000001	1.16939	1.02091	2
2	67000001	0.73284	1.02091	2
2	68000001	1.24977	1.02091	2
2	69000001	1.32701	1.02091	2
2	70000001	0.719647	1.02091	2
2	71000001	0.959189	1.02091	2
2	72000001	0.93476	1.02091	2
2	73000001	1.04418	1.02091	2
2	74000001	0.980831	1.02091	2
2	75000001	1.0163	1.02091	2
2	76000001	1.0622	1.02091	2
2	77000001	1.29176	1.02091	2
2	78000001	0.978876	1.02091	2
2	79000001	1.54675	1.02091	2
2	80000001	0.990619	1.02091	2
2	81000001	1.20296	1.02091	2
2	82000001	0.920866	1.02091	2
2	83000001	1.92388	1.92388	4
2	84000001	0.919542	1.13153	2
2	85000001	1.07056	1.13153	2
2	86000001	1.10928	1.13153	2
2	87000001	1.18372	1.13153	2
2	88000001	1.26186	1.13153	2
2	89000001	1.15378	1.13153	2
2	90000001	1.52753	1.13153	2
2	91000001	1.0787	1.13153	2
2	92000001	0.924038	0.873634	2
2	93000001	0.873634	0.873634	2
2	94000001	0.940262	0.873634	2
2	95000001	0.764297	0.873634	2
2	96000001	0.96426	0.873634	2
2	97000001	0.780709	0.873634	2
2	98000001	0.852204	0.873634	2
2	99000001	1.7396	1.7396	3
2	100000001	0.799718	0.936497	2
2	101000001	1.04897	0.936497	2
2	102000001	0.936497	0.936497	2
2	103000001	1.57912	1.48514	3
2	104000001	1.39116	1.48514	3
2	105000001	0.75246	0.827343	2
2	106000001	0.966773	0.827343	2
2	107000001	0.712986	0.827343	2
2	108000001	0.887884	0.827343	2
2	109000001	0.897771	0.827343	2
2	110000001	0.781166	0.827343	2
2	111000001	0.827343	0.827343	2
2	112000001	1.22272	1.0568	2
2	113000001	1.24234	1.0568	2
2	114000001	0.872447	1.0568	2
2	115000001	1.27379	1.0568	2
2	116000001	0.853792	1.0568	2
2	117000001	1.10416	1.0568	2
2	118000001	0.914216	1.0568	2
2	119000001	1.22441	1.0568	2
2	120000001	1.12216	1.0568	2
2	121000001	0.80555	1.0568	2
2	122000001	0.985647	1.0568	2
2	123000001	1.00945	1.0568	2
2	124000001	1.70797	1.70797	3
2	125000001	0.959078	0.905831	2
2	126000001	0.923209	0.905831	2
2	127000001	0.918208	0.905831	2
2	128000001	0.653376	0.905831	2
2	129000001	0.976889	0.905831	2
2	130000001	0.719769	0.905831	2
2	131000001	0.905831	0.905831	2
2	132000001	0.783975	0.905831	2
2	133000001	0.714724	0.905831	2
2	134000001	1.1011	1.05031	2
2	135000001	0.991904	1.05031	2
2	136000001	0.877793	1.05031	2
2	137000001	1.29316	1.05031	2
2	138000001	1.11686	1.05031	2
2	139000001	0.914652	1.05031	2
2	140000001	1.10609	1.05031	2
2	141000001	0.903528	1.05031	2
2	142000001	1.13325	1.05031	2
2	143000001	0.846435	1.05031	2
2	144000001	1.06262	1.05031	2
2	145000001	0.990806	1.05031	2
2	146000001	1.20115	1.05031	2
2	147000001	1.15475	1.05031	2
2	148000001	0.913049	1.05031	2
2	149000001	1.01917	1.05031	2
2	150000001	1.35167	1.05031	2
2	151000001	0.663131	1.05031	2
2	152000001	1.12746	1.05031	2
2	153000001	1.18086	1.05031	2
2	154000001	1.29237	1.05031	2
2	155000001	0.999003	1.05031	2
2	156000001	1.22221	1.05031	2
2	157000001	0.733426	1.05031	2
2	158000001	0.965926	1.05031	2
2	159000001	0.842817	1.05031	2
2	160000001	0.905901	1.05031	2
2	161000001	1.05402	1.05031	2
2	162000001	1.05031	1.05031	2
2	163000001	1.50389	1.16398	2
2	164000001	0.962835	1.16398	2
2	165000001	1.45024	1.16398	2
2	166000001	1.20104	1.16398	2
2	167000001	1.12692	1.16398	2
2	168000001	0.972043	1.16398	2
2	169000001	1.79826	1.79826	4
2	170000001	0.921635	0.99107	2
2	171000001	0.764029	0.99107	2
2	172000001	0.938546	0.99107	2
2	173000001	1.12184	0.99107	2
2	174000001	0.980613	0.99107	2
2	175000001	1.18305	0.99107	2
2	176000001	0.712492	0.99107	2
2	177000001	1.05772	0.99107	2
2	178000001	1.13376	0.99107	2
2	179000001	0.950656	0.99107	2
2	180000001	1.39612	0.99107	2
2	181000001	1.05718	0.99107	2
2	182000001	1.07259	0.99107	2
2	183000001	1.12096	0.99107	2
2	184000001	1.17987	0.99107	2
2	185000001	1.04108	0.99107	2
2	186000001	0.944208	0.99107	2
2	187000001	1.02485	0.99107	2
2	188000001	1.00153	0.99107	2
2	189000001	0.838723	0.99107	2
2	190000001	0.886341	0.99107	2
2	191000001	0.897828	0.99107	2
2	192000001	0.941666	0.99107	2
2	193000001	0.976389	0.99107	2
2	194000001	2.09152	2.09152	4
2	195000001	1.07605	1.043	2
2	196000001	0.906314	1.043	2
2	197000001	1.07798	1.043	2
2	198000001	0.962014	1.043	2
2	199000001	1.05155	1.043	2
2	200000001	0.93355	1.043	2
2	201000001	0.805592	1.043	2
2	202000001	1.0881	1.043	2
2	203000001	1.18452	1.043	2
2	204000001	1	1.043	2
2	205000001	0.856444	1.043	2
2	206000001	1.09354	1.043	2
2	207000001	1.10646	1.043	2
2	208000001	1.12538	1.043	2
2	209000001	1.14378	1.043	2
2	210000001	0.902094	1.043	2
2	211000001	1.04931	1.043	2
2	212000001	1.03051	1.043	2
2	213000001	1.11721	1.043	2
2	214000001	1.10488	1.043	2
2	215000001	0.87955	1.043	2
2	216000001	1.0346	1.043	2
2	217000001	0.891377	1.043	2
2	218000001	1.06293	1.043	2
2	219000001	1.01195	1.043	2
2	220000001	1.15415	1.043	2
2	221000001	0.844782	1.043	2
2	222000001	0.804978	1.043	2
2	223000001	1.09155	1.043	2
2	224000001	1.01344	1.043	2
2	225000001	1.48691	1.043	2
2	226000001	1.13993	1.043	2
2	227000001	0.884956	1.043	2
2	228000001	0.881014	1.043	2
2	229000001	1.11881	1.043	2
2	230000001	0.664756	1.043	2
2	231000001	1.09334	1.043	2
2	232000001	0.987909	1.043	2
2	233000001	1.02823	1.043	2
2	234000001	1.14698	1.043	2
2	235000001	1.30696	1.043	2
2	236000001	0.804484	1.043	2
2	237000001	1.043	1.043	2
2	238000001	1.7972	1.7972	4
2	239000001	0.906786	0.996083	2
2	240000001	1.32417	0.996083	2
2	241000001	1.08538	0.996083	2
2	242000001	0.895399	0.996083	2
20	1	3.17874	3.17874	6
20	1000001	1.0274	0.969301	2
20	2000001	0.799093	0.969301	2
20	3000001	1.13059	0.969301	2
20	4000001	1.03625	0.969301	2
20	5000001	1.15873	0.969301	2
20	6000001	0.993737	0.969301	2
20	7000001	1.13734	0.969301	2
20	8000001	1.0521	0.969301	2
20	9000001	1.13614	0.969301	2
20	10000001	1.15975	0.969301	2
20	11000001	0.857055	0.969301	2
20	12000001	0.993885	0.969301	2
20	13000001	1.05013	0.969301	2
20	14000001	1.27508	0.969301	2
20	15000001	1.04975	0.969301	2
20	16000001	1.05377	0.969301	2
20	17000001	0.89903	0.969301	2
20	18000001	1.44425	0.969301	2
20	19000001	0.941953	0.969301	2
20	20000001	1.40974	0.969301	2
20	21000001	0.892946	0.969301	2
20	22000001	0.913075	0.969301	2
20	23000001	0.936052	0.969301	2
20	24000001	0.935784	0.969301	2
20	25000001	0.814613	0.969301	2
20	26000001	0.661233	0.969301	2
20	27000001	0.408278	0.969301	2
20	28000001	0.631979	0.969301	2
20	29000001	1.12996	0.969301	2
20	30000001	0.914165	0.969301	2
20	31000001	0.865193	0.969301	2
20	32000001	1.05068	0.969301	2
20	33000001	1.01189	0.969301	2
20	34000001	0.883651	0.969301	2
20	35000001	0.8329	0.969301	2
20	36000001	0.874822	0.969301	2
20	37000001	0.987942	0.969301	2
20	38000001	1.20979	0.969301	2
20	39000001	1.09903	0.969301	2
20	40000001	1.19803	0.969301	2
20	41000001	1.0642	0.969301	2
20	42000001	0.939399	0.969301	2
20	43000001	0.940237	0.969301	2
20	44000001	1.00135	0.969301	2
20	45000001	0.952574	0.969301	2
20	46000001	1.05098	0.969301	2
20	47000001	0.919553	0.969301	2
20	48000001	0.970765	0.969301	2
20	49000001	0.834751	0.969301	2
20	50000001	0.965762	0.969301	2
20	51000001	0.795638	0.969301	2
20	52000001	1.06295	0.969301	2
20	53000001	1.14052	0.969301	2
20	54000001	1.23614	0.969301	2
20	55000001	0.862209	0.969301	2
20	56000001	0.967213	0.969301	2
20	57000001	0.85882	0.969301	2
20	58000001	0.910916	0.969301	2
20	59000001	0.796102	0.969301	2
20	60000001	1.04109	0.969301	2
20	61000001	0.852981	0.969301	2
20	62000001	0.967838	0.969301	2
20	63000001	1.54877	1.36809	3
20	64000001	1.1874	1.36809	3
21	1	-1	-1	3
21	1000001	-1	-1	3
21	2000001	-1	-1	3
21	3000001	-1	-1	3
21	4000001	-1	-1	3
21	5000001	1.53199	1.53199	3
21	6000001	1.01717	1.01717	2
21	7000001	1.87373	1.9376	4
21	8000001	2.00147	1.9376	4
21	9000001	1.26187	1.26187	3
21	10000001	1.78099	1.78099	4
21	11000001	1.0956	1.0956	2
21	12000001	1.07597	1.0956	2
21	13000001	1.13709	1.0956	2
21	14000001	0.749823	0.997124	2
21	15000001	0.990042	0.997124	2
21	16000001	0.940832	0.997124	2
21	17000001	0.997124	0.997124	2
21	18000001	1.20085	0.997124	2
21	19000001	1.16541	0.997124	2
21	20000001	1.09568	0.997124	2
21	21000001	0.955264	0.997124	2
21	22000001	1.30555	0.997124	2
21	23000001	1.03558	0.997124	2
21	24000001	0.937851	0.997124	2
21	25000001	1.11	0.997124	2
21	26000001	1.16362	0.997124	2
21	27000001	0.896695	0.997124	2
21	28000001	0.948513	0.997124	2
21	29000001	0.96644	0.997124	2
21	30000001	0.856575	0.997124	2
21	31000001	1.29927	0.997124	2
21	32000001	1.07507	0.997124	2
21	33000001	0.93912	0.997124	2
21	34000001	1.36818	0.997124	2
21	35000001	1.01067	0.997124	2
21	36000001	1.09826	0.997124	2
21	37000001	0.937807	0.997124	2
21	38000001	1.48223	0.997124	2
21	39000001	0.801317	0.997124	2
21	40000001	1.18322	0.997124	2
21	41000001	1.20435	0.997124	2
21	42000001	0.960923	0.997124	2
21	43000001	1.26503	0.997124	2
21	44000001	0.782438	0.997124	2
21	45000001	0.947433	0.997124	2
21	46000001	0.693193	0.997124	2
22	1	-1	-1	2
22	1000001	-1	-1	2
22	2000001	-1	-1	2
22	3000001	-1	-1	2
22	4000001	-1	-1	2
22	5000001	-1	-1	2
22	6000001	-1	-1	2
22	7000001	-1	-1	2
22	8000001	-1	-1	2
22	9000001	-1	-1	2
22	10000001	1.07742	1.1678	2
22	11000001	1.30544	1.1678	2
22	12000001	1.32667	1.1678	2
22	13000001	1.095	1.1678	2
22	14000001	1.04671	1.1678	2
22	15000001	1.1678	1.1678	2
22	16000001	1.60538	1.1678	2
22	17000001	1.14696	1.08216	2
22	18000001	1.13206	1.08216	2
22	19000001	0.926762	1.08216	2
22	20000001	0.859579	1.08216	2
22	21000001	0.928002	1.08216	2
22	22000001	1.00854	1.08216	2
22	23000001	1.08456	1.08216	2
22	24000001	1.12412	1.08216	2
22	25000001	1.29999	1.08216	2
22	26000001	1.07977	1.08216	2
22	27000001	1.2099	1.08216	2
22	28000001	1.06013	1.08216	2
22	29000001	0.949734	1.0084	2
22	30000001	1.03285	1.0084	2
22	31000001	1.0769	1.0084	2
22	32000001	0.790265	1.0084	2
22	33000001	1.01619	1.0084	2
22	34000001	0.858375	1.0084	2
22	35000001	1.14608	1.0084	2
22	36000001	0.940693	1.0084	2
22	37000001	0.868516	1.0084	2
22	38000001	1.0862	1.0084	2
22	39000001	1.01782	1.0084	2
22	40000001	1.15552	1.0084	2
22	41000001	1.15205	1.0084	2
22	42000001	0.725978	1.0084	2
22	43000001	0.839195	1.0084	2
22	44000001	1.07436	1.0084	2
22	45000001	0.811008	1.0084	2
22	46000001	0.870316	1.0084	2
22	47000001	1.16304	1.0084	2
22	48000001	0.93328	1.0084	2
22	49000001	1.13566	1.0084	2
22	50000001	1.00061	1.0084	2
3	1	1.05164	1.07066	2
3	1000001	0.980794	1.07066	2
3	2000001	1.06416	1.07066	2
3	3000001	1.07798	1.07066	2
3	4000001	1.07715	1.07066	2
3	5000001	1.20889	1.07066	2
3	6000001	1.77394	1.77394	4
3	7000001	1.04709	1.03606	2
3	8000001	1.12269	1.03606	2
3	9000001	1.06991	1.03606	2
3	10000001	0.837781	1.03606	2
3	11000001	1.33884	1.03606	2
3	12000001	0.803403	1.03606	2
3	13000001	0.973719	1.03606	2
3	14000001	1.0557	1.03606	2
3	15000001	0.860176	1.03606	2
3	16000001	1.09936	1.03606	2
3	17000001	1.40569	1.03606	2
3	18000001	0.856943	1.03606	2
3	19000001	1.09543	1.03606	2
3	20000001	0.791646	1.03606	2
3	21000001	0.954112	1.03606	2
3	22000001	1.1573	1.03606	2
3	23000001	1.17166	1.03606	2
3	24000001	0.824016	1.03606	2
3	25000001	1.05819	1.03606	2
3	26000001	1.36695	1.03606	2
3	27000001	1.02504	1.03606	2
3	28000001	0.757325	1.03606	2
3	29000001	0.92755	1.03606	2
3	30000001	0.903585	1.03606	2
3	31000001	1.22599	1.12882	2
3	32000001	1.13083	1.12882	2
3	33000001	1.03631	1.12882	2
3	34000001	1.08048	1.12882	2
3	35000001	1.12882	1.12882	2
3	36000001	1.2332	1.12882	2
3	37000001	1.1499	1.12882	2
3	38000001	1.30088	1.12882	2
3	39000001	0.997077	1.12882	2
3	40000001	1.24206	1.12882	2
3	41000001	0.977691	1.12882	2
3	42000001	0.986873	1.12882	2
3	43000001	1.18392	1.12882	2
3	44000001	1.10039	1.12882	2
3	45000001	1.0643	1.12882	2
3	46000001	0.926628	0.90899	2
3	47000001	1.07334	0.90899	2
3	48000001	0.912982	0.90899	2
3	49000001	0.904998	0.90899	2
3	50000001	0.863104	0.90899	2
3	51000001	0.789876	0.90899	2
3	52000001	0.784115	0.90899	2
3	53000001	1.00929	0.90899	2
3	54000001	0.947828	0.90899	2
3	55000001	0.764187	0.90899	2
3	56000001	1.15877	1.06916	2
3	57000001	0.927973	1.06916	2
3	58000001	1.02654	1.06916	2
3	59000001	1.06916	1.06916	2
3	60000001	1.11962	1.06916	2
3	61000001	0.996765	1.06916	2
3	62000001	0.879192	1.06916	2
3	63000001	1.22791	1.06916	2
3	64000001	0.863978	1.06916	2
3	65000001	1.17094	1.06916	2
3	66000001	0.993133	1.06916	2
3	67000001	1.30246	1.06916	2
3	68000001	1.12611	1.06916	2
3	69000001	1.26767	1.06916	2
3	70000001	0.714027	1.06916	2
3	71000001	0.945424	1.06916	2
3	72000001	0.91357	1.06916	2
3	73000001	0.826316	1.06916	2
3	74000001	1.08813	1.06916	2
3	75000001	0.842849	1.06916	2
3	76000001	1.53128	1.06916	2
3	77000001	0.868342	1.06916	2
3	78000001	1.1494	1.06916	2
3	79000001	0.795185	1.06916	2
3	80000001	1.07818	1.06916	2
3	81000001	1.10871	1.06916	2
3	82000001	1.05253	1.06916	2
3	83000001	1.36658	1.06916	2
3	84000001	1.14121	1.06916	2
3	85000001	1.15679	1.06916	2
3	86000001	1.03202	1.06916	2
3	87000001	0.736129	1.06916	2
3	88000001	1.16816	1.06916	2
3	89000001	0.895254	1.06916	2
3	90000001	1.08919	1.06916	2
3	91000001	1.18011	1.06916	2
3	92000001	1.20488	1.06916	2
3	93000001	1.15798	1.06916	2
3	94000001	1.18814	1.06916	2
3	95000001	0.812403	1.06916	2
3	96000001	1.11975	1.06916	2
3	97000001	1.13019	1.06916	2
3	98000001	0.9889	1.06916	2
3	99000001	0.924246	1.06916	2
3	100000001	1.12767	1.06916	2
3	101000001	1.18213	1.06916	2
3	102000001	1.00771	1.06916	2
3	103000001	1.02481	1.06916	2
3	104000001	1.22058	1.06916	2
3	105000001	0.924492	1.06916	2
3	106000001	0.938027	1.06916	2
3	107000001	0.812974	1.06916	2
3	108000001	1.11871	1.06916	2
3	109000001	1.16219	1.06916	2
3	110000001	1.2065	1.06916	2
3	111000001	0.878914	1.06916	2
3	112000001	1.03065	1.06916	2
3	113000001	1.10166	1.06916	2
3	114000001	1.15508	1.06916	2
3	115000001	1.00764	1.06916	2
3	116000001	1.04363	1.06916	2
3	117000001	1.35201	1.06916	2
3	118000001	0.975065	1.06916	2
3	119000001	0.885531	1.06916	2
3	120000001	1.24195	1.06916	2
3	121000001	1.04401	1.06916	2
3	122000001	0.894678	1.06916	2
3	123000001	0.68294	1.06916	2
3	124000001	0.897371	1.06916	2
3	125000001	1.18124	1.06916	2
3	126000001	1.08733	1.06916	2
3	127000001	1.03398	1.06916	2
3	128000001	0.873456	1.06916	2
3	129000001	0.948982	1.06916	2
3	130000001	0.932581	1.06916	2
3	131000001	0.916811	1.06916	2
3	132000001	1.43466	1.06916	2
3	133000001	0.995119	1.06916	2
3	134000001	1.16282	1.06916	2
3	135000001	0.926412	1.06916	2
3	136000001	0.897437	1.06916	2
3	137000001	0.912543	1.06916	2
3	138000001	1.24458	1.06916	2
3	139000001	0.967743	1.06916	2
3	140000001	1.07968	1.06916	2
3	141000001	0.967642	1.06916	2
3	142000001	1.10093	1.06916	2
3	143000001	1.16082	1.06916	2
3	144000001	1.30567	1.06916	2
3	145000001	0.913643	1.06916	2
3	146000001	1.29635	1.06916	2
3	147000001	1.12995	1.06916	2
3	148000001	0.953569	1.06916	2
3	149000001	1.10535	1.06916	2
3	150000001	0.992025	1.06916	2
3	151000001	1.15059	1.06916	2
3	152000001	1.0096	1.06916	2
3	153000001	1.16742	1.06916	2
3	154000001	0.785305	1.06916	2
3	155000001	1.12779	1.06916	2
3	156000001	1.27103	1.06916	2
3	157000001	0.811687	1.06916	2
3	158000001	1.23223	1.06916	2
3	159000001	1.15701	1.06916	2
3	160000001	0.891612	1.06916	2
3	161000001	1.08287	1.06916	2
3	162000001	0.96664	1.06916	2
3	163000001	0.93372	1.06916	2
3	164000001	1.08501	1.06916	2
3	165000001	1.38981	1.06916	2
3	166000001	0.971956	1.06916	2
3	167000001	1.19535	1.06916	2
3	168000001	1.1438	1.06916	2
3	169000001	0.745337	0.764113	2
3	170000001	0.782889	0.764113	2
3	171000001	1.14812	1.18481	2
3	172000001	1.22576	1.18481	2
3	173000001	1.18481	1.18481	2
3	174000001	1.36408	1.18481	2
3	175000001	0.960295	1.18481	2
3	176000001	1.18168	1.18481	2
3	177000001	1.53365	1.18481	2
3	178000001	0.953239	0.942376	2
3	179000001	0.892568	0.942376	2
3	180000001	1.10209	0.942376	2
3	181000001	0.950738	0.942376	2
3	182000001	0.934014	0.942376	2
3	183000001	0.974811	0.942376	2
3	184000001	0.84348	0.942376	2
3	185000001	0.716853	0.942376	2
3	186000001	1.27684	1.04351	2
3	187000001	1.06593	1.04351	2
3	188000001	1.15195	1.04351	2
3	189000001	1.04351	1.04351	2
3	190000001	0.998777	1.04351	2
3	191000001	1.00477	1.04351	2
3	192000001	0.952515	1.04351	2
3	193000001	1.12383	1.04351	2
3	194000001	1.07703	1.04351	2
3	195000001	0.921935	1.04351	2
3	196000001	0.888769	1.04351	2
3	197000001	1.04164	1.04351	2
3	198000001	1.70831	1.04351	2
4	1	1.00218	1.04466	2
4	1000001	0.823725	1.04466	2
4	2000001	1.13918	1.04466	2
4	3000001	0.993828	1.04466	2
4	4000001	1.31949	1.04466	2
4	5000001	1.08353	1.04466	2
4	6000001	0.944963	1.04466	2
4	7000001	1.01802	1.04466	2
4	8000001	0.71351	1.04466	2
4	9000001	0.781293	1.04466	2
4	10000001	0.864719	1.04466	2
4	11000001	1.20507	1.04466	2
4	12000001	1.13303	1.04466	2
4	13000001	1.10762	1.04466	2
4	14000001	1.11116	1.04466	2
4	15000001	1.0438	1.04466	2
4	16000001	1.04466	1.04466	2
4	17000001	0.904024	1.04466	2
4	18000001	1.40751	1.04466	2
4	19000001	1.33049	1.04466	2
4	20000001	0.982678	1.04466	2
4	21000001	0.927872	1.04466	2
4	22000001	1.11295	1.04466	2
4	23000001	1.00778	1.04466	2
4	24000001	1.06155	1.04466	2
4	25000001	0.930784	1.04466	2
4	26000001	1.1047	1.04466	2
4	27000001	0.969422	1.04466	2
4	28000001	1.05984	1.04466	2
4	29000001	0.795854	1.04466	2
4	30000001	0.837995	1.04466	2
4	31000001	1.07627	1.04466	2
4	32000001	1.18782	1.04466	2
4	33000001	1.0572	1.04466	2
4	34000001	1.06841	1.04466	2
4	35000001	1.12431	1.04466	2
4	36000001	0.966059	1.04466	2
4	37000001	0.853564	1.04466	2
4	38000001	1.07622	1.04466	2
4	39000001	3.1473	3.1473	6
4	40000001	0.872183	0.872183	2
4	41000001	0.705354	0.872183	2
4	42000001	1.12633	0.872183	2
4	43000001	2.24499	2.24499	4
4	44000001	1.02125	1.06387	2
4	45000001	1.06378	1.06387	2
4	46000001	1.38383	1.06387	2
4	47000001	0.876891	1.06387	2
4	48000001	1.15521	1.06387	2
4	49000001	1.41786	1.06387	2
4	50000001	0.727207	1.06387	2
4	51000001	0.849944	1.06387	2
4	52000001	1.15978	1.06387	2
4	53000001	0.966037	1.06387	2
4	54000001	1.2655	1.06387	2
4	55000001	1.0179	1.06387	2
4	56000001	0.98527	1.06387	2
4	57000001	0.974406	1.06387	2
4	58000001	1.33656	1.06387	2
4	59000001	1.24394	1.06387	2
4	60000001	0.962654	1.06387	2
4	61000001	1.15173	1.06387	2
4	62000001	1.12644	1.06387	2
4	63000001	1.18914	1.06387	2
4	64000001	1.21029	1.06387	2
4	65000001	1.09394	1.06387	2
4	66000001	1.13563	1.06387	2
4	67000001	0.82736	1.06387	2
4	68000001	0.978275	1.06387	2
4	69000001	0.770899	1.06387	2
4	70000001	1.8567	1.06387	2
4	71000001	1.05631	1.06387	2
4	72000001	1.22144	1.06387	2
4	73000001	0.753058	1.06387	2
4	74000001	1.02013	1.06387	2
4	75000001	1.08227	1.06387	2
4	76000001	0.935254	1.06387	2
4	77000001	1.23303	1.06387	2
4	78000001	1.35699	1.06387	2
4	79000001	1.2578	1.06387	2
4	80000001	1.07483	1.06387	2
4	81000001	1.04249	1.06387	2
4	82000001	1.04034	1.06387	2
4	83000001	0.891385	1.06387	2
4	84000001	0.985857	1.06387	2
4	85000001	1.02249	1.06387	2
4	86000001	0.969632	1.06387	2
4	87000001	1.13748	1.06387	2
4	88000001	0.96036	1.06387	2
4	89000001	1.14646	1.06387	2
4	90000001	1.49318	1.06387	2
4	91000001	1.03002	1.06387	2
4	92000001	1.01176	1.06387	2
4	93000001	1.21453	1.06387	2
4	94000001	1.33619	1.06387	2
4	95000001	1.19179	1.06387	2
4	96000001	1.41677	1.06387	2
4	97000001	0.978467	1.06387	2
4	98000001	1.16899	1.06387	2
4	99000001	0.881115	1.06387	2
4	100000001	1.07319	1.06387	2
4	101000001	0.966075	1.06387	2
4	102000001	1.06395	1.06387	2
4	103000001	0.775049	1.06387	2
4	104000001	2.35254	2.35254	5
4	105000001	1.48467	1.04185	2
4	106000001	0.813227	1.04185	2
4	107000001	1.1486	1.04185	2
4	108000001	1.07041	1.04185	2
4	109000001	1.42151	1.04185	2
4	110000001	1.13301	1.04185	2
4	111000001	0.93867	1.04185	2
4	112000001	1.25426	1.04185	2
4	113000001	1.08122	1.04185	2
4	114000001	0.895313	1.04185	2
4	115000001	1.08625	1.04185	2
4	116000001	1.14291	1.04185	2
4	117000001	0.850202	1.04185	2
4	118000001	1.14803	1.04185	2
4	119000001	1.22827	1.04185	2
4	120000001	0.923555	1.04185	2
4	121000001	1.16514	1.04185	2
4	122000001	0.901996	1.04185	2
4	123000001	0.891222	1.04185	2
4	124000001	0.826265	1.04185	2
4	125000001	0.822181	1.04185	2
4	126000001	1.18262	1.04185	2
4	127000001	0.88146	1.04185	2
4	128000001	1.11472	1.04185	2
4	129000001	0.686012	1.04185	2
4	130000001	1.31429	1.04185	2
4	131000001	1.3762	1.04185	2
4	132000001	0.968918	1.04185	2
4	133000001	0.686471	1.04185	2
4	134000001	1.21834	1.04185	2
4	135000001	1.22785	1.04185	2
4	136000001	1.00665	1.04185	2
4	137000001	0.99936	1.04185	2
4	138000001	1.01939	1.04185	2
4	139000001	0.818735	1.04185	2
4	140000001	0.860847	1.04185	2
4	141000001	0.958175	1.04185	2
4	142000001	0.736081	1.04185	2
4	143000001	0.877015	1.04185	2
4	144000001	1.06834	1.04185	2
4	145000001	0.877192	1.04185	2
4	146000001	1.14033	1.04185	2
4	147000001	0.930381	1.04185	2
4	148000001	1.04185	1.04185	2
4	149000001	0.95706	1.04185	2
4	150000001	0.83902	1.04185	2
4	151000001	1.0358	1.04185	2
4	152000001	0.945053	1.04185	2
4	153000001	1.09542	1.04185	2
4	154000001	1.42137	1.04185	2
4	155000001	1.10781	1.04185	2
4	156000001	1.37917	1.04185	2
4	157000001	1.175	1.04185	2
4	158000001	1.06759	1.04185	2
4	159000001	0.917216	1.04185	2
4	160000001	1.20293	1.04185	2
4	161000001	1.23383	1.04185	2
4	162000001	1.23441	1.04185	2
4	163000001	0.808853	1.04185	2
4	164000001	1.10252	1.04185	2
4	165000001	1.32148	1.04185	2
4	166000001	1.09456	1.04185	2
4	167000001	1.22869	1.04185	2
4	168000001	1.43273	1.04185	2
4	169000001	0.793916	1.04185	2
4	170000001	1.39857	1.04185	2
4	171000001	1.10952	1.04185	2
4	172000001	1.26693	1.04185	2
4	173000001	0.961248	1.04185	2
4	174000001	1.07947	1.04185	2
4	175000001	0.747412	1.04185	2
4	176000001	1.16455	1.04185	2
4	177000001	0.740671	1.04185	2
4	178000001	1.31447	1.04185	2
4	179000001	1.21103	1.04185	2
4	180000001	0.95782	1.04185	2
4	181000001	1.03336	1.04185	2
4	182000001	0.888127	1.04185	2
4	183000001	0.7481	1.04185	2
4	184000001	0.97012	1.04185	2
4	185000001	0.764699	1.04185	2
4	186000001	0.999008	1.04185	2
4	187000001	0.850397	1.04185	2
4	188000001	1.16068	1.2857	3
4	189000001	1.2857	1.2857	3
4	190000001	1.69608	1.2857	3
5	1	1.48541	1.41037	3
5	1000001	1.33533	1.41037	3
5	2000001	0.94068	0.987201	2
5	3000001	0.755037	0.987201	2
5	4000001	1.02479	0.987201	2
5	5000001	1.03199	0.987201	2
5	6000001	0.987201	0.987201	2
5	7000001	0.933093	0.987201	2
5	8000001	1.32409	0.987201	2
5	9000001	0.467333	0.680641	1
5	10000001	0.89395	0.680641	1
5	11000001	1.41393	1.06535	2
5	12000001	0.914527	1.06535	2
5	13000001	1.11279	1.06535	2
5	14000001	0.970235	1.06535	2
5	15000001	1.01791	1.06535	2
5	16000001	1.34044	1.06535	2
5	17000001	0.807142	0.826923	2
5	18000001	0.813245	0.826923	2
5	19000001	1.07796	0.826923	2
5	20000001	0.840601	0.826923	2
5	21000001	1.00642	0.826923	2
5	22000001	0.698521	0.826923	2
5	23000001	1.09865	1.10996	2
5	24000001	1.12126	1.10996	2
5	25000001	1.23807	1.10996	2
5	26000001	1.29383	1.10996	2
5	27000001	1.01538	1.10996	2
5	28000001	1.34034	1.10996	2
5	29000001	0.835863	1.10996	2
5	30000001	1.48099	1.10996	2
5	31000001	1.03201	1.10996	2
5	32000001	0.940416	1.10996	2
5	33000001	1.29506	1.10996	2
5	34000001	0.907021	1.10996	2
5	35000001	1.01139	1.10996	2
5	36000001	1.28908	1.10996	2
5	37000001	0.829264	1.10996	2
5	38000001	1.47729	1.10996	2
5	39000001	0.852716	0.940884	2
5	40000001	0.836361	0.940884	2
5	41000001	0.966339	0.940884	2
5	42000001	0.975416	0.940884	2
5	43000001	1.02812	0.940884	2
5	44000001	0.915429	0.940884	2
5	45000001	1.02832	1.11147	2
5	46000001	1.29214	1.11147	2
5	47000001	1.32259	1.11147	2
5	48000001	0.916683	1.11147	2
5	49000001	1.15416	1.11147	2
5	50000001	0.98606	1.11147	2
5	51000001	1.13627	1.11147	2
5	52000001	1.11513	1.11147	2
5	53000001	1.09606	1.11147	2
5	54000001	0.933541	1.11147	2
5	55000001	1.03516	1.11147	2
5	56000001	0.962033	1.11147	2
5	57000001	0.896421	1.11147	2
5	58000001	1.17063	1.11147	2
5	59000001	1.18088	1.11147	2
5	60000001	1.55945	1.11147	2
5	61000001	1.01288	1.11147	2
5	62000001	0.985112	1.11147	2
5	63000001	1.09351	1.11147	2
5	64000001	1.11147	1.11147	2
5	65000001	1.21462	1.11147	2
5	66000001	1.10735	1.11147	2
5	67000001	1.1229	1.11147	2
5	68000001	1.11366	1.11147	2
5	69000001	0.783333	1.11147	2
5	70000001	1.0267	1.11147	2
5	71000001	1.19115	1.11147	2
5	72000001	0.95425	1.11147	2
5	73000001	1.19104	1.11147	2
5	74000001	1.31601	1.11147	2
5	75000001	1.26189	1.11147	2
5	76000001	0.896695	0.931605	2
5	77000001	0.966515	0.931605	2
5	78000001	0.783663	0.931605	2
5	79000001	1.09903	0.931605	2
5	80000001	0.982131	0.931605	2
5	81000001	1.11197	0.931605	2
5	82000001	0.871207	0.931605	2
5	83000001	0.860632	0.931605	2
5	84000001	0.870741	0.931605	2
5	85000001	0.985343	0.931605	2
5	86000001	2.35667	2.35667	5
5	87000001	1.3434	1.18039	2
5	88000001	1.20117	1.18039	2
5	89000001	1.18039	1.18039	2
5	90000001	0.824016	1.18039	2
5	91000001	1.1052	1.18039	2
5	92000001	1.12362	1.18039	2
5	93000001	1.34453	1.18039	2
5	94000001	0.992728	0.955584	2
5	95000001	0.955584	0.955584	2
5	96000001	0.855914	0.955584	2
5	97000001	1.20597	0.955584	2
5	98000001	0.880814	0.955584	2
5	99000001	1.32915	0.955584	2
5	100000001	0.732486	0.955584	2
5	101000001	0.835175	0.955584	2
5	102000001	1.13965	0.955584	2
5	103000001	0.736052	0.955584	2
5	104000001	1.1819	0.955584	2
5	105000001	1.21098	0.955584	2
5	106000001	0.99723	0.955584	2
5	107000001	1.10646	0.955584	2
5	108000001	0.860349	0.955584	2
5	109000001	0.998429	0.955584	2
5	110000001	0.858248	0.955584	2
5	111000001	1.16571	0.955584	2
5	112000001	0.74817	0.955584	2
5	113000001	0.911592	0.955584	2
5	114000001	0.851667	0.955584	2
5	115000001	1.39043	1.32621	3
5	116000001	1.18652	1.32621	3
5	117000001	1.43534	1.32621	3
5	118000001	0.918399	1.32621	3
5	119000001	1.32621	1.32621	3
5	120000001	0.953892	1.32621	3
5	121000001	1.40679	1.32621	3
5	122000001	0.912879	1.05706	2
5	123000001	0.912769	1.05706	2
5	124000001	1.07999	1.05706	2
5	125000001	1.19233	1.05706	2
5	126000001	0.831831	1.05706	2
5	127000001	1.1696	1.05706	2
5	128000001	0.679296	1.05706	2
5	129000001	1.06899	1.05706	2
5	130000001	1.18991	1.05706	2
5	131000001	1.14018	1.05706	2
5	132000001	0.999427	1.05706	2
5	133000001	1.08533	1.05706	2
5	134000001	0.865228	1.05706	2
5	135000001	0.764794	1.05706	2
5	136000001	1.10328	1.05706	2
5	137000001	1.04512	1.05706	2
5	138000001	1.14721	1.05706	2
5	139000001	0.8168	1.05706	2
5	140000001	0.880675	1.05706	2
5	141000001	1.12721	1.05706	2
5	142000001	1.2343	1.05706	2
5	143000001	0.876732	1.05706	2
5	144000001	1.44778	1.28778	3
5	145000001	1.21019	1.28778	3
5	146000001	0.959766	1.28778	3
5	147000001	1.16968	1.28778	3
5	148000001	1.36537	1.28778	3
5	149000001	1.39401	1.28778	3
5	150000001	0.882226	1.012	2
5	151000001	1.07171	1.012	2
5	152000001	1.06693	1.012	2
5	153000001	0.924359	1.012	2
5	154000001	1.07714	1.012	2
5	155000001	1.01599	1.012	2
5	156000001	1.03589	1.012	2
5	157000001	1.00876	1.012	2
5	158000001	0.992907	1.012	2
5	159000001	0.871036	1.012	2
5	160000001	0.95142	1.012	2
5	161000001	1.14686	1.012	2
5	162000001	1.18347	1.012	2
5	163000001	1.15215	1.012	2
5	164000001	1.16971	1.012	2
5	165000001	1.20055	1.012	2
5	166000001	1.05949	1.012	2
5	167000001	0.857838	1.012	2
5	168000001	1.25173	1.012	2
5	169000001	0.967866	1.012	2
5	170000001	0.936809	1.012	2
5	171000001	0.98569	1.012	2
5	172000001	0.766505	1.012	2
5	173000001	0.710616	1.012	2
5	174000001	0.999601	1.012	2
5	175000001	1.01524	1.012	2
5	176000001	1.30713	1.13812	2
5	177000001	1.16324	1.13812	2
5	178000001	1.00558	1.13812	2
5	179000001	0.943328	1.13812	2
5	180000001	1.23832	1.13812	2
5	181000001	1.113	1.13812	2
6	1	0.995106	1.06408	2
6	1000001	1.20601	1.06408	2
6	2000001	0.958766	1.06408	2
6	3000001	0.962224	1.06408	2
6	4000001	1.10913	1.06408	2
6	5000001	0.939546	1.06408	2
6	6000001	1.19065	1.06408	2
6	7000001	1.11443	1.06408	2
6	8000001	1.13187	1.06408	2
6	9000001	1.06408	1.06408	2
6	10000001	0.967776	1.06408	2
6	11000001	1.11367	1.06408	2
6	12000001	1.18512	1.06408	2
6	13000001	1.0112	1.06408	2
6	14000001	1.27348	1.06408	2
6	15000001	0.88011	1.06408	2
6	16000001	1.08142	1.06408	2
6	17000001	1.12247	1.06408	2
6	18000001	0.834188	1.06408	2
6	19000001	1.37162	1.06408	2
6	20000001	0.889152	1.06408	2
6	21000001	1.04272	1.06408	2
6	22000001	1.00088	1.06408	2
6	23000001	0.791407	1.06408	2
6	24000001	1.29702	1.06408	2
6	25000001	1.07839	1.06408	2
6	26000001	0.994433	1.06408	2
6	27000001	1.23589	1.06408	2
6	28000001	0.954725	1.06408	2
6	29000001	1.24395	1.06408	2
6	30000001	1.15578	1.06408	2
6	31000001	0.977605	1.06408	2
6	32000001	1.11346	1.06408	2
6	33000001	1.10602	1.06408	2
6	34000001	1.15594	1.06408	2
6	35000001	0.986748	1.06408	2
6	36000001	0.813669	1.06408	2
6	37000001	1.12486	1.06408	2
6	38000001	0.770343	1.06408	2
6	39000001	1.07288	1.06408	2
6	40000001	1.03066	1.06408	2
6	41000001	1.06049	1.06408	2
6	42000001	0.89629	1.06408	2
6	43000001	1.11455	1.06408	2
6	44000001	0.899435	1.06408	2
6	45000001	0.635432	1.06408	2
6	46000001	1.00343	1.06408	2
6	47000001	1.16355	1.06408	2
6	48000001	1.18709	1.06408	2
6	49000001	1.0438	1.06408	2
6	50000001	1.44225	1.06408	2
6	51000001	1.15658	1.06408	2
6	52000001	0.812757	1.06408	2
6	53000001	1.37777	1.37777	3
6	54000001	1.24932	1.37777	3
6	55000001	1.62312	1.37777	3
6	56000001	0.710162	0.722782	1
6	57000001	0.822454	0.722782	1
6	58000001	0.735401	0.722782	1
6	59000001	0.569128	0.722782	1
6	60000001	1.04935	1.03731	2
6	61000001	0.957344	1.03731	2
6	62000001	1.18298	1.03731	2
6	63000001	1.48973	1.03731	2
6	64000001	1.23556	1.03731	2
6	65000001	0.913658	1.03731	2
6	66000001	0.88629	1.03731	2
6	67000001	0.862482	1.03731	2
6	68000001	1.15365	1.03731	2
6	69000001	1.36753	1.03731	2
6	70000001	0.957487	1.03731	2
6	71000001	0.855285	1.03731	2
6	72000001	1.37769	1.03731	2
6	73000001	0.985343	1.03731	2
6	74000001	1.03632	1.03731	2
6	75000001	1.09909	1.03731	2
6	76000001	1.19249	1.03731	2
6	77000001	1.0283	1.03731	2
6	78000001	1.00043	1.03731	2
6	79000001	0.870836	1.03731	2
6	80000001	1.12829	1.03731	2
6	81000001	1.29856	1.03731	2
6	82000001	0.805246	1.03731	2
6	83000001	1.06548	1.03731	2
6	84000001	0.853826	1.03731	2
6	85000001	1.32395	1.03731	2
6	86000001	1.03829	1.03731	2
6	87000001	1.06083	1.03731	2
6	88000001	0.944807	1.03731	2
6	89000001	0.890336	1.03731	2
6	90000001	1.50572	1.03731	2
6	91000001	1.12016	1.03731	2
6	92000001	1.03926	1.03731	2
6	93000001	1.26023	1.03731	2
6	94000001	0.789259	1.03731	2
6	95000001	0.805473	1.03731	2
6	96000001	1.03142	1.03731	2
6	97000001	0.885937	1.03731	2
6	98000001	1.20219	1.03731	2
6	99000001	1.00024	1.03731	2
6	100000001	0.867081	1.03731	2
6	101000001	1.18469	1.03731	2
6	102000001	1.3701	1.03731	2
6	103000001	0.950897	1.03731	2
6	104000001	0.987618	1.03731	2
6	105000001	1.20134	1.03731	2
6	106000001	1.09697	1.03731	2
6	107000001	1.01425	1.03731	2
6	108000001	1.18455	1.03731	2
6	109000001	1.00765	1.03731	2
6	110000001	1.03338	1.03731	2
6	111000001	1.06843	1.03731	2
6	112000001	0.939389	0.937289	2
6	113000001	0.755369	0.937289	2
6	114000001	1.06477	0.937289	2
6	115000001	0.935188	0.937289	2
6	116000001	0.921425	0.937289	2
6	117000001	1.01298	0.937289	2
6	118000001	0.998308	0.937289	2
6	119000001	0.738127	0.937289	2
6	120000001	1.37751	1.26274	3
6	121000001	1.31666	1.26274	3
6	122000001	1.09629	1.26274	3
6	123000001	1.23169	1.26274	3
6	124000001	1.26274	1.26274	3
6	125000001	0.951539	1.01635	2
6	126000001	1.04726	1.01635	2
6	127000001	1.04192	1.01635	2
6	128000001	1.07477	1.01635	2
6	129000001	1.01635	1.01635	2
6	130000001	0.981068	1.01635	2
6	131000001	0.781629	1.01635	2
6	132000001	1.51627	1.51627	3
6	133000001	1.03105	0.954469	2
6	134000001	1.03697	0.954469	2
6	135000001	1.07036	0.954469	2
6	136000001	0.991315	0.954469	2
6	137000001	0.7078	0.954469	2
6	138000001	0.925861	0.954469	2
6	139000001	1.30172	0.954469	2
6	140000001	1.0112	0.954469	2
6	141000001	0.789544	0.954469	2
6	142000001	1.26403	0.954469	2
6	143000001	0.817606	0.954469	2
6	144000001	1.15956	0.954469	2
6	145000001	1.02644	0.954469	2
6	146000001	0.875946	0.954469	2
6	147000001	0.923281	0.954469	2
6	148000001	0.707897	0.954469	2
6	149000001	0.88666	0.954469	2
6	150000001	1.05419	0.954469	2
6	151000001	0.825234	0.954469	2
6	152000001	0.756658	0.954469	2
6	153000001	1.10481	0.954469	2
6	154000001	0.897128	0.954469	2
6	155000001	0.883035	0.954469	2
6	156000001	0.954469	0.954469	2
6	157000001	1.00985	0.954469	2
6	158000001	0.78864	0.954469	2
6	159000001	0.956558	0.954469	2
6	160000001	1.21353	1.04986	2
6	161000001	1.03455	1.04986	2
6	162000001	1.04986	1.04986	2
6	163000001	1.15177	1.04986	2
6	164000001	1.14526	1.04986	2
6	165000001	0.984848	1.04986	2
6	166000001	0.923943	1.04986	2
6	167000001	1.06291	1.04986	2
6	168000001	0.995397	1.04986	2
6	169000001	1.26129	1.04986	2
6	170000001	0.884158	1.04986	2
7	1	0.815519	0.925079	2
7	1000001	0.853845	0.925079	2
7	2000001	0.991269	0.925079	2
7	3000001	1.0814	0.925079	2
7	4000001	0.940049	0.925079	2
7	5000001	0.900355	0.925079	2
7	6000001	0.925079	0.925079	2
7	7000001	1.20245	1.05144	2
7	8000001	1.19008	1.05144	2
7	9000001	1.05144	1.05144	2
7	10000001	0.898697	1.05144	2
7	11000001	1.03764	1.05144	2
7	12000001	1.35222	1.22207	2
7	13000001	0.934952	1.22207	2
7	14000001	1.32824	1.22207	2
7	15000001	1.36404	1.22207	2
7	16000001	1.25319	1.22207	2
7	17000001	1.04189	1.22207	2
7	18000001	1.24653	1.22207	2
7	19000001	1.13912	1.22207	2
7	20000001	0.969062	1.22207	2
7	21000001	1.1976	1.22207	2
7	22000001	0.711397	0.907346	2
7	23000001	1.169	0.907346	2
7	24000001	0.832058	0.907346	2
7	25000001	1.00407	0.907346	2
7	26000001	1.01545	0.907346	2
7	27000001	0.747474	0.907346	2
7	28000001	0.907346	0.907346	2
7	29000001	1.12157	1.12652	2
7	30000001	1.12652	1.12652	2
7	31000001	1.49917	1.12652	2
7	32000001	0.803203	0.9202	2
7	33000001	0.723439	0.9202	2
7	34000001	0.995438	0.9202	2
7	35000001	1.03471	0.9202	2
7	36000001	0.908899	0.9202	2
7	37000001	1.22927	0.9202	2
7	38000001	1.0502	0.9202	2
7	39000001	0.752266	0.9202	2
7	40000001	0.9202	0.9202	2
7	41000001	1.65575	1.42362	3
7	42000001	1.19149	1.42362	3
7	43000001	1.02427	1.02427	2
7	44000001	0.616821	0.665649	1
7	45000001	0.714478	0.665649	1
7	46000001	1.1288	1.01675	2
7	47000001	1.01675	1.01675	2
7	48000001	0.910587	1.01675	2
7	49000001	1.03845	1.01675	2
7	50000001	0.965109	1.01675	2
7	51000001	1.17241	1.01675	2
7	52000001	0.940021	1.01675	2
7	53000001	1.42629	1.41251	3
7	54000001	1.39873	1.41251	3
7	55000001	1.04753	1.04753	2
7	56000001	0.94895	1.04753	2
7	57000001	1.01869	1.04753	2
7	58000001	1.39915	1.04753	2
7	59000001	1.23404	1.04753	2
7	60000001	1.06636	1.04753	2
7	61000001	0.797816	1.04753	2
7	62000001	1.02337	1.04753	2
7	63000001	0.943246	1.04753	2
7	64000001	1.18557	1.04753	2
7	65000001	1.19463	1.04753	2
7	66000001	0.80812	0.846519	2
7	67000001	1.08584	0.846519	2
7	68000001	1.02459	0.846519	2
7	69000001	0.863401	0.846519	2
7	70000001	0.829576	0.846519	2
7	71000001	0.822374	0.846519	2
7	72000001	0.846176	0.846519	2
7	73000001	1.1976	0.846519	2
7	74000001	0.770072	0.846519	2
7	75000001	1.29657	0.846519	2
7	76000001	0.666792	0.846519	2
7	77000001	1.14578	0.846519	2
7	78000001	1.09505	0.846519	2
7	79000001	0.74966	0.846519	2
7	80000001	0.846862	0.846519	2
7	81000001	0.993212	0.846519	2
7	82000001	0.84211	0.846519	2
7	83000001	0.968812	0.846519	2
7	84000001	0.632344	0.846519	2
7	85000001	0.713401	0.846519	2
7	86000001	1.5291	1.517	3
7	87000001	1.5049	1.517	3
7	88000001	1.09622	1.1271	2
7	89000001	1.13933	1.1271	2
7	90000001	1.09568	1.1271	2
7	91000001	1.11487	1.1271	2
7	92000001	1.19648	1.1271	2
7	93000001	1.30511	1.1271	2
7	94000001	0.942028	0.939874	2
7	95000001	1.01555	0.939874	2
7	96000001	1.0769	0.939874	2
7	97000001	0.894796	0.939874	2
7	98000001	1.02652	0.939874	2
7	99000001	0.765689	0.939874	2
7	100000001	1.2559	0.939874	2
7	101000001	0.739064	0.939874	2
7	102000001	1.09014	0.939874	2
7	103000001	0.831488	0.939874	2
7	104000001	1.08925	0.939874	2
7	105000001	0.868487	0.939874	2
7	106000001	0.923773	0.939874	2
7	107000001	1.19776	0.939874	2
7	108000001	1.1805	0.939874	2
7	109000001	0.860259	0.939874	2
7	110000001	0.76804	0.939874	2
7	111000001	1.17824	0.939874	2
7	112000001	0.939874	0.939874	2
7	113000001	0.93448	0.939874	2
7	114000001	1.14387	0.939874	2
7	115000001	0.918222	0.939874	2
7	116000001	0.872424	0.939874	2
7	117000001	1.10376	1.15714	2
7	118000001	1.39839	1.15714	2
7	119000001	1.07916	1.15714	2
7	120000001	1.21053	1.15714	2
7	121000001	0.780888	0.872822	2
7	122000001	0.898874	0.872822	2
7	123000001	1.13427	0.872822	2
7	124000001	0.692653	0.872822	2
7	125000001	0.872822	0.872822	2
7	126000001	1.41607	1.05612	2
7	127000001	0.874811	1.05612	2
7	128000001	1.06856	1.05612	2
7	129000001	0.871521	1.05612	2
7	130000001	0.706892	1.05612	2
7	131000001	1.24381	1.05612	2
7	132000001	0.903381	1.05612	2
7	133000001	1.01266	1.05612	2
7	134000001	0.959677	1.05612	2
7	135000001	0.940889	1.05612	2
7	136000001	1.11105	1.05612	2
7	137000001	0.947409	1.05612	2
7	138000001	1.2581	1.05612	2
7	139000001	1.09423	1.05612	2
7	140000001	0.881201	1.05612	2
7	141000001	1.03938	1.05612	2
7	142000001	1.04369	1.05612	2
7	143000001	1.16223	1.05612	2
7	144000001	0.928746	1.05612	2
7	145000001	1.15113	1.05612	2
7	146000001	1.10939	1.05612	2
7	147000001	1.15057	1.05612	2
7	148000001	1.22866	1.05612	2
7	149000001	0.854054	1.05612	2
7	150000001	1.17257	1.05612	2
7	151000001	0.949474	1.05612	2
7	152000001	0.694054	1.05612	2
7	153000001	1.09948	1.05612	2
7	154000001	1.18857	1.05612	2
7	155000001	0.830324	1.05612	2
7	156000001	1.2034	1.05612	2
7	157000001	1.13977	1.05612	2
7	158000001	1.21436	1.05612	2
7	159000001	0.941842	1.05612	2
8	1	0.814098	0.913887	2
8	1000001	0.92089	0.913887	2
8	2000001	0.911139	0.913887	2
8	3000001	0.907008	0.913887	2
8	4000001	0.925543	0.913887	2
8	5000001	0.985967	0.913887	2
8	6000001	0.745419	0.913887	2
8	7000001	1.17358	0.913887	2
8	8000001	1.21666	0.913887	2
8	9000001	1.24974	0.913887	2
8	10000001	0.916635	0.913887	2
8	11000001	0.866182	0.913887	2
8	12000001	1.12362	0.913887	2
8	13000001	0.717635	0.913887	2
8	14000001	0.796741	0.913887	2
8	15000001	0.745927	0.913887	2
8	16000001	1.00935	1.01868	2
8	17000001	1.23425	1.01868	2
8	18000001	1.12099	1.01868	2
8	19000001	1.16719	1.01868	2
8	20000001	1.05229	1.01868	2
8	21000001	0.932699	1.01868	2
8	22000001	1.09802	1.01868	2
8	23000001	1.11499	1.01868	2
8	24000001	1.15736	1.01868	2
8	25000001	1.25322	1.01868	2
8	26000001	0.960429	1.01868	2
8	27000001	1.0103	1.01868	2
8	28000001	1.00381	1.01868	2
8	29000001	0.872795	1.01868	2
8	30000001	0.587705	1.01868	2
8	31000001	1.2103	1.01868	2
8	32000001	0.627521	1.01868	2
8	33000001	0.95799	1.01868	2
8	34000001	1.06859	1.01868	2
8	35000001	1.10981	1.01868	2
8	36000001	0.703403	1.01868	2
8	37000001	0.924868	1.01868	2
8	38000001	1.23219	1.01868	2
8	39000001	1.33123	1.01868	2
8	40000001	0.96018	1.01868	2
8	41000001	0.983081	1.01868	2
8	42000001	0.828279	1.01868	2
8	43000001	0.921804	1.01868	2
8	44000001	1.24452	1.01868	2
8	45000001	1.01923	1.01868	2
8	46000001	1.15902	1.01868	2
8	47000001	0.965665	1.01868	2
8	48000001	1.12597	1.01868	2
8	49000001	0.808172	1.01868	2
8	50000001	0.999993	1.01868	2
8	51000001	1.33929	1.01868	2
8	52000001	0.776554	1.01868	2
8	53000001	1.09959	1.01868	2
8	54000001	1.14358	1.01868	2
8	55000001	0.917021	1.01868	2
8	56000001	0.987174	1.01868	2
8	57000001	0.998277	1.01868	2
8	58000001	1.1839	1.01868	2
8	59000001	1.00708	1.01868	2
8	60000001	0.984201	1.01868	2
8	61000001	1.32144	1.01868	2
8	62000001	1.24108	1.01868	2
8	63000001	0.949703	1.01868	2
8	64000001	1.19369	1.01868	2
8	65000001	1.00048	1.01868	2
8	66000001	1.00935	1.01868	2
8	67000001	1.1757	1.01868	2
8	68000001	0.974048	1.01868	2
8	69000001	1.11512	1.01868	2
8	70000001	0.996615	1.01868	2
8	71000001	1.01037	1.01868	2
8	72000001	1.22544	1.01868	2
8	73000001	1.06429	1.01868	2
8	74000001	1.14847	1.01868	2
8	75000001	0.944211	1.01868	2
8	76000001	0.838779	1.01868	2
8	77000001	0.683162	1.01868	2
8	78000001	1.02735	1.01868	2
8	79000001	0.992365	1.01868	2
8	80000001	0.919342	1.01868	2
8	81000001	1.08094	1.01868	2
8	82000001	1.11244	1.01868	2
8	83000001	1.13587	1.01868	2
8	84000001	0.858129	1.01868	2
8	85000001	1.4347	1.01868	2
8	86000001	1.14916	1.01868	2
8	87000001	1.01988	1.01868	2
8	88000001	1.1784	1.01868	2
8	89000001	1.20228	1.01868	2
8	90000001	1.17794	1.01868	2
8	91000001	0.827156	1.01868	2
8	92000001	1.24773	1.01868	2
8	93000001	0.898646	1.01868	2
8	94000001	0.896318	1.01868	2
8	95000001	1.25089	1.01868	2
8	96000001	0.670126	1.01868	2
8	97000001	1.03056	1.01868	2
8	98000001	1.09941	1.01868	2
8	99000001	1.08248	1.01868	2
8	100000001	0.905516	1.01868	2
8	101000001	0.878577	1.01868	2
8	102000001	0.954357	1.01868	2
8	103000001	1.15585	1.01868	2
8	104000001	1.20444	1.01868	2
8	105000001	0.978445	1.01868	2
8	106000001	1.37048	1.01868	2
8	107000001	1.18163	1.01868	2
8	108000001	1.17677	1.01868	2
8	109000001	1.20781	1.01868	2
8	110000001	1.06367	1.01868	2
8	111000001	0.995142	1.01868	2
8	112000001	1.21613	1.01868	2
8	113000001	0.885166	1.01868	2
8	114000001	1.44942	1.01868	2
8	115000001	0.875714	1.01868	2
8	116000001	0.999803	1.01868	2
8	117000001	1.08695	1.01868	2
8	118000001	0.917572	1.01868	2
8	119000001	0.867713	1.01868	2
8	120000001	1.02749	1.01868	2
8	121000001	1.01813	1.01868	2
8	122000001	0.874688	1.01868	2
8	123000001	0.882936	1.01868	2
8	124000001	1.2166	1.01868	2
8	125000001	0.861591	1.01868	2
8	126000001	0.915423	1.01868	2
8	127000001	0.945087	1.01868	2
8	128000001	0.965708	1.01868	2
8	129000001	1.13956	1.01868	2
8	130000001	1.21243	1.01868	2
8	131000001	1.49617	1.01868	2
8	132000001	0.938773	1.01868	2
8	133000001	0.948579	1.01868	2
8	134000001	1.12871	1.01868	2
8	135000001	0.991247	1.01868	2
8	136000001	0.739926	1.01868	2
8	137000001	1.0368	1.01868	2
8	138000001	3.15215	3.15215	6
8	139000001	0.841329	0.987162	2
8	140000001	1.00869	0.987162	2
8	141000001	1.03153	0.987162	2
8	142000001	0.987162	0.987162	2
8	143000001	0.810958	0.987162	2
8	144000001	0.993323	0.987162	2
8	145000001	0.511066	0.987162	2
9	1	0.911083	1.04232	2
9	1000001	1.12848	1.04232	2
9	2000001	1.02592	1.04232	2
9	3000001	1.25051	1.04232	2
9	4000001	0.97071	1.04232	2
9	5000001	1.16689	1.04232	2
9	6000001	1.01902	1.04232	2
9	7000001	1.04232	1.04232	2
9	8000001	1.07845	1.04232	2
9	9000001	1.19442	1.31433	3
9	10000001	1.31433	1.31433	3
9	11000001	1.40122	1.31433	3
9	12000001	1.09343	1.00742	2
9	13000001	0.748932	1.00742	2
9	14000001	1.16072	1.00742	2
9	15000001	1.31815	1.00742	2
9	16000001	0.663926	1.00742	2
9	17000001	1.03718	1.00742	2
9	18000001	0.854178	1.00742	2
9	19000001	0.883035	1.00742	2
9	20000001	1.24277	1.00742	2
9	21000001	0.806367	1.00742	2
9	22000001	1.08616	1.00742	2
9	23000001	0.867919	1.00742	2
9	24000001	1.1883	1.00742	2
9	25000001	1.25858	1.00742	2
9	26000001	1.16944	1.00742	2
9	27000001	0.895744	1.00742	2
9	28000001	1.12531	1.00742	2
9	29000001	0.812079	1.00742	2
9	30000001	0.847957	1.00742	2
9	31000001	0.983518	1.00742	2
9	32000001	1.08643	1.00742	2
9	33000001	0.963952	1.00742	2
9	34000001	1.00104	1.00742	2
9	35000001	1.1465	1.00742	2
9	36000001	1.05424	1.00742	2
9	37000001	1.01379	1.00742	2
9	38000001	0.800794	1.00742	2
9	39000001	0.920065	1.00742	2
9	40000001	1.02044	1.00742	2
9	41000001	0.858008	1.00742	2
9	42000001	1.3095	1.3095	3
9	43000001	1.28362	1.3095	3
9	44000001	1.54525	1.3095	3
9	45000001	0.875824	-1	3
9	46000001	-1	-1	3
9	47000001	-1	-1	3
9	48000001	-1	-1	3
9	49000001	-1	-1	3
9	50000001	-1	-1	3
9	51000001	-1	-1	3
9	52000001	-1	-1	3
9	53000001	-1	-1	3
9	54000001	-1	-1	3
9	55000001	-1	-1	3
9	56000001	-1	-1	3
9	57000001	-1	-1	3
9	58000001	-1	-1	3
9	59000001	-1	-1	3
9	60000001	0.865907	-1	3
9	61000001	0.636713	-1	3
9	62000001	1.06762	1.30402	3
9	63000001	1.41464	1.30402	3
9	64000001	1.35182	1.30402	3
9	65000001	1.25622	1.30402	3
9	66000001	1.01366	1.30402	3
9	67000001	1.47124	1.30402	3
9	68000001	1.05266	0.943991	2
9	69000001	0.799419	0.943991	2
9	70000001	0.950202	0.943991	2
9	71000001	0.937779	0.943991	2
9	72000001	1.16919	1.20498	2
9	73000001	1.29714	1.20498	2
9	74000001	1.15554	1.20498	2
9	75000001	1.4565	1.20498	2
9	76000001	1.20498	1.20498	2
9	77000001	1.07475	0.962365	2
9	78000001	0.970074	0.962365	2
9	79000001	0.854386	0.962365	2
9	80000001	1.40793	0.962365	2
9	81000001	0.546399	0.962365	2
9	82000001	1.31576	0.962365	2
9	83000001	0.888826	0.962365	2
9	84000001	0.962365	0.962365	2
9	85000001	1.11233	0.962365	2
9	86000001	1.01895	0.962365	2
9	87000001	1.11377	0.962365	2
9	88000001	0.70263	0.962365	2
9	89000001	0.949365	0.962365	2
9	90000001	1.12719	0.962365	2
9	91000001	0.913221	0.962365	2
9	92000001	0.944777	0.962365	2
9	93000001	0.998415	0.962365	2
9	94000001	1.11707	0.962365	2
9	95000001	0.811822	0.962365	2
9	96000001	0.915721	0.962365	2
9	97000001	0.82904	0.962365	2
9	98000001	0.849585	0.962365	2
9	99000001	0.983623	0.962365	2
9	100000001	0.709065	0.962365	2
9	101000001	1.15001	0.962365	2
9	102000001	1.08188	0.962365	2
9	103000001	1.15162	0.962365	2
9	104000001	1.10264	0.962365	2
9	105000001	0.790413	0.962365	2
9	106000001	0.717149	0.962365	2
9	107000001	0.945512	0.962365	2
9	108000001	1.06459	1.10256	2
9	109000001	1.24508	1.10256	2
9	110000001	0.902022	1.10256	2
9	111000001	1.60221	1.10256	2
9	112000001	0.950833	1.10256	2
9	113000001	0.928834	1.10256	2
9	114000001	1.03244	1.10256	2
9	115000001	1.19076	1.10256	2
9	116000001	0.937211	1.10256	2
9	117000001	1.30452	1.10256	2
9	118000001	0.927569	1.10256	2
9	119000001	1.2513	1.10256	2
9	120000001	0.822613	1.10256	2
9	121000001	1.14053	1.10256	2
9	122000001	1.16164	1.10256	2
9	123000001	1.15197	1.10256	2
9	124000001	0.84698	0.916627	2
9	125000001	0.747918	0.916627	2
9	126000001	0.833527	0.916627	2
9	127000001	0.752621	0.916627	2
9	128000001	0.811543	0.916627	2
9	129000001	1.12104	0.916627	2
9	130000001	0.916627	0.916627	2
9	131000001	0.951032	0.916627	2
9	132000001	0.869978	0.916627	2
9	133000001	0.951236	0.916627	2
9	134000001	0.937169	0.916627	2
9	135000001	0.894107	0.916627	2
9	136000001	1.14436	0.916627	2
9	137000001	0.968843	0.916627	2
9	138000001	0.924503	0.916627	2
X	1	0.485484	0.507818	1
X	1000001	0.462658	0.507818	1
X	2000001	0.564217	0.507818	1
X	3000001	0.547965	0.507818	1
X	4000001	0.462191	0.507818	1
X	5000001	0.345837	0.507818	1
X	6000001	0.582103	0.507818	1
X	7000001	0.520006	0.507818	1
X	8000001	0.351722	0.507818	1
X	9000001	0.533143	0.507818	1
X	10000001	0.507818	0.507818	1
X	11000001	1.02462	1.02462	2
X	12000001	0.416689	0.47393	1
X	13000001	0.428998	0.47393	1
X	14000001	0.538541	0.47393	1
X	15000001	0.618926	0.47393	1
X	16000001	0.447643	0.47393	1
X	17000001	0.567304	0.47393	1
X	18000001	0.516024	0.47393	1
X	19000001	0.514724	0.47393	1
X	20000001	0.425848	0.47393	1
X	21000001	0.832109	0.47393	1
X	22000001	0.304795	0.47393	1
X	23000001	0.463771	0.47393	1
X	24000001	0.486676	0.47393	1
X	25000001	0.52504	0.47393	1
X	26000001	0.407574	0.47393	1
X	27000001	0.418301	0.47393	1
X	28000001	0.563724	0.47393	1
X	29000001	0.606624	0.47393	1
X	30000001	0.519196	0.47393	1
X	31000001	0.418959	0.47393	1
X	32000001	0.317089	0.47393	1
X	33000001	0.579506	0.47393	1
X	34000001	0.373751	0.47393	1
X	35000001	0.368468	0.47393	1
X	36000001	0.540116	0.47393	1
X	37000001	0.271395	0.47393	1
X	38000001	0.547459	0.47393	1
X	39000001	0.529281	0.47393	1
X	40000001	0.373656	0.47393	1
X	41000001	0.54311	0.47393	1
X	42000001	0.676787	0.47393	1
X	43000001	0.466818	0.47393	1
X	44000001	0.560485	0.47393	1
X	45000001	0.47145	0.47393	1
X	46000001	0.402492	0.47393	1
X	47000001	0.584738	0.47393	1
X	48000001	0.514709	0.47393	1
X	49000001	0.560892	0.47393	1
X	50000001	0.40081	0.47393	1
X	51000001	0.531332	0.47393	1
X	52000001	0.617271	0.47393	1
X	53000001	0.460463	0.47393	1
X	54000001	0.410985	0.47393	1
X	55000001	0.436995	0.47393	1
X	56000001	0.303095	0.47393	1
X	57000001	0.617819	0.47393	1
X	58000001	0.434955	0.47393	1
X	59000001	0.410415	0.47393	1
X	60000001	0.402459	0.47393	1
X	61000001	0.402112	0.47393	1
X	62000001	0.478099	0.47393	1
X	63000001	0.231445	0.47393	1
X	64000001	0.699026	0.47393	1
X	65000001	0.542348	0.47393	1
X	66000001	0.490084	0.47393	1
X	67000001	0.467439	0.47393	1
X	68000001	0.459124	0.47393	1
X	69000001	0.60162	0.47393	1
X	70000001	0.587383	0.47393	1
X	71000001	0.392446	0.47393	1
X	72000001	0.527126	0.47393	1
X	73000001	0.424922	0.47393	1
X	74000001	0.428514	0.47393	1
X	75000001	0.659607	0.47393	1
X	76000001	0.430022	0.47393	1
X	77000001	0.771257	0.47393	1
X	78000001	0.595718	0.47393	1
X	79000001	0.419351	0.47393	1
X	80000001	0.268511	0.47393	1
X	81000001	0.652712	0.47393	1
X	82000001	0.50561	0.47393	1
X	83000001	0.333647	0.47393	1
X	84000001	0.430849	0.47393	1
X	85000001	0.494967	0.47393	1
X	86000001	0.664375	0.47393	1
X	87000001	0.551826	0.47393	1
X	88000001	0.663989	0.47393	1
X	89000001	0.421107	0.47393	1
X	90000001	0.433716	0.47393	1
X	91000001	0.696762	0.47393	1
X	92000001	0.43492	0.47393	1
X	93000001	0.434663	0.47393	1
X	94000001	0.514397	0.47393	1
X	95000001	0.633468	0.47393	1
X	96000001	0.598222	0.47393	1
X	97000001	0.493229	0.47393	1
X	98000001	0.366955	0.47393	1
X	99000001	0.594945	0.47393	1
X	100000001	0.551557	0.47393	1
X	101000001	0.323803	0.47393	1
X	102000001	0.614585	0.47393	1
X	103000001	0.546926	0.47393	1
X	104000001	0.407207	0.47393	1
X	105000001	0.405026	0.47393	1
X	106000001	0.744603	0.47393	1
X	107000001	0.419082	0.47393	1
X	108000001	0.414867	0.47393	1
X	109000001	0.373598	0.47393	1
X	110000001	0.593862	0.47393	1
X	111000001	0.382821	0.47393	1
X	112000001	0.327839	0.47393	1
X	113000001	0.430939	0.47393	1
X	114000001	0.473763	0.47393	1
X	115000001	0.433471	0.47393	1
X	116000001	0.578648	0.47393	1
X	117000001	0.389941	0.47393	1
X	118000001	0.604976	0.47393	1
X	119000001	0.479696	0.47393	1
X	120000001	0.709064	0.47393	1
X	121000001	0.322015	0.47393	1
X	122000001	0.326661	0.47393	1
X	123000001	0.365168	0.47393	1
X	124000001	0.543739	0.47393	1
X	125000001	0.594505	0.47393	1
X	126000001	0.808308	0.47393	1
X	127000001	0.463843	0.47393	1
X	128000001	0.53186	0.47393	1
X	129000001	0.405478	0.47393	1
X	130000001	0.445418	0.47393	1
X	131000001	0.458715	0.47393	1
X	132000001	0.475994	0.47393	1
X	133000001	0.420203	0.47393	1
X	134000001	0.426095	0.47393	1
X	135000001	0.776327	0.47393	1
X	136000001	0.447858	0.47393	1
X	137000001	0.557637	0.47393	1
X	138000001	0.424172	0.47393	1
X	139000001	0.624412	0.47393	1
X	140000001	0.500094	0.47393	1
X	141000001	0.724332	0.47393	1
X	142000001	0.474097	0.47393	1
X	143000001	0.437824	0.47393	1
X	144000001	0.375573	0.47393	1
X	145000001	0.52735	0.47393	1
X	146000001	0.502222	0.47393	1
X	147000001	0.432076	0.47393	1
X	148000001	0.506032	0.47393	1
X	149000001	0.396428	0.47393	1
X	150000001	0.456705	0.47393	1
X	151000001	0.754999	0.47393	1
X	152000001	0.334642	0.408038	1
X	153000001	0.367891	0.408038	1
X	154000001	0.448185	0.408038	1
X	155000001	0.478564	0.408038	1
X	156000001	2.20226	2.20226	4
Y	1	-1	-1	1
Y	1000001	-1	-1	1
Y	2000001	0.891962	0.575358	1
Y	3000001	0.375405	0.575358	1
Y	4000001	0.576576	0.575358	1
Y	5000001	0.504771	0.575358	1
Y	6000001	0.43331	0.575358	1
Y	7000001	0.329466	0.575358	1
Y	8000001	0.411399	0.575358	1
Y	9000001	0.46448	0.575358	1
Y	10000001	1.02177	0.575358	1
Y	11000001	0.631531	0.575358	1
Y	12000001	0.50146	0.575358	1
Y	13000001	0.59676	0.575358	1
Y	14000001	0.666628	0.575358	1
Y	15000001	0.684186	0.575358	1
Y	16000001	0.575358	0.575358	1
Y	17000001	0.356742	0.356742	1
Y	18000001	0.356146	0.356742	1
Y	19000001	0.353809	0.356742	1
Y	20000001	0.473143	0.356742	1
Y	21000001	0.893517	0.356742	1
Y	22000001	0.43772	0.43772	1
Y	23000001	0.256868	-1	1
Y	24000001	0.300448	-1	1
Y	25000001	0.224499	-1	1
Y	26000001	0.413093	-1	1
Y	27000001	-1	-1	1
Y	28000001	-1	-1	1
Y	29000001	-1	-1	1
Y	30000001	-1	-1	1
Y	31000001	-1	-1	1
Y	32000001	-1	-1	1
Y	33000001	-1	-1	1
Y	34000001	-1	-1	1
Y	35000001	-1	-1	1
Y	36000001	-1	-1	1
Y	37000001	-1	-1	1
Y	38000001	-1	-1	1
Y	39000001	-1	-1	1
Y	40000001	-1	-1	1
Y	41000001	-1	-1	1
Y	42000001	-1	-1	1
Y	43000001	-1	-1	1
Y	44000001	-1	-1	1
Y	45000001	-1	-1	1
Y	46000001	-1	-1	1
Y	47000001	-1	-1	1
Y	48000001	-1	-1	1
Y	49000001	-1	-1	1
Y	50000001	-1	-1	1
Y	51000001	-1	-1	1
Y	52000001	-1	-1	1
Y	53000001	-1	-1	1
Y	54000001	-1	-1	1
Y	55000001	-1	-1	1
Y	56000001	0.680425	-1	1
Y	57000001	-1	-1	1
