Chromosome	Start	Ratio	MedianRatio	CopyNumber
1	1	0.955875	1.1839	2
1	1000001	1.38929	1.1839	2
1	2000001	1.31686	1.1839	2
1	3000001	0.86348	1.1839	2
1	4000001	1.27917	1.1839	2
1	5000001	0.830861	1.1839	2
1	6000001	0.732247	1.1839	2
1	7000001	1.41179	1.1839	2
1	8000001	1.26953	1.1839	2
1	9000001	1.10364	1.1839	2
1	10000001	0.966368	1.1839	2
1	11000001	1.26415	1.1839	2
1	12000001	0.858331	0.953121	2
1	13000001	0.92794	0.953121	2
1	14000001	1.03672	0.953121	2
1	15000001	0.744119	0.953121	2
1	16000001	0.865905	0.953121	2
1	17000001	0.749879	0.953121	2
1	18000001	0.792778	0.953121	2
1	19000001	0.893417	0.953121	2
1	20000001	1.01659	0.953121	2
1	21000001	1.11694	0.953121	2
1	22000001	1.03723	0.953121	2
1	23000001	0.700536	0.953121	2
1	24000001	1.0315	0.953121	2
1	25000001	0.958803	0.953121	2
1	26000001	0.855587	0.953121	2
1	27000001	0.987595	0.953121	2
1	28000001	1.114	0.953121	2
1	29000001	0.916478	0.953121	2
1	30000001	0.890356	0.953121	2
1	31000001	1.01311	0.953121	2
1	32000001	1.12991	0.953121	2
1	33000001	1.19439	0.953121	2
1	34000001	1.12945	0.953121	2
1	35000001	1.08451	0.953121	2
1	36000001	0.91965	0.953121	2
1	37000001	0.923257	0.953121	2
1	38000001	0.972056	0.953121	2
1	39000001	0.877155	0.953121	2
1	40000001	1.20782	0.953121	2
1	41000001	0.946534	0.953121	2
1	42000001	0.746152	0.953121	2
1	43000001	1.09749	0.953121	2
1	44000001	0.953121	0.953121	2
1	45000001	0.750052	0.953121	2
1	46000001	0.971478	0.953121	2
1	47000001	0.977516	0.953121	2
1	48000001	0.883976	0.953121	2
1	49000001	1.18602	1.08825	2
1	50000001	1.06044	1.08825	2
1	51000001	1.36981	1.08825	2
1	52000001	1.00596	1.08825	2
1	53000001	1.01973	1.08825	2
1	54000001	1.06032	1.08825	2
1	55000001	0.830664	1.08825	2
1	56000001	1.20054	1.08825	2
1	57000001	0.835868	1.08825	2
1	58000001	1.20249	1.08825	2
1	59000001	0.991294	1.08825	2
1	60000001	0.952	1.08825	2
1	61000001	1.29646	1.08825	2
1	62000001	1.21935	1.08825	2
1	63000001	0.906298	1.08825	2
1	64000001	0.865986	1.08825	2
1	65000001	1.27463	1.08825	2
1	66000001	1.08485	1.08825	2
1	67000001	0.841727	1.08825	2
1	68000001	1.43749	1.08825	2
1	69000001	1.04058	1.08825	2
1	70000001	1.17324	1.08825	2
1	71000001	1.04311	1.08825	2
1	72000001	1.00229	1.08825	2
1	73000001	1.12796	1.08825	2
1	74000001	1.12282	1.08825	2
1	75000001	1.13885	1.08825	2
1	76000001	1.13574	1.08825	2
1	77000001	0.934967	1.08825	2
1	78000001	1.28607	1.08825	2
1	79000001	1.26553	1.08825	2
1	80000001	1.25095	1.08825	2
1	81000001	1.19212	1.08825	2
1	82000001	1.0035	1.08825	2
1	83000001	0.940512	1.08825	2
1	84000001	1.21514	1.08825	2
1	85000001	0.973278	1.08825	2
1	86000001	0.913719	1.08825	2
1	87000001	1.10586	1.08825	2
1	88000001	1.04697	1.08825	2
1	89000001	1.23989	1.08825	2
1	90000001	0.841353	1.08825	2
1	91000001	0.930729	1.08825	2
1	92000001	1.00835	1.08825	2
1	93000001	1.10584	1.08825	2
1	94000001	0.947379	1.08825	2
1	95000001	1.12278	1.08825	2
1	96000001	1.0441	1.08825	2
1	97000001	1.17774	1.08825	2
1	98000001	1.1852	1.08825	2
1	99000001	1.27642	1.08825	2
1	100000001	1.19792	1.08825	2
1	101000001	0.971608	1.08825	2
1	102000001	0.997618	1.08825	2
1	103000001	1.09403	1.08825	2
1	104000001	1.0521	1.08825	2
1	105000001	1.13545	1.08825	2
1	106000001	1.05089	1.08825	2
1	107000001	1.22227	1.08825	2
1	108000001	1.02507	1.08825	2
1	109000001	1.14644	1.08825	2
1	110000001	0.957699	1.08825	2
1	111000001	0.948508	1.08825	2
1	112000001	1.09135	1.08825	2
1	113000001	1.36855	1.08825	2
1	114000001	1.09753	1.08825	2
1	115000001	1.14273	1.08825	2
1	116000001	0.964839	1.08825	2
1	117000001	1.04663	1.08825	2
1	118000001	1.45964	1.08825	2
1	119000001	1.26164	1.08825	2
1	120000001	1.09307	1.08825	2
1	121000001	1.25518	1.08825	2
1	122000001	1.07051	1.08825	2
1	123000001	1.00084	1.08825	2
1	124000001	1.08516	1.08825	2
1	125000001	2.51508	2.51508	5
1	126000001	-1	-1	4
1	127000001	-1	-1	4
1	128000001	-1	-1	4
1	129000001	-1	-1	4
1	130000001	-1	-1	4
1	131000001	-1	-1	4
1	132000001	-1	-1	4
1	133000001	-1	-1	4
1	134000001	-1	-1	4
1	135000001	-1	-1	4
1	136000001	-1	-1	4
1	137000001	-1	-1	4
1	138000001	-1	-1	4
1	139000001	-1	-1	4
1	140000001	-1	-1	4
1	141000001	-1	-1	4
1	142000001	-1	-1	4
1	143000001	1.8636	1.8636	4
1	144000001	1.11562	1.04129	2
1	145000001	1.04129	1.04129	2
1	146000001	1.10669	1.04129	2
1	147000001	1.20328	1.04129	2
1	148000001	1.1643	1.04129	2
1	149000001	0.978002	1.04129	2
1	150000001	0.978597	1.04129	2
1	151000001	1.06108	1.04129	2
1	152000001	1.15824	1.04129	2
1	153000001	1.12196	1.04129	2
1	154000001	0.927831	1.04129	2
1	155000001	0.973285	1.04129	2
1	156000001	0.9325	1.04129	2
1	157000001	1.13047	1.04129	2
1	158000001	1.12877	1.04129	2
1	159000001	0.880269	1.04129	2
1	160000001	0.942518	1.04129	2
1	161000001	0.929025	1.04129	2
1	162000001	1.06263	1.04129	2
1	163000001	1.26217	1.04129	2
1	164000001	1.06158	1.04129	2
1	165000001	0.884111	1.04129	2
1	166000001	0.877591	1.04129	2
1	167000001	0.913477	1.04129	2
1	168000001	1.00451	1.04129	2
1	169000001	0.94672	1.04129	2
1	170000001	1.20939	1.04129	2
1	171000001	1.01546	1.04129	2
1	172000001	1.15636	1.04129	2
1	173000001	0.871473	0.911509	2
1	174000001	0.851551	0.911509	2
1	175000001	0.862826	0.911509	2
1	176000001	0.999295	0.911509	2
1	177000001	0.91037	0.911509	2
1	178000001	0.810957	0.911509	2
1	179000001	0.956108	0.911509	2
1	180000001	0.911509	0.911509	2
1	181000001	1.03761	0.911509	2
1	182000001	0.949219	0.911509	2
1	183000001	1.11399	0.911509	2
1	184000001	0.87628	0.911509	2
1	185000001	0.926609	0.911509	2
1	186000001	1.32244	1.271	3
1	187000001	0.986013	1.271	3
1	188000001	1.28947	1.271	3
1	189000001	1.26419	1.271	3
1	190000001	1.23743	1.271	3
1	191000001	1.08194	1.271	3
1	192000001	1.33988	1.271	3
1	193000001	1.31783	1.271	3
1	194000001	1.271	1.271	3
1	195000001	1.04456	1.05642	2
1	196000001	0.84373	1.05642	2
1	197000001	0.934678	1.05642	2
1	198000001	1.03361	1.05642	2
1	199000001	1.2581	1.05642	2
1	200000001	1.16236	1.05642	2
1	201000001	1.07971	1.05642	2
1	202000001	0.979175	1.05642	2
1	203000001	0.96316	1.05642	2
1	204000001	0.797682	1.05642	2
1	205000001	0.894769	1.05642	2
1	206000001	0.935687	1.05642	2
1	207000001	0.988215	1.05642	2
1	208000001	1.44184	1.05642	2
1	209000001	1.1528	1.05642	2
1	210000001	1.41541	1.05642	2
1	211000001	0.991398	1.05642	2
1	212000001	1.11574	1.05642	2
1	213000001	1.21148	1.05642	2
1	214000001	0.728975	1.05642	2
1	215000001	1.1762	1.05642	2
1	216000001	0.983609	1.05642	2
1	217000001	1.35899	1.05642	2
1	218000001	1.25775	1.05642	2
1	219000001	1.12439	1.05642	2
1	220000001	1.09194	1.05642	2
1	221000001	1.05012	1.05642	2
1	222000001	1.26404	1.05642	2
1	223000001	0.740341	1.05642	2
1	224000001	0.967963	1.05642	2
1	225000001	0.793221	1.05642	2
1	226000001	0.963086	1.05642	2
1	227000001	1.06789	1.05642	2
1	228000001	0.925011	1.05642	2
1	229000001	1.06273	1.05642	2
1	230000001	1.18575	1.05642	2
1	231000001	0.949791	1.05642	2
1	232000001	1.00787	1.05642	2
1	233000001	1.10649	1.05642	2
1	234000001	1.11282	1.05642	2
1	235000001	0.780993	1.05642	2
1	236000001	0.762927	1.05642	2
1	237000001	1.28688	1.05642	2
1	238000001	1.22749	1.05642	2
1	239000001	1.1704	1.05642	2
1	240000001	1.0984	1.05642	2
1	241000001	0.877158	1.05642	2
1	242000001	1.1794	1.05642	2
1	243000001	1.10386	1.05642	2
1	244000001	0.959549	1.05642	2
1	245000001	0.963065	1.05642	2
1	246000001	1.10837	1.05642	2
1	247000001	1.12397	1.05642	2
1	248000001	0.918228	1.05642	2
10	1	0.925719	1.03327	2
10	1000001	0.834462	1.03327	2
10	2000001	1.00134	1.03327	2
10	3000001	1.20089	1.03327	2
10	4000001	0.754907	1.03327	2
10	5000001	1.17743	1.03327	2
10	6000001	1.23144	1.03327	2
10	7000001	0.922092	1.03327	2
10	8000001	1.0195	1.03327	2
10	9000001	1.19929	1.03327	2
10	10000001	1.20626	1.03327	2
10	11000001	0.877546	1.03327	2
10	12000001	0.902612	1.03327	2
10	13000001	1.17164	1.03327	2
10	14000001	0.747213	1.03327	2
10	15000001	1.10966	1.03327	2
10	16000001	1.06719	1.03327	2
10	17000001	1.05689	1.03327	2
10	18000001	0.97212	1.03327	2
10	19000001	1.29918	1.03327	2
10	20000001	0.997913	1.03327	2
10	21000001	1.37517	1.03327	2
10	22000001	0.92574	1.03327	2
10	23000001	1.18222	1.03327	2
10	24000001	0.834651	1.03327	2
10	25000001	0.873041	1.03327	2
10	26000001	1.03476	1.03327	2
10	27000001	0.907233	1.03327	2
10	28000001	0.936893	1.03327	2
10	29000001	0.792628	1.03327	2
10	30000001	0.754355	1.03327	2
10	31000001	1.35735	1.03327	2
10	32000001	1.08561	1.03327	2
10	33000001	1.10171	1.03327	2
10	34000001	1.03716	1.03327	2
10	35000001	1.23181	1.03327	2
10	36000001	1.03872	1.03327	2
10	37000001	1.21427	1.03327	2
10	38000001	0.967916	1.03327	2
10	39000001	1.1357	1.03327	2
10	40000001	1.22957	1.03327	2
10	41000001	0.98394	1.03327	2
10	42000001	1.06971	1.03327	2
10	43000001	0.973557	1.03327	2
10	44000001	1.06887	1.03327	2
10	45000001	1.08692	1.03327	2
10	46000001	0.898442	1.03327	2
10	47000001	0.821832	1.03327	2
10	48000001	0.944736	1.03327	2
10	49000001	0.888634	1.03327	2
10	50000001	1.21573	1.03327	2
10	51000001	1.00165	1.03327	2
10	52000001	1.05058	1.03327	2
10	53000001	1.03327	1.03327	2
10	54000001	1.10374	1.03327	2
10	55000001	1.16268	1.03327	2
10	56000001	1.18867	1.03327	2
10	57000001	1.54027	1.03327	2
10	58000001	1.02986	1.03327	2
10	59000001	1.12352	1.03327	2
10	60000001	1.22671	1.03327	2
10	61000001	1.06512	1.03327	2
10	62000001	0.961418	1.03327	2
10	63000001	1.11479	1.03327	2
10	64000001	1.20045	1.03327	2
10	65000001	1.1186	1.03327	2
10	66000001	1.17273	1.03327	2
10	67000001	0.997921	1.03327	2
10	68000001	0.960637	1.03327	2
10	69000001	1.0188	1.03327	2
10	70000001	1.09458	1.03327	2
10	71000001	0.812247	1.03327	2
10	72000001	0.81893	1.03327	2
10	73000001	0.875597	1.03327	2
10	74000001	1.04819	1.03327	2
10	75000001	0.979086	1.03327	2
10	76000001	1.36656	1.03327	2
10	77000001	0.924961	1.03327	2
10	78000001	0.880589	1.03327	2
10	79000001	0.996879	1.03327	2
10	80000001	0.988179	1.03327	2
10	81000001	1.02196	1.03327	2
10	82000001	1.21075	1.03327	2
10	83000001	0.952781	1.03327	2
10	84000001	1.02257	1.03327	2
10	85000001	1.10265	1.03327	2
10	86000001	1.06795	1.03327	2
10	87000001	0.95581	1.03327	2
10	88000001	1.15893	1.03327	2
10	89000001	0.901322	1.03327	2
10	90000001	0.90468	1.03327	2
10	91000001	1.2312	1.03327	2
10	92000001	1.09766	1.03327	2
10	93000001	1.22193	1.03327	2
10	94000001	1.11812	1.03327	2
10	95000001	1.20772	1.03327	2
10	96000001	1.07954	1.03327	2
10	97000001	0.785048	1.03327	2
10	98000001	1.11999	1.03327	2
10	99000001	0.980812	1.03327	2
10	100000001	1.01333	1.03327	2
10	101000001	0.909926	1.03327	2
10	102000001	0.916395	1.03327	2
10	103000001	0.846293	1.03327	2
10	104000001	0.989795	1.03327	2
10	105000001	1.08948	1.03327	2
10	106000001	1.07444	1.03327	2
10	107000001	1.09977	1.03327	2
10	108000001	0.948781	1.03327	2
10	109000001	0.974005	1.03327	2
10	110000001	1.08334	1.03327	2
10	111000001	0.946197	1.03327	2
10	112000001	1.13373	1.03327	2
10	113000001	0.914584	1.03327	2
10	114000001	1.01368	1.03327	2
10	115000001	1.08621	1.03327	2
10	116000001	1.15727	1.03327	2
10	117000001	0.861017	1.03327	2
10	118000001	0.877477	1.03327	2
10	119000001	0.843248	1.03327	2
10	120000001	0.936108	1.03327	2
10	121000001	1.13248	1.03327	2
10	122000001	1.26681	1.03327	2
10	123000001	0.852019	0.852019	2
10	124000001	0.94413	0.852019	2
10	125000001	0.775386	0.852019	2
10	126000001	3.30732	3.30732	7
10	127000001	0.995829	0.995829	2
10	128000001	0.966905	0.995829	2
10	129000001	0.978698	0.995829	2
10	130000001	1.09707	0.995829	2
10	131000001	0.872178	0.995829	2
10	132000001	1.01551	0.995829	2
10	133000001	1.69894	0.995829	2
11	1	1.08681	1.08681	2
11	1000001	0.816149	1.08681	2
11	2000001	1.10252	1.08681	2
11	3000001	0.935892	1.08681	2
11	4000001	0.806616	1.08681	2
11	5000001	1.08934	1.08681	2
11	6000001	1.26452	1.08681	2
11	7000001	1.03194	1.08681	2
11	8000001	1.16437	1.08681	2
11	9000001	1.25133	1.08681	2
11	10000001	0.784738	1.08681	2
11	11000001	1.99788	1.99788	4
11	12000001	0.981278	1.07291	2
11	13000001	1.02203	1.07291	2
11	14000001	1.22236	1.07291	2
11	15000001	1.10784	1.07291	2
11	16000001	1.08512	1.07291	2
11	17000001	0.929106	1.07291	2
11	18000001	1.02741	1.07291	2
11	19000001	1.01654	1.07291	2
11	20000001	0.849788	1.07291	2
11	21000001	1.17507	1.07291	2
11	22000001	1.56055	1.07291	2
11	23000001	0.792672	1.07291	2
11	24000001	0.92683	1.07291	2
11	25000001	1.13354	1.07291	2
11	26000001	0.914677	1.07291	2
11	27000001	0.866317	1.07291	2
11	28000001	1.12241	1.07291	2
11	29000001	1.12877	1.07291	2
11	30000001	1.22677	1.07291	2
11	31000001	1.04603	1.07291	2
11	32000001	1.14077	1.07291	2
11	33000001	0.784685	1.07291	2
11	34000001	0.985956	1.07291	2
11	35000001	1.18219	1.07291	2
11	36000001	0.834055	1.07291	2
11	37000001	1.19883	1.07291	2
11	38000001	1.21054	1.07291	2
11	39000001	0.911461	1.07291	2
11	40000001	1.22815	1.07291	2
11	41000001	1.33472	1.07291	2
11	42000001	0.934789	1.07291	2
11	43000001	1.07381	1.07291	2
11	44000001	0.93254	1.07291	2
11	45000001	0.95448	1.07291	2
11	46000001	1.40625	1.07291	2
11	47000001	1.04093	1.07291	2
11	48000001	1.09297	1.07291	2
11	49000001	1.1028	1.07291	2
11	50000001	1.37	1.07291	2
11	51000001	0.940986	1.07291	2
11	52000001	0.803388	1.07291	2
11	53000001	0.776595	1.07291	2
11	54000001	1.0882	1.07291	2
11	55000001	1.08018	1.07291	2
11	56000001	1.06841	1.07291	2
11	57000001	1.00805	1.07291	2
11	58000001	1.14887	1.07291	2
11	59000001	1.10495	1.07291	2
11	60000001	1.09015	1.07291	2
11	61000001	0.955058	1.07291	2
11	62000001	1.19771	1.07291	2
11	63000001	0.913879	1.07291	2
11	64000001	1.01954	1.07291	2
11	65000001	0.887306	1.07291	2
11	66000001	0.876593	1.07291	2
11	67000001	0.864195	1.07291	2
11	68000001	1.12497	1.07291	2
11	69000001	1.67358	1.07291	2
11	70000001	0.855287	1.07291	2
11	71000001	1.1957	1.07291	2
11	72000001	1.00126	1.07291	2
11	73000001	1.00151	1.07291	2
11	74000001	1.03261	1.07291	2
11	75000001	0.913627	1.07291	2
11	76000001	1.15408	1.07291	2
11	77000001	0.825535	1.07291	2
11	78000001	0.841352	1.07291	2
11	79000001	1.13425	1.07291	2
11	80000001	1.20441	1.07291	2
11	81000001	1.18082	1.07291	2
11	82000001	0.909919	1.07291	2
11	83000001	1.14832	1.07291	2
11	84000001	1.18185	1.07291	2
11	85000001	1.25308	1.07291	2
11	86000001	1.22258	1.07291	2
11	87000001	1.14227	1.07291	2
11	88000001	0.955921	1.07291	2
11	89000001	1.06504	1.07291	2
11	90000001	1.1416	1.07291	2
11	91000001	1.25761	1.07291	2
11	92000001	1.23909	1.07291	2
11	93000001	1.07201	1.07291	2
11	94000001	0.89497	1.07291	2
11	95000001	1.02087	1.07291	2
11	96000001	1.70569	1.07291	2
11	97000001	1.13795	1.07291	2
11	98000001	1.02173	1.07291	2
11	99000001	1.13758	1.07291	2
11	100000001	1.11948	1.07291	2
11	101000001	0.967513	1.07291	2
11	102000001	1.09898	1.07291	2
11	103000001	1.00785	1.07291	2
11	104000001	1.83602	1.58948	3
11	105000001	1.34293	1.58948	3
11	106000001	1.06038	1.05992	2
11	107000001	1.16101	1.05992	2
11	108000001	1.0787	1.05992	2
11	109000001	1.05992	1.05992	2
11	110000001	1.04533	1.05992	2
11	111000001	1.0803	1.05992	2
11	112000001	1.19062	1.05992	2
11	113000001	0.809746	1.05992	2
11	114000001	1.09804	1.05992	2
11	115000001	1.00173	1.05992	2
11	116000001	0.969586	1.05992	2
11	117000001	0.740211	1.05992	2
11	118000001	1.05022	1.05992	2
11	119000001	0.918731	1.05992	2
11	120000001	0.968289	1.05992	2
11	121000001	1.10252	1.05992	2
11	122000001	1.31151	1.05992	2
11	123000001	0.929249	1.05992	2
11	124000001	1.02194	1.05992	2
11	125000001	1.13794	1.05992	2
11	126000001	0.905882	1.05992	2
11	127000001	0.966199	1.05992	2
11	128000001	1.13433	1.05992	2
11	129000001	0.861618	1.05992	2
11	130000001	1.08898	1.05992	2
11	131000001	1.24933	1.05992	2
11	132000001	1.22039	1.05992	2
11	133000001	0.83451	0.83451	2
11	134000001	0.851996	0.83451	2
11	135000001	0.706243	0.83451	2
12	1	0.928033	0.999642	2
12	1000001	0.93823	0.999642	2
12	2000001	0.99704	0.999642	2
12	3000001	1.13749	0.999642	2
12	4000001	0.956188	0.999642	2
12	5000001	1.11041	0.999642	2
12	6000001	0.784161	0.999642	2
12	7000001	1.03227	0.999642	2
12	8000001	1.21388	0.999642	2
12	9000001	0.921283	0.999642	2
12	10000001	1.12538	0.999642	2
12	11000001	1.02812	0.999642	2
12	12000001	0.752852	0.999642	2
12	13000001	1.30828	0.999642	2
12	14000001	1.00224	0.999642	2
12	15000001	0.75185	0.999642	2
12	16000001	1.21129	1.16557	2
12	17000001	1.30893	1.16557	2
12	18000001	1.15701	1.16557	2
12	19000001	1.17413	1.16557	2
12	20000001	1.00112	1.16557	2
12	21000001	1.03747	1.16557	2
12	22000001	1.35765	1.35859	3
12	23000001	1.43485	1.35859	3
12	24000001	1.35859	1.35859	3
12	25000001	0.804856	0.810736	2
12	26000001	0.810736	0.810736	2
12	27000001	0.778799	0.810736	2
12	28000001	1.0003	0.810736	2
12	29000001	0.833936	0.810736	2
12	30000001	0.760769	0.810736	2
12	31000001	0.875858	0.810736	2
12	32000001	1.01183	1.14719	2
12	33000001	1.1981	1.14719	2
12	34000001	1.03453	1.14719	2
12	35000001	1.19082	1.14719	2
12	36000001	1.26871	1.14719	2
12	37000001	1.07758	1.14719	2
12	38000001	1.05184	1.14719	2
12	39000001	1.32176	1.14719	2
12	40000001	1.14708	1.14719	2
12	41000001	1.14731	1.14719	2
12	42000001	1.02034	1.14719	2
12	43000001	1.37659	1.14719	2
12	44000001	0.797956	1.05467	2
12	45000001	1.26702	1.05467	2
12	46000001	1.02633	1.05467	2
12	47000001	1.083	1.05467	2
12	48000001	2.07422	2.07422	4
12	49000001	1.06711	0.98639	2
12	50000001	0.942353	0.98639	2
12	51000001	0.943133	0.98639	2
12	52000001	0.90996	0.98639	2
12	53000001	1.14437	0.98639	2
12	54000001	1.05178	0.98639	2
12	55000001	1.17175	0.98639	2
12	56000001	0.952546	0.98639	2
12	57000001	0.982444	0.98639	2
12	58000001	0.866216	0.98639	2
12	59000001	1.12387	0.98639	2
12	60000001	0.990336	0.98639	2
12	61000001	1.30922	1.35144	3
12	62000001	1.39365	1.35144	3
12	63000001	1.13413	1.02545	2
12	64000001	0.978721	1.02545	2
12	65000001	1.09659	1.02545	2
12	66000001	1.01969	1.02545	2
12	67000001	1.03121	1.02545	2
12	68000001	0.936375	1.02545	2
12	69000001	1.07114	1.02545	2
12	70000001	0.847513	1.02545	2
12	71000001	0.976689	1.02545	2
12	72000001	1.07244	1.02545	2
12	73000001	1.44463	1.20669	2
12	74000001	1.09653	1.20669	2
12	75000001	0.953953	1.20669	2
12	76000001	1.28725	1.20669	2
12	77000001	1.2392	1.20669	2
12	78000001	1.14286	1.20669	2
12	79000001	1.37993	1.20669	2
12	80000001	1.24893	1.20669	2
12	81000001	1.2749	1.20669	2
12	82000001	0.982439	1.20669	2
12	83000001	1.17418	1.20669	2
12	84000001	1.16803	1.20669	2
12	85000001	1.57638	1.49673	3
12	86000001	1.41707	1.49673	3
12	87000001	1.09491	1.1336	2
12	88000001	0.866354	1.1336	2
12	89000001	1.4836	1.1336	2
12	90000001	1.17228	1.1336	2
12	91000001	0.861472	0.993569	2
12	92000001	0.957275	0.993569	2
12	93000001	1.06638	0.993569	2
12	94000001	1.0653	0.993569	2
12	95000001	1.30871	0.993569	2
12	96000001	0.943116	0.993569	2
12	97000001	0.652717	0.993569	2
12	98000001	0.829297	0.993569	2
12	99000001	1.10538	0.993569	2
12	100000001	1.11928	0.993569	2
12	101000001	1.38134	0.993569	2
12	102000001	0.78767	0.993569	2
12	103000001	1.06482	0.993569	2
12	104000001	1.02084	0.993569	2
12	105000001	1.14392	0.993569	2
12	106000001	1.1304	0.993569	2
12	107000001	1.08264	0.993569	2
12	108000001	1.00038	0.993569	2
12	109000001	1.0248	0.993569	2
12	110000001	1.02253	0.993569	2
12	111000001	0.962165	0.993569	2
12	112000001	1.09966	0.993569	2
12	113000001	0.895207	0.993569	2
12	114000001	1.00701	0.993569	2
12	115000001	0.947024	0.993569	2
12	116000001	0.869026	0.993569	2
12	117000001	0.727677	0.993569	2
12	118000001	0.880599	0.993569	2
12	119000001	1.09086	0.993569	2
12	120000001	1.06516	0.993569	2
12	121000001	0.871269	0.993569	2
12	122000001	1.06356	0.993569	2
12	123000001	0.870329	0.993569	2
12	124000001	0.936818	0.993569	2
12	125000001	0.916019	0.993569	2
12	126000001	0.986762	0.993569	2
12	127000001	0.81893	0.993569	2
12	128000001	0.984216	0.993569	2
12	129000001	1.50246	1.17479	2
12	130000001	1.08676	1.17479	2
12	131000001	1.58651	1.17479	2
12	132000001	1.17479	1.17479	2
12	133000001	1.16031	1.17479	2
13	1	-1	-1	2
13	1000001	-1	-1	2
13	2000001	-1	-1	2
13	3000001	-1	-1	2
13	4000001	-1	-1	2
13	5000001	-1	-1	2
13	6000001	-1	-1	2
13	7000001	-1	-1	2
13	8000001	-1	-1	2
13	9000001	-1	-1	2
13	10000001	-1	-1	2
13	11000001	-1	-1	2
13	12000001	-1	-1	2
13	13000001	-1	-1	2
13	14000001	-1	-1	2
13	15000001	-1	-1	2
13	16000001	1.03695	1.0377	2
13	17000001	0.999423	1.0377	2
13	18000001	1.44725	1.0377	2
13	19000001	1.1179	1.0377	2
13	20000001	0.850765	1.0377	2
13	21000001	1.15177	1.0377	2
13	22000001	1.07165	1.0377	2
13	23000001	0.967538	1.0377	2
13	24000001	1.00138	1.0377	2
13	25000001	1.01294	1.0377	2
13	26000001	1.1823	1.0377	2
13	27000001	0.811125	1.0377	2
13	28000001	1.06059	1.0377	2
13	29000001	1.26729	1.0377	2
13	30000001	0.915812	1.0377	2
13	31000001	1.41665	1.0377	2
13	32000001	1.02198	1.0377	2
13	33000001	1.1116	1.0377	2
13	34000001	1.01814	1.0377	2
13	35000001	1.1907	1.0377	2
13	36000001	1.12255	1.0377	2
13	37000001	1.0377	1.0377	2
13	38000001	0.978418	1.0377	2
13	39000001	1.00856	1.0377	2
13	40000001	1.16048	1.0377	2
13	41000001	1.80117	1.80117	4
13	42000001	0.804609	1.11987	2
13	43000001	1.11987	1.11987	2
13	44000001	1.12094	1.11987	2
13	45000001	0.93008	1.11987	2
13	46000001	1.24669	1.11987	2
13	47000001	1.28661	1.11987	2
13	48000001	1.1431	1.11987	2
13	49000001	1.10271	1.11987	2
13	50000001	1.06494	1.11987	2
13	51000001	1.15295	1.11987	2
13	52000001	0.725425	1.11987	2
13	53000001	1.14114	1.11987	2
13	54000001	1.11048	1.11987	2
13	55000001	1.24086	1.11987	2
13	56000001	0.934563	1.11987	2
13	57000001	1.30869	1.11987	2
13	58000001	0.935441	1.11987	2
13	59000001	1.34593	1.11987	2
13	60000001	0.937151	1.11987	2
13	61000001	1.13605	1.11987	2
13	62000001	1.06056	1.11987	2
13	63000001	1.169	1.11987	2
13	64000001	1.24659	1.11987	2
13	65000001	0.994381	1.11987	2
13	66000001	1.24844	1.11987	2
13	67000001	0.992307	1.11987	2
13	68000001	0.938103	1.11987	2
13	69000001	1.21592	1.21768	2
13	70000001	1.21768	1.21768	2
13	71000001	1.75697	1.21768	2
13	72000001	1.03447	1.03447	2
13	73000001	0.796707	0.827256	2
13	74000001	0.8835	0.827256	2
13	75000001	0.827256	0.827256	2
13	76000001	1.13706	1.06645	2
13	77000001	1.14505	1.06645	2
13	78000001	1.01327	1.06645	2
13	79000001	1.10935	1.06645	2
13	80000001	1.06611	1.06645	2
13	81000001	1.36199	1.06645	2
13	82000001	0.994616	1.06645	2
13	83000001	1.06678	1.06645	2
13	84000001	1.04642	1.06645	2
13	85000001	1.04786	1.06645	2
13	86000001	1.45953	1.26781	3
13	87000001	1.32046	1.26781	3
13	88000001	0.958187	1.26781	3
13	89000001	1.16035	1.26781	3
13	90000001	1.34963	1.26781	3
13	91000001	1.21517	1.26781	3
13	92000001	0.839505	1.058	2
13	93000001	0.903273	1.058	2
13	94000001	1.28313	1.058	2
13	95000001	1.25525	1.058	2
13	96000001	1.11934	1.058	2
13	97000001	0.918165	1.058	2
13	98000001	1.058	1.058	2
13	99000001	1.30111	1.24572	2
13	100000001	1.19211	1.24572	2
13	101000001	1.11645	1.24572	2
13	102000001	1.13352	1.24572	2
13	103000001	1.34051	1.24572	2
13	104000001	1.31118	1.24572	2
13	105000001	1.0211	1.24572	2
13	106000001	1.30013	1.24572	2
13	107000001	1.5514	1.24572	2
13	108000001	1.16118	1.24572	2
13	109000001	1.00203	1.24572	2
13	110000001	1.29934	1.24572	2
13	111000001	0.925703	0.971371	2
13	112000001	1.19522	0.971371	2
13	113000001	0.915413	0.971371	2
13	114000001	1.01704	0.971371	2
14	1	-1	-1	3
14	1000001	-1	-1	3
14	2000001	-1	-1	3
14	3000001	-1	-1	3
14	4000001	-1	-1	3
14	5000001	-1	-1	3
14	6000001	-1	-1	3
14	7000001	-1	-1	3
14	8000001	-1	-1	3
14	9000001	-1	-1	3
14	10000001	-1	-1	3
14	11000001	-1	-1	3
14	12000001	-1	-1	3
14	13000001	-1	-1	3
14	14000001	-1	-1	3
14	15000001	-1	-1	3
14	16000001	1.40138	1.40138	3
14	17000001	0.945565	1.01024	2
14	18000001	1.15663	1.01024	2
14	19000001	0.88916	1.01024	2
14	20000001	0.978448	1.01024	2
14	21000001	0.990753	1.01024	2
14	22000001	1.12649	1.01024	2
14	23000001	1.03209	1.01024	2
14	24000001	1.02974	1.01024	2
14	25000001	1.14119	1.14119	2
14	26000001	1.14651	1.14119	2
14	27000001	1.11796	1.14119	2
14	28000001	1.33007	1.33007	3
14	29000001	1.2317	1.33007	3
14	30000001	1.33416	1.33007	3
14	31000001	0.961818	0.985504	2
14	32000001	0.977821	0.985504	2
14	33000001	0.911695	0.985504	2
14	34000001	1.26599	0.985504	2
14	35000001	1.00576	0.985504	2
14	36000001	0.946927	0.985504	2
14	37000001	0.905161	0.985504	2
14	38000001	0.856668	0.985504	2
14	39000001	1.22532	0.985504	2
14	40000001	1.00163	0.985504	2
14	41000001	0.993188	0.985504	2
14	42000001	1.15371	0.985504	2
14	43000001	1.12709	0.985504	2
14	44000001	1.10507	0.985504	2
14	45000001	0.91964	0.985504	2
14	46000001	0.963516	0.985504	2
14	47000001	1.30585	1.22242	2
14	48000001	1.10118	1.22242	2
14	49000001	1.03785	1.22242	2
14	50000001	1.25284	1.22242	2
14	51000001	1.28205	1.22242	2
14	52000001	1.192	1.22242	2
14	53000001	0.992509	0.993809	2
14	54000001	1.0795	0.993809	2
14	55000001	1.14002	0.993809	2
14	56000001	0.914022	0.993809	2
14	57000001	0.899355	0.993809	2
14	58000001	0.993809	0.993809	2
14	59000001	1.03569	0.993809	2
14	60000001	2.32841	2.32841	5
14	61000001	1.06499	1.02566	2
14	62000001	1.18679	1.02566	2
14	63000001	1.04648	1.02566	2
14	64000001	0.969868	1.02566	2
14	65000001	0.933279	1.02566	2
14	66000001	1.06689	1.02566	2
14	67000001	0.91963	1.02566	2
14	68000001	1.20417	1.02566	2
14	69000001	0.931936	1.02566	2
14	70000001	1.0923	1.02566	2
14	71000001	1.09559	1.02566	2
14	72000001	0.858677	1.02566	2
14	73000001	0.990239	1.02566	2
14	74000001	1.11331	1.02566	2
14	75000001	0.988069	1.02566	2
14	76000001	0.873249	1.02566	2
14	77000001	1.04376	1.02566	2
14	78000001	0.990403	1.02566	2
14	79000001	1.00755	1.02566	2
14	80000001	1.09192	1.02566	2
14	81000001	0.974542	1.02566	2
14	82000001	1.06437	1.02566	2
14	83000001	1.38061	1.11283	2
14	84000001	1.18911	1.11283	2
14	85000001	1.03843	1.11283	2
14	86000001	1.05767	1.11283	2
14	87000001	1.0152	1.11283	2
14	88000001	1.16799	1.11283	2
14	89000001	1.0318	1.11283	2
14	90000001	1.23064	1.11283	2
14	91000001	0.962423	0.978793	2
14	92000001	0.975573	0.978793	2
14	93000001	1.056	0.978793	2
14	94000001	0.816422	0.978793	2
14	95000001	1.00105	0.978793	2
14	96000001	1.00931	0.978793	2
14	97000001	1.02693	0.978793	2
14	98000001	1.06939	0.978793	2
14	99000001	0.665507	0.978793	2
14	100000001	0.876049	0.978793	2
14	101000001	0.898008	0.978793	2
14	102000001	1.02065	0.978793	2
14	103000001	0.894444	0.978793	2
14	104000001	0.871091	0.978793	2
14	105000001	0.982013	0.978793	2
14	106000001	1.23298	0.978793	2
14	107000001	-1	-1	2
15	1	-1	-1	3
15	1000001	-1	-1	3
15	2000001	-1	-1	3
15	3000001	-1	-1	3
15	4000001	-1	-1	3
15	5000001	-1	-1	3
15	6000001	-1	-1	3
15	7000001	-1	-1	3
15	8000001	-1	-1	3
15	9000001	-1	-1	3
15	10000001	-1	-1	3
15	11000001	-1	-1	3
15	12000001	-1	-1	3
15	13000001	-1	-1	3
15	14000001	-1	-1	3
15	15000001	-1	-1	3
15	16000001	-1	-1	3
15	17000001	1.60132	1.60132	3
15	18000001	1.13149	1.0056	2
15	19000001	1.05395	1.0056	2
15	20000001	0.853855	1.0056	2
15	21000001	0.880768	1.0056	2
15	22000001	1.0056	1.0056	2
15	23000001	1.08553	1.0056	2
15	24000001	1.02467	1.0056	2
15	25000001	0.981068	1.0056	2
15	26000001	0.833074	1.0056	2
15	27000001	1.02643	1.0056	2
15	28000001	0.680958	1.0056	2
15	29000001	1.24957	1.07646	2
15	30000001	1.03283	1.07646	2
15	31000001	0.980933	1.07646	2
15	32000001	1.02611	1.07646	2
15	33000001	1.05264	1.07646	2
15	34000001	1.29586	1.07646	2
15	35000001	0.927507	1.07646	2
15	36000001	1.18502	1.07646	2
15	37000001	1.07594	1.07646	2
15	38000001	1.16331	1.07646	2
15	39000001	0.976928	1.07646	2
15	40000001	0.997112	1.07646	2
15	41000001	0.983886	1.07646	2
15	42000001	1.05927	1.07646	2
15	43000001	1.04738	1.07646	2
15	44000001	1.16546	1.07646	2
15	45000001	1.29444	1.07646	2
15	46000001	1.18383	1.07646	2
15	47000001	1.02454	1.07646	2
15	48000001	1.21122	1.07646	2
15	49000001	1.07057	1.07646	2
15	50000001	1.24733	1.07646	2
15	51000001	0.844073	1.07646	2
15	52000001	1.03613	1.07646	2
15	53000001	1.14874	1.07646	2
15	54000001	1.2327	1.07646	2
15	55000001	1.14287	1.07646	2
15	56000001	1.17223	1.07646	2
15	57000001	1.07697	1.07646	2
15	58000001	1.34458	1.07646	2
15	59000001	1.05219	1.0152	2
15	60000001	0.885009	1.0152	2
15	61000001	1.16051	1.0152	2
15	62000001	0.929452	1.0152	2
15	63000001	0.887864	1.0152	2
15	64000001	1.2348	1.0152	2
15	65000001	0.956874	1.0152	2
15	66000001	1.00656	1.0152	2
15	67000001	1.02384	1.0152	2
15	68000001	1.11978	1.0152	2
15	69000001	0.855207	0.951665	2
15	70000001	0.924823	0.951665	2
15	71000001	1.01093	0.951665	2
15	72000001	0.978508	0.951665	2
15	73000001	1.00266	0.951665	2
15	74000001	0.817867	0.951665	2
15	75000001	1.06575	0.951665	2
15	76000001	0.755481	0.951665	2
15	77000001	0.806991	0.951665	2
15	78000001	1.01505	0.951665	2
15	79000001	1.37738	1.38821	3
15	80000001	1.39904	1.38821	3
15	81000001	0.779967	0.806341	2
15	82000001	1.05619	0.806341	2
15	83000001	1.11349	0.806341	2
15	84000001	0.806341	0.806341	2
15	85000001	0.783004	0.806341	2
15	86000001	1.29816	1.27131	3
15	87000001	1.24446	1.27131	3
15	88000001	1.18309	1.27131	3
15	89000001	1.41595	1.27131	3
15	90000001	0.98767	0.967971	2
15	91000001	0.981266	0.967971	2
15	92000001	0.991916	0.967971	2
15	93000001	1.12865	0.967971	2
15	94000001	0.930062	0.967971	2
15	95000001	0.896836	0.967971	2
15	96000001	1.10135	0.967971	2
15	97000001	1.02893	0.967971	2
15	98000001	0.954676	0.967971	2
15	99000001	0.849388	0.967971	2
15	100000001	0.888443	0.967971	2
15	101000001	0.916194	0.967971	2
16	1	0.778954	0.946794	2
16	1000001	0.948965	0.946794	2
16	2000001	0.890918	0.946794	2
16	3000001	0.912029	0.946794	2
16	4000001	0.812979	0.946794	2
16	5000001	1.1133	0.946794	2
16	6000001	1.07132	0.946794	2
16	7000001	1.08186	0.946794	2
16	8000001	0.928386	0.946794	2
16	9000001	1.23768	0.946794	2
16	10000001	1.50194	0.946794	2
16	11000001	0.841671	0.946794	2
16	12000001	0.931327	0.946794	2
16	13000001	1.37428	0.946794	2
16	14000001	0.629176	0.946794	2
16	15000001	0.850306	0.946794	2
16	16000001	1.01949	0.946794	2
16	17000001	1.26929	0.946794	2
16	18000001	1.0554	0.946794	2
16	19000001	0.881507	0.946794	2
16	20000001	0.868499	0.946794	2
16	21000001	0.955364	0.946794	2
16	22000001	0.941141	0.946794	2
16	23000001	1.30601	0.946794	2
16	24000001	1.2357	0.946794	2
16	25000001	0.944624	0.946794	2
16	26000001	1.05898	0.946794	2
16	27000001	0.698239	0.946794	2
16	28000001	1.09946	0.946794	2
16	29000001	0.968489	0.946794	2
16	30000001	0.834277	0.946794	2
16	31000001	0.876618	0.946794	2
16	32000001	1.26485	1.18736	2
16	33000001	1.51594	1.18736	2
16	34000001	1.55413	1.18736	2
16	35000001	0.854947	1.18736	2
16	36000001	1.01616	1.18736	2
16	37000001	1.14264	1.18736	2
16	38000001	1.18736	1.18736	2
16	39000001	-1	-1	2
16	40000001	-1	-1	2
16	41000001	-1	-1	2
16	42000001	-1	-1	2
16	43000001	-1	-1	2
16	44000001	-1	-1	2
16	45000001	-1	-1	2
16	46000001	2.96994	2.96994	6
16	47000001	0.959144	1.02169	2
16	48000001	0.80111	1.02169	2
16	49000001	0.630783	1.02169	2
16	50000001	0.877755	1.02169	2
16	51000001	1.00009	1.02169	2
16	52000001	1.05354	1.02169	2
16	53000001	1.11007	1.02169	2
16	54000001	1.07768	1.02169	2
16	55000001	0.960736	1.02169	2
16	56000001	1.17785	1.02169	2
16	57000001	1.22382	1.02169	2
16	58000001	1.01507	1.02169	2
16	59000001	1.29008	1.02169	2
16	60000001	0.938114	1.02169	2
16	61000001	1.05548	1.02169	2
16	62000001	1.05605	1.02169	2
16	63000001	1.07945	1.02169	2
16	64000001	1.45045	1.02169	2
16	65000001	0.955635	1.02169	2
16	66000001	0.83166	1.02169	2
16	67000001	0.888578	1.02169	2
16	68000001	0.797482	1.02169	2
16	69000001	1.01182	1.02169	2
16	70000001	0.914706	1.02169	2
16	71000001	0.93655	1.02169	2
16	72000001	0.9894	1.02169	2
16	73000001	0.910295	1.02169	2
16	74000001	1.55406	1.02169	2
16	75000001	1.11116	1.02169	2
16	76000001	1.27789	1.02169	2
16	77000001	0.874664	1.02169	2
16	78000001	1.06455	1.02169	2
16	79000001	1.20406	1.02169	2
16	80000001	1.02831	1.02169	2
16	81000001	0.954455	1.02169	2
16	82000001	1.3066	1.02169	2
16	83000001	1.05449	1.02169	2
16	84000001	1.21697	1.02169	2
16	85000001	1.09033	1.02169	2
16	86000001	1.15025	1.02169	2
16	87000001	0.89036	1.02169	2
16	88000001	1.27248	1.02169	2
16	89000001	0.736959	1.02169	2
16	90000001	0.895942	1.02169	2
17	1	1.03065	1.03065	2
17	1000001	1.04111	1.03065	2
17	2000001	1.08489	1.03065	2
17	3000001	0.997789	1.03065	2
17	4000001	1.08898	1.03065	2
17	5000001	0.900611	1.03065	2
17	6000001	0.984479	1.03065	2
17	7000001	0.886516	1.03065	2
17	8000001	0.751859	1.03065	2
17	9000001	0.8907	1.03065	2
17	10000001	1.16946	1.03065	2
17	11000001	1.21551	1.03065	2
17	12000001	0.80037	1.03065	2
17	13000001	1.1901	1.03065	2
17	14000001	0.938969	1.03065	2
17	15000001	0.860552	1.03065	2
17	16000001	0.864772	1.03065	2
17	17000001	0.965868	1.03065	2
17	18000001	1.1633	1.03065	2
17	19000001	1.05643	1.03065	2
17	20000001	1.03886	1.03065	2
17	21000001	0.883405	1.03065	2
17	22000001	1.09881	1.03065	2
17	23000001	1.09481	1.03065	2
17	24000001	1.22079	1.03065	2
17	25000001	1.51119	1.63939	3
17	26000001	1.7676	1.63939	3
17	27000001	1.12149	0.947356	2
17	28000001	0.795038	0.947356	2
17	29000001	0.926566	0.947356	2
17	30000001	0.778722	0.947356	2
17	31000001	1.13247	0.947356	2
17	32000001	0.909865	0.947356	2
17	33000001	0.879059	0.947356	2
17	34000001	1.25288	0.947356	2
17	35000001	1.10978	0.947356	2
17	36000001	0.796319	0.947356	2
17	37000001	1.05312	0.947356	2
17	38000001	0.887029	0.947356	2
17	39000001	0.75471	0.947356	2
17	40000001	1.16111	0.947356	2
17	41000001	0.952686	0.947356	2
17	42000001	0.940779	0.947356	2
17	43000001	0.942025	0.947356	2
17	44000001	0.954554	0.947356	2
17	45000001	0.919233	0.947356	2
17	46000001	1.15209	0.947356	2
17	47000001	0.961493	0.947356	2
17	48000001	0.9748	0.947356	2
17	49000001	0.995074	0.947356	2
17	50000001	0.787437	0.947356	2
17	51000001	1.12847	0.997353	2
17	52000001	1.20019	0.997353	2
17	53000001	1.33124	0.997353	2
17	54000001	0.993867	0.997353	2
17	55000001	0.98832	0.997353	2
17	56000001	0.943934	0.997353	2
17	57000001	1.08296	0.997353	2
17	58000001	1.09311	0.997353	2
17	59000001	1.00084	0.997353	2
17	60000001	0.852708	0.997353	2
17	61000001	1.07194	0.997353	2
17	62000001	1.64342	0.997353	2
17	63000001	1.05803	0.997353	2
17	64000001	0.965907	0.997353	2
17	65000001	1.09818	0.997353	2
17	66000001	0.936162	0.997353	2
17	67000001	0.943755	0.997353	2
17	68000001	0.957828	0.997353	2
17	69000001	0.908172	0.997353	2
17	70000001	1.0818	0.997353	2
17	71000001	0.898604	0.997353	2
17	72000001	1.03984	0.997353	2
17	73000001	0.964899	0.997353	2
17	74000001	0.848137	0.997353	2
17	75000001	1.16714	0.997353	2
17	76000001	1.08211	0.997353	2
17	77000001	1.89223	0.997353	2
17	78000001	0.924769	0.997353	2
17	79000001	0.919334	0.997353	2
17	80000001	0.964972	0.997353	2
17	81000001	3.22331	3.22331	6
17	82000001	0.927609	0.958731	2
17	83000001	0.989853	0.958731	2
18	1	2.24792	2.24792	4
18	1000001	1.00508	1.02353	2
18	2000001	0.903797	1.02353	2
18	3000001	1.02682	1.02353	2
18	4000001	1.26544	1.02353	2
18	5000001	1.06551	1.02353	2
18	6000001	1.11232	1.02353	2
18	7000001	0.962734	1.02353	2
18	8000001	1.06633	1.02353	2
18	9000001	1.05986	1.02353	2
18	10000001	1.16361	1.02353	2
18	11000001	1.47759	1.02353	2
18	12000001	0.990838	1.02353	2
18	13000001	1.04571	1.02353	2
18	14000001	1.02353	1.02353	2
18	15000001	1.23567	1.02353	2
18	16000001	0.780186	1.02353	2
18	17000001	0.937802	1.02353	2
18	18000001	0.826418	1.02353	2
18	19000001	0.720459	1.02353	2
18	20000001	0.953663	1.02353	2
18	21000001	1.00637	1.02353	2
18	22000001	1.14232	1.02353	2
18	23000001	0.926702	1.02353	2
18	24000001	1.1221	1.09081	2
18	25000001	1.20893	1.09081	2
18	26000001	1.07853	1.09081	2
18	27000001	1.00923	1.09081	2
18	28000001	1.37893	1.09081	2
18	29000001	1.63674	1.09081	2
18	30000001	1.04042	1.09081	2
18	31000001	1.12789	1.09081	2
18	32000001	1.14865	1.09081	2
18	33000001	1.08941	1.09081	2
18	34000001	1.31528	1.09081	2
18	35000001	0.768059	1.09081	2
18	36000001	1.02897	1.09081	2
18	37000001	1.04099	1.09081	2
18	38000001	1.11248	1.09081	2
18	39000001	1.12935	1.09081	2
18	40000001	1.25394	1.09081	2
18	41000001	1.00843	1.09081	2
18	42000001	1.294	1.09081	2
18	43000001	0.874846	1.09081	2
18	44000001	1.51127	1.09081	2
18	45000001	1.15608	1.09081	2
18	46000001	1.07997	1.09081	2
18	47000001	0.841861	1.09081	2
18	48000001	0.780715	1.09081	2
18	49000001	1.09081	1.09081	2
18	50000001	1.10644	1.09081	2
18	51000001	0.967265	1.09081	2
18	52000001	1.25423	1.09081	2
18	53000001	1.0782	1.09081	2
18	54000001	1.12898	1.09081	2
18	55000001	0.855473	1.09081	2
18	56000001	1.40029	1.09081	2
18	57000001	1.07177	1.09081	2
18	58000001	0.949007	1.09081	2
18	59000001	0.782658	1.09081	2
18	60000001	1.19939	1.09081	2
18	61000001	2.72199	2.72199	5
18	62000001	1.2305	1.11118	2
18	63000001	0.805996	1.11118	2
18	64000001	1.29193	1.11118	2
18	65000001	1.22051	1.11118	2
18	66000001	1.13672	1.11118	2
18	67000001	0.811656	1.11118	2
18	68000001	1.20252	1.11118	2
18	69000001	1.12519	1.11118	2
18	70000001	1.27508	1.11118	2
18	71000001	1.06743	1.11118	2
18	72000001	1.11118	1.11118	2
18	73000001	0.914102	1.11118	2
18	74000001	0.894237	1.11118	2
18	75000001	0.932775	1.11118	2
18	76000001	0.984903	1.11118	2
18	77000001	2.0373	2.0373	4
18	78000001	1.10759	0.897765	2
18	79000001	0.897765	0.897765	2
18	80000001	0.870971	0.897765	2
19	1	0.829668	0.939686	2
19	1000001	0.93978	0.939686	2
19	2000001	0.939591	0.939686	2
19	3000001	0.953953	0.939686	2
19	4000001	0.980344	0.939686	2
19	5000001	0.865682	0.939686	2
19	6000001	1.191	1.37796	3
19	7000001	1.56493	1.37796	3
19	8000001	0.834374	0.894398	2
19	9000001	0.98207	0.894398	2
19	10000001	0.95521	0.894398	2
19	11000001	0.856058	0.894398	2
19	12000001	0.775634	0.894398	2
19	13000001	0.932737	0.894398	2
19	14000001	1.26861	1.02864	2
19	15000001	0.972888	1.02864	2
19	16000001	0.909602	1.02864	2
19	17000001	1.02864	1.02864	2
19	18000001	1.13865	1.02864	2
19	19000001	1.16211	1.02864	2
19	20000001	0.993782	1.02864	2
19	21000001	0.940543	1.02864	2
19	22000001	1.24496	1.02864	2
19	23000001	0.933101	1.02864	2
19	24000001	1.06623	1.02864	2
19	25000001	0.998058	1.02864	2
19	26000001	1.03457	1.02864	2
19	27000001	1.12969	1.02864	2
19	28000001	0.950063	1.02864	2
19	29000001	1.07053	1.02864	2
19	30000001	0.99736	1.02864	2
19	31000001	1.29999	1.02864	2
19	32000001	0.949961	1.02864	2
19	33000001	0.887598	1.02864	2
19	34000001	0.887488	1.02864	2
19	35000001	1.18113	1.02864	2
19	36000001	1.23512	1.02864	2
19	37000001	0.954852	0.954852	2
19	38000001	0.776678	0.879093	2
19	39000001	0.826755	0.879093	2
19	40000001	0.882556	0.879093	2
19	41000001	0.879093	0.879093	2
19	42000001	0.934015	0.879093	2
19	43000001	1.2563	1.22809	2
19	44000001	1.19988	1.22809	2
19	45000001	0.919178	0.910329	2
19	46000001	0.90148	0.910329	2
19	47000001	0.88614	0.910329	2
19	48000001	0.864043	0.910329	2
19	49000001	0.876408	0.910329	2
19	50000001	1.0545	0.910329	2
19	51000001	1.19248	0.910329	2
19	52000001	1.1206	0.910329	2
19	53000001	0.899045	0.910329	2
19	54000001	1.04243	0.910329	2
19	55000001	0.76754	0.910329	2
19	56000001	0.812997	0.910329	2
19	57000001	1.00823	0.910329	2
19	58000001	1.13507	0.910329	2
2	1	1.15417	1.03216	2
2	1000001	0.897217	1.03216	2
2	2000001	1.09219	1.03216	2
2	3000001	0.966384	1.03216	2
2	4000001	1.21995	1.03216	2
2	5000001	1.01628	1.03216	2
2	6000001	0.794152	1.03216	2
2	7000001	1.15369	1.03216	2
2	8000001	0.931019	1.03216	2
2	9000001	1.29855	1.03216	2
2	10000001	0.998625	1.03216	2
2	11000001	1.16286	1.03216	2
2	12000001	1.0256	1.03216	2
2	13000001	1.06754	1.03216	2
2	14000001	1.18982	1.03216	2
2	15000001	0.931248	1.03216	2
2	16000001	1.27714	1.03216	2
2	17000001	1.02772	1.03216	2
2	18000001	0.902041	1.03216	2
2	19000001	1.20238	1.03216	2
2	20000001	1.03216	1.03216	2
2	21000001	1.07182	1.03216	2
2	22000001	1.05037	1.03216	2
2	23000001	0.779673	1.03216	2
2	24000001	0.992885	1.03216	2
2	25000001	0.889727	1.03216	2
2	26000001	1.11802	1.03216	2
2	27000001	1.11277	1.03216	2
2	28000001	0.90696	1.03216	2
2	29000001	1.11303	1.03216	2
2	30000001	0.772013	1.03216	2
2	31000001	0.84119	1.03216	2
2	32000001	0.864095	1.03216	2
2	33000001	1.40795	1.03216	2
2	34000001	1.14263	1.03216	2
2	35000001	0.959649	1.03216	2
2	36000001	1.07624	1.03216	2
2	37000001	0.803256	1.03216	2
2	38000001	1.16567	1.03216	2
2	39000001	0.78809	1.03216	2
2	40000001	1.17329	1.03216	2
2	41000001	1.12293	1.03216	2
2	42000001	1.04057	1.03216	2
2	43000001	1.05324	1.03216	2
2	44000001	1.08415	1.03216	2
2	45000001	1.03211	1.03216	2
2	46000001	0.912604	1.03216	2
2	47000001	1.03358	1.03216	2
2	48000001	0.937912	1.03216	2
2	49000001	1.20193	1.03216	2
2	50000001	0.887688	1.03216	2
2	51000001	0.859827	1.03216	2
2	52000001	1.41114	1.03216	2
2	53000001	1.30185	1.03216	2
2	54000001	0.89745	1.03216	2
2	55000001	0.922685	1.03216	2
2	56000001	0.976212	1.03216	2
2	57000001	2.01208	2.01208	4
2	58000001	1.1278	0.996095	2
2	59000001	0.946549	0.996095	2
2	60000001	0.777385	0.996095	2
2	61000001	1.14612	0.996095	2
2	62000001	1.11305	0.996095	2
2	63000001	1.18645	0.996095	2
2	64000001	0.877347	0.996095	2
2	65000001	0.989745	0.996095	2
2	66000001	0.902305	0.996095	2
2	67000001	1.06535	0.996095	2
2	68000001	1.63924	0.996095	2
2	69000001	0.855505	0.996095	2
2	70000001	1.07308	0.996095	2
2	71000001	1.09831	0.996095	2
2	72000001	1.00245	0.996095	2
2	73000001	0.983675	0.996095	2
2	74000001	0.827556	0.996095	2
2	75000001	0.931411	0.996095	2
2	76000001	1.32615	1.22656	2
2	77000001	1.41056	1.22656	2
2	78000001	1.1908	1.22656	2
2	79000001	1.20691	1.22656	2
2	80000001	1.22656	1.22656	2
2	81000001	1.17285	1.22656	2
2	82000001	1.3259	1.22656	2
2	83000001	2.62461	2.62461	5
2	84000001	1.05863	0.939977	2
2	85000001	0.900743	0.939977	2
2	86000001	0.944034	0.939977	2
2	87000001	0.851036	0.939977	2
2	88000001	0.939977	0.939977	2
2	89000001	1.22704	0.939977	2
2	90000001	1.04051	0.939977	2
2	91000001	0.901892	0.939977	2
2	92000001	1.04026	0.939977	2
2	93000001	1.13467	0.939977	2
2	94000001	0.87797	0.939977	2
2	95000001	1.04974	0.939977	2
2	96000001	0.715012	0.939977	2
2	97000001	0.89317	0.939977	2
2	98000001	0.775065	0.939977	2
2	99000001	1.6967	1.47395	3
2	100000001	1.2512	1.47395	3
2	101000001	0.822308	1.09338	2
2	102000001	0.975939	1.09338	2
2	103000001	1.22979	1.09338	2
2	104000001	1.04013	1.09338	2
2	105000001	1.09338	1.09338	2
2	106000001	1.12315	1.09338	2
2	107000001	1.26101	1.09338	2
2	108000001	1.16458	1.09338	2
2	109000001	0.886383	1.09338	2
2	110000001	0.694699	1.09338	2
2	111000001	1.08952	1.09338	2
2	112000001	1.16861	1.09338	2
2	113000001	1.20381	1.09338	2
2	114000001	1.04854	1.09338	2
2	115000001	1.14737	1.09338	2
2	116000001	1.03989	1.09338	2
2	117000001	1.03842	1.09338	2
2	118000001	1.13258	1.09338	2
2	119000001	1.11482	1.09338	2
2	120000001	1.09424	1.09338	2
2	121000001	0.900579	1.09338	2
2	122000001	1.14256	1.09338	2
2	123000001	1.01734	1.09338	2
2	124000001	2.00105	2.00105	4
2	125000001	1.15156	1.03491	2
2	126000001	0.991044	1.03491	2
2	127000001	0.888432	1.03491	2
2	128000001	0.930055	1.03491	2
2	129000001	0.983509	1.03491	2
2	130000001	0.863354	1.03491	2
2	131000001	0.952294	1.03491	2
2	132000001	0.89906	1.03491	2
2	133000001	1.02345	1.03491	2
2	134000001	1.11419	1.03491	2
2	135000001	0.981655	1.03491	2
2	136000001	1.10481	1.03491	2
2	137000001	1.16875	1.03491	2
2	138000001	1.29706	1.03491	2
2	139000001	1.14411	1.03491	2
2	140000001	1.2082	1.03491	2
2	141000001	1.43419	1.03491	2
2	142000001	0.733949	1.03491	2
2	143000001	1.19345	1.03491	2
2	144000001	1.20939	1.03491	2
2	145000001	1.04637	1.03491	2
2	146000001	0.835996	1.03491	2
2	147000001	0.968162	1.03491	2
2	148000001	1.08451	1.03491	2
2	149000001	1.38358	1.68006	3
2	150000001	1.97653	1.68006	3
2	151000001	1.08692	1.12209	2
2	152000001	1.03787	1.12209	2
2	153000001	0.994577	1.12209	2
2	154000001	1.39877	1.12209	2
2	155000001	1.16423	1.12209	2
2	156000001	1.18683	1.12209	2
2	157000001	1.14128	1.12209	2
2	158000001	1.08667	1.12209	2
2	159000001	1.12153	1.12209	2
2	160000001	0.889509	1.12209	2
2	161000001	1.01004	1.12209	2
2	162000001	1.12877	1.12209	2
2	163000001	1.12266	1.12209	2
2	164000001	1.15168	1.12209	2
2	165000001	1.49104	1.27577	3
2	166000001	1.6267	1.27577	3
2	167000001	1.06051	1.27577	3
2	168000001	1.05749	1.27577	3
2	169000001	2.385	2.385	5
2	170000001	1.04827	1.10609	2
2	171000001	0.956288	1.10609	2
2	172000001	1.24359	1.10609	2
2	173000001	1.32645	1.10609	2
2	174000001	1.04311	1.10609	2
2	175000001	1.03573	1.10609	2
2	176000001	1.08026	1.10609	2
2	177000001	1.11772	1.10609	2
2	178000001	1.1745	1.10609	2
2	179000001	1.03246	1.10609	2
2	180000001	1.09445	1.10609	2
2	181000001	1.42289	1.10609	2
2	182000001	0.997748	1.10609	2
2	183000001	1.19811	1.10609	2
2	184000001	1.34904	1.10609	2
2	185000001	1.18078	1.10609	2
2	186000001	0.822529	1.10609	2
2	187000001	0.87247	1.10609	2
2	188000001	1.24396	1.10609	2
2	189000001	1.01407	1.10609	2
2	190000001	1.21537	1.10609	2
2	191000001	1.36399	1.10609	2
2	192000001	1.13294	1.10609	2
2	193000001	0.999187	1.10609	2
2	194000001	3.08192	3.08192	6
2	195000001	1.11061	1.10789	2
2	196000001	1.10517	1.10789	2
2	197000001	0.898707	1.10789	2
2	198000001	1.11383	1.10789	2
2	199000001	0.982659	1.10789	2
2	200000001	1.06182	1.10789	2
2	201000001	1.04869	1.10789	2
2	202000001	1.35084	1.10789	2
2	203000001	0.993187	1.10789	2
2	204000001	1.15504	1.10789	2
2	205000001	1.13975	1.10789	2
2	206000001	0.933602	1.10789	2
2	207000001	1.36416	1.10789	2
2	208000001	0.953444	1.10789	2
2	209000001	1.1607	1.10789	2
2	210000001	0.820159	1.10789	2
2	211000001	1.27118	1.10789	2
2	212000001	1.15582	1.10789	2
2	213000001	1.02306	1.10789	2
2	214000001	0.963142	1.10789	2
2	215000001	1.13512	1.10789	2
2	216000001	0.809947	1.10789	2
2	217000001	0.821767	1.10789	2
2	218000001	0.899337	1.10789	2
2	219000001	0.975228	1.10789	2
2	220000001	1.17333	1.10789	2
2	221000001	1.18631	1.10789	2
2	222000001	1.11929	1.10789	2
2	223000001	1.11646	1.10789	2
2	224000001	1.11084	1.10789	2
2	225000001	1.97737	1.69425	3
2	226000001	1.41113	1.69425	3
2	227000001	0.789948	1.02514	2
2	228000001	1.24744	1.02514	2
2	229000001	1.49805	1.02514	2
2	230000001	0.986597	1.02514	2
2	231000001	1.04507	1.02514	2
2	232000001	0.980676	1.02514	2
2	233000001	1.02514	1.02514	2
2	234000001	1.19981	1.02514	2
2	235000001	1.03407	1.02514	2
2	236000001	0.836639	1.02514	2
2	237000001	0.981485	1.02514	2
2	238000001	1.92698	1.39775	3
2	239000001	0.936033	1.39775	3
2	240000001	1.39775	1.39775	3
2	241000001	1.29111	1.39775	3
2	242000001	1.39872	1.39775	3
20	1	2.59886	2.59886	5
20	1000001	1.03905	1.0513	2
20	2000001	1.28395	1.0513	2
20	3000001	1.19926	1.0513	2
20	4000001	0.884401	1.0513	2
20	5000001	1.03239	1.0513	2
20	6000001	0.920079	1.0513	2
20	7000001	0.998859	1.0513	2
20	8000001	1.36176	1.0513	2
20	9000001	1.04966	1.0513	2
20	10000001	0.869887	1.0513	2
20	11000001	1.00221	1.0513	2
20	12000001	1.2493	1.0513	2
20	13000001	1.11258	1.0513	2
20	14000001	1.29401	1.0513	2
20	15000001	1.00167	1.0513	2
20	16000001	1.05822	1.0513	2
20	17000001	1.06876	1.0513	2
20	18000001	1.17102	1.0513	2
20	19000001	0.930914	1.0513	2
20	20000001	1.05294	1.0513	2
20	21000001	1.23705	1.0513	2
20	22000001	0.830427	1.0513	2
20	23000001	1.06828	1.0513	2
20	24000001	1.06313	1.0513	2
20	25000001	0.993678	1.0513	2
20	26000001	0.992083	1.0513	2
20	27000001	1.33334	1.25959	3
20	28000001	1.38682	1.25959	3
20	29000001	1.18585	1.25959	3
20	30000001	1.1754	1.25959	3
20	31000001	0.87381	0.958682	2
20	32000001	0.94827	0.958682	2
20	33000001	0.892784	0.958682	2
20	34000001	1.11557	0.958682	2
20	35000001	1.22777	0.958682	2
20	36000001	0.910577	0.958682	2
20	37000001	0.92301	0.958682	2
20	38000001	0.996126	0.958682	2
20	39000001	0.84259	0.958682	2
20	40000001	1.00402	0.958682	2
20	41000001	0.958682	0.958682	2
20	42000001	1.06756	0.958682	2
20	43000001	0.849286	0.958682	2
20	44000001	1.22139	0.958682	2
20	45000001	0.978501	0.958682	2
20	46000001	1.07919	0.958682	2
20	47000001	0.667356	0.958682	2
20	48000001	1.14041	1.05412	2
20	49000001	1.0679	1.05412	2
20	50000001	0.962862	1.05412	2
20	51000001	1.06533	1.05412	2
20	52000001	1.17906	1.05412	2
20	53000001	1.05412	1.05412	2
20	54000001	1.29308	1.05412	2
20	55000001	1.02233	1.05412	2
20	56000001	1.04945	1.05412	2
20	57000001	0.989975	1.05412	2
20	58000001	0.83553	1.05412	2
20	59000001	1.09926	1.05412	2
20	60000001	0.955724	1.05412	2
20	61000001	1.06907	1.05412	2
20	62000001	0.904845	1.05412	2
20	63000001	1.5834	1.27932	3
20	64000001	0.97524	1.27932	3
21	1	-1	-1	4
21	1000001	-1	-1	4
21	2000001	-1	-1	4
21	3000001	-1	-1	4
21	4000001	-1	-1	4
21	5000001	1.99682	1.76286	4
21	6000001	1.1298	1.76286	4
21	7000001	2.35399	1.76286	4
21	8000001	1.5289	1.76286	4
21	9000001	1.19197	1.76286	4
21	10000001	2.01555	1.76286	4
21	11000001	1.07927	1.12859	2
21	12000001	1.14775	1.12859	2
21	13000001	1.10943	1.12859	2
21	14000001	1.04791	1.12859	2
21	15000001	1.03276	1.12859	2
21	16000001	1.78463	1.12859	2
21	17000001	0.726113	1.12859	2
21	18000001	1.41727	1.12859	2
21	19000001	1.2429	1.12859	2
21	20000001	1.24077	1.12859	2
21	21000001	1.06288	1.12859	2
21	22000001	1.01556	1.12859	2
21	23000001	1.10759	1.12859	2
21	24000001	1.19111	1.12859	2
21	25000001	1.04644	1.12859	2
21	26000001	1.31655	1.12859	2
21	27000001	1.36358	1.12859	2
21	28000001	1.2549	1.12859	2
21	29000001	0.678195	1.04203	2
21	30000001	0.960934	1.04203	2
21	31000001	0.986926	1.04203	2
21	32000001	1.1091	1.04203	2
21	33000001	1.07869	1.04203	2
21	34000001	0.814899	1.04203	2
21	35000001	1.06415	1.04203	2
21	36000001	1.16902	1.04203	2
21	37000001	0.888459	1.04203	2
21	38000001	0.886887	1.04203	2
21	39000001	1.09506	1.04203	2
21	40000001	1.54524	1.04203	2
21	41000001	1.08202	1.04203	2
21	42000001	1.04352	1.04203	2
21	43000001	1.13239	1.04203	2
21	44000001	1.04053	1.04203	2
21	45000001	0.997189	1.04203	2
21	46000001	0.960917	1.04203	2
22	1	-1	-1	2
22	1000001	-1	-1	2
22	2000001	-1	-1	2
22	3000001	-1	-1	2
22	4000001	-1	-1	2
22	5000001	-1	-1	2
22	6000001	-1	-1	2
22	7000001	-1	-1	2
22	8000001	-1	-1	2
22	9000001	-1	-1	2
22	10000001	0.910513	0.910513	2
22	11000001	1.1593	1.1593	2
22	12000001	1.69605	1.69605	3
22	13000001	0.903564	0.903564	2
22	14000001	1.06047	0.903564	2
22	15000001	0.856046	0.903564	2
22	16000001	1.23707	1.23707	2
22	17000001	0.966777	1.23707	2
22	18000001	1.57779	1.23707	2
22	19000001	1.02192	1.0127	2
22	20000001	0.893319	1.0127	2
22	21000001	0.895903	1.0127	2
22	22000001	0.898952	1.0127	2
22	23000001	1.06819	1.0127	2
22	24000001	1.35222	1.0127	2
22	25000001	0.840814	1.0127	2
22	26000001	1.0034	1.0127	2
22	27000001	1.125	1.0127	2
22	28000001	1.15109	1.0127	2
22	29000001	0.849353	1.0127	2
22	30000001	1.00348	1.0127	2
22	31000001	1.1215	1.0127	2
22	32000001	0.8849	1.0127	2
22	33000001	1.10778	1.0127	2
22	34000001	1.08548	1.0127	2
22	35000001	1.08734	1.0127	2
22	36000001	1.14584	1.0127	2
22	37000001	0.896275	1.0127	2
22	38000001	0.981129	1.0127	2
22	39000001	0.871309	1.0127	2
22	40000001	0.971793	1.0127	2
22	41000001	0.936252	1.0127	2
22	42000001	1.07397	1.0127	2
22	43000001	1.06358	1.0127	2
22	44000001	1.08232	1.0127	2
22	45000001	0.851451	1.0127	2
22	46000001	0.914048	1.0127	2
22	47000001	1.10373	1.0127	2
22	48000001	0.958451	1.0127	2
22	49000001	1.09409	1.0127	2
22	50000001	1.05649	1.0127	2
3	1	1.04904	1.02519	2
3	1000001	1.05955	1.02519	2
3	2000001	1.10467	1.02519	2
3	3000001	1.08253	1.02519	2
3	4000001	0.975651	1.02519	2
3	5000001	0.945247	1.02519	2
3	6000001	1.67028	1.02519	2
3	7000001	0.990079	1.02519	2
3	8000001	0.925502	1.02519	2
3	9000001	0.973546	1.02519	2
3	10000001	0.915354	1.02519	2
3	11000001	0.815334	1.02519	2
3	12000001	0.902041	1.02519	2
3	13000001	0.836189	1.02519	2
3	14000001	1.02043	1.02519	2
3	15000001	0.891085	1.02519	2
3	16000001	1.04971	1.02519	2
3	17000001	1.2966	1.02519	2
3	18000001	0.991515	1.02519	2
3	19000001	0.85019	1.02519	2
3	20000001	1.14478	1.02519	2
3	21000001	1.14064	1.02519	2
3	22000001	1.10577	1.02519	2
3	23000001	1.02996	1.02519	2
3	24000001	1.11058	1.02519	2
3	25000001	0.934537	1.02519	2
3	26000001	0.999993	1.02519	2
3	27000001	1.1223	1.02519	2
3	28000001	1.19565	1.02519	2
3	29000001	1.24195	1.02519	2
3	30000001	0.884133	1.02519	2
3	31000001	1.16879	1.02519	2
3	32000001	1.19434	1.02519	2
3	33000001	0.778878	1.02519	2
3	34000001	1.23689	1.02519	2
3	35000001	1.41164	1.02519	2
3	36000001	1.03354	1.02519	2
3	37000001	0.997934	1.02519	2
3	38000001	0.922982	1.02519	2
3	39000001	1.00129	1.02519	2
3	40000001	0.814093	1.02519	2
3	41000001	1.08893	1.02519	2
3	42000001	0.91215	1.02519	2
3	43000001	1.01127	1.02519	2
3	44000001	1.09634	1.02519	2
3	45000001	1.09619	1.02519	2
3	46000001	0.905634	0.893264	2
3	47000001	0.889673	0.893264	2
3	48000001	0.676421	0.893264	2
3	49000001	0.964918	0.893264	2
3	50000001	0.786398	0.893264	2
3	51000001	0.896856	0.893264	2
3	52000001	0.950085	0.893264	2
3	53000001	0.721086	0.893264	2
3	54000001	1.14572	1.07687	2
3	55000001	0.916908	1.07687	2
3	56000001	1.00658	1.07687	2
3	57000001	0.995352	1.07687	2
3	58000001	1.07687	1.07687	2
3	59000001	1.05664	1.07687	2
3	60000001	1.43234	1.07687	2
3	61000001	1.29538	1.07687	2
3	62000001	0.807442	1.07687	2
3	63000001	1.15089	1.07687	2
3	64000001	1.05355	1.07687	2
3	65000001	1.05935	1.07687	2
3	66000001	1.09936	1.07687	2
3	67000001	0.899224	1.07687	2
3	68000001	0.692784	1.07687	2
3	69000001	1.14388	1.07687	2
3	70000001	1.14575	1.07687	2
3	71000001	1.00158	1.07687	2
3	72000001	0.878505	1.07687	2
3	73000001	0.924254	1.07687	2
3	74000001	1.14257	1.07687	2
3	75000001	1.20248	1.07687	2
3	76000001	1.16755	1.07687	2
3	77000001	1.12634	1.07687	2
3	78000001	0.911695	1.07687	2
3	79000001	1.11142	1.07687	2
3	80000001	1.2475	1.07687	2
3	81000001	1.30823	1.07687	2
3	82000001	1.26217	1.07687	2
3	83000001	1.07795	1.07687	2
3	84000001	1.11352	1.07687	2
3	85000001	1.34774	1.07687	2
3	86000001	1.13565	1.07687	2
3	87000001	1.03114	1.07687	2
3	88000001	1.38777	1.07687	2
3	89000001	1.44352	1.07687	2
3	90000001	0.977542	1.07687	2
3	91000001	1.01244	1.07687	2
3	92000001	1.04191	1.07687	2
3	93000001	0.803697	1.07687	2
3	94000001	0.983042	1.07687	2
3	95000001	0.874951	1.07687	2
3	96000001	1.11823	1.07687	2
3	97000001	1.42512	1.07687	2
3	98000001	1.0201	1.07687	2
3	99000001	1.177	1.07687	2
3	100000001	0.982173	1.07687	2
3	101000001	0.917322	1.07687	2
3	102000001	0.953808	1.07687	2
3	103000001	1.21667	1.07687	2
3	104000001	1.20939	1.07687	2
3	105000001	1.23786	1.07687	2
3	106000001	1.04173	1.07687	2
3	107000001	1.40785	1.07687	2
3	108000001	1.32805	1.07687	2
3	109000001	1.33478	1.07687	2
3	110000001	1.13562	1.07687	2
3	111000001	1.02518	1.07687	2
3	112000001	1.27384	1.07687	2
3	113000001	0.967596	1.07687	2
3	114000001	0.986355	1.07687	2
3	115000001	1.14842	1.07687	2
3	116000001	0.923556	1.07687	2
3	117000001	1.13586	1.07687	2
3	118000001	1.06168	1.07687	2
3	119000001	1.05734	1.07687	2
3	120000001	0.880374	1.07687	2
3	121000001	1.34013	1.07687	2
3	122000001	1.1475	1.07687	2
3	123000001	0.88395	1.07687	2
3	124000001	1.04534	1.07687	2
3	125000001	1.06391	1.07687	2
3	126000001	0.957405	1.07687	2
3	127000001	0.849033	1.07687	2
3	128000001	0.571767	1.07687	2
3	129000001	1.07729	1.07687	2
3	130000001	0.972664	1.07687	2
3	131000001	0.98338	1.07687	2
3	132000001	1.3552	1.07687	2
3	133000001	1.08123	1.07687	2
3	134000001	1.12271	1.07687	2
3	135000001	0.986951	1.07687	2
3	136000001	1.07902	1.07687	2
3	137000001	1.37324	1.07687	2
3	138000001	0.924021	1.07687	2
3	139000001	1.21478	1.07687	2
3	140000001	0.925218	1.07687	2
3	141000001	0.883938	1.07687	2
3	142000001	1.10557	1.07687	2
3	143000001	1.72248	1.53397	3
3	144000001	1.34546	1.53397	3
3	145000001	1.03268	1.06807	2
3	146000001	1.05325	1.06807	2
3	147000001	1.03605	1.06807	2
3	148000001	1.01292	1.06807	2
3	149000001	0.895415	1.06807	2
3	150000001	0.87349	1.06807	2
3	151000001	0.974202	1.06807	2
3	152000001	1.20524	1.06807	2
3	153000001	1.13948	1.06807	2
3	154000001	1.02307	1.06807	2
3	155000001	1.00452	1.06807	2
3	156000001	0.822566	1.06807	2
3	157000001	1.22267	1.06807	2
3	158000001	1.02949	1.06807	2
3	159000001	1.42378	1.06807	2
3	160000001	1.06438	1.06807	2
3	161000001	0.874441	1.06807	2
3	162000001	1.21109	1.06807	2
3	163000001	0.89182	1.06807	2
3	164000001	1.3092	1.06807	2
3	165000001	1.2513	1.06807	2
3	166000001	1.07175	1.06807	2
3	167000001	1.25294	1.06807	2
3	168000001	1.4234	1.06807	2
3	169000001	1.16665	1.06807	2
3	170000001	1.21625	1.06807	2
3	171000001	0.888045	1.06807	2
3	172000001	0.974928	1.06807	2
3	173000001	0.997905	1.06807	2
3	174000001	1.2749	1.06807	2
3	175000001	0.935986	1.06807	2
3	176000001	1.14272	1.06807	2
3	177000001	1.39084	1.06807	2
3	178000001	0.953509	1.06807	2
3	179000001	0.808888	1.06807	2
3	180000001	0.900999	1.06807	2
3	181000001	1.48298	1.06807	2
3	182000001	1.3153	1.06807	2
3	183000001	0.697404	1.06807	2
3	184000001	1.14339	1.06807	2
3	185000001	1.30827	1.06807	2
3	186000001	1.63886	1.06807	2
3	187000001	0.971479	1.06807	2
3	188000001	1.16022	1.06807	2
3	189000001	0.994757	1.06807	2
3	190000001	1.17016	1.06807	2
3	191000001	1.23189	1.06807	2
3	192000001	1.29039	1.06807	2
3	193000001	1.22757	1.06807	2
3	194000001	1.15553	1.06807	2
3	195000001	0.905739	1.06807	2
3	196000001	1.01313	1.06807	2
3	197000001	0.903986	1.06807	2
3	198000001	1.67153	1.06807	2
4	1	0.935687	1.01221	2
4	1000001	1.16421	1.01221	2
4	2000001	1.18251	1.01221	2
4	3000001	1.01221	1.01221	2
4	4000001	1.11612	1.01221	2
4	5000001	1.18702	1.01221	2
4	6000001	0.928545	1.01221	2
4	7000001	0.98793	1.01221	2
4	8000001	0.825926	1.01221	2
4	9000001	0.81889	1.01221	2
4	10000001	1.05531	1.01221	2
4	11000001	1.10507	1.12863	2
4	12000001	1.21809	1.12863	2
4	13000001	1.12164	1.12863	2
4	14000001	1.52061	1.12863	2
4	15000001	1.27307	1.12863	2
4	16000001	1.13562	1.12863	2
4	17000001	1.50981	1.12863	2
4	18000001	1.00512	1.12863	2
4	19000001	1.03046	1.12863	2
4	20000001	1.13865	1.12863	2
4	21000001	1.24239	1.12863	2
4	22000001	1.107	1.12863	2
4	23000001	1.09235	1.12863	2
4	24000001	0.936191	1.12863	2
4	25000001	1.07353	1.12863	2
4	26000001	1.21694	1.12863	2
4	27000001	1.13777	1.12863	2
4	28000001	1.05118	1.12863	2
4	29000001	1.18402	1.12863	2
4	30000001	1.19443	1.12863	2
4	31000001	0.979202	1.12863	2
4	32000001	1.40755	1.12863	2
4	33000001	1.09384	1.12863	2
4	34000001	1.24439	1.12863	2
4	35000001	1.09894	1.12863	2
4	36000001	1.31689	1.12863	2
4	37000001	1.07486	1.12863	2
4	38000001	1.02226	1.12863	2
4	39000001	4.00854	4.00854	8
4	40000001	1.06165	1.06165	2
4	41000001	1.10655	1.06165	2
4	42000001	0.817479	1.06165	2
4	43000001	2.53052	2.53052	5
4	44000001	0.993765	1.13783	2
4	45000001	1.21733	1.13783	2
4	46000001	1.07273	1.13783	2
4	47000001	0.702821	1.13783	2
4	48000001	0.971695	1.13783	2
4	49000001	1.3315	1.13783	2
4	50000001	1.2206	1.13783	2
4	51000001	1.3454	1.13783	2
4	52000001	1.09138	1.13783	2
4	53000001	0.714498	1.13783	2
4	54000001	1.30994	1.13783	2
4	55000001	1.03906	1.13783	2
4	56000001	1.35222	1.13783	2
4	57000001	0.871948	1.13783	2
4	58000001	1.30153	1.13783	2
4	59000001	1.13787	1.13783	2
4	60000001	1.13778	1.13783	2
4	61000001	1.24226	1.13783	2
4	62000001	1.02173	1.13783	2
4	63000001	0.988914	1.13783	2
4	64000001	1.1429	1.13783	2
4	65000001	0.758841	1.13783	2
4	66000001	1.25321	1.13783	2
4	67000001	1.02763	1.13783	2
4	68000001	1.14036	1.13783	2
4	69000001	1.38182	1.13783	2
4	70000001	2.48605	2.48605	5
4	71000001	1.01997	1.15404	2
4	72000001	0.95872	1.15404	2
4	73000001	1.33962	1.15404	2
4	74000001	1.07907	1.15404	2
4	75000001	0.97631	1.15404	2
4	76000001	1.19661	1.15404	2
4	77000001	0.900535	1.15404	2
4	78000001	1.16804	1.15404	2
4	79000001	1.16426	1.15404	2
4	80000001	1.29906	1.15404	2
4	81000001	0.986965	1.15404	2
4	82000001	1.22374	1.15404	2
4	83000001	1.0825	1.15404	2
4	84000001	1.08272	1.15404	2
4	85000001	1.19109	1.15404	2
4	86000001	1.15404	1.15404	2
4	87000001	1.19578	1.15404	2
4	88000001	1.01913	1.15404	2
4	89000001	1.3272	1.15404	2
4	90000001	1.21541	1.15404	2
4	91000001	1.16865	1.15404	2
4	92000001	1.00757	1.15404	2
4	93000001	1.04657	1.15404	2
4	94000001	1.2869	1.15404	2
4	95000001	1.14647	1.15404	2
4	96000001	1.2171	1.15404	2
4	97000001	1.15133	1.15404	2
4	98000001	1.04349	1.15404	2
4	99000001	1.23402	1.15404	2
4	100000001	1.37831	1.15404	2
4	101000001	1.19652	1.15404	2
4	102000001	1.06511	1.15404	2
4	103000001	1.03776	1.15404	2
4	104000001	1.89924	1.89924	4
4	105000001	1.08102	1.13134	2
4	106000001	0.98418	1.13134	2
4	107000001	0.946967	1.13134	2
4	108000001	1.22849	1.13134	2
4	109000001	1.45113	1.13134	2
4	110000001	1.15811	1.13134	2
4	111000001	1.30398	1.13134	2
4	112000001	0.938942	1.13134	2
4	113000001	1.24712	1.13134	2
4	114000001	1.03096	1.13134	2
4	115000001	1.1601	1.13134	2
4	116000001	1.65345	1.13134	2
4	117000001	1.20242	1.13134	2
4	118000001	1.28361	1.13134	2
4	119000001	1.1714	1.13134	2
4	120000001	1.16956	1.13134	2
4	121000001	1.13947	1.13134	2
4	122000001	1.30347	1.13134	2
4	123000001	1.45339	1.13134	2
4	124000001	1.09053	1.13134	2
4	125000001	1.32694	1.13134	2
4	126000001	1.25646	1.13134	2
4	127000001	1.21377	1.13134	2
4	128000001	1.05668	1.13134	2
4	129000001	1.25063	1.13134	2
4	130000001	1.00803	1.13134	2
4	131000001	1.14035	1.13134	2
4	132000001	1.04854	1.13134	2
4	133000001	1.27661	1.13134	2
4	134000001	1.01755	1.13134	2
4	135000001	1.25171	1.13134	2
4	136000001	1.09861	1.13134	2
4	137000001	1.23998	1.13134	2
4	138000001	1.12321	1.13134	2
4	139000001	1.11707	1.13134	2
4	140000001	1.19587	1.13134	2
4	141000001	0.892494	1.13134	2
4	142000001	1.03252	1.13134	2
4	143000001	1.1812	1.13134	2
4	144000001	1.47517	1.13134	2
4	145000001	1.19455	1.13134	2
4	146000001	0.826463	1.13134	2
4	147000001	0.972147	1.13134	2
4	148000001	1.12254	1.13134	2
4	149000001	0.938216	1.13134	2
4	150000001	1.01715	1.13134	2
4	151000001	1.05008	1.13134	2
4	152000001	1.32533	1.13134	2
4	153000001	0.952185	1.13134	2
4	154000001	1.04899	1.13134	2
4	155000001	1.43495	1.13134	2
4	156000001	1.29266	1.13134	2
4	157000001	1.04885	1.13134	2
4	158000001	1.20047	1.13134	2
4	159000001	1.36222	1.13134	2
4	160000001	1.3316	1.13134	2
4	161000001	1.00095	1.13134	2
4	162000001	1.66211	1.13134	2
4	163000001	1.34985	1.13134	2
4	164000001	1.04742	1.13134	2
4	165000001	0.95276	1.13134	2
4	166000001	0.844298	1.13134	2
4	167000001	1.18589	1.13134	2
4	168000001	0.857864	1.13134	2
4	169000001	0.908279	1.13134	2
4	170000001	1.02264	1.13134	2
4	171000001	0.889637	1.13134	2
4	172000001	1.246	1.13134	2
4	173000001	1.08854	1.13134	2
4	174000001	1.0238	1.13134	2
4	175000001	1.40106	1.13134	2
4	176000001	1.60426	1.13134	2
4	177000001	1.4528	1.13134	2
4	178000001	1.22322	1.13134	2
4	179000001	1.06723	1.13134	2
4	180000001	0.969684	1.13134	2
4	181000001	1.23426	1.13134	2
4	182000001	1.21119	1.13134	2
4	183000001	1.07076	1.13134	2
4	184000001	0.9469	1.13134	2
4	185000001	0.942287	1.13134	2
4	186000001	0.93834	1.13134	2
4	187000001	0.994516	1.13134	2
4	188000001	0.895587	1.13134	2
4	189000001	0.957368	1.13134	2
4	190000001	1.91523	1.13134	2
5	1	1.23214	1.05061	2
5	1000001	1.42535	1.05061	2
5	2000001	1.09544	1.05061	2
5	3000001	0.901078	1.05061	2
5	4000001	0.869852	1.05061	2
5	5000001	1.13214	1.05061	2
5	6000001	1.14333	1.05061	2
5	7000001	1.05061	1.05061	2
5	8000001	1.05184	1.05061	2
5	9000001	0.951381	1.05061	2
5	10000001	1.02002	1.05061	2
5	11000001	1.51023	1.05061	2
5	12000001	0.918388	1.05061	2
5	13000001	1.03266	1.05061	2
5	14000001	0.927934	1.05061	2
5	15000001	1.05002	1.05061	2
5	16000001	0.948316	1.05061	2
5	17000001	1.09937	1.05061	2
5	18000001	1.31859	1.05061	2
5	19000001	1.07836	1.05061	2
5	20000001	1.15233	1.05061	2
5	21000001	1.52081	1.05061	2
5	22000001	1.07559	1.05061	2
5	23000001	1.37076	1.05061	2
5	24000001	1.029	1.05061	2
5	25000001	1.03795	1.05061	2
5	26000001	0.952034	1.05061	2
5	27000001	1.31363	1.05061	2
5	28000001	0.976936	1.05061	2
5	29000001	1.11108	1.05061	2
5	30000001	0.950523	1.05061	2
5	31000001	0.86857	1.05061	2
5	32000001	0.908063	1.05061	2
5	33000001	1.73998	1.73998	3
5	34000001	1.07567	1.11379	2
5	35000001	0.798983	1.11379	2
5	36000001	1.11644	1.11379	2
5	37000001	0.973192	1.11379	2
5	38000001	0.989015	1.11379	2
5	39000001	0.983177	1.11379	2
5	40000001	1.20491	1.11379	2
5	41000001	1.37761	1.11379	2
5	42000001	1.16656	1.11379	2
5	43000001	1.07375	1.11379	2
5	44000001	1.21851	1.11379	2
5	45000001	1.22692	1.11379	2
5	46000001	1.13752	1.11379	2
5	47000001	0.992481	1.11379	2
5	48000001	0.91763	1.11379	2
5	49000001	1.14211	1.11379	2
5	50000001	1.12489	1.11379	2
5	51000001	1.03657	1.11379	2
5	52000001	0.953936	1.11379	2
5	53000001	1.11379	1.11379	2
5	54000001	1.13634	1.11379	2
5	55000001	1.06725	1.11379	2
5	56000001	0.901687	1.11379	2
5	57000001	1.21361	1.11379	2
5	58000001	1.0785	1.11379	2
5	59000001	1.11513	1.11379	2
5	60000001	1.4296	1.11379	2
5	61000001	0.986334	0.96956	2
5	62000001	0.845202	0.96956	2
5	63000001	1.15592	0.96956	2
5	64000001	1.10239	0.96956	2
5	65000001	0.851885	0.96956	2
5	66000001	0.761752	0.96956	2
5	67000001	1.19198	0.96956	2
5	68000001	1.03988	0.96956	2
5	69000001	0.957286	0.96956	2
5	70000001	0.805192	0.96956	2
5	71000001	0.892561	0.96956	2
5	72000001	0.891731	0.96956	2
5	73000001	1.09983	0.96956	2
5	74000001	1.17246	0.96956	2
5	75000001	1.06064	0.96956	2
5	76000001	1.06211	0.96956	2
5	77000001	1.01778	0.96956	2
5	78000001	0.930625	0.96956	2
5	79000001	0.961155	0.96956	2
5	80000001	0.96956	0.96956	2
5	81000001	0.920015	0.96956	2
5	82000001	1.13337	1.13565	2
5	83000001	1.44474	1.13565	2
5	84000001	0.852665	1.13565	2
5	85000001	0.938195	1.13565	2
5	86000001	1.85824	1.13565	2
5	87000001	1.26764	1.13565	2
5	88000001	1.2449	1.13565	2
5	89000001	0.872563	1.13565	2
5	90000001	1.11784	1.13565	2
5	91000001	0.908073	1.13565	2
5	92000001	1.19295	1.13565	2
5	93000001	1.33161	1.13565	2
5	94000001	1.16146	1.13565	2
5	95000001	1.1424	1.13565	2
5	96000001	1.08075	1.13565	2
5	97000001	1.16691	1.13565	2
5	98000001	1.04063	1.13565	2
5	99000001	0.770195	1.13565	2
5	100000001	1.20367	1.13565	2
5	101000001	1.23009	1.13565	2
5	102000001	1.3532	1.13565	2
5	103000001	1.20644	1.13565	2
5	104000001	1.31315	1.13565	2
5	105000001	1.33131	1.13565	2
5	106000001	1.28518	1.13565	2
5	107000001	0.998767	1.13565	2
5	108000001	1.21105	1.13565	2
5	109000001	1.0853	1.13565	2
5	110000001	1.0251	1.13565	2
5	111000001	1.097	1.13565	2
5	112000001	1.15745	1.13565	2
5	113000001	1.0423	1.13565	2
5	114000001	1.07066	1.13565	2
5	115000001	1.16716	1.13565	2
5	116000001	1.11062	1.13565	2
5	117000001	1.05531	1.13565	2
5	118000001	1.07757	1.13565	2
5	119000001	1.13565	1.13565	2
5	120000001	0.792495	1.13565	2
5	121000001	1.15662	1.13565	2
5	122000001	1.26596	1.13565	2
5	123000001	1.16326	1.13565	2
5	124000001	1.13108	1.13565	2
5	125000001	1.13511	1.13565	2
5	126000001	1.09414	1.13565	2
5	127000001	1.16414	1.13565	2
5	128000001	1.1076	1.13565	2
5	129000001	1.12146	1.13565	2
5	130000001	1.276	1.13565	2
5	131000001	0.999151	0.886987	2
5	132000001	0.825694	0.886987	2
5	133000001	0.687598	0.886987	2
5	134000001	0.87068	0.886987	2
5	135000001	1.01067	0.886987	2
5	136000001	1.00828	0.886987	2
5	137000001	1.10883	0.886987	2
5	138000001	0.790136	0.886987	2
5	139000001	0.886987	0.886987	2
5	140000001	1.0141	1.05322	2
5	141000001	1.15237	1.05322	2
5	142000001	1.38438	1.05322	2
5	143000001	1.0476	1.05322	2
5	144000001	1.20445	1.05322	2
5	145000001	1.19601	1.05322	2
5	146000001	1.01493	1.05322	2
5	147000001	1.02294	1.05322	2
5	148000001	1.15785	1.05322	2
5	149000001	1.56823	1.05322	2
5	150000001	0.967269	1.05322	2
5	151000001	0.847465	1.05322	2
5	152000001	1.03248	1.05322	2
5	153000001	1.02109	1.05322	2
5	154000001	1.22708	1.05322	2
5	155000001	1.31502	1.05322	2
5	156000001	1.08187	1.05322	2
5	157000001	0.896256	1.05322	2
5	158000001	0.954669	1.05322	2
5	159000001	1.06909	1.05322	2
5	160000001	0.88595	1.05322	2
5	161000001	1.1517	1.05322	2
5	162000001	0.947808	1.05322	2
5	163000001	1.05884	1.05322	2
5	164000001	1.31983	1.05322	2
5	165000001	1.19758	1.05322	2
5	166000001	1.18768	1.05322	2
5	167000001	1.18963	1.05322	2
5	168000001	0.921258	1.05322	2
5	169000001	1.3216	1.05322	2
5	170000001	0.96448	1.05322	2
5	171000001	1.20034	1.05322	2
5	172000001	0.754938	1.05322	2
5	173000001	0.891336	1.05322	2
5	174000001	0.861947	1.05322	2
5	175000001	1.01422	1.05322	2
5	176000001	1.30238	1.05322	2
5	177000001	1.12438	1.05322	2
5	178000001	0.827584	1.05322	2
5	179000001	0.96613	1.05322	2
5	180000001	0.965007	1.05322	2
5	181000001	1.41357	1.05322	2
6	1	1.11389	1.01893	2
6	1000001	0.932037	1.01893	2
6	2000001	0.887298	1.01893	2
6	3000001	1.13931	1.01893	2
6	4000001	0.797543	1.01893	2
6	5000001	1.0547	1.01893	2
6	6000001	1.13874	1.01893	2
6	7000001	1.071	1.01893	2
6	8000001	1.02262	1.01893	2
6	9000001	1.10171	1.01893	2
6	10000001	0.941804	1.01893	2
6	11000001	0.93863	1.01893	2
6	12000001	0.954903	1.01893	2
6	13000001	1.0399	1.01893	2
6	14000001	1.0528	1.01893	2
6	15000001	0.933972	1.01893	2
6	16000001	1.03236	1.01893	2
6	17000001	0.992514	1.01893	2
6	18000001	1.02731	1.01893	2
6	19000001	1.01641	1.01893	2
6	20000001	0.855273	1.01893	2
6	21000001	0.998257	1.01893	2
6	22000001	1.02145	1.01893	2
6	23000001	1.00815	1.01893	2
6	24000001	1.24586	1.33	3
6	25000001	1.41415	1.33	3
6	26000001	1.01487	0.991943	2
6	27000001	1.00818	0.991943	2
6	28000001	1.0892	0.991943	2
6	29000001	0.942377	0.991943	2
6	30000001	1.01835	0.991943	2
6	31000001	0.82876	0.991943	2
6	32000001	1.1207	0.991943	2
6	33000001	0.950907	0.991943	2
6	34000001	1.0376	0.991943	2
6	35000001	0.967869	0.991943	2
6	36000001	0.938156	0.991943	2
6	37000001	0.85921	0.991943	2
6	38000001	0.975706	0.991943	2
6	39000001	0.955976	0.991943	2
6	40000001	1.05864	0.991943	2
6	41000001	1.08341	0.991943	2
6	42000001	1.19474	0.991943	2
6	43000001	0.710063	0.991943	2
6	44000001	1.08207	1.1016	2
6	45000001	1.16819	1.1016	2
6	46000001	1.20645	1.1016	2
6	47000001	1.12114	1.1016	2
6	48000001	0.991655	1.1016	2
6	49000001	1.07934	1.1016	2
6	50000001	1.02836	1.1016	2
6	51000001	1.14302	1.1016	2
6	52000001	1.26138	1.27637	3
6	53000001	1.29135	1.27637	3
6	54000001	1.47918	1.59986	3
6	55000001	1.72053	1.59986	3
6	56000001	1.08672	1.05892	2
6	57000001	1.01864	1.05892	2
6	58000001	1.05892	1.05892	2
6	59000001	0.90348	1.05892	2
6	60000001	1.13539	1.05892	2
6	61000001	1.20263	1.22349	2
6	62000001	1.36098	1.22349	2
6	63000001	1.09298	1.22349	2
6	64000001	1.06811	1.22349	2
6	65000001	1.16701	1.22349	2
6	66000001	1.42071	1.22349	2
6	67000001	1.2893	1.22349	2
6	68000001	1.27262	1.22349	2
6	69000001	1.22349	1.22349	2
6	70000001	1.0911	1.01473	2
6	71000001	1.01473	1.01473	2
6	72000001	1.03763	1.01473	2
6	73000001	0.948273	1.01473	2
6	74000001	0.90404	1.01473	2
6	75000001	1.46406	1.34493	3
6	76000001	1.22581	1.34493	3
6	77000001	1.03611	1.02751	2
6	78000001	1.0189	1.02751	2
6	79000001	0.9889	1.02751	2
6	80000001	1.00958	1.02751	2
6	81000001	0.79758	1.02751	2
6	82000001	1.11863	1.02751	2
6	83000001	1.1317	1.02751	2
6	84000001	1.04909	1.02751	2
6	85000001	0.926387	1.02751	2
6	86000001	1.12204	1.02751	2
6	87000001	1.2295	1.02751	2
6	88000001	1.19917	1.02751	2
6	89000001	0.858843	1.02751	2
6	90000001	1.04511	1.02751	2
6	91000001	0.919263	1.02751	2
6	92000001	0.903698	1.02751	2
6	93000001	1.16008	1.24093	2
6	94000001	1.24093	1.24093	2
6	95000001	1.2991	1.24093	2
6	96000001	1.02887	1.24093	2
6	97000001	1.31517	1.24093	2
6	98000001	0.953886	0.937192	2
6	99000001	1.08902	0.937192	2
6	100000001	0.920498	0.937192	2
6	101000001	0.715536	0.937192	2
6	102000001	0.899619	0.937192	2
6	103000001	1.38462	0.937192	2
6	104000001	0.90823	0.937192	2
6	105000001	1.01068	0.937192	2
6	106000001	1.00208	0.937192	2
6	107000001	0.912223	0.937192	2
6	108000001	0.882571	0.937192	2
6	109000001	0.962782	0.937192	2
6	110000001	0.882907	0.937192	2
6	111000001	1.15128	0.937192	2
6	112000001	1.07471	0.937192	2
6	113000001	0.825985	0.937192	2
6	114000001	1.1852	1.11276	2
6	115000001	1.25218	1.11276	2
6	116000001	1.04949	1.11276	2
6	117000001	1.09039	1.11276	2
6	118000001	0.970183	1.11276	2
6	119000001	1.00401	1.11276	2
6	120000001	1.43712	1.11276	2
6	121000001	1.0052	1.11276	2
6	122000001	1.11276	1.11276	2
6	123000001	1.14763	1.11276	2
6	124000001	1.1467	1.11276	2
6	125000001	0.983082	1.11276	2
6	126000001	1.12789	1.11276	2
6	127000001	1.16257	1.11276	2
6	128000001	0.922481	1.11276	2
6	129000001	0.981077	1.11276	2
6	130000001	1.46859	1.11276	2
6	131000001	0.659795	0.82328	2
6	132000001	0.82328	0.82328	2
6	133000001	0.888625	0.82328	2
6	134000001	1.15228	1.07392	2
6	135000001	1.19154	1.07392	2
6	136000001	0.812805	1.07392	2
6	137000001	1.0174	1.07392	2
6	138000001	1.07392	1.07392	2
6	139000001	1.29218	1.40563	3
6	140000001	1.51907	1.40563	3
6	141000001	1.14107	1.0782	2
6	142000001	1.03857	1.0782	2
6	143000001	1.08034	1.0782	2
6	144000001	1.07606	1.0782	2
6	145000001	1.11575	1.0782	2
6	146000001	1.0031	1.0782	2
6	147000001	1.11737	1.0782	2
6	148000001	0.974176	1.0782	2
6	149000001	0.743564	1.0782	2
6	150000001	1.22767	1.0782	2
6	151000001	1.0359	1.0782	2
6	152000001	1.24566	1.0782	2
6	153000001	1.01299	1.0782	2
6	154000001	1.10483	1.0782	2
6	155000001	1.29107	1.29107	3
6	156000001	1.23632	1.29107	3
6	157000001	1.432	1.29107	3
6	158000001	1.13296	1.0427	2
6	159000001	0.942373	1.0427	2
6	160000001	1.0427	1.0427	2
6	161000001	0.937416	1.0427	2
6	162000001	1.26139	1.0427	2
6	163000001	1.16296	1.0427	2
6	164000001	1.21817	1.0427	2
6	165000001	0.967438	1.0427	2
6	166000001	0.886443	1.0427	2
6	167000001	1.15041	1.0427	2
6	168000001	1.01194	1.0427	2
6	169000001	0.908141	1.0427	2
6	170000001	1.18385	1.0427	2
7	1	0.931922	0.931922	2
7	1000001	0.860279	0.931922	2
7	2000001	0.948051	0.931922	2
7	3000001	0.935599	0.931922	2
7	4000001	1.06896	0.931922	2
7	5000001	0.897254	0.931922	2
7	6000001	0.834088	0.931922	2
7	7000001	1.80622	1.07949	2
7	8000001	1.09068	1.07949	2
7	9000001	1.19503	1.07949	2
7	10000001	1.27092	1.07949	2
7	11000001	1.42205	1.07949	2
7	12000001	1.2658	1.07949	2
7	13000001	1.12668	1.07949	2
7	14000001	1.05772	1.07949	2
7	15000001	1.46289	1.07949	2
7	16000001	0.869775	1.07949	2
7	17000001	1.07597	1.07949	2
7	18000001	1.20448	1.07949	2
7	19000001	1.3159	1.07949	2
7	20000001	1.31556	1.07949	2
7	21000001	1.02882	1.07949	2
7	22000001	0.903506	1.07949	2
7	23000001	1.11445	1.07949	2
7	24000001	1.13473	1.07949	2
7	25000001	1.083	1.07949	2
7	26000001	1.10811	1.07949	2
7	27000001	0.882318	1.07949	2
7	28000001	1.12491	1.07949	2
7	29000001	1.13925	1.07949	2
7	30000001	0.897135	1.07949	2
7	31000001	1.14794	1.07949	2
7	32000001	1.216	1.07949	2
7	33000001	0.802966	1.07949	2
7	34000001	1.19051	1.07949	2
7	35000001	1.06572	1.07949	2
7	36000001	1.09303	1.07949	2
7	37000001	0.860664	1.07949	2
7	38000001	0.911143	1.07949	2
7	39000001	0.98711	1.07949	2
7	40000001	0.994597	1.07949	2
7	41000001	1.33758	1.07949	2
7	42000001	1.34992	1.07949	2
7	43000001	1.04696	1.07949	2
7	44000001	0.897882	1.07949	2
7	45000001	1.04004	1.07949	2
7	46000001	1.18254	1.07949	2
7	47000001	0.919186	1.07949	2
7	48000001	1.19384	1.07949	2
7	49000001	1.08898	1.07949	2
7	50000001	1.04456	1.07949	2
7	51000001	0.860168	1.07949	2
7	52000001	1.06746	1.07949	2
7	53000001	1.01299	1.07949	2
7	54000001	1.59743	1.07949	2
7	55000001	1.1177	1.07949	2
7	56000001	0.864496	1.07949	2
7	57000001	0.842747	1.07949	2
7	58000001	0.866723	1.07949	2
7	59000001	0.724895	1.07949	2
7	60000001	0.696912	1.07949	2
7	61000001	1.04085	1.07949	2
7	62000001	1.13334	1.07949	2
7	63000001	1.04663	1.07949	2
7	64000001	1.18772	1.07949	2
7	65000001	1.52318	1.07949	2
7	66000001	0.950726	1.07949	2
7	67000001	0.941085	1.07949	2
7	68000001	1.08734	1.07949	2
7	69000001	1.08983	1.07949	2
7	70000001	1.25964	1.07949	2
7	71000001	1.01365	1.07949	2
7	72000001	1.24408	1.07949	2
7	73000001	0.943753	1.07949	2
7	74000001	0.970717	1.07949	2
7	75000001	1.0108	1.07949	2
7	76000001	0.869559	1.07949	2
7	77000001	1.33192	1.37638	3
7	78000001	1.45809	1.37638	3
7	79000001	1.37638	1.37638	3
7	80000001	0.846076	0.894783	2
7	81000001	0.943491	0.894783	2
7	82000001	1.38216	1.32723	3
7	83000001	1.25153	1.32723	3
7	84000001	1.37779	1.32723	3
7	85000001	1.27668	1.32723	3
7	86000001	1.16122	1.04869	2
7	87000001	1.1495	1.04869	2
7	88000001	1.13714	1.04869	2
7	89000001	1.14771	1.04869	2
7	90000001	1.08672	1.04869	2
7	91000001	1.0488	1.04869	2
7	92000001	0.808648	1.04869	2
7	93000001	0.889212	1.04869	2
7	94000001	1.04858	1.04869	2
7	95000001	1.2355	1.04869	2
7	96000001	1.18747	1.04869	2
7	97000001	1.04406	1.04869	2
7	98000001	0.978935	1.04869	2
7	99000001	1.01	1.04869	2
7	100000001	1.0233	1.04869	2
7	101000001	1.055	1.04869	2
7	102000001	0.976534	1.04869	2
7	103000001	1.16266	1.04869	2
7	104000001	0.99441	1.04869	2
7	105000001	1.02412	1.04869	2
7	106000001	0.968513	1.04869	2
7	107000001	1.15681	1.04869	2
7	108000001	1.12198	1.04869	2
7	109000001	0.870587	1.04869	2
7	110000001	1.38991	1.04869	2
7	111000001	0.834758	1.04869	2
7	112000001	1.32969	1.32969	3
7	113000001	1.28138	1.32969	3
7	114000001	1.35984	1.32969	3
7	115000001	0.992353	1.10142	2
7	116000001	1.12972	1.10142	2
7	117000001	0.929392	1.10142	2
7	118000001	1.14618	1.10142	2
7	119000001	1.16112	1.10142	2
7	120000001	1.1991	1.10142	2
7	121000001	0.957107	1.10142	2
7	122000001	1.02302	1.10142	2
7	123000001	1.19747	1.10142	2
7	124000001	1.11145	1.10142	2
7	125000001	1.21041	1.10142	2
7	126000001	0.784578	1.10142	2
7	127000001	1.03986	1.10142	2
7	128000001	0.907637	1.10142	2
7	129000001	1.33195	1.10142	2
7	130000001	1.13118	1.10142	2
7	131000001	1.00499	1.10142	2
7	132000001	1.10142	1.10142	2
7	133000001	1.11863	1.10142	2
7	134000001	1.07283	1.10142	2
7	135000001	0.843953	1.10142	2
7	136000001	1.20306	1.10142	2
7	137000001	1.01041	1.10142	2
7	138000001	0.986667	1.10142	2
7	139000001	1.29241	1.10142	2
7	140000001	0.914418	0.87302	2
7	141000001	0.831623	0.87302	2
7	142000001	1.53369	1.28277	3
7	143000001	1.23308	1.28277	3
7	144000001	1.1479	1.28277	3
7	145000001	1.44591	1.28277	3
7	146000001	1.32863	1.28277	3
7	147000001	1.2369	1.28277	3
7	148000001	0.923167	1.07101	2
7	149000001	1.00287	1.07101	2
7	150000001	1.28191	1.07101	2
7	151000001	1.18942	1.07101	2
7	152000001	1.15058	1.07101	2
7	153000001	0.997267	1.07101	2
7	154000001	0.997307	1.07101	2
7	155000001	0.892163	1.07101	2
7	156000001	1.21083	1.07101	2
7	157000001	1.01367	1.07101	2
7	158000001	1.20579	1.07101	2
7	159000001	1.12834	1.07101	2
8	1	0.952563	1.0153	2
8	1000001	0.889346	1.0153	2
8	2000001	1.07975	1.0153	2
8	3000001	0.848876	1.0153	2
8	4000001	1.03014	1.0153	2
8	5000001	1.19592	1.0153	2
8	6000001	0.897271	1.0153	2
8	7000001	0.946401	1.0153	2
8	8000001	1.0153	1.0153	2
8	9000001	1.04584	1.0153	2
8	10000001	1.09204	1.0153	2
8	11000001	0.850509	1.0153	2
8	12000001	0.820156	1.0153	2
8	13000001	1.01887	1.0153	2
8	14000001	0.944385	1.0153	2
8	15000001	1.0593	1.0153	2
8	16000001	1.28315	1.0153	2
8	17000001	1.27968	1.0153	2
8	18000001	1.15027	1.0153	2
8	19000001	0.748015	1.0153	2
8	20000001	1.03177	1.0153	2
8	21000001	0.915822	1.0153	2
8	22000001	1.03506	1.0153	2
8	23000001	1.00828	1.0153	2
8	24000001	0.882446	1.0153	2
8	25000001	1.01094	1.0153	2
8	26000001	1.134	1.0153	2
8	27000001	1.07581	1.0153	2
8	28000001	0.806435	1.0153	2
8	29000001	1.12893	1.0153	2
8	30000001	1.06302	1.0153	2
8	31000001	0.920761	1.0153	2
8	32000001	0.993729	1.0153	2
8	33000001	0.976224	1.0153	2
8	34000001	1.32755	1.0153	2
8	35000001	0.941553	1.0153	2
8	36000001	1.21482	1.0153	2
8	37000001	0.896051	0.90001	2
8	38000001	1.00286	0.90001	2
8	39000001	0.9539	0.90001	2
8	40000001	0.903969	0.90001	2
8	41000001	0.847702	0.90001	2
8	42000001	0.86529	0.90001	2
8	43000001	1.05644	0.90001	2
8	44000001	0.81652	0.90001	2
8	45000001	0.86607	0.90001	2
8	46000001	1.02549	0.90001	2
8	47000001	0.927348	0.90001	2
8	48000001	0.836994	0.90001	2
8	49000001	1.38188	1.06953	2
8	50000001	1.12349	1.06953	2
8	51000001	1.22094	1.06953	2
8	52000001	1.02572	1.06953	2
8	53000001	1.0023	1.06953	2
8	54000001	1.04225	1.06953	2
8	55000001	1.11799	1.06953	2
8	56000001	1.29661	1.06953	2
8	57000001	1.05496	1.06953	2
8	58000001	1.13888	1.06953	2
8	59000001	0.856659	1.06953	2
8	60000001	1.02267	1.06953	2
8	61000001	1.07377	1.06953	2
8	62000001	1.18295	1.06953	2
8	63000001	1.51004	1.06953	2
8	64000001	1.01431	1.06953	2
8	65000001	1.03578	1.06953	2
8	66000001	1.01019	1.06953	2
8	67000001	1.02821	1.06953	2
8	68000001	1.05152	1.06953	2
8	69000001	0.874342	1.06953	2
8	70000001	1.21253	1.06953	2
8	71000001	1.20032	1.06953	2
8	72000001	0.983073	1.06953	2
8	73000001	0.807949	1.06953	2
8	74000001	0.96639	1.06953	2
8	75000001	1.20526	1.06953	2
8	76000001	0.89337	1.06953	2
8	77000001	1.11975	1.06953	2
8	78000001	1.04442	1.06953	2
8	79000001	0.988829	1.06953	2
8	80000001	1.05033	1.06953	2
8	81000001	1.09646	1.06953	2
8	82000001	1.22972	1.06953	2
8	83000001	1.21826	1.06953	2
8	84000001	1.33001	1.06953	2
8	85000001	1.00901	1.06953	2
8	86000001	1.10505	1.06953	2
8	87000001	1.08046	1.06953	2
8	88000001	0.96331	1.06953	2
8	89000001	0.99753	1.06953	2
8	90000001	1.33346	1.06953	2
8	91000001	1.09296	1.06953	2
8	92000001	1.2048	1.06953	2
8	93000001	1.11635	1.06953	2
8	94000001	1.07454	1.06953	2
8	95000001	1.42676	1.06953	2
8	96000001	0.97093	1.06953	2
8	97000001	0.882625	1.06953	2
8	98000001	0.905888	1.06953	2
8	99000001	0.904078	1.06953	2
8	100000001	0.997339	1.06953	2
8	101000001	1.08448	1.06953	2
8	102000001	0.798655	1.06953	2
8	103000001	0.919327	1.06953	2
8	104000001	1.15577	1.06953	2
8	105000001	1.28099	1.06953	2
8	106000001	1.064	1.06953	2
8	107000001	1.10437	1.06953	2
8	108000001	0.827216	1.06953	2
8	109000001	1.00875	1.06953	2
8	110000001	1.08642	1.06953	2
8	111000001	1.06767	1.06953	2
8	112000001	1.41511	1.06953	2
8	113000001	1.07051	1.06953	2
8	114000001	1.08102	1.06953	2
8	115000001	1.17255	1.06953	2
8	116000001	1.28545	1.06953	2
8	117000001	0.886201	1.06953	2
8	118000001	0.824246	1.06953	2
8	119000001	0.976998	1.06953	2
8	120000001	1.48474	1.06953	2
8	121000001	1.32266	1.06953	2
8	122000001	1.07968	1.06953	2
8	123000001	0.995551	1.06953	2
8	124000001	1.02428	1.06953	2
8	125000001	1.55297	1.06953	2
8	126000001	0.916062	1.06953	2
8	127000001	1.10236	1.06953	2
8	128000001	1.1864	1.06953	2
8	129000001	1.25033	1.06953	2
8	130000001	1.03539	1.06953	2
8	131000001	1.15685	1.06953	2
8	132000001	1.01616	1.06953	2
8	133000001	0.980086	1.06953	2
8	134000001	1.06953	1.06953	2
8	135000001	1.19917	1.06953	2
8	136000001	1.03867	1.06953	2
8	137000001	1.02671	1.06953	2
8	138000001	3.04822	3.04822	6
8	139000001	0.863938	0.941244	2
8	140000001	0.852163	0.941244	2
8	141000001	0.948518	0.941244	2
8	142000001	1.10453	0.941244	2
8	143000001	0.941244	0.941244	2
8	144000001	0.968132	0.941244	2
8	145000001	0.684298	0.941244	2
9	1	0.651406	0.651406	1
9	1000001	1.08686	1.06363	2
9	2000001	1.0852	1.06363	2
9	3000001	0.808323	1.06363	2
9	4000001	1.08312	1.06363	2
9	5000001	1.20901	1.06363	2
9	6000001	0.934199	1.06363	2
9	7000001	1.04334	1.06363	2
9	8000001	1.31565	1.06363	2
9	9000001	0.944155	1.06363	2
9	10000001	1.00033	1.06363	2
9	11000001	1.17472	1.06363	2
9	12000001	0.964561	1.06363	2
9	13000001	1.13013	1.06363	2
9	14000001	1.17339	1.06363	2
9	15000001	1.12957	1.06363	2
9	16000001	1.19669	1.06363	2
9	17000001	0.834651	1.06363	2
9	18000001	0.910979	1.06363	2
9	19000001	1.08722	1.06363	2
9	20000001	1.31173	1.06363	2
9	21000001	1.16853	1.06363	2
9	22000001	0.914353	1.06363	2
9	23000001	0.990774	1.06363	2
9	24000001	1.04513	1.06363	2
9	25000001	0.935362	1.06363	2
9	26000001	0.951207	1.06363	2
9	27000001	0.854868	1.06363	2
9	28000001	1.3144	1.06363	2
9	29000001	0.974078	1.06363	2
9	30000001	1.36415	1.06363	2
9	31000001	1.04194	1.06363	2
9	32000001	1.06677	1.06363	2
9	33000001	1.03662	1.06363	2
9	34000001	0.72067	1.06363	2
9	35000001	1.26167	1.06363	2
9	36000001	0.849076	1.06363	2
9	37000001	1.06049	1.06363	2
9	38000001	1.14961	1.06363	2
9	39000001	0.97705	1.06363	2
9	40000001	1.2043	1.06363	2
9	41000001	1.10137	1.06363	2
9	42000001	1.08808	1.06363	2
9	43000001	0.778	0.778	2
9	44000001	0.653892	0.778	2
9	45000001	0.820886	0.778	2
9	46000001	-1	-1	2
9	47000001	-1	-1	2
9	48000001	-1	-1	2
9	49000001	-1	-1	2
9	50000001	-1	-1	2
9	51000001	-1	-1	2
9	52000001	-1	-1	2
9	53000001	-1	-1	2
9	54000001	-1	-1	2
9	55000001	-1	-1	2
9	56000001	-1	-1	2
9	57000001	-1	-1	2
9	58000001	-1	-1	2
9	59000001	-1	-1	2
9	60000001	1.24937	1.23965	2
9	61000001	1.40577	1.23965	2
9	62000001	0.907184	1.23965	2
9	63000001	1.21589	1.23965	2
9	64000001	1.44214	1.23965	2
9	65000001	1.23965	1.23965	2
9	66000001	1.14768	1.23965	2
9	67000001	1.03132	1.06447	2
9	68000001	1.08833	1.06447	2
9	69000001	1.12136	1.06447	2
9	70000001	0.80578	1.06447	2
9	71000001	1.36165	1.06447	2
9	72000001	1.15936	1.06447	2
9	73000001	1.07647	1.06447	2
9	74000001	1.08148	1.06447	2
9	75000001	0.845088	1.06447	2
9	76000001	1.18417	1.06447	2
9	77000001	1.10088	1.06447	2
9	78000001	0.970677	1.06447	2
9	79000001	0.901993	1.06447	2
9	80000001	0.996227	1.06447	2
9	81000001	1.12555	1.06447	2
9	82000001	1.00874	1.06447	2
9	83000001	0.987086	1.06447	2
9	84000001	1.06447	1.06447	2
9	85000001	1.20242	1.06447	2
9	86000001	1.06441	1.06447	2
9	87000001	1.0085	1.06447	2
9	88000001	0.831861	0.831861	2
9	89000001	0.817811	0.831861	2
9	90000001	1.00618	0.831861	2
9	91000001	0.842719	0.831861	2
9	92000001	0.788128	0.831861	2
9	93000001	1.22607	1.07788	2
9	94000001	1.10729	1.07788	2
9	95000001	1.11823	1.07788	2
9	96000001	0.995459	1.07788	2
9	97000001	0.82699	1.07788	2
9	98000001	0.962553	1.07788	2
9	99000001	0.880133	1.07788	2
9	100000001	1.09898	1.07788	2
9	101000001	1.07788	1.07788	2
9	102000001	1.17002	1.07788	2
9	103000001	1.19427	1.07788	2
9	104000001	1.24251	1.07788	2
9	105000001	0.845376	1.07788	2
9	106000001	0.836776	1.07788	2
9	107000001	0.968121	1.07788	2
9	108000001	1.26569	1.11484	2
9	109000001	1.07264	1.11484	2
9	110000001	1.34807	1.11484	2
9	111000001	0.886722	1.11484	2
9	112000001	1.36596	1.11484	2
9	113000001	1.05367	1.11484	2
9	114000001	1.11484	1.11484	2
9	115000001	0.931295	1.11484	2
9	116000001	0.874418	1.11484	2
9	117000001	1.29938	1.11484	2
9	118000001	1.1452	1.11484	2
9	119000001	0.994367	0.928325	2
9	120000001	1.00966	0.928325	2
9	121000001	0.994073	0.928325	2
9	122000001	0.976138	0.928325	2
9	123000001	0.87255	0.928325	2
9	124000001	0.89861	0.928325	2
9	125000001	0.890886	0.928325	2
9	126000001	1.00707	0.928325	2
9	127000001	0.835777	0.928325	2
9	128000001	0.840376	0.928325	2
9	129000001	1.12409	0.928325	2
9	130000001	1.12835	0.928325	2
9	131000001	0.916328	0.928325	2
9	132000001	0.92301	0.928325	2
9	133000001	0.93364	0.928325	2
9	134000001	1.01455	0.928325	2
9	135000001	0.774822	0.928325	2
9	136000001	0.850373	0.928325	2
9	137000001	0.834338	0.928325	2
9	138000001	1.09224	0.928325	2
X	1	0.708416	0.623545	1
X	1000001	0.522359	0.623545	1
X	2000001	0.520066	0.623545	1
X	3000001	0.679356	0.623545	1
X	4000001	0.623545	0.623545	1
X	5000001	0.552114	0.514609	1
X	6000001	0.525795	0.514609	1
X	7000001	0.444838	0.514609	1
X	8000001	0.405533	0.514609	1
X	9000001	0.629584	0.514609	1
X	10000001	0.503424	0.514609	1
X	11000001	1.19753	1.19753	2
X	12000001	0.259039	0.505187	1
X	13000001	0.656471	0.505187	1
X	14000001	0.544092	0.505187	1
X	15000001	0.475494	0.505187	1
X	16000001	0.456048	0.505187	1
X	17000001	0.414326	0.505187	1
X	18000001	0.734121	0.505187	1
X	19000001	0.434723	0.505187	1
X	20000001	0.520177	0.505187	1
X	21000001	0.601206	0.505187	1
X	22000001	0.548836	0.505187	1
X	23000001	0.602708	0.505187	1
X	24000001	0.430083	0.505187	1
X	25000001	0.5359	0.505187	1
X	26000001	0.503747	0.505187	1
X	27000001	0.478125	0.505187	1
X	28000001	0.594208	0.505187	1
X	29000001	0.380741	0.505187	1
X	30000001	0.402698	0.505187	1
X	31000001	0.43631	0.505187	1
X	32000001	0.506218	0.505187	1
X	33000001	0.646613	0.505187	1
X	34000001	0.451784	0.505187	1
X	35000001	0.606134	0.505187	1
X	36000001	0.549349	0.505187	1
X	37000001	0.538094	0.505187	1
X	38000001	0.733027	0.505187	1
X	39000001	0.384288	0.505187	1
X	40000001	0.404506	0.505187	1
X	41000001	0.473368	0.505187	1
X	42000001	0.506752	0.505187	1
X	43000001	0.591804	0.505187	1
X	44000001	0.482444	0.505187	1
X	45000001	0.378752	0.505187	1
X	46000001	0.586473	0.505187	1
X	47000001	0.7512	0.505187	1
X	48000001	0.52807	0.505187	1
X	49000001	0.567626	0.505187	1
X	50000001	0.435298	0.505187	1
X	51000001	0.477994	0.505187	1
X	52000001	0.337488	0.505187	1
X	53000001	0.520458	0.505187	1
X	54000001	0.505187	0.505187	1
X	55000001	0.470014	0.505187	1
X	56000001	0.526719	0.505187	1
X	57000001	0.69563	0.505187	1
X	58000001	0.434551	0.505187	1
X	59000001	0.401009	0.505187	1
X	60000001	0.514383	0.505187	1
X	61000001	0.564465	0.505187	1
X	62000001	0.480117	0.505187	1
X	63000001	0.644784	0.505187	1
X	64000001	0.499183	0.505187	1
X	65000001	0.56481	0.505187	1
X	66000001	0.584694	0.505187	1
X	67000001	0.541438	0.505187	1
X	68000001	0.378955	0.505187	1
X	69000001	0.372127	0.505187	1
X	70000001	0.830668	0.505187	1
X	71000001	0.450403	0.505187	1
X	72000001	0.461486	0.505187	1
X	73000001	0.49339	0.505187	1
X	74000001	0.568982	0.505187	1
X	75000001	0.363666	0.505187	1
X	76000001	0.443201	0.505187	1
X	77000001	0.745827	0.757659	2
X	78000001	0.769491	0.757659	2
X	79000001	0.52219	0.554518	1
X	80000001	0.477656	0.554518	1
X	81000001	0.680295	0.554518	1
X	82000001	0.536925	0.554518	1
X	83000001	0.56401	0.554518	1
X	84000001	0.4296	0.554518	1
X	85000001	0.613036	0.554518	1
X	86000001	0.566646	0.554518	1
X	87000001	0.49467	0.554518	1
X	88000001	0.868618	0.554518	1
X	89000001	0.592038	0.554518	1
X	90000001	0.561372	0.554518	1
X	91000001	0.677935	0.554518	1
X	92000001	0.540746	0.554518	1
X	93000001	0.588463	0.554518	1
X	94000001	0.6685	0.554518	1
X	95000001	0.548496	0.554518	1
X	96000001	0.536261	0.554518	1
X	97000001	0.394638	0.554518	1
X	98000001	0.461379	0.554518	1
X	99000001	0.697032	0.554518	1
X	100000001	0.481153	0.554518	1
X	101000001	0.428272	0.554518	1
X	102000001	0.630894	0.554518	1
X	103000001	0.600726	0.554518	1
X	104000001	0.318054	0.554518	1
X	105000001	0.486851	0.554518	1
X	106000001	0.473064	0.554518	1
X	107000001	0.70967	0.554518	1
X	108000001	0.384116	0.554518	1
X	109000001	0.54095	0.554518	1
X	110000001	0.554518	0.554518	1
X	111000001	0.462748	0.554518	1
X	112000001	0.806597	0.554518	1
X	113000001	0.613841	0.554518	1
X	114000001	0.44257	0.554518	1
X	115000001	0.556712	0.554518	1
X	116000001	0.603228	0.554518	1
X	117000001	0.574328	0.554518	1
X	118000001	0.561242	0.554518	1
X	119000001	0.47327	0.554518	1
X	120000001	0.673089	0.554518	1
X	121000001	0.556504	0.554518	1
X	122000001	0.543929	0.554518	1
X	123000001	0.543952	0.554518	1
X	124000001	0.886018	0.669305	1
X	125000001	0.527795	0.669305	1
X	126000001	0.678727	0.669305	1
X	127000001	0.659884	0.669305	1
X	128000001	0.523931	0.45867	1
X	129000001	0.501945	0.45867	1
X	130000001	0.384947	0.45867	1
X	131000001	0.424823	0.45867	1
X	132000001	0.576056	0.45867	1
X	133000001	0.45867	0.45867	1
X	134000001	0.359679	0.45867	1
X	135000001	0.869657	0.869657	2
X	136000001	0.539698	0.505482	1
X	137000001	0.52156	0.505482	1
X	138000001	0.489404	0.505482	1
X	139000001	0.373442	0.505482	1
X	140000001	0.379444	0.505482	1
X	141000001	0.5235	0.505482	1
X	142000001	0.566339	0.505482	1
X	143000001	0.64995	0.505482	1
X	144000001	0.363925	0.505482	1
X	145000001	0.41843	0.505482	1
X	146000001	0.644437	0.506337	1
X	147000001	0.479919	0.506337	1
X	148000001	0.573318	0.506337	1
X	149000001	0.549759	0.506337	1
X	150000001	0.426448	0.506337	1
X	151000001	0.655222	0.506337	1
X	152000001	0.448072	0.506337	1
X	153000001	0.489352	0.506337	1
X	154000001	0.506337	0.506337	1
X	155000001	0.502339	0.506337	1
X	156000001	1.21279	0.506337	1
Y	1	-1	-1	1
Y	1000001	-1	-1	1
Y	2000001	0.625587	0.598039	1
Y	3000001	0.522495	0.598039	1
Y	4000001	0.598039	0.598039	1
Y	5000001	0.452832	0.598039	1
Y	6000001	0.673016	0.598039	1
Y	7000001	0.49366	0.598039	1
Y	8000001	0.501271	0.598039	1
Y	9000001	0.565652	0.598039	1
Y	10000001	1.15282	0.598039	1
Y	11000001	0.693762	0.598039	1
Y	12000001	0.671436	0.598039	1
Y	13000001	0.547287	0.567939	1
Y	14000001	0.588592	0.567939	1
Y	15000001	0.440873	0.462737	1
Y	16000001	0.525934	0.462737	1
Y	17000001	0.462737	0.462737	1
Y	18000001	0.354427	0.462737	1
Y	19000001	0.581404	0.462737	1
Y	20000001	0.473277	0.462737	1
Y	21000001	0.76591	0.462737	1
Y	22000001	0.444994	0.462737	1
Y	23000001	0.636282	0.462737	1
Y	24000001	0.324925	0.462737	1
Y	25000001	0.461628	0.462737	1
Y	26000001	0.395631	0.462737	1
Y	27000001	-1	0.462737	1
Y	28000001	-1	0.462737	1
Y	29000001	-1	0.462737	1
Y	30000001	-1	0.462737	1
Y	31000001	-1	0.462737	1
Y	32000001	-1	0.462737	1
Y	33000001	-1	0.462737	1
Y	34000001	-1	0.462737	1
Y	35000001	-1	0.462737	1
Y	36000001	-1	0.462737	1
Y	37000001	-1	0.462737	1
Y	38000001	-1	0.462737	1
Y	39000001	-1	0.462737	1
Y	40000001	-1	0.462737	1
Y	41000001	-1	0.462737	1
Y	42000001	-1	0.462737	1
Y	43000001	-1	0.462737	1
Y	44000001	-1	0.462737	1
Y	45000001	-1	0.462737	1
Y	46000001	-1	0.462737	1
Y	47000001	-1	0.462737	1
Y	48000001	-1	0.462737	1
Y	49000001	-1	0.462737	1
Y	50000001	-1	0.462737	1
Y	51000001	-1	0.462737	1
Y	52000001	-1	0.462737	1
Y	53000001	-1	0.462737	1
Y	54000001	-1	0.462737	1
Y	55000001	-1	0.462737	1
Y	56000001	0.780199	0.462737	1
Y	57000001	-1	-1	1
