Chromosome	Start	Ratio	MedianRatio	CopyNumber
1	1	2.15161	2.15161	6
1	1000001	1.33785	1.47309	4
1	2000001	1.87424	1.47309	4
1	3000001	1.55104	1.47309	4
1	4000001	1.30152	1.47309	4
1	5000001	1.21604	1.47309	4
1	6000001	1.42286	1.47309	4
1	7000001	1.72113	1.47309	4
1	8000001	1.47465	1.47309	4
1	9000001	1.33706	1.47309	4
1	10000001	1.31972	1.47309	4
1	11000001	1.54644	1.47309	4
1	12000001	1.47309	1.47309	4
1	13000001	1.53245	1.47309	4
1	14000001	1.35243	1.47309	4
1	15000001	1.39474	1.47309	4
1	16000001	1.50541	1.47309	4
1	17000001	1.71999	1.47309	4
1	18000001	1.25965	1.31733	4
1	19000001	1.18157	1.31733	4
1	20000001	1.45328	1.31733	4
1	21000001	1.35743	1.31733	4
1	22000001	1.23918	1.31733	4
1	23000001	1.28545	1.31733	4
1	24000001	1.41957	1.31733	4
1	25000001	1.34992	1.31733	4
1	26000001	1.22505	1.31733	4
1	27000001	1.35091	1.31733	4
1	28000001	1.42774	1.31733	4
1	29000001	1.54464	1.31733	4
1	30000001	1.14768	1.31733	4
1	31000001	1.53962	1.31733	4
1	32000001	1.1284	1.31733	4
1	33000001	1.53061	1.31733	4
1	34000001	1.35373	1.31733	4
1	35000001	1.41747	1.31733	4
1	36000001	1.40506	1.31733	4
1	37000001	1.40258	1.31733	4
1	38000001	1.21068	1.31733	4
1	39000001	1.31733	1.31733	4
1	40000001	1.22452	1.31733	4
1	41000001	1.37042	1.31733	4
1	42000001	1.36915	1.31733	4
1	43000001	1.24267	1.31733	4
1	44000001	1.2666	1.31733	4
1	45000001	1.37076	1.31733	4
1	46000001	1.16806	1.31733	4
1	47000001	1.31399	1.31733	4
1	48000001	1.23462	1.31733	4
1	49000001	0.954139	1.31733	4
1	50000001	1.03899	1.31733	4
1	51000001	1.58538	1.31733	4
1	52000001	1.24737	1.31733	4
1	53000001	1.19503	1.31733	4
1	54000001	1.36272	1.31733	4
1	55000001	0.954055	0.976362	3
1	56000001	0.948851	0.976362	3
1	57000001	0.978446	0.976362	3
1	58000001	0.912426	0.976362	3
1	59000001	0.768665	0.976362	3
1	60000001	0.912841	0.976362	3
1	61000001	1.28319	0.976362	3
1	62000001	0.954203	0.976362	3
1	63000001	1.03938	0.976362	3
1	64000001	0.968929	0.976362	3
1	65000001	0.996193	0.976362	3
1	66000001	1.11243	0.976362	3
1	67000001	1.04166	0.976362	3
1	68000001	0.839275	0.976362	3
1	69000001	0.982379	0.976362	3
1	70000001	0.841175	0.976362	3
1	71000001	0.974277	0.976362	3
1	72000001	0.90189	0.976362	3
1	73000001	0.926759	0.976362	3
1	74000001	1.03017	0.976362	3
1	75000001	1.1603	0.976362	3
1	76000001	1.00088	0.976362	3
1	77000001	0.955448	0.976362	3
1	78000001	0.941297	0.976362	3
1	79000001	1.06434	0.976362	3
1	80000001	0.938278	0.976362	3
1	81000001	1.13549	0.976362	3
1	82000001	0.846703	0.976362	3
1	83000001	0.978918	0.976362	3
1	84000001	1.07407	0.976362	3
1	85000001	0.906388	0.976362	3
1	86000001	1.02249	0.976362	3
1	87000001	1.10684	0.976362	3
1	88000001	0.675186	0.976362	3
1	89000001	1.02089	0.976362	3
1	90000001	0.936429	0.976362	3
1	91000001	0.937232	0.976362	3
1	92000001	0.93122	0.976362	3
1	93000001	1.11008	0.976362	3
1	94000001	0.839226	0.976362	3
1	95000001	1.02365	0.976362	3
1	96000001	0.904723	0.976362	3
1	97000001	1.04454	0.976362	3
1	98000001	1.16563	0.976362	3
1	99000001	1.13684	0.976362	3
1	100000001	1.09228	0.976362	3
1	101000001	1.08711	0.976362	3
1	102000001	0.805769	0.976362	3
1	103000001	0.675859	0.976362	3
1	104000001	0.972588	0.976362	3
1	105000001	1.0497	0.976362	3
1	106000001	1.03949	0.976362	3
1	107000001	1.2878	1.24614	4
1	108000001	1.19698	1.24614	4
1	109000001	1.18554	1.24614	4
1	110000001	1.44887	1.24614	4
1	111000001	1.21141	1.24614	4
1	112000001	1.28059	1.24614	4
1	113000001	1.35774	1.24614	4
1	114000001	1.22814	1.24614	4
1	115000001	1.1088	1.24614	4
1	116000001	1.54093	1.24614	4
1	117000001	1.26413	1.24614	4
1	118000001	1.13271	1.24614	4
1	119000001	1.45826	1.24614	4
1	120000001	1.09042	1.24614	4
1	121000001	2.67048	2.67048	8
1	122000001	1.72257	1.72257	5
1	123000001	1.74259	1.72257	5
1	124000001	1.66922	1.72257	5
1	125000001	5.23007	-1	3
1	126000001	-1	-1	3
1	127000001	-1	-1	3
1	128000001	-1	-1	3
1	129000001	-1	-1	3
1	130000001	-1	-1	3
1	131000001	-1	-1	3
1	132000001	-1	-1	3
1	133000001	-1	-1	3
1	134000001	-1	-1	3
1	135000001	-1	-1	3
1	136000001	-1	-1	3
1	137000001	-1	-1	3
1	138000001	-1	-1	3
1	139000001	-1	-1	3
1	140000001	-1	-1	3
1	141000001	-1	-1	3
1	142000001	-1	-1	3
1	143000001	4.91696	-1	3
1	144000001	1.20282	0.972765	3
1	145000001	0.915131	0.972765	3
1	146000001	0.906803	0.972765	3
1	147000001	0.958858	0.972765	3
1	148000001	1.06179	0.972765	3
1	149000001	0.77353	0.972765	3
1	150000001	0.78561	0.972765	3
1	151000001	1.04475	0.972765	3
1	152000001	1.04141	0.972765	3
1	153000001	1.04527	0.972765	3
1	154000001	1.18437	0.972765	3
1	155000001	0.926663	0.972765	3
1	156000001	0.957804	0.972765	3
1	157000001	1.02178	0.972765	3
1	158000001	0.845401	0.972765	3
1	159000001	1.11308	0.972765	3
1	160000001	0.968869	0.972765	3
1	161000001	0.976661	0.972765	3
1	162000001	1.24135	1.4181	4
1	163000001	1.49902	1.4181	4
1	164000001	1.24951	1.4181	4
1	165000001	1.4181	1.4181	4
1	166000001	1.27572	1.4181	4
1	167000001	1.52273	1.4181	4
1	168000001	1.47459	1.4181	4
1	169000001	1.35804	1.4181	4
1	170000001	1.4902	1.4181	4
1	171000001	1.27045	1.4181	4
1	172000001	1.4508	1.4181	4
1	173000001	1.24823	1.29803	4
1	174000001	1.24886	1.29803	4
1	175000001	1.3513	1.29803	4
1	176000001	1.31679	1.29803	4
1	177000001	1.2698	1.29803	4
1	178000001	1.2667	1.29803	4
1	179000001	1.20545	1.29803	4
1	180000001	1.31812	1.29803	4
1	181000001	1.17953	1.29803	4
1	182000001	1.36112	1.29803	4
1	183000001	1.1559	1.29803	4
1	184000001	1.16129	1.29803	4
1	185000001	1.14442	1.29803	4
1	186000001	1.44986	1.29803	4
1	187000001	1.29235	1.29803	4
1	188000001	1.02986	1.29803	4
1	189000001	1.10388	1.29803	4
1	190000001	1.32304	1.29803	4
1	191000001	1.04107	1.29803	4
1	192000001	1.05036	1.29803	4
1	193000001	1.29434	1.29803	4
1	194000001	1.06893	1.29803	4
1	195000001	1.30919	1.29803	4
1	196000001	1.38295	1.29803	4
1	197000001	1.26067	1.29803	4
1	198000001	1.16459	1.29803	4
1	199000001	1.46208	1.29803	4
1	200000001	1.34085	1.29803	4
1	201000001	1.46757	1.29803	4
1	202000001	1.27577	1.29803	4
1	203000001	1.28888	1.29803	4
1	204000001	1.16115	1.29803	4
1	205000001	1.46595	1.29803	4
1	206000001	1.13441	1.29803	4
1	207000001	1.35699	1.29803	4
1	208000001	1.38062	1.29803	4
1	209000001	1.28635	1.29803	4
1	210000001	1.32977	1.29803	4
1	211000001	1.4753	1.29803	4
1	212000001	1.37589	1.29803	4
1	213000001	1.1281	1.29803	4
1	214000001	1.52692	1.29803	4
1	215000001	1.39057	1.29803	4
1	216000001	1.39919	1.29803	4
1	217000001	1.54155	1.29803	4
1	218000001	1.30172	1.29803	4
1	219000001	1.34951	1.29803	4
1	220000001	1.08374	1.29803	4
1	221000001	1.23379	1.29803	4
1	222000001	1.35301	1.29803	4
1	223000001	1.33837	1.29803	4
1	224000001	1.5475	1.29803	4
1	225000001	1.26853	1.29803	4
1	226000001	1.30216	1.29803	4
1	227000001	1.34073	1.29803	4
1	228000001	1.5882	1.29803	4
1	229000001	1.14741	1.29803	4
1	230000001	1.5391	1.29803	4
1	231000001	1.33305	1.29803	4
1	232000001	1.14709	1.29803	4
1	233000001	1.46494	1.29803	4
1	234000001	1.13767	1.29803	4
1	235000001	1.43891	1.29803	4
1	236000001	1.41701	1.29803	4
1	237000001	1.1742	1.29803	4
1	238000001	1.2629	1.29803	4
1	239000001	1.49642	1.29803	4
1	240000001	1.2527	1.29803	4
1	241000001	1.07758	1.29803	4
1	242000001	1.2097	1.29803	4
1	243000001	1.43418	1.29803	4
1	244000001	1.44167	1.29803	4
1	245000001	1.35448	1.29803	4
1	246000001	1.27969	1.29803	4
1	247000001	1.26217	1.29803	4
1	248000001	0.934976	1.29803	4
10	1	1.07466	0.972567	3
10	1000001	0.941647	0.972567	3
10	2000001	1.00726	0.972567	3
10	3000001	1.01874	0.972567	3
10	4000001	1.06056	0.972567	3
10	5000001	0.862227	0.972567	3
10	6000001	1.0689	0.972567	3
10	7000001	0.888036	0.972567	3
10	8000001	0.91169	0.972567	3
10	9000001	0.769457	0.972567	3
10	10000001	0.972567	0.972567	3
10	11000001	0.941948	0.972567	3
10	12000001	1.20833	0.972567	3
10	13000001	0.910879	0.972567	3
10	14000001	1.14258	0.972567	3
10	15000001	0.954856	0.972567	3
10	16000001	0.985442	0.972567	3
10	17000001	1.05161	0.972567	3
10	18000001	1.01492	0.972567	3
10	19000001	0.954926	0.972567	3
10	20000001	0.958006	0.972567	3
10	21000001	0.886114	0.972567	3
10	22000001	0.884734	0.972567	3
10	23000001	0.953356	0.972567	3
10	24000001	1.09206	0.972567	3
10	25000001	1.05169	0.972567	3
10	26000001	0.905644	0.972567	3
10	27000001	1.04387	0.972567	3
10	28000001	1.00181	0.972567	3
10	29000001	0.951886	0.972567	3
10	30000001	1.15729	0.972567	3
10	31000001	0.966006	0.972567	3
10	32000001	0.71806	0.972567	3
10	33000001	1.15044	0.972567	3
10	34000001	0.995101	0.972567	3
10	35000001	0.943739	0.972567	3
10	36000001	0.848659	0.972567	3
10	37000001	1.03325	0.972567	3
10	38000001	1.01188	0.972567	3
10	39000001	1.34477	1.34477	4
10	40000001	2.12127	2.12127	6
10	41000001	0.980958	1.31255	4
10	42000001	1.2514	1.31255	4
10	43000001	1.52054	1.31255	4
10	44000001	1.23896	1.31255	4
10	45000001	1.16696	1.31255	4
10	46000001	1.59041	1.31255	4
10	47000001	1.35621	1.31255	4
10	48000001	1.53197	1.31255	4
10	49000001	1.31255	1.31255	4
10	50000001	1.2912	1.31255	4
10	51000001	1.15061	1.31255	4
10	52000001	1.25305	1.31255	4
10	53000001	1.27412	1.31255	4
10	54000001	1.05284	1.31255	4
10	55000001	1.05833	1.31255	4
10	56000001	1.09058	1.31255	4
10	57000001	1.2104	1.31255	4
10	58000001	1.21103	1.31255	4
10	59000001	1.38534	1.31255	4
10	60000001	1.38758	1.31255	4
10	61000001	1.46222	1.31255	4
10	62000001	1.20738	1.31255	4
10	63000001	1.27525	1.31255	4
10	64000001	1.42003	1.31255	4
10	65000001	1.3105	1.31255	4
10	66000001	1.19041	1.31255	4
10	67000001	1.22076	1.31255	4
10	68000001	1.12406	1.31255	4
10	69000001	1.4063	1.31255	4
10	70000001	1.36236	1.31255	4
10	71000001	1.52149	1.31255	4
10	72000001	1.43591	1.31255	4
10	73000001	1.45441	1.31255	4
10	74000001	1.31889	1.31255	4
10	75000001	1.35003	1.31255	4
10	76000001	1.29098	1.31255	4
10	77000001	1.1363	1.31255	4
10	78000001	1.38052	1.31255	4
10	79000001	1.37192	1.31255	4
10	80000001	1.35995	1.31255	4
10	81000001	1.54214	1.31255	4
10	82000001	1.31769	1.31255	4
10	83000001	1.23785	1.31255	4
10	84000001	1.45718	1.31255	4
10	85000001	1.33084	1.31255	4
10	86000001	0.75186	0.692228	2
10	87000001	0.684904	0.692228	2
10	88000001	0.701775	0.692228	2
10	89000001	0.789067	0.692228	2
10	90000001	0.690579	0.692228	2
10	91000001	0.844098	0.692228	2
10	92000001	0.590571	0.692228	2
10	93000001	0.671455	0.692228	2
10	94000001	0.607702	0.692228	2
10	95000001	0.693877	0.692228	2
10	96000001	0.553486	0.692228	2
10	97000001	0.740383	0.692228	2
10	98000001	0.770672	0.692228	2
10	99000001	0.625773	0.692228	2
10	100000001	0.577682	0.692228	2
10	101000001	0.688052	0.692228	2
10	102000001	0.724356	0.692228	2
10	103000001	0.749369	0.692228	2
10	104000001	0.57941	0.692228	2
10	105000001	0.759672	0.692228	2
10	106000001	0.688593	0.692228	2
10	107000001	0.526443	0.692228	2
10	108000001	0.606116	0.692228	2
10	109000001	0.610834	0.692228	2
10	110000001	0.754026	0.692228	2
10	111000001	0.806106	0.692228	2
10	112000001	0.874257	0.692228	2
10	113000001	0.650171	0.692228	2
10	114000001	0.624097	0.692228	2
10	115000001	0.66215	0.692228	2
10	116000001	0.854163	0.692228	2
10	117000001	0.840928	0.692228	2
10	118000001	0.743567	0.692228	2
10	119000001	0.721451	0.692228	2
10	120000001	0.727934	0.692228	2
10	121000001	0.553027	0.692228	2
10	122000001	0.870614	0.692228	2
10	123000001	0.77348	0.692228	2
10	124000001	0.587266	0.692228	2
10	125000001	0.706656	0.692228	2
10	126000001	1.40564	0.692228	2
10	127000001	0.704378	0.692228	2
10	128000001	0.609062	0.692228	2
10	129000001	0.597125	0.692228	2
10	130000001	0.63992	0.692228	2
10	131000001	0.640162	0.692228	2
10	132000001	0.685302	0.692228	2
10	133000001	1.83767	0.692228	2
11	1	0.9678	0.994755	3
11	1000001	1.07677	0.994755	3
11	2000001	1.04729	0.994755	3
11	3000001	1.10513	0.994755	3
11	4000001	0.905099	0.994755	3
11	5000001	0.905748	0.994755	3
11	6000001	0.979596	0.994755	3
11	7000001	0.855329	0.994755	3
11	8000001	0.994755	0.994755	3
11	9000001	1.00061	0.994755	3
11	10000001	1.07767	0.994755	3
11	11000001	1.67791	1.67791	5
11	12000001	0.926171	0.97656	3
11	13000001	0.980066	0.97656	3
11	14000001	1.08224	0.97656	3
11	15000001	0.94903	0.97656	3
11	16000001	0.819881	0.97656	3
11	17000001	0.943118	0.97656	3
11	18000001	1.0617	0.97656	3
11	19000001	0.890967	0.97656	3
11	20000001	0.986041	0.97656	3
11	21000001	1.21198	0.97656	3
11	22000001	1.14417	0.97656	3
11	23000001	0.909073	0.97656	3
11	24000001	0.954773	0.97656	3
11	25000001	0.891425	0.97656	3
11	26000001	0.945872	0.97656	3
11	27000001	0.971453	0.97656	3
11	28000001	0.813747	0.97656	3
11	29000001	1.12658	0.97656	3
11	30000001	0.834218	0.97656	3
11	31000001	0.823579	0.97656	3
11	32000001	0.821959	0.97656	3
11	33000001	0.974023	0.97656	3
11	34000001	0.971187	0.97656	3
11	35000001	1.01068	0.97656	3
11	36000001	1.08684	0.97656	3
11	37000001	0.899915	0.97656	3
11	38000001	0.860562	0.97656	3
11	39000001	0.912901	0.97656	3
11	40000001	0.99994	0.97656	3
11	41000001	0.849418	0.97656	3
11	42000001	0.970331	0.97656	3
11	43000001	0.860694	0.97656	3
11	44000001	1.07428	0.97656	3
11	45000001	1.21406	0.97656	3
11	46000001	0.96765	0.97656	3
11	47000001	0.861313	0.97656	3
11	48000001	0.90005	0.97656	3
11	49000001	0.885319	0.97656	3
11	50000001	1.02585	0.97656	3
11	51000001	1.11082	0.97656	3
11	52000001	1.05624	0.97656	3
11	53000001	1.29104	0.97656	3
11	54000001	1.06452	0.97656	3
11	55000001	1.18426	0.97656	3
11	56000001	0.933244	0.97656	3
11	57000001	1.15718	0.97656	3
11	58000001	1.0044	0.97656	3
11	59000001	0.997759	0.97656	3
11	60000001	0.93121	0.97656	3
11	61000001	0.983103	0.97656	3
11	62000001	0.840313	0.97656	3
11	63000001	1.00534	0.97656	3
11	64000001	1.07753	0.97656	3
11	65000001	1.0968	0.97656	3
11	66000001	0.850431	0.97656	3
11	67000001	0.976682	0.97656	3
11	68000001	0.916993	0.97656	3
11	69000001	1.22675	0.97656	3
11	70000001	1.13567	0.97656	3
11	71000001	1.07837	0.97656	3
11	72000001	1.04632	0.97656	3
11	73000001	1.01032	0.97656	3
11	74000001	1.08274	0.97656	3
11	75000001	1.00906	0.97656	3
11	76000001	1.05884	0.97656	3
11	77000001	1.10806	0.97656	3
11	78000001	0.936952	0.97656	3
11	79000001	0.876602	0.97656	3
11	80000001	0.888213	0.97656	3
11	81000001	1.07563	0.97656	3
11	82000001	0.903361	0.97656	3
11	83000001	0.906696	0.97656	3
11	84000001	0.899756	0.97656	3
11	85000001	0.976023	0.97656	3
11	86000001	1.04613	0.97656	3
11	87000001	1.16893	0.97656	3
11	88000001	0.87068	0.97656	3
11	89000001	0.885285	0.97656	3
11	90000001	0.723039	0.97656	3
11	91000001	0.999986	0.97656	3
11	92000001	0.848119	0.97656	3
11	93000001	0.747276	0.97656	3
11	94000001	1.22412	0.97656	3
11	95000001	1.23791	0.97656	3
11	96000001	1.05362	0.97656	3
11	97000001	1.13714	0.97656	3
11	98000001	1.08818	0.97656	3
11	99000001	0.906164	0.97656	3
11	100000001	1.15323	0.97656	3
11	101000001	0.976438	0.97656	3
11	102000001	1.33643	1.23362	4
11	103000001	1.38702	1.23362	4
11	104000001	1.60918	1.23362	4
11	105000001	1.18249	1.23362	4
11	106000001	1.02152	1.23362	4
11	107000001	1.13536	1.23362	4
11	108000001	1.05232	1.23362	4
11	109000001	1.19955	1.23362	4
11	110000001	1.37982	1.23362	4
11	111000001	1.22031	1.23362	4
11	112000001	1.44867	1.23362	4
11	113000001	1.33928	1.23362	4
11	114000001	1.15323	1.23362	4
11	115000001	1.24692	1.23362	4
11	116000001	1.51227	1.37304	4
11	117000001	1.37811	1.37304	4
11	118000001	1.40194	1.37304	4
11	119000001	1.31918	1.37304	4
11	120000001	1.24544	1.37304	4
11	121000001	1.34488	1.37304	4
11	122000001	1.45628	1.37304	4
11	123000001	1.39756	1.37304	4
11	124000001	1.56836	1.37304	4
11	125000001	1.33877	1.37304	4
11	126000001	1.42669	1.37304	4
11	127000001	1.29612	1.37304	4
11	128000001	1.36796	1.37304	4
11	129000001	1.31752	1.37304	4
11	130000001	1.29736	1.37304	4
11	131000001	1.24767	1.37304	4
11	132000001	1.49472	1.37304	4
11	133000001	1.41208	1.37304	4
11	134000001	1.06695	1.37304	4
11	135000001	1.76717	1.37304	4
12	1	0.601281	0.688392	2
12	1000001	0.520606	0.688392	2
12	2000001	0.761629	0.688392	2
12	3000001	0.735002	0.688392	2
12	4000001	0.661997	0.688392	2
12	5000001	0.716025	0.688392	2
12	6000001	0.803195	0.688392	2
12	7000001	0.688392	0.688392	2
12	8000001	0.731555	0.688392	2
12	9000001	0.646372	0.688392	2
12	10000001	0.720681	0.688392	2
12	11000001	0.579101	0.688392	2
12	12000001	0.586245	0.688392	2
12	13000001	0.716855	0.688392	2
12	14000001	0.857822	0.688392	2
12	15000001	0.631098	0.688392	2
12	16000001	0.520695	0.688392	2
12	17000001	0.583684	0.688392	2
12	18000001	0.717058	0.688392	2
12	19000001	0.722238	0.688392	2
12	20000001	0.655058	0.688392	2
12	21000001	0.536258	0.688392	2
12	22000001	0.684759	0.688392	2
12	23000001	0.841661	0.688392	2
12	24000001	0.734527	0.688392	2
12	25000001	1.08478	0.948594	3
12	26000001	0.905229	0.948594	3
12	27000001	0.898079	0.948594	3
12	28000001	0.813462	0.948594	3
12	29000001	1.0512	0.948594	3
12	30000001	0.962547	0.948594	3
12	31000001	0.883368	0.948594	3
12	32000001	0.882243	0.948594	3
12	33000001	0.9439	0.948594	3
12	34000001	0.993097	0.948594	3
12	35000001	1.0967	0.948594	3
12	36000001	0.981593	0.948594	3
12	37000001	1.08877	0.948594	3
12	38000001	0.810157	0.948594	3
12	39000001	0.953288	0.948594	3
12	40000001	0.961561	0.948594	3
12	41000001	0.869266	0.948594	3
12	42000001	1.09103	0.948594	3
12	43000001	0.803722	0.948594	3
12	44000001	0.807194	0.948594	3
12	45000001	1.00968	0.948594	3
12	46000001	0.832775	0.948594	3
12	47000001	1.07294	1.0102	3
12	48000001	1.42105	1.0102	3
12	49000001	1.0484	1.0102	3
12	50000001	0.936177	1.0102	3
12	51000001	0.879724	1.0102	3
12	52000001	1.13813	1.0102	3
12	53000001	1.15671	1.0102	3
12	54000001	0.951197	1.0102	3
12	55000001	0.864157	1.0102	3
12	56000001	1.15469	1.0102	3
12	57000001	1.02411	1.0102	3
12	58000001	1.07226	1.0102	3
12	59000001	1.03113	1.0102	3
12	60000001	0.9156	1.0102	3
12	61000001	0.752387	1.0102	3
12	62000001	1.05866	1.0102	3
12	63000001	0.798402	1.0102	3
12	64000001	1.0102	1.0102	3
12	65000001	1.28481	1.0102	3
12	66000001	1.04401	1.0102	3
12	67000001	1.16056	1.0102	3
12	68000001	0.91238	1.0102	3
12	69000001	1.09338	1.0102	3
12	70000001	0.992077	1.0102	3
12	71000001	1.05255	1.0102	3
12	72000001	0.918825	1.0102	3
12	73000001	1.15799	1.0102	3
12	74000001	0.780045	1.0102	3
12	75000001	1.04877	1.0102	3
12	76000001	1.19326	1.0102	3
12	77000001	1.11435	1.0102	3
12	78000001	1.15169	1.0102	3
12	79000001	1.00815	1.0102	3
12	80000001	0.925507	1.0102	3
12	81000001	0.895933	1.0102	3
12	82000001	0.819992	1.0102	3
12	83000001	0.913061	1.0102	3
12	84000001	1.06248	1.0102	3
12	85000001	1.02541	1.0102	3
12	86000001	1.03402	1.0102	3
12	87000001	0.953602	1.0102	3
12	88000001	0.858733	1.0102	3
12	89000001	0.892065	1.0102	3
12	90000001	0.751498	1.0102	3
12	91000001	0.82366	1.0102	3
12	92000001	0.794937	1.0102	3
12	93000001	0.929763	1.0102	3
12	94000001	1.25014	1.0102	3
12	95000001	0.888028	1.0102	3
12	96000001	1.0372	1.0102	3
12	97000001	0.982119	1.0102	3
12	98000001	1.24274	1.0102	3
12	99000001	1.07489	1.0102	3
12	100000001	1.17093	1.0102	3
12	101000001	0.80951	1.0102	3
12	102000001	0.917475	1.0102	3
12	103000001	0.748799	1.0102	3
12	104000001	0.984016	1.0102	3
12	105000001	1.11988	1.0102	3
12	106000001	0.851114	1.0102	3
12	107000001	0.893966	1.0102	3
12	108000001	1.0836	1.0102	3
12	109000001	1.08331	1.0102	3
12	110000001	0.900834	1.0102	3
12	111000001	0.865949	1.0102	3
12	112000001	1.07263	1.0102	3
12	113000001	0.933156	1.0102	3
12	114000001	1.13462	1.0102	3
12	115000001	1.21529	1.0102	3
12	116000001	0.859513	1.0102	3
12	117000001	0.834533	1.0102	3
12	118000001	1.08447	1.0102	3
12	119000001	1.02745	1.0102	3
12	120000001	1.024	1.0102	3
12	121000001	1.05023	1.0102	3
12	122000001	0.993216	1.0102	3
12	123000001	1.09293	1.0102	3
12	124000001	0.988605	1.0102	3
12	125000001	1.15081	1.0102	3
12	126000001	0.905332	1.0102	3
12	127000001	1.0018	1.0102	3
12	128000001	0.807944	1.0102	3
12	129000001	1.21854	1.0102	3
12	130000001	0.942892	1.0102	3
12	131000001	1.06137	1.0102	3
12	132000001	1.07314	1.0102	3
12	133000001	0.716157	1.0102	3
13	1	-1	-1	2
13	1000001	-1	-1	2
13	2000001	-1	-1	2
13	3000001	-1	-1	2
13	4000001	-1	-1	2
13	5000001	-1	-1	2
13	6000001	-1	-1	2
13	7000001	-1	-1	2
13	8000001	-1	-1	2
13	9000001	-1	-1	2
13	10000001	-1	-1	2
13	11000001	-1	-1	2
13	12000001	-1	-1	2
13	13000001	-1	-1	2
13	14000001	-1	-1	2
13	15000001	-1	-1	2
13	16000001	0.731831	0.647352	2
13	17000001	0.754125	0.647352	2
13	18000001	0.826936	0.647352	2
13	19000001	0.64888	0.647352	2
13	20000001	0.575997	0.647352	2
13	21000001	0.736998	0.647352	2
13	22000001	0.661779	0.647352	2
13	23000001	0.689801	0.647352	2
13	24000001	0.680368	0.647352	2
13	25000001	0.563243	0.647352	2
13	26000001	0.980316	0.647352	2
13	27000001	0.644963	0.647352	2
13	28000001	0.63249	0.647352	2
13	29000001	0.659917	0.647352	2
13	30000001	0.534696	0.647352	2
13	31000001	0.746437	0.647352	2
13	32000001	0.586871	0.647352	2
13	33000001	0.530606	0.647352	2
13	34000001	0.544902	0.647352	2
13	35000001	0.723983	0.647352	2
13	36000001	0.688931	0.647352	2
13	37000001	0.629463	0.647352	2
13	38000001	0.643016	0.647352	2
13	39000001	0.693996	0.647352	2
13	40000001	0.630727	0.647352	2
13	41000001	0.789048	0.647352	2
13	42000001	0.550175	0.647352	2
13	43000001	0.885733	0.647352	2
13	44000001	0.897542	0.647352	2
13	45000001	0.713692	0.647352	2
13	46000001	0.802795	0.647352	2
13	47000001	0.68035	0.647352	2
13	48000001	0.805763	0.647352	2
13	49000001	0.678743	0.647352	2
13	50000001	0.534123	0.647352	2
13	51000001	0.543352	0.647352	2
13	52000001	0.695011	0.647352	2
13	53000001	0.632546	0.647352	2
13	54000001	0.698635	0.647352	2
13	55000001	0.719909	0.647352	2
13	56000001	0.514464	0.647352	2
13	57000001	0.626126	0.647352	2
13	58000001	0.643684	0.647352	2
13	59000001	0.628261	0.647352	2
13	60000001	0.644861	0.647352	2
13	61000001	0.567239	0.647352	2
13	62000001	0.645825	0.647352	2
13	63000001	0.726283	0.647352	2
13	64000001	0.675832	0.647352	2
13	65000001	0.588108	0.647352	2
13	66000001	0.563321	0.647352	2
13	67000001	0.433938	0.647352	2
13	68000001	0.595157	0.647352	2
13	69000001	0.511657	0.647352	2
13	70000001	0.601563	0.647352	2
13	71000001	1.19076	0.647352	2
13	72000001	0.610135	0.647352	2
13	73000001	0.632996	0.647352	2
13	74000001	0.723502	0.647352	2
13	75000001	0.591135	0.647352	2
13	76000001	0.79141	0.647352	2
13	77000001	0.651047	0.647352	2
13	78000001	0.755338	0.647352	2
13	79000001	0.572515	0.647352	2
13	80000001	1.97801	1.97801	6
13	81000001	0.553511	0.629858	2
13	82000001	0.62574	0.629858	2
13	83000001	0.655491	0.629858	2
13	84000001	0.541389	0.629858	2
13	85000001	0.660953	0.629858	2
13	86000001	0.727139	0.629858	2
13	87000001	0.562477	0.629858	2
13	88000001	0.633977	0.629858	2
13	89000001	1.41318	1.41318	4
13	90000001	4.34603	3.9828	12
13	91000001	3.61957	3.9828	12
13	92000001	2.14853	2.14853	6
13	93000001	1.26403	0.627079	2
13	94000001	0.780014	0.627079	2
13	95000001	0.477939	0.627079	2
13	96000001	0.69569	0.627079	2
13	97000001	0.688063	0.627079	2
13	98000001	0.63426	0.627079	2
13	99000001	0.613297	0.627079	2
13	100000001	0.603645	0.627079	2
13	101000001	0.515843	0.627079	2
13	102000001	0.769581	0.627079	2
13	103000001	0.604029	0.627079	2
13	104000001	0.861594	0.627079	2
13	105000001	0.472565	0.627079	2
13	106000001	0.684777	0.627079	2
13	107000001	1.4386	0.627079	2
13	108000001	0.766184	0.627079	2
13	109000001	0.532247	0.627079	2
13	110000001	0.619898	0.627079	2
13	111000001	0.570849	0.627079	2
13	112000001	0.596453	0.627079	2
13	113000001	0.786119	0.627079	2
13	114000001	0.575055	0.627079	2
14	1	-1	-1	3
14	1000001	-1	-1	3
14	2000001	-1	-1	3
14	3000001	-1	-1	3
14	4000001	-1	-1	3
14	5000001	-1	-1	3
14	6000001	-1	-1	3
14	7000001	-1	-1	3
14	8000001	-1	-1	3
14	9000001	-1	-1	3
14	10000001	-1	-1	3
14	11000001	-1	-1	3
14	12000001	-1	-1	3
14	13000001	-1	-1	3
14	14000001	-1	-1	3
14	15000001	-1	-1	3
14	16000001	1.06855	1.02085	3
14	17000001	0.779904	1.02085	3
14	18000001	0.973161	1.02085	3
14	19000001	1.18831	1.02085	3
14	20000001	0.64656	0.870662	3
14	21000001	0.870662	0.870662	3
14	22000001	0.894294	0.870662	3
14	23000001	0.681958	0.624867	2
14	24000001	0.574896	0.624867	2
14	25000001	0.604046	0.624867	2
14	26000001	0.731396	0.624867	2
14	27000001	0.563743	0.624867	2
14	28000001	0.564827	0.624867	2
14	29000001	0.859477	0.624867	2
14	30000001	0.612031	0.624867	2
14	31000001	0.720871	0.624867	2
14	32000001	0.580874	0.624867	2
14	33000001	0.564789	0.624867	2
14	34000001	0.700595	0.624867	2
14	35000001	0.576724	0.624867	2
14	36000001	0.560704	0.624867	2
14	37000001	0.753806	0.624867	2
14	38000001	0.688444	0.624867	2
14	39000001	0.469815	0.624867	2
14	40000001	0.670396	0.624867	2
14	41000001	0.615078	0.624867	2
14	42000001	0.788081	0.624867	2
14	43000001	0.654211	0.624867	2
14	44000001	0.529831	0.624867	2
14	45000001	0.51923	0.624867	2
14	46000001	0.613688	0.624867	2
14	47000001	0.54107	0.624867	2
14	48000001	0.636633	0.624867	2
14	49000001	0.586825	0.624867	2
14	50000001	0.604626	0.624867	2
14	51000001	0.639269	0.624867	2
14	52000001	0.639774	0.624867	2
14	53000001	0.675209	0.624867	2
14	54000001	0.875917	0.624867	2
14	55000001	0.707924	0.624867	2
14	56000001	0.808429	0.624867	2
14	57000001	0.696906	0.624867	2
14	58000001	0.624867	0.624867	2
14	59000001	0.593167	0.624867	2
14	60000001	1.42597	1.42597	4
14	61000001	0.65344	0.659256	2
14	62000001	0.620314	0.659256	2
14	63000001	0.855491	0.659256	2
14	64000001	0.591344	0.659256	2
14	65000001	0.677175	0.659256	2
14	66000001	0.422017	0.659256	2
14	67000001	0.655608	0.659256	2
14	68000001	0.484909	0.659256	2
14	69000001	0.578403	0.659256	2
14	70000001	0.722611	0.659256	2
14	71000001	0.770435	0.659256	2
14	72000001	0.656514	0.659256	2
14	73000001	0.816037	0.659256	2
14	74000001	0.558814	0.659256	2
14	75000001	0.730718	0.659256	2
14	76000001	0.805448	0.659256	2
14	77000001	0.698678	0.659256	2
14	78000001	0.589734	0.659256	2
14	79000001	0.658177	0.659256	2
14	80000001	0.603741	0.659256	2
14	81000001	0.600163	0.659256	2
14	82000001	0.481086	0.659256	2
14	83000001	0.76178	0.659256	2
14	84000001	0.618764	0.659256	2
14	85000001	0.625676	0.659256	2
14	86000001	0.642274	0.659256	2
14	87000001	0.660334	0.659256	2
14	88000001	0.682443	0.659256	2
14	89000001	0.689473	0.659256	2
14	90000001	0.679495	0.659256	2
14	91000001	0.621758	0.659256	2
14	92000001	0.843178	0.659256	2
14	93000001	0.723353	0.659256	2
14	94000001	0.706489	0.659256	2
14	95000001	0.515539	0.659256	2
14	96000001	0.790871	0.659256	2
14	97000001	0.713923	0.659256	2
14	98000001	0.618789	0.659256	2
14	99000001	0.807551	0.659256	2
14	100000001	0.469483	0.659256	2
14	101000001	0.712771	0.659256	2
14	102000001	0.50297	0.659256	2
14	103000001	0.716552	0.659256	2
14	104000001	0.737178	0.659256	2
14	105000001	0.732531	0.659256	2
14	106000001	0.648102	0.659256	2
14	107000001	-1	-1	2
15	1	-1	-1	3
15	1000001	-1	-1	3
15	2000001	-1	-1	3
15	3000001	-1	-1	3
15	4000001	-1	-1	3
15	5000001	-1	-1	3
15	6000001	-1	-1	3
15	7000001	-1	-1	3
15	8000001	-1	-1	3
15	9000001	-1	-1	3
15	10000001	-1	-1	3
15	11000001	-1	-1	3
15	12000001	-1	-1	3
15	13000001	-1	-1	3
15	14000001	-1	-1	3
15	15000001	-1	-1	3
15	16000001	-1	-1	3
15	17000001	0.927901	0.927901	3
15	18000001	1.24783	1.3269	4
15	19000001	1.40596	1.3269	4
15	20000001	1.11633	0.987794	3
15	21000001	0.980176	0.987794	3
15	22000001	1.01686	0.987794	3
15	23000001	0.973936	0.987794	3
15	24000001	0.821032	0.987794	3
15	25000001	1.13253	0.987794	3
15	26000001	0.872701	0.987794	3
15	27000001	0.9172	0.987794	3
15	28000001	0.965542	0.987794	3
15	29000001	1.01075	0.987794	3
15	30000001	1.21834	0.987794	3
15	31000001	1.004	0.987794	3
15	32000001	1.00169	0.987794	3
15	33000001	1.0717	0.987794	3
15	34000001	1.05339	0.987794	3
15	35000001	0.988961	0.987794	3
15	36000001	0.888044	0.987794	3
15	37000001	0.878885	0.987794	3
15	38000001	0.991967	0.987794	3
15	39000001	0.927431	0.987794	3
15	40000001	0.844136	0.987794	3
15	41000001	0.925838	0.987794	3
15	42000001	1.05284	0.987794	3
15	43000001	0.976704	0.987794	3
15	44000001	0.849136	0.987794	3
15	45000001	1.16113	0.987794	3
15	46000001	1.14928	0.987794	3
15	47000001	0.96043	0.987794	3
15	48000001	0.987794	0.987794	3
15	49000001	1.02493	0.987794	3
15	50000001	0.841465	0.987794	3
15	51000001	1.0555	0.987794	3
15	52000001	0.89877	0.987794	3
15	53000001	1.06754	0.987794	3
15	54000001	0.858596	0.987794	3
15	55000001	0.994934	0.987794	3
15	56000001	1.08829	0.987794	3
15	57000001	0.994198	0.987794	3
15	58000001	0.907071	0.987794	3
15	59000001	0.929603	0.987794	3
15	60000001	1.0783	0.987794	3
15	61000001	0.85998	0.987794	3
15	62000001	0.908486	0.987794	3
15	63000001	1.0919	0.987794	3
15	64000001	0.900634	0.987794	3
15	65000001	1.04441	1.08358	3
15	66000001	1.17379	1.08358	3
15	67000001	1.09122	1.08358	3
15	68000001	1.04435	1.08358	3
15	69000001	1.07593	1.08358	3
15	70000001	1.13717	1.08358	3
15	71000001	1.02424	1.01775	3
15	72000001	1.01376	1.01775	3
15	73000001	0.924427	1.01775	3
15	74000001	0.933723	1.01775	3
15	75000001	1.12447	1.01775	3
15	76000001	0.956942	1.01775	3
15	77000001	1.07594	1.01775	3
15	78000001	0.986311	1.01775	3
15	79000001	0.9348	1.01775	3
15	80000001	1.13946	1.01775	3
15	81000001	1.01775	1.01775	3
15	82000001	1.03363	1.01775	3
15	83000001	1.02709	1.01775	3
15	84000001	0.911346	1.01775	3
15	85000001	1.19394	1.01775	3
15	86000001	0.91275	0.960319	3
15	87000001	0.907976	0.960319	3
15	88000001	1.08104	0.960319	3
15	89000001	0.973343	0.960319	3
15	90000001	0.906164	0.960319	3
15	91000001	0.829784	0.960319	3
15	92000001	1.05428	0.960319	3
15	93000001	1.16362	0.960319	3
15	94000001	0.840574	0.960319	3
15	95000001	0.957327	0.960319	3
15	96000001	0.963312	0.960319	3
15	97000001	1.01242	0.960319	3
15	98000001	1.17144	1.31984	4
15	99000001	1.46823	1.31984	4
15	100000001	0.941611	1.06324	3
15	101000001	1.18487	1.06324	3
16	1	1.08072	1.06825	3
16	1000001	1.17619	1.06825	3
16	2000001	0.834726	1.06825	3
16	3000001	1.03998	1.06825	3
16	4000001	1.20434	1.06825	3
16	5000001	1.06825	1.06825	3
16	6000001	0.923939	1.06825	3
16	7000001	0.998743	1.06825	3
16	8000001	1.06967	1.06825	3
16	9000001	1.1204	1.06825	3
16	10000001	1.19156	1.06825	3
16	11000001	1.08282	1.06825	3
16	12000001	1.14244	1.06825	3
16	13000001	1.0087	1.06825	3
16	14000001	0.86858	1.06825	3
16	15000001	0.999389	1.06825	3
16	16000001	1.01646	1.06825	3
16	17000001	1.31572	1.06825	3
16	18000001	1.31517	1.06825	3
16	19000001	0.908472	1.06825	3
16	20000001	0.818659	1.06825	3
16	21000001	1.17545	1.06825	3
16	22000001	0.979899	1.06825	3
16	23000001	1.31718	1.06825	3
16	24000001	1.10647	1.06825	3
16	25000001	0.8557	1.06825	3
16	26000001	0.834882	1.06825	3
16	27000001	0.942328	1.06825	3
16	28000001	1.07203	1.06825	3
16	29000001	1.15253	1.06825	3
16	30000001	1.089	1.06825	3
16	31000001	0.932659	1.06825	3
16	32000001	0.85014	1.06825	3
16	33000001	1.30038	1.16647	3
16	34000001	1.84891	1.16647	3
16	35000001	1.14452	1.16647	3
16	36000001	1.01971	1.16647	3
16	37000001	1.07816	1.16647	3
16	38000001	1.18841	1.16647	3
16	39000001	-1	-1	3
16	40000001	-1	-1	3
16	41000001	-1	-1	3
16	42000001	-1	-1	3
16	43000001	-1	-1	3
16	44000001	-1	-1	3
16	45000001	-1	-1	3
16	46000001	3.93151	3.93151	12
16	47000001	1.12766	0.952761	3
16	48000001	0.875959	0.952761	3
16	49000001	1.07697	0.952761	3
16	50000001	0.826852	0.952761	3
16	51000001	1.10347	0.952761	3
16	52000001	0.798497	0.952761	3
16	53000001	0.890314	0.952761	3
16	54000001	0.915298	0.952761	3
16	55000001	0.896738	0.952761	3
16	56000001	1.19464	0.952761	3
16	57000001	1.02726	0.952761	3
16	58000001	1.09622	0.952761	3
16	59000001	0.828533	0.952761	3
16	60000001	0.948226	0.952761	3
16	61000001	0.952761	0.952761	3
16	62000001	0.913135	0.952761	3
16	63000001	1.11417	0.952761	3
16	64000001	0.856579	0.952761	3
16	65000001	0.688539	0.952761	3
16	66000001	0.953786	0.952761	3
16	67000001	0.924612	0.952761	3
16	68000001	0.971128	0.952761	3
16	69000001	0.922591	0.952761	3
16	70000001	1.14401	0.952761	3
16	71000001	1.33723	0.952761	3
16	72000001	1.02542	0.952761	3
16	73000001	1.00817	0.952761	3
16	74000001	1.35491	0.952761	3
16	75000001	0.797404	0.952761	3
16	76000001	0.836339	0.952761	3
16	77000001	1.05132	0.952761	3
16	78000001	1.22389	1.23924	4
16	79000001	1.08132	1.23924	4
16	80000001	1.35586	1.23924	4
16	81000001	1.41894	1.23924	4
16	82000001	1.23924	1.23924	4
16	83000001	1.3555	1.23924	4
16	84000001	1.64709	1.23924	4
16	85000001	1.43781	1.23924	4
16	86000001	1.21979	1.23924	4
16	87000001	1.0952	1.23924	4
16	88000001	1.26921	1.23924	4
16	89000001	0.884187	1.23924	4
16	90000001	1.09601	1.23924	4
17	1	0.956633	0.727607	2
17	1000001	0.70511	0.727607	2
17	2000001	0.828771	0.727607	2
17	3000001	0.62718	0.727607	2
17	4000001	0.74561	0.727607	2
17	5000001	0.780385	0.727607	2
17	6000001	0.593795	0.727607	2
17	7000001	0.721155	0.727607	2
17	8000001	0.618742	0.727607	2
17	9000001	0.84587	0.727607	2
17	10000001	0.584786	0.727607	2
17	11000001	0.77514	0.727607	2
17	12000001	0.698207	0.727607	2
17	13000001	0.730006	0.727607	2
17	14000001	0.822909	0.727607	2
17	15000001	0.681381	0.727607	2
17	16000001	0.855171	0.727607	2
17	17000001	0.547746	0.727607	2
17	18000001	0.512805	0.727607	2
17	19000001	0.765198	0.727607	2
17	20000001	0.725208	0.727607	2
17	21000001	0.816335	0.727607	2
17	22000001	1.03585	1.03585	3
17	23000001	0.746433	1.03585	3
17	24000001	1.15802	1.03585	3
17	25000001	1.65883	1.76495	5
17	26000001	1.87107	1.76495	5
17	27000001	0.842273	0.95176	3
17	28000001	1.28177	0.95176	3
17	29000001	0.949806	0.95176	3
17	30000001	0.948977	0.95176	3
17	31000001	1.07976	0.95176	3
17	32000001	0.916622	0.95176	3
17	33000001	1.10111	0.95176	3
17	34000001	1.10595	0.95176	3
17	35000001	1.14484	0.95176	3
17	36000001	1.1002	0.95176	3
17	37000001	1.16569	0.95176	3
17	38000001	0.913925	0.95176	3
17	39000001	0.988027	0.95176	3
17	40000001	1.06529	0.95176	3
17	41000001	1.07304	0.95176	3
17	42000001	0.908141	0.95176	3
17	43000001	0.996717	0.95176	3
17	44000001	0.962232	0.95176	3
17	45000001	0.977127	0.95176	3
17	46000001	0.757455	0.95176	3
17	47000001	0.93757	0.95176	3
17	48000001	0.919479	0.95176	3
17	49000001	0.953714	0.95176	3
17	50000001	0.837238	0.95176	3
17	51000001	0.925444	0.95176	3
17	52000001	1.02399	0.95176	3
17	53000001	0.819131	0.95176	3
17	54000001	0.874632	0.95176	3
17	55000001	0.912726	0.95176	3
17	56000001	0.929547	0.95176	3
17	57000001	1.04068	1.04231	3
17	58000001	1.09644	1.04231	3
17	59000001	1.15299	1.04231	3
17	60000001	1.22622	1.04231	3
17	61000001	0.977555	1.04231	3
17	62000001	1.09573	1.04231	3
17	63000001	0.97557	1.04231	3
17	64000001	0.946371	1.04231	3
17	65000001	1.09964	1.04231	3
17	66000001	1.02448	1.04231	3
17	67000001	1.20292	1.04231	3
17	68000001	0.923723	1.04231	3
17	69000001	0.992627	1.04231	3
17	70000001	0.941438	1.04231	3
17	71000001	0.861923	1.04231	3
17	72000001	1.04394	1.04231	3
17	73000001	1.08505	1.04231	3
17	74000001	0.969545	1.04231	3
17	75000001	1.04515	1.04231	3
17	76000001	0.992814	1.04231	3
17	77000001	1.27334	1.04231	3
17	78000001	1.16185	1.04231	3
17	79000001	1.03744	1.04231	3
17	80000001	1.05313	1.04231	3
17	81000001	2.09	2.09	6
17	82000001	0.998005	0.979797	3
17	83000001	0.961589	0.979797	3
18	1	2.65029	2.65029	8
18	1000001	1.22951	1.2736	4
18	2000001	1.1012	1.2736	4
18	3000001	1.3615	1.2736	4
18	4000001	1.17336	1.2736	4
18	5000001	1.35808	1.2736	4
18	6000001	1.38992	1.2736	4
18	7000001	1.50994	1.2736	4
18	8000001	1.24515	1.2736	4
18	9000001	1.29251	1.2736	4
18	10000001	1.25469	1.2736	4
18	11000001	1.07993	0.963961	3
18	12000001	1.00421	0.963961	3
18	13000001	0.923716	0.963961	3
18	14000001	0.895943	0.963961	3
18	15000001	1.49564	1.95269	6
18	16000001	1.94511	1.95269	6
18	17000001	1.97251	1.95269	6
18	18000001	1.96027	1.95269	6
18	19000001	2.07996	1.95269	6
18	20000001	1.70923	1.95269	6
18	21000001	0.943252	1.30394	4
18	22000001	1.23861	1.30394	4
18	23000001	1.27534	1.30394	4
18	24000001	1.57453	1.30394	4
18	25000001	2.01036	1.30394	4
18	26000001	1.58189	1.30394	4
18	27000001	1.58467	1.30394	4
18	28000001	1.30394	1.30394	4
18	29000001	1.14524	1.30394	4
18	30000001	1.02851	1.30394	4
18	31000001	1.38442	1.30394	4
18	32000001	1.12677	1.30394	4
18	33000001	1.34854	1.30394	4
18	34000001	1.24674	1.30394	4
18	35000001	1.55953	1.30394	4
18	36000001	1.39653	1.30394	4
18	37000001	1.1993	1.30394	4
18	38000001	1.27203	1.30394	4
18	39000001	1.16917	1.30394	4
18	40000001	1.37203	1.30394	4
18	41000001	1.43058	1.30394	4
18	42000001	0.644905	0.648927	2
18	43000001	0.483149	0.648927	2
18	44000001	0.648927	0.648927	2
18	45000001	0.688008	0.648927	2
18	46000001	0.577603	0.648927	2
18	47000001	0.694105	0.648927	2
18	48000001	0.800322	0.648927	2
18	49000001	0.745492	0.648927	2
18	50000001	0.567603	0.648927	2
18	51000001	0.844002	0.648927	2
18	52000001	0.834083	0.648927	2
18	53000001	0.578601	0.648927	2
18	54000001	0.639564	0.648927	2
18	55000001	0.571512	0.648927	2
18	56000001	0.756156	0.648927	2
18	57000001	0.729203	0.648927	2
18	58000001	0.704078	0.648927	2
18	59000001	0.729379	0.648927	2
18	60000001	0.604454	0.648927	2
18	61000001	0.841622	0.648927	2
18	62000001	0.581792	0.648927	2
18	63000001	0.709665	0.648927	2
18	64000001	0.566889	0.648927	2
18	65000001	0.518249	0.648927	2
18	66000001	0.581446	0.648927	2
18	67000001	0.633402	0.648927	2
18	68000001	0.679623	0.648927	2
18	69000001	0.820577	0.648927	2
18	70000001	0.581766	0.648927	2
18	71000001	0.647359	0.648927	2
18	72000001	0.548953	0.648927	2
18	73000001	0.710223	0.648927	2
18	74000001	0.497923	0.648927	2
18	75000001	0.554794	0.648927	2
18	76000001	0.746253	0.648927	2
18	77000001	0.836809	0.648927	2
18	78000001	0.630342	0.648927	2
18	79000001	0.770879	0.648927	2
18	80000001	0.705085	0.648927	2
19	1	1.26963	0.999387	3
19	1000001	1.12668	0.999387	3
19	2000001	1.11311	0.999387	3
19	3000001	1.02009	0.999387	3
19	4000001	1.09674	0.999387	3
19	5000001	1.1816	0.999387	3
19	6000001	0.98793	0.999387	3
19	7000001	0.963029	0.999387	3
19	8000001	0.954647	0.999387	3
19	9000001	1.11917	0.999387	3
19	10000001	0.927534	0.999387	3
19	11000001	1.114	0.999387	3
19	12000001	0.887487	0.999387	3
19	13000001	1.00543	0.999387	3
19	14000001	0.993347	0.999387	3
19	15000001	0.953543	0.999387	3
19	16000001	1.28466	0.999387	3
19	17000001	1.09345	0.999387	3
19	18000001	1.05626	0.999387	3
19	19000001	0.910579	0.999387	3
19	20000001	0.933481	0.999387	3
19	21000001	0.956364	0.999387	3
19	22000001	0.889476	0.999387	3
19	23000001	0.957412	0.999387	3
19	24000001	1.37034	1.37034	4
19	25000001	1.97777	1.86689	6
19	26000001	1.75601	1.86689	6
19	27000001	1.21056	1.07774	3
19	28000001	0.93068	1.07774	3
19	29000001	0.94126	1.07774	3
19	30000001	1.16225	1.07774	3
19	31000001	1.19271	1.07774	3
19	32000001	1.07774	1.07774	3
19	33000001	0.872518	1.07774	3
19	34000001	1.07833	1.07774	3
19	35000001	0.893543	1.07774	3
19	36000001	1.59196	1.42465	4
19	37000001	1.25734	1.42465	4
19	38000001	0.998275	0.993431	3
19	39000001	1.04714	0.993431	3
19	40000001	0.913251	0.993431	3
19	41000001	0.993431	0.993431	3
19	42000001	0.874497	0.993431	3
19	43000001	0.917833	0.993431	3
19	44000001	0.978103	0.993431	3
19	45000001	1.04021	0.993431	3
19	46000001	1.02075	0.993431	3
19	47000001	1.0138	0.993431	3
19	48000001	0.940539	0.993431	3
19	49000001	1.01333	0.993431	3
19	50000001	0.663733	0.993431	3
19	51000001	1.02498	0.993431	3
19	52000001	1.03821	0.993431	3
19	53000001	1.13987	0.993431	3
19	54000001	0.853501	0.993431	3
19	55000001	0.941011	0.993431	3
19	56000001	0.994541	0.993431	3
19	57000001	0.980955	0.993431	3
19	58000001	0.991277	0.993431	3
2	1	1.06782	0.966566	3
2	1000001	1.15245	0.966566	3
2	2000001	0.884884	0.966566	3
2	3000001	0.935313	0.966566	3
2	4000001	0.875952	0.966566	3
2	5000001	1.08592	0.966566	3
2	6000001	0.873083	0.966566	3
2	7000001	0.870982	0.966566	3
2	8000001	1.07658	0.966566	3
2	9000001	1.01423	0.966566	3
2	10000001	0.916215	0.966566	3
2	11000001	0.945765	0.966566	3
2	12000001	0.850737	0.966566	3
2	13000001	0.564789	0.966566	3
2	14000001	1.02742	0.966566	3
2	15000001	0.945749	0.966566	3
2	16000001	1.00172	0.966566	3
2	17000001	0.916894	0.966566	3
2	18000001	0.881576	0.966566	3
2	19000001	0.983602	0.966566	3
2	20000001	1.13208	0.966566	3
2	21000001	0.927708	0.966566	3
2	22000001	0.806492	0.966566	3
2	23000001	1.12146	0.966566	3
2	24000001	0.910949	0.966566	3
2	25000001	0.962432	0.966566	3
2	26000001	0.957376	0.966566	3
2	27000001	1.08931	0.966566	3
2	28000001	0.943063	0.966566	3
2	29000001	0.969601	0.966566	3
2	30000001	0.992624	0.966566	3
2	31000001	0.872002	0.966566	3
2	32000001	0.952623	0.966566	3
2	33000001	1.12467	0.966566	3
2	34000001	1.22785	0.966566	3
2	35000001	0.627922	0.966566	3
2	36000001	0.837612	0.966566	3
2	37000001	1.00105	0.966566	3
2	38000001	0.961928	0.966566	3
2	39000001	0.89582	0.966566	3
2	40000001	1.16618	0.966566	3
2	41000001	1.01688	0.966566	3
2	42000001	0.933365	0.966566	3
2	43000001	1.02378	0.966566	3
2	44000001	1.0745	0.966566	3
2	45000001	1.09424	0.966566	3
2	46000001	1.11311	0.966566	3
2	47000001	0.984162	0.966566	3
2	48000001	0.963532	0.966566	3
2	49000001	0.732876	0.966566	3
2	50000001	0.943028	0.966566	3
2	51000001	0.89267	0.966566	3
2	52000001	0.839414	0.966566	3
2	53000001	0.982834	0.966566	3
2	54000001	1.13706	0.966566	3
2	55000001	1.28347	0.966566	3
2	56000001	0.845192	0.966566	3
2	57000001	1.02964	0.966566	3
2	58000001	0.972959	0.966566	3
2	59000001	0.818609	0.966566	3
2	60000001	1.06419	0.966566	3
2	61000001	0.956524	0.966566	3
2	62000001	1.02706	0.966566	3
2	63000001	1.07136	0.966566	3
2	64000001	1.0212	0.966566	3
2	65000001	0.862379	0.966566	3
2	66000001	0.937411	0.966566	3
2	67000001	1.02888	0.966566	3
2	68000001	0.814647	0.966566	3
2	69000001	0.917736	0.966566	3
2	70000001	1.14024	0.966566	3
2	71000001	0.987361	0.966566	3
2	72000001	1.15895	0.966566	3
2	73000001	1.05368	0.966566	3
2	74000001	0.990343	0.966566	3
2	75000001	1.11515	0.966566	3
2	76000001	0.981596	0.966566	3
2	77000001	0.924395	0.966566	3
2	78000001	0.806566	0.966566	3
2	79000001	1.02214	0.966566	3
2	80000001	0.863637	0.966566	3
2	81000001	0.80346	0.966566	3
2	82000001	0.82132	0.966566	3
2	83000001	1.49943	0.966566	3
2	84000001	0.818187	0.966566	3
2	85000001	1.04412	0.966566	3
2	86000001	0.941194	0.966566	3
2	87000001	0.884674	0.966566	3
2	88000001	1.05345	0.966566	3
2	89000001	1.1184	0.966566	3
2	90000001	1.56103	1.45957	4
2	91000001	0.839457	1.45957	4
2	92000001	1.53467	1.45957	4
2	93000001	1.38447	1.45957	4
2	94000001	1.02843	0.957719	3
2	95000001	0.880836	0.957719	3
2	96000001	0.974639	0.957719	3
2	97000001	0.934795	0.957719	3
2	98000001	0.943201	0.957719	3
2	99000001	1.49701	0.957719	3
2	100000001	1.06252	0.957719	3
2	101000001	0.952698	0.957719	3
2	102000001	0.911681	0.957719	3
2	103000001	0.969948	0.957719	3
2	104000001	1.02914	0.957719	3
2	105000001	0.835086	0.957719	3
2	106000001	1.00717	0.957719	3
2	107000001	0.967388	0.957719	3
2	108000001	1.24656	0.957719	3
2	109000001	0.930209	0.957719	3
2	110000001	0.852214	0.957719	3
2	111000001	0.915844	0.957719	3
2	112000001	0.953039	0.957719	3
2	113000001	1.11451	0.957719	3
2	114000001	0.865166	0.957719	3
2	115000001	0.995785	0.957719	3
2	116000001	0.796119	0.957719	3
2	117000001	0.979637	0.957719	3
2	118000001	0.934154	0.957719	3
2	119000001	0.872404	0.957719	3
2	120000001	1.13505	0.957719	3
2	121000001	1.22018	0.957719	3
2	122000001	1.0763	0.957719	3
2	123000001	0.873384	0.957719	3
2	124000001	1.32356	0.957719	3
2	125000001	0.858033	0.957719	3
2	126000001	0.958145	0.957719	3
2	127000001	0.848049	0.957719	3
2	128000001	0.845511	0.957719	3
2	129000001	0.764934	0.957719	3
2	130000001	1.05	0.957719	3
2	131000001	0.904136	0.957719	3
2	132000001	1.00322	0.957719	3
2	133000001	1.1341	0.957719	3
2	134000001	1.15648	0.957719	3
2	135000001	1.02647	0.957719	3
2	136000001	1.06216	0.957719	3
2	137000001	0.7943	0.957719	3
2	138000001	1.10602	0.957719	3
2	139000001	0.754007	0.957719	3
2	140000001	1.00122	0.957719	3
2	141000001	0.877222	0.957719	3
2	142000001	0.923062	0.957719	3
2	143000001	1.02406	0.957719	3
2	144000001	0.957292	0.957719	3
2	145000001	0.942879	0.957719	3
2	146000001	0.920409	0.957719	3
2	147000001	1.05399	0.957719	3
2	148000001	1.54981	1.82404	5
2	149000001	2.09828	1.82404	5
2	150000001	1.38738	1.38738	4
2	151000001	1.33432	1.38738	4
2	152000001	1.67138	1.38738	4
2	153000001	1.32196	1.19241	4
2	154000001	1.14442	1.19241	4
2	155000001	1.06058	1.19241	4
2	156000001	1.00773	1.19241	4
2	157000001	1.13841	1.19241	4
2	158000001	1.20496	1.19241	4
2	159000001	1.00342	1.19241	4
2	160000001	1.1747	1.19241	4
2	161000001	1.14249	1.19241	4
2	162000001	1.09504	1.19241	4
2	163000001	1.16898	1.19241	4
2	164000001	1.27744	1.19241	4
2	165000001	1.49525	1.19241	4
2	166000001	1.08955	1.19241	4
2	167000001	1.34521	1.19241	4
2	168000001	1.16924	1.19241	4
2	169000001	1.19241	1.19241	4
2	170000001	1.22959	1.19241	4
2	171000001	1.36707	1.19241	4
2	172000001	1.45923	1.19241	4
2	173000001	1.13919	1.19241	4
2	174000001	1.47904	1.19241	4
2	175000001	1.16764	1.19241	4
2	176000001	1.22281	1.19241	4
2	177000001	1.24842	1.19241	4
2	178000001	1.07024	1.19241	4
2	179000001	0.99916	1.19241	4
2	180000001	1.3193	1.19241	4
2	181000001	1.37988	1.19241	4
2	182000001	1.51875	1.19241	4
2	183000001	1.12943	1.19241	4
2	184000001	1.35986	1.19241	4
2	185000001	1.24884	1.19241	4
2	186000001	1.20884	1.19241	4
2	187000001	1.1191	1.19241	4
2	188000001	0.752776	0.665123	2
2	189000001	0.784291	0.665123	2
2	190000001	0.577216	0.665123	2
2	191000001	0.615107	0.665123	2
2	192000001	0.69576	0.665123	2
2	193000001	0.445514	0.665123	2
2	194000001	1.2524	0.665123	2
2	195000001	0.798645	0.665123	2
2	196000001	0.715742	0.665123	2
2	197000001	0.637147	0.665123	2
2	198000001	0.771647	0.665123	2
2	199000001	0.518064	0.665123	2
2	200000001	0.727562	0.665123	2
2	201000001	0.676256	0.665123	2
2	202000001	0.571016	0.665123	2
2	203000001	0.685186	0.665123	2
2	204000001	0.742481	0.665123	2
2	205000001	0.558133	0.665123	2
2	206000001	0.696338	0.665123	2
2	207000001	0.605605	0.665123	2
2	208000001	0.685129	0.665123	2
2	209000001	0.739525	0.665123	2
2	210000001	0.615663	0.665123	2
2	211000001	0.498736	0.665123	2
2	212000001	0.822042	0.665123	2
2	213000001	0.504812	0.665123	2
2	214000001	0.742275	0.665123	2
2	215000001	0.514213	0.665123	2
2	216000001	0.532987	0.665123	2
2	217000001	0.623806	0.665123	2
2	218000001	0.568773	0.665123	2
2	219000001	0.665123	0.665123	2
2	220000001	0.728607	0.665123	2
2	221000001	0.62014	0.665123	2
2	222000001	0.513461	0.665123	2
2	223000001	0.558722	0.665123	2
2	224000001	0.591972	0.665123	2
2	225000001	1.12455	0.665123	2
2	226000001	0.482201	0.665123	2
2	227000001	0.614751	0.665123	2
2	228000001	0.783732	0.665123	2
2	229000001	0.790293	0.665123	2
2	230000001	0.600174	0.665123	2
2	231000001	0.659922	0.665123	2
2	232000001	0.694689	0.665123	2
2	233000001	0.776972	0.665123	2
2	234000001	0.5186	0.665123	2
2	235000001	0.925929	0.665123	2
2	236000001	0.566103	0.665123	2
2	237000001	0.806408	0.665123	2
2	238000001	1.03203	0.665123	2
2	239000001	0.724346	0.665123	2
2	240000001	0.648686	0.665123	2
2	241000001	0.646647	0.665123	2
2	242000001	0.838071	0.665123	2
20	1	2.23091	2.23091	7
20	1000001	0.666868	0.685089	2
20	2000001	0.69651	0.685089	2
20	3000001	0.820711	0.685089	2
20	4000001	0.685089	0.685089	2
20	5000001	0.626109	0.685089	2
20	6000001	0.720775	0.685089	2
20	7000001	0.563379	0.685089	2
20	8000001	0.703677	0.685089	2
20	9000001	0.537348	0.685089	2
20	10000001	0.75193	0.685089	2
20	11000001	0.533451	0.685089	2
20	12000001	0.77867	0.685089	2
20	13000001	0.68886	0.685089	2
20	14000001	0.584288	0.685089	2
20	15000001	0.667024	0.685089	2
20	16000001	0.676156	0.685089	2
20	17000001	0.774132	0.685089	2
20	18000001	0.793469	0.685089	2
20	19000001	0.738376	0.685089	2
20	20000001	0.606727	0.685089	2
20	21000001	0.597351	0.685089	2
20	22000001	0.650787	0.685089	2
20	23000001	0.733163	0.685089	2
20	24000001	0.762031	0.685089	2
20	25000001	0.555487	0.685089	2
20	26000001	0.971861	0.919238	3
20	27000001	1.18355	0.919238	3
20	28000001	0.919238	0.919238	3
20	29000001	0.822689	0.919238	3
20	30000001	0.818095	0.919238	3
20	31000001	1.0659	1.04549	3
20	32000001	1.02931	1.04549	3
20	33000001	1.04549	1.04549	3
20	34000001	1.15791	1.04549	3
20	35000001	0.980948	1.04549	3
20	36000001	0.921722	1.04549	3
20	37000001	1.17742	1.04549	3
20	38000001	1.04631	1.04549	3
20	39000001	1.08337	1.04549	3
20	40000001	1.16998	1.04549	3
20	41000001	0.91802	1.04549	3
20	42000001	0.833997	1.04549	3
20	43000001	0.880038	1.04549	3
20	44000001	1.18378	1.13748	3
20	45000001	1.08981	1.13748	3
20	46000001	0.994491	1.13748	3
20	47000001	1.15812	1.13748	3
20	48000001	1.2038	1.13748	3
20	49000001	1.11684	1.13748	3
20	50000001	1.10959	1.13748	3
20	51000001	1.30006	1.13748	3
20	52000001	0.806522	0.995387	3
20	53000001	0.936128	0.995387	3
20	54000001	1.12536	0.995387	3
20	55000001	0.995387	0.995387	3
20	56000001	0.875777	0.995387	3
20	57000001	1.09469	0.995387	3
20	58000001	0.797419	0.995387	3
20	59000001	1.04784	0.995387	3
20	60000001	1.00766	0.995387	3
20	61000001	1.02044	0.995387	3
20	62000001	1.11039	0.995387	3
20	63000001	0.963024	0.995387	3
20	64000001	0.947393	0.995387	3
21	1	-1	-1	5
21	1000001	-1	-1	5
21	2000001	-1	-1	5
21	3000001	-1	-1	5
21	4000001	-1	-1	5
21	5000001	1.4573	1.73273	5
21	6000001	1.57614	1.73273	5
21	7000001	1.96081	1.73273	5
21	8000001	1.88932	1.73273	5
21	9000001	1.45461	1.73273	5
21	10000001	1.9144	1.73273	5
21	11000001	0.817158	1.00443	3
21	12000001	0.801889	1.00443	3
21	13000001	1.12075	1.00443	3
21	14000001	1.15142	1.00443	3
21	15000001	0.876819	1.00443	3
21	16000001	1.00443	1.00443	3
21	17000001	1.11748	1.00443	3
21	18000001	0.676772	0.812919	2
21	19000001	0.849009	0.812919	2
21	20000001	0.737437	0.812919	2
21	21000001	0.77683	0.812919	2
21	22000001	0.992847	0.812919	2
21	23000001	0.892072	0.812919	2
21	24000001	1.11823	1.28916	4
21	25000001	1.23141	1.28916	4
21	26000001	1.23649	1.28916	4
21	27000001	1.34548	1.28916	4
21	28000001	1.53975	1.28916	4
21	29000001	1.13002	1.28916	4
21	30000001	1.15181	1.28916	4
21	31000001	1.28916	1.28916	4
21	32000001	1.17995	1.28916	4
21	33000001	1.37423	1.28916	4
21	34000001	1.46053	1.28916	4
21	35000001	1.2698	1.28916	4
21	36000001	1.52389	1.28916	4
21	37000001	1.23901	1.28916	4
21	38000001	1.29168	1.28916	4
21	39000001	1.16199	1.28916	4
21	40000001	1.42796	1.28916	4
21	41000001	1.20353	1.28916	4
21	42000001	1.46185	1.28916	4
21	43000001	1.53222	1.28916	4
21	44000001	1.40583	1.28916	4
21	45000001	1.28549	1.28916	4
21	46000001	1.62799	1.28916	4
22	1	-1	-1	3
22	1000001	-1	-1	3
22	2000001	-1	-1	3
22	3000001	-1	-1	3
22	4000001	-1	-1	3
22	5000001	-1	-1	3
22	6000001	-1	-1	3
22	7000001	-1	-1	3
22	8000001	-1	-1	3
22	9000001	-1	-1	3
22	10000001	0.791978	0.954397	3
22	11000001	1.39133	0.954397	3
22	12000001	1.49107	0.954397	3
22	13000001	0.688226	0.954397	3
22	14000001	0.78008	0.954397	3
22	15000001	1.11682	0.954397	3
22	16000001	2.27658	1.48116	4
22	17000001	1.48116	1.48116	4
22	18000001	1.27375	1.48116	4
22	19000001	3.08398	3.47793	10
22	20000001	3.47793	3.47793	10
22	21000001	4.46095	3.47793	10
22	22000001	5.06026	3.47793	10
22	23000001	2.65828	3.47793	10
22	24000001	0.823394	0.693502	2
22	25000001	0.807518	0.693502	2
22	26000001	0.628582	0.693502	2
22	27000001	0.68811	0.693502	2
22	28000001	0.607393	0.693502	2
22	29000001	0.600772	0.693502	2
22	30000001	0.607333	0.693502	2
22	31000001	0.678758	0.693502	2
22	32000001	0.841944	0.693502	2
22	33000001	0.59656	0.693502	2
22	34000001	0.617779	0.693502	2
22	35000001	0.804526	0.693502	2
22	36000001	0.80652	0.693502	2
22	37000001	0.571787	0.693502	2
22	38000001	0.741311	0.693502	2
22	39000001	0.693502	0.693502	2
22	40000001	0.750819	0.693502	2
22	41000001	0.628159	0.693502	2
22	42000001	0.938589	0.693502	2
22	43000001	0.778055	0.693502	2
22	44000001	0.942721	0.693502	2
22	45000001	0.701936	0.693502	2
22	46000001	0.848641	0.693502	2
22	47000001	0.614952	0.693502	2
22	48000001	0.609428	0.693502	2
22	49000001	0.58697	0.693502	2
22	50000001	1.11302	0.693502	2
3	1	1.36942	1.31864	4
3	1000001	1.35548	1.31864	4
3	2000001	1.38073	1.31864	4
3	3000001	1.24306	1.31864	4
3	4000001	1.33993	1.31864	4
3	5000001	1.13365	1.31864	4
3	6000001	1.37512	1.31864	4
3	7000001	1.31946	1.31864	4
3	8000001	1.16819	1.31864	4
3	9000001	1.20791	1.31864	4
3	10000001	1.30501	1.31864	4
3	11000001	1.33757	1.31864	4
3	12000001	1.45987	1.31864	4
3	13000001	1.4874	1.31864	4
3	14000001	1.6192	1.31864	4
3	15000001	1.45713	1.31864	4
3	16000001	1.31178	1.31864	4
3	17000001	1.21518	1.31864	4
3	18000001	1.08705	1.31864	4
3	19000001	1.17898	1.31864	4
3	20000001	1.2902	1.31864	4
3	21000001	1.22791	1.31864	4
3	22000001	1.37339	1.31864	4
3	23000001	1.4769	1.31864	4
3	24000001	1.45182	1.31864	4
3	25000001	1.24464	1.31864	4
3	26000001	1.31782	1.31864	4
3	27000001	1.11494	1.31864	4
3	28000001	1.38858	1.31864	4
3	29000001	1.35311	1.31864	4
3	30000001	1.35195	1.31864	4
3	31000001	1.28921	1.31864	4
3	32000001	1.45505	1.31864	4
3	33000001	1.15898	1.31864	4
3	34000001	1.13482	1.31864	4
3	35000001	1.24281	1.31864	4
3	36000001	1.35223	1.31864	4
3	37000001	1.40215	1.31864	4
3	38000001	1.18988	1.31864	4
3	39000001	1.16546	1.31864	4
3	40000001	1.2164	1.31864	4
3	41000001	1.52862	1.31864	4
3	42000001	1.44305	1.31864	4
3	43000001	1.29894	1.31864	4
3	44000001	1.46356	1.31864	4
3	45000001	1.24711	1.31864	4
3	46000001	1.45823	1.31864	4
3	47000001	1.20345	1.31864	4
3	48000001	0.706587	0.65807	2
3	49000001	0.806369	0.65807	2
3	50000001	0.718365	0.65807	2
3	51000001	0.574439	0.65807	2
3	52000001	0.674959	0.65807	2
3	53000001	0.781867	0.65807	2
3	54000001	0.592969	0.65807	2
3	55000001	0.701035	0.65807	2
3	56000001	0.69999	0.65807	2
3	57000001	0.625152	0.65807	2
3	58000001	0.57592	0.65807	2
3	59000001	0.625444	0.65807	2
3	60000001	0.633237	0.65807	2
3	61000001	0.492198	0.65807	2
3	62000001	0.650804	0.65807	2
3	63000001	0.727992	0.65807	2
3	64000001	0.732849	0.65807	2
3	65000001	0.609077	0.65807	2
3	66000001	0.72477	0.65807	2
3	67000001	0.618762	0.65807	2
3	68000001	0.529678	0.65807	2
3	69000001	0.920834	0.65807	2
3	70000001	0.696157	0.65807	2
3	71000001	0.606237	0.65807	2
3	72000001	0.65807	0.65807	2
3	73000001	0.600396	0.65807	2
3	74000001	0.80204	0.65807	2
3	75000001	1.11039	1.11039	3
3	76000001	0.513827	0.645231	2
3	77000001	0.508363	0.645231	2
3	78000001	0.690654	0.645231	2
3	79000001	0.711221	0.645231	2
3	80000001	0.568677	0.645231	2
3	81000001	0.766132	0.645231	2
3	82000001	0.646499	0.645231	2
3	83000001	0.689804	0.645231	2
3	84000001	0.693512	0.645231	2
3	85000001	0.581348	0.645231	2
3	86000001	0.400743	0.645231	2
3	87000001	0.660841	0.645231	2
3	88000001	0.562762	0.645231	2
3	89000001	0.658324	0.645231	2
3	90000001	0.717498	0.645231	2
3	91000001	0.767814	0.645231	2
3	92000001	0.668124	0.645231	2
3	93000001	0.880933	0.645231	2
3	94000001	0.592099	0.645231	2
3	95000001	0.556861	0.645231	2
3	96000001	0.561696	0.645231	2
3	97000001	0.6268	0.645231	2
3	98000001	0.545434	0.645231	2
3	99000001	0.697287	0.645231	2
3	100000001	0.60523	0.645231	2
3	101000001	0.770111	0.645231	2
3	102000001	0.675888	0.645231	2
3	103000001	0.738584	0.645231	2
3	104000001	0.607275	0.645231	2
3	105000001	0.440722	0.645231	2
3	106000001	0.603281	0.645231	2
3	107000001	0.532646	0.645231	2
3	108000001	0.68715	0.645231	2
3	109000001	0.56616	0.645231	2
3	110000001	0.763086	0.645231	2
3	111000001	0.784742	0.645231	2
3	112000001	0.645231	0.645231	2
3	113000001	0.670466	0.645231	2
3	114000001	0.586412	0.645231	2
3	115000001	0.537878	0.645231	2
3	116000001	0.530509	0.645231	2
3	117000001	0.740889	0.645231	2
3	118000001	0.638406	0.645231	2
3	119000001	0.728969	0.645231	2
3	120000001	0.572137	0.645231	2
3	121000001	0.614768	0.645231	2
3	122000001	0.763573	0.645231	2
3	123000001	0.573295	0.645231	2
3	124000001	0.661434	0.645231	2
3	125000001	0.63682	0.645231	2
3	126000001	0.646093	0.645231	2
3	127000001	0.635104	0.645231	2
3	128000001	0.671625	0.645231	2
3	129000001	0.751851	0.750846	2
3	130000001	0.801951	0.750846	2
3	131000001	0.635798	0.750846	2
3	132000001	0.899324	0.750846	2
3	133000001	0.766549	0.750846	2
3	134000001	0.646219	0.750846	2
3	135000001	0.598722	0.750846	2
3	136000001	0.551236	0.750846	2
3	137000001	0.734124	0.750846	2
3	138000001	0.842867	0.750846	2
3	139000001	0.750846	0.750846	2
3	140000001	0.992112	0.995467	3
3	141000001	1.00541	0.995467	3
3	142000001	1.00108	0.995467	3
3	143000001	1.02695	0.995467	3
3	144000001	1.13221	0.995467	3
3	145000001	1.06407	0.995467	3
3	146000001	0.91222	0.995467	3
3	147000001	0.852476	0.995467	3
3	148000001	0.944951	0.995467	3
3	149000001	0.923364	0.995467	3
3	150000001	0.907378	0.995467	3
3	151000001	1.1571	0.995467	3
3	152000001	1.07589	0.995467	3
3	153000001	1.01194	0.995467	3
3	154000001	0.977758	0.995467	3
3	155000001	1.06619	0.995467	3
3	156000001	0.949862	0.995467	3
3	157000001	1.08241	0.995467	3
3	158000001	0.919508	0.995467	3
3	159000001	0.981405	0.995467	3
3	160000001	1.21408	0.995467	3
3	161000001	1.19999	0.995467	3
3	162000001	0.933024	0.995467	3
3	163000001	1.03999	0.995467	3
3	164000001	1.05392	0.995467	3
3	165000001	0.993493	0.995467	3
3	166000001	0.807716	0.995467	3
3	167000001	0.852889	0.995467	3
3	168000001	1.09103	0.995467	3
3	169000001	0.831797	0.995467	3
3	170000001	1.07889	0.995467	3
3	171000001	0.766833	0.995467	3
3	172000001	1.03605	0.995467	3
3	173000001	0.837302	0.995467	3
3	174000001	1.13651	0.995467	3
3	175000001	0.945487	0.995467	3
3	176000001	0.873681	0.995467	3
3	177000001	0.995467	0.995467	3
3	178000001	0.902376	0.995467	3
3	179000001	0.895912	0.995467	3
3	180000001	1.02192	0.995467	3
3	181000001	0.993359	0.995467	3
3	182000001	1.0419	0.995467	3
3	183000001	0.921622	0.995467	3
3	184000001	1.21174	0.995467	3
3	185000001	0.898725	0.995467	3
3	186000001	1.11897	0.995467	3
3	187000001	1.05637	0.995467	3
3	188000001	1.13962	0.995467	3
3	189000001	1.04504	0.995467	3
3	190000001	0.889549	0.995467	3
3	191000001	0.803056	0.995467	3
3	192000001	0.908573	0.995467	3
3	193000001	1.17471	0.995467	3
3	194000001	1.13226	0.995467	3
3	195000001	1.24984	0.995467	3
3	196000001	0.836081	0.995467	3
3	197000001	1.01422	0.995467	3
3	198000001	0.984727	0.995467	3
4	1	0.984913	1.04368	3
4	1000001	1.02414	1.04368	3
4	2000001	0.915294	1.04368	3
4	3000001	1.03573	1.04368	3
4	4000001	1.11622	1.04368	3
4	5000001	1.04368	1.04368	3
4	6000001	1.18582	1.04368	3
4	7000001	1.06703	1.04368	3
4	8000001	1.03769	1.04368	3
4	9000001	1.09353	1.04368	3
4	10000001	1.11761	1.04368	3
4	11000001	0.995215	0.96132	3
4	12000001	0.888977	0.96132	3
4	13000001	1.02908	0.96132	3
4	14000001	0.96856	0.96132	3
4	15000001	0.876012	0.96132	3
4	16000001	1.09273	0.96132	3
4	17000001	0.973236	0.96132	3
4	18000001	0.896558	0.96132	3
4	19000001	0.961447	0.96132	3
4	20000001	0.951821	0.96132	3
4	21000001	0.716066	0.96132	3
4	22000001	1.16539	0.96132	3
4	23000001	0.714811	0.96132	3
4	24000001	1.08464	0.96132	3
4	25000001	1.12645	0.96132	3
4	26000001	1.20904	0.96132	3
4	27000001	0.845394	0.96132	3
4	28000001	0.876026	0.96132	3
4	29000001	0.968627	0.96132	3
4	30000001	1.00454	0.96132	3
4	31000001	0.70346	0.96132	3
4	32000001	0.809857	0.96132	3
4	33000001	0.944536	0.96132	3
4	34000001	1.03382	0.96132	3
4	35000001	0.959915	0.96132	3
4	36000001	0.850758	0.96132	3
4	37000001	0.961194	0.96132	3
4	38000001	1.01135	0.96132	3
4	39000001	1.78124	1.78124	5
4	40000001	1.05318	1.05318	3
4	41000001	1.0799	1.05318	3
4	42000001	0.95692	1.05318	3
4	43000001	1.54311	1.54311	5
4	44000001	0.948226	0.923524	3
4	45000001	0.888942	0.923524	3
4	46000001	1.11096	0.923524	3
4	47000001	0.834475	0.923524	3
4	48000001	0.909702	0.923524	3
4	49000001	1.01664	0.923524	3
4	50000001	0.989065	0.923524	3
4	51000001	1.18128	0.923524	3
4	52000001	1.2504	0.923524	3
4	53000001	1.03416	0.923524	3
4	54000001	0.825145	0.923524	3
4	55000001	1.03998	0.923524	3
4	56000001	1.07723	0.923524	3
4	57000001	0.829622	0.923524	3
4	58000001	0.634377	0.923524	3
4	59000001	0.968323	0.923524	3
4	60000001	1.13149	0.923524	3
4	61000001	0.943239	0.923524	3
4	62000001	0.818375	0.923524	3
4	63000001	0.764647	0.923524	3
4	64000001	0.915554	0.923524	3
4	65000001	0.882417	0.923524	3
4	66000001	0.889173	0.923524	3
4	67000001	0.936143	0.923524	3
4	68000001	0.919007	0.923524	3
4	69000001	0.939386	0.923524	3
4	70000001	1.42556	0.923524	3
4	71000001	0.929559	0.923524	3
4	72000001	0.83821	0.923524	3
4	73000001	0.905283	0.923524	3
4	74000001	1.02135	0.923524	3
4	75000001	1.04222	0.923524	3
4	76000001	0.925526	0.923524	3
4	77000001	1.00409	0.923524	3
4	78000001	0.912889	0.923524	3
4	79000001	0.806176	0.923524	3
4	80000001	0.999059	0.923524	3
4	81000001	1.07368	0.923524	3
4	82000001	0.991366	0.923524	3
4	83000001	0.865843	0.923524	3
4	84000001	0.911721	0.923524	3
4	85000001	0.891824	0.923524	3
4	86000001	1.07204	0.923524	3
4	87000001	0.796839	0.923524	3
4	88000001	0.997785	0.923524	3
4	89000001	1.11498	0.923524	3
4	90000001	1.24708	0.923524	3
4	91000001	0.91904	0.923524	3
4	92000001	0.994334	0.923524	3
4	93000001	0.878958	0.923524	3
4	94000001	0.921523	0.923524	3
4	95000001	0.909718	0.923524	3
4	96000001	0.816318	0.923524	3
4	97000001	0.947041	0.923524	3
4	98000001	0.795656	0.923524	3
4	99000001	0.864692	0.923524	3
4	100000001	0.887891	0.923524	3
4	101000001	0.853006	0.923524	3
4	102000001	0.958893	0.923524	3
4	103000001	0.766643	0.923524	3
4	104000001	1.94286	1.94286	6
4	105000001	0.911933	1.0541	3
4	106000001	1.06947	1.0541	3
4	107000001	1.2673	1.0541	3
4	108000001	0.811791	1.0541	3
4	109000001	1.04653	1.0541	3
4	110000001	0.981764	1.0541	3
4	111000001	1.01619	1.0541	3
4	112000001	1.07157	1.0541	3
4	113000001	1.06419	1.0541	3
4	114000001	1.13652	1.0541	3
4	115000001	1.00082	1.0541	3
4	116000001	1.05706	1.0541	3
4	117000001	0.913889	1.0541	3
4	118000001	1.0541	1.0541	3
4	119000001	0.953732	1.0541	3
4	120000001	1.08671	1.0541	3
4	121000001	1.06649	1.0541	3
4	122000001	0.885106	1.0541	3
4	123000001	1.17905	1.0541	3
4	124000001	0.848283	0.877737	3
4	125000001	0.847697	0.877737	3
4	126000001	0.908006	0.877737	3
4	127000001	1.06439	0.877737	3
4	128000001	0.672579	0.877737	3
4	129000001	0.907569	0.877737	3
4	130000001	0.783766	0.877737	3
4	131000001	0.845307	0.877737	3
4	132000001	0.96201	0.877737	3
4	133000001	0.843307	0.877737	3
4	134000001	1.0299	0.877737	3
4	135000001	0.839887	0.877737	3
4	136000001	0.855484	0.877737	3
4	137000001	0.818453	0.877737	3
4	138000001	0.860943	0.877737	3
4	139000001	1.05671	0.877737	3
4	140000001	1.02447	0.877737	3
4	141000001	0.972375	0.877737	3
4	142000001	0.818131	0.877737	3
4	143000001	1.02035	0.877737	3
4	144000001	0.922797	0.877737	3
4	145000001	0.802078	0.877737	3
4	146000001	0.96389	0.877737	3
4	147000001	0.870559	0.877737	3
4	148000001	0.884916	0.877737	3
4	149000001	0.930775	0.877737	3
4	150000001	0.654639	0.877737	3
4	151000001	1.19974	0.877737	3
4	152000001	1.02654	0.877737	3
4	153000001	0.851903	0.877737	3
4	154000001	0.804308	0.877737	3
4	155000001	0.843173	0.877737	3
4	156000001	1.26667	0.877737	3
4	157000001	1.07094	0.877737	3
4	158000001	0.999539	0.877737	3
4	159000001	0.718801	0.877737	3
4	160000001	0.409676	0.409676	1
4	161000001	0.160488	0.409676	1
4	162000001	0.460039	0.409676	1
4	163000001	0.511225	0.617959	2
4	164000001	0.722351	0.617959	2
4	165000001	0.63132	0.617959	2
4	166000001	0.584622	0.617959	2
4	167000001	0.635206	0.617959	2
4	168000001	0.588754	0.617959	2
4	169000001	0.592587	0.617959	2
4	170000001	0.792031	0.617959	2
4	171000001	0.578487	0.617959	2
4	172000001	0.881487	0.617959	2
4	173000001	0.659523	0.617959	2
4	174000001	0.584113	0.617959	2
4	175000001	0.522651	0.617959	2
4	176000001	0.804715	0.617959	2
4	177000001	0.654481	0.617959	2
4	178000001	0.662062	0.617959	2
4	179000001	0.576868	0.617959	2
4	180000001	0.667247	0.617959	2
4	181000001	0.497681	0.617959	2
4	182000001	0.828377	0.617959	2
4	183000001	0.617959	0.617959	2
4	184000001	0.568035	0.617959	2
4	185000001	0.537776	0.617959	2
4	186000001	0.751003	0.813267	2
4	187000001	0.813267	0.813267	2
4	188000001	0.839805	0.813267	2
4	189000001	0.535882	0.813267	2
4	190000001	2.79897	0.813267	2
5	1	1.36357	1.29491	4
5	1000001	1.22612	1.29491	4
5	2000001	1.22884	1.29491	4
5	3000001	1.11708	1.29491	4
5	4000001	1.17462	1.29491	4
5	5000001	1.34233	1.29491	4
5	6000001	1.17291	1.29491	4
5	7000001	1.38074	1.29491	4
5	8000001	1.59019	1.29491	4
5	9000001	1.26537	1.29491	4
5	10000001	1.49449	1.29491	4
5	11000001	1.00771	1.29491	4
5	12000001	1.14564	1.29491	4
5	13000001	1.44147	1.29491	4
5	14000001	1.28768	1.29491	4
5	15000001	1.35893	1.29491	4
5	16000001	1.27881	1.29491	4
5	17000001	1.35625	1.29491	4
5	18000001	1.04587	1.29491	4
5	19000001	1.17964	1.29491	4
5	20000001	1.29491	1.29491	4
5	21000001	1.29522	1.29491	4
5	22000001	1.01257	1.29491	4
5	23000001	1.42635	1.29491	4
5	24000001	1.02147	1.29491	4
5	25000001	1.10987	1.29491	4
5	26000001	1.08826	1.29491	4
5	27000001	1.49178	1.29491	4
5	28000001	0.889676	1.29491	4
5	29000001	1.25005	1.29491	4
5	30000001	1.3833	1.29491	4
5	31000001	1.42475	1.29491	4
5	32000001	1.51074	1.29491	4
5	33000001	1.47108	1.29491	4
5	34000001	1.40607	1.29491	4
5	35000001	1.39155	1.29491	4
5	36000001	1.01174	1.29491	4
5	37000001	1.30636	1.29491	4
5	38000001	1.29011	1.29491	4
5	39000001	1.30214	1.29491	4
5	40000001	1.42411	1.29491	4
5	41000001	1.50833	1.29491	4
5	42000001	1.48329	1.29491	4
5	43000001	1.38931	1.29491	4
5	44000001	1.21719	1.29491	4
5	45000001	1.18195	1.29491	4
5	46000001	1.03115	1.29491	4
5	47000001	1.80925	1.80925	5
5	48000001	1.91976	1.80925	5
5	49000001	1.70504	1.80925	5
5	50000001	1.17258	1.12743	3
5	51000001	1.12743	1.12743	3
5	52000001	1.14158	1.12743	3
5	53000001	1.088	1.12743	3
5	54000001	1.00202	1.12743	3
5	55000001	1.189	1.12743	3
5	56000001	1.18182	1.12743	3
5	57000001	1.07675	1.12743	3
5	58000001	1.06207	1.12743	3
5	59000001	0.923852	1.12743	3
5	60000001	1.39326	1.12743	3
5	61000001	0.955841	1.00336	3
5	62000001	1.03394	1.00336	3
5	63000001	0.954477	1.00336	3
5	64000001	0.884988	1.00336	3
5	65000001	0.8029	1.00336	3
5	66000001	1.11073	1.00336	3
5	67000001	0.882345	1.00336	3
5	68000001	1.12808	1.00336	3
5	69000001	1.08449	1.00336	3
5	70000001	1.04505	1.00336	3
5	71000001	0.973287	1.00336	3
5	72000001	1.06847	1.00336	3
5	73000001	1.02168	1.00336	3
5	74000001	0.870515	1.00336	3
5	75000001	0.973113	1.00336	3
5	76000001	0.913932	1.00336	3
5	77000001	1.13786	1.00336	3
5	78000001	0.962704	1.00336	3
5	79000001	1.08861	1.00336	3
5	80000001	1.51837	1.00336	3
5	81000001	0.9343	1.00336	3
5	82000001	1.00336	1.00336	3
5	83000001	1.01781	1.00336	3
5	84000001	1.06169	1.00336	3
5	85000001	0.880946	1.00336	3
5	86000001	1.9172	1.9172	6
5	87000001	0.890137	0.940895	3
5	88000001	0.936433	0.940895	3
5	89000001	0.747689	0.940895	3
5	90000001	0.859102	0.940895	3
5	91000001	1.04913	0.940895	3
5	92000001	0.885366	0.940895	3
5	93000001	1.01696	0.940895	3
5	94000001	1.43858	0.940895	3
5	95000001	0.922352	0.940895	3
5	96000001	0.984913	0.940895	3
5	97000001	0.914363	0.940895	3
5	98000001	0.99294	0.940895	3
5	99000001	0.919313	0.940895	3
5	100000001	1.20367	0.940895	3
5	101000001	1.06996	0.940895	3
5	102000001	0.977376	0.940895	3
5	103000001	0.9276	0.940895	3
5	104000001	1.00399	0.940895	3
5	105000001	0.869103	0.940895	3
5	106000001	0.666128	0.940895	3
5	107000001	1.06907	0.940895	3
5	108000001	0.873983	0.940895	3
5	109000001	0.751748	0.940895	3
5	110000001	0.844662	0.940895	3
5	111000001	0.844357	0.940895	3
5	112000001	0.974993	0.940895	3
5	113000001	0.956285	0.940895	3
5	114000001	0.889308	0.940895	3
5	115000001	0.985437	0.940895	3
5	116000001	0.924497	0.940895	3
5	117000001	1.15714	0.940895	3
5	118000001	0.959571	0.940895	3
5	119000001	0.940895	0.940895	3
5	120000001	1.073	0.940895	3
5	121000001	0.833777	0.940895	3
5	122000001	0.854431	0.940895	3
5	123000001	1.11455	0.940895	3
5	124000001	0.939223	0.940895	3
5	125000001	0.833151	0.940895	3
5	126000001	1.02188	0.940895	3
5	127000001	0.998137	0.940895	3
5	128000001	1.17098	0.940895	3
5	129000001	1.03568	0.940895	3
5	130000001	1.27419	0.940895	3
5	131000001	0.90531	0.940895	3
5	132000001	0.922999	0.940895	3
5	133000001	1.10511	0.940895	3
5	134000001	2.0862	2.0862	6
5	135000001	1.02531	1.02531	3
5	136000001	1.19937	1.02531	3
5	137000001	0.957484	1.02531	3
5	138000001	1.0291	1.02531	3
5	139000001	0.971807	1.02531	3
5	140000001	0.962873	1.02531	3
5	141000001	1.02452	1.02531	3
5	142000001	1.0683	1.02531	3
5	143000001	1.1043	1.02531	3
5	144000001	1.07236	1.02531	3
5	145000001	0.859642	1.02531	3
5	146000001	1.03166	1.02531	3
5	147000001	0.737877	1.02531	3
5	148000001	1.08715	1.02531	3
5	149000001	1.09866	1.02531	3
5	150000001	0.867813	1.02531	3
5	151000001	1.03512	1.02531	3
5	152000001	0.959188	1.02531	3
5	153000001	1.09012	1.02531	3
5	154000001	1.15783	1.02531	3
5	155000001	1.0698	1.02531	3
5	156000001	1.05622	1.02531	3
5	157000001	0.86283	1.02531	3
5	158000001	1.0835	1.02531	3
5	159000001	1.1176	1.02531	3
5	160000001	0.950968	1.02531	3
5	161000001	0.912568	1.02531	3
5	162000001	0.883179	1.02531	3
5	163000001	0.907129	1.02531	3
5	164000001	0.791128	1.02531	3
5	165000001	0.929147	1.02531	3
5	166000001	0.961026	1.02531	3
5	167000001	1.09899	1.02531	3
5	168000001	1.0489	1.02531	3
5	169000001	0.924117	1.02531	3
5	170000001	0.909065	1.02531	3
5	171000001	1.02821	1.02531	3
5	172000001	1.10913	1.02531	3
5	173000001	1.09372	1.02531	3
5	174000001	0.997116	1.02531	3
5	175000001	0.964626	1.02531	3
5	176000001	1.0969	1.02531	3
5	177000001	1.01468	1.02531	3
5	178000001	0.983536	1.02531	3
5	179000001	1.11664	1.02531	3
5	180000001	0.841103	1.02531	3
5	181000001	1.14611	1.02531	3
6	1	1.33981	1.34303	4
6	1000001	1.22302	1.34303	4
6	2000001	1.40875	1.34303	4
6	3000001	1.18694	1.34303	4
6	4000001	1.20104	1.34303	4
6	5000001	1.16586	1.34303	4
6	6000001	1.4679	1.34303	4
6	7000001	1.26416	1.34303	4
6	8000001	1.41746	1.34303	4
6	9000001	1.39079	1.34303	4
6	10000001	1.28693	1.34303	4
6	11000001	1.52079	1.34303	4
6	12000001	1.17887	1.34303	4
6	13000001	1.56879	1.34303	4
6	14000001	1.22073	1.34303	4
6	15000001	1.05818	1.34303	4
6	16000001	1.50071	1.34303	4
6	17000001	1.50901	1.34303	4
6	18000001	1.17659	1.34303	4
6	19000001	1.32484	1.34303	4
6	20000001	1.57566	1.34303	4
6	21000001	1.29376	1.34303	4
6	22000001	1.54443	1.34303	4
6	23000001	1.18826	1.34303	4
6	24000001	1.20078	1.34303	4
6	25000001	1.39988	1.34303	4
6	26000001	1.42275	1.34303	4
6	27000001	1.42894	1.34303	4
6	28000001	1.19678	1.34303	4
6	29000001	1.37734	1.34303	4
6	30000001	1.34231	1.34303	4
6	31000001	1.55271	1.34303	4
6	32000001	1.33994	1.34303	4
6	33000001	1.52319	1.34303	4
6	34000001	1.3645	1.34303	4
6	35000001	1.34374	1.34303	4
6	36000001	1.29573	1.34303	4
6	37000001	1.42822	1.34303	4
6	38000001	0.939947	1.34303	4
6	39000001	1.23266	1.34303	4
6	40000001	1.28347	1.34303	4
6	41000001	1.41275	1.34303	4
6	42000001	1.13055	1.34303	4
6	43000001	1.39495	1.34303	4
6	44000001	1.46631	1.34303	4
6	45000001	1.52404	1.34303	4
6	46000001	1.11318	1.22438	4
6	47000001	1.25572	1.22438	4
6	48000001	1.25826	1.22438	4
6	49000001	1.08549	1.22438	4
6	50000001	1.22438	1.22438	4
6	51000001	1.08253	0.958366	3
6	52000001	0.873639	0.958366	3
6	53000001	1.00251	0.958366	3
6	54000001	1.05159	0.958366	3
6	55000001	1.35007	0.958366	3
6	56000001	1.15283	0.958366	3
6	57000001	1.12402	0.958366	3
6	58000001	0.917756	0.958366	3
6	59000001	1.15731	0.958366	3
6	60000001	0.989608	0.958366	3
6	61000001	0.878745	0.958366	3
6	62000001	1.01586	0.958366	3
6	63000001	1.12187	0.958366	3
6	64000001	0.957864	0.958366	3
6	65000001	1.07809	0.958366	3
6	66000001	0.697737	0.958366	3
6	67000001	0.950674	0.958366	3
6	68000001	0.990446	0.958366	3
6	69000001	0.977435	0.958366	3
6	70000001	0.982286	0.958366	3
6	71000001	0.897741	0.958366	3
6	72000001	0.680001	0.958366	3
6	73000001	0.806974	0.958366	3
6	74000001	0.919452	0.958366	3
6	75000001	1.00221	0.958366	3
6	76000001	0.957398	0.958366	3
6	77000001	0.791113	0.958366	3
6	78000001	1.03288	0.958366	3
6	79000001	0.995314	0.958366	3
6	80000001	1.0862	0.958366	3
6	81000001	0.951289	0.958366	3
6	82000001	0.989217	0.958366	3
6	83000001	1.02573	0.958366	3
6	84000001	0.832947	0.958366	3
6	85000001	0.92339	0.958366	3
6	86000001	1.03949	0.958366	3
6	87000001	0.805739	0.958366	3
6	88000001	0.949085	0.958366	3
6	89000001	0.982021	0.958366	3
6	90000001	0.958868	0.958366	3
6	91000001	0.836004	0.958366	3
6	92000001	0.763086	0.958366	3
6	93000001	0.906018	0.958366	3
6	94000001	0.830018	0.958366	3
6	95000001	0.659665	0.958366	3
6	96000001	0.791917	0.958366	3
6	97000001	0.930612	0.958366	3
6	98000001	0.868331	0.958366	3
6	99000001	0.881237	0.958366	3
6	100000001	0.684759	0.958366	3
6	101000001	0.909592	0.958366	3
6	102000001	0.825379	0.958366	3
6	103000001	0.788498	0.958366	3
6	104000001	1.1066	0.958366	3
6	105000001	1.07094	0.958366	3
6	106000001	0.944577	0.958366	3
6	107000001	1.03202	0.958366	3
6	108000001	0.997504	0.958366	3
6	109000001	0.679022	0.958366	3
6	110000001	1.00349	0.958366	3
6	111000001	1.06252	0.958366	3
6	112000001	1.00063	0.958366	3
6	113000001	0.982075	0.958366	3
6	114000001	0.929803	0.958366	3
6	115000001	1.00858	0.958366	3
6	116000001	0.808528	0.958366	3
6	117000001	0.719807	0.958366	3
6	118000001	1.22639	0.958366	3
6	119000001	0.971533	0.958366	3
6	120000001	0.96598	0.958366	3
6	121000001	0.957715	0.958366	3
6	122000001	0.941281	0.958366	3
6	123000001	0.834539	0.958366	3
6	124000001	0.95224	0.958366	3
6	125000001	0.981327	0.958366	3
6	126000001	1.11872	0.958366	3
6	127000001	0.903083	0.958366	3
6	128000001	1.06641	0.958366	3
6	129000001	0.914633	0.958366	3
6	130000001	0.981772	0.958366	3
6	131000001	0.988037	0.958366	3
6	132000001	0.946009	0.958366	3
6	133000001	1.17926	0.958366	3
6	134000001	1.07689	0.958366	3
6	135000001	1.1773	1.32667	4
6	136000001	1.36147	1.32667	4
6	137000001	1.3618	1.32667	4
6	138000001	1.33577	1.32667	4
6	139000001	1.39233	1.32667	4
6	140000001	1.28767	1.32667	4
6	141000001	1.50878	1.32667	4
6	142000001	1.19991	1.32667	4
6	143000001	1.29515	1.32667	4
6	144000001	1.23408	1.32667	4
6	145000001	1.34908	1.32667	4
6	146000001	1.24598	1.32667	4
6	147000001	1.40323	1.32667	4
6	148000001	1.16554	1.32667	4
6	149000001	1.42747	1.32667	4
6	150000001	1.49637	1.32667	4
6	151000001	1.36226	1.32667	4
6	152000001	1.37906	1.32667	4
6	153000001	1.33509	1.32667	4
6	154000001	1.53749	1.32667	4
6	155000001	1.39026	1.32667	4
6	156000001	1.23626	1.32667	4
6	157000001	1.23568	1.32667	4
6	158000001	1.16056	1.32667	4
6	159000001	1.18943	1.32667	4
6	160000001	1.38715	1.32667	4
6	161000001	1.43525	1.32667	4
6	162000001	1.14002	1.32667	4
6	163000001	1.04959	1.32667	4
6	164000001	1.19653	1.32667	4
6	165000001	1.49253	1.32667	4
6	166000001	1.31825	1.32667	4
6	167000001	1.21507	1.32667	4
6	168000001	1.40774	1.32667	4
6	169000001	1.30461	1.32667	4
6	170000001	1.20525	1.32667	4
7	1	1.18896	0.979859	3
7	1000001	0.996993	0.979859	3
7	2000001	1.17264	0.979859	3
7	3000001	0.878829	0.979859	3
7	4000001	1.05717	0.979859	3
7	5000001	0.920307	0.979859	3
7	6000001	0.893563	0.979859	3
7	7000001	1.01168	0.979859	3
7	8000001	0.752278	0.979859	3
7	9000001	0.743455	0.979859	3
7	10000001	0.94896	0.979859	3
7	11000001	0.81731	0.979859	3
7	12000001	0.86733	0.979859	3
7	13000001	0.918846	0.979859	3
7	14000001	1.07348	0.979859	3
7	15000001	1.02493	0.979859	3
7	16000001	0.953361	0.979859	3
7	17000001	1.02122	0.979859	3
7	18000001	0.978784	0.979859	3
7	19000001	0.980935	0.979859	3
7	20000001	0.782617	0.979859	3
7	21000001	0.794196	0.979859	3
7	22000001	0.925335	0.979859	3
7	23000001	0.98802	0.979859	3
7	24000001	0.877035	0.979859	3
7	25000001	0.930815	0.979859	3
7	26000001	0.991718	0.979859	3
7	27000001	1.11156	0.979859	3
7	28000001	1.00456	0.979859	3
7	29000001	1.00366	0.979859	3
7	30000001	1.03114	0.979859	3
7	31000001	1.10501	0.979859	3
7	32000001	1.0708	0.979859	3
7	33000001	0.894568	0.979859	3
7	34000001	0.854816	0.979859	3
7	35000001	0.939753	0.979859	3
7	36000001	1.13723	0.979859	3
7	37000001	0.922207	0.979859	3
7	38000001	1.08608	0.979859	3
7	39000001	1.10896	0.979859	3
7	40000001	1.04872	0.979859	3
7	41000001	0.908537	0.979859	3
7	42000001	0.875722	0.979859	3
7	43000001	1.1684	0.979859	3
7	44000001	1.06015	0.979859	3
7	45000001	1.03473	0.979859	3
7	46000001	1.0015	0.979859	3
7	47000001	1.10317	0.979859	3
7	48000001	0.955492	0.979859	3
7	49000001	0.903154	0.979859	3
7	50000001	0.869443	0.979859	3
7	51000001	1.00128	0.979859	3
7	52000001	1.11824	0.979859	3
7	53000001	0.975107	0.979859	3
7	54000001	1.00157	0.979859	3
7	55000001	0.839475	0.979859	3
7	56000001	0.959164	0.979859	3
7	57000001	0.862588	0.979859	3
7	58000001	1.74351	1.84981	6
7	59000001	1.9561	1.84981	6
7	60000001	1.46594	1.28418	4
7	61000001	1.31307	1.28418	4
7	62000001	1.32767	1.28418	4
7	63000001	1.33578	1.28418	4
7	64000001	1.16829	1.28418	4
7	65000001	1.2161	1.28418	4
7	66000001	1.37346	1.28418	4
7	67000001	1.24602	1.28418	4
7	68000001	0.955656	1.28418	4
7	69000001	1.17114	1.28418	4
7	70000001	1.42885	1.28418	4
7	71000001	1.35016	1.28418	4
7	72000001	1.37071	1.28418	4
7	73000001	1.01529	1.28418	4
7	74000001	1.2656	1.28418	4
7	75000001	1.3675	1.28418	4
7	76000001	1.18603	1.28418	4
7	77000001	1.34357	1.28418	4
7	78000001	1.48723	1.28418	4
7	79000001	1.4093	1.28418	4
7	80000001	1.29643	1.28418	4
7	81000001	1.33554	1.28418	4
7	82000001	1.2681	1.28418	4
7	83000001	1.26558	1.28418	4
7	84000001	0.882742	1.28418	4
7	85000001	1.28088	1.28418	4
7	86000001	1.21258	1.28418	4
7	87000001	1.28418	1.28418	4
7	88000001	0.969305	1.28418	4
7	89000001	1.28845	1.28418	4
7	90000001	1.13413	1.28418	4
7	91000001	1.16296	1.28418	4
7	92000001	1.39284	1.28418	4
7	93000001	1.25567	1.28418	4
7	94000001	1.27576	1.28418	4
7	95000001	1.59635	1.28418	4
7	96000001	1.1219	1.28418	4
7	97000001	1.14634	1.28418	4
7	98000001	1.28826	1.28418	4
7	99000001	1.36437	1.28418	4
7	100000001	1.45014	1.28418	4
7	101000001	1.14427	1.28418	4
7	102000001	1.1946	1.28418	4
7	103000001	1.35763	1.28418	4
7	104000001	1.36244	1.28418	4
7	105000001	1.82465	1.53534	5
7	106000001	1.29006	1.53534	5
7	107000001	1.26638	1.53534	5
7	108000001	1.46316	1.53534	5
7	109000001	1.65278	1.53534	5
7	110000001	1.51846	1.53534	5
7	111000001	1.75659	1.53534	5
7	112000001	1.6012	1.53534	5
7	113000001	1.40385	1.53534	5
7	114000001	1.50371	1.53534	5
7	115000001	1.68395	1.53534	5
7	116000001	1.68518	1.53534	5
7	117000001	1.64249	1.53534	5
7	118000001	1.50113	1.53534	5
7	119000001	1.4204	1.53534	5
7	120000001	1.51744	1.53534	5
7	121000001	1.55701	1.53534	5
7	122000001	1.42861	1.53534	5
7	123000001	1.4805	1.53534	5
7	124000001	1.28986	1.53534	5
7	125000001	1.57771	1.53534	5
7	126000001	1.7021	1.53534	5
7	127000001	1.39818	1.53534	5
7	128000001	1.58753	1.53534	5
7	129000001	1.75195	1.53534	5
7	130000001	1.62559	1.53534	5
7	131000001	1.64917	1.53534	5
7	132000001	1.35789	1.53534	5
7	133000001	1.25024	1.53534	5
7	134000001	1.36244	1.53534	5
7	135000001	1.52617	1.53534	5
7	136000001	1.62006	1.53534	5
7	137000001	1.54956	1.53534	5
7	138000001	1.71113	1.53534	5
7	139000001	1.48083	1.53534	5
7	140000001	1.7158	1.53534	5
7	141000001	1.63499	1.53534	5
7	142000001	1.36681	1.53534	5
7	143000001	1.57296	1.53534	5
7	144000001	1.45438	1.53534	5
7	145000001	1.53534	1.53534	5
7	146000001	1.62784	1.53534	5
7	147000001	1.50178	1.53534	5
7	148000001	1.81341	1.62658	5
7	149000001	1.42388	1.62658	5
7	150000001	1.66649	1.62658	5
7	151000001	1.91776	1.62658	5
7	152000001	1.50731	1.62658	5
7	153000001	1.73735	1.62658	5
7	154000001	1.58666	1.62658	5
7	155000001	1.57096	1.62658	5
7	156000001	1.4135	1.62658	5
7	157000001	1.74678	1.62658	5
7	158000001	1.6678	1.62658	5
7	159000001	1.4615	1.62658	5
8	1	1.12623	1.12623	3
8	1000001	0.893974	1.12623	3
8	2000001	1.1965	1.12623	3
8	3000001	0.92663	0.937363	3
8	4000001	0.987768	0.937363	3
8	5000001	0.854984	0.937363	3
8	6000001	0.948096	0.937363	3
8	7000001	1.36525	1.14729	3
8	8000001	1.14729	1.14729	3
8	9000001	1.10347	1.14729	3
8	10000001	1.03296	1.04634	3
8	11000001	1.04634	1.04634	3
8	12000001	1.10714	1.04634	3
8	13000001	1.00319	1.04634	3
8	14000001	0.834361	1.04634	3
8	15000001	0.902462	1.04634	3
8	16000001	0.94738	1.04634	3
8	17000001	1.20762	1.04634	3
8	18000001	1.1197	1.04634	3
8	19000001	1.19487	1.04634	3
8	20000001	0.98225	1.04634	3
8	21000001	0.963312	1.04634	3
8	22000001	1.12794	1.04634	3
8	23000001	1.10907	1.04634	3
8	24000001	0.763547	1.04634	3
8	25000001	1.17359	1.04634	3
8	26000001	0.917069	1.04634	3
8	27000001	1.07987	1.04634	3
8	28000001	1.15093	1.04634	3
8	29000001	0.84839	0.909668	3
8	30000001	0.987967	0.909668	3
8	31000001	0.905601	0.909668	3
8	32000001	0.904311	0.909668	3
8	33000001	0.963358	0.909668	3
8	34000001	1.02176	0.909668	3
8	35000001	0.904989	0.909668	3
8	36000001	0.926723	0.909668	3
8	37000001	0.923715	0.909668	3
8	38000001	0.895364	0.909668	3
8	39000001	0.7027	0.909668	3
8	40000001	0.884662	0.909668	3
8	41000001	0.966146	0.909668	3
8	42000001	0.99515	0.909668	3
8	43000001	0.911682	0.909668	3
8	44000001	0.909668	0.909668	3
8	45000001	0.704304	0.909668	3
8	46000001	0.965907	0.909668	3
8	47000001	0.845958	0.909668	3
8	48000001	0.863316	0.909668	3
8	49000001	1.02635	0.909668	3
8	50000001	1.01665	0.909668	3
8	51000001	0.840139	0.909668	3
8	52000001	1.01198	0.909668	3
8	53000001	0.909195	0.909668	3
8	54000001	1.07429	0.909668	3
8	55000001	0.735208	0.909668	3
8	56000001	1.07411	0.909668	3
8	57000001	0.907093	0.909668	3
8	58000001	1.14374	1.14374	3
8	59000001	1.02612	1.14374	3
8	60000001	1.07052	1.14374	3
8	61000001	1.15865	1.14374	3
8	62000001	1.17577	1.14374	3
8	63000001	0.987699	0.977275	3
8	64000001	0.874204	0.977275	3
8	65000001	0.962971	0.977275	3
8	66000001	1.18359	0.977275	3
8	67000001	0.689626	0.977275	3
8	68000001	0.964747	0.977275	3
8	69000001	1.17243	0.977275	3
8	70000001	1.09481	0.977275	3
8	71000001	1.04043	0.977275	3
8	72000001	0.914924	0.977275	3
8	73000001	1.02728	0.977275	3
8	74000001	1.13904	0.977275	3
8	75000001	0.912479	0.977275	3
8	76000001	0.921126	0.977275	3
8	77000001	0.824772	0.977275	3
8	78000001	0.872535	0.977275	3
8	79000001	0.878876	0.977275	3
8	80000001	1.01276	0.977275	3
8	81000001	0.885262	0.977275	3
8	82000001	0.977275	0.977275	3
8	83000001	0.811597	0.977275	3
8	84000001	0.953097	0.977275	3
8	85000001	1.2373	0.977275	3
8	86000001	0.956108	0.977275	3
8	87000001	1.0326	0.977275	3
8	88000001	0.990482	0.977275	3
8	89000001	0.858405	0.977275	3
8	90000001	1.07214	0.977275	3
8	91000001	1.00276	0.977275	3
8	92000001	1.03169	0.977275	3
8	93000001	0.858633	0.977275	3
8	94000001	0.947455	0.977275	3
8	95000001	0.887857	0.977275	3
8	96000001	0.829371	0.977275	3
8	97000001	1.06641	0.977275	3
8	98000001	0.900392	0.977275	3
8	99000001	0.84922	0.977275	3
8	100000001	0.915035	0.977275	3
8	101000001	0.966875	0.977275	3
8	102000001	1.09033	0.977275	3
8	103000001	0.885937	0.977275	3
8	104000001	1.15904	0.977275	3
8	105000001	1.07511	0.977275	3
8	106000001	1.02571	0.977275	3
8	107000001	0.797654	0.977275	3
8	108000001	1.00471	0.977275	3
8	109000001	1.02834	0.977275	3
8	110000001	0.896252	0.977275	3
8	111000001	0.956057	0.977275	3
8	112000001	0.640273	0.977275	3
8	113000001	0.947088	0.977275	3
8	114000001	0.874666	0.977275	3
8	115000001	1.1014	0.977275	3
8	116000001	0.990953	0.977275	3
8	117000001	1.11714	0.977275	3
8	118000001	1.01306	0.977275	3
8	119000001	0.999334	0.977275	3
8	120000001	1.01854	0.977275	3
8	121000001	1.0944	0.977275	3
8	122000001	0.688368	0.977275	3
8	123000001	1.02186	0.977275	3
8	124000001	0.962398	0.977275	3
8	125000001	1.03517	0.977275	3
8	126000001	0.87006	0.977275	3
8	127000001	0.987455	0.977275	3
8	128000001	0.98454	0.977275	3
8	129000001	1.03049	0.977275	3
8	130000001	1.23141	0.977275	3
8	131000001	0.996662	0.977275	3
8	132000001	1.00236	0.977275	3
8	133000001	0.857916	0.977275	3
8	134000001	0.863945	0.977275	3
8	135000001	1.00942	0.977275	3
8	136000001	0.850331	0.977275	3
8	137000001	0.955254	0.977275	3
8	138000001	1.88237	1.88237	6
8	139000001	0.866467	0.961848	3
8	140000001	0.993281	0.961848	3
8	141000001	0.961848	0.961848	3
8	142000001	0.868608	0.961848	3
8	143000001	1.08885	0.961848	3
8	144000001	0.92513	0.961848	3
8	145000001	1.00452	0.961848	3
9	1	0.630249	0.680109	2
9	1000001	0.711393	0.680109	2
9	2000001	0.611251	0.680109	2
9	3000001	0.715131	0.680109	2
9	4000001	0.826044	0.680109	2
9	5000001	0.57453	0.680109	2
9	6000001	0.518775	0.680109	2
9	7000001	0.609151	0.680109	2
9	8000001	0.743381	0.680109	2
9	9000001	0.698296	0.680109	2
9	10000001	0.594856	0.680109	2
9	11000001	0.643568	0.680109	2
9	12000001	0.640017	0.680109	2
9	13000001	0.839717	0.680109	2
9	14000001	0.741472	0.680109	2
9	15000001	0.680109	0.680109	2
9	16000001	0.796789	0.680109	2
9	17000001	0.688552	0.680109	2
9	18000001	0.73209	0.680109	2
9	19000001	0.592264	0.680109	2
9	20000001	0.44013	0.680109	2
9	21000001	0.0125392	0.0900622	0
9	22000001	0.052844	0.0900622	0
9	23000001	0.0136694	0.0900622	0
9	24000001	0.0286232	0.0900622	0
9	25000001	0.12057	0.0900622	0
9	26000001	0.167829	0.0900622	0
9	27000001	0.392161	0.0900622	0
9	28000001	0.183831	0.0900622	0
9	29000001	0.0900622	0.0900622	0
9	30000001	0.0233214	0.0900622	0
9	31000001	0.119494	0.0900622	0
9	32000001	0.472685	0.694659	2
9	33000001	0.694659	0.694659	2
9	34000001	0.631718	0.694659	2
9	35000001	0.68661	0.694659	2
9	36000001	0.657287	0.694659	2
9	37000001	1.13977	0.694659	2
9	38000001	0.978678	0.694659	2
9	39000001	0.701546	0.694659	2
9	40000001	0.843753	0.694659	2
9	41000001	0.80577	0.694659	2
9	42000001	0.513407	0.694659	2
9	43000001	1.7635	1.88038	6
9	44000001	1.88038	1.88038	6
9	45000001	2.11598	1.88038	6
9	46000001	-1	-1	6
9	47000001	-1	-1	6
9	48000001	-1	-1	6
9	49000001	-1	-1	6
9	50000001	-1	-1	6
9	51000001	-1	-1	6
9	52000001	-1	-1	6
9	53000001	-1	-1	6
9	54000001	-1	-1	6
9	55000001	-1	-1	6
9	56000001	-1	-1	6
9	57000001	-1	-1	6
9	58000001	-1	-1	6
9	59000001	-1	-1	6
9	60000001	1.35718	1.35718	4
9	61000001	0.85707	0.679143	2
9	62000001	0.756655	0.679143	2
9	63000001	0.918243	0.679143	2
9	64000001	0.695318	0.679143	2
9	65000001	0.941102	0.679143	2
9	66000001	0.595157	0.679143	2
9	67000001	0.691052	0.679143	2
9	68000001	0.671132	0.679143	2
9	69000001	0.724853	0.679143	2
9	70000001	0.622556	0.679143	2
9	71000001	0.695707	0.679143	2
9	72000001	0.60298	0.679143	2
9	73000001	0.539466	0.679143	2
9	74000001	0.564919	0.679143	2
9	75000001	0.548708	0.679143	2
9	76000001	0.658658	0.679143	2
9	77000001	0.653547	0.679143	2
9	78000001	0.679143	0.679143	2
9	79000001	0.491152	0.679143	2
9	80000001	0.752305	0.679143	2
9	81000001	0.664779	0.679143	2
9	82000001	0.62569	0.679143	2
9	83000001	0.770748	0.679143	2
9	84000001	0.623242	0.679143	2
9	85000001	0.60801	0.679143	2
9	86000001	0.809316	0.679143	2
9	87000001	0.502012	0.679143	2
9	88000001	0.713241	0.679143	2
9	89000001	0.627987	0.679143	2
9	90000001	0.709245	0.679143	2
9	91000001	0.69232	0.679143	2
9	92000001	0.736906	0.679143	2
9	93000001	0.82352	0.679143	2
9	94000001	1.01059	0.989058	3
9	95000001	0.796691	0.989058	3
9	96000001	1.09709	0.989058	3
9	97000001	1.07446	0.989058	3
9	98000001	0.88312	0.989058	3
9	99000001	0.929498	0.989058	3
9	100000001	1.06795	0.989058	3
9	101000001	0.819398	0.989058	3
9	102000001	0.900946	0.989058	3
9	103000001	0.762842	0.989058	3
9	104000001	0.918681	0.989058	3
9	105000001	0.953234	0.989058	3
9	106000001	0.912457	0.989058	3
9	107000001	1.04765	0.989058	3
9	108000001	0.980856	0.989058	3
9	109000001	1.01377	0.989058	3
9	110000001	1.1193	0.989058	3
9	111000001	0.971007	0.989058	3
9	112000001	0.99164	0.989058	3
9	113000001	0.768618	0.989058	3
9	114000001	0.896004	0.989058	3
9	115000001	0.943304	0.989058	3
9	116000001	1.02885	0.989058	3
9	117000001	1.07489	0.989058	3
9	118000001	1.07289	0.989058	3
9	119000001	1.00604	0.989058	3
9	120000001	1.17898	0.989058	3
9	121000001	0.832731	0.989058	3
9	122000001	0.811931	0.989058	3
9	123000001	0.986477	0.989058	3
9	124000001	1.18157	0.989058	3
9	125000001	1.00829	0.989058	3
9	126000001	0.959962	0.989058	3
9	127000001	1.17039	0.989058	3
9	128000001	1.38067	0.989058	3
9	129000001	1.0128	0.989058	3
9	130000001	2.80785	2.77353	8
9	131000001	2.73921	2.77353	8
9	132000001	1.06421	1.06421	3
9	133000001	1.08925	1.06421	3
9	134000001	1.25661	1.06421	3
9	135000001	1.02311	1.06421	3
9	136000001	0.939618	1.06421	3
9	137000001	0.984196	1.06421	3
9	138000001	1.13572	1.06421	3
X	1	0.249515	0.273342	1
X	1000001	0.273342	0.273342	1
X	2000001	0.215973	0.273342	1
X	3000001	0.324112	0.273342	1
X	4000001	0.24518	0.273342	1
X	5000001	0.196084	0.273342	1
X	6000001	0.334846	0.273342	1
X	7000001	0.443618	0.273342	1
X	8000001	0.138025	0.273342	1
X	9000001	0.345667	0.273342	1
X	10000001	0.371903	0.273342	1
X	11000001	0.928032	0.928032	3
X	12000001	0.341259	0.339346	1
X	13000001	0.520736	0.339346	1
X	14000001	0.240575	0.339346	1
X	15000001	0.292914	0.339346	1
X	16000001	0.424391	0.339346	1
X	17000001	0.45405	0.339346	1
X	18000001	0.390539	0.339346	1
X	19000001	0.29184	0.339346	1
X	20000001	0.270748	0.339346	1
X	21000001	0.455444	0.339346	1
X	22000001	0.322785	0.339346	1
X	23000001	0.374233	0.339346	1
X	24000001	0.328826	0.339346	1
X	25000001	0.280202	0.339346	1
X	26000001	0.231088	0.339346	1
X	27000001	0.263201	0.339346	1
X	28000001	0.353625	0.339346	1
X	29000001	0.357084	0.339346	1
X	30000001	0.326686	0.339346	1
X	31000001	0.343118	0.339346	1
X	32000001	0.419497	0.339346	1
X	33000001	0.355952	0.339346	1
X	34000001	0.452763	0.339346	1
X	35000001	0.407386	0.339346	1
X	36000001	0.178638	0.339346	1
X	37000001	0.237227	0.339346	1
X	38000001	0.329674	0.339346	1
X	39000001	0.357154	0.339346	1
X	40000001	0.341826	0.339346	1
X	41000001	0.365067	0.339346	1
X	42000001	0.361007	0.339346	1
X	43000001	0.353843	0.339346	1
X	44000001	0.368859	0.339346	1
X	45000001	0.356407	0.339346	1
X	46000001	0.261766	0.339346	1
X	47000001	0.334897	0.339346	1
X	48000001	0.320257	0.339346	1
X	49000001	0.29244	0.339346	1
X	50000001	0.306371	0.339346	1
X	51000001	0.326362	0.339346	1
X	52000001	0.347552	0.339346	1
X	53000001	0.286505	0.339346	1
X	54000001	0.339346	0.339346	1
X	55000001	0.330021	0.339346	1
X	56000001	0.301042	0.339346	1
X	57000001	0.576127	0.650503	2
X	58000001	0.694625	0.650503	2
X	59000001	0.606381	0.650503	2
X	60000001	0.726629	0.650503	2
X	61000001	0.549754	0.513479	2
X	62000001	0.477205	0.513479	2
X	63000001	0.37604	0.314933	1
X	64000001	0.327135	0.314933	1
X	65000001	0.283776	0.314933	1
X	66000001	0.250855	0.314933	1
X	67000001	0.346363	0.314933	1
X	68000001	0.366998	0.314933	1
X	69000001	0.277151	0.314933	1
X	70000001	0.522943	0.314933	1
X	71000001	0.324684	0.314933	1
X	72000001	0.273966	0.314933	1
X	73000001	0.314017	0.314933	1
X	74000001	0.315849	0.314933	1
X	75000001	0.202576	0.314933	1
X	76000001	0.23633	0.314933	1
X	77000001	0.587104	0.597041	2
X	78000001	0.606979	0.597041	2
X	79000001	0.288489	0.333553	1
X	80000001	0.325145	0.333553	1
X	81000001	0.273353	0.333553	1
X	82000001	0.331981	0.333553	1
X	83000001	0.297159	0.333553	1
X	84000001	0.433562	0.333553	1
X	85000001	0.334428	0.333553	1
X	86000001	0.385721	0.333553	1
X	87000001	0.402144	0.333553	1
X	88000001	0.440659	0.333553	1
X	89000001	0.278057	0.333553	1
X	90000001	0.414404	0.333553	1
X	91000001	0.319554	0.333553	1
X	92000001	0.521564	0.333553	1
X	93000001	0.284783	0.333553	1
X	94000001	0.384108	0.333553	1
X	95000001	0.326842	0.333553	1
X	96000001	0.280257	0.333553	1
X	97000001	0.465521	0.333553	1
X	98000001	0.28037	0.333553	1
X	99000001	0.348305	0.333553	1
X	100000001	0.405515	0.333553	1
X	101000001	0.266804	0.333553	1
X	102000001	0.342265	0.333553	1
X	103000001	0.440922	0.333553	1
X	104000001	0.307439	0.333553	1
X	105000001	0.424058	0.333553	1
X	106000001	0.331353	0.333553	1
X	107000001	0.333124	0.333553	1
X	108000001	0.406635	0.333553	1
X	109000001	0.298853	0.333553	1
X	110000001	0.364769	0.333553	1
X	111000001	0.509472	0.333553	1
X	112000001	0.377568	0.333553	1
X	113000001	0.321015	0.333553	1
X	114000001	0.58877	0.333553	1
X	115000001	0.309722	0.333553	1
X	116000001	0.350347	0.333553	1
X	117000001	0.33053	0.333553	1
X	118000001	0.360979	0.333553	1
X	119000001	0.377353	0.333553	1
X	120000001	0.448532	0.333553	1
X	121000001	0.216191	0.333553	1
X	122000001	0.370423	0.333553	1
X	123000001	0.409344	0.333553	1
X	124000001	0.333983	0.333553	1
X	125000001	0.285781	0.333553	1
X	126000001	0.49649	0.333553	1
X	127000001	0.284907	0.333553	1
X	128000001	0.182011	0.333553	1
X	129000001	0.352441	0.333553	1
X	130000001	0.298462	0.333553	1
X	131000001	0.385069	0.333553	1
X	132000001	0.264259	0.333553	1
X	133000001	0.286157	0.333553	1
X	134000001	0.261722	0.333553	1
X	135000001	0.415469	0.333553	1
X	136000001	0.311768	0.333553	1
X	137000001	0.282074	0.333553	1
X	138000001	0.24391	0.333553	1
X	139000001	0.332397	0.333553	1
X	140000001	0.36349	0.333553	1
X	141000001	0.369072	0.333553	1
X	142000001	0.285496	0.333553	1
X	143000001	0.292311	0.333553	1
X	144000001	0.424954	0.333553	1
X	145000001	0.371903	0.333553	1
X	146000001	0.282775	0.333553	1
X	147000001	0.355871	0.333553	1
X	148000001	0.26898	0.333553	1
X	149000001	0.343508	0.333553	1
X	150000001	0.33589	0.333553	1
X	151000001	0.270518	0.333553	1
X	152000001	0.320273	0.333553	1
X	153000001	0.330037	0.333553	1
X	154000001	0.39573	0.333553	1
X	155000001	0.228628	0.333553	1
X	156000001	0.698168	0.333553	1
Y	1	-1	-1	0
Y	1000001	-1	-1	0
Y	2000001	0	0.0306743	0
Y	3000001	0.0364084	0.0306743	0
Y	4000001	0.0249403	0.0306743	0
Y	5000001	0.0372056	0.0306743	0
Y	6000001	0.0212923	0.0306743	0
Y	7000001	0.0530014	0.0306743	0
Y	8000001	0.0050539	0.0306743	0
Y	9000001	0.040757	0.0306743	0
Y	10000001	0.962956	0.873314	3
Y	11000001	0.783672	0.873314	3
Y	12000001	0.0724738	0.0410287	0
Y	13000001	0.0200849	0.0410287	0
Y	14000001	0.0118686	0.0410287	0
Y	15000001	0.0682906	0.0410287	0
Y	16000001	0.00679623	0.0410287	0
Y	17000001	0.0867361	0.0410287	0
Y	18000001	0.0650357	0.0410287	0
Y	19000001	0.00493912	0.0410287	0
Y	20000001	0.0410287	0.0410287	0
Y	21000001	0.174394	0.126925	0
Y	22000001	0.149368	0.126925	0
Y	23000001	0.0631107	0.126925	0
Y	24000001	0.0851747	0.126925	0
Y	25000001	0.0492481	0.126925	0
Y	26000001	0.176205	0.126925	0
Y	27000001	-1	0.126925	0
Y	28000001	-1	0.126925	0
Y	29000001	-1	0.126925	0
Y	30000001	-1	0.126925	0
Y	31000001	-1	0.126925	0
Y	32000001	-1	0.126925	0
Y	33000001	-1	0.126925	0
Y	34000001	-1	0.126925	0
Y	35000001	-1	0.126925	0
Y	36000001	-1	0.126925	0
Y	37000001	-1	0.126925	0
Y	38000001	-1	0.126925	0
Y	39000001	-1	0.126925	0
Y	40000001	-1	0.126925	0
Y	41000001	-1	0.126925	0
Y	42000001	-1	0.126925	0
Y	43000001	-1	0.126925	0
Y	44000001	-1	0.126925	0
Y	45000001	-1	0.126925	0
Y	46000001	-1	0.126925	0
Y	47000001	-1	0.126925	0
Y	48000001	-1	0.126925	0
Y	49000001	-1	0.126925	0
Y	50000001	-1	0.126925	0
Y	51000001	-1	0.126925	0
Y	52000001	-1	0.126925	0
Y	53000001	-1	0.126925	0
Y	54000001	-1	0.126925	0
Y	55000001	-1	0.126925	0
Y	56000001	0.126925	0.126925	0
Y	57000001	-1	-1	0
