Chromosome	Start	Ratio	MedianRatio	CopyNumber
1	1	3.28709	3.28709	10
1	1000001	1.83586	1.83586	6
1	2000001	2.41087	1.83586	6
1	3000001	1.80089	1.83586	6
1	4000001	1.2114	1.34859	4
1	5000001	1.2546	1.34859	4
1	6000001	1.53151	1.34859	4
1	7000001	1.8467	1.34859	4
1	8000001	1.27283	1.34859	4
1	9000001	1.75582	1.34859	4
1	10000001	1.31242	1.34859	4
1	11000001	1.24633	1.34859	4
1	12000001	1.28445	1.34859	4
1	13000001	1.1465	1.34859	4
1	14000001	1.19951	1.34859	4
1	15000001	1.23906	1.34859	4
1	16000001	1.69853	1.34859	4
1	17000001	1.33989	1.34859	4
1	18000001	1.40092	1.34859	4
1	19000001	1.11104	1.34859	4
1	20000001	1.39347	1.34859	4
1	21000001	1.32531	1.34859	4
1	22000001	1.70783	1.34859	4
1	23000001	1.35729	1.34859	4
1	24000001	1.665	1.34859	4
1	25000001	1.65835	1.34859	4
1	26000001	1.51733	1.34859	4
1	27000001	1.64867	1.34859	4
1	28000001	1.2242	1.23782	4
1	29000001	1.01624	1.23782	4
1	30000001	1.60499	1.23782	4
1	31000001	1.12339	1.23782	4
1	32000001	1.67942	1.23782	4
1	33000001	1.18251	1.23782	4
1	34000001	1.16671	1.23782	4
1	35000001	1.40564	1.23782	4
1	36000001	1.08896	1.23782	4
1	37000001	1.11552	1.23782	4
1	38000001	1.26324	1.23782	4
1	39000001	1.71176	1.23782	4
1	40000001	1.25977	1.23782	4
1	41000001	1.23782	1.23782	4
1	42000001	1.15584	1.23782	4
1	43000001	1.56437	1.23782	4
1	44000001	1.53143	1.23782	4
1	45000001	1.5388	1.23782	4
1	46000001	1.06492	1.23782	4
1	47000001	1.33991	1.23782	4
1	48000001	1.02888	1.23782	4
1	49000001	0.853057	1.23782	4
1	50000001	1.11995	1.23782	4
1	51000001	1.62103	1.23782	4
1	52000001	1.13594	1.23782	4
1	53000001	1.34329	1.23782	4
1	54000001	1.37193	1.23782	4
1	55000001	1.43855	1.23782	4
1	56000001	1.19201	1.23782	4
1	57000001	0.864925	1.0031	3
1	58000001	1.28676	1.0031	3
1	59000001	1.18014	1.0031	3
1	60000001	0.769414	1.0031	3
1	61000001	1.04871	1.0031	3
1	62000001	1.50344	1.0031	3
1	63000001	0.838017	1.0031	3
1	64000001	1.05321	1.0031	3
1	65000001	1.23843	1.0031	3
1	66000001	1.01465	1.0031	3
1	67000001	1.37939	1.0031	3
1	68000001	1.02889	1.0031	3
1	69000001	0.918604	1.0031	3
1	70000001	1.02311	1.0031	3
1	71000001	1.28794	1.0031	3
1	72000001	0.673359	1.0031	3
1	73000001	0.67862	1.0031	3
1	74000001	0.828294	1.0031	3
1	75000001	0.966766	1.0031	3
1	76000001	1.00397	1.0031	3
1	77000001	0.898791	1.0031	3
1	78000001	1.04846	1.0031	3
1	79000001	0.905319	1.0031	3
1	80000001	0.883356	1.0031	3
1	81000001	0.815159	1.0031	3
1	82000001	0.706277	1.0031	3
1	83000001	0.969911	1.0031	3
1	84000001	1.1814	1.0031	3
1	85000001	0.996374	1.0031	3
1	86000001	1.14091	1.0031	3
1	87000001	1.10835	1.0031	3
1	88000001	0.897065	1.0031	3
1	89000001	1.21317	1.0031	3
1	90000001	0.969866	1.0031	3
1	91000001	1.31666	1.0031	3
1	92000001	1.28355	1.0031	3
1	93000001	1.00223	1.0031	3
1	94000001	1.1237	1.0031	3
1	95000001	0.898214	1.0031	3
1	96000001	1.03919	1.0031	3
1	97000001	0.632989	1.0031	3
1	98000001	0.908906	1.0031	3
1	99000001	1.4242	1.0031	3
1	100000001	1.37775	1.0031	3
1	101000001	0.863256	1.0031	3
1	102000001	0.847803	1.0031	3
1	103000001	0.92773	1.0031	3
1	104000001	1.09236	1.0031	3
1	105000001	1.1025	1.0031	3
1	106000001	0.80897	1.0031	3
1	107000001	1.58225	1.62604	5
1	108000001	1.68341	1.62604	5
1	109000001	2.1322	1.62604	5
1	110000001	1.7705	1.62604	5
1	111000001	1.70411	1.62604	5
1	112000001	1.6156	1.62604	5
1	113000001	1.63649	1.62604	5
1	114000001	1.23317	1.62604	5
1	115000001	1.58633	1.62604	5
1	116000001	2.05397	1.62604	5
1	117000001	2.02934	1.62604	5
1	118000001	1.49181	1.62604	5
1	119000001	1.29079	1.62604	5
1	120000001	1.41431	1.62604	5
1	121000001	2.53631	1.62604	5
1	122000001	1.66115	1.62604	5
1	123000001	1.34987	1.62604	5
1	124000001	1.53215	1.62604	5
1	125000001	4.84098	-1	4
1	126000001	-1	-1	4
1	127000001	-1	-1	4
1	128000001	-1	-1	4
1	129000001	-1	-1	4
1	130000001	-1	-1	4
1	131000001	-1	-1	4
1	132000001	-1	-1	4
1	133000001	-1	-1	4
1	134000001	-1	-1	4
1	135000001	-1	-1	4
1	136000001	-1	-1	4
1	137000001	-1	-1	4
1	138000001	-1	-1	4
1	139000001	-1	-1	4
1	140000001	-1	-1	4
1	141000001	-1	-1	4
1	142000001	-1	-1	4
1	143000001	4.5092	-1	4
1	144000001	1.45665	1.40538	4
1	145000001	1.19784	1.40538	4
1	146000001	1.06615	1.40538	4
1	147000001	1.31569	1.40538	4
1	148000001	0.911002	1.40538	4
1	149000001	1.46815	1.40538	4
1	150000001	1.25462	1.40538	4
1	151000001	1.54395	1.40538	4
1	152000001	1.58947	1.40538	4
1	153000001	1.42021	1.40538	4
1	154000001	1.55835	1.40538	4
1	155000001	1.40645	1.40538	4
1	156000001	1.60737	1.40538	4
1	157000001	1.44877	1.40538	4
1	158000001	1.06785	1.40538	4
1	159000001	1.19288	1.40538	4
1	160000001	1.27746	1.40538	4
1	161000001	1.40432	1.40538	4
1	162000001	1.35032	1.40538	4
1	163000001	1.48436	1.40538	4
1	164000001	1.75797	1.60055	5
1	165000001	1.63375	1.60055	5
1	166000001	1.50587	1.60055	5
1	167000001	1.72296	1.60055	5
1	168000001	1.51059	1.60055	5
1	169000001	1.35955	1.60055	5
1	170000001	1.51792	1.60055	5
1	171000001	1.58665	1.60055	5
1	172000001	1.7035	1.60055	5
1	173000001	1.58373	1.60055	5
1	174000001	1.38111	1.60055	5
1	175000001	2.04299	1.60055	5
1	176000001	1.45985	1.60055	5
1	177000001	1.47117	1.60055	5
1	178000001	1.75303	1.60055	5
1	179000001	1.8234	1.60055	5
1	180000001	1.60055	1.60055	5
1	181000001	1.93145	1.60055	5
1	182000001	1.81317	1.60055	5
1	183000001	1.75815	1.60055	5
1	184000001	1.56988	1.60055	5
1	185000001	1.54512	1.60055	5
1	186000001	2.16058	1.60055	5
1	187000001	1.15043	1.20936	4
1	188000001	1.25478	1.20936	4
1	189000001	1.20271	1.20936	4
1	190000001	1.14336	1.20936	4
1	191000001	1.22918	1.20936	4
1	192000001	1.35215	1.20936	4
1	193000001	1.30154	1.20936	4
1	194000001	1.17014	1.20936	4
1	195000001	1.12783	1.20936	4
1	196000001	1.18887	1.20936	4
1	197000001	1.20936	1.20936	4
1	198000001	1.48626	1.20936	4
1	199000001	1.32503	1.20936	4
1	200000001	1.7049	1.89084	6
1	201000001	2.04896	1.89084	6
1	202000001	2.15473	1.89084	6
1	203000001	1.90229	1.89084	6
1	204000001	2.02784	1.89084	6
1	205000001	2.14688	1.89084	6
1	206000001	1.89084	1.89084	6
1	207000001	1.82318	1.89084	6
1	208000001	1.82734	1.89084	6
1	209000001	1.75269	1.89084	6
1	210000001	1.50623	1.89084	6
1	211000001	1.67865	1.89084	6
1	212000001	2.00963	1.89084	6
1	213000001	1.37135	1.45491	4
1	214000001	1.66944	1.45491	4
1	215000001	1.20917	1.45491	4
1	216000001	1.25291	1.45491	4
1	217000001	1.45342	1.45491	4
1	218000001	1.4564	1.45491	4
1	219000001	1.52662	1.45491	4
1	220000001	1.53793	1.45491	4
1	221000001	1.83395	1.45491	4
1	222000001	1.36969	1.45491	4
1	223000001	2.06811	2.04131	6
1	224000001	2.0145	2.04131	6
1	225000001	1.57897	2.04131	6
1	226000001	2.16583	2.04131	6
1	227000001	2.00927	2.04131	6
1	228000001	2.46713	2.04131	6
1	229000001	1.7619	1.54751	5
1	230000001	1.71804	1.54751	5
1	231000001	1.83831	1.54751	5
1	232000001	1.61135	1.54751	5
1	233000001	1.36127	1.54751	5
1	234000001	1.73732	1.54751	5
1	235000001	1.64943	1.54751	5
1	236000001	1.74462	1.54751	5
1	237000001	1.4441	1.54751	5
1	238000001	1.29022	1.54751	5
1	239000001	1.42042	1.54751	5
1	240000001	1.4212	1.54751	5
1	241000001	1.43162	1.54751	5
1	242000001	1.46279	1.54751	5
1	243000001	1.47988	1.54751	5
1	244000001	2.0248	1.54751	5
1	245000001	1.66337	1.54751	5
1	246000001	1.48367	1.54751	5
1	247000001	1.91399	1.54751	5
1	248000001	1.35026	1.54751	5
10	1	0.0888456	0.078779	0
10	1000001	0.0919362	0.078779	0
10	2000001	0.0540342	0.078779	0
10	3000001	0.0648674	0.078779	0
10	4000001	0.0845273	0.078779	0
10	5000001	0.0580567	0.078779	0
10	6000001	0.0757018	0.078779	0
10	7000001	0.107736	0.078779	0
10	8000001	0.115599	0.078779	0
10	9000001	0.0525873	0.078779	0
10	10000001	0.0654863	0.078779	0
10	11000001	0.0411019	0.078779	0
10	12000001	0.101702	0.078779	0
10	13000001	0.160189	0.078779	0
10	14000001	0.0501995	0.078779	0
10	15000001	0.104956	0.078779	0
10	16000001	0.0678418	0.078779	0
10	17000001	0.0800048	0.078779	0
10	18000001	0.255232	0.078779	0
10	19000001	0.211592	0.078779	0
10	20000001	0.0887975	0.078779	0
10	21000001	0.0916709	0.078779	0
10	22000001	0.0633451	0.078779	0
10	23000001	0.100325	0.078779	0
10	24000001	0.0780157	0.078779	0
10	25000001	0.173123	0.078779	0
10	26000001	0.024392	0.078779	0
10	27000001	0.119902	0.078779	0
10	28000001	0.0966026	0.078779	0
10	29000001	0.0634966	0.078779	0
10	30000001	0.060926	0.078779	0
10	31000001	0.0795424	0.078779	0
10	32000001	0.0621914	0.078779	0
10	33000001	0.0454479	0.078779	0
10	34000001	0.0425054	0.078779	0
10	35000001	0.0398138	0.078779	0
10	36000001	0.0882908	0.078779	0
10	37000001	0.0732648	0.078779	0
10	38000001	0.495443	0.495443	1
10	39000001	0.12173	0.102945	0
10	40000001	0.0841602	0.102945	0
10	41000001	0.400916	0.415986	1
10	42000001	0.431057	0.415986	1
10	43000001	0.101404	0.0796057	0
10	44000001	0.102584	0.0796057	0
10	45000001	0.113935	0.0796057	0
10	46000001	0.12782	0.0796057	0
10	47000001	0.0691702	0.0796057	0
10	48000001	0.0984024	0.0796057	0
10	49000001	0.0699786	0.0796057	0
10	50000001	0.0887777	0.0796057	0
10	51000001	0.0948304	0.0796057	0
10	52000001	0.0672194	0.0796057	0
10	53000001	0.103664	0.0796057	0
10	54000001	0.0235402	0.0796057	0
10	55000001	0.131211	0.0796057	0
10	56000001	0.0591538	0.0796057	0
10	57000001	0.233952	0.0796057	0
10	58000001	0.097448	0.0796057	0
10	59000001	0.0833331	0.0796057	0
10	60000001	0.0677369	0.0796057	0
10	61000001	0.0989434	0.0796057	0
10	62000001	0.0794018	0.0796057	0
10	63000001	0.0316009	0.0796057	0
10	64000001	0.0541044	0.0796057	0
10	65000001	0.0539541	0.0796057	0
10	66000001	0.0447016	0.0796057	0
10	67000001	0.174283	0.0796057	0
10	68000001	0.143417	0.0796057	0
10	69000001	0.0904383	0.0796057	0
10	70000001	0.0722065	0.0796057	0
10	71000001	0.053895	0.0796057	0
10	72000001	0.0978091	0.0796057	0
10	73000001	0.102527	0.0796057	0
10	74000001	0.18108	0.0796057	0
10	75000001	0.0202782	0.0796057	0
10	76000001	0.352712	0.0796057	0
10	77000001	0.0795779	0.0796057	0
10	78000001	0.0650951	0.0796057	0
10	79000001	0.0796057	0.0796057	0
10	80000001	0.0638786	0.0796057	0
10	81000001	0.277039	0.0796057	0
10	82000001	0.044878	0.0796057	0
10	83000001	0.112134	0.0796057	0
10	84000001	0.0535947	0.0796057	0
10	85000001	0.227122	0.0796057	0
10	86000001	0.0976152	0.0796057	0
10	87000001	0.0437464	0.0796057	0
10	88000001	0.0415253	0.0796057	0
10	89000001	0.0493052	0.0796057	0
10	90000001	0.0648304	0.0796057	0
10	91000001	0.0848361	0.0796057	0
10	92000001	0.10925	0.0796057	0
10	93000001	0.0526793	0.0796057	0
10	94000001	0.103423	0.0796057	0
10	95000001	0.0945288	0.0796057	0
10	96000001	0.0739478	0.0796057	0
10	97000001	0.0746433	0.0796057	0
10	98000001	0.0418019	0.0796057	0
10	99000001	0.126232	0.0796057	0
10	100000001	0.0660951	0.0796057	0
10	101000001	0.0761338	0.0796057	0
10	102000001	0.096821	0.0796057	0
10	103000001	0.0308521	0.0796057	0
10	104000001	0.0435152	0.0796057	0
10	105000001	0.0845791	0.0796057	0
10	106000001	0.120306	0.0796057	0
10	107000001	0.064248	0.0796057	0
10	108000001	0.0503635	0.0796057	0
10	109000001	0.0938743	0.0796057	0
10	110000001	0.0501942	0.0796057	0
10	111000001	0.187126	0.0796057	0
10	112000001	0.0498433	0.0796057	0
10	113000001	0.0542551	0.0796057	0
10	114000001	0.0716856	0.0796057	0
10	115000001	0.124072	0.0796057	0
10	116000001	0.104244	0.0796057	0
10	117000001	0.0845907	0.0796057	0
10	118000001	0.109168	0.0796057	0
10	119000001	0.074145	0.0796057	0
10	120000001	0.189181	0.0796057	0
10	121000001	0.0545394	0.0796057	0
10	122000001	0.391005	0.119757	0
10	123000001	0.160675	0.119757	0
10	124000001	0.0788382	0.119757	0
10	125000001	0.0601955	0.119757	0
10	126000001	2.20015	2.20015	7
10	127000001	0.0448506	0.0448506	0
10	128000001	0.0344724	0.0448506	0
10	129000001	0.0920517	0.0448506	0
10	130000001	0.309134	0.204686	1
10	131000001	0.0888498	0.204686	1
10	132000001	0.100237	0.204686	1
10	133000001	1.66246	0.204686	1
11	1	0.249109	0.0940992	0
11	1000001	0.16782	0.0940992	0
11	2000001	0.0872873	0.0940992	0
11	3000001	0.100911	0.0940992	0
11	4000001	0.0311887	0.0940992	0
11	5000001	0.0792832	0.0940992	0
11	6000001	0.229187	0.0940992	0
11	7000001	0.0735297	0.0940992	0
11	8000001	0.076008	0.0940992	0
11	9000001	0.174819	0.0940992	0
11	10000001	0.685031	0.730268	2
11	11000001	0.775506	0.730268	2
11	12000001	0.0858787	0.0707849	0
11	13000001	0.0672397	0.0707849	0
11	14000001	0.142343	0.0707849	0
11	15000001	0.0383787	0.0707849	0
11	16000001	0.0743302	0.0707849	0
11	17000001	0.0619768	0.0707849	0
11	18000001	0.116251	0.0707849	0
11	19000001	0.0406962	0.0707849	0
11	20000001	0.089554	0.0707849	0
11	21000001	0.0619166	0.0707849	0
11	22000001	0.640953	0.640953	2
11	23000001	0.0355024	0.0502538	0
11	24000001	0.0436958	0.0502538	0
11	25000001	0.055259	0.0502538	0
11	26000001	0.0694351	0.0502538	0
11	27000001	0.043112	0.0502538	0
11	28000001	0.133587	0.0502538	0
11	29000001	0.0409909	0.0502538	0
11	30000001	0.0452487	0.0502538	0
11	31000001	0.119617	0.0502538	0
11	32000001	0.0749006	0.0502538	0
11	33000001	0.12404	0.0502538	0
11	34000001	0.0433465	0.0502538	0
11	35000001	0.312877	0.0960409	0
11	36000001	0.108278	0.0960409	0
11	37000001	0.286771	0.0960409	0
11	38000001	0.043087	0.0960409	0
11	39000001	0.0544303	0.0960409	0
11	40000001	0.00728564	0.0960409	0
11	41000001	0.0967536	0.0960409	0
11	42000001	0.26893	0.0960409	0
11	43000001	0.311819	0.0960409	0
11	44000001	0.0674262	0.0960409	0
11	45000001	0.0777263	0.0960409	0
11	46000001	0.132856	0.0960409	0
11	47000001	0.0653573	0.0960409	0
11	48000001	0.0907404	0.0960409	0
11	49000001	0.0960409	0.0960409	0
11	50000001	0.676885	0.676885	2
11	51000001	0.0112387	0.0919185	0
11	52000001	0.0259666	0.0919185	0
11	53000001	0.0475656	0.0919185	0
11	54000001	0.0645545	0.0919185	0
11	55000001	0.0669397	0.0919185	0
11	56000001	0.131102	0.0919185	0
11	57000001	0.0641928	0.0919185	0
11	58000001	0.0862089	0.0919185	0
11	59000001	0.0989774	0.0919185	0
11	60000001	0.101019	0.0919185	0
11	61000001	0.0953875	0.0919185	0
11	62000001	0.0907202	0.0919185	0
11	63000001	0.0993471	0.0919185	0
11	64000001	0.27499	0.0919185	0
11	65000001	0.0931167	0.0919185	0
11	66000001	0.120225	0.0919185	0
11	67000001	0.0738928	0.0919185	0
11	68000001	0.140517	0.0919185	0
11	69000001	0.520864	0.309661	1
11	70000001	0.142236	0.309661	1
11	71000001	0.309661	0.309661	1
11	72000001	0.159295	0.105191	0
11	73000001	0.123301	0.105191	0
11	74000001	0.110997	0.105191	0
11	75000001	0.0930875	0.105191	0
11	76000001	0.0986596	0.105191	0
11	77000001	0.0867297	0.105191	0
11	78000001	0.0883593	0.105191	0
11	79000001	0.220221	0.105191	0
11	80000001	0.0819395	0.105191	0
11	81000001	0.0528867	0.105191	0
11	82000001	0.066909	0.105191	0
11	83000001	0.118447	0.105191	0
11	84000001	0.0525576	0.105191	0
11	85000001	0.0993848	0.105191	0
11	86000001	0.130509	0.105191	0
11	87000001	0.134929	0.105191	0
11	88000001	0.142713	0.105191	0
11	89000001	0.122311	0.105191	0
11	90000001	0.131949	0.105191	0
11	91000001	0.0341371	0.105191	0
11	92000001	0.117454	0.105191	0
11	93000001	0.139481	0.105191	0
11	94000001	0.0590195	0.105191	0
11	95000001	0.0639479	0.105191	0
11	96000001	0.525688	0.525688	2
11	97000001	0.058433	0.0762352	0
11	98000001	0.256008	0.0762352	0
11	99000001	0.11059	0.0762352	0
11	100000001	0.0762352	0.0762352	0
11	101000001	0.0619046	0.0762352	0
11	102000001	0.0873749	0.0762352	0
11	103000001	0.0471611	0.0762352	0
11	104000001	0.788893	0.788893	2
11	105000001	0.0807348	0.0868081	0
11	106000001	0.0678466	0.0868081	0
11	107000001	0.0809574	0.0868081	0
11	108000001	0.0672713	0.0868081	0
11	109000001	0.0284262	0.0868081	0
11	110000001	0.0966576	0.0868081	0
11	111000001	0.0727167	0.0868081	0
11	112000001	0.210557	0.0868081	0
11	113000001	0.0394744	0.0868081	0
11	114000001	0.168244	0.0868081	0
11	115000001	0.120691	0.0868081	0
11	116000001	0.0785804	0.0868081	0
11	117000001	0.0697952	0.0868081	0
11	118000001	0.0713364	0.0868081	0
11	119000001	0.051666	0.0868081	0
11	120000001	0.0622506	0.0868081	0
11	121000001	0.0897812	0.0868081	0
11	122000001	0.0903697	0.0868081	0
11	123000001	0.0737559	0.0868081	0
11	124000001	0.0832198	0.0868081	0
11	125000001	0.136561	0.0868081	0
11	126000001	0.104144	0.0868081	0
11	127000001	0.0983507	0.0868081	0
11	128000001	0.0680889	0.0868081	0
11	129000001	0.0905206	0.0868081	0
11	130000001	0.0922088	0.0868081	0
11	131000001	0.123795	0.0868081	0
11	132000001	0.159202	0.0868081	0
11	133000001	0.0895238	0.0868081	0
11	134000001	0.0868081	0.0868081	0
11	135000001	0.115023	0.0868081	0
12	1	0.269958	0.0764687	0
12	1000001	0.0956181	0.0764687	0
12	2000001	0.094426	0.0764687	0
12	3000001	0.0991171	0.0764687	0
12	4000001	0.0683113	0.0764687	0
12	5000001	0.075069	0.0764687	0
12	6000001	0.0668975	0.0764687	0
12	7000001	0.28682	0.0764687	0
12	8000001	0.117264	0.0764687	0
12	9000001	0.0606803	0.0764687	0
12	10000001	0.0541251	0.0764687	0
12	11000001	0.0816036	0.0764687	0
12	12000001	0.170011	0.0764687	0
12	13000001	0.0759571	0.0764687	0
12	14000001	0.0421773	0.0764687	0
12	15000001	0.0429881	0.0764687	0
12	16000001	0.0607012	0.0764687	0
12	17000001	0.0589522	0.0764687	0
12	18000001	0.0617725	0.0764687	0
12	19000001	0.155371	0.0764687	0
12	20000001	0.0764687	0.0764687	0
12	21000001	0.104713	0.0764687	0
12	22000001	0.305625	0.0764687	0
12	23000001	0.491641	0.544508	2
12	24000001	0.449121	0.544508	2
12	25000001	0.650779	0.544508	2
12	26000001	0.671418	0.544508	2
12	27000001	0.480014	0.544508	2
12	28000001	0.665237	0.544508	2
12	29000001	0.48718	0.544508	2
12	30000001	0.538581	0.544508	2
12	31000001	0.478527	0.544508	2
12	32000001	0.591384	0.544508	2
12	33000001	0.554104	0.544508	2
12	34000001	0.733631	0.544508	2
12	35000001	0.5881	0.544508	2
12	36000001	0.474941	0.544508	2
12	37000001	0.549831	0.544508	2
12	38000001	0.529261	0.544508	2
12	39000001	0.544508	0.544508	2
12	40000001	0.487883	0.544508	2
12	41000001	0.437608	0.544508	2
12	42000001	0.604936	0.544508	2
12	43000001	0.463347	0.544508	2
12	44000001	0.690344	0.544508	2
12	45000001	0.486406	0.544508	2
12	46000001	0.627071	0.544508	2
12	47000001	0.74239	0.544508	2
12	48000001	1.43611	1.43611	4
12	49000001	0.732841	0.7581	2
12	50000001	0.7581	0.7581	2
12	51000001	0.750955	0.7581	2
12	52000001	0.85691	0.7581	2
12	53000001	0.564668	0.7581	2
12	54000001	0.789608	0.7581	2
12	55000001	0.888904	0.7581	2
12	56000001	0.760415	0.7581	2
12	57000001	0.7265	0.7581	2
12	58000001	0.609656	0.517153	2
12	59000001	0.503362	0.517153	2
12	60000001	0.59368	0.517153	2
12	61000001	0.386622	0.517153	2
12	62000001	0.516804	0.517153	2
12	63000001	0.613383	0.517153	2
12	64000001	0.560116	0.517153	2
12	65000001	0.45132	0.517153	2
12	66000001	0.529508	0.517153	2
12	67000001	0.517284	0.517153	2
12	68000001	0.546177	0.517153	2
12	69000001	0.533755	0.517153	2
12	70000001	0.517022	0.517153	2
12	71000001	0.472159	0.517153	2
12	72000001	0.437945	0.517153	2
12	73000001	0.633402	0.517153	2
12	74000001	0.32741	0.517153	2
12	75000001	0.441991	0.517153	2
12	76000001	0.663166	0.517153	2
12	77000001	0.558693	0.517153	2
12	78000001	0.486694	0.517153	2
12	79000001	0.564633	0.517153	2
12	80000001	0.444631	0.517153	2
12	81000001	0.413067	0.517153	2
12	82000001	0.470574	0.517153	2
12	83000001	0.391213	0.517153	2
12	84000001	0.59021	0.517153	2
12	85000001	0.433332	0.517153	2
12	86000001	0.697779	0.517153	2
12	87000001	0.390892	0.517153	2
12	88000001	0.595895	0.517153	2
12	89000001	0.405444	0.517153	2
12	90000001	0.464461	0.517153	2
12	91000001	0.479251	0.517153	2
12	92000001	0.438135	0.517153	2
12	93000001	0.492445	0.517153	2
12	94000001	0.843294	0.517153	2
12	95000001	0.805955	0.517153	2
12	96000001	0.497934	0.517153	2
12	97000001	0.578834	0.517153	2
12	98000001	0.612855	0.517153	2
12	99000001	0.551406	0.517153	2
12	100000001	0.537984	0.517153	2
12	101000001	0.421089	0.517153	2
12	102000001	0.539912	0.517153	2
12	103000001	0.474059	0.517153	2
12	104000001	0.758165	0.517153	2
12	105000001	0.72701	0.517153	2
12	106000001	0.346697	0.517153	2
12	107000001	0.586977	0.517153	2
12	108000001	0.959263	0.697367	2
12	109000001	0.766313	0.697367	2
12	110000001	0.697367	0.697367	2
12	111000001	1.10402	0.697367	2
12	112000001	0.78803	0.697367	2
12	113000001	0.688952	0.697367	2
12	114000001	0.791262	0.697367	2
12	115000001	0.45465	0.697367	2
12	116000001	0.739797	0.697367	2
12	117000001	0.701619	0.697367	2
12	118000001	0.59293	0.697367	2
12	119000001	0.686084	0.697367	2
12	120000001	0.634708	0.697367	2
12	121000001	0.988018	0.697367	2
12	122000001	0.697511	0.697367	2
12	123000001	0.766544	0.697367	2
12	124000001	0.65674	0.697367	2
12	125000001	0.634051	0.697367	2
12	126000001	0.50596	0.697367	2
12	127000001	0.565119	0.697367	2
12	128000001	0.638019	0.697367	2
12	129000001	1.09676	0.914474	3
12	130000001	0.775966	0.914474	3
12	131000001	1.17195	0.914474	3
12	132000001	0.914474	0.914474	3
12	133000001	0.642516	0.914474	3
13	1	-1	-1	2
13	1000001	-1	-1	2
13	2000001	-1	-1	2
13	3000001	-1	-1	2
13	4000001	-1	-1	2
13	5000001	-1	-1	2
13	6000001	-1	-1	2
13	7000001	-1	-1	2
13	8000001	-1	-1	2
13	9000001	-1	-1	2
13	10000001	-1	-1	2
13	11000001	-1	-1	2
13	12000001	-1	-1	2
13	13000001	-1	-1	2
13	14000001	-1	-1	2
13	15000001	-1	-1	2
13	16000001	0.617543	0.643674	2
13	17000001	0.82413	0.643674	2
13	18000001	0.664347	0.643674	2
13	19000001	0.49047	0.643674	2
13	20000001	0.735806	0.643674	2
13	21000001	0.566122	0.643674	2
13	22000001	0.641502	0.643674	2
13	23000001	0.56307	0.643674	2
13	24000001	0.897003	0.643674	2
13	25000001	0.604905	0.643674	2
13	26000001	0.555014	0.643674	2
13	27000001	0.645846	0.643674	2
13	28000001	0.647211	0.643674	2
13	29000001	0.567598	0.643674	2
13	30000001	0.681851	0.643674	2
13	31000001	0.89695	0.643674	2
13	32000001	0.507122	0.478109	1
13	33000001	0.403674	0.478109	1
13	34000001	0.449096	0.478109	1
13	35000001	0.807828	0.478109	1
13	36000001	0.59789	0.478109	1
13	37000001	0.291919	0.478109	1
13	38000001	0.665093	0.665093	2
13	39000001	0.710787	0.665093	2
13	40000001	0.423716	0.665093	2
13	41000001	1.12891	1.12891	3
13	42000001	0.373969	0.581127	2
13	43000001	0.581127	0.581127	2
13	44000001	0.486834	0.581127	2
13	45000001	0.797787	0.581127	2
13	46000001	0.561837	0.581127	2
13	47000001	0.61883	0.581127	2
13	48000001	0.412078	0.581127	2
13	49000001	0.656428	0.581127	2
13	50000001	0.502404	0.581127	2
13	51000001	0.615146	0.581127	2
13	52000001	0.638309	0.581127	2
13	53000001	0.468506	0.459974	1
13	54000001	0.554208	0.459974	1
13	55000001	0.400473	0.459974	1
13	56000001	0.366751	0.459974	1
13	57000001	0.517814	0.459974	1
13	58000001	0.460864	0.459974	1
13	59000001	0.486484	0.459974	1
13	60000001	0.459083	0.459974	1
13	61000001	0.484588	0.459974	1
13	62000001	0.588505	0.459974	1
13	63000001	0.305076	0.459974	1
13	64000001	0.431433	0.459974	1
13	65000001	0.478492	0.459974	1
13	66000001	0.760819	0.459974	1
13	67000001	0.407054	0.459974	1
13	68000001	0.366522	0.459974	1
13	69000001	0.434034	0.459974	1
13	70000001	0.428842	0.459974	1
13	71000001	1.38402	1.38402	4
13	72000001	0.345651	0.522848	2
13	73000001	0.559157	0.522848	2
13	74000001	0.634434	0.522848	2
13	75000001	0.477392	0.522848	2
13	76000001	0.519803	0.522848	2
13	77000001	0.556185	0.522848	2
13	78000001	0.489278	0.522848	2
13	79000001	0.577598	0.522848	2
13	80000001	0.672028	0.522848	2
13	81000001	0.393027	0.522848	2
13	82000001	0.398802	0.522848	2
13	83000001	0.376974	0.522848	2
13	84000001	0.592005	0.522848	2
13	85000001	0.419033	0.522848	2
13	86000001	0.667757	0.522848	2
13	87000001	0.523819	0.522848	2
13	88000001	0.594214	0.522848	2
13	89000001	0.303543	0.522848	2
13	90000001	0.647934	0.522848	2
13	91000001	0.395142	0.522848	2
13	92000001	0.435367	0.522848	2
13	93000001	0.604797	0.522848	2
13	94000001	0.4936	0.522848	2
13	95000001	0.522848	0.522848	2
13	96000001	0.562788	0.522848	2
13	97000001	0.659223	0.748484	2
13	98000001	0.748484	0.748484	2
13	99000001	0.81798	0.748484	2
13	100000001	0.542677	0.497998	1
13	101000001	0.467661	0.497998	1
13	102000001	0.494143	0.497998	1
13	103000001	0.504471	0.497998	1
13	104000001	0.44441	0.497998	1
13	105000001	0.501854	0.497998	1
13	106000001	0.431337	0.497998	1
13	107000001	0.44589	0.497998	1
13	108000001	0.541447	0.497998	1
13	109000001	0.5249	0.497998	1
13	110000001	0.949742	0.761244	2
13	111000001	0.761244	0.761244	2
13	112000001	0.708933	0.761244	2
13	113000001	0.924954	0.761244	2
13	114000001	0.6356	0.761244	2
14	1	-1	-1	2
14	1000001	-1	-1	2
14	2000001	-1	-1	2
14	3000001	-1	-1	2
14	4000001	-1	-1	2
14	5000001	-1	-1	2
14	6000001	-1	-1	2
14	7000001	-1	-1	2
14	8000001	-1	-1	2
14	9000001	-1	-1	2
14	10000001	-1	-1	2
14	11000001	-1	-1	2
14	12000001	-1	-1	2
14	13000001	-1	-1	2
14	14000001	-1	-1	2
14	15000001	-1	-1	2
14	16000001	0.894827	0.823859	2
14	17000001	0.752892	0.823859	2
14	18000001	1.35119	1.35119	4
14	19000001	2.38943	1.35119	4
14	20000001	1.26774	1.35119	4
14	21000001	1.09599	1.35119	4
14	22000001	1.7358	1.35119	4
14	23000001	1.34012	1.28434	4
14	24000001	1.22856	1.28434	4
14	25000001	0.966067	0.983469	3
14	26000001	0.954791	0.983469	3
14	27000001	1.07023	0.983469	3
14	28000001	1.09611	0.983469	3
14	29000001	1.03338	0.983469	3
14	30000001	0.735442	0.983469	3
14	31000001	1.01931	0.983469	3
14	32000001	1.12795	0.983469	3
14	33000001	0.711963	0.983469	3
14	34000001	1.34103	0.983469	3
14	35000001	1.01354	0.983469	3
14	36000001	0.860255	0.983469	3
14	37000001	0.673597	0.983469	3
14	38000001	1.09225	0.983469	3
14	39000001	1.06483	0.983469	3
14	40000001	0.867805	0.983469	3
14	41000001	1.00087	0.983469	3
14	42000001	1.10134	0.983469	3
14	43000001	0.789826	0.983469	3
14	44000001	0.855768	0.983469	3
14	45000001	1.04557	0.983469	3
14	46000001	0.677627	0.983469	3
14	47000001	0.815039	0.983469	3
14	48000001	0.898569	0.983469	3
14	49000001	1.30803	1.08333	3
14	50000001	1.08333	1.08333	3
14	51000001	1.086	1.08333	3
14	52000001	1.04639	1.08333	3
14	53000001	1.02816	1.08333	3
14	54000001	1.19615	1.08333	3
14	55000001	1.56292	1.08333	3
14	56000001	1.18395	1.08333	3
14	57000001	0.996126	1.08333	3
14	58000001	1.0085	1.08333	3
14	59000001	1.05143	1.08333	3
14	60000001	2.25383	2.25383	7
14	61000001	1.09112	1.15186	3
14	62000001	1.05664	1.15186	3
14	63000001	1.02753	1.15186	3
14	64000001	1.11071	1.15186	3
14	65000001	1.18023	1.15186	3
14	66000001	0.875563	1.15186	3
14	67000001	1.68094	1.15186	3
14	68000001	1.15186	1.15186	3
14	69000001	1.36514	1.15186	3
14	70000001	1.01449	1.15186	3
14	71000001	1.05778	1.15186	3
14	72000001	1.10761	1.15186	3
14	73000001	1.37568	1.15186	3
14	74000001	1.41764	1.15186	3
14	75000001	1.38394	1.15186	3
14	76000001	1.25655	1.15186	3
14	77000001	1.41199	1.15186	3
14	78000001	0.816664	0.901139	3
14	79000001	0.981952	0.901139	3
14	80000001	0.926283	0.901139	3
14	81000001	0.902856	0.901139	3
14	82000001	0.862286	0.901139	3
14	83000001	0.899421	0.901139	3
14	84000001	0.739253	0.901139	3
14	85000001	1.03431	0.901139	3
14	86000001	0.756578	0.901139	3
14	87000001	0.977241	0.901139	3
14	88000001	1.07928	1.24963	4
14	89000001	1.22878	1.24963	4
14	90000001	1.65604	1.24963	4
14	91000001	1.04065	1.24963	4
14	92000001	1.30871	1.24963	4
14	93000001	1.25838	1.24963	4
14	94000001	1.09698	1.24963	4
14	95000001	1.18856	1.24963	4
14	96000001	1.67626	1.24963	4
14	97000001	1.07636	1.24963	4
14	98000001	0.772871	1.24963	4
14	99000001	1.11151	1.24963	4
14	100000001	1.33845	1.24963	4
14	101000001	1.24963	1.24963	4
14	102000001	1.38537	1.24963	4
14	103000001	1.50471	1.24963	4
14	104000001	1.4022	1.24963	4
14	105000001	1.40362	1.24963	4
14	106000001	0.977908	1.24963	4
14	107000001	-1	-1	4
15	1	-1	-1	2
15	1000001	-1	-1	2
15	2000001	-1	-1	2
15	3000001	-1	-1	2
15	4000001	-1	-1	2
15	5000001	-1	-1	2
15	6000001	-1	-1	2
15	7000001	-1	-1	2
15	8000001	-1	-1	2
15	9000001	-1	-1	2
15	10000001	-1	-1	2
15	11000001	-1	-1	2
15	12000001	-1	-1	2
15	13000001	-1	-1	2
15	14000001	-1	-1	2
15	15000001	-1	-1	2
15	16000001	-1	-1	2
15	17000001	0.790183	0.637841	2
15	18000001	0.363443	0.637841	2
15	19000001	0.3591	0.637841	2
15	20000001	0.690757	0.637841	2
15	21000001	0.792613	0.637841	2
15	22000001	0.745808	0.637841	2
15	23000001	0.440524	0.637841	2
15	24000001	0.428337	0.637841	2
15	25000001	0.635381	0.637841	2
15	26000001	0.640428	0.637841	2
15	27000001	0.660846	0.637841	2
15	28000001	0.549484	0.637841	2
15	29000001	0.717278	0.637841	2
15	30000001	0.72692	0.637841	2
15	31000001	0.741804	0.637841	2
15	32000001	0.566201	0.637841	2
15	33000001	0.56575	0.637841	2
15	34000001	0.685642	0.637841	2
15	35000001	0.553885	0.637841	2
15	36000001	0.413256	0.637841	2
15	37000001	0.634237	0.637841	2
15	38000001	0.533283	0.637841	2
15	39000001	0.425395	0.637841	2
15	40000001	0.950016	0.637841	2
15	41000001	0.727662	0.637841	2
15	42000001	0.637841	0.637841	2
15	43000001	0.610092	0.637841	2
15	44000001	0.76763	0.637841	2
15	45000001	0.956919	0.637841	2
15	46000001	0.376083	0.383735	1
15	47000001	0.385721	0.383735	1
15	48000001	0.381749	0.383735	1
15	49000001	0.434815	0.383735	1
15	50000001	0.788689	0.758388	2
15	51000001	0.728087	0.758388	2
15	52000001	0.45	0.551013	2
15	53000001	0.551013	0.551013	2
15	54000001	0.508747	0.551013	2
15	55000001	0.663103	0.551013	2
15	56000001	0.512518	0.551013	2
15	57000001	0.768199	0.551013	2
15	58000001	0.649444	0.551013	2
15	59000001	0.395622	0.453568	1
15	60000001	0.55176	0.453568	1
15	61000001	0.346513	0.453568	1
15	62000001	0.511514	0.453568	1
15	63000001	0.72199	0.699405	2
15	64000001	0.712712	0.699405	2
15	65000001	0.610831	0.699405	2
15	66000001	0.699405	0.699405	2
15	67000001	0.384422	0.699405	2
15	68000001	0.791667	0.791667	2
15	69000001	0.816523	0.791667	2
15	70000001	0.670425	0.791667	2
15	71000001	0.783331	0.791667	2
15	72000001	0.837118	0.791667	2
15	73000001	0.603168	0.648094	2
15	74000001	0.719356	0.648094	2
15	75000001	0.795551	0.648094	2
15	76000001	0.585829	0.648094	2
15	77000001	0.648094	0.648094	2
15	78000001	0.880311	0.784482	2
15	79000001	0.777466	0.784482	2
15	80000001	0.791498	0.784482	2
15	81000001	0.776297	0.784482	2
15	82000001	0.616174	0.690887	2
15	83000001	0.697122	0.690887	2
15	84000001	0.690887	0.690887	2
15	85000001	0.533449	0.523051	2
15	86000001	0.614024	0.523051	2
15	87000001	0.498982	0.523051	2
15	88000001	0.512652	0.523051	2
15	89000001	0.988627	0.89791	3
15	90000001	0.807192	0.89791	3
15	91000001	0.513623	0.676796	2
15	92000001	0.83997	0.676796	2
15	93000001	0.609732	0.628165	2
15	94000001	0.646597	0.628165	2
15	95000001	0.502096	0.502096	2
15	96000001	0.61824	0.502096	2
15	97000001	0.440801	0.502096	2
15	98000001	0.718758	0.734291	2
15	99000001	0.749824	0.734291	2
15	100000001	0.699787	0.734291	2
15	101000001	0.842521	0.734291	2
16	1	1.69213	1.56546	5
16	1000001	1.56546	1.56546	5
16	2000001	1.5679	1.56546	5
16	3000001	1.55612	1.56546	5
16	4000001	1.53463	1.56546	5
16	5000001	1.16347	1.21141	4
16	6000001	1.15638	1.21141	4
16	7000001	1.02326	1.21141	4
16	8000001	1.24742	1.21141	4
16	9000001	0.886937	1.21141	4
16	10000001	1.73317	1.21141	4
16	11000001	1.60475	1.21141	4
16	12000001	1.19837	1.21141	4
16	13000001	0.961921	1.21141	4
16	14000001	1.43795	1.21141	4
16	15000001	1.45863	1.21141	4
16	16000001	1.73671	1.21141	4
16	17000001	1.22445	1.21141	4
16	18000001	1.3687	1.21141	4
16	19000001	1.07627	1.21141	4
16	20000001	1.06571	1.21141	4
16	21000001	1.34551	1.21141	4
16	22000001	0.994599	1.21141	4
16	23000001	1.87954	1.21141	4
16	24000001	1.37298	1.21141	4
16	25000001	1.15678	1.21141	4
16	26000001	1.04393	1.21141	4
16	27000001	1.46478	1.21141	4
16	28000001	1.14144	1.21141	4
16	29000001	1.85123	1.21141	4
16	30000001	1.39612	1.21141	4
16	31000001	1.18339	1.21141	4
16	32000001	0.949687	1.21141	4
16	33000001	1.67256	1.21141	4
16	34000001	1.74441	1.21141	4
16	35000001	1.08854	1.21141	4
16	36000001	1.05721	1.21141	4
16	37000001	1.07689	1.21141	4
16	38000001	1.33433	1.21141	4
16	39000001	-1	-1	4
16	40000001	-1	-1	4
16	41000001	-1	-1	4
16	42000001	-1	-1	4
16	43000001	-1	-1	4
16	44000001	-1	-1	4
16	45000001	-1	-1	4
16	46000001	3.29869	3.29869	10
16	47000001	0.951772	1.07751	3
16	48000001	0.987937	1.07751	3
16	49000001	1.17871	1.07751	3
16	50000001	1.28241	1.07751	3
16	51000001	0.995382	1.07751	3
16	52000001	1.04337	1.07751	3
16	53000001	1.09973	1.07751	3
16	54000001	1.1198	1.07751	3
16	55000001	1.51226	1.07751	3
16	56000001	1.07733	1.07751	3
16	57000001	1.79598	1.07751	3
16	58000001	1.38284	1.07751	3
16	59000001	0.836116	1.07751	3
16	60000001	0.626686	1.07751	3
16	61000001	0.579477	1.07751	3
16	62000001	0.70097	1.07751	3
16	63000001	0.838513	1.07751	3
16	64000001	0.910978	1.07751	3
16	65000001	1.03497	1.07751	3
16	66000001	1.17293	1.07751	3
16	67000001	1.44308	1.07751	3
16	68000001	1.22956	1.07751	3
16	69000001	1.37072	1.07751	3
16	70000001	1.47566	1.07751	3
16	71000001	1.42093	1.07751	3
16	72000001	1.07228	1.07751	3
16	73000001	1.07751	1.07751	3
16	74000001	1.53435	1.07751	3
16	75000001	1.13331	1.07751	3
16	76000001	0.740234	1.07751	3
16	77000001	1.04466	1.07751	3
16	78000001	1.65995	1.62916	5
16	79000001	1.56933	1.62916	5
16	80000001	1.62162	1.62916	5
16	81000001	2.21658	1.62916	5
16	82000001	1.55067	1.62916	5
16	83000001	1.6568	1.62916	5
16	84000001	2.51654	1.62916	5
16	85000001	2.12923	1.62916	5
16	86000001	1.62916	1.62916	5
16	87000001	1.44689	1.62916	5
16	88000001	2.23001	1.62916	5
16	89000001	1.52639	1.62916	5
16	90000001	1.33759	1.62916	5
17	1	0.33049	0.0731901	0
17	1000001	0.0847811	0.0731901	0
17	2000001	0.0731901	0.0731901	0
17	3000001	0.155937	0.0731901	0
17	4000001	0.20019	0.0731901	0
17	5000001	0.0806735	0.0731901	0
17	6000001	0.0694058	0.0731901	0
17	7000001	0.0707304	0.0731901	0
17	8000001	0.0775532	0.0731901	0
17	9000001	0.083985	0.0731901	0
17	10000001	0.0595771	0.0731901	0
17	11000001	0.0830035	0.0731901	0
17	12000001	0.105778	0.0731901	0
17	13000001	0.0487337	0.0731901	0
17	14000001	0.0502146	0.0731901	0
17	15000001	0.0633577	0.0731901	0
17	16000001	0.0695777	0.0731901	0
17	17000001	0.0613127	0.0731901	0
17	18000001	0.0610572	0.0731901	0
17	19000001	0.119534	0.0731901	0
17	20000001	0.0354023	0.0731901	0
17	21000001	0.366248	0.366248	1
17	22000001	1.08236	0.366248	1
17	23000001	0.341892	0.366248	1
17	24000001	0.24095	0.366248	1
17	25000001	0.374676	0.366248	1
17	26000001	1.40742	1.03326	3
17	27000001	0.666762	1.03326	3
17	28000001	1.03326	1.03326	3
17	29000001	0.599433	0.670176	2
17	30000001	0.814698	0.670176	2
17	31000001	0.656391	0.670176	2
17	32000001	0.681851	0.670176	2
17	33000001	0.532812	0.670176	2
17	34000001	0.811955	0.670176	2
17	35000001	0.652844	0.670176	2
17	36000001	0.566455	0.670176	2
17	37000001	0.553837	0.670176	2
17	38000001	0.807316	0.670176	2
17	39000001	0.881622	0.670176	2
17	40000001	0.670176	0.670176	2
17	41000001	1.00949	0.670176	2
17	42000001	0.850704	0.670176	2
17	43000001	0.632874	0.670176	2
17	44000001	0.811018	0.670176	2
17	45000001	0.736359	0.670176	2
17	46000001	0.697748	0.670176	2
17	47000001	0.716974	0.670176	2
17	48000001	0.578857	0.670176	2
17	49000001	0.807787	0.670176	2
17	50000001	0.748207	0.670176	2
17	51000001	0.83013	0.670176	2
17	52000001	0.472489	0.670176	2
17	53000001	0.521263	0.670176	2
17	54000001	0.557176	0.670176	2
17	55000001	0.518367	0.670176	2
17	56000001	0.603154	0.670176	2
17	57000001	0.510327	0.670176	2
17	58000001	0.791453	0.670176	2
17	59000001	0.775183	0.670176	2
17	60000001	0.785494	0.670176	2
17	61000001	0.480103	0.670176	2
17	62000001	1.07894	0.670176	2
17	63000001	0.634989	0.670176	2
17	64000001	0.704998	0.670176	2
17	65000001	0.55003	0.670176	2
17	66000001	0.949718	0.670176	2
17	67000001	0.533328	0.670176	2
17	68000001	0.75074	0.670176	2
17	69000001	0.62251	0.670176	2
17	70000001	0.527269	0.670176	2
17	71000001	0.36588	0.670176	2
17	72000001	0.814413	0.799307	2
17	73000001	0.799307	0.799307	2
17	74000001	0.750541	0.799307	2
17	75000001	0.716082	0.799307	2
17	76000001	0.858328	0.799307	2
17	77000001	1.74306	1.74306	5
17	78000001	1.03733	1.00141	3
17	79000001	1.00141	1.00141	3
17	80000001	0.791193	1.00141	3
17	81000001	2.66896	2.66896	8
17	82000001	0.860808	0.756388	2
17	83000001	0.651967	0.756388	2
18	1	1.78846	1.78846	5
18	1000001	0.0823816	0.0741016	0
18	2000001	0.045337	0.0741016	0
18	3000001	0.0881989	0.0741016	0
18	4000001	0.0844121	0.0741016	0
18	5000001	0.0628676	0.0741016	0
18	6000001	0.0427893	0.0741016	0
18	7000001	0.0291346	0.0741016	0
18	8000001	0.0868347	0.0741016	0
18	9000001	0.0412777	0.0741016	0
18	10000001	0.107456	0.0741016	0
18	11000001	0.0560836	0.0741016	0
18	12000001	0.108365	0.0741016	0
18	13000001	0.148131	0.0741016	0
18	14000001	0.182432	0.0741016	0
18	15000001	0.0987352	0.0741016	0
18	16000001	0.0557064	0.0741016	0
18	17000001	0.0171439	0.0741016	0
18	18000001	0.048148	0.0741016	0
18	19000001	0.0602338	0.0741016	0
18	20000001	0.218531	0.0741016	0
18	21000001	0.0713396	0.0741016	0
18	22000001	0.147742	0.0741016	0
18	23000001	0.0327674	0.0741016	0
18	24000001	0.0768636	0.0741016	0
18	25000001	0.0541458	0.0741016	0
18	26000001	0.0854378	0.0741016	0
18	27000001	0.643138	0.359459	1
18	28000001	0.075779	0.359459	1
18	29000001	0.770148	0.770148	2
18	30000001	0.14439	0.0764986	0
18	31000001	0.0614388	0.0764986	0
18	32000001	0.0970678	0.0764986	0
18	33000001	0.0464691	0.0764986	0
18	34000001	0.123676	0.0764986	0
18	35000001	0.0789508	0.0764986	0
18	36000001	0.0763551	0.0764986	0
18	37000001	0.0766421	0.0764986	0
18	38000001	0.0446202	0.0764986	0
18	39000001	0.280248	0.0764986	0
18	40000001	0.033281	0.0764986	0
18	41000001	0.0834999	0.0764986	0
18	42000001	0.0429302	0.0764986	0
18	43000001	0.0152166	0.0764986	0
18	44000001	0.629012	0.629012	2
18	45000001	0.0727703	0.157883	0
18	46000001	0.242996	0.157883	0
18	47000001	0.0815253	0.068989	0
18	48000001	0.0664174	0.068989	0
18	49000001	0.119646	0.068989	0
18	50000001	0.0586142	0.068989	0
18	51000001	0.0908854	0.068989	0
18	52000001	0.067862	0.068989	0
18	53000001	0.29764	0.068989	0
18	54000001	0.0475108	0.068989	0
18	55000001	0.0595186	0.068989	0
18	56000001	0.0358379	0.068989	0
18	57000001	0.0701159	0.068989	0
18	58000001	0.0839591	0.068989	0
18	59000001	0.0496827	0.068989	0
18	60000001	0.0907922	0.068989	0
18	61000001	0.96134	0.96134	3
18	62000001	0.0473353	0.0689392	0
18	63000001	0.0582244	0.0689392	0
18	64000001	0.172511	0.0689392	0
18	65000001	0.0813189	0.0689392	0
18	66000001	0.0360436	0.0689392	0
18	67000001	0.250708	0.0689392	0
18	68000001	0.0689392	0.0689392	0
18	69000001	0.0086146	0.0689392	0
18	70000001	0.061739	0.0689392	0
18	71000001	0.0729276	0.0689392	0
18	72000001	0.0612527	0.0689392	0
18	73000001	0.103275	0.0689392	0
18	74000001	0.0773404	0.0689392	0
18	75000001	0.0172872	0.0689392	0
18	76000001	0.0991282	0.0689392	0
18	77000001	0.741521	0.741521	2
18	78000001	0.108166	0.108166	0
18	79000001	0.144341	0.108166	0
18	80000001	0.061191	0.108166	0
19	1	0.987176	0.825647	2
19	1000001	0.761136	0.825647	2
19	2000001	0.909575	0.825647	2
19	3000001	0.609948	0.825647	2
19	4000001	0.948976	0.825647	2
19	5000001	0.670571	0.825647	2
19	6000001	0.683223	0.825647	2
19	7000001	1.17469	0.825647	2
19	8000001	0.814815	0.825647	2
19	9000001	0.685243	0.825647	2
19	10000001	0.92223	0.825647	2
19	11000001	0.755089	0.825647	2
19	12000001	0.630897	0.825647	2
19	13000001	0.794299	0.825647	2
19	14000001	0.86861	0.825647	2
19	15000001	0.836479	0.825647	2
19	16000001	1.24785	0.825647	2
19	17000001	0.905531	0.825647	2
19	18000001	0.779804	0.825647	2
19	19000001	0.940755	0.825647	2
19	20000001	0.513982	0.607424	2
19	21000001	0.681516	0.607424	2
19	22000001	0.607424	0.607424	2
19	23000001	0.544037	0.607424	2
19	24000001	0.630285	0.607424	2
19	25000001	1.53214	1.39161	4
19	26000001	1.25109	1.39161	4
19	27000001	0.754999	0.690818	2
19	28000001	0.620545	0.690818	2
19	29000001	0.621132	0.690818	2
19	30000001	0.597011	0.690818	2
19	31000001	0.758607	0.690818	2
19	32000001	0.690818	0.690818	2
19	33000001	0.744968	0.690818	2
19	34000001	0.597309	0.690818	2
19	35000001	0.711529	0.690818	2
19	36000001	1.07575	0.808585	2
19	37000001	0.638168	0.808585	2
19	38000001	0.926559	0.808585	2
19	39000001	0.783929	0.808585	2
19	40000001	0.480113	0.808585	2
19	41000001	1.16839	0.808585	2
19	42000001	0.843515	0.808585	2
19	43000001	0.808585	0.808585	2
19	44000001	0.68432	0.808585	2
19	45000001	0.826571	0.808585	2
19	46000001	0.768122	0.808585	2
19	47000001	0.883755	0.808585	2
19	48000001	0.793657	0.808585	2
19	49000001	0.898874	0.808585	2
19	50000001	0.88417	0.808585	2
19	51000001	0.757099	0.808585	2
19	52000001	0.674119	0.808585	2
19	53000001	0.663691	0.808585	2
19	54000001	0.836258	0.808585	2
19	55000001	0.885277	0.808585	2
19	56000001	0.658229	0.808585	2
19	57000001	0.625891	0.808585	2
19	58000001	0.973255	0.808585	2
2	1	1.34663	1.13607	3
2	1000001	1.19661	1.13607	3
2	2000001	1.29394	1.13607	3
2	3000001	1.17797	1.13607	3
2	4000001	1.41349	1.13607	3
2	5000001	0.793777	1.13607	3
2	6000001	1.22651	1.13607	3
2	7000001	0.873991	1.13607	3
2	8000001	1.22382	1.13607	3
2	9000001	1.67777	1.13607	3
2	10000001	1.65696	1.13607	3
2	11000001	1.19176	1.13607	3
2	12000001	1.03826	1.13607	3
2	13000001	0.900424	1.13607	3
2	14000001	0.96549	1.13607	3
2	15000001	1.13847	1.13607	3
2	16000001	1.19093	1.13607	3
2	17000001	0.971382	1.13607	3
2	18000001	1.02466	1.13607	3
2	19000001	1.34233	1.13607	3
2	20000001	1.52975	1.13607	3
2	21000001	0.893676	1.13607	3
2	22000001	0.920864	1.13607	3
2	23000001	1.10393	1.13607	3
2	24000001	1.44998	1.13607	3
2	25000001	1.04297	1.13607	3
2	26000001	1.29525	1.13607	3
2	27000001	1.40618	1.13607	3
2	28000001	1.24079	1.13607	3
2	29000001	1.03226	1.13607	3
2	30000001	1.20776	1.13607	3
2	31000001	1.22812	1.13607	3
2	32000001	1.13607	1.13607	3
2	33000001	1.12315	1.13607	3
2	34000001	0.61692	1.13607	3
2	35000001	0.799646	1.13607	3
2	36000001	1.18347	1.13607	3
2	37000001	0.953374	1.13607	3
2	38000001	1.12583	1.13607	3
2	39000001	0.94334	1.13607	3
2	40000001	0.859904	1.13607	3
2	41000001	1.12345	1.13607	3
2	42000001	1.06229	1.13607	3
2	43000001	1.19844	1.13607	3
2	44000001	1.06106	1.13607	3
2	45000001	1.18134	1.13607	3
2	46000001	1.09157	1.13607	3
2	47000001	1.51137	1.13607	3
2	48000001	1.05314	1.13607	3
2	49000001	0.869339	1.13607	3
2	50000001	0.811899	1.13607	3
2	51000001	0.891813	1.13607	3
2	52000001	0.868166	1.13607	3
2	53000001	0.786318	1.13607	3
2	54000001	1.01445	1.13607	3
2	55000001	1.25976	1.13607	3
2	56000001	0.831349	1.13607	3
2	57000001	1.54062	1.13607	3
2	58000001	1.05548	1.13607	3
2	59000001	0.924334	1.13607	3
2	60000001	1.29876	1.13607	3
2	61000001	1.19983	1.13607	3
2	62000001	1.2778	1.13607	3
2	63000001	0.783102	1.13607	3
2	64000001	1.4193	1.13607	3
2	65000001	1.4386	1.13607	3
2	66000001	0.796366	1.13607	3
2	67000001	0.715728	1.13607	3
2	68000001	1.51808	1.13607	3
2	69000001	1.2556	1.13607	3
2	70000001	1.27019	1.13607	3
2	71000001	1.53922	1.13607	3
2	72000001	1.1471	1.13607	3
2	73000001	1.23449	1.13607	3
2	74000001	1.38993	1.13607	3
2	75000001	1.00001	1.13607	3
2	76000001	1.01001	1.13607	3
2	77000001	0.654326	0.758178	2
2	78000001	0.808954	0.758178	2
2	79000001	0.940374	0.758178	2
2	80000001	0.86875	0.758178	2
2	81000001	0.707402	0.758178	2
2	82000001	0.59763	0.758178	2
2	83000001	2.05715	1.34669	4
2	84000001	0.963743	1.34669	4
2	85000001	1.37078	1.34669	4
2	86000001	1.51086	1.34669	4
2	87000001	1.32533	1.34669	4
2	88000001	1.12444	1.34669	4
2	89000001	0.803635	1.34669	4
2	90000001	1.86411	1.34669	4
2	91000001	1.25866	1.34669	4
2	92000001	1.43644	1.34669	4
2	93000001	1.65557	1.34669	4
2	94000001	1.04366	1.34669	4
2	95000001	1.34669	1.34669	4
2	96000001	1.59206	1.34669	4
2	97000001	1.26233	1.34669	4
2	98000001	1.22463	1.34669	4
2	99000001	1.49336	1.34669	4
2	100000001	1.21461	1.16678	4
2	101000001	1.22586	1.16678	4
2	102000001	1.19211	1.16678	4
2	103000001	0.972762	1.16678	4
2	104000001	0.907352	1.16678	4
2	105000001	1.30759	1.16678	4
2	106000001	1.04586	1.16678	4
2	107000001	0.912586	1.16678	4
2	108000001	1.22249	1.16678	4
2	109000001	1.22905	1.16678	4
2	110000001	1.2236	1.16678	4
2	111000001	1.16678	1.16678	4
2	112000001	1.45135	1.16678	4
2	113000001	1.14695	1.16678	4
2	114000001	0.901424	1.16678	4
2	115000001	0.951386	1.16678	4
2	116000001	0.783447	1.16678	4
2	117000001	0.814562	1.16678	4
2	118000001	1.29121	1.16678	4
2	119000001	1.5175	1.16678	4
2	120000001	1.45929	1.16678	4
2	121000001	1.15847	1.16678	4
2	122000001	1.20955	1.16678	4
2	123000001	0.846206	1.16678	4
2	124000001	1.76864	1.16678	4
2	125000001	0.768959	1.16678	4
2	126000001	1.11206	1.16678	4
2	127000001	1.18972	1.16678	4
2	128000001	1.36569	1.16678	4
2	129000001	1.16273	1.16678	4
2	130000001	1.22749	1.16678	4
2	131000001	1.19679	1.16678	4
2	132000001	0.940295	1.16678	4
2	133000001	1.13108	1.16678	4
2	134000001	1.36098	1.16678	4
2	135000001	1.00864	1.16678	4
2	136000001	1.16337	1.16678	4
2	137000001	0.872441	0.93243	3
2	138000001	1.0115	0.93243	3
2	139000001	0.902161	0.93243	3
2	140000001	0.741872	0.93243	3
2	141000001	0.926377	0.93243	3
2	142000001	0.783025	0.93243	3
2	143000001	1.08443	0.93243	3
2	144000001	0.927557	0.93243	3
2	145000001	0.937303	0.93243	3
2	146000001	0.841571	0.93243	3
2	147000001	1.28792	0.93243	3
2	148000001	1.13043	0.93243	3
2	149000001	1.32425	0.93243	3
2	150000001	1.60519	0.93243	3
2	151000001	1.14504	0.93243	3
2	152000001	1.13123	0.93243	3
2	153000001	0.91375	0.93243	3
2	154000001	0.800865	0.93243	3
2	155000001	0.843177	0.93243	3
2	156000001	0.746162	0.93243	3
2	157000001	1.06392	0.93243	3
2	158000001	1.14061	0.93243	3
2	159000001	1.29791	0.93243	3
2	160000001	0.977879	0.93243	3
2	161000001	1.0225	0.93243	3
2	162000001	0.696173	0.93243	3
2	163000001	0.710329	0.93243	3
2	164000001	0.639	0.93243	3
2	165000001	0.846411	0.93243	3
2	166000001	1.39066	0.93243	3
2	167000001	0.892583	0.93243	3
2	168000001	1.15979	0.93243	3
2	169000001	2.14457	2.14457	6
2	170000001	1.06975	1.0148	3
2	171000001	1.01598	1.0148	3
2	172000001	1.13155	1.0148	3
2	173000001	1.36723	1.0148	3
2	174000001	1.31336	1.0148	3
2	175000001	0.952028	1.0148	3
2	176000001	1.01165	1.0148	3
2	177000001	0.957686	1.0148	3
2	178000001	1.02345	1.0148	3
2	179000001	0.937507	1.0148	3
2	180000001	0.708443	1.0148	3
2	181000001	1.06325	1.0148	3
2	182000001	0.961455	1.0148	3
2	183000001	1.09681	1.0148	3
2	184000001	0.826816	1.0148	3
2	185000001	1.01363	1.0148	3
2	186000001	1.05061	1.0148	3
2	187000001	0.834641	1.0148	3
2	188000001	0.766572	1.0148	3
2	189000001	1.02097	1.0148	3
2	190000001	1.31923	1.0148	3
2	191000001	1.24252	1.0148	3
2	192000001	0.908454	1.0148	3
2	193000001	0.786293	1.0148	3
2	194000001	2.35729	2.35729	7
2	195000001	0.652028	1.13425	3
2	196000001	1.00938	1.13425	3
2	197000001	1.22584	1.13425	3
2	198000001	1.276	1.13425	3
2	199000001	1.13642	1.13425	3
2	200000001	0.975218	1.13425	3
2	201000001	1.21315	1.13425	3
2	202000001	1.16569	1.13425	3
2	203000001	0.862076	1.13425	3
2	204000001	1.23894	1.13425	3
2	205000001	1.17754	1.13425	3
2	206000001	1.04085	1.13425	3
2	207000001	1.19569	1.13425	3
2	208000001	1.07504	1.13425	3
2	209000001	0.90975	1.13425	3
2	210000001	1.04857	1.13425	3
2	211000001	0.981357	1.13425	3
2	212000001	0.963105	1.13425	3
2	213000001	0.777803	1.13425	3
2	214000001	0.738512	1.13425	3
2	215000001	1.13754	1.13425	3
2	216000001	1.19086	1.13425	3
2	217000001	1.34953	1.13425	3
2	218000001	1.65812	1.13425	3
2	219000001	1.35288	1.13425	3
2	220000001	0.801086	1.13425	3
2	221000001	1.04412	1.13425	3
2	222000001	1.02738	1.13425	3
2	223000001	0.981899	1.13425	3
2	224000001	1.13209	1.13425	3
2	225000001	1.66207	1.13425	3
2	226000001	1.01252	1.13425	3
2	227000001	1.21936	1.13425	3
2	228000001	1.0081	1.13425	3
2	229000001	1.06793	1.13425	3
2	230000001	1.34485	1.13425	3
2	231000001	1.26587	1.13425	3
2	232000001	1.16038	1.13425	3
2	233000001	1.21107	1.13425	3
2	234000001	1.17506	1.13425	3
2	235000001	1.61209	1.47144	4
2	236000001	1.26467	1.47144	4
2	237000001	1.32533	1.47144	4
2	238000001	1.98715	1.47144	4
2	239000001	1.25904	1.47144	4
2	240000001	1.34218	1.47144	4
2	241000001	1.60071	1.47144	4
2	242000001	2.32686	1.47144	4
20	1	2.17811	1.39052	4
20	1000001	1.35898	1.39052	4
20	2000001	1.30072	1.39052	4
20	3000001	1.42207	1.39052	4
20	4000001	1.21916	0.971575	3
20	5000001	1.13376	0.971575	3
20	6000001	0.887572	0.971575	3
20	7000001	0.660056	0.971575	3
20	8000001	0.883317	0.971575	3
20	9000001	1.00157	0.971575	3
20	10000001	1.09476	0.971575	3
20	11000001	0.82921	0.971575	3
20	12000001	1.06434	0.971575	3
20	13000001	0.941581	0.971575	3
20	14000001	0.752522	0.971575	3
20	15000001	0.752542	0.971575	3
20	16000001	1.07205	0.971575	3
20	17000001	1.08333	0.971575	3
20	18000001	1.54457	1.07059	3
20	19000001	1.07059	1.07059	3
20	20000001	1.0007	1.07059	3
20	21000001	1.17173	1.07059	3
20	22000001	1.01765	1.07059	3
20	23000001	1.01721	1.07059	3
20	24000001	1.19465	1.07059	3
20	25000001	1.29996	1.47403	4
20	26000001	1.76318	1.47403	4
20	27000001	1.79452	1.47403	4
20	28000001	1.2449	1.47403	4
20	29000001	0.897409	1.47403	4
20	30000001	1.47403	1.47403	4
20	31000001	1.49726	1.47403	4
20	32000001	1.77462	1.96936	6
20	33000001	2.45141	1.96936	6
20	34000001	1.67557	1.96936	6
20	35000001	1.63135	1.96936	6
20	36000001	2.20956	1.96936	6
20	37000001	2.46271	1.96936	6
20	38000001	2.2766	1.96936	6
20	39000001	1.55736	1.96936	6
20	40000001	1.70569	1.96936	6
20	41000001	1.49695	1.96936	6
20	42000001	1.52911	1.96936	6
20	43000001	2.01825	1.96936	6
20	44000001	2.24984	1.96936	6
20	45000001	1.84895	1.96936	6
20	46000001	1.88229	1.96936	6
20	47000001	2.25679	1.96936	6
20	48000001	2.01744	1.96936	6
20	49000001	2.38899	1.96936	6
20	50000001	2.55416	1.96936	6
20	51000001	1.98269	1.96936	6
20	52000001	1.43113	1.96936	6
20	53000001	1.88848	1.96936	6
20	54000001	1.28406	1.96936	6
20	55000001	1.31446	1.96936	6
20	56000001	2.02012	1.96936	6
20	57000001	2.19566	1.96936	6
20	58000001	1.81948	1.96936	6
20	59000001	1.96936	1.96936	6
20	60000001	1.4095	1.96936	6
20	61000001	2.31378	1.96936	6
20	62000001	2.31908	1.96936	6
20	63000001	2.41349	1.96936	6
20	64000001	1.86463	1.96936	6
21	1	-1	-1	4
21	1000001	-1	-1	4
21	2000001	-1	-1	4
21	3000001	-1	-1	4
21	4000001	-1	-1	4
21	5000001	1.81307	1.4854	4
21	6000001	2.50928	1.4854	4
21	7000001	1.72019	1.4854	4
21	8000001	2.10623	1.4854	4
21	9000001	1.26987	1.4854	4
21	10000001	1.54259	1.4854	4
21	11000001	0.572553	1.4854	4
21	12000001	0.873248	1.4854	4
21	13000001	1.4854	1.4854	4
21	14000001	1.97291	1.4854	4
21	15000001	1.15983	1.4854	4
21	16000001	1.64562	1.4854	4
21	17000001	1.2484	1.4854	4
21	18000001	1.14333	1.4854	4
21	19000001	1.12148	1.4854	4
21	20000001	1.14638	1.4854	4
21	21000001	0.766515	1.4854	4
21	22000001	1.29744	1.4854	4
21	23000001	1.13604	1.4854	4
21	24000001	1.43915	1.4854	4
21	25000001	1.68453	1.4854	4
21	26000001	2.21209	1.4854	4
21	27000001	1.28291	1.4854	4
21	28000001	1.63875	1.4854	4
21	29000001	1.77363	1.4854	4
21	30000001	1.6313	1.4854	4
21	31000001	1.79807	1.4854	4
21	32000001	2.59471	2.40858	7
21	33000001	2.49569	2.40858	7
21	34000001	2.73875	2.40858	7
21	35000001	2.36929	2.40858	7
21	36000001	2.44022	2.40858	7
21	37000001	2.37694	2.40858	7
21	38000001	2.0611	2.40858	7
21	39000001	2.15008	2.40858	7
21	40000001	2.09374	2.40858	7
21	41000001	2.53347	2.40858	7
21	42000001	3.11919	2.82997	8
21	43000001	2.82997	2.82997	8
21	44000001	2.50892	2.82997	8
21	45000001	2.94545	2.82997	8
21	46000001	2.59205	2.82997	8
22	1	-1	-1	3
22	1000001	-1	-1	3
22	2000001	-1	-1	3
22	3000001	-1	-1	3
22	4000001	-1	-1	3
22	5000001	-1	-1	3
22	6000001	-1	-1	3
22	7000001	-1	-1	3
22	8000001	-1	-1	3
22	9000001	-1	-1	3
22	10000001	0.990377	0.997354	3
22	11000001	0.997354	0.997354	3
22	12000001	1.22937	0.997354	3
22	13000001	0.621034	0.843472	3
22	14000001	0.769988	0.843472	3
22	15000001	1.02833	0.843472	3
22	16000001	0.907819	0.843472	3
22	17000001	0.679544	0.843472	3
22	18000001	1.01834	0.843472	3
22	19000001	0.843472	0.843472	3
22	20000001	0.695308	0.844442	3
22	21000001	0.838813	0.844442	3
22	22000001	0.661078	0.844442	3
22	23000001	0.863039	0.844442	3
22	24000001	0.886822	0.844442	3
22	25000001	0.85007	0.844442	3
22	26000001	0.570215	0.640473	2
22	27000001	0.640473	0.640473	2
22	28000001	0.582333	0.640473	2
22	29000001	0.735318	0.640473	2
22	30000001	0.887552	0.640473	2
22	31000001	0.780883	0.640473	2
22	32000001	0.532635	0.640473	2
22	33000001	0.803555	0.640473	2
22	34000001	0.452369	0.640473	2
22	35000001	0.919019	0.810599	2
22	36000001	0.74434	0.810599	2
22	37000001	0.745299	0.810599	2
22	38000001	0.902986	0.810599	2
22	39000001	0.980613	0.810599	2
22	40000001	0.73305	0.810599	2
22	41000001	0.842355	0.810599	2
22	42000001	0.807535	0.810599	2
22	43000001	0.645696	0.810599	2
22	44000001	0.944955	0.810599	2
22	45000001	0.810599	0.810599	2
22	46000001	0.662194	0.662194	2
22	47000001	0.71185	0.662194	2
22	48000001	0.527082	0.662194	2
22	49000001	0.622912	0.662194	2
22	50000001	0.988163	0.662194	2
3	1	0.958612	1.12724	3
3	1000001	1.14294	1.12724	3
3	2000001	0.932164	1.12724	3
3	3000001	0.866017	1.12724	3
3	4000001	1.33536	1.12724	3
3	5000001	1.23411	1.12724	3
3	6000001	1.45636	1.12724	3
3	7000001	0.815668	1.12724	3
3	8000001	1.36162	1.12724	3
3	9000001	1.11155	1.12724	3
3	10000001	1.46303	1.43198	4
3	11000001	1.49455	1.43198	4
3	12000001	1.37011	1.43198	4
3	13000001	1.54392	1.43198	4
3	14000001	1.56215	1.43198	4
3	15000001	1.40093	1.43198	4
3	16000001	1.18887	1.43198	4
3	17000001	1.38624	1.43198	4
3	18000001	0.92168	0.966333	3
3	19000001	1.12201	0.966333	3
3	20000001	1.11408	0.966333	3
3	21000001	0.810586	0.966333	3
3	22000001	1.05115	0.966333	3
3	23000001	1.06313	0.966333	3
3	24000001	1.09235	0.966333	3
3	25000001	1.02615	0.966333	3
3	26000001	0.966333	0.966333	3
3	27000001	0.838829	0.966333	3
3	28000001	0.887996	0.966333	3
3	29000001	0.950259	0.966333	3
3	30000001	0.910076	0.966333	3
3	31000001	1.194	1.17324	4
3	32000001	1.07569	1.17324	4
3	33000001	1.23708	1.17324	4
3	34000001	1.15248	1.17324	4
3	35000001	0.945177	1.17324	4
3	36000001	1.13945	1.17324	4
3	37000001	1.40983	1.17324	4
3	38000001	1.24228	1.17324	4
3	39000001	1.24944	1.17324	4
3	40000001	1.10427	1.17324	4
3	41000001	0.847497	1.17324	4
3	42000001	1.34706	1.17324	4
3	43000001	1.33185	1.17324	4
3	44000001	1.0548	1.17324	4
3	45000001	1.35015	1.46003	4
3	46000001	1.49673	1.46003	4
3	47000001	1.46616	1.46003	4
3	48000001	1.46003	1.46003	4
3	49000001	1.46737	1.46003	4
3	50000001	1.22203	1.46003	4
3	51000001	0.992846	1.46003	4
3	52000001	1.76833	1.46003	4
3	53000001	1.30088	1.46003	4
3	54000001	1.17366	1.07434	3
3	55000001	1.13677	1.07434	3
3	56000001	1.23476	1.07434	3
3	57000001	1.13694	1.07434	3
3	58000001	1.41057	1.07434	3
3	59000001	0.891538	1.07434	3
3	60000001	1.15673	1.07434	3
3	61000001	1.21309	1.07434	3
3	62000001	0.892268	1.07434	3
3	63000001	1.05014	1.07434	3
3	64000001	1.06092	1.07434	3
3	65000001	1.07545	1.07434	3
3	66000001	1.07322	1.07434	3
3	67000001	1.02517	1.07434	3
3	68000001	1.07079	1.07434	3
3	69000001	1.09075	1.07434	3
3	70000001	0.829212	1.07434	3
3	71000001	0.847337	1.07434	3
3	72000001	1.75317	1.07434	3
3	73000001	0.948777	1.07434	3
3	74000001	0.899831	1.07434	3
3	75000001	1.41876	1.07434	3
3	76000001	0.705735	0.782891	2
3	77000001	0.895026	0.782891	2
3	78000001	0.816664	0.782891	2
3	79000001	0.686023	0.782891	2
3	80000001	0.857427	0.782891	2
3	81000001	0.648268	0.782891	2
3	82000001	0.804606	0.782891	2
3	83000001	0.900677	0.782891	2
3	84000001	0.749906	0.782891	2
3	85000001	0.918955	0.782891	2
3	86000001	0.761176	0.782891	2
3	87000001	0.685952	0.782891	2
3	88000001	1.17444	1.03292	3
3	89000001	0.967898	1.03292	3
3	90000001	1.10284	1.03292	3
3	91000001	1.03797	1.03292	3
3	92000001	0.933308	1.03292	3
3	93000001	1.02573	1.03292	3
3	94000001	1.09568	1.03292	3
3	95000001	0.720203	1.03292	3
3	96000001	1.07442	1.03292	3
3	97000001	1.31606	1.03292	3
3	98000001	0.919818	1.03292	3
3	99000001	1.15071	1.03292	3
3	100000001	0.945451	1.03292	3
3	101000001	1.52525	1.03292	3
3	102000001	0.875226	1.03292	3
3	103000001	0.983325	1.03292	3
3	104000001	0.819817	1.03292	3
3	105000001	0.992982	1.03292	3
3	106000001	0.939759	1.03292	3
3	107000001	1.11159	1.03292	3
3	108000001	1.2242	1.03292	3
3	109000001	0.997375	1.03292	3
3	110000001	0.702044	1.03292	3
3	111000001	1.11937	1.03292	3
3	112000001	1.07569	1.03292	3
3	113000001	1.02433	1.03292	3
3	114000001	0.904746	1.03292	3
3	115000001	1.10065	1.03292	3
3	116000001	0.856064	1.03292	3
3	117000001	0.977722	1.03292	3
3	118000001	0.963863	1.03292	3
3	119000001	1.22634	1.03292	3
3	120000001	1.08981	1.03292	3
3	121000001	1.04003	1.03292	3
3	122000001	1.12955	1.03292	3
3	123000001	1.27418	1.03292	3
3	124000001	1.02787	1.03292	3
3	125000001	1.15177	1.03292	3
3	126000001	1.45297	1.56886	5
3	127000001	1.58958	1.56886	5
3	128000001	1.54815	1.56886	5
3	129000001	1.67019	1.56886	5
3	130000001	1.27748	1.23712	4
3	131000001	1.15874	1.23712	4
3	132000001	1.22572	1.23712	4
3	133000001	1.25224	1.23712	4
3	134000001	1.20493	1.23712	4
3	135000001	1.02901	1.23712	4
3	136000001	1.16425	1.23712	4
3	137000001	1.13808	1.23712	4
3	138000001	1.50709	1.23712	4
3	139000001	1.24852	1.23712	4
3	140000001	0.999712	1.23712	4
3	141000001	1.29617	1.23712	4
3	142000001	1.40459	1.23712	4
3	143000001	1.79749	1.23712	4
3	144000001	0.767652	0.871811	3
3	145000001	0.697339	0.871811	3
3	146000001	0.845345	0.871811	3
3	147000001	0.847032	0.871811	3
3	148000001	0.884465	0.871811	3
3	149000001	0.9678	0.871811	3
3	150000001	1.0605	0.871811	3
3	151000001	0.947068	0.871811	3
3	152000001	0.897242	0.871811	3
3	153000001	0.961817	0.871811	3
3	154000001	0.859157	0.871811	3
3	155000001	0.752786	0.871811	3
3	156000001	1.41013	1.41013	4
3	157000001	1.45389	1.41013	4
3	158000001	1.05653	1.41013	4
3	159000001	0.964788	0.882214	3
3	160000001	1.11449	0.882214	3
3	161000001	0.642702	0.882214	3
3	162000001	0.852974	0.882214	3
3	163000001	0.716735	0.882214	3
3	164000001	0.824696	0.882214	3
3	165000001	0.926872	0.882214	3
3	166000001	0.836603	0.882214	3
3	167000001	0.984765	0.882214	3
3	168000001	0.782771	0.882214	3
3	169000001	1.13947	0.882214	3
3	170000001	1.23393	0.882214	3
3	171000001	1.04281	0.882214	3
3	172000001	0.917285	0.882214	3
3	173000001	0.687606	0.882214	3
3	174000001	0.87473	0.882214	3
3	175000001	0.652106	0.882214	3
3	176000001	0.866128	0.882214	3
3	177000001	0.932771	0.882214	3
3	178000001	0.618732	0.882214	3
3	179000001	1.14235	0.882214	3
3	180000001	0.889697	0.882214	3
3	181000001	1.39306	1.39306	4
3	182000001	0.875599	1.39306	4
3	183000001	1.41563	1.39306	4
3	184000001	1.58438	1.39306	4
3	185000001	1.12479	1.39306	4
3	186000001	1.60459	1.39306	4
3	187000001	1.24086	1.39306	4
3	188000001	1.09431	0.965687	3
3	189000001	0.782235	0.965687	3
3	190000001	0.965829	0.965687	3
3	191000001	0.965544	0.965687	3
3	192000001	0.792988	0.965687	3
3	193000001	1.02867	0.965687	3
3	194000001	1.35389	1.6063	5
3	195000001	1.6063	1.6063	5
3	196000001	1.76704	1.6063	5
3	197000001	1.55936	1.6063	5
3	198000001	1.90709	1.6063	5
4	1	1.88422	2.02243	6
4	1000001	1.93299	2.02243	6
4	2000001	2.23926	2.02243	6
4	3000001	2.02243	2.02243	6
4	4000001	2.43075	2.02243	6
4	5000001	1.64662	2.02243	6
4	6000001	2.00779	2.02243	6
4	7000001	2.19278	2.02243	6
4	8000001	2.41551	2.02243	6
4	9000001	2.0969	2.02243	6
4	10000001	1.96624	2.02243	6
4	11000001	1.39677	1.45971	4
4	12000001	1.45318	1.45971	4
4	13000001	1.46244	1.45971	4
4	14000001	1.4895	1.45971	4
4	15000001	1.54942	1.45971	4
4	16000001	1.78639	1.45971	4
4	17000001	1.46903	1.45971	4
4	18000001	1.40055	1.45971	4
4	19000001	1.44715	1.45971	4
4	20000001	1.45061	1.45971	4
4	21000001	1.18422	1.45971	4
4	22000001	1.373	1.45971	4
4	23000001	1.50371	1.45971	4
4	24000001	1.57927	1.45971	4
4	25000001	1.68562	1.45971	4
4	26000001	1.71644	1.45971	4
4	27000001	1.45699	1.45971	4
4	28000001	1.38887	1.45971	4
4	29000001	1.1755	1.18824	4
4	30000001	1.01319	1.18824	4
4	31000001	1.19158	1.18824	4
4	32000001	1.26796	1.18824	4
4	33000001	1.35034	1.18824	4
4	34000001	1.18489	1.18824	4
4	35000001	1.37546	1.18824	4
4	36000001	0.935325	1.18824	4
4	37000001	1.51736	1.71851	5
4	38000001	1.91967	1.71851	5
4	39000001	3.34008	3.34008	10
4	40000001	1.86632	1.50921	5
4	41000001	1.50259	1.50921	5
4	42000001	1.25622	1.50921	5
4	43000001	2.08816	1.50921	5
4	44000001	1.28898	1.50921	5
4	45000001	1.39458	1.50921	5
4	46000001	1.41225	1.50921	5
4	47000001	1.65908	1.50921	5
4	48000001	1.4566	1.50921	5
4	49000001	0.940518	1.50921	5
4	50000001	1.29585	1.50921	5
4	51000001	1.71055	1.50921	5
4	52000001	1.59045	1.50921	5
4	53000001	1.3628	1.50921	5
4	54000001	1.62291	1.50921	5
4	55000001	1.55327	1.50921	5
4	56000001	1.93803	1.50921	5
4	57000001	1.51584	1.50921	5
4	58000001	1.02013	1.16129	3
4	59000001	0.893706	1.16129	3
4	60000001	1.5466	1.16129	3
4	61000001	1.24324	1.16129	3
4	62000001	1.03145	1.16129	3
4	63000001	1.32596	1.16129	3
4	64000001	1.16129	1.16129	3
4	65000001	1.39901	1.39901	4
4	66000001	1.48929	1.39901	4
4	67000001	1.37751	1.39901	4
4	68000001	1.47012	1.39901	4
4	69000001	1.36455	1.39901	4
4	70000001	2.35766	2.35766	7
4	71000001	1.3522	1.38619	4
4	72000001	1.23766	1.38619	4
4	73000001	1.39353	1.38619	4
4	74000001	1.56613	1.38619	4
4	75000001	1.43007	1.38619	4
4	76000001	1.48319	1.38619	4
4	77000001	1.61333	1.38619	4
4	78000001	1.71153	1.38619	4
4	79000001	1.34462	1.38619	4
4	80000001	1.47168	1.38619	4
4	81000001	1.59136	1.38619	4
4	82000001	1.73173	1.38619	4
4	83000001	1.26803	1.38619	4
4	84000001	1.32193	1.38619	4
4	85000001	1.27542	1.38619	4
4	86000001	1.44079	1.38619	4
4	87000001	1.71945	1.38619	4
4	88000001	1.50721	1.38619	4
4	89000001	1.24615	1.38619	4
4	90000001	1.42371	1.38619	4
4	91000001	1.40445	1.38619	4
4	92000001	1.11491	1.38619	4
4	93000001	1.16825	1.38619	4
4	94000001	1.13167	1.38619	4
4	95000001	1.27677	1.38619	4
4	96000001	0.969933	1.38619	4
4	97000001	1.1143	1.38619	4
4	98000001	1.50313	1.38619	4
4	99000001	1.40907	1.38619	4
4	100000001	1.70749	1.38619	4
4	101000001	1.19491	1.38619	4
4	102000001	1.34765	1.38619	4
4	103000001	1.32798	1.38619	4
4	104000001	1.61235	1.38619	4
4	105000001	1.37127	1.38619	4
4	106000001	1.41305	1.38619	4
4	107000001	1.65187	1.38619	4
4	108000001	1.70961	1.38619	4
4	109000001	1.74122	1.38619	4
4	110000001	1.72899	1.38619	4
4	111000001	1.38619	1.38619	4
4	112000001	1.49068	1.38619	4
4	113000001	1.35149	1.38619	4
4	114000001	1.31724	1.38619	4
4	115000001	1.34162	1.38619	4
4	116000001	1.79622	1.38619	4
4	117000001	1.08983	1.38619	4
4	118000001	1.29887	1.38619	4
4	119000001	1.3342	1.38619	4
4	120000001	1.22782	1.38619	4
4	121000001	1.32896	1.38619	4
4	122000001	1.3787	1.38619	4
4	123000001	1.29505	1.38619	4
4	124000001	1.26001	1.38619	4
4	125000001	1.08297	1.38619	4
4	126000001	1.3105	1.38619	4
4	127000001	1.31552	1.38619	4
4	128000001	1.88716	1.38619	4
4	129000001	1.41142	1.38619	4
4	130000001	1.01774	1.38619	4
4	131000001	1.66413	1.38619	4
4	132000001	1.24171	1.38619	4
4	133000001	1.32651	1.38619	4
4	134000001	1.32382	1.38619	4
4	135000001	1.34716	1.38619	4
4	136000001	1.16603	1.38619	4
4	137000001	1.5742	1.38619	4
4	138000001	1.28632	1.38619	4
4	139000001	1.6035	1.38619	4
4	140000001	1.45195	1.38619	4
4	141000001	1.23043	1.38619	4
4	142000001	1.5555	1.38619	4
4	143000001	1.71396	1.38619	4
4	144000001	1.73518	1.38619	4
4	145000001	1.6439	1.38619	4
4	146000001	1.3677	1.38619	4
4	147000001	1.51219	1.38619	4
4	148000001	1.48877	1.38619	4
4	149000001	1.23672	1.38619	4
4	150000001	1.1491	1.38619	4
4	151000001	1.45531	1.38619	4
4	152000001	1.78972	1.38619	4
4	153000001	1.65289	1.38619	4
4	154000001	1.45645	1.38619	4
4	155000001	1.50923	1.38619	4
4	156000001	1.34697	1.38619	4
4	157000001	1.49263	1.38619	4
4	158000001	1.56639	1.38619	4
4	159000001	1.13172	1.38619	4
4	160000001	0.649969	0.649969	2
4	161000001	0.478776	0.649969	2
4	162000001	0.798493	0.649969	2
4	163000001	1.41302	1.40247	4
4	164000001	1.442	1.40247	4
4	165000001	1.42241	1.40247	4
4	166000001	0.998877	1.40247	4
4	167000001	1.20965	1.40247	4
4	168000001	1.10124	1.40247	4
4	169000001	1.44038	1.40247	4
4	170000001	1.39192	1.40247	4
4	171000001	1.2766	1.40247	4
4	172000001	1.65402	1.40247	4
4	173000001	1.52087	1.40247	4
4	174000001	1.12517	1.40247	4
4	175000001	1.11021	1.40247	4
4	176000001	1.49748	1.40247	4
4	177000001	1.81567	1.40247	4
4	178000001	1.34009	1.40247	4
4	179000001	1.19313	1.40247	4
4	180000001	1.2889	1.40247	4
4	181000001	1.48588	1.40247	4
4	182000001	1.44659	1.40247	4
4	183000001	1.92861	1.82151	5
4	184000001	1.83233	1.82151	5
4	185000001	1.81441	1.82151	5
4	186000001	1.8286	1.82151	5
4	187000001	1.38792	1.82151	5
4	188000001	1.59267	1.82151	5
4	189000001	1.49879	1.82151	5
4	190000001	3.12999	1.82151	5
5	1	0.450293	0.409002	1
5	1000001	0.367711	0.409002	1
5	2000001	0.111235	0.111235	0
5	3000001	0.248052	0.111235	0
5	4000001	0.159129	0.111235	0
5	5000001	0.104013	0.111235	0
5	6000001	0.112354	0.111235	0
5	7000001	0.228916	0.111235	0
5	8000001	0.100738	0.111235	0
5	9000001	0.0743542	0.111235	0
5	10000001	0.111882	0.111235	0
5	11000001	0.142401	0.111235	0
5	12000001	0.129894	0.111235	0
5	13000001	0.0594658	0.111235	0
5	14000001	0.0987062	0.111235	0
5	15000001	0.0685185	0.111235	0
5	16000001	0.045609	0.111235	0
5	17000001	0.0556369	0.111235	0
5	18000001	0.129545	0.111235	0
5	19000001	0.1709	0.111235	0
5	20000001	0.0800168	0.111235	0
5	21000001	0.448347	0.111235	0
5	22000001	0.0670242	0.111235	0
5	23000001	0.104819	0.111235	0
5	24000001	0.0679972	0.111235	0
5	25000001	0.140467	0.111235	0
5	26000001	0.139803	0.111235	0
5	27000001	0.0905154	0.111235	0
5	28000001	0.168539	0.111235	0
5	29000001	0.152559	0.111235	0
5	30000001	0.0513803	0.111235	0
5	31000001	0.088413	0.111235	0
5	32000001	0.113877	0.111235	0
5	33000001	0.611741	0.611741	2
5	34000001	0.056984	0.0783471	0
5	35000001	0.024261	0.0783471	0
5	36000001	0.0552183	0.0783471	0
5	37000001	0.111163	0.0783471	0
5	38000001	0.0783471	0.0783471	0
5	39000001	0.0639214	0.0783471	0
5	40000001	0.0571401	0.0783471	0
5	41000001	0.0818132	0.0783471	0
5	42000001	0.215808	0.0783471	0
5	43000001	0.246623	0.0783471	0
5	44000001	0.0452101	0.0783471	0
5	45000001	0.183172	0.0783471	0
5	46000001	0.176944	0.0783471	0
5	47000001	1.24929	1.24929	4
5	48000001	1.47119	1.24929	4
5	49000001	1.07611	1.24929	4
5	50000001	0.316957	0.0794372	0
5	51000001	0.112322	0.0794372	0
5	52000001	0.0297218	0.0794372	0
5	53000001	0.0645566	0.0794372	0
5	54000001	0.186614	0.0794372	0
5	55000001	0.0682861	0.0794372	0
5	56000001	0.0923085	0.0794372	0
5	57000001	0.0537581	0.0794372	0
5	58000001	0.206098	0.0794372	0
5	59000001	0.104362	0.0794372	0
5	60000001	0.573872	0.0794372	0
5	61000001	0.226403	0.0794372	0
5	62000001	0.0688274	0.0794372	0
5	63000001	0.0759317	0.0794372	0
5	64000001	0.0802327	0.0794372	0
5	65000001	0.0901831	0.0794372	0
5	66000001	0.0670165	0.0794372	0
5	67000001	0.139533	0.0794372	0
5	68000001	0.0878763	0.0794372	0
5	69000001	0.141674	0.0794372	0
5	70000001	0.0615712	0.0794372	0
5	71000001	0.0786417	0.0794372	0
5	72000001	0.0655716	0.0794372	0
5	73000001	0.0492594	0.0794372	0
5	74000001	0.0607081	0.0794372	0
5	75000001	0.0773324	0.0794372	0
5	76000001	0.041365	0.0794372	0
5	77000001	0.090565	0.0794372	0
5	78000001	0.0671372	0.0794372	0
5	79000001	0.124692	0.0794372	0
5	80000001	1.14302	1.14302	3
5	81000001	0.138401	0.124678	0
5	82000001	0.124678	0.124678	0
5	83000001	0.0616261	0.124678	0
5	84000001	0.0623499	0.124678	0
5	85000001	0.15101	0.124678	0
5	86000001	1.06782	1.06782	3
5	87000001	0.0761231	0.0780252	0
5	88000001	0.0900419	0.0780252	0
5	89000001	0.0663632	0.0780252	0
5	90000001	0.0780252	0.0780252	0
5	91000001	0.0527216	0.0780252	0
5	92000001	0.0952897	0.0780252	0
5	93000001	0.093292	0.0780252	0
5	94000001	0.994153	0.994153	3
5	95000001	0.0545772	0.123449	0
5	96000001	0.123449	0.123449	0
5	97000001	0.169505	0.123449	0
5	98000001	0.049715	0.123449	0
5	99000001	0.14736	0.123449	0
5	100000001	0.72451	0.72451	2
5	101000001	0.0357751	0.0760336	0
5	102000001	0.0902665	0.0760336	0
5	103000001	0.0532734	0.0760336	0
5	104000001	0.105563	0.0760336	0
5	105000001	0.0764446	0.0760336	0
5	106000001	0.171935	0.0760336	0
5	107000001	0.0372775	0.0760336	0
5	108000001	0.0859914	0.0760336	0
5	109000001	0.0965734	0.0760336	0
5	110000001	0.0760336	0.0760336	0
5	111000001	0.085735	0.0760336	0
5	112000001	0.0485055	0.0760336	0
5	113000001	0.0737095	0.0760336	0
5	114000001	0.0567492	0.0760336	0
5	115000001	0.0320705	0.0760336	0
5	116000001	0.0461192	0.0760336	0
5	117000001	0.0461125	0.0760336	0
5	118000001	0.153305	0.0760336	0
5	119000001	0.0801488	0.0760336	0
5	120000001	0.0413528	0.0760336	0
5	121000001	0.0296017	0.0760336	0
5	122000001	0.0847245	0.0760336	0
5	123000001	0.06595	0.0760336	0
5	124000001	0.102601	0.0760336	0
5	125000001	0.118079	0.0760336	0
5	126000001	0.105638	0.0760336	0
5	127000001	0.062071	0.0760336	0
5	128000001	0.0591346	0.0760336	0
5	129000001	0.112352	0.0760336	0
5	130000001	0.0315746	0.0760336	0
5	131000001	0.0444722	0.0760336	0
5	132000001	0.106268	0.0760336	0
5	133000001	0.0873653	0.0760336	0
5	134000001	2.64272	2.64272	8
5	135000001	0.0717879	0.102144	0
5	136000001	0.0892683	0.102144	0
5	137000001	0.042492	0.102144	0
5	138000001	0.103939	0.102144	0
5	139000001	0.127279	0.102144	0
5	140000001	0.0739393	0.102144	0
5	141000001	0.0502422	0.102144	0
5	142000001	0.543136	0.102144	0
5	143000001	0.0332768	0.102144	0
5	144000001	0.102144	0.102144	0
5	145000001	0.454209	0.102144	0
5	146000001	0.130811	0.102144	0
5	147000001	0.11375	0.102144	0
5	148000001	0.0970442	0.102144	0
5	149000001	0.568775	0.102144	0
5	150000001	0.0728427	0.0783695	0
5	151000001	0.0698585	0.0783695	0
5	152000001	0.110517	0.0783695	0
5	153000001	0.0831503	0.0783695	0
5	154000001	0.0573027	0.0783695	0
5	155000001	0.0696325	0.0783695	0
5	156000001	0.0807585	0.0783695	0
5	157000001	0.0565376	0.0783695	0
5	158000001	0.0443415	0.0783695	0
5	159000001	0.0986676	0.0783695	0
5	160000001	0.0414955	0.0783695	0
5	161000001	0.0781554	0.0783695	0
5	162000001	0.072962	0.0783695	0
5	163000001	0.0314064	0.0783695	0
5	164000001	0.0788169	0.0783695	0
5	165000001	0.021599	0.0783695	0
5	166000001	0.0960447	0.0783695	0
5	167000001	0.0146984	0.0783695	0
5	168000001	0.114339	0.0783695	0
5	169000001	0.057468	0.0783695	0
5	170000001	0.0660943	0.0783695	0
5	171000001	0.056054	0.0783695	0
5	172000001	0.101658	0.0783695	0
5	173000001	0.127356	0.0783695	0
5	174000001	0.148665	0.0783695	0
5	175000001	0.0475656	0.0783695	0
5	176000001	0.213451	0.0783695	0
5	177000001	0.115578	0.0783695	0
5	178000001	0.0921849	0.0783695	0
5	179000001	0.0899143	0.0783695	0
5	180000001	0.0785835	0.0783695	0
5	181000001	0.598756	0.0783695	0
6	1	1.26514	1.20828	4
6	1000001	1.2232	1.20828	4
6	2000001	1.03156	1.20828	4
6	3000001	1.32577	1.20828	4
6	4000001	1.24652	1.20828	4
6	5000001	1.27486	1.20828	4
6	6000001	1.30056	1.20828	4
6	7000001	1.48756	1.20828	4
6	8000001	1.11372	1.20828	4
6	9000001	1.12785	1.20828	4
6	10000001	1.35819	1.20828	4
6	11000001	1.1628	1.20828	4
6	12000001	0.8365	1.20828	4
6	13000001	1.22533	1.20828	4
6	14000001	1.27284	1.20828	4
6	15000001	1.26335	1.20828	4
6	16000001	0.936762	1.20828	4
6	17000001	0.946213	1.20828	4
6	18000001	0.870823	1.20828	4
6	19000001	1.1993	1.20828	4
6	20000001	0.974509	1.20828	4
6	21000001	1.00051	1.20828	4
6	22000001	1.01013	1.20828	4
6	23000001	0.705315	1.20828	4
6	24000001	1.14982	1.20828	4
6	25000001	1.08006	1.20828	4
6	26000001	1.33817	1.20828	4
6	27000001	1.20828	1.20828	4
6	28000001	1.20936	1.20828	4
6	29000001	1.17297	1.20828	4
6	30000001	1.442	1.20828	4
6	31000001	1.60269	1.20828	4
6	32000001	1.18558	1.20828	4
6	33000001	1.45572	1.20828	4
6	34000001	1.04176	1.20828	4
6	35000001	1.38992	1.20828	4
6	36000001	1.247	1.20828	4
6	37000001	1.20427	1.20828	4
6	38000001	1.53575	1.20828	4
6	39000001	1.88392	1.974	6
6	40000001	1.51557	1.974	6
6	41000001	1.974	1.974	6
6	42000001	2.1884	1.974	6
6	43000001	2.41842	1.974	6
6	44000001	1.99533	1.974	6
6	45000001	1.85089	1.974	6
6	46000001	1.42456	1.31391	4
6	47000001	1.70857	1.31391	4
6	48000001	1.05209	1.31391	4
6	49000001	1.31391	1.31391	4
6	50000001	1.60325	1.31391	4
6	51000001	1.41361	1.31391	4
6	52000001	1.24621	1.31391	4
6	53000001	1.30928	1.31391	4
6	54000001	1.24869	1.31391	4
6	55000001	1.04774	0.995586	3
6	56000001	1.1438	0.995586	3
6	57000001	1.09742	0.995586	3
6	58000001	1.05354	0.995586	3
6	59000001	1.0808	0.995586	3
6	60000001	1.01704	0.995586	3
6	61000001	0.974062	0.995586	3
6	62000001	1.0056	0.995586	3
6	63000001	0.930103	0.995586	3
6	64000001	1.01433	0.995586	3
6	65000001	0.814668	0.995586	3
6	66000001	0.711169	0.995586	3
6	67000001	0.814811	0.995586	3
6	68000001	0.754737	0.995586	3
6	69000001	0.790283	0.995586	3
6	70000001	1.1484	0.995586	3
6	71000001	0.908958	0.995586	3
6	72000001	0.995862	0.995586	3
6	73000001	1.08333	0.995586	3
6	74000001	1.16135	0.995586	3
6	75000001	0.835795	0.995586	3
6	76000001	0.934741	0.995586	3
6	77000001	0.990404	0.995586	3
6	78000001	0.931843	0.995586	3
6	79000001	1.14363	0.995586	3
6	80000001	1.2817	0.995586	3
6	81000001	0.964499	0.995586	3
6	82000001	1.12879	0.995586	3
6	83000001	0.774129	0.995586	3
6	84000001	1.04817	0.995586	3
6	85000001	1.01423	0.995586	3
6	86000001	0.862902	0.995586	3
6	87000001	1.05345	0.995586	3
6	88000001	1.17451	0.995586	3
6	89000001	1.09657	0.995586	3
6	90000001	1.10216	0.995586	3
6	91000001	0.729541	0.995586	3
6	92000001	0.988593	0.995586	3
6	93000001	0.850224	0.995586	3
6	94000001	0.774518	0.995586	3
6	95000001	0.863617	0.995586	3
6	96000001	1.26182	0.995586	3
6	97000001	0.977888	0.995586	3
6	98000001	1.07475	0.995586	3
6	99000001	0.975504	0.995586	3
6	100000001	0.82455	0.995586	3
6	101000001	0.779953	0.995586	3
6	102000001	1.05076	0.995586	3
6	103000001	0.776966	0.995586	3
6	104000001	1.24963	0.995586	3
6	105000001	1.14761	0.995586	3
6	106000001	1.27267	0.995586	3
6	107000001	0.995309	0.995586	3
6	108000001	1.4322	0.995586	3
6	109000001	1.2731	0.995586	3
6	110000001	1.01515	0.995586	3
6	111000001	1.30587	0.995586	3
6	112000001	0.969816	0.995586	3
6	113000001	0.792737	0.995586	3
6	114000001	0.946265	0.995586	3
6	115000001	0.958627	0.995586	3
6	116000001	0.731984	0.995586	3
6	117000001	0.792108	0.995586	3
6	118000001	1.13299	0.995586	3
6	119000001	0.962593	0.995586	3
6	120000001	0.943119	0.995586	3
6	121000001	1.10821	0.995586	3
6	122000001	0.855382	0.995586	3
6	123000001	0.79956	0.995586	3
6	124000001	0.794748	0.995586	3
6	125000001	1.04969	0.995586	3
6	126000001	1.02398	0.995586	3
6	127000001	1.02751	0.995586	3
6	128000001	0.942011	0.995586	3
6	129000001	0.96386	0.995586	3
6	130000001	1.14363	0.995586	3
6	131000001	1.35867	0.995586	3
6	132000001	0.95942	0.995586	3
6	133000001	1.10871	0.995586	3
6	134000001	1.15398	0.995586	3
6	135000001	1.55249	1.61049	5
6	136000001	1.66991	1.61049	5
6	137000001	1.91634	1.61049	5
6	138000001	1.51076	1.61049	5
6	139000001	1.76316	1.61049	5
6	140000001	0.894826	1.61049	5
6	141000001	1.31524	1.61049	5
6	142000001	1.46783	1.61049	5
6	143000001	1.62578	1.61049	5
6	144000001	1.377	1.61049	5
6	145000001	1.44291	1.61049	5
6	146000001	1.27178	1.61049	5
6	147000001	1.83853	1.61049	5
6	148000001	1.76885	1.61049	5
6	149000001	1.63996	1.61049	5
6	150000001	1.75846	1.61049	5
6	151000001	2.04142	1.61049	5
6	152000001	1.36874	1.61049	5
6	153000001	1.36831	1.61049	5
6	154000001	1.53431	1.61049	5
6	155000001	1.36345	1.61049	5
6	156000001	1.50564	1.61049	5
6	157000001	2.51778	1.61049	5
6	158000001	2.01987	1.61049	5
6	159000001	2.05673	1.61049	5
6	160000001	1.84857	1.61049	5
6	161000001	1.90939	1.61049	5
6	162000001	1.4166	1.61049	5
6	163000001	1.35312	1.61049	5
6	164000001	1.2645	1.61049	5
6	165000001	1.5952	1.61049	5
6	166000001	1.85422	1.61049	5
6	167000001	1.63251	1.61049	5
6	168000001	2.26983	1.61049	5
6	169000001	1.52349	1.61049	5
6	170000001	1.88835	1.61049	5
7	1	1.68081	1.13262	3
7	1000001	1.90117	1.13262	3
7	2000001	1.32102	1.13262	3
7	3000001	1.03263	1.13262	3
7	4000001	1.61247	1.13262	3
7	5000001	1.48793	1.13262	3
7	6000001	1.48534	1.13262	3
7	7000001	1.18165	1.13262	3
7	8000001	1.01856	1.13262	3
7	9000001	0.879831	1.13262	3
7	10000001	0.817502	1.13262	3
7	11000001	1.01027	1.13262	3
7	12000001	0.853981	1.13262	3
7	13000001	0.770946	1.13262	3
7	14000001	0.788156	1.13262	3
7	15000001	0.953019	1.13262	3
7	16000001	1.05491	1.13262	3
7	17000001	1.15658	1.13262	3
7	18000001	0.840021	1.13262	3
7	19000001	0.910839	1.13262	3
7	20000001	1.017	1.13262	3
7	21000001	1.01692	1.13262	3
7	22000001	1.19203	1.13262	3
7	23000001	1.28992	1.13262	3
7	24000001	1.29366	1.13262	3
7	25000001	1.26004	1.13262	3
7	26000001	1.38234	1.13262	3
7	27000001	1.36837	1.13262	3
7	28000001	1.12185	1.13262	3
7	29000001	1.17125	1.13262	3
7	30000001	1.3379	1.13262	3
7	31000001	1.14067	1.13262	3
7	32000001	1.12209	1.13262	3
7	33000001	1.12457	1.13262	3
7	34000001	0.944705	1.13262	3
7	35000001	1.08192	1.13262	3
7	36000001	1.292	1.13262	3
7	37000001	1.19301	1.13262	3
7	38000001	1.09894	1.13262	3
7	39000001	1.17896	1.13262	3
7	40000001	0.890925	1.13262	3
7	41000001	1.10549	1.13262	3
7	42000001	0.836677	1.13262	3
7	43000001	1.25592	1.13262	3
7	44000001	1.46605	1.13262	3
7	45000001	1.02597	1.13262	3
7	46000001	1.14076	1.13262	3
7	47000001	1.19278	1.13262	3
7	48000001	1.09215	1.13262	3
7	49000001	1.1408	1.13262	3
7	50000001	0.979092	1.13262	3
7	51000001	0.939056	1.13262	3
7	52000001	0.799209	1.13262	3
7	53000001	1.10079	1.13262	3
7	54000001	1.38158	1.13262	3
7	55000001	1.26131	1.13262	3
7	56000001	1.26423	1.13262	3
7	57000001	1.14763	1.13262	3
7	58000001	1.89996	1.83728	6
7	59000001	2.14376	1.83728	6
7	60000001	1.83728	1.83728	6
7	61000001	2.12848	1.83728	6
7	62000001	1.30199	1.83728	6
7	63000001	1.36702	1.83728	6
7	64000001	1.51403	1.83728	6
7	65000001	1.48918	1.83728	6
7	66000001	2.32903	1.83728	6
7	67000001	1.62541	1.83728	6
7	68000001	1.36998	1.83728	6
7	69000001	1.43468	1.83728	6
7	70000001	2.00023	1.83728	6
7	71000001	1.56249	1.83728	6
7	72000001	1.94025	1.83728	6
7	73000001	2.24811	1.83728	6
7	74000001	1.94709	1.83728	6
7	75000001	2.29173	1.83728	6
7	76000001	1.81609	1.83728	6
7	77000001	1.94892	1.83728	6
7	78000001	1.60526	1.83728	6
7	79000001	1.39639	1.36671	4
7	80000001	1.48452	1.36671	4
7	81000001	1.36028	1.36671	4
7	82000001	0.96115	1.36671	4
7	83000001	1.252	1.36671	4
7	84000001	1.24796	1.36671	4
7	85000001	1.1107	1.36671	4
7	86000001	1.51236	1.36671	4
7	87000001	1.4355	1.36671	4
7	88000001	1.34369	1.36671	4
7	89000001	1.39844	1.36671	4
7	90000001	1.34457	1.36671	4
7	91000001	1.38904	1.36671	4
7	92000001	1.36671	1.36671	4
7	93000001	1.43374	1.36671	4
7	94000001	1.19112	1.36671	4
7	95000001	1.38831	1.36671	4
7	96000001	1.52589	1.36671	4
7	97000001	1.20098	1.36671	4
7	98000001	2.05938	2.00975	6
7	99000001	2.18225	2.00975	6
7	100000001	2.90171	2.00975	6
7	101000001	2.24538	2.00975	6
7	102000001	2.32037	2.00975	6
7	103000001	1.72315	2.00975	6
7	104000001	1.51429	2.00975	6
7	105000001	1.9827	2.00975	6
7	106000001	2.25775	2.00975	6
7	107000001	1.91349	2.00975	6
7	108000001	2.04166	2.00975	6
7	109000001	1.55368	2.00975	6
7	110000001	1.59048	2.00975	6
7	111000001	2.24324	2.00975	6
7	112000001	1.91957	2.00975	6
7	113000001	1.78249	2.00975	6
7	114000001	1.87201	2.00975	6
7	115000001	1.69916	2.00975	6
7	116000001	2.18225	2.00975	6
7	117000001	1.69233	2.00975	6
7	118000001	1.63803	2.00975	6
7	119000001	1.56399	2.00975	6
7	120000001	1.85932	2.00975	6
7	121000001	1.75791	2.00975	6
7	122000001	1.64411	2.00975	6
7	123000001	1.74633	2.00975	6
7	124000001	1.72087	2.00975	6
7	125000001	1.57029	2.00975	6
7	126000001	1.60326	2.00975	6
7	127000001	2.07707	2.00975	6
7	128000001	2.46712	2.00975	6
7	129000001	2.50238	2.00975	6
7	130000001	2.29021	2.00975	6
7	131000001	2.74187	2.00975	6
7	132000001	1.97322	2.00975	6
7	133000001	1.64575	2.00975	6
7	134000001	1.93829	2.00975	6
7	135000001	2.39942	2.00975	6
7	136000001	1.77292	2.00975	6
7	137000001	2.04801	2.00975	6
7	138000001	2.24189	2.00975	6
7	139000001	2.64616	2.00975	6
7	140000001	2.74267	2.00975	6
7	141000001	2.09799	2.00975	6
7	142000001	1.90918	2.00975	6
7	143000001	2.3095	2.00975	6
7	144000001	1.6709	2.00975	6
7	145000001	1.47928	2.00975	6
7	146000001	1.58932	2.00975	6
7	147000001	1.59893	2.00975	6
7	148000001	2.18397	2.00975	6
7	149000001	2.91045	2.00975	6
7	150000001	2.59955	2.00975	6
7	151000001	2.60246	2.00975	6
7	152000001	1.87795	2.00975	6
7	153000001	2.38749	2.00975	6
7	154000001	2.43296	2.00975	6
7	155000001	2.03173	2.00975	6
7	156000001	1.98777	2.00975	6
7	157000001	2.76422	2.00975	6
7	158000001	2.46841	2.00975	6
7	159000001	2.45746	2.00975	6
8	1	1.37667	1.12733	3
8	1000001	1.38381	1.12733	3
8	2000001	1.21214	1.12733	3
8	3000001	0.982405	1.12733	3
8	4000001	0.895011	1.12733	3
8	5000001	0.813882	1.12733	3
8	6000001	1.19207	1.12733	3
8	7000001	1.57821	1.12733	3
8	8000001	1.27428	1.12733	3
8	9000001	1.22373	1.12733	3
8	10000001	1.39806	1.12733	3
8	11000001	1.4761	1.12733	3
8	12000001	1.32895	1.12733	3
8	13000001	1.04623	1.12733	3
8	14000001	0.861612	1.12733	3
8	15000001	0.860771	1.12733	3
8	16000001	0.822942	1.12733	3
8	17000001	1.369	1.12733	3
8	18000001	1.26912	1.12733	3
8	19000001	1.34607	1.12733	3
8	20000001	1.25217	1.12733	3
8	21000001	0.903226	1.12733	3
8	22000001	1.41156	1.12733	3
8	23000001	1.44709	1.12733	3
8	24000001	1.04752	1.12733	3
8	25000001	1.12733	1.12733	3
8	26000001	1.12052	1.12733	3
8	27000001	1.12111	1.12733	3
8	28000001	1.27849	1.12733	3
8	29000001	1.03666	1.12733	3
8	30000001	1.43451	1.12733	3
8	31000001	0.837982	1.12733	3
8	32000001	0.976991	1.12733	3
8	33000001	0.996485	1.12733	3
8	34000001	1.07686	1.12733	3
8	35000001	0.831935	1.12733	3
8	36000001	0.978153	1.12733	3
8	37000001	1.32573	1.12733	3
8	38000001	1.68073	1.12733	3
8	39000001	0.873181	1.12733	3
8	40000001	0.947699	1.12733	3
8	41000001	1.41021	1.12733	3
8	42000001	1.20631	1.12733	3
8	43000001	1.06344	1.12733	3
8	44000001	0.884408	1.12733	3
8	45000001	0.599478	1.12733	3
8	46000001	1.41457	1.12733	3
8	47000001	1.05378	1.12733	3
8	48000001	1.40636	1.12733	3
8	49000001	0.746635	0.975993	3
8	50000001	0.854735	0.975993	3
8	51000001	0.99684	0.975993	3
8	52000001	0.830703	0.975993	3
8	53000001	1.38478	0.975993	3
8	54000001	1.19871	0.975993	3
8	55000001	0.839374	0.975993	3
8	56000001	1.02614	0.975993	3
8	57000001	1.07858	0.975993	3
8	58000001	1.15113	0.975993	3
8	59000001	0.504471	0.975993	3
8	60000001	1.05133	0.975993	3
8	61000001	1.13123	0.975993	3
8	62000001	0.750582	0.975993	3
8	63000001	0.776637	0.975993	3
8	64000001	0.7778	0.975993	3
8	65000001	1.02059	0.975993	3
8	66000001	1.12501	0.975993	3
8	67000001	0.997255	0.975993	3
8	68000001	0.766676	0.975993	3
8	69000001	0.975993	0.975993	3
8	70000001	1.12637	0.975993	3
8	71000001	1.09303	0.975993	3
8	72000001	0.924948	0.975993	3
8	73000001	0.985871	0.975993	3
8	74000001	0.770878	0.975993	3
8	75000001	0.815386	0.975993	3
8	76000001	0.838356	0.975993	3
8	77000001	0.805254	0.975993	3
8	78000001	0.692158	0.975993	3
8	79000001	0.941117	0.975993	3
8	80000001	1.25247	0.975993	3
8	81000001	1.02801	0.975993	3
8	82000001	0.94639	0.975993	3
8	83000001	0.841045	0.975993	3
8	84000001	0.930542	0.975993	3
8	85000001	1.26885	0.975993	3
8	86000001	0.983602	0.975993	3
8	87000001	0.934231	0.975993	3
8	88000001	0.79595	0.975993	3
8	89000001	1.04761	0.975993	3
8	90000001	1.21373	0.975993	3
8	91000001	0.887656	0.975993	3
8	92000001	1.02885	0.975993	3
8	93000001	1.37723	0.975993	3
8	94000001	0.900032	0.975993	3
8	95000001	1.2836	0.975993	3
8	96000001	1.06166	0.975993	3
8	97000001	1.13026	0.975993	3
8	98000001	0.90726	0.975993	3
8	99000001	0.996233	0.975993	3
8	100000001	1.02184	0.975993	3
8	101000001	1.11962	0.975993	3
8	102000001	1.40792	0.975993	3
8	103000001	0.941989	0.975993	3
8	104000001	0.969088	0.975993	3
8	105000001	1.08879	0.975993	3
8	106000001	1.02906	0.975993	3
8	107000001	0.869986	0.975993	3
8	108000001	1.03033	0.975993	3
8	109000001	0.889261	0.975993	3
8	110000001	0.768729	0.975993	3
8	111000001	0.864571	0.975993	3
8	112000001	0.89427	0.975993	3
8	113000001	0.702068	0.975993	3
8	114000001	0.937838	0.975993	3
8	115000001	1.13369	0.975993	3
8	116000001	1.21278	0.975993	3
8	117000001	0.768012	0.975993	3
8	118000001	0.91943	0.975993	3
8	119000001	1.01116	0.975993	3
8	120000001	1.10425	0.975993	3
8	121000001	0.908585	0.975993	3
8	122000001	1.07095	1.10015	3
8	123000001	1.22062	1.10015	3
8	124000001	1.16071	1.10015	3
8	125000001	1.03339	1.10015	3
8	126000001	1.06328	1.10015	3
8	127000001	1.32635	1.10015	3
8	128000001	1.00303	1.10015	3
8	129000001	1.40475	1.10015	3
8	130000001	1.1851	1.10015	3
8	131000001	1.08049	1.10015	3
8	132000001	1.22593	1.10015	3
8	133000001	1.1198	1.10015	3
8	134000001	1.44228	1.10015	3
8	135000001	0.735238	1.10015	3
8	136000001	0.937562	1.10015	3
8	137000001	1.01037	1.10015	3
8	138000001	2.5467	2.5467	8
8	139000001	1.30119	1.30119	4
8	140000001	1.085	1.30119	4
8	141000001	1.22975	1.30119	4
8	142000001	1.21882	1.30119	4
8	143000001	1.41255	1.30119	4
8	144000001	1.42135	1.30119	4
8	145000001	2.26799	1.30119	4
9	1	0.551679	0.537143	2
9	1000001	0.439293	0.537143	2
9	2000001	0.590633	0.537143	2
9	3000001	0.704672	0.537143	2
9	4000001	0.56394	0.537143	2
9	5000001	0.68867	0.537143	2
9	6000001	0.715703	0.537143	2
9	7000001	0.631148	0.537143	2
9	8000001	0.48865	0.537143	2
9	9000001	0.31068	0.537143	2
9	10000001	0.431435	0.537143	2
9	11000001	0.340665	0.537143	2
9	12000001	0.416581	0.537143	2
9	13000001	0.47052	0.537143	2
9	14000001	0.501179	0.537143	2
9	15000001	0.651366	0.537143	2
9	16000001	0.526789	0.537143	2
9	17000001	0.45236	0.537143	2
9	18000001	0.547986	0.537143	2
9	19000001	0.663463	0.537143	2
9	20000001	0.537143	0.537143	2
9	21000001	0.0979394	0.0979394	0
9	22000001	0.0644917	0.0979394	0
9	23000001	0.00667293	0.0979394	0
9	24000001	0.0628782	0.0979394	0
9	25000001	0.0692449	0.0979394	0
9	26000001	0.36704	0.0979394	0
9	27000001	0.411453	0.0979394	0
9	28000001	0.380499	0.0979394	0
9	29000001	0.162334	0.0979394	0
9	30000001	0.0379491	0.0979394	0
9	31000001	0.278703	0.0979394	0
9	32000001	0.814409	1.20751	4
9	33000001	1.24264	1.20751	4
9	34000001	1.23354	1.20751	4
9	35000001	1.20751	1.20751	4
9	36000001	1.2597	1.20751	4
9	37000001	1.04223	1.20751	4
9	38000001	0.821843	1.20751	4
9	39000001	0.12367	0.175076	1
9	40000001	0.404047	0.175076	1
9	41000001	0.229632	0.175076	1
9	42000001	0.0556953	0.175076	1
9	43000001	0.241411	0.175076	1
9	44000001	0.166103	0.175076	1
9	45000001	0.175076	0.175076	1
9	46000001	-1	-1	1
9	47000001	-1	-1	1
9	48000001	-1	-1	1
9	49000001	-1	-1	1
9	50000001	-1	-1	1
9	51000001	-1	-1	1
9	52000001	-1	-1	1
9	53000001	-1	-1	1
9	54000001	-1	-1	1
9	55000001	-1	-1	1
9	56000001	-1	-1	1
9	57000001	-1	-1	1
9	58000001	-1	-1	1
9	59000001	-1	-1	1
9	60000001	0.590907	0.440469	1
9	61000001	0.186855	0.440469	1
9	62000001	0.287291	0.440469	1
9	63000001	0.707578	0.440469	1
9	64000001	0.388863	0.440469	1
9	65000001	0.492075	0.440469	1
9	66000001	0.160912	0.0815231	0
9	67000001	0.12456	0.0815231	0
9	68000001	0.0719176	0.0815231	0
9	69000001	0.0627798	0.0815231	0
9	70000001	0.0316574	0.0815231	0
9	71000001	0.0365184	0.0815231	0
9	72000001	0.0529178	0.0815231	0
9	73000001	0.0324122	0.0815231	0
9	74000001	0.0777827	0.0815231	0
9	75000001	0.0815231	0.0815231	0
9	76000001	0.0464072	0.0815231	0
9	77000001	0.0902336	0.0815231	0
9	78000001	0.0750646	0.0815231	0
9	79000001	0.0459822	0.0815231	0
9	80000001	0.096103	0.0815231	0
9	81000001	0.0504114	0.0815231	0
9	82000001	0.0763603	0.0815231	0
9	83000001	0.0877926	0.0815231	0
9	84000001	0.0940968	0.0815231	0
9	85000001	0.061198	0.0815231	0
9	86000001	0.136962	0.0815231	0
9	87000001	0.0576625	0.0815231	0
9	88000001	0.133063	0.0815231	0
9	89000001	0.127403	0.0815231	0
9	90000001	0.0604529	0.0815231	0
9	91000001	0.0690737	0.0815231	0
9	92000001	0.0764433	0.0815231	0
9	93000001	0.0786924	0.0815231	0
9	94000001	0.135019	0.0815231	0
9	95000001	0.0503635	0.0815231	0
9	96000001	0.0489346	0.0815231	0
9	97000001	0.139208	0.0815231	0
9	98000001	0.0479011	0.0815231	0
9	99000001	0.0226875	0.0815231	0
9	100000001	0.1165	0.0815231	0
9	101000001	0.0896559	0.0815231	0
9	102000001	0.424216	0.0815231	0
9	103000001	0.121875	0.0815231	0
9	104000001	0.019641	0.0815231	0
9	105000001	0.0867089	0.0815231	0
9	106000001	0.0860144	0.0815231	0
9	107000001	0.0611493	0.0815231	0
9	108000001	0.159607	0.0815231	0
9	109000001	0.0347289	0.0815231	0
9	110000001	0.295058	0.0815231	0
9	111000001	0.0640559	0.0815231	0
9	112000001	0.0593971	0.0815231	0
9	113000001	0.0851002	0.0815231	0
9	114000001	0.0758959	0.0815231	0
9	115000001	0.086759	0.0815231	0
9	116000001	0.0597918	0.0815231	0
9	117000001	0.0890444	0.0815231	0
9	118000001	0.043345	0.0815231	0
9	119000001	0.0854114	0.0815231	0
9	120000001	0.0565261	0.0815231	0
9	121000001	0.090336	0.0815231	0
9	122000001	0.0960868	0.0815231	0
9	123000001	0.0504257	0.0815231	0
9	124000001	0.146353	0.0815231	0
9	125000001	0.0640749	0.0815231	0
9	126000001	0.0546726	0.0815231	0
9	127000001	0.0465673	0.0815231	0
9	128000001	0.129548	0.0815231	0
9	129000001	0.331619	0.0815231	0
9	130000001	0.15959	0.0815231	0
9	131000001	0.100193	0.0815231	0
9	132000001	0.101692	0.0815231	0
9	133000001	0.25038	0.0815231	0
9	134000001	0.399391	0.0815231	0
9	135000001	0.0762102	0.0815231	0
9	136000001	0.19574	0.0815231	0
9	137000001	0.106767	0.0815231	0
9	138000001	0.565293	0.0815231	0
X	1	0.798565	0.649495	2
X	1000001	0.559612	0.649495	2
X	2000001	0.519798	0.649495	2
X	3000001	0.739379	0.649495	2
X	4000001	0.403163	0.499881	1
X	5000001	0.499881	0.499881	1
X	6000001	0.592891	0.499881	1
X	7000001	0.502419	0.499881	1
X	8000001	0.410135	0.499881	1
X	9000001	0.763786	0.763786	2
X	10000001	0.597361	0.763786	2
X	11000001	1.01022	0.763786	2
X	12000001	0.541422	0.4545	1
X	13000001	0.330774	0.4545	1
X	14000001	0.416914	0.4545	1
X	15000001	0.4381	0.4545	1
X	16000001	0.606932	0.4545	1
X	17000001	0.644338	0.4545	1
X	18000001	0.629969	0.4545	1
X	19000001	0.365665	0.4545	1
X	20000001	0.465956	0.4545	1
X	21000001	0.632413	0.4545	1
X	22000001	0.378175	0.4545	1
X	23000001	0.534431	0.4545	1
X	24000001	0.577879	0.4545	1
X	25000001	0.609083	0.4545	1
X	26000001	0.35723	0.4545	1
X	27000001	0.513945	0.4545	1
X	28000001	0.381221	0.4545	1
X	29000001	0.424423	0.4545	1
X	30000001	0.406287	0.4545	1
X	31000001	0.341977	0.4545	1
X	32000001	0.299864	0.4545	1
X	33000001	0.688241	0.4545	1
X	34000001	0.4545	0.4545	1
X	35000001	0.391431	0.4545	1
X	36000001	0.35505	0.4545	1
X	37000001	0.494525	0.4545	1
X	38000001	0.469933	0.4545	1
X	39000001	0.621405	0.594923	2
X	40000001	0.65317	0.594923	2
X	41000001	0.768163	0.594923	2
X	42000001	0.411208	0.594923	2
X	43000001	0.762415	0.594923	2
X	44000001	0.612221	0.594923	2
X	45000001	0.595902	0.594923	2
X	46000001	0.42122	0.594923	2
X	47000001	0.578124	0.594923	2
X	48000001	0.817774	0.594923	2
X	49000001	0.739222	0.594923	2
X	50000001	0.44868	0.594923	2
X	51000001	0.522766	0.594923	2
X	52000001	0.518246	0.594923	2
X	53000001	0.724416	0.594923	2
X	54000001	0.593943	0.594923	2
X	55000001	0.438207	0.594923	2
X	56000001	0.734795	0.594923	2
X	57000001	0.653435	0.594923	2
X	58000001	0.513656	0.594923	2
X	59000001	0.552118	0.594923	2
X	60000001	0.650923	0.594923	2
X	61000001	0.482291	0.594923	2
X	62000001	0.455671	0.594923	2
X	63000001	0.613393	0.594923	2
X	64000001	0.335363	0.594923	2
X	65000001	0.570182	0.594923	2
X	66000001	0.606643	0.594923	2
X	67000001	0.618488	0.594923	2
X	68000001	0.622333	0.594923	2
X	69000001	0.533341	0.594923	2
X	70000001	0.625346	0.594923	2
X	71000001	0.874153	0.594923	2
X	72000001	0.534965	0.594923	2
X	73000001	0.493723	0.594923	2
X	74000001	0.411165	0.594923	2
X	75000001	0.434345	0.594923	2
X	76000001	0.512373	0.594923	2
X	77000001	0.672039	0.594923	2
X	78000001	0.790153	0.594923	2
X	79000001	0.46776	0.496388	1
X	80000001	0.515281	0.496388	1
X	81000001	0.475943	0.496388	1
X	82000001	0.512325	0.496388	1
X	83000001	0.380166	0.496388	1
X	84000001	0.401312	0.496388	1
X	85000001	0.583766	0.496388	1
X	86000001	0.518497	0.496388	1
X	87000001	0.471152	0.496388	1
X	88000001	0.718577	0.496388	1
X	89000001	0.441939	0.496388	1
X	90000001	0.335238	0.496388	1
X	91000001	0.512558	0.496388	1
X	92000001	0.27945	0.496388	1
X	93000001	0.353347	0.496388	1
X	94000001	0.423407	0.496388	1
X	95000001	0.496388	0.496388	1
X	96000001	0.614135	0.496388	1
X	97000001	0.569933	0.496388	1
X	98000001	0.601144	0.496388	1
X	99000001	0.507306	0.496388	1
X	100000001	0.61643	0.496388	1
X	101000001	0.644121	0.496388	1
X	102000001	0.481591	0.496388	1
X	103000001	0.548359	0.496388	1
X	104000001	0.549452	0.496388	1
X	105000001	0.358819	0.496388	1
X	106000001	0.464762	0.496388	1
X	107000001	0.404086	0.496388	1
X	108000001	0.455241	0.496388	1
X	109000001	0.489774	0.496388	1
X	110000001	0.64667	0.496388	1
X	111000001	0.484661	0.496388	1
X	112000001	0.579983	0.496388	1
X	113000001	0.368404	0.496388	1
X	114000001	0.706983	0.496388	1
X	115000001	0.509293	0.496388	1
X	116000001	0.570094	0.496388	1
X	117000001	0.420924	0.496388	1
X	118000001	0.575301	0.496388	1
X	119000001	0.545064	0.496388	1
X	120000001	0.514076	0.496388	1
X	121000001	0.404186	0.496388	1
X	122000001	0.497278	0.496388	1
X	123000001	0.640546	0.496388	1
X	124000001	0.498347	0.496388	1
X	125000001	0.437903	0.496388	1
X	126000001	0.492956	0.496388	1
X	127000001	0.428838	0.496388	1
X	128000001	0.501214	0.496388	1
X	129000001	0.532208	0.496388	1
X	130000001	0.451668	0.496388	1
X	131000001	0.472237	0.496388	1
X	132000001	0.373284	0.496388	1
X	133000001	0.416339	0.496388	1
X	134000001	0.722144	0.722144	2
X	135000001	0.940341	0.722144	2
X	136000001	0.686369	0.722144	2
X	137000001	0.540962	0.500888	2
X	138000001	0.492513	0.500888	2
X	139000001	0.509263	0.500888	2
X	140000001	0.399873	0.500888	2
X	141000001	0.538038	0.500888	2
X	142000001	0.434834	0.500888	2
X	143000001	0.410966	0.500888	2
X	144000001	0.509731	0.500888	2
X	145000001	0.796482	0.58324	2
X	146000001	0.326279	0.58324	2
X	147000001	0.653675	0.58324	2
X	148000001	0.49605	0.58324	2
X	149000001	0.615568	0.58324	2
X	150000001	0.565788	0.58324	2
X	151000001	0.582733	0.58324	2
X	152000001	0.550713	0.58324	2
X	153000001	0.658967	0.58324	2
X	154000001	0.583747	0.58324	2
X	155000001	0.411003	0.58324	2
X	156000001	1.83192	0.58324	2
Y	1	-1	-1	0
Y	1000001	-1	-1	0
Y	2000001	0.0509435	0.0842469	0
Y	3000001	0.0710935	0.0842469	0
Y	4000001	0.0974003	0.0842469	0
Y	5000001	0.0242168	0.0842469	0
Y	6000001	0.0987449	0.0842469	0
Y	7000001	0.136424	0.0842469	0
Y	8000001	0.0296058	0.0842469	0
Y	9000001	0.108766	0.0842469	0
Y	10000001	0.960515	0.878165	3
Y	11000001	0.795815	0.878165	3
Y	12000001	0.212276	0.212276	1
Y	13000001	0.0784384	0.124738	0
Y	14000001	0.0869076	0.124738	0
Y	15000001	0.0974473	0.124738	0
Y	16000001	0.0729893	0.124738	0
Y	17000001	0.187195	0.124738	0
Y	18000001	0.161628	0.124738	0
Y	19000001	0.0241112	0.124738	0
Y	20000001	0.0801155	0.124738	0
Y	21000001	0.200314	0.124738	0
Y	22000001	0.0972219	0.124738	0
Y	23000001	0.21566	0.124738	0
Y	24000001	0.124738	0.124738	0
Y	25000001	0.288495	0.124738	0
Y	26000001	0.285578	0.124738	0
Y	27000001	-1	0.124738	0
Y	28000001	-1	0.124738	0
Y	29000001	-1	0.124738	0
Y	30000001	-1	0.124738	0
Y	31000001	-1	0.124738	0
Y	32000001	-1	0.124738	0
Y	33000001	-1	0.124738	0
Y	34000001	-1	0.124738	0
Y	35000001	-1	0.124738	0
Y	36000001	-1	0.124738	0
Y	37000001	-1	0.124738	0
Y	38000001	-1	0.124738	0
Y	39000001	-1	0.124738	0
Y	40000001	-1	0.124738	0
Y	41000001	-1	0.124738	0
Y	42000001	-1	0.124738	0
Y	43000001	-1	0.124738	0
Y	44000001	-1	0.124738	0
Y	45000001	-1	0.124738	0
Y	46000001	-1	0.124738	0
Y	47000001	-1	0.124738	0
Y	48000001	-1	0.124738	0
Y	49000001	-1	0.124738	0
Y	50000001	-1	0.124738	0
Y	51000001	-1	0.124738	0
Y	52000001	-1	0.124738	0
Y	53000001	-1	0.124738	0
Y	54000001	-1	0.124738	0
Y	55000001	-1	0.124738	0
Y	56000001	0.151832	0.124738	0
Y	57000001	-1	-1	0
