Chromosome	Start	Ratio	MedianRatio	CopyNumber
1	1	1.19624	1.19624	4
1	1000001	1.75291	2.01212	6
1	2000001	2.27132	2.01212	6
1	3000001	1.52474	1.36495	4
1	4000001	1.26549	1.36495	4
1	5000001	1.14657	1.36495	4
1	6000001	1.51868	1.36495	4
1	7000001	1.40434	1.36495	4
1	8000001	1.22207	1.36495	4
1	9000001	1.47616	1.36495	4
1	10000001	1.44383	1.36495	4
1	11000001	1.53162	1.36495	4
1	12000001	1.27817	1.36495	4
1	13000001	1.38559	1.36495	4
1	14000001	1.55877	1.36495	4
1	15000001	1.35844	1.36495	4
1	16000001	1.43726	1.36495	4
1	17000001	1.41543	1.36495	4
1	18000001	1.27635	1.36495	4
1	19000001	1.45631	1.36495	4
1	20000001	1.19174	1.36495	4
1	21000001	1.29106	1.36495	4
1	22000001	1.57421	1.36495	4
1	23000001	1.31365	1.36495	4
1	24000001	1.0886	1.36495	4
1	25000001	1.58951	1.36495	4
1	26000001	1.24745	1.36495	4
1	27000001	1.22614	1.36495	4
1	28000001	1.79159	1.36495	4
1	29000001	1.39414	1.36495	4
1	30000001	1.30313	1.36495	4
1	31000001	1.35283	1.36495	4
1	32000001	1.11023	1.36495	4
1	33000001	1.32079	1.36495	4
1	34000001	1.43016	1.36495	4
1	35000001	1.67505	1.36495	4
1	36000001	1.31911	1.36495	4
1	37000001	1.54482	1.36495	4
1	38000001	1.14081	1.36495	4
1	39000001	1.49567	1.36495	4
1	40000001	1.23696	1.36495	4
1	41000001	1.41015	1.36495	4
1	42000001	1.3704	1.36495	4
1	43000001	1.39749	1.36495	4
1	44000001	1.51385	1.36495	4
1	45000001	1.55143	1.36495	4
1	46000001	1.05403	1.36495	4
1	47000001	1.41349	1.36495	4
1	48000001	1.35034	1.36495	4
1	49000001	1.25848	1.36495	4
1	50000001	1.05387	1.36495	4
1	51000001	1.66047	1.36495	4
1	52000001	1.1914	1.36495	4
1	53000001	1.30825	1.36495	4
1	54000001	1.3595	1.36495	4
1	55000001	0.970129	0.937665	3
1	56000001	0.754821	0.937665	3
1	57000001	0.816074	0.937665	3
1	58000001	0.822745	0.937665	3
1	59000001	0.979939	0.937665	3
1	60000001	0.731177	0.937665	3
1	61000001	0.889869	0.937665	3
1	62000001	1.22644	0.937665	3
1	63000001	1.03874	0.937665	3
1	64000001	1.02406	0.937665	3
1	65000001	0.883596	0.937665	3
1	66000001	0.85912	0.937665	3
1	67000001	1.02153	0.937665	3
1	68000001	0.878222	0.937665	3
1	69000001	1.18887	0.937665	3
1	70000001	1.00073	0.937665	3
1	71000001	1.07472	0.937665	3
1	72000001	1.05936	0.937665	3
1	73000001	0.943976	0.937665	3
1	74000001	0.904467	0.937665	3
1	75000001	0.918966	0.937665	3
1	76000001	1.16978	0.937665	3
1	77000001	0.784916	0.937665	3
1	78000001	0.786174	0.937665	3
1	79000001	0.809911	0.937665	3
1	80000001	0.831345	0.937665	3
1	81000001	0.646663	0.937665	3
1	82000001	0.915242	0.937665	3
1	83000001	0.956518	0.937665	3
1	84000001	0.798	0.937665	3
1	85000001	0.731269	0.937665	3
1	86000001	0.937665	0.937665	3
1	87000001	1.29655	0.937665	3
1	88000001	1.01927	0.937665	3
1	89000001	1.05192	0.937665	3
1	90000001	0.987773	0.937665	3
1	91000001	1.22245	0.937665	3
1	92000001	0.920714	0.937665	3
1	93000001	0.938939	0.937665	3
1	94000001	0.848772	0.937665	3
1	95000001	0.948707	0.937665	3
1	96000001	0.949976	0.937665	3
1	97000001	0.860887	0.937665	3
1	98000001	0.889929	0.937665	3
1	99000001	1.29292	0.937665	3
1	100000001	0.935983	0.937665	3
1	101000001	0.815677	0.937665	3
1	102000001	0.99407	0.937665	3
1	103000001	0.745035	0.937665	3
1	104000001	1.21242	0.937665	3
1	105000001	0.827647	0.937665	3
1	106000001	0.95716	0.937665	3
1	107000001	1.01564	0.937665	3
1	108000001	1.39684	1.32918	4
1	109000001	1.16504	1.32918	4
1	110000001	1.64028	1.32918	4
1	111000001	1.42415	1.32918	4
1	112000001	1.23726	1.32918	4
1	113000001	1.44683	1.32918	4
1	114000001	1.31018	1.32918	4
1	115000001	1.10272	1.32918	4
1	116000001	1.32918	1.32918	4
1	117000001	1.40481	1.32918	4
1	118000001	1.49216	1.32918	4
1	119000001	1.2429	1.32918	4
1	120000001	0.992122	1.32918	4
1	121000001	2.3243	1.77366	5
1	122000001	1.72257	1.77366	5
1	123000001	1.82474	1.77366	5
1	124000001	1.50498	1.77366	5
1	125000001	5.47547	-1	5
1	126000001	-1	-1	5
1	127000001	-1	-1	5
1	128000001	-1	-1	5
1	129000001	-1	-1	5
1	130000001	-1	-1	5
1	131000001	-1	-1	5
1	132000001	-1	-1	5
1	133000001	-1	-1	5
1	134000001	-1	-1	5
1	135000001	-1	-1	5
1	136000001	-1	-1	5
1	137000001	-1	-1	5
1	138000001	-1	-1	5
1	139000001	-1	-1	5
1	140000001	-1	-1	5
1	141000001	-1	-1	5
1	142000001	-1	-1	5
1	143000001	5.23421	-1	5
1	144000001	1.91053	1.91053	6
1	145000001	1.09531	0.93831	3
1	146000001	0.935113	0.93831	3
1	147000001	0.890687	0.93831	3
1	148000001	0.957882	0.93831	3
1	149000001	0.936119	0.93831	3
1	150000001	1.07977	0.93831	3
1	151000001	0.850563	0.93831	3
1	152000001	1.15742	0.93831	3
1	153000001	1.17359	0.93831	3
1	154000001	0.851028	0.93831	3
1	155000001	0.871665	0.93831	3
1	156000001	0.940501	0.93831	3
1	157000001	0.820222	0.93831	3
1	158000001	0.946365	0.93831	3
1	159000001	1.41595	1.30204	4
1	160000001	1.26018	1.30204	4
1	161000001	0.902578	1.30204	4
1	162000001	1.02209	1.30204	4
1	163000001	1.20367	1.30204	4
1	164000001	1.21748	1.30204	4
1	165000001	1.30429	1.30204	4
1	166000001	1.31609	1.30204	4
1	167000001	1.12139	1.30204	4
1	168000001	1.35192	1.30204	4
1	169000001	1.21802	1.30204	4
1	170000001	1.30378	1.30204	4
1	171000001	1.10186	1.30204	4
1	172000001	1.34581	1.30204	4
1	173000001	0.870159	1.30204	4
1	174000001	1.23917	1.30204	4
1	175000001	1.30583	1.30204	4
1	176000001	1.39251	1.30204	4
1	177000001	1.63914	1.30204	4
1	178000001	1.36924	1.30204	4
1	179000001	1.27391	1.30204	4
1	180000001	1.3606	1.30204	4
1	181000001	1.34316	1.30204	4
1	182000001	1.28427	1.30204	4
1	183000001	1.38413	1.30204	4
1	184000001	1.27411	1.30204	4
1	185000001	1.5116	1.30204	4
1	186000001	1.31134	1.30204	4
1	187000001	1.21439	1.30204	4
1	188000001	1.29783	1.30204	4
1	189000001	1.39398	1.30204	4
1	190000001	1.27658	1.30204	4
1	191000001	1.41616	1.30204	4
1	192000001	1.10165	1.30204	4
1	193000001	1.68833	1.30204	4
1	194000001	1.40142	1.30204	4
1	195000001	1.30477	1.30204	4
1	196000001	1.45259	1.30204	4
1	197000001	0.949094	1.30204	4
1	198000001	1.26844	1.30204	4
1	199000001	1.37996	1.30204	4
1	200000001	1.34343	1.30204	4
1	201000001	1.22991	1.30204	4
1	202000001	1.31556	1.30204	4
1	203000001	0.902485	1.30204	4
1	204000001	1.22215	1.30204	4
1	205000001	1.27733	1.30204	4
1	206000001	1.62021	1.30204	4
1	207000001	1.64949	1.30204	4
1	208000001	1.3003	1.30204	4
1	209000001	1.40452	1.30204	4
1	210000001	1.20067	1.30204	4
1	211000001	1.282	1.30204	4
1	212000001	1.38536	1.30204	4
1	213000001	1.05068	1.30204	4
1	214000001	1.06902	1.30204	4
1	215000001	1.18326	1.30204	4
1	216000001	1.15224	1.30204	4
1	217000001	1.56379	1.30204	4
1	218000001	1.29433	1.30204	4
1	219000001	1.20917	1.30204	4
1	220000001	1.18953	1.30204	4
1	221000001	1.30019	1.30204	4
1	222000001	1.05639	1.30204	4
1	223000001	1.41265	1.30204	4
1	224000001	1.22921	1.30204	4
1	225000001	1.13149	1.30204	4
1	226000001	1.35074	1.30204	4
1	227000001	1.42398	1.30204	4
1	228000001	1.41345	1.30204	4
1	229000001	1.31687	1.30204	4
1	230000001	1.54105	1.30204	4
1	231000001	1.35588	1.30204	4
1	232000001	1.69984	1.30204	4
1	233000001	1.43073	1.30204	4
1	234000001	1.25324	1.30204	4
1	235000001	1.48051	1.30204	4
1	236000001	1.2672	1.30204	4
1	237000001	1.35035	1.30204	4
1	238000001	1.16596	1.30204	4
1	239000001	1.45044	1.30204	4
1	240000001	1.27886	1.30204	4
1	241000001	0.949167	1.30204	4
1	242000001	1.20206	1.30204	4
1	243000001	1.40661	1.30204	4
1	244000001	1.17982	1.30204	4
1	245000001	1.4599	1.30204	4
1	246000001	1.56942	1.30204	4
1	247000001	0.877479	0.992703	3
1	248000001	1.10793	0.992703	3
10	1	1.42116	1.02274	3
10	1000001	1.06525	1.02274	3
10	2000001	1.04484	1.02274	3
10	3000001	1.15247	1.02274	3
10	4000001	0.98662	1.02274	3
10	5000001	0.94751	1.02274	3
10	6000001	1.25336	1.02274	3
10	7000001	0.769455	1.02274	3
10	8000001	0.737934	1.02274	3
10	9000001	0.623898	1.02274	3
10	10000001	0.98218	1.02274	3
10	11000001	1.02531	1.02274	3
10	12000001	1.26062	1.02274	3
10	13000001	1.02018	1.02274	3
10	14000001	1.28595	1.02274	3
10	15000001	1.05607	1.02274	3
10	16000001	0.810338	1.02274	3
10	17000001	0.842928	1.02274	3
10	18000001	1.02974	1.02274	3
10	19000001	0.819606	1.02274	3
10	20000001	1.15203	1.02274	3
10	21000001	0.859315	1.02274	3
10	22000001	0.970766	1.02274	3
10	23000001	1.11229	1.02274	3
10	24000001	1.09596	1.02274	3
10	25000001	1.30234	1.02274	3
10	26000001	0.937271	1.02274	3
10	27000001	0.949525	1.02274	3
10	28000001	1.28722	1.02274	3
10	29000001	1.07326	1.02274	3
10	30000001	1.13279	1.02274	3
10	31000001	0.943693	1.02274	3
10	32000001	0.79891	1.02274	3
10	33000001	1.2152	1.02274	3
10	34000001	1.21179	1.02274	3
10	35000001	0.916504	1.02274	3
10	36000001	0.97653	1.02274	3
10	37000001	1.01991	1.02274	3
10	38000001	1.24651	1.31057	4
10	39000001	1.25021	1.31057	4
10	40000001	1.91402	1.31057	4
10	41000001	1.18715	1.31057	4
10	42000001	1.1571	1.31057	4
10	43000001	1.60385	1.31057	4
10	44000001	1.35633	1.31057	4
10	45000001	1.21967	1.31057	4
10	46000001	1.53742	1.31057	4
10	47000001	1.31057	1.31057	4
10	48000001	1.3051	1.31057	4
10	49000001	1.46374	1.31057	4
10	50000001	1.58461	1.31057	4
10	51000001	1.04886	1.26687	4
10	52000001	1.26647	1.26687	4
10	53000001	1.23905	1.26687	4
10	54000001	0.826729	1.26687	4
10	55000001	0.945343	1.26687	4
10	56000001	1.09067	1.26687	4
10	57000001	1.10047	1.26687	4
10	58000001	1.40921	1.26687	4
10	59000001	1.23952	1.26687	4
10	60000001	1.46466	1.26687	4
10	61000001	1.55056	1.26687	4
10	62000001	1.39303	1.26687	4
10	63000001	1.51197	1.26687	4
10	64000001	1.34966	1.26687	4
10	65000001	1.33755	1.26687	4
10	66000001	1.062	1.26687	4
10	67000001	1.26829	1.26687	4
10	68000001	1.36805	1.26687	4
10	69000001	1.32992	1.26687	4
10	70000001	1.31897	1.26687	4
10	71000001	1.34443	1.26687	4
10	72000001	1.59629	1.26687	4
10	73000001	1.20095	1.26687	4
10	74000001	1.08901	1.26687	4
10	75000001	1.09339	1.26687	4
10	76000001	1.06727	1.26687	4
10	77000001	1.44477	1.26687	4
10	78000001	1.3432	1.26687	4
10	79000001	1.2184	1.26687	4
10	80000001	1.26687	1.26687	4
10	81000001	1.27654	1.26687	4
10	82000001	1.21453	1.26687	4
10	83000001	1.30499	1.26687	4
10	84000001	1.16558	1.26687	4
10	85000001	1.16538	1.26687	4
10	86000001	0.750179	0.654004	2
10	87000001	0.642951	0.654004	2
10	88000001	0.669132	0.654004	2
10	89000001	0.779216	0.654004	2
10	90000001	0.811626	0.654004	2
10	91000001	0.578361	0.654004	2
10	92000001	0.594333	0.654004	2
10	93000001	0.711015	0.654004	2
10	94000001	0.533023	0.654004	2
10	95000001	0.761611	0.654004	2
10	96000001	0.620469	0.654004	2
10	97000001	0.652525	0.654004	2
10	98000001	0.58939	0.654004	2
10	99000001	0.78234	0.654004	2
10	100000001	0.600795	0.654004	2
10	101000001	0.588423	0.654004	2
10	102000001	0.62615	0.654004	2
10	103000001	0.606407	0.654004	2
10	104000001	0.593321	0.654004	2
10	105000001	0.556448	0.654004	2
10	106000001	0.640348	0.654004	2
10	107000001	0.74328	0.654004	2
10	108000001	0.655482	0.654004	2
10	109000001	0.793983	0.654004	2
10	110000001	0.504649	0.654004	2
10	111000001	0.641266	0.654004	2
10	112000001	0.656435	0.654004	2
10	113000001	0.719581	0.654004	2
10	114000001	0.659016	0.654004	2
10	115000001	0.647538	0.654004	2
10	116000001	0.5671	0.654004	2
10	117000001	0.783309	0.654004	2
10	118000001	0.899859	0.654004	2
10	119000001	0.643332	0.654004	2
10	120000001	0.671796	0.654004	2
10	121000001	0.655748	0.654004	2
10	122000001	0.832352	0.654004	2
10	123000001	0.816562	0.654004	2
10	124000001	0.564122	0.654004	2
10	125000001	0.72318	0.654004	2
10	126000001	2.39413	2.39413	7
10	127000001	0.710361	0.742158	2
10	128000001	0.827882	0.742158	2
10	129000001	0.641136	0.742158	2
10	130000001	0.742158	0.742158	2
10	131000001	0.755731	0.742158	2
10	132000001	0.649189	0.742158	2
10	133000001	1.87755	0.742158	2
11	1	1.20672	1.27284	4
11	1000001	1.33896	1.27284	4
11	2000001	0.958297	1.05729	3
11	3000001	1.09206	1.05729	3
11	4000001	0.902048	1.05729	3
11	5000001	1.11125	1.05729	3
11	6000001	1.09263	1.05729	3
11	7000001	0.872358	1.05729	3
11	8000001	1.05729	1.05729	3
11	9000001	0.847649	1.05729	3
11	10000001	1.12105	1.05729	3
11	11000001	1.72344	1.72344	5
11	12000001	0.939255	0.939255	3
11	13000001	0.92321	0.939255	3
11	14000001	1.03827	0.939255	3
11	15000001	0.71357	0.711147	2
11	16000001	0.708724	0.711147	2
11	17000001	1.19074	1.19074	4
11	18000001	1.12275	1.19074	4
11	19000001	1.0341	1.19074	4
11	20000001	1.20717	1.19074	4
11	21000001	0.878329	1.19074	4
11	22000001	1.2182	1.19074	4
11	23000001	1.24097	1.19074	4
11	24000001	0.667999	0.925057	3
11	25000001	0.864748	0.925057	3
11	26000001	1.27379	0.925057	3
11	27000001	0.969525	0.925057	3
11	28000001	0.671052	0.925057	3
11	29000001	0.973843	0.925057	3
11	30000001	0.72913	0.925057	3
11	31000001	1.00493	0.925057	3
11	32000001	0.901887	0.925057	3
11	33000001	0.849289	0.925057	3
11	34000001	0.967123	0.925057	3
11	35000001	0.954631	0.925057	3
11	36000001	0.979755	0.925057	3
11	37000001	0.726046	0.925057	3
11	38000001	0.961334	0.925057	3
11	39000001	0.877081	0.925057	3
11	40000001	0.948227	0.925057	3
11	41000001	0.805235	0.925057	3
11	42000001	1.02277	0.994998	3
11	43000001	0.982645	0.994998	3
11	44000001	0.937914	0.994998	3
11	45000001	1.09832	0.994998	3
11	46000001	1.14055	0.994998	3
11	47000001	0.934338	0.994998	3
11	48000001	1.16619	0.994998	3
11	49000001	0.867329	0.994998	3
11	50000001	0.961799	0.994998	3
11	51000001	0.971663	0.994998	3
11	52000001	0.947196	0.994998	3
11	53000001	0.788573	0.994998	3
11	54000001	1.14424	0.994998	3
11	55000001	1.16163	0.994998	3
11	56000001	0.869397	0.994998	3
11	57000001	0.907082	0.994998	3
11	58000001	1.02851	0.994998	3
11	59000001	1.01377	0.994998	3
11	60000001	1.22234	0.994998	3
11	61000001	1.05303	0.994998	3
11	62000001	0.924046	0.994998	3
11	63000001	0.994998	0.994998	3
11	64000001	1.01632	0.994998	3
11	65000001	1.1913	0.994998	3
11	66000001	0.884819	0.994998	3
11	67000001	1.0991	1.16105	3
11	68000001	1.08983	1.16105	3
11	69000001	1.31091	1.16105	3
11	70000001	1.12996	1.16105	3
11	71000001	1.19214	1.16105	3
11	72000001	1.19328	1.16105	3
11	73000001	0.816875	0.81709	2
11	74000001	1.0286	0.81709	2
11	75000001	0.817306	0.81709	2
11	76000001	0.616773	0.81709	2
11	77000001	0.7695	0.81709	2
11	78000001	1.06947	0.81709	2
11	79000001	1.04845	0.81709	2
11	80000001	0.804065	0.81709	2
11	81000001	0.842843	0.81709	2
11	82000001	0.806735	0.81709	2
11	83000001	0.842275	0.81709	2
11	84000001	0.735224	0.81709	2
11	85000001	1.00001	0.917271	3
11	86000001	0.97765	0.917271	3
11	87000001	0.808363	0.917271	3
11	88000001	1.08445	0.917271	3
11	89000001	1.02083	0.917271	3
11	90000001	0.956793	0.917271	3
11	91000001	0.651632	0.917271	3
11	92000001	0.858962	0.917271	3
11	93000001	0.877749	0.917271	3
11	94000001	0.871779	0.917271	3
11	95000001	0.967034	0.959405	3
11	96000001	1.27039	0.959405	3
11	97000001	0.772579	0.959405	3
11	98000001	0.951984	0.959405	3
11	99000001	0.900805	0.959405	3
11	100000001	1.11941	0.959405	3
11	101000001	0.966827	0.959405	3
11	102000001	0.909749	0.959405	3
11	103000001	1.25266	1.27685	4
11	104000001	1.30104	1.27685	4
11	105000001	0.920671	0.978288	3
11	106000001	0.664371	0.978288	3
11	107000001	1.2119	0.978288	3
11	108000001	1.0461	0.978288	3
11	109000001	0.944299	0.978288	3
11	110000001	0.861132	0.978288	3
11	111000001	1.01228	0.978288	3
11	112000001	1.05531	0.978288	3
11	113000001	0.923544	0.846256	3
11	114000001	0.941116	0.846256	3
11	115000001	0.591895	0.846256	3
11	116000001	0.768967	0.846256	3
11	117000001	0.985287	1.03981	3
11	118000001	1.21582	1.03981	3
11	119000001	1.13445	1.03981	3
11	120000001	0.7819	1.03981	3
11	121000001	1.02244	1.03981	3
11	122000001	0.828915	1.03981	3
11	123000001	0.907693	1.03981	3
11	124000001	1.23096	1.03981	3
11	125000001	1.03981	1.03981	3
11	126000001	1.29627	1.03981	3
11	127000001	1.14594	1.03981	3
11	128000001	1.03225	1.03981	3
11	129000001	1.08069	1.03981	3
11	130000001	0.872253	1.03981	3
11	131000001	1.02502	1.03981	3
11	132000001	1.05903	1.03981	3
11	133000001	1.12632	1.03981	3
11	134000001	1.13878	1.03981	3
11	135000001	0.356435	1.03981	3
12	1	0.711731	0.754869	2
12	1000001	0.617557	0.754869	2
12	2000001	0.770536	0.754869	2
12	3000001	0.918979	0.754869	2
12	4000001	0.807656	0.754869	2
12	5000001	0.820003	0.754869	2
12	6000001	0.737077	0.754869	2
12	7000001	0.795943	0.754869	2
12	8000001	0.779612	0.754869	2
12	9000001	0.940185	0.754869	2
12	10000001	0.561874	0.754869	2
12	11000001	0.773073	0.754869	2
12	12000001	0.512784	0.754869	2
12	13000001	0.712856	0.754869	2
12	14000001	0.821541	0.754869	2
12	15000001	0.754869	0.754869	2
12	16000001	0.61133	0.754869	2
12	17000001	0.568344	0.754869	2
12	18000001	0.833747	0.754869	2
12	19000001	0.703682	0.754869	2
12	20000001	0.517008	0.754869	2
12	21000001	0.665199	0.754869	2
12	22000001	0.812905	0.754869	2
12	23000001	0.887985	0.982312	3
12	24000001	0.826066	0.982312	3
12	25000001	1.09136	0.982312	3
12	26000001	1.00209	0.982312	3
12	27000001	0.880585	0.982312	3
12	28000001	0.959203	0.982312	3
12	29000001	0.797112	0.982312	3
12	30000001	1.06269	0.982312	3
12	31000001	1.08974	0.982312	3
12	32000001	0.995973	0.982312	3
12	33000001	1.42426	0.982312	3
12	34000001	1.11675	0.982312	3
12	35000001	0.98536	0.982312	3
12	36000001	0.841003	0.982312	3
12	37000001	0.969287	0.982312	3
12	38000001	0.893935	0.982312	3
12	39000001	0.76126	0.982312	3
12	40000001	0.916278	0.982312	3
12	41000001	1.05198	0.982312	3
12	42000001	0.994345	0.982312	3
12	43000001	1.04676	0.982312	3
12	44000001	1.11317	0.982312	3
12	45000001	0.83604	0.982312	3
12	46000001	0.849728	0.982312	3
12	47000001	0.982312	0.982312	3
12	48000001	1.59403	1.13777	3
12	49000001	1.07129	1.13777	3
12	50000001	0.966343	1.13777	3
12	51000001	1.20426	1.13777	3
12	52000001	0.975808	0.953344	3
12	53000001	1.02835	0.953344	3
12	54000001	0.995422	0.953344	3
12	55000001	1.15162	0.953344	3
12	56000001	0.904194	0.953344	3
12	57000001	0.779827	0.953344	3
12	58000001	1.07628	0.953344	3
12	59000001	1.02503	0.953344	3
12	60000001	0.778173	0.953344	3
12	61000001	0.86261	0.953344	3
12	62000001	0.973367	0.953344	3
12	63000001	0.879101	0.953344	3
12	64000001	1.07915	0.953344	3
12	65000001	1.15998	0.953344	3
12	66000001	1.00092	0.953344	3
12	67000001	0.992312	0.953344	3
12	68000001	0.959083	0.953344	3
12	69000001	1.11055	0.953344	3
12	70000001	0.924789	0.953344	3
12	71000001	0.791813	0.953344	3
12	72000001	0.752977	0.953344	3
12	73000001	1.17346	0.953344	3
12	74000001	0.785199	0.953344	3
12	75000001	0.940492	0.953344	3
12	76000001	1.11823	0.953344	3
12	77000001	0.993211	0.953344	3
12	78000001	0.676077	0.953344	3
12	79000001	0.898491	0.953344	3
12	80000001	0.951146	0.953344	3
12	81000001	0.953739	0.953344	3
12	82000001	0.962047	0.953344	3
12	83000001	0.890343	0.953344	3
12	84000001	0.864596	0.953344	3
12	85000001	1.01869	0.953344	3
12	86000001	0.782104	0.953344	3
12	87000001	0.801662	0.953344	3
12	88000001	0.953344	0.953344	3
12	89000001	1.09818	0.953344	3
12	90000001	0.809333	0.953344	3
12	91000001	0.886032	0.953344	3
12	92000001	0.907718	0.953344	3
12	93000001	0.808961	0.953344	3
12	94000001	1.03153	0.953344	3
12	95000001	0.787093	0.953344	3
12	96000001	0.991685	0.953344	3
12	97000001	0.934897	0.953344	3
12	98000001	0.874748	0.953344	3
12	99000001	1.05829	0.953344	3
12	100000001	0.871446	0.953344	3
12	101000001	0.987692	0.953344	3
12	102000001	1.04188	0.953344	3
12	103000001	0.835395	0.953344	3
12	104000001	1.14781	0.953344	3
12	105000001	0.872765	0.953344	3
12	106000001	0.989084	0.953344	3
12	107000001	0.879415	0.953344	3
12	108000001	1.02756	0.953344	3
12	109000001	0.72724	0.953344	3
12	110000001	0.967617	0.953344	3
12	111000001	1.34811	1.03964	3
12	112000001	1.06675	1.03964	3
12	113000001	0.891305	1.03964	3
12	114000001	1.03964	1.03964	3
12	115000001	0.714747	1.03964	3
12	116000001	0.848564	1.03964	3
12	117000001	1.10533	1.03964	3
12	118000001	1.05649	1.03964	3
12	119000001	0.940615	1.03964	3
12	120000001	1.03356	1.03964	3
12	121000001	1.26069	1.03964	3
12	122000001	1.11763	1.03964	3
12	123000001	1.11211	1.03964	3
12	124000001	1.12651	1.03964	3
12	125000001	0.959288	1.03964	3
12	126000001	0.8765	1.03964	3
12	127000001	0.774569	1.03964	3
12	128000001	0.829184	1.03964	3
12	129000001	1.15669	1.03964	3
12	130000001	1.2154	1.35727	4
12	131000001	1.58417	1.35727	4
12	132000001	1.18763	1.35727	4
12	133000001	1.49913	1.35727	4
13	1	-1	-1	2
13	1000001	-1	-1	2
13	2000001	-1	-1	2
13	3000001	-1	-1	2
13	4000001	-1	-1	2
13	5000001	-1	-1	2
13	6000001	-1	-1	2
13	7000001	-1	-1	2
13	8000001	-1	-1	2
13	9000001	-1	-1	2
13	10000001	-1	-1	2
13	11000001	-1	-1	2
13	12000001	-1	-1	2
13	13000001	-1	-1	2
13	14000001	-1	-1	2
13	15000001	-1	-1	2
13	16000001	0.822395	0.699154	2
13	17000001	0.757073	0.699154	2
13	18000001	0.691948	0.699154	2
13	19000001	0.886594	0.699154	2
13	20000001	0.638435	0.699154	2
13	21000001	0.747629	0.699154	2
13	22000001	0.600659	0.699154	2
13	23000001	0.595302	0.699154	2
13	24000001	0.558934	0.699154	2
13	25000001	0.824775	0.699154	2
13	26000001	0.673915	0.699154	2
13	27000001	0.607078	0.699154	2
13	28000001	0.699195	0.699154	2
13	29000001	0.925392	0.699154	2
13	30000001	0.798951	0.699154	2
13	31000001	1.07389	0.699154	2
13	32000001	0.514301	0.699154	2
13	33000001	0.483686	0.699154	2
13	34000001	0.924922	0.699154	2
13	35000001	0.664942	0.699154	2
13	36000001	0.800052	0.699154	2
13	37000001	0.752249	0.699154	2
13	38000001	0.516213	0.699154	2
13	39000001	1.00455	0.699154	2
13	40000001	0.651257	0.699154	2
13	41000001	1.26719	0.699154	2
13	42000001	0.530968	0.699154	2
13	43000001	0.788924	0.699154	2
13	44000001	0.761847	0.699154	2
13	45000001	1.0765	0.699154	2
13	46000001	0.412688	0.699154	2
13	47000001	0.886689	0.699154	2
13	48000001	0.742955	0.699154	2
13	49000001	0.759416	0.699154	2
13	50000001	0.72522	0.699154	2
13	51000001	0.636574	0.699154	2
13	52000001	0.62013	0.699154	2
13	53000001	0.818295	0.699154	2
13	54000001	0.590077	0.699154	2
13	55000001	0.638225	0.699154	2
13	56000001	0.612717	0.699154	2
13	57000001	0.561614	0.699154	2
13	58000001	0.657806	0.699154	2
13	59000001	0.524356	0.699154	2
13	60000001	0.699113	0.699154	2
13	61000001	0.720791	0.699154	2
13	62000001	0.65652	0.699154	2
13	63000001	0.531453	0.699154	2
13	64000001	0.775944	0.699154	2
13	65000001	0.629602	0.699154	2
13	66000001	0.499933	0.699154	2
13	67000001	0.638415	0.699154	2
13	68000001	0.609445	0.699154	2
13	69000001	0.761315	0.699154	2
13	70000001	0.647117	0.699154	2
13	71000001	1.31361	0.699154	2
13	72000001	0.738381	0.699154	2
13	73000001	0.866362	0.699154	2
13	74000001	0.737754	0.699154	2
13	75000001	0.715387	0.699154	2
13	76000001	0.565948	0.699154	2
13	77000001	0.796845	0.699154	2
13	78000001	0.615263	0.699154	2
13	79000001	0.75444	0.699154	2
13	80000001	1.78875	1.78875	5
13	81000001	0.994632	0.683642	2
13	82000001	0.683642	0.683642	2
13	83000001	0.717203	0.683642	2
13	84000001	0.672656	0.683642	2
13	85000001	0.581731	0.683642	2
13	86000001	0.897403	0.683642	2
13	87000001	0.65976	0.683642	2
13	88000001	0.624017	0.683642	2
13	89000001	1.24276	0.683642	2
13	90000001	4.4466	4.4466	13
13	91000001	3.37307	3.37307	10
13	92000001	1.96236	1.96236	6
13	93000001	1.2258	0.694299	2
13	94000001	0.673013	0.694299	2
13	95000001	0.829269	0.694299	2
13	96000001	0.60137	0.694299	2
13	97000001	0.521403	0.694299	2
13	98000001	0.607386	0.694299	2
13	99000001	0.689192	0.694299	2
13	100000001	0.585867	0.694299	2
13	101000001	0.936403	0.694299	2
13	102000001	0.520208	0.694299	2
13	103000001	0.660533	0.694299	2
13	104000001	0.678735	0.694299	2
13	105000001	0.712359	0.694299	2
13	106000001	0.721781	0.694299	2
13	107000001	1.15144	0.694299	2
13	108000001	0.547507	0.694299	2
13	109000001	0.754728	0.694299	2
13	110000001	0.761737	0.694299	2
13	111000001	0.943581	0.694299	2
13	112000001	0.699406	0.694299	2
13	113000001	0.849714	0.694299	2
13	114000001	0.617143	0.694299	2
14	1	-1	-1	4
14	1000001	-1	-1	4
14	2000001	-1	-1	4
14	3000001	-1	-1	4
14	4000001	-1	-1	4
14	5000001	-1	-1	4
14	6000001	-1	-1	4
14	7000001	-1	-1	4
14	8000001	-1	-1	4
14	9000001	-1	-1	4
14	10000001	-1	-1	4
14	11000001	-1	-1	4
14	12000001	-1	-1	4
14	13000001	-1	-1	4
14	14000001	-1	-1	4
14	15000001	-1	-1	4
14	16000001	1.34045	1.34045	4
14	17000001	0.774156	0.845734	3
14	18000001	0.917313	0.845734	3
14	19000001	1.73483	1.73483	5
14	20000001	0.659596	0.57007	2
14	21000001	0.424118	0.57007	2
14	22000001	0.797119	0.57007	2
14	23000001	0.730679	0.57007	2
14	24000001	0.559506	0.57007	2
14	25000001	0.494303	0.57007	2
14	26000001	0.517154	0.57007	2
14	27000001	0.54958	0.57007	2
14	28000001	0.506333	0.57007	2
14	29000001	0.703052	0.57007	2
14	30000001	0.520914	0.57007	2
14	31000001	0.631732	0.57007	2
14	32000001	0.570186	0.57007	2
14	33000001	0.813282	0.57007	2
14	34000001	0.725138	0.57007	2
14	35000001	0.514276	0.57007	2
14	36000001	0.671103	0.57007	2
14	37000001	0.780824	0.57007	2
14	38000001	0.54849	0.57007	2
14	39000001	0.561797	0.57007	2
14	40000001	0.619875	0.57007	2
14	41000001	0.606517	0.57007	2
14	42000001	0.561017	0.57007	2
14	43000001	0.629971	0.57007	2
14	44000001	0.569953	0.57007	2
14	45000001	0.377021	0.57007	2
14	46000001	0.6189	0.57007	2
14	47000001	0.542548	0.57007	2
14	48000001	0.770448	0.735436	2
14	49000001	0.629774	0.735436	2
14	50000001	0.844285	0.735436	2
14	51000001	0.719484	0.735436	2
14	52000001	0.754397	0.735436	2
14	53000001	0.554751	0.735436	2
14	54000001	0.6859	0.735436	2
14	55000001	0.779542	0.735436	2
14	56000001	0.766621	0.735436	2
14	57000001	0.735436	0.735436	2
14	58000001	0.709911	0.735436	2
14	59000001	0.968744	0.968744	3
14	60000001	1.98618	1.98618	6
14	61000001	0.909036	0.702072	2
14	62000001	0.439239	0.702072	2
14	63000001	0.796964	0.702072	2
14	64000001	0.633852	0.702072	2
14	65000001	0.501189	0.702072	2
14	66000001	0.602935	0.702072	2
14	67000001	0.476047	0.702072	2
14	68000001	0.919574	0.702072	2
14	69000001	0.669544	0.702072	2
14	70000001	0.695768	0.702072	2
14	71000001	0.626439	0.702072	2
14	72000001	0.87078	0.702072	2
14	73000001	0.737379	0.702072	2
14	74000001	0.737247	0.702072	2
14	75000001	0.744682	0.702072	2
14	76000001	0.737506	0.702072	2
14	77000001	0.662237	0.702072	2
14	78000001	0.65543	0.702072	2
14	79000001	0.635426	0.702072	2
14	80000001	0.714584	0.702072	2
14	81000001	0.518794	0.702072	2
14	82000001	0.590895	0.702072	2
14	83000001	0.589587	0.702072	2
14	84000001	0.788235	0.702072	2
14	85000001	0.688353	0.702072	2
14	86000001	0.709685	0.702072	2
14	87000001	0.521538	0.702072	2
14	88000001	0.887317	0.702072	2
14	89000001	0.708573	0.702072	2
14	90000001	0.537908	0.702072	2
14	91000001	0.777738	0.702072	2
14	92000001	0.62271	0.702072	2
14	93000001	0.785204	0.702072	2
14	94000001	0.710772	0.702072	2
14	95000001	0.592444	0.702072	2
14	96000001	0.799607	0.702072	2
14	97000001	0.611254	0.702072	2
14	98000001	0.708375	0.702072	2
14	99000001	0.562539	0.702072	2
14	100000001	0.79543	0.702072	2
14	101000001	0.890415	0.702072	2
14	102000001	0.593844	0.702072	2
14	103000001	0.799342	0.702072	2
14	104000001	0.721785	0.702072	2
14	105000001	0.813023	0.702072	2
14	106000001	0.627462	0.702072	2
14	107000001	-1	-1	2
15	1	-1	-1	4
15	1000001	-1	-1	4
15	2000001	-1	-1	4
15	3000001	-1	-1	4
15	4000001	-1	-1	4
15	5000001	-1	-1	4
15	6000001	-1	-1	4
15	7000001	-1	-1	4
15	8000001	-1	-1	4
15	9000001	-1	-1	4
15	10000001	-1	-1	4
15	11000001	-1	-1	4
15	12000001	-1	-1	4
15	13000001	-1	-1	4
15	14000001	-1	-1	4
15	15000001	-1	-1	4
15	16000001	-1	-1	4
15	17000001	1.22899	1.22899	4
15	18000001	1.23728	1.22899	4
15	19000001	1.22047	1.22899	4
15	20000001	0.980644	1.05651	3
15	21000001	1.12282	1.05651	3
15	22000001	1.05651	1.05651	3
15	23000001	0.732494	0.834325	3
15	24000001	0.834325	0.834325	3
15	25000001	1.05862	0.834325	3
15	26000001	0.980204	0.834325	3
15	27000001	0.801328	0.834325	3
15	28000001	1.08726	1.06861	3
15	29000001	1.26284	1.06861	3
15	30000001	1.04997	1.06861	3
15	31000001	0.886647	1.06861	3
15	32000001	0.893226	1.06861	3
15	33000001	1.18385	1.06861	3
15	34000001	0.879691	1.06861	3
15	35000001	1.02055	1.06861	3
15	36000001	1.09479	1.06861	3
15	37000001	1.21777	1.06861	3
15	38000001	0.904152	1.01086	3
15	39000001	0.7608	1.01086	3
15	40000001	0.976275	1.01086	3
15	41000001	1.15966	1.01086	3
15	42000001	1.04545	1.01086	3
15	43000001	1.15658	1.01086	3
15	44000001	0.966721	1.01086	3
15	45000001	1.13804	1.01086	3
15	46000001	0.764204	0.863819	3
15	47000001	0.799599	0.863819	3
15	48000001	0.979581	0.863819	3
15	49000001	0.863819	0.863819	3
15	50000001	0.882556	0.863819	3
15	51000001	0.985789	1.0177	3
15	52000001	1.08768	1.0177	3
15	53000001	1.05329	1.0177	3
15	54000001	1.16089	1.0177	3
15	55000001	1.00939	1.0177	3
15	56000001	0.945172	1.0177	3
15	57000001	1.02602	1.0177	3
15	58000001	0.848911	1.0177	3
15	59000001	1.05288	1.0177	3
15	60000001	1.02981	1.0177	3
15	61000001	0.834245	1.0177	3
15	62000001	0.951052	1.0177	3
15	63000001	1.06971	1.0177	3
15	64000001	0.94079	1.0177	3
15	65000001	1.31889	1.03781	3
15	66000001	0.919155	1.03781	3
15	67000001	1.21848	1.03781	3
15	68000001	1.03781	1.03781	3
15	69000001	1.02347	1.03781	3
15	70000001	0.910405	1.04527	3
15	71000001	0.847006	1.04527	3
15	72000001	0.933867	1.04527	3
15	73000001	1.12419	1.04527	3
15	74000001	1.06835	1.04527	3
15	75000001	1.04527	1.04527	3
15	76000001	0.851348	1.04527	3
15	77000001	1.05933	1.04527	3
15	78000001	1.05531	1.04527	3
15	79000001	0.963689	1.04527	3
15	80000001	1.09554	1.04527	3
15	81000001	0.94941	0.926373	3
15	82000001	0.878028	0.926373	3
15	83000001	0.937217	0.926373	3
15	84000001	0.765545	0.926373	3
15	85000001	0.936734	0.926373	3
15	86000001	0.916012	0.926373	3
15	87000001	1.03961	1.12137	3
15	88000001	1.12137	1.12137	3
15	89000001	1.21593	1.12137	3
15	90000001	0.808342	0.947747	3
15	91000001	0.866367	0.947747	3
15	92000001	1.02913	0.947747	3
15	93000001	1.20149	0.947747	3
15	94000001	0.85542	0.86815	3
15	95000001	0.88088	0.86815	3
15	96000001	0.635886	0.86815	3
15	97000001	0.894084	0.86815	3
15	98000001	1.20307	1.19609	4
15	99000001	1.18912	1.19609	4
15	100000001	1.30394	1.19609	4
15	101000001	1.01186	1.19609	4
16	1	1.09392	0.997273	3
16	1000001	1.24345	0.997273	3
16	2000001	0.982215	0.997273	3
16	3000001	1.06569	0.997273	3
16	4000001	1.0832	0.997273	3
16	5000001	1.16917	0.997273	3
16	6000001	0.969453	0.997273	3
16	7000001	0.686406	0.997273	3
16	8000001	1.07875	0.997273	3
16	9000001	0.934474	0.997273	3
16	10000001	1.33411	0.997273	3
16	11000001	1.01284	0.997273	3
16	12000001	0.971229	0.997273	3
16	13000001	1.11426	0.997273	3
16	14000001	0.900984	0.997273	3
16	15000001	0.900919	0.997273	3
16	16000001	0.988016	0.997273	3
16	17000001	0.962136	0.997273	3
16	18000001	0.970703	0.997273	3
16	19000001	0.898311	0.997273	3
16	20000001	0.937895	0.997273	3
16	21000001	0.876815	0.997273	3
16	22000001	0.986265	0.997273	3
16	23000001	1.44476	0.997273	3
16	24000001	1.13456	0.997273	3
16	25000001	1.18824	0.997273	3
16	26000001	0.821293	0.997273	3
16	27000001	1.20042	0.997273	3
16	28000001	1.36888	0.997273	3
16	29000001	1.13383	0.997273	3
16	30000001	0.787369	0.997273	3
16	31000001	1.06015	0.997273	3
16	32000001	0.997273	0.997273	3
16	33000001	1.73792	1.82059	5
16	34000001	1.90326	1.82059	5
16	35000001	1.00897	0.988514	3
16	36000001	0.91084	0.988514	3
16	37000001	0.968059	0.988514	3
16	38000001	1.17454	0.988514	3
16	39000001	-1	-1	3
16	40000001	-1	-1	3
16	41000001	-1	-1	3
16	42000001	-1	-1	3
16	43000001	-1	-1	3
16	44000001	-1	-1	3
16	45000001	-1	-1	3
16	46000001	3.95605	3.95605	12
16	47000001	0.905535	0.913731	3
16	48000001	0.901675	0.913731	3
16	49000001	0.913731	0.913731	3
16	50000001	0.927686	0.913731	3
16	51000001	0.994299	0.913731	3
16	52000001	0.777427	0.913731	3
16	53000001	0.963175	0.913731	3
16	54000001	1.0188	1.01495	3
16	55000001	1.15305	1.01495	3
16	56000001	0.998778	1.01495	3
16	57000001	1.13993	1.01495	3
16	58000001	1.04488	1.01495	3
16	59000001	1.01111	1.01495	3
16	60000001	1.11223	1.01495	3
16	61000001	1.12467	1.01495	3
16	62000001	1.02915	1.01495	3
16	63000001	0.870814	1.01495	3
16	64000001	0.860769	1.01495	3
16	65000001	0.983132	1.01495	3
16	66000001	1.10515	1.01495	3
16	67000001	0.958534	1.01495	3
16	68000001	1.27185	1.01495	3
16	69000001	0.748965	1.01495	3
16	70000001	0.83877	1.01495	3
16	71000001	0.987879	1.01495	3
16	72000001	1.09855	1.01495	3
16	73000001	0.967404	1.01495	3
16	74000001	1.52054	1.01495	3
16	75000001	0.99555	1.01495	3
16	76000001	1.07834	1.01495	3
16	77000001	0.941046	1.01495	3
16	78000001	1.20389	1.31861	4
16	79000001	1.31568	1.31861	4
16	80000001	1.17594	1.31861	4
16	81000001	1.39338	1.31861	4
16	82000001	1.45075	1.31861	4
16	83000001	1.42753	1.31861	4
16	84000001	1.67705	1.31861	4
16	85000001	1.15613	1.31861	4
16	86000001	1.31861	1.31861	4
16	87000001	1.15918	1.31861	4
16	88000001	1.55753	1.31861	4
16	89000001	1.41067	1.31861	4
16	90000001	1.23164	1.31861	4
17	1	1.29129	1.29129	4
17	1000001	0.714601	0.676021	2
17	2000001	0.841689	0.676021	2
17	3000001	0.70715	0.676021	2
17	4000001	0.753446	0.676021	2
17	5000001	0.79442	0.676021	2
17	6000001	0.652818	0.676021	2
17	7000001	0.725288	0.676021	2
17	8000001	0.677964	0.676021	2
17	9000001	0.665093	0.676021	2
17	10000001	0.498469	0.676021	2
17	11000001	0.695986	0.676021	2
17	12000001	0.721133	0.676021	2
17	13000001	0.528558	0.676021	2
17	14000001	0.731348	0.676021	2
17	15000001	0.674079	0.676021	2
17	16000001	0.638201	0.676021	2
17	17000001	0.548879	0.676021	2
17	18000001	0.630683	0.676021	2
17	19000001	0.549448	0.676021	2
17	20000001	0.570466	0.676021	2
17	21000001	0.849142	0.849142	3
17	22000001	0.960095	0.849142	3
17	23000001	0.858719	0.849142	3
17	24000001	0.712198	0.849142	3
17	25000001	0.838954	0.849142	3
17	26000001	2.08939	2.08939	6
17	27000001	1.19562	0.970997	3
17	28000001	0.94398	0.970997	3
17	29000001	0.870024	0.970997	3
17	30000001	1.08904	0.970997	3
17	31000001	1.01702	0.970997	3
17	32000001	0.957421	0.970997	3
17	33000001	0.876682	0.970997	3
17	34000001	1.04332	0.970997	3
17	35000001	0.944087	0.970997	3
17	36000001	1.46148	0.970997	3
17	37000001	1.13913	0.970997	3
17	38000001	1.15869	0.970997	3
17	39000001	1.07319	0.970997	3
17	40000001	1.02489	0.970997	3
17	41000001	0.898691	0.970997	3
17	42000001	0.935656	0.970997	3
17	43000001	1.05439	0.970997	3
17	44000001	0.946144	0.970997	3
17	45000001	1.05212	0.970997	3
17	46000001	0.787193	0.970997	3
17	47000001	1.02285	0.970997	3
17	48000001	0.906006	0.970997	3
17	49000001	0.947017	0.970997	3
17	50000001	0.792599	0.970997	3
17	51000001	1.07797	0.970997	3
17	52000001	0.976105	0.970997	3
17	53000001	1.16832	0.970997	3
17	54000001	0.825759	0.970997	3
17	55000001	1.25618	0.970997	3
17	56000001	0.992175	0.970997	3
17	57000001	0.974489	0.970997	3
17	58000001	0.886697	0.970997	3
17	59000001	0.802108	0.970997	3
17	60000001	1.09451	0.970997	3
17	61000001	0.853215	0.970997	3
17	62000001	1.54705	0.970997	3
17	63000001	0.769463	0.970997	3
17	64000001	0.7547	0.970997	3
17	65000001	0.871887	0.970997	3
17	66000001	1.08954	0.970997	3
17	67000001	0.843924	0.970997	3
17	68000001	0.960774	0.970997	3
17	69000001	0.789154	0.970997	3
17	70000001	0.750715	0.970997	3
17	71000001	0.967506	0.970997	3
17	72000001	1.05784	0.970997	3
17	73000001	0.834325	0.970997	3
17	74000001	0.994867	0.970997	3
17	75000001	1.10063	0.970997	3
17	76000001	1.05933	0.970997	3
17	77000001	1.7078	1.19427	4
17	78000001	1.10542	1.19427	4
17	79000001	1.02076	1.19427	4
17	80000001	1.28312	1.19427	4
17	81000001	2.98343	2.98343	9
17	82000001	1.08922	1.17495	4
17	83000001	1.26068	1.17495	4
18	1	2.47627	2.47627	7
18	1000001	0.977378	1.27542	4
18	2000001	1.07576	1.27542	4
18	3000001	1.27285	1.27542	4
18	4000001	1.27799	1.27542	4
18	5000001	1.39559	1.27542	4
18	6000001	1.35627	1.27542	4
18	7000001	1.38674	1.27542	4
18	8000001	1.06961	1.27542	4
18	9000001	0.994059	1.27542	4
18	10000001	1.50509	1.27542	4
18	11000001	1.12618	0.998402	3
18	12000001	0.882679	0.998402	3
18	13000001	0.939662	0.998402	3
18	14000001	1.07846	0.998402	3
18	15000001	0.998402	0.998402	3
18	16000001	1.64463	1.67169	5
18	17000001	1.67169	1.67169	5
18	18000001	1.7755	1.67169	5
18	19000001	1.75987	1.67169	5
18	20000001	1.55137	1.67169	5
18	21000001	1.10132	1.10132	3
18	22000001	1.07165	1.10132	3
18	23000001	1.15756	1.10132	3
18	24000001	1.83953	1.93907	6
18	25000001	2.03862	1.93907	6
18	26000001	1.31971	1.287	4
18	27000001	1.33867	1.287	4
18	28000001	1.31502	1.287	4
18	29000001	1.50618	1.287	4
18	30000001	0.821661	1.287	4
18	31000001	1.1931	1.287	4
18	32000001	1.46788	1.287	4
18	33000001	1.10399	1.287	4
18	34000001	1.08924	1.287	4
18	35000001	1.36307	1.287	4
18	36000001	1.2777	1.287	4
18	37000001	1.22444	1.287	4
18	38000001	0.875708	1.287	4
18	39000001	1.2963	1.287	4
18	40000001	1.42322	1.287	4
18	41000001	1.11028	1.287	4
18	42000001	0.744983	0.67057	2
18	43000001	0.735594	0.67057	2
18	44000001	1.01697	0.67057	2
18	45000001	0.56202	0.67057	2
18	46000001	0.670596	0.67057	2
18	47000001	0.631579	0.67057	2
18	48000001	0.552069	0.67057	2
18	49000001	0.760063	0.67057	2
18	50000001	0.759563	0.67057	2
18	51000001	0.540743	0.67057	2
18	52000001	0.607509	0.67057	2
18	53000001	0.647514	0.67057	2
18	54000001	0.614148	0.67057	2
18	55000001	0.562533	0.67057	2
18	56000001	0.719637	0.67057	2
18	57000001	0.768824	0.67057	2
18	58000001	0.663443	0.67057	2
18	59000001	0.67057	0.67057	2
18	60000001	0.675235	0.67057	2
18	61000001	1.73082	1.73082	5
18	62000001	0.653788	0.675796	2
18	63000001	0.635101	0.675796	2
18	64000001	0.641496	0.675796	2
18	65000001	0.895972	0.675796	2
18	66000001	0.636646	0.675796	2
18	67000001	0.776896	0.675796	2
18	68000001	0.833156	0.675796	2
18	69000001	0.662037	0.675796	2
18	70000001	0.734659	0.675796	2
18	71000001	0.86378	0.675796	2
18	72000001	0.626376	0.675796	2
18	73000001	0.530334	0.675796	2
18	74000001	0.58204	0.675796	2
18	75000001	0.728549	0.675796	2
18	76000001	0.675796	0.675796	2
18	77000001	1.25487	0.675796	2
18	78000001	0.610268	0.675796	2
18	79000001	0.732697	0.675796	2
18	80000001	0.948097	0.675796	2
19	1	0.917723	1.05643	3
19	1000001	1.18014	1.05643	3
19	2000001	1.12012	1.05643	3
19	3000001	0.814485	1.05643	3
19	4000001	0.976137	1.05643	3
19	5000001	1.233	1.05643	3
19	6000001	1.02802	1.05643	3
19	7000001	1.10793	1.05643	3
19	8000001	1.2752	1.05643	3
19	9000001	0.929722	1.05643	3
19	10000001	0.986309	1.05643	3
19	11000001	1.12993	1.05643	3
19	12000001	1.01959	1.05643	3
19	13000001	1.09601	1.05643	3
19	14000001	1.05643	1.05643	3
19	15000001	1.22338	1.12508	3
19	16000001	1.27238	1.12508	3
19	17000001	1.13818	1.12508	3
19	18000001	1.1487	1.12508	3
19	19000001	1.30233	1.12508	3
19	20000001	0.886676	1.12508	3
19	21000001	1.0044	1.12508	3
19	22000001	1.01762	1.12508	3
19	23000001	0.999261	1.12508	3
19	24000001	1.11197	1.12508	3
19	25000001	1.89089	1.7639	5
19	26000001	1.63691	1.7639	5
19	27000001	1.21512	1.16256	3
19	28000001	0.796652	1.16256	3
19	29000001	1.17512	1.16256	3
19	30000001	0.844976	1.16256	3
19	31000001	1.16192	1.16256	3
19	32000001	0.850615	1.16256	3
19	33000001	1.20498	1.16256	3
19	34000001	1.20911	1.16256	3
19	35000001	1.26542	1.16256	3
19	36000001	1.66085	1.16256	3
19	37000001	1.2195	1.16256	3
19	38000001	1.10875	1.16256	3
19	39000001	1.02991	1.16256	3
19	40000001	1.06046	1.16256	3
19	41000001	1.16256	1.16256	3
19	42000001	1.21557	1.16256	3
19	43000001	1.07976	1.16256	3
19	44000001	1.04951	0.99551	3
19	45000001	0.941162	0.99551	3
19	46000001	1.123	0.99551	3
19	47000001	0.884317	0.99551	3
19	48000001	0.918716	0.99551	3
19	49000001	1.04906	0.99551	3
19	50000001	1.06872	0.99551	3
19	51000001	0.873403	0.99551	3
19	52000001	1.00027	0.99551	3
19	53000001	1.06846	0.99551	3
19	54000001	1.01459	0.99551	3
19	55000001	0.99551	0.99551	3
19	56000001	0.9837	0.99551	3
19	57000001	0.958046	0.99551	3
19	58000001	0.828961	0.99551	3
2	1	1.05535	0.975245	3
2	1000001	1.24857	0.975245	3
2	2000001	0.894844	0.975245	3
2	3000001	0.988842	0.975245	3
2	4000001	0.853945	0.975245	3
2	5000001	1.05271	0.975245	3
2	6000001	1.10981	0.975245	3
2	7000001	1.01014	0.975245	3
2	8000001	1.16218	0.975245	3
2	9000001	0.975499	0.975245	3
2	10000001	0.842124	0.975245	3
2	11000001	1.18966	0.975245	3
2	12000001	0.881362	0.975245	3
2	13000001	0.80463	0.975245	3
2	14000001	0.691628	0.975245	3
2	15000001	1.04049	0.975245	3
2	16000001	0.930449	0.975245	3
2	17000001	0.873528	0.975245	3
2	18000001	1.21203	0.975245	3
2	19000001	1.26927	0.975245	3
2	20000001	1.16166	0.975245	3
2	21000001	1.14516	0.975245	3
2	22000001	0.802313	0.975245	3
2	23000001	1.13377	0.975245	3
2	24000001	0.861894	0.975245	3
2	25000001	0.884217	0.975245	3
2	26000001	1.20275	0.975245	3
2	27000001	0.954233	0.975245	3
2	28000001	1.03753	0.975245	3
2	29000001	1.04857	0.975245	3
2	30000001	0.917549	0.975245	3
2	31000001	1.08561	0.975245	3
2	32000001	0.889789	0.975245	3
2	33000001	0.886639	0.975245	3
2	34000001	1.39034	0.975245	3
2	35000001	0.900323	0.975245	3
2	36000001	0.914776	0.975245	3
2	37000001	1.07768	0.975245	3
2	38000001	0.911048	0.975245	3
2	39000001	0.758879	0.975245	3
2	40000001	1.06587	0.975245	3
2	41000001	0.914872	0.975245	3
2	42000001	0.813276	0.975245	3
2	43000001	0.954509	0.975245	3
2	44000001	1.07744	0.975245	3
2	45000001	0.910412	0.975245	3
2	46000001	0.965601	0.975245	3
2	47000001	0.980114	0.975245	3
2	48000001	0.924046	0.975245	3
2	49000001	1.23506	0.975245	3
2	50000001	0.975245	0.975245	3
2	51000001	0.795571	0.975245	3
2	52000001	0.95559	0.975245	3
2	53000001	1.1729	0.975245	3
2	54000001	1.02018	0.975245	3
2	55000001	1.00795	0.975245	3
2	56000001	0.93888	0.975245	3
2	57000001	1.88015	1.88015	6
2	58000001	1.10271	0.965946	3
2	59000001	1.18019	0.965946	3
2	60000001	1.13716	0.965946	3
2	61000001	0.659283	0.965946	3
2	62000001	0.965946	0.965946	3
2	63000001	1.08161	0.965946	3
2	64000001	0.93052	0.965946	3
2	65000001	1.04364	0.965946	3
2	66000001	0.935551	0.965946	3
2	67000001	1.0039	0.965946	3
2	68000001	0.9527	0.965946	3
2	69000001	1.05218	0.965946	3
2	70000001	0.996938	0.965946	3
2	71000001	0.983453	0.965946	3
2	72000001	1.0294	0.965946	3
2	73000001	0.948049	0.965946	3
2	74000001	0.948817	0.965946	3
2	75000001	1.0195	0.965946	3
2	76000001	0.924728	0.965946	3
2	77000001	0.876311	0.965946	3
2	78000001	0.789753	0.965946	3
2	79000001	0.951525	0.965946	3
2	80000001	0.942233	0.965946	3
2	81000001	1.1807	0.965946	3
2	82000001	0.890809	0.965946	3
2	83000001	2.01023	2.01023	6
2	84000001	0.964611	1.05427	3
2	85000001	1.00549	1.05427	3
2	86000001	0.789631	1.05427	3
2	87000001	0.9796	1.05427	3
2	88000001	0.898356	1.05427	3
2	89000001	1.148	1.05427	3
2	90000001	1.5371	1.05427	3
2	91000001	0.936083	1.05427	3
2	92000001	1.3277	1.05427	3
2	93000001	1.40272	1.05427	3
2	94000001	1.17102	1.05427	3
2	95000001	1.05427	1.05427	3
2	96000001	1.08877	1.05427	3
2	97000001	0.844788	1.05427	3
2	98000001	0.908382	1.05427	3
2	99000001	1.50973	1.05427	3
2	100000001	1.24708	1.05427	3
2	101000001	0.999665	0.9715	3
2	102000001	0.939126	0.9715	3
2	103000001	1.03009	0.9715	3
2	104000001	0.973722	0.9715	3
2	105000001	0.972477	0.9715	3
2	106000001	0.944097	0.9715	3
2	107000001	0.925506	0.9715	3
2	108000001	1.07755	0.9715	3
2	109000001	1.00439	0.9715	3
2	110000001	1.23934	0.9715	3
2	111000001	1.10159	0.9715	3
2	112000001	0.871288	0.9715	3
2	113000001	0.996386	0.9715	3
2	114000001	0.937627	0.9715	3
2	115000001	0.636976	0.9715	3
2	116000001	0.764648	0.9715	3
2	117000001	0.898932	0.9715	3
2	118000001	1.09875	0.9715	3
2	119000001	0.825205	0.9715	3
2	120000001	1.02002	0.9715	3
2	121000001	0.947611	0.9715	3
2	122000001	1.0583	0.9715	3
2	123000001	0.960142	0.9715	3
2	124000001	1.60915	0.9715	3
2	125000001	0.72067	0.9715	3
2	126000001	1.18912	0.9715	3
2	127000001	0.9715	0.9715	3
2	128000001	0.938354	0.9715	3
2	129000001	0.831482	0.9715	3
2	130000001	1.08679	0.9715	3
2	131000001	1.09418	0.9715	3
2	132000001	0.971267	0.9715	3
2	133000001	1.04781	0.9715	3
2	134000001	1.23086	0.9715	3
2	135000001	1.13003	0.9715	3
2	136000001	1.05705	0.9715	3
2	137000001	1.02534	0.9715	3
2	138000001	0.872562	0.9715	3
2	139000001	0.92144	0.9715	3
2	140000001	0.973662	0.9715	3
2	141000001	0.953279	0.9715	3
2	142000001	0.869859	0.9715	3
2	143000001	0.838919	0.9715	3
2	144000001	0.86888	0.9715	3
2	145000001	0.975092	0.9715	3
2	146000001	0.804462	0.9715	3
2	147000001	0.826285	0.9715	3
2	148000001	1.68582	1.68582	5
2	149000001	1.78174	1.68582	5
2	150000001	1.97645	1.68582	5
2	151000001	1.62328	1.68582	5
2	152000001	1.5553	1.68582	5
2	153000001	0.955645	1.20378	4
2	154000001	1.32092	1.20378	4
2	155000001	0.971796	1.20378	4
2	156000001	0.744821	1.20378	4
2	157000001	1.16404	1.20378	4
2	158000001	1.25837	1.20378	4
2	159000001	1.2298	1.20378	4
2	160000001	1.28693	1.20378	4
2	161000001	1.13683	1.20378	4
2	162000001	1.20193	1.20378	4
2	163000001	1.01897	1.20378	4
2	164000001	1.22148	1.20378	4
2	165000001	1.41491	1.20378	4
2	166000001	1.0576	1.20378	4
2	167000001	1.38297	1.20378	4
2	168000001	1.21179	1.20378	4
2	169000001	1.92913	1.20378	4
2	170000001	1.27441	1.20378	4
2	171000001	1.23464	1.20378	4
2	172000001	1.21364	1.20378	4
2	173000001	1.20378	1.20378	4
2	174000001	1.24728	1.20378	4
2	175000001	1.17255	1.20378	4
2	176000001	1.37079	1.20378	4
2	177000001	1.09458	1.20378	4
2	178000001	1.32181	1.20378	4
2	179000001	0.871548	1.20378	4
2	180000001	1.02892	1.20378	4
2	181000001	1.13783	1.20378	4
2	182000001	1.14979	1.20378	4
2	183000001	1.09639	1.20378	4
2	184000001	1.20224	1.20378	4
2	185000001	1.31104	1.20378	4
2	186000001	1.25152	1.20378	4
2	187000001	0.978128	1.20378	4
2	188000001	0.548561	0.651456	2
2	189000001	0.697899	0.651456	2
2	190000001	0.674729	0.651456	2
2	191000001	0.547603	0.651456	2
2	192000001	0.628966	0.651456	2
2	193000001	0.673947	0.651456	2
2	194000001	1.77347	1.77347	5
2	195000001	0.958182	0.752477	2
2	196000001	0.769942	0.752477	2
2	197000001	0.884462	0.752477	2
2	198000001	0.731929	0.752477	2
2	199000001	0.781661	0.752477	2
2	200000001	0.529786	0.752477	2
2	201000001	0.871628	0.752477	2
2	202000001	0.785272	0.752477	2
2	203000001	0.795012	0.752477	2
2	204000001	0.588138	0.752477	2
2	205000001	0.512409	0.752477	2
2	206000001	0.671179	0.752477	2
2	207000001	0.806188	0.752477	2
2	208000001	0.843943	0.752477	2
2	209000001	0.54593	0.752477	2
2	210000001	0.604334	0.752477	2
2	211000001	0.519995	0.752477	2
2	212000001	0.63669	0.752477	2
2	213000001	0.735013	0.752477	2
2	214000001	0.384983	0.752477	2
2	215000001	0.850734	0.752477	2
2	216000001	0.632613	0.752477	2
2	217000001	0.809236	0.752477	2
2	218000001	0.601072	0.752477	2
2	219000001	0.804926	0.752477	2
2	220000001	0.921473	0.752477	2
2	221000001	0.804095	0.752477	2
2	222000001	0.79783	0.752477	2
2	223000001	0.51839	0.752477	2
2	224000001	0.723785	0.752477	2
2	225000001	1.51882	1.51882	5
2	226000001	0.655501	0.739417	2
2	227000001	0.571679	0.739417	2
2	228000001	0.745223	0.739417	2
2	229000001	0.803935	0.739417	2
2	230000001	0.678698	0.739417	2
2	231000001	0.840913	0.739417	2
2	232000001	0.739417	0.739417	2
2	233000001	0.687343	0.739417	2
2	234000001	0.669051	0.739417	2
2	235000001	0.943913	0.739417	2
2	236000001	0.841851	0.739417	2
2	237000001	0.590967	0.739417	2
2	238000001	1.56902	0.739417	2
2	239000001	0.723857	0.739417	2
2	240000001	0.890712	0.739417	2
2	241000001	0.907223	0.739417	2
2	242000001	0.697281	0.739417	2
20	1	2.96765	2.96765	9
20	1000001	0.904532	0.796757	2
20	2000001	0.786339	0.796757	2
20	3000001	0.796757	0.796757	2
20	4000001	0.629167	0.643436	2
20	5000001	0.602284	0.643436	2
20	6000001	0.628668	0.643436	2
20	7000001	0.545437	0.643436	2
20	8000001	0.886343	0.643436	2
20	9000001	0.481387	0.643436	2
20	10000001	0.646565	0.643436	2
20	11000001	0.705039	0.643436	2
20	12000001	0.557865	0.643436	2
20	13000001	0.73513	0.643436	2
20	14000001	0.624355	0.643436	2
20	15000001	0.753412	0.643436	2
20	16000001	0.65742	0.643436	2
20	17000001	0.624565	0.643436	2
20	18000001	0.984106	0.643436	2
20	19000001	0.753539	0.643436	2
20	20000001	0.584554	0.643436	2
20	21000001	0.538896	0.643436	2
20	22000001	0.640307	0.643436	2
20	23000001	0.747173	0.643436	2
20	24000001	0.685066	0.643436	2
20	25000001	0.672245	0.643436	2
20	26000001	1.18492	1.09116	3
20	27000001	1.05851	1.09116	3
20	28000001	1.0048	1.09116	3
20	29000001	0.755627	1.09116	3
20	30000001	1.00355	1.09116	3
20	31000001	1.22379	1.09116	3
20	32000001	0.939194	1.09116	3
20	33000001	1.09589	1.09116	3
20	34000001	1.18234	1.09116	3
20	35000001	0.971292	1.09116	3
20	36000001	1.22463	1.09116	3
20	37000001	1.11801	1.09116	3
20	38000001	1.14737	1.09116	3
20	39000001	1.06731	1.09116	3
20	40000001	1.01228	1.09116	3
20	41000001	1.03536	1.09116	3
20	42000001	0.927145	1.09116	3
20	43000001	0.893059	1.09116	3
20	44000001	1.30005	1.09116	3
20	45000001	0.648628	1.09116	3
20	46000001	1.40939	1.09116	3
20	47000001	1.2522	1.09116	3
20	48000001	1.13914	1.09116	3
20	49000001	0.92154	1.09116	3
20	50000001	1.10008	1.09116	3
20	51000001	1.13118	1.09116	3
20	52000001	0.813372	1.09116	3
20	53000001	1.12539	1.09116	3
20	54000001	1.09116	1.09116	3
20	55000001	1.01156	1.09116	3
20	56000001	1.02267	1.09116	3
20	57000001	1.10879	1.09116	3
20	58000001	1.05567	1.09116	3
20	59000001	1.17827	1.09116	3
20	60000001	0.914593	1.09116	3
20	61000001	1.10591	1.09116	3
20	62000001	1.18215	1.09116	3
20	63000001	0.938593	1.09116	3
20	64000001	1.34671	1.09116	3
21	1	-1	-1	4
21	1000001	-1	-1	4
21	2000001	-1	-1	4
21	3000001	-1	-1	4
21	4000001	-1	-1	4
21	5000001	1.75354	1.41807	4
21	6000001	1.0826	1.41807	4
21	7000001	2.43314	2.26804	7
21	8000001	2.10294	2.26804	7
21	9000001	1.53067	2.26804	7
21	10000001	2.6409	2.26804	7
21	11000001	0.924929	0.843027	3
21	12000001	0.735828	0.843027	3
21	13000001	0.910766	0.843027	3
21	14000001	0.843027	0.843027	3
21	15000001	0.76161	0.843027	3
21	16000001	1.24053	0.843027	3
21	17000001	0.84523	0.843027	3
21	18000001	0.993871	0.843027	3
21	19000001	0.755488	0.843027	3
21	20000001	0.727815	0.843027	3
21	21000001	0.690083	0.843027	3
21	22000001	0.831832	0.843027	3
21	23000001	0.957539	0.843027	3
21	24000001	1.33277	1.34107	4
21	25000001	1.13662	1.34107	4
21	26000001	1.54829	1.34107	4
21	27000001	1.4188	1.34107	4
21	28000001	1.16672	1.34107	4
21	29000001	1.36754	1.34107	4
21	30000001	1.12718	1.34107	4
21	31000001	1.49203	1.34107	4
21	32000001	1.34937	1.34107	4
21	33000001	1.93684	1.34107	4
21	34000001	1.42383	1.34107	4
21	35000001	1.29083	1.34107	4
21	36000001	1.18052	1.34107	4
21	37000001	1.51917	1.34107	4
21	38000001	1.20509	1.34107	4
21	39000001	1.22201	1.34107	4
21	40000001	1.48035	1.62377	5
21	41000001	1.73482	1.62377	5
21	42000001	1.62377	1.62377	5
21	43000001	1.65353	1.62377	5
21	44000001	1.8319	1.62377	5
21	45000001	1.25436	1.62377	5
21	46000001	1.31547	1.62377	5
22	1	-1	-1	4
22	1000001	-1	-1	4
22	2000001	-1	-1	4
22	3000001	-1	-1	4
22	4000001	-1	-1	4
22	5000001	-1	-1	4
22	6000001	-1	-1	4
22	7000001	-1	-1	4
22	8000001	-1	-1	4
22	9000001	-1	-1	4
22	10000001	0.96501	1.17384	4
22	11000001	1.46666	1.17384	4
22	12000001	1.57105	1.17384	4
22	13000001	0.990629	1.17384	4
22	14000001	0.793621	1.17384	4
22	15000001	1.35706	1.17384	4
22	16000001	2.46277	1.70596	5
22	17000001	1.3816	1.70596	5
22	18000001	1.70596	1.70596	5
22	19000001	3.42018	4.0807	12
22	20000001	3.96749	4.0807	12
22	21000001	4.19391	4.0807	12
22	22000001	5.13883	4.0807	12
22	23000001	3.18215	3.18215	10
22	24000001	0.853474	0.752608	2
22	25000001	0.638762	0.752608	2
22	26000001	0.706796	0.752608	2
22	27000001	0.893813	0.752608	2
22	28000001	0.66884	0.752608	2
22	29000001	0.874566	0.752608	2
22	30000001	0.898841	0.752608	2
22	31000001	0.612147	0.752608	2
22	32000001	0.525053	0.752608	2
22	33000001	0.655105	0.752608	2
22	34000001	0.799191	0.752608	2
22	35000001	0.900608	0.752608	2
22	36000001	0.708967	0.752608	2
22	37000001	0.752608	0.752608	2
22	38000001	0.730519	0.752608	2
22	39000001	0.673897	0.752608	2
22	40000001	0.766661	0.752608	2
22	41000001	0.686922	0.752608	2
22	42000001	0.731137	0.752608	2
22	43000001	0.74543	0.752608	2
22	44000001	0.791005	0.752608	2
22	45000001	0.758135	0.752608	2
22	46000001	0.820806	0.752608	2
22	47000001	0.632801	0.752608	2
22	48000001	0.835187	0.752608	2
22	49000001	0.758389	0.752608	2
22	50000001	1.10644	0.752608	2
3	1	1.21949	1.22207	4
3	1000001	0.952753	1.22207	4
3	2000001	1.19099	1.22207	4
3	3000001	1.22464	1.22207	4
3	4000001	1.3457	1.22207	4
3	5000001	1.2416	1.22207	4
3	6000001	1.99559	1.99559	6
3	7000001	1.33201	1.27363	4
3	8000001	1.01515	1.27363	4
3	9000001	1.37219	1.27363	4
3	10000001	1.56935	1.27363	4
3	11000001	1.50481	1.27363	4
3	12000001	1.47434	1.27363	4
3	13000001	1.28845	1.27363	4
3	14000001	1.36518	1.27363	4
3	15000001	1.3663	1.27363	4
3	16000001	1.29948	1.27363	4
3	17000001	1.23066	1.27363	4
3	18000001	1.17707	1.27363	4
3	19000001	1.17458	1.27363	4
3	20000001	1.18477	1.27363	4
3	21000001	1.2496	1.27363	4
3	22000001	1.49503	1.27363	4
3	23000001	1.09815	1.27363	4
3	24000001	1.20893	1.27363	4
3	25000001	1.32215	1.27363	4
3	26000001	1.0834	1.27363	4
3	27000001	1.42073	1.27363	4
3	28000001	1.31075	1.27363	4
3	29000001	1.27363	1.27363	4
3	30000001	1.11945	1.27363	4
3	31000001	1.10089	1.27363	4
3	32000001	1.44929	1.27363	4
3	33000001	1.26451	1.27363	4
3	34000001	1.10971	1.27363	4
3	35000001	1.25865	1.27363	4
3	36000001	1.44633	1.41593	4
3	37000001	1.38662	1.41593	4
3	38000001	1.44524	1.41593	4
3	39000001	1.64827	1.41593	4
3	40000001	1.62703	1.41593	4
3	41000001	1.10335	1.41593	4
3	42000001	1.50001	1.41593	4
3	43000001	1.17139	1.41593	4
3	44000001	1.17864	1.41593	4
3	45000001	1.19279	1.41593	4
3	46000001	1.78485	1.41593	4
3	47000001	1.32976	1.41593	4
3	48000001	0.800814	0.650628	2
3	49000001	0.643653	0.650628	2
3	50000001	0.876952	0.650628	2
3	51000001	0.657604	0.650628	2
3	52000001	0.669062	0.650628	2
3	53000001	0.783842	0.650628	2
3	54000001	0.835032	0.650628	2
3	55000001	0.700841	0.650628	2
3	56000001	0.562376	0.650628	2
3	57000001	0.674965	0.650628	2
3	58000001	0.811133	0.650628	2
3	59000001	0.605526	0.650628	2
3	60000001	0.535613	0.650628	2
3	61000001	0.806312	0.650628	2
3	62000001	0.460829	0.650628	2
3	63000001	0.682584	0.650628	2
3	64000001	0.596356	0.650628	2
3	65000001	0.446965	0.650628	2
3	66000001	0.672452	0.650628	2
3	67000001	0.620236	0.650628	2
3	68000001	0.565598	0.650628	2
3	69000001	0.540805	0.650628	2
3	70000001	0.631862	0.650628	2
3	71000001	0.594653	0.650628	2
3	72000001	0.611184	0.650628	2
3	73000001	0.621725	0.650628	2
3	74000001	0.485311	0.650628	2
3	75000001	1.25737	0.650628	2
3	76000001	0.632368	0.650628	2
3	77000001	0.595046	0.650628	2
3	78000001	0.69652	0.650628	2
3	79000001	0.694793	0.650628	2
3	80000001	0.749189	0.650628	2
3	81000001	0.267848	0.650628	2
3	82000001	0.550251	0.650628	2
3	83000001	0.54312	0.650628	2
3	84000001	0.460252	0.650628	2
3	85000001	0.67004	0.650628	2
3	86000001	0.537882	0.650628	2
3	87000001	0.488265	0.650628	2
3	88000001	0.621458	0.650628	2
3	89000001	0.618613	0.650628	2
3	90000001	0.774439	0.650628	2
3	91000001	0.877219	0.650628	2
3	92000001	0.783679	0.650628	2
3	93000001	0.68704	0.650628	2
3	94000001	0.691557	0.650628	2
3	95000001	0.612644	0.650628	2
3	96000001	0.617333	0.650628	2
3	97000001	0.742235	0.650628	2
3	98000001	0.517562	0.650628	2
3	99000001	0.799044	0.650628	2
3	100000001	0.748721	0.650628	2
3	101000001	0.545875	0.650628	2
3	102000001	0.602703	0.650628	2
3	103000001	0.5688	0.650628	2
3	104000001	0.716773	0.650628	2
3	105000001	0.738496	0.650628	2
3	106000001	0.672663	0.650628	2
3	107000001	0.660719	0.650628	2
3	108000001	0.600111	0.650628	2
3	109000001	0.7224	0.650628	2
3	110000001	0.506138	0.650628	2
3	111000001	0.680273	0.650628	2
3	112000001	0.618789	0.650628	2
3	113000001	0.578493	0.650628	2
3	114000001	0.420546	0.650628	2
3	115000001	0.802523	0.650628	2
3	116000001	0.69552	0.650628	2
3	117000001	0.640441	0.650628	2
3	118000001	0.70091	0.650628	2
3	119000001	0.665037	0.650628	2
3	120000001	0.705972	0.650628	2
3	121000001	0.602886	0.650628	2
3	122000001	0.476036	0.650628	2
3	123000001	0.637391	0.650628	2
3	124000001	0.733756	0.650628	2
3	125000001	0.776992	0.650628	2
3	126000001	0.773112	0.650628	2
3	127000001	0.662438	0.650628	2
3	128000001	0.639655	0.650628	2
3	129000001	0.751421	0.650628	2
3	130000001	0.700521	0.650628	2
3	131000001	0.556927	0.650628	2
3	132000001	0.927657	0.650628	2
3	133000001	0.551752	0.650628	2
3	134000001	0.729128	0.650628	2
3	135000001	0.598816	0.650628	2
3	136000001	0.776015	0.650628	2
3	137000001	0.642312	0.650628	2
3	138000001	0.913284	0.983857	3
3	139000001	1.00332	0.983857	3
3	140000001	0.712683	0.983857	3
3	141000001	1.22346	0.983857	3
3	142000001	0.818362	0.983857	3
3	143000001	1.55834	0.983857	3
3	144000001	0.913464	0.983857	3
3	145000001	0.732068	0.983857	3
3	146000001	0.729737	0.983857	3
3	147000001	0.99514	0.983857	3
3	148000001	1.07742	0.983857	3
3	149000001	1.0435	0.983857	3
3	150000001	1.10612	0.983857	3
3	151000001	1.241	0.983857	3
3	152000001	1.15736	0.983857	3
3	153000001	0.843459	0.983857	3
3	154000001	1.08861	0.983857	3
3	155000001	0.728982	0.983857	3
3	156000001	0.810959	0.983857	3
3	157000001	0.849467	0.983857	3
3	158000001	0.862973	0.983857	3
3	159000001	0.999296	0.983857	3
3	160000001	1.00613	0.983857	3
3	161000001	0.705363	0.983857	3
3	162000001	1.00596	0.983857	3
3	163000001	0.805122	0.983857	3
3	164000001	0.712748	0.983857	3
3	165000001	0.988572	0.983857	3
3	166000001	0.892492	0.983857	3
3	167000001	1.17576	0.983857	3
3	168000001	0.900245	0.983857	3
3	169000001	0.803746	0.983857	3
3	170000001	0.999765	0.983857	3
3	171000001	0.911444	0.983857	3
3	172000001	1.18372	0.983857	3
3	173000001	0.795485	0.983857	3
3	174000001	0.983857	0.983857	3
3	175000001	0.671836	0.983857	3
3	176000001	0.919057	0.983857	3
3	177000001	0.873209	0.983857	3
3	178000001	1.03369	0.983857	3
3	179000001	0.922401	0.983857	3
3	180000001	1.05554	0.983857	3
3	181000001	1.52273	0.983857	3
3	182000001	1.02946	0.983857	3
3	183000001	1.05851	0.983857	3
3	184000001	1.09853	0.983857	3
3	185000001	0.985436	0.983857	3
3	186000001	1.22721	0.983857	3
3	187000001	0.845612	0.983857	3
3	188000001	1.0912	0.983857	3
3	189000001	0.952738	0.983857	3
3	190000001	1.10437	0.983857	3
3	191000001	0.971851	0.983857	3
3	192000001	1.07456	0.983857	3
3	193000001	1.02592	0.983857	3
3	194000001	0.846787	0.983857	3
3	195000001	1.13543	0.983857	3
3	196000001	0.946348	0.983857	3
3	197000001	0.785767	0.983857	3
3	198000001	0.957274	0.983857	3
4	1	1.03489	1.04076	3
4	1000001	0.985017	1.04076	3
4	2000001	1.26164	1.04076	3
4	3000001	0.833284	1.04076	3
4	4000001	1.03369	1.04076	3
4	5000001	0.906106	1.04076	3
4	6000001	1.07253	1.04076	3
4	7000001	1.05527	1.04076	3
4	8000001	1.09498	1.04076	3
4	9000001	1.19485	1.04076	3
4	10000001	1.15165	1.04076	3
4	11000001	1.07643	1.04076	3
4	12000001	1.04509	1.04076	3
4	13000001	1.0655	1.04076	3
4	14000001	1.06282	1.04076	3
4	15000001	1.08319	1.04076	3
4	16000001	1.02257	1.04076	3
4	17000001	1.16335	1.04076	3
4	18000001	1.25551	1.04076	3
4	19000001	0.930829	1.04076	3
4	20000001	1.10506	1.04076	3
4	21000001	0.893105	1.04076	3
4	22000001	0.977002	1.04076	3
4	23000001	0.989912	1.04076	3
4	24000001	1.03947	1.04076	3
4	25000001	1.06181	1.04076	3
4	26000001	1.05259	1.04076	3
4	27000001	1.02309	1.04076	3
4	28000001	0.943444	1.04076	3
4	29000001	1.04076	1.04076	3
4	30000001	0.964514	1.04076	3
4	31000001	0.943634	1.04076	3
4	32000001	1.04189	1.04076	3
4	33000001	1.15328	1.04076	3
4	34000001	0.718033	1.04076	3
4	35000001	0.902601	1.04076	3
4	36000001	0.778674	1.04076	3
4	37000001	1.07259	1.04076	3
4	38000001	0.916234	1.04076	3
4	39000001	2.86574	2.86574	9
4	40000001	1.06827	1.05646	3
4	41000001	1.05646	1.05646	3
4	42000001	0.78247	1.05646	3
4	43000001	2.04341	2.04341	6
4	44000001	1.04161	0.995884	3
4	45000001	0.799947	0.995884	3
4	46000001	1.13694	0.995884	3
4	47000001	0.973152	0.995884	3
4	48000001	0.844034	0.995884	3
4	49000001	1.27478	0.995884	3
4	50000001	0.822426	0.995884	3
4	51000001	0.995884	0.995884	3
4	52000001	1.2359	0.995884	3
4	53000001	0.499246	0.671408	2
4	54000001	0.716375	0.671408	2
4	55000001	0.883998	0.671408	2
4	56000001	0.651827	0.671408	2
4	57000001	0.781687	0.671408	2
4	58000001	0.569014	0.671408	2
4	59000001	0.67748	0.671408	2
4	60000001	0.671408	0.671408	2
4	61000001	0.41855	0.671408	2
4	62000001	0.477188	0.671408	2
4	63000001	0.711292	0.671408	2
4	64000001	0.606084	0.671408	2
4	65000001	0.744587	0.671408	2
4	66000001	0.500929	0.671408	2
4	67000001	0.849684	0.671408	2
4	68000001	0.92396	0.671408	2
4	69000001	0.508342	0.671408	2
4	70000001	1.53177	1.53177	5
4	71000001	0.437898	0.701126	2
4	72000001	0.857853	0.701126	2
4	73000001	0.847664	0.701126	2
4	74000001	0.644557	0.701126	2
4	75000001	0.681773	0.701126	2
4	76000001	0.672038	0.701126	2
4	77000001	0.756857	0.701126	2
4	78000001	0.584408	0.701126	2
4	79000001	0.70733	0.701126	2
4	80000001	0.968657	0.701126	2
4	81000001	0.59489	0.701126	2
4	82000001	0.737191	0.701126	2
4	83000001	0.701126	0.701126	2
4	84000001	0.551678	0.701126	2
4	85000001	0.927267	0.701126	2
4	86000001	0.568604	0.701126	2
4	87000001	1.3277	0.701126	2
4	88000001	0.880951	0.701126	2
4	89000001	0.612528	0.701126	2
4	90000001	1.078	0.701126	2
4	91000001	0.830131	0.701126	2
4	92000001	0.526459	0.701126	2
4	93000001	0.518446	0.701126	2
4	94000001	0.731863	0.701126	2
4	95000001	0.851503	0.701126	2
4	96000001	0.792185	0.701126	2
4	97000001	0.587744	0.701126	2
4	98000001	0.634103	0.701126	2
4	99000001	0.670025	0.701126	2
4	100000001	0.504698	0.701126	2
4	101000001	0.780958	0.701126	2
4	102000001	0.709571	0.701126	2
4	103000001	0.463893	0.701126	2
4	104000001	2.01325	2.01325	6
4	105000001	0.692779	0.682189	2
4	106000001	0.868006	0.682189	2
4	107000001	0.766839	0.682189	2
4	108000001	0.470913	0.682189	2
4	109000001	0.80936	0.682189	2
4	110000001	0.819654	0.682189	2
4	111000001	0.610532	0.682189	2
4	112000001	0.728922	0.682189	2
4	113000001	0.687513	0.682189	2
4	114000001	0.594533	0.682189	2
4	115000001	0.778617	0.682189	2
4	116000001	0.576147	0.682189	2
4	117000001	0.647789	0.682189	2
4	118000001	0.721411	0.682189	2
4	119000001	0.792435	0.682189	2
4	120000001	0.752685	0.682189	2
4	121000001	0.900062	0.682189	2
4	122000001	0.858554	0.682189	2
4	123000001	1.12112	0.682189	2
4	124000001	0.789681	0.682189	2
4	125000001	0.556592	0.682189	2
4	126000001	0.716649	0.682189	2
4	127000001	0.856259	0.682189	2
4	128000001	0.58663	0.682189	2
4	129000001	0.572702	0.682189	2
4	130000001	0.61653	0.682189	2
4	131000001	0.620498	0.682189	2
4	132000001	0.720235	0.682189	2
4	133000001	0.746523	0.682189	2
4	134000001	0.538004	0.682189	2
4	135000001	0.560071	0.682189	2
4	136000001	0.563777	0.682189	2
4	137000001	0.564577	0.682189	2
4	138000001	0.899828	0.682189	2
4	139000001	0.862823	0.682189	2
4	140000001	0.39194	0.682189	2
4	141000001	0.479994	0.682189	2
4	142000001	0.625324	0.682189	2
4	143000001	0.797644	0.682189	2
4	144000001	0.744508	0.682189	2
4	145000001	0.69651	0.682189	2
4	146000001	0.497703	0.682189	2
4	147000001	0.633418	0.682189	2
4	148000001	0.580837	0.682189	2
4	149000001	0.60132	0.682189	2
4	150000001	0.632105	0.682189	2
4	151000001	0.733288	0.682189	2
4	152000001	0.628549	0.682189	2
4	153000001	0.722333	0.682189	2
4	154000001	0.682189	0.682189	2
4	155000001	0.823481	0.682189	2
4	156000001	0.576062	0.682189	2
4	157000001	0.582283	0.682189	2
4	158000001	0.639488	0.682189	2
4	159000001	0.485883	0.682189	2
4	160000001	0.115093	0.115093	0
4	161000001	0.0647405	0.115093	0
4	162000001	0.391777	0.115093	0
4	163000001	0.601253	0.627843	2
4	164000001	0.577586	0.627843	2
4	165000001	0.495353	0.627843	2
4	166000001	0.574848	0.627843	2
4	167000001	0.715443	0.627843	2
4	168000001	0.682505	0.627843	2
4	169000001	0.627501	0.627843	2
4	170000001	0.641464	0.627843	2
4	171000001	0.805572	0.627843	2
4	172000001	0.966759	0.627843	2
4	173000001	0.577708	0.627843	2
4	174000001	0.534943	0.627843	2
4	175000001	0.649603	0.627843	2
4	176000001	1.11536	0.627843	2
4	177000001	0.627843	0.627843	2
4	178000001	0.58626	0.415259	1
4	179000001	0.376618	0.415259	1
4	180000001	0.34731	0.415259	1
4	181000001	0.453899	0.415259	1
4	182000001	0.782436	0.741457	2
4	183000001	0.741457	0.741457	2
4	184000001	0.56612	0.741457	2
4	185000001	0.79086	0.741457	2
4	186000001	0.653934	0.741457	2
4	187000001	0.720153	0.741457	2
4	188000001	0.804286	0.741457	2
4	189000001	0.458352	0.741457	2
4	190000001	2.86784	0.741457	2
5	1	1.31347	1.24218	4
5	1000001	1.34457	1.24218	4
5	2000001	1.49205	1.24218	4
5	3000001	1.02489	1.24218	4
5	4000001	1.48273	1.24218	4
5	5000001	1.21836	1.24218	4
5	6000001	1.11949	1.24218	4
5	7000001	1.24218	1.24218	4
5	8000001	1.07974	1.24218	4
5	9000001	1.12015	1.24218	4
5	10000001	1.26546	1.24218	4
5	11000001	1.19545	1.24218	4
5	12000001	1.22544	1.24218	4
5	13000001	1.18754	1.24218	4
5	14000001	1.32652	1.24218	4
5	15000001	1.17358	1.24218	4
5	16000001	1.45574	1.24218	4
5	17000001	1.57236	1.24218	4
5	18000001	1.08624	1.24218	4
5	19000001	1.05918	1.24218	4
5	20000001	0.912483	1.24218	4
5	21000001	1.70284	1.24218	4
5	22000001	1.5681	1.24218	4
5	23000001	1.15077	1.24218	4
5	24000001	1.11443	1.24218	4
5	25000001	1.17733	1.24218	4
5	26000001	1.18703	1.24218	4
5	27000001	1.11176	1.24218	4
5	28000001	1.07668	1.24218	4
5	29000001	1.11659	1.24218	4
5	30000001	1.25555	1.24218	4
5	31000001	1.36622	1.24218	4
5	32000001	1.29055	1.24218	4
5	33000001	1.54951	1.24218	4
5	34000001	1.34845	1.24218	4
5	35000001	1.3758	1.24218	4
5	36000001	1.11032	1.24218	4
5	37000001	1.55194	1.24218	4
5	38000001	1.62851	1.24218	4
5	39000001	1.30293	1.24218	4
5	40000001	1.08601	1.24218	4
5	41000001	1.36903	1.24218	4
5	42000001	1.50645	1.24218	4
5	43000001	1.29615	1.24218	4
5	44000001	1.21685	1.24218	4
5	45000001	0.794661	0.896487	3
5	46000001	0.998313	0.896487	3
5	47000001	1.89784	1.89784	6
5	48000001	1.90794	1.89784	6
5	49000001	1.51234	1.89784	6
5	50000001	1.21381	0.96318	3
5	51000001	0.918888	0.96318	3
5	52000001	0.976285	0.96318	3
5	53000001	0.82202	0.96318	3
5	54000001	0.988336	0.96318	3
5	55000001	0.669445	0.96318	3
5	56000001	0.707966	0.96318	3
5	57000001	0.984711	0.96318	3
5	58000001	0.93404	0.96318	3
5	59000001	0.914759	0.96318	3
5	60000001	1.26459	0.96318	3
5	61000001	0.999324	0.96318	3
5	62000001	0.760711	0.96318	3
5	63000001	1.18077	0.96318	3
5	64000001	0.994504	0.96318	3
5	65000001	0.988861	0.96318	3
5	66000001	0.93641	0.96318	3
5	67000001	0.93997	0.96318	3
5	68000001	1.19091	0.96318	3
5	69000001	1.10911	0.96318	3
5	70000001	1.09027	0.96318	3
5	71000001	0.909799	0.96318	3
5	72000001	0.871887	0.96318	3
5	73000001	0.671641	0.96318	3
5	74000001	0.857841	0.96318	3
5	75000001	0.992789	0.96318	3
5	76000001	1.04743	0.96318	3
5	77000001	0.830706	0.96318	3
5	78000001	0.950076	0.96318	3
5	79000001	0.655035	0.96318	3
5	80000001	1.17552	0.96318	3
5	81000001	1.10729	0.96318	3
5	82000001	0.993482	0.96318	3
5	83000001	0.983484	0.96318	3
5	84000001	0.801825	0.96318	3
5	85000001	0.830104	0.96318	3
5	86000001	2.00874	2.00874	6
5	87000001	0.841346	0.991375	3
5	88000001	0.910045	0.991375	3
5	89000001	0.74033	0.991375	3
5	90000001	0.918786	0.991375	3
5	91000001	0.830876	0.991375	3
5	92000001	0.826798	0.991375	3
5	93000001	0.999442	0.991375	3
5	94000001	0.917044	0.991375	3
5	95000001	0.972467	0.991375	3
5	96000001	0.934218	0.991375	3
5	97000001	0.980491	0.991375	3
5	98000001	0.962859	0.991375	3
5	99000001	0.904981	0.991375	3
5	100000001	0.876834	0.991375	3
5	101000001	0.931228	0.991375	3
5	102000001	1.04695	0.991375	3
5	103000001	0.886739	0.991375	3
5	104000001	0.822474	0.991375	3
5	105000001	0.890698	0.991375	3
5	106000001	1.07486	0.991375	3
5	107000001	0.93337	0.991375	3
5	108000001	0.992094	0.991375	3
5	109000001	0.909759	0.991375	3
5	110000001	1.00045	0.991375	3
5	111000001	0.989135	0.991375	3
5	112000001	0.71397	0.991375	3
5	113000001	1.11922	0.991375	3
5	114000001	1.32946	0.991375	3
5	115000001	0.906352	0.991375	3
5	116000001	1.02082	0.991375	3
5	117000001	1.08599	0.991375	3
5	118000001	0.753062	0.991375	3
5	119000001	0.894118	0.991375	3
5	120000001	1.05933	0.991375	3
5	121000001	0.798051	0.991375	3
5	122000001	1.23598	0.991375	3
5	123000001	0.907389	0.991375	3
5	124000001	1.12074	0.991375	3
5	125000001	0.935092	0.991375	3
5	126000001	1.19302	0.991375	3
5	127000001	1.07714	0.991375	3
5	128000001	0.749277	0.991375	3
5	129000001	0.753662	0.991375	3
5	130000001	1.1115	0.991375	3
5	131000001	1.10938	0.991375	3
5	132000001	0.816678	0.991375	3
5	133000001	1.00711	0.991375	3
5	134000001	1.27034	0.991375	3
5	135000001	0.80579	0.991375	3
5	136000001	1.00887	0.991375	3
5	137000001	0.875638	0.991375	3
5	138000001	1.1043	0.991375	3
5	139000001	0.994403	0.991375	3
5	140000001	0.720105	0.991375	3
5	141000001	1.2059	0.991375	3
5	142000001	1.57882	0.991375	3
5	143000001	0.998188	0.991375	3
5	144000001	1.17115	0.991375	3
5	145000001	0.991375	0.991375	3
5	146000001	0.972863	0.991375	3
5	147000001	1.1123	0.991375	3
5	148000001	0.736768	0.991375	3
5	149000001	1.23022	0.991375	3
5	150000001	1.00745	0.991375	3
5	151000001	0.802414	0.991375	3
5	152000001	1.14638	0.991375	3
5	153000001	1.06503	0.991375	3
5	154000001	1.21394	0.991375	3
5	155000001	0.697683	0.991375	3
5	156000001	0.93172	0.991375	3
5	157000001	1.09325	0.991375	3
5	158000001	1.00503	0.991375	3
5	159000001	1.2374	0.991375	3
5	160000001	0.990119	0.991375	3
5	161000001	0.988132	0.991375	3
5	162000001	0.879718	0.991375	3
5	163000001	0.965441	0.991375	3
5	164000001	0.908568	0.991375	3
5	165000001	0.874569	0.991375	3
5	166000001	1.18134	0.991375	3
5	167000001	0.856293	0.991375	3
5	168000001	1.01673	0.991375	3
5	169000001	1.02576	0.991375	3
5	170000001	1.37518	0.991375	3
5	171000001	1.118	0.991375	3
5	172000001	1.13955	0.991375	3
5	173000001	0.965385	0.991375	3
5	174000001	0.99865	0.991375	3
5	175000001	0.907964	0.991375	3
5	176000001	1.16323	0.991375	3
5	177000001	1.29447	0.991375	3
5	178000001	1.05696	0.991375	3
5	179000001	1.01235	0.991375	3
5	180000001	1.07147	0.991375	3
5	181000001	1.28968	0.991375	3
6	1	0.988241	1.30216	4
6	1000001	1.51018	1.30216	4
6	2000001	1.18781	1.30216	4
6	3000001	1.46599	1.30216	4
6	4000001	1.28249	1.30216	4
6	5000001	1.34037	1.30216	4
6	6000001	1.51725	1.30216	4
6	7000001	1.43634	1.30216	4
6	8000001	1.48668	1.30216	4
6	9000001	1.14047	1.30216	4
6	10000001	0.95671	1.30216	4
6	11000001	1.2861	1.30216	4
6	12000001	1.12262	1.30216	4
6	13000001	1.3251	1.30216	4
6	14000001	1.5562	1.30216	4
6	15000001	1.15533	1.30216	4
6	16000001	1.08671	1.30216	4
6	17000001	1.49559	1.30216	4
6	18000001	1.27079	1.30216	4
6	19000001	1.50213	1.30216	4
6	20000001	1.23832	1.30216	4
6	21000001	1.30216	1.30216	4
6	22000001	1.15228	1.30216	4
6	23000001	1.45437	1.30216	4
6	24000001	1.57194	1.30216	4
6	25000001	1.29745	1.30216	4
6	26000001	1.16289	1.30216	4
6	27000001	1.01133	1.30216	4
6	28000001	1.28902	1.30216	4
6	29000001	1.5026	1.30216	4
6	30000001	1.36277	1.30216	4
6	31000001	1.54368	1.30216	4
6	32000001	1.37947	1.30216	4
6	33000001	1.38467	1.30216	4
6	34000001	1.43529	1.30216	4
6	35000001	1.3362	1.30216	4
6	36000001	1.28807	1.30216	4
6	37000001	1.16725	1.30216	4
6	38000001	1.44704	1.30216	4
6	39000001	1.27373	1.30216	4
6	40000001	1.32761	1.30216	4
6	41000001	1.14663	1.30216	4
6	42000001	1.5407	1.30216	4
6	43000001	1.06902	1.30216	4
6	44000001	1.39247	1.30216	4
6	45000001	1.07214	1.30216	4
6	46000001	1.24822	1.30216	4
6	47000001	1.24483	1.30216	4
6	48000001	1.35875	1.30216	4
6	49000001	1.34438	1.30216	4
6	50000001	1.23769	1.30216	4
6	51000001	1.11355	1.09478	3
6	52000001	1.071	1.09478	3
6	53000001	1.11081	1.09478	3
6	54000001	0.808286	1.09478	3
6	55000001	1.5752	1.09478	3
6	56000001	1.16136	1.09478	3
6	57000001	0.962897	1.09478	3
6	58000001	0.924104	1.09478	3
6	59000001	1.08648	1.09478	3
6	60000001	1.10307	1.09478	3
6	61000001	0.639669	0.92922	3
6	62000001	0.89643	0.92922	3
6	63000001	0.948097	0.92922	3
6	64000001	0.704437	0.92922	3
6	65000001	1.02767	0.92922	3
6	66000001	0.612419	0.92922	3
6	67000001	0.816766	0.92922	3
6	68000001	0.847811	0.92922	3
6	69000001	0.72082	0.92922	3
6	70000001	0.81017	0.92922	3
6	71000001	0.925485	0.92922	3
6	72000001	0.731495	0.92922	3
6	73000001	0.938445	0.92922	3
6	74000001	0.83259	0.92922	3
6	75000001	0.859113	0.92922	3
6	76000001	0.956223	0.92922	3
6	77000001	1.04233	0.92922	3
6	78000001	0.933529	0.92922	3
6	79000001	0.9587	0.92922	3
6	80000001	0.935477	0.92922	3
6	81000001	0.974128	0.92922	3
6	82000001	0.725768	0.92922	3
6	83000001	0.974784	0.92922	3
6	84000001	0.910956	0.92922	3
6	85000001	0.958746	0.92922	3
6	86000001	1.06351	0.92922	3
6	87000001	0.915745	0.92922	3
6	88000001	0.972996	0.92922	3
6	89000001	1.01764	0.92922	3
6	90000001	0.888828	0.92922	3
6	91000001	0.841612	0.92922	3
6	92000001	0.799165	0.92922	3
6	93000001	1.04323	0.92922	3
6	94000001	0.835586	0.92922	3
6	95000001	0.898111	0.92922	3
6	96000001	0.866368	0.92922	3
6	97000001	1.09759	0.92922	3
6	98000001	0.968103	0.92922	3
6	99000001	1.24671	0.92922	3
6	100000001	1.21541	0.92922	3
6	101000001	0.976344	0.92922	3
6	102000001	0.930318	0.92922	3
6	103000001	0.742182	0.92922	3
6	104000001	0.895485	0.92922	3
6	105000001	0.908811	0.92922	3
6	106000001	1.00594	0.92922	3
6	107000001	0.929091	0.92922	3
6	108000001	0.759808	0.92922	3
6	109000001	0.974461	0.92922	3
6	110000001	0.987628	0.92922	3
6	111000001	0.960609	0.92922	3
6	112000001	0.919262	0.92922	3
6	113000001	0.758019	0.92922	3
6	114000001	0.848698	0.92922	3
6	115000001	0.881078	0.92922	3
6	116000001	0.738303	0.92922	3
6	117000001	0.967074	0.92922	3
6	118000001	0.925608	0.92922	3
6	119000001	0.96672	0.92922	3
6	120000001	0.972762	0.92922	3
6	121000001	1.01307	0.92922	3
6	122000001	0.665953	0.92922	3
6	123000001	0.783421	0.92922	3
6	124000001	0.929349	0.92922	3
6	125000001	1.01295	0.92922	3
6	126000001	1.02386	0.92922	3
6	127000001	0.946609	0.92922	3
6	128000001	0.952554	0.92922	3
6	129000001	0.632504	0.92922	3
6	130000001	1.24549	0.92922	3
6	131000001	0.97678	0.92922	3
6	132000001	0.922982	0.92922	3
6	133000001	1.3919	1.35145	4
6	134000001	1.24762	1.35145	4
6	135000001	1.50802	1.35145	4
6	136000001	1.33301	1.35145	4
6	137000001	1.41592	1.35145	4
6	138000001	1.40047	1.35145	4
6	139000001	1.71001	1.35145	4
6	140000001	1.20083	1.35145	4
6	141000001	1.39738	1.35145	4
6	142000001	1.3667	1.35145	4
6	143000001	1.44743	1.35145	4
6	144000001	1.33132	1.35145	4
6	145000001	1.42754	1.35145	4
6	146000001	1.53357	1.35145	4
6	147000001	1.32863	1.35145	4
6	148000001	1.24974	1.35145	4
6	149000001	1.44306	1.35145	4
6	150000001	1.23141	1.35145	4
6	151000001	1.43389	1.35145	4
6	152000001	1.51217	1.35145	4
6	153000001	1.23187	1.35145	4
6	154000001	1.18555	1.35145	4
6	155000001	1.23734	1.35145	4
6	156000001	1.44213	1.35145	4
6	157000001	1.48359	1.35145	4
6	158000001	1.23352	1.35145	4
6	159000001	1.25445	1.35145	4
6	160000001	1.35551	1.35145	4
6	161000001	1.44523	1.35145	4
6	162000001	1.24029	1.35145	4
6	163000001	1.29827	1.35145	4
6	164000001	1.20935	1.35145	4
6	165000001	1.14259	1.35145	4
6	166000001	1.28708	1.35145	4
6	167000001	1.33878	1.35145	4
6	168000001	1.34738	1.35145	4
6	169000001	1.45942	1.35145	4
6	170000001	1.75838	1.35145	4
7	1	1.03822	1.20254	4
7	1000001	1.21598	1.20254	4
7	2000001	1.1891	1.20254	4
7	3000001	1.0821	1.20254	4
7	4000001	1.21772	1.20254	4
7	5000001	1.2568	1.20254	4
7	6000001	0.854015	0.946245	3
7	7000001	1.23183	0.946245	3
7	8000001	1.05641	0.946245	3
7	9000001	0.781578	0.946245	3
7	10000001	0.878207	0.946245	3
7	11000001	0.73502	0.946245	3
7	12000001	1.14748	0.946245	3
7	13000001	0.747112	0.946245	3
7	14000001	1.01851	0.946245	3
7	15000001	1.26989	0.946245	3
7	16000001	1.25631	0.946245	3
7	17000001	1.06285	0.946245	3
7	18000001	1.07944	0.946245	3
7	19000001	1.05429	0.946245	3
7	20000001	0.947117	0.946245	3
7	21000001	0.945373	0.946245	3
7	22000001	0.979854	0.946245	3
7	23000001	0.688219	0.946245	3
7	24000001	0.855213	0.946245	3
7	25000001	1.15411	0.946245	3
7	26000001	1.0794	0.946245	3
7	27000001	1.29403	0.946245	3
7	28000001	0.874308	0.946245	3
7	29000001	0.833704	0.946245	3
7	30000001	1.04537	0.946245	3
7	31000001	0.71739	0.946245	3
7	32000001	0.793809	0.946245	3
7	33000001	0.686353	0.946245	3
7	34000001	1.13507	0.946245	3
7	35000001	0.986082	0.946245	3
7	36000001	1.12603	0.946245	3
7	37000001	0.83006	0.946245	3
7	38000001	0.916073	0.946245	3
7	39000001	0.95435	0.946245	3
7	40000001	0.898293	0.946245	3
7	41000001	1.11591	0.946245	3
7	42000001	0.802414	0.946245	3
7	43000001	0.849751	0.946245	3
7	44000001	0.988525	0.946245	3
7	45000001	1.16939	0.946245	3
7	46000001	0.994466	0.946245	3
7	47000001	1.21368	0.946245	3
7	48000001	0.831993	0.946245	3
7	49000001	0.894885	0.946245	3
7	50000001	0.926647	0.946245	3
7	51000001	0.716298	0.946245	3
7	52000001	0.8845	0.946245	3
7	53000001	0.783638	0.946245	3
7	54000001	1.13426	1.12775	3
7	55000001	0.991592	1.12775	3
7	56000001	1.12506	1.12775	3
7	57000001	1.13044	1.12775	3
7	58000001	1.64973	1.64973	5
7	59000001	1.81095	1.64973	5
7	60000001	1.55389	1.64973	5
7	61000001	1.45981	1.24566	4
7	62000001	1.22283	1.24566	4
7	63000001	1.0777	1.24566	4
7	64000001	1.36947	1.24566	4
7	65000001	1.21728	1.24566	4
7	66000001	1.49885	1.24566	4
7	67000001	1.00111	1.24566	4
7	68000001	1.30321	1.24566	4
7	69000001	1.22343	1.24566	4
7	70000001	1.6974	1.24566	4
7	71000001	1.21689	1.24566	4
7	72000001	1.24566	1.24566	4
7	73000001	1.21942	1.24566	4
7	74000001	1.22736	1.24566	4
7	75000001	1.36326	1.24566	4
7	76000001	1.57473	1.24566	4
7	77000001	1.49435	1.24566	4
7	78000001	1.23004	1.24566	4
7	79000001	1.08917	1.24566	4
7	80000001	1.42365	1.24566	4
7	81000001	1.12739	1.24566	4
7	82000001	1.48416	1.24566	4
7	83000001	1.24759	1.24566	4
7	84000001	0.863176	1.12055	3
7	85000001	1.12179	1.12055	3
7	86000001	1.29781	1.12055	3
7	87000001	0.976008	1.12055	3
7	88000001	1.11932	1.12055	3
7	89000001	1.22684	1.12055	3
7	90000001	1.11611	1.12055	3
7	91000001	1.30024	1.12055	3
7	92000001	0.88092	1.12055	3
7	93000001	1.15902	1.12055	3
7	94000001	1.2402	1.12055	3
7	95000001	1.03088	1.12055	3
7	96000001	1.08303	1.12055	3
7	97000001	1.17824	1.12055	3
7	98000001	1.44376	1.44376	4
7	99000001	1.31866	1.44376	4
7	100000001	1.61383	1.44376	4
7	101000001	1.72985	1.44376	4
7	102000001	1.09188	1.44376	4
7	103000001	1.33004	1.44376	4
7	104000001	1.10412	1.44376	4
7	105000001	1.79736	1.44376	4
7	106000001	1.60009	1.44376	4
7	107000001	1.47418	1.44376	4
7	108000001	1.34761	1.44376	4
7	109000001	1.11535	1.44376	4
7	110000001	1.55217	1.44376	4
7	111000001	1.50507	1.44376	4
7	112000001	1.77298	1.44376	4
7	113000001	1.19678	1.44376	4
7	114000001	1.49396	1.44376	4
7	115000001	1.51136	1.44376	4
7	116000001	1.49327	1.44376	4
7	117000001	1.63247	1.44376	4
7	118000001	1.66122	1.44376	4
7	119000001	1.17462	1.44376	4
7	120000001	1.63439	1.44376	4
7	121000001	1.20558	1.44376	4
7	122000001	1.40315	1.44376	4
7	123000001	1.36201	1.44376	4
7	124000001	1.57732	1.44376	4
7	125000001	1.29761	1.44376	4
7	126000001	1.59708	1.44376	4
7	127000001	1.42	1.44376	4
7	128000001	1.39499	1.44376	4
7	129000001	1.34802	1.44376	4
7	130000001	1.43541	1.44376	4
7	131000001	1.98306	1.51636	5
7	132000001	1.61055	1.51636	5
7	133000001	1.54314	1.51636	5
7	134000001	1.4873	1.51636	5
7	135000001	1.35127	1.51636	5
7	136000001	1.51532	1.51636	5
7	137000001	1.51495	1.51636	5
7	138000001	1.51636	1.51636	5
7	139000001	2.07644	1.51636	5
7	140000001	1.38212	1.51636	5
7	141000001	1.35051	1.51636	5
7	142000001	1.59067	1.51636	5
7	143000001	1.84501	1.51636	5
7	144000001	1.49455	1.51636	5
7	145000001	1.87435	1.51636	5
7	146000001	1.35609	1.35609	4
7	147000001	1.18421	1.35609	4
7	148000001	1.37982	1.35609	4
7	149000001	1.67782	1.67782	5
7	150000001	1.74324	1.67782	5
7	151000001	1.77961	1.67782	5
7	152000001	1.59689	1.67782	5
7	153000001	1.45002	1.67782	5
7	154000001	1.50197	1.67782	5
7	155000001	1.70305	1.67782	5
7	156000001	1.42288	1.67782	5
7	157000001	1.85229	1.67782	5
7	158000001	1.85608	1.67782	5
7	159000001	1.49848	1.67782	5
8	1	1.05765	1.01982	3
8	1000001	1.08188	1.01982	3
8	2000001	1.01982	1.01982	3
8	3000001	0.853089	1.01982	3
8	4000001	0.825592	1.01982	3
8	5000001	0.698419	1.01982	3
8	6000001	0.856336	1.01982	3
8	7000001	1.13673	1.01982	3
8	8000001	1.10183	1.01982	3
8	9000001	0.892692	1.01982	3
8	10000001	1.09449	1.01982	3
8	11000001	0.99263	1.01982	3
8	12000001	1.29345	1.01982	3
8	13000001	0.735789	1.01982	3
8	14000001	0.718467	1.01982	3
8	15000001	1.14256	1.01982	3
8	16000001	0.75029	1.01982	3
8	17000001	1.23412	1.01982	3
8	18000001	0.83328	1.01982	3
8	19000001	1.23098	1.01982	3
8	20000001	0.886914	1.01982	3
8	21000001	1.05794	1.01982	3
8	22000001	1.03198	1.01982	3
8	23000001	1.11333	1.01982	3
8	24000001	0.995732	1.01982	3
8	25000001	1.0232	1.01982	3
8	26000001	1.13579	1.01982	3
8	27000001	0.851524	1.01982	3
8	28000001	0.923829	1.01982	3
8	29000001	0.862944	1.01982	3
8	30000001	1.21862	1.01982	3
8	31000001	0.883304	0.913136	3
8	32000001	0.780425	0.913136	3
8	33000001	1.07762	0.913136	3
8	34000001	0.810703	0.913136	3
8	35000001	0.917416	0.913136	3
8	36000001	0.795668	0.913136	3
8	37000001	1.10669	0.913136	3
8	38000001	0.832128	0.913136	3
8	39000001	0.896788	0.913136	3
8	40000001	0.951654	0.913136	3
8	41000001	0.888608	0.913136	3
8	42000001	1.09607	0.913136	3
8	43000001	1.0975	0.913136	3
8	44000001	1.06849	0.913136	3
8	45000001	0.794063	0.913136	3
8	46000001	1.12564	0.913136	3
8	47000001	0.906097	0.913136	3
8	48000001	0.865838	0.913136	3
8	49000001	0.779346	0.913136	3
8	50000001	1.06801	0.913136	3
8	51000001	1.33446	0.913136	3
8	52000001	0.826862	0.913136	3
8	53000001	0.647605	0.913136	3
8	54000001	0.928643	0.913136	3
8	55000001	0.81799	0.913136	3
8	56000001	1.15312	0.913136	3
8	57000001	0.729794	0.913136	3
8	58000001	0.956937	0.913136	3
8	59000001	0.783833	0.913136	3
8	60000001	1.11264	0.913136	3
8	61000001	0.929794	0.913136	3
8	62000001	1.17273	0.913136	3
8	63000001	0.874418	0.913136	3
8	64000001	0.733743	0.913136	3
8	65000001	1.22672	0.913136	3
8	66000001	1.02312	0.913136	3
8	67000001	0.889693	0.913136	3
8	68000001	0.669745	0.913136	3
8	69000001	0.694496	0.913136	3
8	70000001	1.18247	0.913136	3
8	71000001	0.920405	0.913136	3
8	72000001	1.013	0.913136	3
8	73000001	0.847639	0.913136	3
8	74000001	0.861537	0.913136	3
8	75000001	1.11363	0.913136	3
8	76000001	0.9258	0.913136	3
8	77000001	0.88431	0.913136	3
8	78000001	0.603391	0.913136	3
8	79000001	0.994989	0.913136	3
8	80000001	0.883942	0.913136	3
8	81000001	1.09569	0.913136	3
8	82000001	0.807691	0.913136	3
8	83000001	0.611713	0.913136	3
8	84000001	0.926239	0.913136	3
8	85000001	1.16342	0.913136	3
8	86000001	0.768795	0.913136	3
8	87000001	1.19133	0.913136	3
8	88000001	0.922056	0.913136	3
8	89000001	0.893703	0.913136	3
8	90000001	0.724366	0.913136	3
8	91000001	0.817114	0.913136	3
8	92000001	0.838304	0.913136	3
8	93000001	0.950044	0.913136	3
8	94000001	1.03814	0.913136	3
8	95000001	1.01938	0.913136	3
8	96000001	1.13752	0.913136	3
8	97000001	1.06282	0.913136	3
8	98000001	1.18744	0.913136	3
8	99000001	1.02772	0.913136	3
8	100000001	0.861286	0.913136	3
8	101000001	0.870775	0.913136	3
8	102000001	0.865482	0.913136	3
8	103000001	0.851848	0.913136	3
8	104000001	0.947538	0.913136	3
8	105000001	0.905106	0.913136	3
8	106000001	0.881757	0.913136	3
8	107000001	0.913136	0.913136	3
8	108000001	1.00595	0.913136	3
8	109000001	1.12004	0.913136	3
8	110000001	0.800807	0.800807	2
8	111000001	0.711278	0.800807	2
8	112000001	0.957804	0.800807	2
8	113000001	0.711042	0.800807	2
8	114000001	0.869493	0.800807	2
8	115000001	0.87827	0.800807	2
8	116000001	0.650294	0.800807	2
8	117000001	1.23996	1.26751	4
8	118000001	1.29507	1.26751	4
8	119000001	0.864894	0.894143	3
8	120000001	0.869643	0.894143	3
8	121000001	0.900971	0.894143	3
8	122000001	0.812738	0.894143	3
8	123000001	0.911941	0.894143	3
8	124000001	1.04137	0.894143	3
8	125000001	1.36537	0.894143	3
8	126000001	0.945496	0.894143	3
8	127000001	0.912553	0.894143	3
8	128000001	0.821457	0.894143	3
8	129000001	0.894143	0.894143	3
8	130000001	0.773509	0.894143	3
8	131000001	0.979019	0.894143	3
8	132000001	0.984784	0.894143	3
8	133000001	0.788398	0.894143	3
8	134000001	0.832559	0.894143	3
8	135000001	0.827322	0.894143	3
8	136000001	1.02019	0.894143	3
8	137000001	0.86703	0.894143	3
8	138000001	2.6546	2.6546	8
8	139000001	0.935739	1.08524	3
8	140000001	0.708145	1.08524	3
8	141000001	1.13015	1.08524	3
8	142000001	1.09689	1.08524	3
8	143000001	1.0572	1.08524	3
8	144000001	1.08524	1.08524	3
8	145000001	1.97546	1.08524	3
9	1	0.493139	0.685859	2
9	1000001	0.676964	0.685859	2
9	2000001	0.770236	0.685859	2
9	3000001	0.761272	0.685859	2
9	4000001	0.7366	0.685859	2
9	5000001	0.564494	0.685859	2
9	6000001	0.586872	0.685859	2
9	7000001	0.752234	0.685859	2
9	8000001	0.685859	0.685859	2
9	9000001	0.759495	0.685859	2
9	10000001	0.802163	0.685859	2
9	11000001	0.703771	0.685859	2
9	12000001	0.554611	0.685859	2
9	13000001	0.636241	0.685859	2
9	14000001	0.603967	0.685859	2
9	15000001	0.642772	0.685859	2
9	16000001	0.698524	0.685859	2
9	17000001	0.677526	0.685859	2
9	18000001	0.760456	0.685859	2
9	19000001	0.724298	0.685859	2
9	20000001	0.682448	0.685859	2
9	21000001	0.0682866	0.112579	0
9	22000001	0.0639513	0.112579	0
9	23000001	0.0827127	0.112579	0
9	24000001	0.112579	0.112579	0
9	25000001	0.0772478	0.112579	0
9	26000001	0.146236	0.112579	0
9	27000001	0.403755	0.112579	0
9	28000001	0.15128	0.112579	0
9	29000001	0.209601	0.112579	0
9	30000001	0.0376311	0.112579	0
9	31000001	0.249052	0.112579	0
9	32000001	0.558579	0.724875	2
9	33000001	0.535998	0.724875	2
9	34000001	0.713533	0.724875	2
9	35000001	0.873542	0.724875	2
9	36000001	0.630463	0.724875	2
9	37000001	1.17076	0.724875	2
9	38000001	1.22121	0.724875	2
9	39000001	0.648546	0.724875	2
9	40000001	0.996791	0.724875	2
9	41000001	0.817006	0.724875	2
9	42000001	0.724875	0.724875	2
9	43000001	1.27034	1.7013	5
9	44000001	1.7013	1.7013	5
9	45000001	1.9097	1.7013	5
9	46000001	-1	-1	3
9	47000001	-1	-1	3
9	48000001	-1	-1	3
9	49000001	-1	-1	3
9	50000001	-1	-1	3
9	51000001	-1	-1	3
9	52000001	-1	-1	3
9	53000001	-1	-1	3
9	54000001	-1	-1	3
9	55000001	-1	-1	3
9	56000001	-1	-1	3
9	57000001	-1	-1	3
9	58000001	-1	-1	3
9	59000001	-1	-1	3
9	60000001	1.17635	0.995152	3
9	61000001	0.765326	0.995152	3
9	62000001	0.813953	0.995152	3
9	63000001	1.24442	0.995152	3
9	64000001	0.759773	0.995152	3
9	65000001	1.1767	0.995152	3
9	66000001	0.797819	0.753297	2
9	67000001	0.823439	0.753297	2
9	68000001	0.723054	0.753297	2
9	69000001	0.785246	0.753297	2
9	70000001	0.847588	0.753297	2
9	71000001	0.570345	0.753297	2
9	72000001	0.918301	0.753297	2
9	73000001	0.753297	0.753297	2
9	74000001	0.753779	0.753297	2
9	75000001	0.656825	0.753297	2
9	76000001	0.756015	0.753297	2
9	77000001	0.559235	0.753297	2
9	78000001	0.759863	0.753297	2
9	79000001	0.659526	0.753297	2
9	80000001	0.680698	0.753297	2
9	81000001	0.453025	0.753297	2
9	82000001	0.631004	0.753297	2
9	83000001	0.79284	0.753297	2
9	84000001	0.50542	0.753297	2
9	85000001	0.826836	0.753297	2
9	86000001	0.555009	0.753297	2
9	87000001	0.506275	0.753297	2
9	88000001	0.780691	0.753297	2
9	89000001	0.868554	0.753297	2
9	90000001	0.551779	0.753297	2
9	91000001	0.984615	0.986564	3
9	92000001	0.819339	0.986564	3
9	93000001	1.08568	0.986564	3
9	94000001	0.888291	0.986564	3
9	95000001	1.06819	0.986564	3
9	96000001	1.07832	0.986564	3
9	97000001	1.09078	0.986564	3
9	98000001	0.955393	0.986564	3
9	99000001	0.913958	0.986564	3
9	100000001	0.808666	0.986564	3
9	101000001	1.04292	0.986564	3
9	102000001	1.20631	0.986564	3
9	103000001	0.956756	0.986564	3
9	104000001	0.965707	0.986564	3
9	105000001	0.909979	0.986564	3
9	106000001	0.929091	0.986564	3
9	107000001	1.30921	0.986564	3
9	108000001	0.975542	0.986564	3
9	109000001	0.83225	0.986564	3
9	110000001	0.968513	0.986564	3
9	111000001	1.24656	0.986564	3
9	112000001	0.986564	0.986564	3
9	113000001	1.16512	0.986564	3
9	114000001	1.01502	0.986564	3
9	115000001	1.05058	0.986564	3
9	116000001	1.00794	0.986564	3
9	117000001	0.882982	0.986564	3
9	118000001	0.904408	0.986564	3
9	119000001	0.68059	0.986564	3
9	120000001	1.08283	0.986564	3
9	121000001	1.01843	0.986564	3
9	122000001	0.750343	0.986564	3
9	123000001	1.13132	0.986564	3
9	124000001	0.869694	0.986564	3
9	125000001	0.815886	0.986564	3
9	126000001	1.14238	0.986564	3
9	127000001	1.19439	0.986564	3
9	128000001	1.15877	0.986564	3
9	129000001	1.29294	0.986564	3
9	130000001	2.80898	2.6894	8
9	131000001	2.56982	2.6894	8
9	132000001	1.12349	1.12349	3
9	133000001	1.2862	1.12349	3
9	134000001	1.19762	1.12349	3
9	135000001	1.18081	1.12349	3
9	136000001	1.03481	1.12349	3
9	137000001	0.923307	1.12349	3
9	138000001	1.03757	1.12349	3
X	1	0.500813	0.507541	2
X	1000001	0.451749	0.507541	2
X	2000001	0.507541	0.507541	2
X	3000001	0.761847	0.507541	2
X	4000001	0.452881	0.507541	2
X	5000001	0.461416	0.507541	2
X	6000001	0.63188	0.507541	2
X	7000001	0.50823	0.507541	2
X	8000001	0.624572	0.507541	2
X	9000001	0.699041	0.507541	2
X	10000001	0.500889	0.507541	2
X	11000001	1.3361	1.3361	4
X	12000001	0.671107	0.639809	2
X	13000001	0.607412	0.639809	2
X	14000001	0.676904	0.639809	2
X	15000001	0.69388	0.639809	2
X	16000001	0.470192	0.639809	2
X	17000001	0.619771	0.639809	2
X	18000001	0.794562	0.639809	2
X	19000001	0.565092	0.639809	2
X	20000001	0.549797	0.639809	2
X	21000001	0.900251	0.639809	2
X	22000001	0.531259	0.639809	2
X	23000001	0.621883	0.639809	2
X	24000001	0.607766	0.639809	2
X	25000001	0.639809	0.639809	2
X	26000001	0.481638	0.639809	2
X	27000001	0.712887	0.639809	2
X	28000001	0.517111	0.639809	2
X	29000001	0.620026	0.639809	2
X	30000001	0.696573	0.639809	2
X	31000001	0.640159	0.639809	2
X	32000001	0.797771	0.639809	2
X	33000001	0.650378	0.639809	2
X	34000001	0.648256	0.639809	2
X	35000001	0.688656	0.639809	2
X	36000001	0.640839	0.639809	2
X	37000001	0.620735	0.639809	2
X	38000001	0.718144	0.639809	2
X	39000001	0.648337	0.639809	2
X	40000001	0.632332	0.639809	2
X	41000001	0.647468	0.639809	2
X	42000001	0.668571	0.639809	2
X	43000001	0.442984	0.639809	2
X	44000001	0.796063	0.639809	2
X	45000001	0.695504	0.639809	2
X	46000001	0.533846	0.639809	2
X	47000001	0.593251	0.639809	2
X	48000001	0.695644	0.639809	2
X	49000001	0.42663	0.639809	2
X	50000001	0.655463	0.639809	2
X	51000001	0.660324	0.639809	2
X	52000001	0.474137	0.639809	2
X	53000001	0.608993	0.639809	2
X	54000001	0.616011	0.639809	2
X	55000001	0.537843	0.639809	2
X	56000001	0.517717	0.639809	2
X	57000001	0.521875	0.639809	2
X	58000001	0.775966	0.639809	2
X	59000001	0.717346	0.639809	2
X	60000001	0.788705	0.639809	2
X	61000001	0.771371	0.639809	2
X	62000001	0.679049	0.639809	2
X	63000001	0.471729	0.639809	2
X	64000001	0.554255	0.639809	2
X	65000001	0.632098	0.639809	2
X	66000001	0.593153	0.639809	2
X	67000001	0.705963	0.639809	2
X	68000001	0.733997	0.639809	2
X	69000001	0.641647	0.639809	2
X	70000001	0.81438	0.639809	2
X	71000001	0.595349	0.639809	2
X	72000001	0.610357	0.639809	2
X	73000001	0.661335	0.639809	2
X	74000001	0.525577	0.639809	2
X	75000001	0.55761	0.639809	2
X	76000001	0.521538	0.639809	2
X	77000001	0.975111	0.975111	3
X	78000001	0.687674	0.635131	2
X	79000001	0.667082	0.635131	2
X	80000001	0.621596	0.635131	2
X	81000001	0.722267	0.635131	2
X	82000001	0.62856	0.635131	2
X	83000001	0.607633	0.635131	2
X	84000001	0.497437	0.635131	2
X	85000001	0.607083	0.635131	2
X	86000001	0.717107	0.635131	2
X	87000001	0.424099	0.635131	2
X	88000001	0.675112	0.635131	2
X	89000001	0.641702	0.635131	2
X	90000001	0.616139	0.635131	2
X	91000001	0.593894	0.635131	2
X	92000001	0.600402	0.635131	2
X	93000001	0.789805	0.635131	2
X	94000001	0.659779	0.635131	2
X	95000001	0.52111	0.635131	2
X	96000001	0.685866	0.635131	2
X	97000001	0.652793	0.635131	2
X	98000001	0.592115	0.635131	2
X	99000001	0.69792	0.635131	2
X	100000001	0.490751	0.561768	2
X	101000001	0.575321	0.561768	2
X	102000001	0.548215	0.561768	2
X	103000001	0.584419	0.561768	2
X	104000001	0.71259	0.561768	2
X	105000001	0.506349	0.561768	2
X	106000001	0.604324	0.561768	2
X	107000001	0.41536	0.561768	2
X	108000001	0.833301	0.718166	2
X	109000001	0.652296	0.718166	2
X	110000001	0.685395	0.718166	2
X	111000001	0.750938	0.718166	2
X	112000001	0.63361	0.718166	2
X	113000001	0.552065	0.718166	2
X	114000001	0.778044	0.718166	2
X	115000001	0.802254	0.718166	2
X	116000001	0.47929	0.583604	2
X	117000001	0.562326	0.583604	2
X	118000001	0.629584	0.583604	2
X	119000001	0.675621	0.583604	2
X	120000001	0.715879	0.583604	2
X	121000001	0.545533	0.583604	2
X	122000001	0.479413	0.583604	2
X	123000001	0.583604	0.583604	2
X	124000001	0.594835	0.583604	2
X	125000001	0.634058	0.583604	2
X	126000001	0.560112	0.583604	2
X	127000001	0.466907	0.583604	2
X	128000001	0.53655	0.583604	2
X	129000001	0.61419	0.583604	2
X	130000001	0.481595	0.583604	2
X	131000001	0.397811	0.583604	2
X	132000001	0.789303	0.583604	2
X	133000001	0.68582	0.583604	2
X	134000001	0.564612	0.583604	2
X	135000001	0.857042	0.583604	2
X	136000001	0.732403	0.583604	2
X	137000001	0.597387	0.583604	2
X	138000001	0.583648	0.583604	2
X	139000001	0.643622	0.583604	2
X	140000001	0.377935	0.583604	2
X	141000001	0.489477	0.583604	2
X	142000001	0.73247	0.583604	2
X	143000001	0.502328	0.583604	2
X	144000001	0.580397	0.583604	2
X	145000001	0.566222	0.583604	2
X	146000001	0.544427	0.583604	2
X	147000001	0.678856	0.583604	2
X	148000001	0.600399	0.583604	2
X	149000001	0.468331	0.583604	2
X	150000001	0.603036	0.583604	2
X	151000001	0.550828	0.583604	2
X	152000001	0.52643	0.583604	2
X	153000001	0.647688	0.583604	2
X	154000001	0.624664	0.583604	2
X	155000001	0.360128	0.583604	2
X	156000001	0.871321	0.583604	2
Y	1	-1	-1	0
Y	1000001	-1	-1	0
Y	2000001	0	0.0610597	0
Y	3000001	0.0367176	0.0610597	0
Y	4000001	0.0965841	0.0610597	0
Y	5000001	0.0900519	0.0610597	0
Y	6000001	0.0579774	0.0610597	0
Y	7000001	0.0641419	0.0610597	0
Y	8000001	0.0244647	0.0610597	0
Y	9000001	0.0887828	0.0610597	0
Y	10000001	1.35051	1.05133	3
Y	11000001	0.752144	1.05133	3
Y	12000001	0.135946	0.0699302	0
Y	13000001	0.0303832	0.0699302	0
Y	14000001	0.100543	0.0699302	0
Y	15000001	0.0699302	0.0699302	0
Y	16000001	0.0246742	0.0699302	0
Y	17000001	0.182312	0.0699302	0
Y	18000001	0.243272	0.0699302	0
Y	19000001	0.041841	0.0699302	0
Y	20000001	0.028964	0.0699302	0
Y	21000001	0.291746	0.202639	1
Y	22000001	0.26512	0.202639	1
Y	23000001	0.19094	0.202639	1
Y	24000001	0.120257	0.202639	1
Y	25000001	0.202639	0.202639	1
Y	26000001	0.379571	0.202639	1
Y	27000001	-1	0.202639	1
Y	28000001	-1	0.202639	1
Y	29000001	-1	0.202639	1
Y	30000001	-1	0.202639	1
Y	31000001	-1	0.202639	1
Y	32000001	-1	0.202639	1
Y	33000001	-1	0.202639	1
Y	34000001	-1	0.202639	1
Y	35000001	-1	0.202639	1
Y	36000001	-1	0.202639	1
Y	37000001	-1	0.202639	1
Y	38000001	-1	0.202639	1
Y	39000001	-1	0.202639	1
Y	40000001	-1	0.202639	1
Y	41000001	-1	0.202639	1
Y	42000001	-1	0.202639	1
Y	43000001	-1	0.202639	1
Y	44000001	-1	0.202639	1
Y	45000001	-1	0.202639	1
Y	46000001	-1	0.202639	1
Y	47000001	-1	0.202639	1
Y	48000001	-1	0.202639	1
Y	49000001	-1	0.202639	1
Y	50000001	-1	0.202639	1
Y	51000001	-1	0.202639	1
Y	52000001	-1	0.202639	1
Y	53000001	-1	0.202639	1
Y	54000001	-1	0.202639	1
Y	55000001	-1	0.202639	1
Y	56000001	0.195119	0.202639	1
Y	57000001	-1	-1	1
