Chromosome	Start	Ratio	MedianRatio	CopyNumber
1	1	2.54266	1.95721	6
1	1000001	2.63501	1.95721	6
1	2000001	3.72106	1.95721	6
1	3000001	2.24299	1.95721	6
1	4000001	1.6572	1.95721	6
1	5000001	1.59612	1.95721	6
1	6000001	1.7773	1.95721	6
1	7000001	2.06989	1.95721	6
1	8000001	1.34246	1.95721	6
1	9000001	2.03478	1.95721	6
1	10000001	2.19068	1.95721	6
1	11000001	2.13556	1.95721	6
1	12000001	2.00568	1.95721	6
1	13000001	1.84408	1.95721	6
1	14000001	1.85598	1.95721	6
1	15000001	1.7571	1.95721	6
1	16000001	2.25953	1.95721	6
1	17000001	2.16894	1.95721	6
1	18000001	1.74299	1.95721	6
1	19000001	1.58457	1.95721	6
1	20000001	1.6058	1.95721	6
1	21000001	1.33819	1.95721	6
1	22000001	1.81235	1.95721	6
1	23000001	1.34576	1.95721	6
1	24000001	1.78676	1.95721	6
1	25000001	2.85561	1.95721	6
1	26000001	2.25019	1.95721	6
1	27000001	1.98652	1.95721	6
1	28000001	2.02106	1.95721	6
1	29000001	1.92789	1.95721	6
1	30000001	1.57511	1.61718	5
1	31000001	1.66268	1.61718	5
1	32000001	2.09925	1.61718	5
1	33000001	1.27397	1.61718	5
1	34000001	1.4245	1.61718	5
1	35000001	1.38421	1.61718	5
1	36000001	1.87663	1.61718	5
1	37000001	1.81191	1.61718	5
1	38000001	1.61718	1.61718	5
1	39000001	1.48301	1.61718	5
1	40000001	1.66868	1.61718	5
1	41000001	1.7016	1.61718	5
1	42000001	1.47804	1.61718	5
1	43000001	2.03482	1.61718	5
1	44000001	2.12891	1.61718	5
1	45000001	2.0916	1.61718	5
1	46000001	2.20955	1.61718	5
1	47000001	1.82482	1.61718	5
1	48000001	1.19365	1.61718	5
1	49000001	1.56329	1.61718	5
1	50000001	1.38774	1.61718	5
1	51000001	1.15105	1.61718	5
1	52000001	1.49329	1.61718	5
1	53000001	1.72848	1.61718	5
1	54000001	2.4249	1.61718	5
1	55000001	1.3931	1.61718	5
1	56000001	1.5481	1.61718	5
1	57000001	0.993696	0.886595	3
1	58000001	0.949879	0.886595	3
1	59000001	1.01359	0.886595	3
1	60000001	0.95763	0.886595	3
1	61000001	0.970346	0.886595	3
1	62000001	0.944837	0.886595	3
1	63000001	0.962783	0.886595	3
1	64000001	0.811508	0.886595	3
1	65000001	1.04108	0.886595	3
1	66000001	0.886595	0.886595	3
1	67000001	0.94011	0.886595	3
1	68000001	1.0759	0.886595	3
1	69000001	0.807046	0.886595	3
1	70000001	0.671673	0.886595	3
1	71000001	0.793034	0.886595	3
1	72000001	1.03148	0.886595	3
1	73000001	0.848957	0.886595	3
1	74000001	1.01203	0.886595	3
1	75000001	0.953975	0.886595	3
1	76000001	1.2611	0.886595	3
1	77000001	0.844858	0.886595	3
1	78000001	0.684069	0.886595	3
1	79000001	0.813994	0.886595	3
1	80000001	0.695375	0.886595	3
1	81000001	0.543182	0.886595	3
1	82000001	0.608572	0.886595	3
1	83000001	0.829634	0.886595	3
1	84000001	1.18953	0.886595	3
1	85000001	1.29534	0.886595	3
1	86000001	1.19679	0.886595	3
1	87000001	0.827688	0.886595	3
1	88000001	0.921313	0.886595	3
1	89000001	0.811405	0.886595	3
1	90000001	0.70972	0.886595	3
1	91000001	1.15641	0.886595	3
1	92000001	0.955791	0.886595	3
1	93000001	0.830109	0.886595	3
1	94000001	1.03549	0.886595	3
1	95000001	0.9302	0.886595	3
1	96000001	0.626801	0.886595	3
1	97000001	0.686828	0.886595	3
1	98000001	0.82485	0.886595	3
1	99000001	1.41346	0.886595	3
1	100000001	1.44589	0.886595	3
1	101000001	0.764157	0.886595	3
1	102000001	0.8424	0.886595	3
1	103000001	0.870696	0.886595	3
1	104000001	0.623397	0.886595	3
1	105000001	0.535202	0.886595	3
1	106000001	0.743529	0.886595	3
1	107000001	1.1686	0.886595	3
1	108000001	1.66232	1.66232	5
1	109000001	2.00971	1.66232	5
1	110000001	1.6147	1.66232	5
1	111000001	1.13143	1.29588	4
1	112000001	1.13496	1.29588	4
1	113000001	1.25342	1.29588	4
1	114000001	1.31883	1.29588	4
1	115000001	1.26837	1.29588	4
1	116000001	1.55684	1.29588	4
1	117000001	1.47251	1.29588	4
1	118000001	1.68083	1.29588	4
1	119000001	1.27293	1.29588	4
1	120000001	1.35704	1.29588	4
1	121000001	2.59206	2.26931	7
1	122000001	1.75593	2.26931	7
1	123000001	2.44624	2.26931	7
1	124000001	2.09238	2.26931	7
1	125000001	6.92005	-1	4
1	126000001	-1	-1	4
1	127000001	-1	-1	4
1	128000001	-1	-1	4
1	129000001	-1	-1	4
1	130000001	-1	-1	4
1	131000001	-1	-1	4
1	132000001	-1	-1	4
1	133000001	-1	-1	4
1	134000001	-1	-1	4
1	135000001	-1	-1	4
1	136000001	-1	-1	4
1	137000001	-1	-1	4
1	138000001	-1	-1	4
1	139000001	-1	-1	4
1	140000001	-1	-1	4
1	141000001	-1	-1	4
1	142000001	-1	-1	4
1	143000001	5.31483	-1	4
1	144000001	1.53082	1.29041	4
1	145000001	1.18442	1.29041	4
1	146000001	1.14609	1.29041	4
1	147000001	1.24414	1.29041	4
1	148000001	1.24152	1.29041	4
1	149000001	1.34661	1.29041	4
1	150000001	1.40994	1.29041	4
1	151000001	1.47019	1.29041	4
1	152000001	1.26826	1.29041	4
1	153000001	1.3285	1.29041	4
1	154000001	1.53607	1.29041	4
1	155000001	1.24732	1.29041	4
1	156000001	1.81991	1.29041	4
1	157000001	1.20947	1.29041	4
1	158000001	1.07867	1.29041	4
1	159000001	1.08012	1.29041	4
1	160000001	1.16803	1.29041	4
1	161000001	2.2229	1.29041	4
1	162000001	1.09358	1.29041	4
1	163000001	0.956272	1.29041	4
1	164000001	1.12126	1.29041	4
1	165000001	1.20891	1.29041	4
1	166000001	1.39578	1.29041	4
1	167000001	1.29758	1.29041	4
1	168000001	1.54126	1.29041	4
1	169000001	1.36092	1.29041	4
1	170000001	1.34592	1.29041	4
1	171000001	1.41318	1.29041	4
1	172000001	1.29041	1.29041	4
1	173000001	1.71629	1.29041	4
1	174000001	1.35437	1.29041	4
1	175000001	1.06329	1.29041	4
1	176000001	0.952479	1.29041	4
1	177000001	1.36735	1.29041	4
1	178000001	1.0346	1.29041	4
1	179000001	1.43467	1.29041	4
1	180000001	1.24246	1.29041	4
1	181000001	1.42725	1.29041	4
1	182000001	1.79847	1.29041	4
1	183000001	1.51493	1.29041	4
1	184000001	1.27398	1.29041	4
1	185000001	1.21767	1.29041	4
1	186000001	1.28392	1.29041	4
1	187000001	0.767445	0.957131	3
1	188000001	1.01198	0.957131	3
1	189000001	1.05876	0.957131	3
1	190000001	0.661804	0.957131	3
1	191000001	0.977663	0.957131	3
1	192000001	0.925092	0.957131	3
1	193000001	1.18234	0.957131	3
1	194000001	0.708509	0.957131	3
1	195000001	1.03659	0.957131	3
1	196000001	0.936599	0.957131	3
1	197000001	0.986567	0.957131	3
1	198000001	0.746466	0.957131	3
1	199000001	1.2712	1.39856	4
1	200000001	1.17523	1.39856	4
1	201000001	2.13178	1.39856	4
1	202000001	1.7209	1.39856	4
1	203000001	1.28616	1.39856	4
1	204000001	1.33915	1.39856	4
1	205000001	1.89804	1.39856	4
1	206000001	1.39856	1.39856	4
1	207000001	1.88583	1.39856	4
1	208000001	1.3996	1.39856	4
1	209000001	1.19279	1.39856	4
1	210000001	1.54986	1.39856	4
1	211000001	1.54285	1.39856	4
1	212000001	1.24701	1.39856	4
1	213000001	1.20335	1.39856	4
1	214000001	1.40133	1.39856	4
1	215000001	1.10485	1.39856	4
1	216000001	1.15156	1.39856	4
1	217000001	1.068	1.39856	4
1	218000001	1.15232	1.39856	4
1	219000001	1.23719	1.39856	4
1	220000001	1.54074	1.39856	4
1	221000001	1.66383	1.39856	4
1	222000001	1.27288	1.39856	4
1	223000001	1.64797	1.39856	4
1	224000001	1.3123	1.39856	4
1	225000001	1.678	1.39856	4
1	226000001	1.60669	1.39856	4
1	227000001	1.7037	1.39856	4
1	228000001	2.71812	2.71812	8
1	229000001	1.29308	1.37267	4
1	230000001	2.00195	1.37267	4
1	231000001	1.37309	1.37267	4
1	232000001	1.71996	1.37267	4
1	233000001	0.951334	1.37267	4
1	234000001	1.42881	1.37267	4
1	235000001	1.37224	1.37267	4
1	236000001	1.50646	1.37267	4
1	237000001	0.916868	1.37267	4
1	238000001	0.978467	1.37267	4
1	239000001	0.823719	1.37267	4
1	240000001	1.55429	1.37267	4
1	241000001	1.16281	1.37267	4
1	242000001	1.41915	1.37267	4
1	243000001	0.838666	1.37267	4
1	244000001	1.41829	1.37267	4
1	245000001	1.61427	1.37267	4
1	246000001	1.7302	1.37267	4
1	247000001	1.18081	1.37267	4
1	248000001	1.34372	1.37267	4
10	1	2.31366	2.08907	6
10	1000001	1.86449	2.08907	6
10	2000001	0.993262	1.27331	4
10	3000001	1.63955	1.27331	4
10	4000001	1.06823	1.27331	4
10	5000001	1.23395	1.27331	4
10	6000001	1.5655	1.27331	4
10	7000001	1.56783	1.27331	4
10	8000001	1.22185	1.27331	4
10	9000001	0.707738	1.27331	4
10	10000001	0.85769	1.27331	4
10	11000001	1.65274	1.27331	4
10	12000001	1.74096	1.27331	4
10	13000001	1.64999	1.27331	4
10	14000001	1.47387	1.27331	4
10	15000001	1.19164	1.27331	4
10	16000001	0.921136	1.27331	4
10	17000001	1.39406	1.27331	4
10	18000001	1.18442	1.27331	4
10	19000001	1.21547	1.27331	4
10	20000001	1.03378	1.27331	4
10	21000001	1.61928	1.27331	4
10	22000001	1.30997	1.27331	4
10	23000001	1.28069	1.27331	4
10	24000001	1.38928	1.27331	4
10	25000001	1.4403	1.27331	4
10	26000001	1.10693	1.27331	4
10	27000001	1.16325	1.27331	4
10	28000001	1.45668	1.27331	4
10	29000001	1.27331	1.27331	4
10	30000001	1.38721	1.27331	4
10	31000001	1.05745	1.27331	4
10	32000001	1.18218	1.27331	4
10	33000001	0.716081	0.827091	2
10	34000001	0.767386	0.827091	2
10	35000001	0.901758	0.827091	2
10	36000001	0.827091	0.827091	2
10	37000001	0.997121	0.827091	2
10	38000001	1.26038	1.16756	4
10	39000001	1.05889	1.16756	4
10	40000001	1.72361	1.16756	4
10	41000001	1.07474	1.16756	4
10	42000001	1.53932	1.60535	5
10	43000001	1.94791	1.60535	5
10	44000001	1.56161	1.60535	5
10	45000001	1.51127	1.60535	5
10	46000001	1.99063	1.60535	5
10	47000001	1.62342	1.60535	5
10	48000001	1.60535	1.60535	5
10	49000001	1.56774	1.60535	5
10	50000001	1.82231	1.60535	5
10	51000001	1.10625	1.16666	3
10	52000001	1.17385	1.16666	3
10	53000001	1.32708	1.16666	3
10	54000001	0.775287	1.16666	3
10	55000001	0.885634	1.16666	3
10	56000001	1.0364	1.16666	3
10	57000001	1.37838	1.16666	3
10	58000001	1.04492	1.16666	3
10	59000001	1.17834	1.16666	3
10	60000001	1.48726	1.16666	3
10	61000001	1.16922	1.16666	3
10	62000001	1.15082	1.16666	3
10	63000001	1.20535	1.16666	3
10	64000001	1.19657	1.16666	3
10	65000001	1.13347	1.16666	3
10	66000001	1.16409	1.16666	3
10	67000001	0.930102	1.16666	3
10	68000001	1.40412	1.16666	3
10	69000001	1.97415	1.83539	6
10	70000001	1.64167	1.83539	6
10	71000001	1.85757	1.83539	6
10	72000001	1.83539	1.83539	6
10	73000001	1.81398	1.83539	6
10	74000001	1.37152	1.34343	4
10	75000001	1.17651	1.34343	4
10	76000001	1.2991	1.34343	4
10	77000001	1.49508	1.34343	4
10	78000001	1.74209	1.34343	4
10	79000001	1.63828	1.34343	4
10	80000001	1.66698	1.34343	4
10	81000001	1.06556	1.34343	4
10	82000001	1.23743	1.34343	4
10	83000001	1.2024	1.34343	4
10	84000001	1.34343	1.34343	4
10	85000001	1.39571	1.34343	4
10	86000001	1.32784	1.34343	4
10	87000001	0.818511	0.700848	2
10	88000001	0.604297	0.700848	2
10	89000001	0.523974	0.700848	2
10	90000001	0.55117	0.700848	2
10	91000001	0.891123	0.700848	2
10	92000001	0.836766	0.700848	2
10	93000001	0.632121	0.700848	2
10	94000001	0.737939	0.700848	2
10	95000001	1.11016	0.700848	2
10	96000001	0.653518	0.700848	2
10	97000001	1.07421	0.700848	2
10	98000001	0.696368	0.700848	2
10	99000001	0.800543	0.700848	2
10	100000001	0.870726	0.700848	2
10	101000001	0.679169	0.700848	2
10	102000001	1.04465	0.700848	2
10	103000001	0.891198	0.700848	2
10	104000001	0.674917	0.700848	2
10	105000001	0.717573	0.700848	2
10	106000001	0.471564	0.700848	2
10	107000001	0.705328	0.700848	2
10	108000001	0.549686	0.700848	2
10	109000001	1.05313	0.700848	2
10	110000001	0.743266	0.700848	2
10	111000001	0.543786	0.700848	2
10	112000001	0.715801	0.700848	2
10	113000001	0.660726	0.700848	2
10	114000001	0.782403	0.700848	2
10	115000001	0.540166	0.700848	2
10	116000001	0.412519	0.700848	2
10	117000001	0.514507	0.700848	2
10	118000001	0.689819	0.700848	2
10	119000001	1.90599	1.90599	6
10	120000001	0.857638	0.881082	3
10	121000001	0.701784	0.881082	3
10	122000001	1.26953	0.881082	3
10	123000001	0.904526	0.881082	3
10	124000001	0.913991	0.881082	3
10	125000001	0.808611	0.881082	3
10	126000001	3.38697	3.38697	10
10	127000001	0.835899	0.879982	3
10	128000001	0.663379	0.879982	3
10	129000001	0.825908	0.879982	3
10	130000001	0.904719	0.879982	3
10	131000001	0.879982	0.879982	3
10	132000001	0.921286	0.879982	3
10	133000001	2.60525	0.879982	3
11	1	2.22378	2.04046	6
11	1000001	1.85713	2.04046	6
11	2000001	1.56441	1.37331	4
11	3000001	1.42689	1.37331	4
11	4000001	0.979411	1.37331	4
11	5000001	1.37331	1.37331	4
11	6000001	1.38743	1.37331	4
11	7000001	1.07406	1.37331	4
11	8000001	1.0964	1.37331	4
11	9000001	0.968786	1.37331	4
11	10000001	1.72836	1.37331	4
11	11000001	2.73089	2.73089	8
11	12000001	1.13754	0.958106	3
11	13000001	1.11716	0.958106	3
11	14000001	0.729621	0.958106	3
11	15000001	0.844057	0.958106	3
11	16000001	0.919655	0.958106	3
11	17000001	0.844277	0.958106	3
11	18000001	1.10186	0.958106	3
11	19000001	1.28577	0.958106	3
11	20000001	1.04173	0.958106	3
11	21000001	0.648117	0.958106	3
11	22000001	1.50081	0.958106	3
11	23000001	0.522087	0.958106	3
11	24000001	1.2885	0.958106	3
11	25000001	0.603117	0.958106	3
11	26000001	0.845591	0.958106	3
11	27000001	0.877398	0.958106	3
11	28000001	0.79161	0.958106	3
11	29000001	0.926175	0.958106	3
11	30000001	0.712942	0.958106	3
11	31000001	1.0994	0.958106	3
11	32000001	1.05721	0.958106	3
11	33000001	1.30292	0.958106	3
11	34000001	1.28235	0.958106	3
11	35000001	1.03966	0.958106	3
11	36000001	1.13202	0.958106	3
11	37000001	0.883249	0.958106	3
11	38000001	0.990037	0.958106	3
11	39000001	1.09434	0.958106	3
11	40000001	0.75333	0.958106	3
11	41000001	0.841628	0.958106	3
11	42000001	1.23588	1.11723	3
11	43000001	1.11723	1.11723	3
11	44000001	1.0759	1.11723	3
11	45000001	0.919772	1.11723	3
11	46000001	1.44721	1.11723	3
11	47000001	1.10129	1.11723	3
11	48000001	1.02055	1.11723	3
11	49000001	0.772377	1.11723	3
11	50000001	1.18862	1.11723	3
11	51000001	1.11688	1.11723	3
11	52000001	1.30411	1.11723	3
11	53000001	1.46181	1.11723	3
11	54000001	1.30531	1.11723	3
11	55000001	1.23049	1.11723	3
11	56000001	0.903723	1.11723	3
11	57000001	1.40617	1.11723	3
11	58000001	0.990439	1.11723	3
11	59000001	1.35259	1.11723	3
11	60000001	1.11638	1.11723	3
11	61000001	1.72603	1.67126	5
11	62000001	1.39573	1.67126	5
11	63000001	1.38792	1.67126	5
11	64000001	1.73327	1.67126	5
11	65000001	2.4529	1.67126	5
11	66000001	1.65749	1.67126	5
11	67000001	1.64128	1.67126	5
11	68000001	1.26382	1.67126	5
11	69000001	1.9137	1.67126	5
11	70000001	1.67126	1.67126	5
11	71000001	1.67418	1.67126	5
11	72000001	1.05032	0.996625	3
11	73000001	1.43612	0.996625	3
11	74000001	1.23879	0.996625	3
11	75000001	1.54181	0.996625	3
11	76000001	1.03492	0.996625	3
11	77000001	1.10131	0.996625	3
11	78000001	1.15846	0.996625	3
11	79000001	0.931527	0.996625	3
11	80000001	0.862939	0.996625	3
11	81000001	0.746487	0.996625	3
11	82000001	0.852564	0.996625	3
11	83000001	0.802168	0.996625	3
11	84000001	0.966119	0.996625	3
11	85000001	1.06121	0.996625	3
11	86000001	1.57762	0.996625	3
11	87000001	0.994692	0.996625	3
11	88000001	0.72713	0.996625	3
11	89000001	0.918073	0.996625	3
11	90000001	1.15211	0.996625	3
11	91000001	0.784389	0.996625	3
11	92000001	0.998558	0.996625	3
11	93000001	1.14638	0.996625	3
11	94000001	0.892785	0.996625	3
11	95000001	1.01387	0.996625	3
11	96000001	1.2166	0.996625	3
11	97000001	0.596734	0.996625	3
11	98000001	0.735306	0.996625	3
11	99000001	0.562671	0.996625	3
11	100000001	0.929751	0.996625	3
11	101000001	1.00992	0.996625	3
11	102000001	1.13768	0.996625	3
11	103000001	0.835958	0.996625	3
11	104000001	1.53618	0.996625	3
11	105000001	0.612182	0.996625	3
11	106000001	0.826245	0.996625	3
11	107000001	1.21629	0.996625	3
11	108000001	0.702607	0.996625	3
11	109000001	0.992815	0.996625	3
11	110000001	0.846742	0.996625	3
11	111000001	0.861134	0.996625	3
11	112000001	0.904513	0.996625	3
11	113000001	0.963717	0.996625	3
11	114000001	1.04081	0.996625	3
11	115000001	0.868132	0.996625	3
11	116000001	1.33994	0.996625	3
11	117000001	1.09588	0.996625	3
11	118000001	1.34205	0.996625	3
11	119000001	1.19564	0.996625	3
11	120000001	1.61155	0.996625	3
11	121000001	0.967013	0.996625	3
11	122000001	0.830593	0.996625	3
11	123000001	0.786841	0.996625	3
11	124000001	0.803122	0.996625	3
11	125000001	1.06463	0.996625	3
11	126000001	1.55544	0.996625	3
11	127000001	0.768355	0.996625	3
11	128000001	1.19144	0.996625	3
11	129000001	0.853873	0.996625	3
11	130000001	1.15973	0.996625	3
11	131000001	1.33123	0.996625	3
11	132000001	1.25594	0.996625	3
11	133000001	1.04909	0.996625	3
11	134000001	1.2051	0.996625	3
11	135000001	0.264296	0.996625	3
12	1	0.827066	0.86957	3
12	1000001	0.797886	0.86957	3
12	2000001	0.985399	0.86957	3
12	3000001	0.583034	0.86957	3
12	4000001	0.664075	0.86957	3
12	5000001	1.01338	0.86957	3
12	6000001	1.38343	0.86957	3
12	7000001	1.0525	0.86957	3
12	8000001	0.86957	0.86957	3
12	9000001	0.474059	0.86957	3
12	10000001	0.419737	0.86957	3
12	11000001	0.709843	0.86957	3
12	12000001	0.976614	0.86957	3
12	13000001	0.772925	0.86957	3
12	14000001	0.816842	0.86957	3
12	15000001	0.460957	0.86957	3
12	16000001	0.418431	0.86957	3
12	17000001	0.857902	0.86957	3
12	18000001	0.772777	0.86957	3
12	19000001	0.768936	0.86957	3
12	20000001	0.591014	0.86957	3
12	21000001	0.631592	0.86957	3
12	22000001	0.760774	0.86957	3
12	23000001	0.516422	0.86957	3
12	24000001	0.632499	0.86957	3
12	25000001	1.01155	0.86957	3
12	26000001	0.991775	0.86957	3
12	27000001	0.98531	0.86957	3
12	28000001	0.577108	0.86957	3
12	29000001	0.955243	0.86957	3
12	30000001	1.16176	0.86957	3
12	31000001	1.1379	0.86957	3
12	32000001	0.945295	0.86957	3
12	33000001	0.589693	0.86957	3
12	34000001	1.15338	0.86957	3
12	35000001	1.01582	0.86957	3
12	36000001	1.18874	0.86957	3
12	37000001	1.06686	0.86957	3
12	38000001	1.08248	0.86957	3
12	39000001	0.960185	0.86957	3
12	40000001	0.985156	0.86957	3
12	41000001	0.639876	0.86957	3
12	42000001	1.14826	0.86957	3
12	43000001	1.32224	0.86957	3
12	44000001	1.12301	0.86957	3
12	45000001	0.745098	0.86957	3
12	46000001	0.89138	0.86957	3
12	47000001	1.28723	1.28723	4
12	48000001	2.26514	1.28723	4
12	49000001	1.46426	1.28723	4
12	50000001	1.23542	1.28723	4
12	51000001	1.14316	1.28723	4
12	52000001	1.32066	1.28723	4
12	53000001	1.18769	1.28723	4
12	54000001	1.55661	1.28723	4
12	55000001	1.13087	1.28723	4
12	56000001	2.03169	2.27644	7
12	57000001	2.5212	2.27644	7
12	58000001	1.06125	0.795761	2
12	59000001	1.15661	0.795761	2
12	60000001	0.768306	0.795761	2
12	61000001	0.888365	0.795761	2
12	62000001	1.03327	0.795761	2
12	63000001	0.734067	0.795761	2
12	64000001	0.993239	0.795761	2
12	65000001	0.625266	0.795761	2
12	66000001	0.790844	0.795761	2
12	67000001	1.1037	0.795761	2
12	68000001	1.06076	0.795761	2
12	69000001	0.992834	0.795761	2
12	70000001	0.766934	0.795761	2
12	71000001	0.749864	0.795761	2
12	72000001	0.714144	0.795761	2
12	73000001	0.751178	0.795761	2
12	74000001	0.834084	0.795761	2
12	75000001	0.592428	0.795761	2
12	76000001	0.947226	0.795761	2
12	77000001	0.912134	0.795761	2
12	78000001	0.636278	0.795761	2
12	79000001	1.01688	0.795761	2
12	80000001	1.08757	0.795761	2
12	81000001	0.744416	0.795761	2
12	82000001	0.800418	0.795761	2
12	83000001	0.795761	0.795761	2
12	84000001	0.719178	0.795761	2
12	85000001	0.583683	0.795761	2
12	86000001	0.904006	0.795761	2
12	87000001	0.685881	0.795761	2
12	88000001	0.716455	0.795761	2
12	89000001	1.13864	0.795761	2
12	90000001	0.696014	0.795761	2
12	91000001	0.989219	1.06726	3
12	92000001	1.39504	1.06726	3
12	93000001	1.24058	1.06726	3
12	94000001	1.18556	1.06726	3
12	95000001	1.17848	1.06726	3
12	96000001	1.19556	1.06726	3
12	97000001	0.819509	1.06726	3
12	98000001	0.739659	1.06726	3
12	99000001	0.899161	1.06726	3
12	100000001	1.0114	1.06726	3
12	101000001	0.803822	1.06726	3
12	102000001	1.39566	1.06726	3
12	103000001	0.538076	1.06726	3
12	104000001	1.02397	1.06726	3
12	105000001	1.1049	1.06726	3
12	106000001	0.872497	1.06726	3
12	107000001	1.06726	1.06726	3
12	108000001	1.46037	1.06726	3
12	109000001	1.36646	1.06726	3
12	110000001	0.980563	1.06726	3
12	111000001	1.09392	1.06726	3
12	112000001	1.56054	1.06726	3
12	113000001	1.17647	1.06726	3
12	114000001	1.27269	1.06726	3
12	115000001	0.853578	1.06726	3
12	116000001	1.38274	1.06726	3
12	117000001	1.0089	1.06726	3
12	118000001	0.960988	1.06726	3
12	119000001	0.907658	1.06726	3
12	120000001	1.72531	1.52639	5
12	121000001	1.68837	1.52639	5
12	122000001	1.74931	1.52639	5
12	123000001	0.970736	1.52639	5
12	124000001	1.71481	1.52639	5
12	125000001	1.38191	1.52639	5
12	126000001	1.28864	1.52639	5
12	127000001	1.18614	1.52639	5
12	128000001	0.995114	1.52639	5
12	129000001	1.52914	1.52639	5
12	130000001	1.52364	1.52639	5
12	131000001	1.88784	1.52639	5
12	132000001	1.66833	1.52639	5
12	133000001	1.30266	1.52639	5
13	1	-1	-1	2
13	1000001	-1	-1	2
13	2000001	-1	-1	2
13	3000001	-1	-1	2
13	4000001	-1	-1	2
13	5000001	-1	-1	2
13	6000001	-1	-1	2
13	7000001	-1	-1	2
13	8000001	-1	-1	2
13	9000001	-1	-1	2
13	10000001	-1	-1	2
13	11000001	-1	-1	2
13	12000001	-1	-1	2
13	13000001	-1	-1	2
13	14000001	-1	-1	2
13	15000001	-1	-1	2
13	16000001	0.644985	0.665044	2
13	17000001	0.576748	0.665044	2
13	18000001	0.901066	0.665044	2
13	19000001	0.868717	0.665044	2
13	20000001	0.724589	0.665044	2
13	21000001	0.899628	0.665044	2
13	22000001	0.615059	0.665044	2
13	23000001	0.811797	0.665044	2
13	24000001	0.846722	0.665044	2
13	25000001	0.720236	0.665044	2
13	26000001	0.57258	0.665044	2
13	27000001	0.630701	0.665044	2
13	28000001	0.900468	0.665044	2
13	29000001	0.892969	0.665044	2
13	30000001	0.832326	0.665044	2
13	31000001	0.597216	0.665044	2
13	32000001	0.59019	0.665044	2
13	33000001	0.726579	0.665044	2
13	34000001	0.650901	0.665044	2
13	35000001	0.725078	0.665044	2
13	36000001	0.718128	0.665044	2
13	37000001	0.77667	0.665044	2
13	38000001	1.1426	0.665044	2
13	39000001	0.36633	0.665044	2
13	40000001	0.649066	0.665044	2
13	41000001	1.16896	0.665044	2
13	42000001	0.999903	0.665044	2
13	43000001	0.794816	0.665044	2
13	44000001	0.797023	0.665044	2
13	45000001	0.765736	0.665044	2
13	46000001	0.52595	0.665044	2
13	47000001	0.534853	0.665044	2
13	48000001	0.86078	0.665044	2
13	49000001	0.703881	0.665044	2
13	50000001	0.613735	0.665044	2
13	51000001	0.661344	0.665044	2
13	52000001	0.713521	0.665044	2
13	53000001	0.668745	0.665044	2
13	54000001	0.685698	0.665044	2
13	55000001	0.394368	0.665044	2
13	56000001	0.476312	0.665044	2
13	57000001	0.594907	0.665044	2
13	58000001	0.320896	0.665044	2
13	59000001	0.696616	0.665044	2
13	60000001	0.678128	0.665044	2
13	61000001	0.683988	0.665044	2
13	62000001	0.69544	0.665044	2
13	63000001	0.568372	0.665044	2
13	64000001	0.660887	0.665044	2
13	65000001	0.592018	0.665044	2
13	66000001	0.484436	0.665044	2
13	67000001	0.591729	0.665044	2
13	68000001	0.61623	0.665044	2
13	69000001	0.395159	0.665044	2
13	70000001	0.642637	0.665044	2
13	71000001	1.54465	0.665044	2
13	72000001	0.52385	0.665044	2
13	73000001	0.710027	0.665044	2
13	74000001	0.631203	0.665044	2
13	75000001	0.638514	0.665044	2
13	76000001	0.532631	0.665044	2
13	77000001	0.46472	0.665044	2
13	78000001	0.537683	0.665044	2
13	79000001	0.742082	0.665044	2
13	80000001	1.73921	0.665044	2
13	81000001	0.432727	0.665044	2
13	82000001	0.506919	0.665044	2
13	83000001	0.705044	0.665044	2
13	84000001	0.825889	0.665044	2
13	85000001	0.635474	0.665044	2
13	86000001	1.06597	0.665044	2
13	87000001	0.601806	0.665044	2
13	88000001	0.512012	0.665044	2
13	89000001	0.929959	0.665044	2
13	90000001	3.63122	3.63122	11
13	91000001	2.94653	2.94653	9
13	92000001	1.92799	1.92799	6
13	93000001	1.07043	0.760841	2
13	94000001	0.777721	0.760841	2
13	95000001	0.826757	0.760841	2
13	96000001	0.654008	0.760841	2
13	97000001	0.73573	0.760841	2
13	98000001	1.0517	0.760841	2
13	99000001	0.663362	0.760841	2
13	100000001	0.60336	0.760841	2
13	101000001	0.529022	0.760841	2
13	102000001	0.87101	0.760841	2
13	103000001	0.604067	0.760841	2
13	104000001	0.565279	0.760841	2
13	105000001	0.743962	0.760841	2
13	106000001	0.512073	0.760841	2
13	107000001	1.22946	0.760841	2
13	108000001	0.507469	0.760841	2
13	109000001	0.639231	0.760841	2
13	110000001	0.984167	0.760841	2
13	111000001	1.0724	0.760841	2
13	112000001	0.781236	0.760841	2
13	113000001	1.41688	0.760841	2
13	114000001	1.09534	0.760841	2
14	1	-1	-1	4
14	1000001	-1	-1	4
14	2000001	-1	-1	4
14	3000001	-1	-1	4
14	4000001	-1	-1	4
14	5000001	-1	-1	4
14	6000001	-1	-1	4
14	7000001	-1	-1	4
14	8000001	-1	-1	4
14	9000001	-1	-1	4
14	10000001	-1	-1	4
14	11000001	-1	-1	4
14	12000001	-1	-1	4
14	13000001	-1	-1	4
14	14000001	-1	-1	4
14	15000001	-1	-1	4
14	16000001	1.45194	1.25256	4
14	17000001	0.806008	1.25256	4
14	18000001	1.05319	1.25256	4
14	19000001	2.05227	1.25256	4
14	20000001	0.671299	0.892878	3
14	21000001	0.700215	0.892878	3
14	22000001	1.39356	0.892878	3
14	23000001	1.46168	0.892878	3
14	24000001	0.892878	0.892878	3
14	25000001	0.387173	0.606915	2
14	26000001	0.589952	0.606915	2
14	27000001	0.597216	0.606915	2
14	28000001	0.391088	0.606915	2
14	29000001	0.642712	0.606915	2
14	30000001	0.588438	0.606915	2
14	31000001	0.515829	0.606915	2
14	32000001	0.608125	0.606915	2
14	33000001	0.705692	0.606915	2
14	34000001	0.982315	0.606915	2
14	35000001	0.544763	0.606915	2
14	36000001	0.63585	0.606915	2
14	37000001	0.515922	0.606915	2
14	38000001	0.695	0.606915	2
14	39000001	0.715197	0.606915	2
14	40000001	0.557647	0.606915	2
14	41000001	0.476988	0.606915	2
14	42000001	0.727987	0.606915	2
14	43000001	0.67859	0.606915	2
14	44000001	0.777736	0.606915	2
14	45000001	0.567856	0.606915	2
14	46000001	0.393354	0.606915	2
14	47000001	0.606915	0.606915	2
14	48000001	0.605438	0.606915	2
14	49000001	0.720335	0.606915	2
14	50000001	0.834714	0.606915	2
14	51000001	0.573651	0.606915	2
14	52000001	0.981374	0.606915	2
14	53000001	0.56977	0.606915	2
14	54000001	0.642163	0.606915	2
14	55000001	0.686766	0.606915	2
14	56000001	0.36543	0.606915	2
14	57000001	0.662894	0.606915	2
14	58000001	0.50065	0.606915	2
14	59000001	0.69765	0.606915	2
14	60000001	2.51092	2.51092	8
14	61000001	0.83571	0.725625	2
14	62000001	0.547759	0.725625	2
14	63000001	1.02173	0.725625	2
14	64000001	1.01075	0.725625	2
14	65000001	0.84119	0.725625	2
14	66000001	0.53912	0.725625	2
14	67000001	0.43484	0.725625	2
14	68000001	0.661675	0.725625	2
14	69000001	0.609299	0.725625	2
14	70000001	0.402315	0.725625	2
14	71000001	0.783174	0.725625	2
14	72000001	1.24895	0.725625	2
14	73000001	0.842116	0.725625	2
14	74000001	0.822056	0.725625	2
14	75000001	0.653248	0.725625	2
14	76000001	0.669233	0.725625	2
14	77000001	0.811104	0.725625	2
14	78000001	0.567	0.725625	2
14	79000001	0.713387	0.725625	2
14	80000001	0.520932	0.725625	2
14	81000001	0.535811	0.725625	2
14	82000001	0.757093	0.725625	2
14	83000001	0.437178	0.725625	2
14	84000001	0.602739	0.725625	2
14	85000001	0.478511	0.725625	2
14	86000001	0.595141	0.725625	2
14	87000001	0.764083	0.725625	2
14	88000001	0.417541	0.725625	2
14	89000001	0.871583	0.725625	2
14	90000001	0.88253	0.725625	2
14	91000001	0.679839	0.725625	2
14	92000001	0.824532	0.725625	2
14	93000001	0.816297	0.725625	2
14	94000001	0.802011	0.725625	2
14	95000001	0.81639	0.725625	2
14	96000001	1.04432	0.725625	2
14	97000001	0.697297	0.725625	2
14	98000001	0.737863	0.725625	2
14	99000001	0.972104	0.983177	3
14	100000001	0.99425	0.983177	3
14	101000001	0.894076	0.983177	3
14	102000001	1.38522	0.983177	3
14	103000001	0.889065	0.983177	3
14	104000001	1.06505	0.983177	3
14	105000001	1.20834	0.983177	3
14	106000001	0.555142	0.983177	3
14	107000001	-1	-1	3
15	1	-1	-1	4
15	1000001	-1	-1	4
15	2000001	-1	-1	4
15	3000001	-1	-1	4
15	4000001	-1	-1	4
15	5000001	-1	-1	4
15	6000001	-1	-1	4
15	7000001	-1	-1	4
15	8000001	-1	-1	4
15	9000001	-1	-1	4
15	10000001	-1	-1	4
15	11000001	-1	-1	4
15	12000001	-1	-1	4
15	13000001	-1	-1	4
15	14000001	-1	-1	4
15	15000001	-1	-1	4
15	16000001	-1	-1	4
15	17000001	1.23742	1.23756	4
15	18000001	1.1174	1.23756	4
15	19000001	1.23769	1.23756	4
15	20000001	1.46088	1.23756	4
15	21000001	1.33445	1.23756	4
15	22000001	1.19068	1.23756	4
15	23000001	0.86409	1.21064	4
15	24000001	0.970156	1.21064	4
15	25000001	1.39359	1.21064	4
15	26000001	1.17724	1.21064	4
15	27000001	1.01231	1.21064	4
15	28000001	0.973	1.21064	4
15	29000001	0.955289	1.21064	4
15	30000001	1.28378	1.21064	4
15	31000001	1.27837	1.21064	4
15	32000001	1.31789	1.21064	4
15	33000001	1.24405	1.21064	4
15	34000001	1.25759	1.21064	4
15	35000001	0.73954	0.73954	2
15	36000001	0.577186	0.73954	2
15	37000001	0.985839	0.73954	2
15	38000001	1.33804	1.19817	4
15	39000001	0.991419	1.19817	4
15	40000001	1.61386	1.19817	4
15	41000001	1.57853	1.19817	4
15	42000001	1.01745	1.19817	4
15	43000001	0.98954	1.19817	4
15	44000001	1.0583	1.19817	4
15	45000001	1.5847	1.19817	4
15	46000001	0.864149	0.864149	3
15	47000001	0.80989	0.864149	3
15	48000001	0.615557	0.864149	3
15	49000001	0.971729	0.864149	3
15	50000001	0.880941	0.864149	3
15	51000001	1.33838	0.864149	3
15	52000001	0.685021	0.864149	3
15	53000001	1.08305	1.08305	3
15	54000001	1.19555	1.08305	3
15	55000001	0.989039	1.08305	3
15	56000001	1.10584	1.08305	3
15	57000001	1.28623	1.08305	3
15	58000001	1.4787	1.08305	3
15	59000001	1.21652	1.08305	3
15	60000001	0.859782	1.08305	3
15	61000001	0.918698	1.08305	3
15	62000001	0.900259	1.08305	3
15	63000001	1.24422	1.08305	3
15	64000001	1.85032	1.08305	3
15	65000001	1.0753	1.08305	3
15	66000001	1.0262	1.08305	3
15	67000001	1.07259	1.08305	3
15	68000001	1.32382	1.08305	3
15	69000001	1.307	1.08305	3
15	70000001	0.853641	1.08305	3
15	71000001	0.970164	1.08305	3
15	72000001	0.893862	1.08305	3
15	73000001	1.17349	1.08305	3
15	74000001	1.43201	1.73968	5
15	75000001	2.04735	1.73968	5
15	76000001	1.21845	1.18388	4
15	77000001	1.1046	1.18388	4
15	78000001	0.978135	1.18388	4
15	79000001	1.11652	1.18388	4
15	80000001	1.10131	1.18388	4
15	81000001	1.18916	1.18388	4
15	82000001	1.30434	1.18388	4
15	83000001	1.12127	1.18388	4
15	84000001	1.17859	1.18388	4
15	85000001	1.21439	1.18388	4
15	86000001	0.911454	1.18388	4
15	87000001	1.04896	1.18388	4
15	88000001	1.27694	1.18388	4
15	89000001	1.36474	1.18388	4
15	90000001	1.78139	1.18388	4
15	91000001	1.20452	1.18388	4
15	92000001	0.836727	0.836727	3
15	93000001	1.04178	0.836727	3
15	94000001	0.900008	0.836727	3
15	95000001	0.834213	0.836727	3
15	96000001	0.755622	0.836727	3
15	97000001	0.767316	0.836727	3
15	98000001	0.91618	0.836727	3
15	99000001	1.17817	1.17817	4
15	100000001	1.63947	1.17817	4
15	101000001	1.09334	1.17817	4
16	1	2.18985	2.12912	6
16	1000001	2.12912	2.12912	6
16	2000001	1.72358	2.12912	6
16	3000001	1.19782	1.21597	4
16	4000001	1.77127	1.21597	4
16	5000001	1.2794	1.21597	4
16	6000001	1.20175	1.21597	4
16	7000001	0.857501	1.21597	4
16	8000001	1.08874	1.21597	4
16	9000001	1.336	1.21597	4
16	10000001	2.00939	1.21597	4
16	11000001	1.80012	1.21597	4
16	12000001	1.30265	1.21597	4
16	13000001	0.947257	1.21597	4
16	14000001	1.01664	1.21597	4
16	15000001	1.01806	1.21597	4
16	16000001	1.27358	1.21597	4
16	17000001	1.02994	1.21597	4
16	18000001	1.00509	1.21597	4
16	19000001	1.26757	1.21597	4
16	20000001	1.21213	1.21597	4
16	21000001	0.920676	1.21597	4
16	22000001	1.09915	1.21597	4
16	23000001	2.09514	1.21597	4
16	24000001	1.21055	1.21597	4
16	25000001	1.07058	1.21597	4
16	26000001	1.08435	1.21597	4
16	27000001	1.057	1.21597	4
16	28000001	1.9505	1.21597	4
16	29000001	1.64309	1.21597	4
16	30000001	1.54544	1.21597	4
16	31000001	1.21981	1.21597	4
16	32000001	1.30461	1.21597	4
16	33000001	1.75035	1.21597	4
16	34000001	2.18277	1.21597	4
16	35000001	1.17313	1.21597	4
16	36000001	1.05665	1.21597	4
16	37000001	1.32639	1.21597	4
16	38000001	1.46634	1.21597	4
16	39000001	-1	-1	4
16	40000001	-1	-1	4
16	41000001	-1	-1	4
16	42000001	-1	-1	4
16	43000001	-1	-1	4
16	44000001	-1	-1	4
16	45000001	-1	-1	4
16	46000001	4.45425	4.45425	13
16	47000001	1.26488	1.16434	3
16	48000001	1.00514	1.16434	3
16	49000001	1.58205	1.16434	3
16	50000001	1.4685	1.16434	3
16	51000001	1.17048	1.16434	3
16	52000001	0.835059	1.16434	3
16	53000001	1.01379	1.16434	3
16	54000001	1.09006	1.16434	3
16	55000001	1.30305	1.16434	3
16	56000001	1.35025	1.16434	3
16	57000001	1.3322	1.16434	3
16	58000001	1.16434	1.16434	3
16	59000001	0.796594	1.16434	3
16	60000001	0.523628	1.16434	3
16	61000001	0.840948	1.16434	3
16	62000001	0.797513	1.16434	3
16	63000001	0.711666	1.16434	3
16	64000001	0.617669	1.16434	3
16	65000001	1.30018	1.16434	3
16	66000001	1.48414	1.16434	3
16	67000001	2.05939	1.16434	3
16	68000001	1.67127	1.16434	3
16	69000001	1.09271	1.16434	3
16	70000001	2.18243	1.16434	3
16	71000001	1.26503	1.16434	3
16	72000001	1.18164	1.16434	3
16	73000001	0.883277	1.16434	3
16	74000001	1.82906	1.16434	3
16	75000001	1.25675	1.16434	3
16	76000001	0.631255	1.16434	3
16	77000001	0.795473	1.16434	3
16	78000001	0.7439	1.16434	3
16	79000001	1.07523	1.16434	3
16	80000001	1.19134	1.16434	3
16	81000001	1.50976	1.16434	3
16	82000001	1.0553	1.16434	3
16	83000001	1.12583	1.16434	3
16	84000001	2.114	2.06361	6
16	85000001	1.50815	2.06361	6
16	86000001	1.6757	2.06361	6
16	87000001	1.62987	2.06361	6
16	88000001	2.41366	2.06361	6
16	89000001	2.6562	2.06361	6
16	90000001	2.06361	2.06361	6
17	1	1.26289	0.941346	3
17	1000001	1.20001	0.941346	3
17	2000001	0.924954	0.941346	3
17	3000001	0.830221	0.941346	3
17	4000001	0.710893	0.941346	3
17	5000001	0.957738	0.941346	3
17	6000001	1.11635	0.941346	3
17	7000001	1.67693	0.941346	3
17	8000001	0.890995	0.941346	3
17	9000001	0.857678	0.941346	3
17	10000001	0.764325	0.941346	3
17	11000001	0.86386	0.941346	3
17	12000001	0.526617	0.941346	3
17	13000001	0.713863	0.941346	3
17	14000001	0.64902	0.941346	3
17	15000001	0.521665	0.941346	3
17	16000001	1.07648	0.941346	3
17	17000001	1.56536	0.941346	3
17	18000001	1.15042	0.941346	3
17	19000001	1.09865	0.941346	3
17	20000001	0.720493	0.941346	3
17	21000001	1.09881	0.941346	3
17	22000001	1.22796	0.941346	3
17	23000001	1.05434	0.941346	3
17	24000001	0.553646	0.941346	3
17	25000001	1.33303	0.941346	3
17	26000001	2.67457	2.34581	7
17	27000001	1.51163	2.34581	7
17	28000001	2.34581	2.34581	7
17	29000001	1.45976	1.38448	4
17	30000001	1.26022	1.38448	4
17	31000001	1.42825	1.38448	4
17	32000001	1.44433	1.38448	4
17	33000001	1.09426	1.38448	4
17	34000001	1.16239	1.38448	4
17	35000001	1.65918	1.38448	4
17	36000001	1.46548	1.38448	4
17	37000001	0.936959	1.38448	4
17	38000001	1.40591	1.38448	4
17	39000001	1.58972	1.38448	4
17	40000001	1.24992	1.38448	4
17	41000001	1.36304	1.38448	4
17	42000001	1.2022	1.38448	4
17	43000001	1.29001	1.38448	4
17	44000001	1.71175	1.38448	4
17	45000001	1.69198	1.38448	4
17	46000001	1.24805	1.38448	4
17	47000001	1.03612	1.08904	3
17	48000001	1.04828	1.08904	3
17	49000001	1.10635	1.08904	3
17	50000001	1.32538	1.08904	3
17	51000001	1.02509	1.08904	3
17	52000001	0.566436	1.08904	3
17	53000001	0.459407	1.08904	3
17	54000001	0.932363	1.08904	3
17	55000001	0.883277	1.08904	3
17	56000001	0.971428	1.08904	3
17	57000001	0.971893	1.08904	3
17	58000001	1.16575	1.08904	3
17	59000001	1.20811	1.08904	3
17	60000001	1.17006	1.08904	3
17	61000001	0.890504	1.08904	3
17	62000001	1.68079	1.08904	3
17	63000001	1.6006	1.08904	3
17	64000001	1.28857	1.08904	3
17	65000001	1.10586	1.08904	3
17	66000001	0.858962	1.08904	3
17	67000001	1.51227	1.08904	3
17	68000001	1.16495	1.08904	3
17	69000001	1.08904	1.08904	3
17	70000001	0.785863	1.08904	3
17	71000001	0.798671	1.08904	3
17	72000001	1.27743	1.08904	3
17	73000001	1.66087	1.08904	3
17	74000001	2.30177	2.12161	6
17	75000001	2.93702	2.12161	6
17	76000001	2.09975	2.12161	6
17	77000001	2.68727	2.12161	6
17	78000001	2.14348	2.12161	6
17	79000001	1.58894	2.12161	6
17	80000001	1.71386	2.12161	6
17	81000001	5.02876	2.12161	6
17	82000001	2.04661	2.12161	6
17	83000001	1.55799	2.12161	6
18	1	3.54114	3.54114	11
18	1000001	0.838299	1.20941	4
18	2000001	0.937563	1.20941	4
18	3000001	1.37519	1.20941	4
18	4000001	1.3023	1.20941	4
18	5000001	1.01118	1.20941	4
18	6000001	0.969151	1.20941	4
18	7000001	1.39244	1.20941	4
18	8000001	1.3468	1.20941	4
18	9000001	1.63949	1.20941	4
18	10000001	1.54317	1.20941	4
18	11000001	0.760315	1.20941	4
18	12000001	1.20941	1.20941	4
18	13000001	1.08117	1.20941	4
18	14000001	1.07484	1.20941	4
18	15000001	1.43286	1.20941	4
18	16000001	1.81528	1.7858	5
18	17000001	1.7858	1.7858	5
18	18000001	2.01905	1.7858	5
18	19000001	1.48289	1.7858	5
18	20000001	1.59769	1.7858	5
18	21000001	1.14745	1.27825	4
18	22000001	1.18188	1.27825	4
18	23000001	1.29251	1.27825	4
18	24000001	1.37216	1.27825	4
18	25000001	1.49297	1.27825	4
18	26000001	1.58563	1.27825	4
18	27000001	1.32442	1.27825	4
18	28000001	0.766137	1.27825	4
18	29000001	1.53367	1.27825	4
18	30000001	1.14613	1.27825	4
18	31000001	1.17643	1.27825	4
18	32000001	1.1598	1.27825	4
18	33000001	0.871995	1.27825	4
18	34000001	1.07689	1.27825	4
18	35000001	1.5679	1.27825	4
18	36000001	1.27825	1.27825	4
18	37000001	1.60452	1.27825	4
18	38000001	0.580984	0.969183	3
18	39000001	1.55489	0.969183	3
18	40000001	0.822072	0.969183	3
18	41000001	1.11629	0.969183	3
18	42000001	0.624741	0.771561	2
18	43000001	0.506981	0.771561	2
18	44000001	1.23585	0.771561	2
18	45000001	0.630249	0.771561	2
18	46000001	0.842788	0.771561	2
18	47000001	0.854674	0.771561	2
18	48000001	1.24782	0.771561	2
18	49000001	0.927853	0.771561	2
18	50000001	0.844821	0.771561	2
18	51000001	0.696111	0.771561	2
18	52000001	0.814305	0.771561	2
18	53000001	0.795564	0.771561	2
18	54000001	0.436674	0.771561	2
18	55000001	0.564134	0.771561	2
18	56000001	0.741124	0.771561	2
18	57000001	0.867514	0.771561	2
18	58000001	0.747558	0.771561	2
18	59000001	0.608848	0.771561	2
18	60000001	0.347698	0.771561	2
18	61000001	1.67829	0.771561	2
18	62000001	0.528289	0.571211	2
18	63000001	0.495008	0.571211	2
18	64000001	0.644134	0.571211	2
18	65000001	0.622838	0.571211	2
18	66000001	0.310573	0.571211	2
18	67000001	0.844898	0.571211	2
18	68000001	0.81183	0.571211	2
18	69000001	0.237532	0.571211	2
18	70000001	0.780238	0.571211	2
18	71000001	0.707519	0.571211	2
18	72000001	0.422233	0.571211	2
18	73000001	0.525451	0.571211	2
18	74000001	0.571211	0.571211	2
18	75000001	0.887121	0.889724	3
18	76000001	0.876927	0.889724	3
18	77000001	1.45898	0.889724	3
18	78000001	0.85703	0.889724	3
18	79000001	0.892328	0.889724	3
18	80000001	1.05452	0.889724	3
19	1	1.89454	1.91356	6
19	1000001	2.2124	1.91356	6
19	2000001	1.91356	1.91356	6
19	3000001	1.81452	1.81452	5
19	4000001	1.41897	1.81452	5
19	5000001	1.98626	1.81452	5
19	6000001	1.41877	1.4199	4
19	7000001	1.58807	1.4199	4
19	8000001	1.42103	1.4199	4
19	9000001	1.01068	1.4199	4
19	10000001	1.98902	1.70885	5
19	11000001	1.86087	1.70885	5
19	12000001	1.9451	1.70885	5
19	13000001	1.55823	1.70885	5
19	14000001	1.6282	1.70885	5
19	15000001	1.07762	1.70885	5
19	16000001	1.63632	1.70885	5
19	17000001	1.78137	1.70885	5
19	18000001	2.32415	1.70885	5
19	19000001	1.49309	1.70885	5
19	20000001	0.974027	1.09854	3
19	21000001	1.20838	1.09854	3
19	22000001	1.21035	1.09854	3
19	23000001	0.98869	1.09854	3
19	24000001	1.57264	2.19935	7
19	25000001	2.19935	2.19935	7
19	26000001	2.21459	2.19935	7
19	27000001	1.48957	1.47949	4
19	28000001	1.54808	1.47949	4
19	29000001	1.2436	1.47949	4
19	30000001	0.797778	1.47949	4
19	31000001	1.299	1.47949	4
19	32000001	1.44017	1.47949	4
19	33000001	1.4738	1.47949	4
19	34000001	1.32311	1.47949	4
19	35000001	1.83396	1.47949	4
19	36000001	1.54819	1.47949	4
19	37000001	1.29325	1.47949	4
19	38000001	1.79014	1.47949	4
19	39000001	1.37794	1.47949	4
19	40000001	1.61745	1.47949	4
19	41000001	1.58138	1.47949	4
19	42000001	1.24486	1.47949	4
19	43000001	1.46528	1.47949	4
19	44000001	1.20818	1.47949	4
19	45000001	1.64161	1.47949	4
19	46000001	1.80117	1.47949	4
19	47000001	1.9199	1.47949	4
19	48000001	1.47699	1.47949	4
19	49000001	1.48199	1.47949	4
19	50000001	1.33758	1.47949	4
19	51000001	1.60184	1.47949	4
19	52000001	1.36806	1.47949	4
19	53000001	1.19955	1.47949	4
19	54000001	1.61598	1.47949	4
19	55000001	1.61474	1.47949	4
19	56000001	1.54464	1.47949	4
19	57000001	1.04242	1.47949	4
19	58000001	2.29878	1.47949	4
2	1	1.45728	1.21241	4
2	1000001	1.38708	1.21241	4
2	2000001	1.1512	1.21241	4
2	3000001	1.35724	1.21241	4
2	4000001	0.996195	1.21241	4
2	5000001	1.04588	1.21241	4
2	6000001	0.986377	1.21241	4
2	7000001	1.07196	1.21241	4
2	8000001	0.986484	1.21241	4
2	9000001	1.55993	1.21241	4
2	10000001	1.70852	1.21241	4
2	11000001	1.21241	1.21241	4
2	12000001	1.40248	1.21241	4
2	13000001	0.882116	1.03194	3
2	14000001	0.936366	1.03194	3
2	15000001	0.7233	1.03194	3
2	16000001	1.10289	1.03194	3
2	17000001	0.685649	1.03194	3
2	18000001	0.901407	1.03194	3
2	19000001	1.30445	1.03194	3
2	20000001	1.29398	1.03194	3
2	21000001	0.818608	1.03194	3
2	22000001	0.659311	1.03194	3
2	23000001	1.44947	1.03194	3
2	24000001	1.07754	1.03194	3
2	25000001	1.3452	1.03194	3
2	26000001	1.5648	1.03194	3
2	27000001	1.10429	1.03194	3
2	28000001	0.961661	1.03194	3
2	29000001	1.08759	1.03194	3
2	30000001	1.2533	1.03194	3
2	31000001	0.955633	1.03194	3
2	32000001	1.00401	1.03194	3
2	33000001	1.03806	1.03194	3
2	34000001	0.724876	1.03194	3
2	35000001	0.84214	1.03194	3
2	36000001	1.03884	1.03194	3
2	37000001	1.14354	1.03194	3
2	38000001	1.16611	1.03194	3
2	39000001	1.06225	1.03194	3
2	40000001	1.00622	1.03194	3
2	41000001	0.765424	1.03194	3
2	42000001	1.16062	1.03194	3
2	43000001	0.890567	1.03194	3
2	44000001	1.14328	1.03194	3
2	45000001	1.18019	1.03194	3
2	46000001	0.928136	1.03194	3
2	47000001	1.26492	1.03194	3
2	48000001	0.965231	1.03194	3
2	49000001	0.983402	1.03194	3
2	50000001	0.442348	1.03194	3
2	51000001	0.791727	1.03194	3
2	52000001	0.670266	1.03194	3
2	53000001	1.02588	1.03194	3
2	54000001	1.04087	1.03194	3
2	55000001	1.25587	1.03194	3
2	56000001	0.976346	1.03194	3
2	57000001	1.24378	1.03194	3
2	58000001	0.744897	1.03194	3
2	59000001	1.038	1.03194	3
2	60000001	1.19369	1.03194	3
2	61000001	0.937922	1.03194	3
2	62000001	1.50096	1.03194	3
2	63000001	0.912545	1.03194	3
2	64000001	0.660331	1.03194	3
2	65000001	0.97373	1.03194	3
2	66000001	1.06514	1.03194	3
2	67000001	1.0531	1.03194	3
2	68000001	1.38825	1.03194	3
2	69000001	1.16487	1.03194	3
2	70000001	1.54381	1.03194	3
2	71000001	1.40376	1.03194	3
2	72000001	1.20458	1.03194	3
2	73000001	0.986633	1.03194	3
2	74000001	1.47189	1.03194	3
2	75000001	0.802182	1.03194	3
2	76000001	0.883477	1.03194	3
2	77000001	1.08873	1.03194	3
2	78000001	1.06921	1.03194	3
2	79000001	0.808447	1.03194	3
2	80000001	0.851312	1.03194	3
2	81000001	0.69202	1.03194	3
2	82000001	0.886504	1.03194	3
2	83000001	2.8136	2.8136	8
2	84000001	0.663152	1.20216	4
2	85000001	1.42536	1.20216	4
2	86000001	1.17879	1.20216	4
2	87000001	1.28561	1.20216	4
2	88000001	1.07756	1.20216	4
2	89000001	1.22552	1.20216	4
2	90000001	1.89347	1.6431	5
2	91000001	1.29808	1.6431	5
2	92000001	1.88504	1.6431	5
2	93000001	1.85391	1.6431	5
2	94000001	1.34111	1.6431	5
2	95000001	1.32461	1.6431	5
2	96000001	1.86693	1.6431	5
2	97000001	1.66134	1.6431	5
2	98000001	1.20754	1.6431	5
2	99000001	1.7522	1.6431	5
2	100000001	0.994179	1.6431	5
2	101000001	1.6431	1.6431	5
2	102000001	1.27828	1.6431	5
2	103000001	0.814137	0.81032	2
2	104000001	0.657647	0.81032	2
2	105000001	0.789428	0.81032	2
2	106000001	1.30606	0.81032	2
2	107000001	0.806503	0.81032	2
2	108000001	0.836454	0.81032	2
2	109000001	1.47452	1.10842	3
2	110000001	1.20494	1.10842	3
2	111000001	1.35302	1.10842	3
2	112000001	1.31303	1.10842	3
2	113000001	1.22761	1.10842	3
2	114000001	0.709732	1.10842	3
2	115000001	1.18079	1.10842	3
2	116000001	0.92135	1.10842	3
2	117000001	0.978099	1.10842	3
2	118000001	1.05961	1.10842	3
2	119000001	0.911082	1.10842	3
2	120000001	1.25216	1.10842	3
2	121000001	1.31478	1.10842	3
2	122000001	1.08152	1.10842	3
2	123000001	0.717925	1.10842	3
2	124000001	1.92934	1.10842	3
2	125000001	0.87626	1.10842	3
2	126000001	1.04184	1.10842	3
2	127000001	1.42226	1.10842	3
2	128000001	1.23249	1.10842	3
2	129000001	0.924813	1.10842	3
2	130000001	1.54971	1.10842	3
2	131000001	1.41398	1.10842	3
2	132000001	1.06028	1.10842	3
2	133000001	1.13533	1.10842	3
2	134000001	1.03082	1.10842	3
2	135000001	0.995391	1.10842	3
2	136000001	1.01603	1.10842	3
2	137000001	0.712769	0.712893	2
2	138000001	0.722381	0.712893	2
2	139000001	0.514092	0.712893	2
2	140000001	0.561531	0.712893	2
2	141000001	0.803244	0.712893	2
2	142000001	0.712893	0.712893	2
2	143000001	0.706882	0.712893	2
2	144000001	0.68332	0.712893	2
2	145000001	0.826867	0.712893	2
2	146000001	0.835765	0.712893	2
2	147000001	0.713811	0.712893	2
2	148000001	1.82634	1.82634	5
2	149000001	2.01554	1.82634	5
2	150000001	1.66649	1.82634	5
2	151000001	1.1816	1.16675	4
2	152000001	1.1652	1.16675	4
2	153000001	0.997301	1.16675	4
2	154000001	1.39499	1.16675	4
2	155000001	0.849746	1.16675	4
2	156000001	1.16829	1.16675	4
2	157000001	0.996976	1.16675	4
2	158000001	1.35845	1.16675	4
2	159000001	1.39078	1.16675	4
2	160000001	1.387	1.16675	4
2	161000001	1.3812	1.16675	4
2	162000001	1.1426	1.16675	4
2	163000001	1.10034	1.16675	4
2	164000001	0.99064	1.16675	4
2	165000001	1.26683	1.16675	4
2	166000001	1.4513	1.16675	4
2	167000001	1.02547	1.16675	4
2	168000001	1.1441	1.16675	4
2	169000001	2.65627	2.65627	8
2	170000001	1.47481	1.30226	4
2	171000001	1.20538	1.30226	4
2	172000001	1.02385	1.30226	4
2	173000001	1.68298	1.30226	4
2	174000001	1.21612	1.30226	4
2	175000001	1.32367	1.30226	4
2	176000001	1.34274	1.30226	4
2	177000001	1.37176	1.30226	4
2	178000001	1.39782	1.30226	4
2	179000001	1.28086	1.30226	4
2	180000001	1.00301	1.30226	4
2	181000001	1.16844	1.30226	4
2	182000001	0.793444	1.30226	4
2	183000001	1.50399	1.30226	4
2	184000001	0.986449	0.793987	2
2	185000001	0.82699	0.793987	2
2	186000001	1.0973	0.793987	2
2	187000001	1.18555	0.793987	2
2	188000001	0.326858	0.793987	2
2	189000001	0.620989	0.793987	2
2	190000001	0.41202	0.793987	2
2	191000001	0.491697	0.793987	2
2	192000001	0.394916	0.793987	2
2	193000001	0.615052	0.793987	2
2	194000001	2.25929	0.793987	2
2	195000001	0.957616	0.793987	2
2	196000001	0.446023	0.793987	2
2	197000001	0.756723	0.793987	2
2	198000001	0.90454	0.793987	2
2	199000001	0.588656	0.793987	2
2	200000001	1.03742	0.793987	2
2	201000001	1.09774	0.793987	2
2	202000001	0.698733	0.793987	2
2	203000001	0.855725	0.793987	2
2	204000001	0.454274	0.793987	2
2	205000001	1.05062	0.793987	2
2	206000001	0.746517	0.793987	2
2	207000001	0.558538	0.793987	2
2	208000001	0.535208	0.793987	2
2	209000001	0.829519	0.793987	2
2	210000001	0.537121	0.793987	2
2	211000001	0.447542	0.793987	2
2	212000001	0.424156	0.793987	2
2	213000001	0.778586	0.793987	2
2	214000001	0.491633	0.793987	2
2	215000001	0.71551	0.793987	2
2	216000001	0.712819	0.793987	2
2	217000001	0.775228	0.793987	2
2	218000001	0.808717	0.793987	2
2	219000001	0.93258	0.793987	2
2	220000001	0.471221	0.793987	2
2	221000001	0.794979	0.793987	2
2	222000001	0.824811	0.793987	2
2	223000001	0.640641	0.793987	2
2	224000001	0.807765	0.793987	2
2	225000001	1.82589	0.793987	2
2	226000001	0.770571	0.793987	2
2	227000001	0.987162	0.793987	2
2	228000001	0.530255	0.793987	2
2	229000001	1.02779	0.793987	2
2	230000001	0.606993	0.793987	2
2	231000001	0.992779	0.793987	2
2	232000001	1.02332	0.793987	2
2	233000001	0.744108	0.793987	2
2	234000001	0.713418	0.793987	2
2	235000001	1.28931	0.793987	2
2	236000001	0.893296	0.793987	2
2	237000001	0.793987	0.793987	2
2	238000001	1.64453	0.793987	2
2	239000001	0.892512	0.793987	2
2	240000001	0.906734	0.793987	2
2	241000001	1.45068	0.793987	2
2	242000001	0.940058	0.793987	2
20	1	3.61946	3.61946	11
20	1000001	0.542189	0.888383	3
20	2000001	1.33183	0.888383	3
20	3000001	1.0521	0.888383	3
20	4000001	0.76301	0.888383	3
20	5000001	0.888383	0.888383	3
20	6000001	0.568127	0.63181	2
20	7000001	0.320182	0.63181	2
20	8000001	0.869852	0.63181	2
20	9000001	0.579256	0.63181	2
20	10000001	0.636276	0.63181	2
20	11000001	0.629861	0.63181	2
20	12000001	0.586944	0.63181	2
20	13000001	0.463614	0.63181	2
20	14000001	0.892448	0.63181	2
20	15000001	0.63181	0.63181	2
20	16000001	0.661203	0.63181	2
20	17000001	0.764137	0.63181	2
20	18000001	0.762881	0.63181	2
20	19000001	0.568636	0.63181	2
20	20000001	0.858961	0.63181	2
20	21000001	0.889332	0.63181	2
20	22000001	0.581613	0.63181	2
20	23000001	0.796414	0.63181	2
20	24000001	0.556818	0.63181	2
20	25000001	1.63619	1.26146	4
20	26000001	1.25284	1.26146	4
20	27000001	1.27612	1.26146	4
20	28000001	1.22765	1.26146	4
20	29000001	0.955869	1.26146	4
20	30000001	0.792517	1.26146	4
20	31000001	1.79171	1.26146	4
20	32000001	2.05258	1.26146	4
20	33000001	1.50515	1.26146	4
20	34000001	1.03209	1.26146	4
20	35000001	1.253	1.26146	4
20	36000001	0.879906	1.26146	4
20	37000001	1.26991	1.26146	4
20	38000001	1.4946	1.26146	4
20	39000001	0.842706	1.26146	4
20	40000001	1.14015	1.26146	4
20	41000001	1.33704	1.26146	4
20	42000001	0.946367	1.26146	4
20	43000001	1.03855	1.26146	4
20	44000001	1.43653	1.26146	4
20	45000001	1.35269	1.26146	4
20	46000001	1.27208	1.26146	4
20	47000001	1.24581	1.26146	4
20	48000001	1.37133	1.26146	4
20	49000001	1.76524	1.26146	4
20	50000001	1.82863	1.26146	4
20	51000001	1.34118	1.26146	4
20	52000001	0.875951	1.26146	4
20	53000001	1.09873	1.26146	4
20	54000001	1.03418	1.26146	4
20	55000001	0.916118	1.26146	4
20	56000001	1.48215	1.26146	4
20	57000001	1.54824	1.26146	4
20	58000001	1.49241	1.26146	4
20	59000001	1.24392	1.26146	4
20	60000001	1.17375	1.26146	4
20	61000001	1.68106	1.85202	6
20	62000001	1.78015	1.85202	6
20	63000001	1.92389	1.85202	6
20	64000001	2.09163	1.85202	6
21	1	-1	-1	7
21	1000001	-1	-1	7
21	2000001	-1	-1	7
21	3000001	-1	-1	7
21	4000001	-1	-1	7
21	5000001	2.2418	2.40788	7
21	6000001	1.33791	2.40788	7
21	7000001	2.57397	2.40788	7
21	8000001	2.695	2.40788	7
21	9000001	1.78942	2.40788	7
21	10000001	2.89283	2.40788	7
21	11000001	0.776414	0.862027	3
21	12000001	0.622712	0.862027	3
21	13000001	0.959553	0.862027	3
21	14000001	0.981566	0.862027	3
21	15000001	1.01525	0.862027	3
21	16000001	1.11123	0.862027	3
21	17000001	0.976262	0.862027	3
21	18000001	0.716482	0.862027	3
21	19000001	0.784269	0.862027	3
21	20000001	0.915517	0.862027	3
21	21000001	0.55619	0.862027	3
21	22000001	0.599668	0.862027	3
21	23000001	0.852711	0.862027	3
21	24000001	0.741186	0.862027	3
21	25000001	1.17056	0.862027	3
21	26000001	0.833781	0.862027	3
21	27000001	0.970838	0.862027	3
21	28000001	0.871343	0.862027	3
21	29000001	1.10709	0.968255	3
21	30000001	0.82942	0.968255	3
21	31000001	1.56081	1.50975	5
21	32000001	1.23855	1.50975	5
21	33000001	1.50975	1.50975	5
21	34000001	1.63826	1.50975	5
21	35000001	1.31671	1.50975	5
21	36000001	1.73111	1.50975	5
21	37000001	1.42637	1.50975	5
21	38000001	1.31483	1.50975	5
21	39000001	1.54813	1.50975	5
21	40000001	1.30894	1.50975	5
21	41000001	1.58216	1.50975	5
21	42000001	2.06316	2.2138	7
21	43000001	2.29158	2.2138	7
21	44000001	2.30303	2.2138	7
21	45000001	2.13041	2.2138	7
21	46000001	2.2138	2.2138	7
22	1	-1	-1	3
22	1000001	-1	-1	3
22	2000001	-1	-1	3
22	3000001	-1	-1	3
22	4000001	-1	-1	3
22	5000001	-1	-1	3
22	6000001	-1	-1	3
22	7000001	-1	-1	3
22	8000001	-1	-1	3
22	9000001	-1	-1	3
22	10000001	0.973541	0.973541	3
22	11000001	1.72082	0.973541	3
22	12000001	2.18789	0.973541	3
22	13000001	0.549742	0.973541	3
22	14000001	0.730778	0.973541	3
22	15000001	1.81288	2.03739	6
22	16000001	2.73178	2.03739	6
22	17000001	1.51383	2.03739	6
22	18000001	2.2619	2.03739	6
22	19000001	4.78515	5.27428	16
22	20000001	5.16483	5.27428	16
22	21000001	5.38373	5.27428	16
22	22000001	6.49615	5.27428	16
22	23000001	3.92301	3.92301	12
22	24000001	0.93602	1.05584	3
22	25000001	0.809642	1.05584	3
22	26000001	1.16587	1.05584	3
22	27000001	0.782139	1.05584	3
22	28000001	1.09255	1.05584	3
22	29000001	1.47473	1.05584	3
22	30000001	1.71829	1.05584	3
22	31000001	1.10567	1.05584	3
22	32000001	0.809488	1.05584	3
22	33000001	0.644374	1.05584	3
22	34000001	0.728801	1.05584	3
22	35000001	1.05584	1.05584	3
22	36000001	0.81015	1.05584	3
22	37000001	1.19017	1.05584	3
22	38000001	1.52842	1.05584	3
22	39000001	1.11894	1.05584	3
22	40000001	1.09221	1.05584	3
22	41000001	1.03568	1.05584	3
22	42000001	1.32307	1.05584	3
22	43000001	0.945467	1.05584	3
22	44000001	1.11384	1.05584	3
22	45000001	0.855086	1.05584	3
22	46000001	1.40164	1.05584	3
22	47000001	0.826092	1.05584	3
22	48000001	0.92394	1.05584	3
22	49000001	1.01782	1.05584	3
22	50000001	1.42682	1.05584	3
3	1	0.797017	0.951878	3
3	1000001	0.936833	0.951878	3
3	2000001	0.856757	0.951878	3
3	3000001	0.966924	0.951878	3
3	4000001	1.25976	0.951878	3
3	5000001	1.19531	0.951878	3
3	6000001	2.07841	1.79789	5
3	7000001	1.08585	1.79789	5
3	8000001	1.39694	1.79789	5
3	9000001	2.11801	1.79789	5
3	10000001	1.69932	1.79789	5
3	11000001	1.60037	1.79789	5
3	12000001	1.64906	1.79789	5
3	13000001	2.13556	1.79789	5
3	14000001	2.01423	1.79789	5
3	15000001	1.89646	1.79789	5
3	16000001	1.42796	1.20517	4
3	17000001	1.33437	1.20517	4
3	18000001	1.00114	1.20517	4
3	19000001	1.21558	1.20517	4
3	20000001	1.3963	1.20517	4
3	21000001	1.20517	1.20517	4
3	22000001	0.882513	1.20517	4
3	23000001	0.968705	1.20517	4
3	24000001	1.26992	1.20517	4
3	25000001	1.24098	1.20517	4
3	26000001	1.5967	1.20517	4
3	27000001	0.897506	1.20517	4
3	28000001	0.965687	1.20517	4
3	29000001	0.923093	1.20517	4
3	30000001	0.941811	1.20517	4
3	31000001	1.47313	1.43193	4
3	32000001	1.34331	1.43193	4
3	33000001	1.6166	1.43193	4
3	34000001	1.26155	1.43193	4
3	35000001	1.40873	1.43193	4
3	36000001	1.63637	1.43193	4
3	37000001	1.43193	1.43193	4
3	38000001	1.39314	1.43193	4
3	39000001	1.19963	1.43193	4
3	40000001	1.54396	1.43193	4
3	41000001	1.38396	1.43193	4
3	42000001	1.65417	1.43193	4
3	43000001	1.96893	1.43193	4
3	44000001	1.27751	1.43193	4
3	45000001	1.55681	1.43193	4
3	46000001	2.824	2.40388	7
3	47000001	1.98377	2.40388	7
3	48000001	1.1658	1.12711	3
3	49000001	1.40101	1.12711	3
3	50000001	1.92825	1.12711	3
3	51000001	1.08842	1.12711	3
3	52000001	1.08809	1.12711	3
3	53000001	1.04827	1.12711	3
3	54000001	0.834434	0.641559	2
3	55000001	0.642752	0.641559	2
3	56000001	0.778576	0.641559	2
3	57000001	0.549983	0.641559	2
3	58000001	1.04697	0.641559	2
3	59000001	0.37884	0.641559	2
3	60000001	0.641559	0.641559	2
3	61000001	0.552095	0.641559	2
3	62000001	0.497023	0.641559	2
3	63000001	0.7798	0.641559	2
3	64000001	0.538573	0.641559	2
3	65000001	0.581445	0.641559	2
3	66000001	0.79942	0.641559	2
3	67000001	0.785201	0.641559	2
3	68000001	0.559186	0.641559	2
3	69000001	0.75948	0.641559	2
3	70000001	0.468524	0.641559	2
3	71000001	0.658537	0.641559	2
3	72000001	0.892649	0.641559	2
3	73000001	0.499887	0.641559	2
3	74000001	0.552412	0.641559	2
3	75000001	1.47379	0.641559	2
3	76000001	0.566587	0.641559	2
3	77000001	0.504791	0.641559	2
3	78000001	0.413174	0.641559	2
3	79000001	0.78816	0.641559	2
3	80000001	0.710551	0.641559	2
3	81000001	0.553813	0.641559	2
3	82000001	0.621577	0.641559	2
3	83000001	0.764426	0.641559	2
3	84000001	0.602251	0.641559	2
3	85000001	0.476132	0.641559	2
3	86000001	0.621141	0.641559	2
3	87000001	0.546192	0.641559	2
3	88000001	0.615465	0.641559	2
3	89000001	0.747125	0.641559	2
3	90000001	0.554668	0.641559	2
3	91000001	0.831138	0.641559	2
3	92000001	0.853197	0.641559	2
3	93000001	0.790508	0.641559	2
3	94000001	0.37069	0.641559	2
3	95000001	0.535394	0.641559	2
3	96000001	0.758632	0.641559	2
3	97000001	1.02816	0.641559	2
3	98000001	0.542286	0.641559	2
3	99000001	0.858279	0.641559	2
3	100000001	0.829745	0.641559	2
3	101000001	0.962551	0.641559	2
3	102000001	0.59055	0.641559	2
3	103000001	0.338917	0.641559	2
3	104000001	0.672766	0.641559	2
3	105000001	0.532382	0.641559	2
3	106000001	0.440993	0.641559	2
3	107000001	0.492909	0.641559	2
3	108000001	0.65158	0.641559	2
3	109000001	0.800725	0.641559	2
3	110000001	0.691342	0.641559	2
3	111000001	0.911454	0.641559	2
3	112000001	0.983209	0.641559	2
3	113000001	0.73813	0.641559	2
3	114000001	0.779585	0.641559	2
3	115000001	0.694247	0.641559	2
3	116000001	0.578539	0.641559	2
3	117000001	0.657534	0.641559	2
3	118000001	0.251003	0.641559	2
3	119000001	0.867998	0.641559	2
3	120000001	0.515926	0.641559	2
3	121000001	0.630134	0.641559	2
3	122000001	0.570996	0.641559	2
3	123000001	0.658746	0.641559	2
3	124000001	0.519348	0.641559	2
3	125000001	1.1593	0.842893	3
3	126000001	0.969005	0.842893	3
3	127000001	0.716328	0.842893	3
3	128000001	1.07877	0.842893	3
3	129000001	0.777016	0.842893	3
3	130000001	1.04158	0.842893	3
3	131000001	0.869389	0.842893	3
3	132000001	1.05616	0.842893	3
3	133000001	0.708097	0.842893	3
3	134000001	0.555907	0.842893	3
3	135000001	0.63273	0.842893	3
3	136000001	0.504749	0.842893	3
3	137000001	0.901357	0.842893	3
3	138000001	0.912458	0.842893	3
3	139000001	0.991361	0.842893	3
3	140000001	1.45205	0.842893	3
3	141000001	1.25861	0.842893	3
3	142000001	0.728771	0.842893	3
3	143000001	1.64731	0.842893	3
3	144000001	0.829025	0.842893	3
3	145000001	0.719409	0.842893	3
3	146000001	0.745744	0.842893	3
3	147000001	0.744664	0.842893	3
3	148000001	0.525593	0.842893	3
3	149000001	1.20328	0.842893	3
3	150000001	1.36697	0.842893	3
3	151000001	0.979262	0.842893	3
3	152000001	0.804546	0.842893	3
3	153000001	0.736676	0.842893	3
3	154000001	1.02363	0.842893	3
3	155000001	0.891889	0.842893	3
3	156000001	1.15303	0.842893	3
3	157000001	0.853572	0.842893	3
3	158000001	0.687604	0.842893	3
3	159000001	0.895852	0.842893	3
3	160000001	1.08058	0.842893	3
3	161000001	0.769155	0.842893	3
3	162000001	0.837253	0.842893	3
3	163000001	0.771978	0.842893	3
3	164000001	0.712781	0.842893	3
3	165000001	0.825477	0.842893	3
3	166000001	0.772078	0.842893	3
3	167000001	0.848534	0.842893	3
3	168000001	0.834412	0.842893	3
3	169000001	0.708806	0.842893	3
3	170000001	1.14794	0.842893	3
3	171000001	1.13663	0.842893	3
3	172000001	0.750689	0.842893	3
3	173000001	0.754867	0.842893	3
3	174000001	0.632753	0.842893	3
3	175000001	0.778382	0.842893	3
3	176000001	0.874463	0.842893	3
3	177000001	0.884293	0.842893	3
3	178000001	1.01991	0.842893	3
3	179000001	0.794951	0.842893	3
3	180000001	0.934543	0.842893	3
3	181000001	1.29657	0.842893	3
3	182000001	0.680502	0.842893	3
3	183000001	1.36959	1.5445	5
3	184000001	1.71941	1.5445	5
3	185000001	0.93367	1.5445	5
3	186000001	1.80426	1.5445	5
3	187000001	1.14789	1.04825	3
3	188000001	0.969262	1.04825	3
3	189000001	0.828363	1.04825	3
3	190000001	0.722545	1.04825	3
3	191000001	0.950825	1.04825	3
3	192000001	1.12723	1.04825	3
3	193000001	1.24975	1.04825	3
3	194000001	1.408	1.04825	3
3	195000001	1.83417	1.86595	6
3	196000001	1.89772	1.86595	6
3	197000001	1.48851	1.86595	6
3	198000001	2.17291	1.86595	6
4	1	1.26899	0.979997	3
4	1000001	1.815	0.979997	3
4	2000001	1.60146	0.979997	3
4	3000001	1.30455	0.979997	3
4	4000001	1.02342	0.979997	3
4	5000001	1.33187	0.979997	3
4	6000001	1.54015	0.979997	3
4	7000001	2.01411	0.979997	3
4	8000001	1.41452	0.979997	3
4	9000001	1.53547	0.979997	3
4	10000001	1.65079	0.979997	3
4	11000001	0.711658	0.979997	3
4	12000001	0.854708	0.979997	3
4	13000001	0.961928	0.979997	3
4	14000001	1.44106	0.979997	3
4	15000001	0.754763	0.979997	3
4	16000001	1.12594	0.979997	3
4	17000001	1.0314	0.979997	3
4	18000001	0.833263	0.979997	3
4	19000001	1.02453	0.979997	3
4	20000001	0.902729	0.979997	3
4	21000001	0.655678	0.979997	3
4	22000001	1.0078	0.979997	3
4	23000001	0.925788	0.979997	3
4	24000001	0.970492	0.979997	3
4	25000001	1.01591	0.979997	3
4	26000001	0.871825	0.979997	3
4	27000001	0.989501	0.979997	3
4	28000001	0.685138	0.979997	3
4	29000001	0.731104	0.979997	3
4	30000001	0.72636	0.979997	3
4	31000001	0.456327	0.979997	3
4	32000001	0.752917	0.979997	3
4	33000001	0.491901	0.979997	3
4	34000001	0.867199	0.979997	3
4	35000001	0.960536	0.979997	3
4	36000001	0.705692	1.13248	3
4	37000001	0.882134	1.13248	3
4	38000001	1.19146	1.13248	3
4	39000001	2.86773	1.13248	3
4	40000001	1.65252	1.13248	3
4	41000001	1.0735	1.13248	3
4	42000001	0.81228	1.13248	3
4	43000001	2.46218	1.13248	3
4	44000001	0.719988	0.802719	2
4	45000001	0.988598	0.802719	2
4	46000001	0.953433	0.802719	2
4	47000001	0.595652	0.802719	2
4	48000001	0.802719	0.802719	2
4	49000001	1.60553	1.60553	5
4	50000001	0.858911	0.642136	2
4	51000001	0.942908	0.642136	2
4	52000001	0.827008	0.642136	2
4	53000001	0.747987	0.642136	2
4	54000001	0.523142	0.642136	2
4	55000001	0.68048	0.642136	2
4	56000001	0.882482	0.642136	2
4	57000001	0.73117	0.642136	2
4	58000001	0.435317	0.642136	2
4	59000001	0.543081	0.642136	2
4	60000001	0.736945	0.642136	2
4	61000001	0.617181	0.642136	2
4	62000001	0.333806	0.642136	2
4	63000001	0.908905	0.642136	2
4	64000001	0.667092	0.642136	2
4	65000001	0.435876	0.642136	2
4	66000001	0.326728	0.642136	2
4	67000001	0.450028	0.642136	2
4	68000001	0.586788	0.642136	2
4	69000001	0.462601	0.642136	2
4	70000001	2.19989	2.19989	7
4	71000001	0.48985	0.660679	2
4	72000001	0.835746	0.660679	2
4	73000001	0.711556	0.660679	2
4	74000001	0.660679	0.660679	2
4	75000001	0.644555	0.660679	2
4	76000001	0.558456	0.660679	2
4	77000001	0.682202	0.660679	2
4	78000001	1.1427	0.660679	2
4	79000001	0.904282	0.660679	2
4	80000001	1.03544	0.660679	2
4	81000001	0.623938	0.660679	2
4	82000001	0.549305	0.660679	2
4	83000001	0.885515	0.660679	2
4	84000001	0.732659	0.660679	2
4	85000001	0.831279	0.660679	2
4	86000001	0.593829	0.660679	2
4	87000001	0.880855	0.660679	2
4	88000001	0.66167	0.660679	2
4	89000001	0.46077	0.660679	2
4	90000001	1.02137	0.660679	2
4	91000001	0.896417	0.660679	2
4	92000001	0.697085	0.660679	2
4	93000001	0.497103	0.660679	2
4	94000001	0.726796	0.660679	2
4	95000001	0.302938	0.660679	2
4	96000001	0.639233	0.660679	2
4	97000001	0.59924	0.660679	2
4	98000001	0.478893	0.660679	2
4	99000001	0.865251	0.660679	2
4	100000001	0.6036	0.660679	2
4	101000001	0.582406	0.660679	2
4	102000001	0.452156	0.660679	2
4	103000001	0.499319	0.660679	2
4	104000001	2.01585	2.01585	6
4	105000001	0.507721	0.637395	2
4	106000001	0.775797	0.637395	2
4	107000001	0.644815	0.637395	2
4	108000001	0.511731	0.637395	2
4	109000001	1.20861	0.637395	2
4	110000001	0.850323	0.637395	2
4	111000001	0.582053	0.637395	2
4	112000001	0.722754	0.637395	2
4	113000001	0.52056	0.637395	2
4	114000001	0.657977	0.637395	2
4	115000001	0.712769	0.637395	2
4	116000001	0.488759	0.637395	2
4	117000001	0.776149	0.637395	2
4	118000001	0.701273	0.637395	2
4	119000001	0.510947	0.637395	2
4	120000001	0.889303	0.637395	2
4	121000001	0.708319	0.637395	2
4	122000001	0.697246	0.637395	2
4	123000001	0.802969	0.637395	2
4	124000001	0.683137	0.637395	2
4	125000001	0.708084	0.637395	2
4	126000001	0.761664	0.637395	2
4	127000001	0.524494	0.637395	2
4	128000001	0.706851	0.637395	2
4	129000001	0.349033	0.637395	2
4	130000001	0.386824	0.637395	2
4	131000001	0.497403	0.637395	2
4	132000001	0.676711	0.637395	2
4	133000001	0.718207	0.637395	2
4	134000001	0.565149	0.637395	2
4	135000001	0.576793	0.637395	2
4	136000001	0.608057	0.637395	2
4	137000001	0.587554	0.637395	2
4	138000001	0.424329	0.637395	2
4	139000001	0.556952	0.637395	2
4	140000001	0.919316	0.637395	2
4	141000001	0.975895	0.637395	2
4	142000001	0.418596	0.637395	2
4	143000001	0.739314	0.637395	2
4	144000001	0.720733	0.637395	2
4	145000001	0.659311	0.637395	2
4	146000001	0.677545	0.637395	2
4	147000001	0.778803	0.637395	2
4	148000001	0.605657	0.637395	2
4	149000001	0.926294	0.637395	2
4	150000001	0.609316	0.637395	2
4	151000001	0.421392	0.637395	2
4	152000001	0.644269	0.637395	2
4	153000001	0.730374	0.637395	2
4	154000001	0.7711	0.637395	2
4	155000001	0.630521	0.637395	2
4	156000001	0.307692	0.637395	2
4	157000001	0.522292	0.637395	2
4	158000001	0.956927	0.637395	2
4	159000001	0.406769	0.637395	2
4	160000001	0.213353	0.637395	2
4	161000001	0.0400041	0.637395	2
4	162000001	0.267567	0.637395	2
4	163000001	0.436135	0.637395	2
4	164000001	0.781319	0.637395	2
4	165000001	0.731493	0.637395	2
4	166000001	0.524613	0.637395	2
4	167000001	0.620797	0.637395	2
4	168000001	0.583933	0.637395	2
4	169000001	0.872419	0.637395	2
4	170000001	0.779072	0.637395	2
4	171000001	0.444442	0.637395	2
4	172000001	0.818815	0.637395	2
4	173000001	0.760919	0.637395	2
4	174000001	0.336452	0.637395	2
4	175000001	1.01406	0.637395	2
4	176000001	0.925788	0.637395	2
4	177000001	0.48345	0.637395	2
4	178000001	0.470936	0.637395	2
4	179000001	0.630041	0.637395	2
4	180000001	0.434581	0.637395	2
4	181000001	0.46925	0.637395	2
4	182000001	0.377717	0.637395	2
4	183000001	0.793876	0.736456	2
4	184000001	0.724614	0.736456	2
4	185000001	0.748298	0.736456	2
4	186000001	0.667752	0.736456	2
4	187000001	0.652656	0.736456	2
4	188000001	0.691254	0.736456	2
4	189000001	0.840629	0.736456	2
4	190000001	4.70437	0.736456	2
5	1	2.00748	1.88006	6
5	1000001	2.07004	1.88006	6
5	2000001	1.75264	1.88006	6
5	3000001	1.7099	1.88006	6
5	4000001	1.04649	1.22956	4
5	5000001	1.32644	1.22956	4
5	6000001	1.37025	1.22956	4
5	7000001	1.11044	1.22956	4
5	8000001	1.33437	1.22956	4
5	9000001	1.41935	1.22956	4
5	10000001	1.58531	1.22956	4
5	11000001	0.98161	1.22956	4
5	12000001	1.14411	1.22956	4
5	13000001	1.06274	1.22956	4
5	14000001	1.44438	1.22956	4
5	15000001	1.44558	1.22956	4
5	16000001	1.28378	1.22956	4
5	17000001	1.54687	1.22956	4
5	18000001	0.787936	1.22956	4
5	19000001	1.28051	1.22956	4
5	20000001	1.13993	1.22956	4
5	21000001	1.46605	1.22956	4
5	22000001	1.2898	1.22956	4
5	23000001	1.08382	1.22956	4
5	24000001	0.746487	1.22956	4
5	25000001	1.22956	1.22956	4
5	26000001	0.738838	1.22956	4
5	27000001	1.0021	1.22956	4
5	28000001	0.848997	1.22956	4
5	29000001	0.684395	1.22956	4
5	30000001	0.978209	1.22956	4
5	31000001	1.28663	1.22956	4
5	32000001	1.8441	1.22956	4
5	33000001	1.94344	1.22956	4
5	34000001	1.15461	1.22956	4
5	35000001	1.47727	1.22956	4
5	36000001	1.02913	1.22956	4
5	37000001	0.914155	1.22956	4
5	38000001	1.30171	1.22956	4
5	39000001	0.962855	1.22956	4
5	40000001	1.10871	1.22956	4
5	41000001	0.830278	1.22956	4
5	42000001	1.1353	1.22956	4
5	43000001	1.40537	1.22956	4
5	44000001	1.21691	1.22956	4
5	45000001	1.31877	1.22956	4
5	46000001	1.26178	1.22956	4
5	47000001	1.87588	1.22956	4
5	48000001	2.67067	1.22956	4
5	49000001	2.0083	1.22956	4
5	50000001	1.14135	1.22956	4
5	51000001	0.8775	0.940329	3
5	52000001	0.768304	0.940329	3
5	53000001	1.06532	0.940329	3
5	54000001	0.935552	0.940329	3
5	55000001	0.941432	0.940329	3
5	56000001	0.795387	0.940329	3
5	57000001	0.933288	0.940329	3
5	58000001	0.902733	0.940329	3
5	59000001	0.890686	0.940329	3
5	60000001	1.40409	0.940329	3
5	61000001	0.938933	0.940329	3
5	62000001	1.21248	0.940329	3
5	63000001	0.682031	0.940329	3
5	64000001	0.865053	0.940329	3
5	65000001	0.924517	0.940329	3
5	66000001	1.13391	0.940329	3
5	67000001	1.10124	0.940329	3
5	68000001	0.915366	0.940329	3
5	69000001	1.0794	0.940329	3
5	70000001	1.37434	0.940329	3
5	71000001	1.02397	0.940329	3
5	72000001	1.15056	0.940329	3
5	73000001	1.08942	0.940329	3
5	74000001	0.892754	0.940329	3
5	75000001	0.939227	0.940329	3
5	76000001	0.828267	0.940329	3
5	77000001	1.0821	0.940329	3
5	78000001	1.01558	0.940329	3
5	79000001	0.764034	0.940329	3
5	80000001	1.50244	0.940329	3
5	81000001	1.04077	0.940329	3
5	82000001	1.05043	0.940329	3
5	83000001	0.69031	0.69031	2
5	84000001	0.555153	0.69031	2
5	85000001	0.814659	0.69031	2
5	86000001	2.43916	2.43916	7
5	87000001	0.81626	0.918384	3
5	88000001	0.843495	0.918384	3
5	89000001	0.745491	0.918384	3
5	90000001	0.986059	0.918384	3
5	91000001	0.813381	0.918384	3
5	92000001	0.891452	0.918384	3
5	93000001	0.903387	0.918384	3
5	94000001	1.44763	0.918384	3
5	95000001	0.846487	0.918384	3
5	96000001	0.925618	0.918384	3
5	97000001	1.09055	0.918384	3
5	98000001	0.999541	0.918384	3
5	99000001	0.677198	0.918384	3
5	100000001	1.24529	0.918384	3
5	101000001	0.838469	0.918384	3
5	102000001	0.888905	0.918384	3
5	103000001	0.839381	0.918384	3
5	104000001	0.693026	0.918384	3
5	105000001	0.895824	0.918384	3
5	106000001	0.944725	0.918384	3
5	107000001	0.668108	0.918384	3
5	108000001	1.09433	0.918384	3
5	109000001	0.739676	0.918384	3
5	110000001	0.95417	0.918384	3
5	111000001	1.12138	0.918384	3
5	112000001	0.79411	0.918384	3
5	113000001	0.677468	0.918384	3
5	114000001	1.09533	0.918384	3
5	115000001	1.04641	0.918384	3
5	116000001	0.832629	0.918384	3
5	117000001	1.11253	0.918384	3
5	118000001	0.691469	0.918384	3
5	119000001	0.878316	0.918384	3
5	120000001	0.902679	0.918384	3
5	121000001	1.37736	0.918384	3
5	122000001	1.10816	0.918384	3
5	123000001	1.06076	0.918384	3
5	124000001	1.01668	0.918384	3
5	125000001	1.10035	0.918384	3
5	126000001	1.11926	0.918384	3
5	127000001	0.969847	0.918384	3
5	128000001	1.01153	0.918384	3
5	129000001	0.911149	0.918384	3
5	130000001	1.23336	0.918384	3
5	131000001	1.52003	1.5072	5
5	132000001	1.49438	1.5072	5
5	133000001	1.39518	1.5072	5
5	134000001	1.90316	1.5072	5
5	135000001	1.02637	1.01007	3
5	136000001	0.916996	1.01007	3
5	137000001	1.00078	1.01007	3
5	138000001	1.18276	1.01007	3
5	139000001	1.2939	1.01007	3
5	140000001	1.01937	1.01007	3
5	141000001	1.19643	1.01007	3
5	142000001	1.31426	1.01007	3
5	143000001	0.932839	1.01007	3
5	144000001	0.792125	1.01007	3
5	145000001	1.12307	1.01007	3
5	146000001	0.976862	1.01007	3
5	147000001	0.972876	1.01007	3
5	148000001	0.989494	1.01007	3
5	149000001	1.72793	1.62596	5
5	150000001	1.524	1.62596	5
5	151000001	0.941708	0.950744	3
5	152000001	0.681635	0.950744	3
5	153000001	0.687815	0.950744	3
5	154000001	1.61593	0.950744	3
5	155000001	0.94666	0.950744	3
5	156000001	0.727981	0.950744	3
5	157000001	1.42901	0.950744	3
5	158000001	0.989753	0.950744	3
5	159000001	0.960204	0.950744	3
5	160000001	1.04882	0.950744	3
5	161000001	0.82608	0.950744	3
5	162000001	0.975414	0.950744	3
5	163000001	1.06804	0.950744	3
5	164000001	0.651969	0.950744	3
5	165000001	0.744441	0.950744	3
5	166000001	0.746944	0.950744	3
5	167000001	0.776788	0.950744	3
5	168000001	1.33647	0.950744	3
5	169000001	0.950744	0.950744	3
5	170000001	1.03054	0.950744	3
5	171000001	1.11235	0.950744	3
5	172000001	2.01087	1.42866	4
5	173000001	1.22682	1.42866	4
5	174000001	0.92562	1.42866	4
5	175000001	1.4099	1.42866	4
5	176000001	1.91111	1.42866	4
5	177000001	1.64084	1.42866	4
5	178000001	1.44743	1.42866	4
5	179000001	1.30848	1.42866	4
5	180000001	1.26396	1.42866	4
5	181000001	1.53368	1.42866	4
6	1	1.07503	1.04052	3
6	1000001	1.23802	1.04052	3
6	2000001	1.41181	1.04052	3
6	3000001	1.28208	1.04052	3
6	4000001	1.0755	1.04052	3
6	5000001	0.863106	1.04052	3
6	6000001	1.41801	1.04052	3
6	7000001	1.13935	1.04052	3
6	8000001	0.878263	1.04052	3
6	9000001	1.32987	1.04052	3
6	10000001	0.783638	1.04052	3
6	11000001	0.931716	1.04052	3
6	12000001	1.04052	1.04052	3
6	13000001	1.42213	1.04052	3
6	14000001	1.31611	1.04052	3
6	15000001	1.12245	1.04052	3
6	16000001	1.35218	1.04052	3
6	17000001	0.948465	1.04052	3
6	18000001	0.695364	1.04052	3
6	19000001	0.894523	1.04052	3
6	20000001	1.47871	1.04052	3
6	21000001	0.84773	1.04052	3
6	22000001	0.874596	1.04052	3
6	23000001	0.878481	1.04052	3
6	24000001	1.23035	1.04052	3
6	25000001	1.01108	1.04052	3
6	26000001	0.902386	1.04052	3
6	27000001	0.930214	1.04052	3
6	28000001	0.872575	1.04052	3
6	29000001	1.36452	1.52165	5
6	30000001	1.47363	1.52165	5
6	31000001	1.96087	1.52165	5
6	32000001	1.15856	1.52165	5
6	33000001	1.55614	1.52165	5
6	34000001	1.52165	1.52165	5
6	35000001	1.33862	1.52165	5
6	36000001	1.75448	1.52165	5
6	37000001	1.8829	1.52165	5
6	38000001	0.745922	0.974327	3
6	39000001	0.563703	0.974327	3
6	40000001	0.807379	0.974327	3
6	41000001	1.28102	0.974327	3
6	42000001	1.01451	0.974327	3
6	43000001	0.974327	0.974327	3
6	44000001	1.05301	0.974327	3
6	45000001	0.694921	0.652665	2
6	46000001	0.649015	0.652665	2
6	47000001	0.674295	0.652665	2
6	48000001	0.448748	0.652665	2
6	49000001	0.512669	0.652665	2
6	50000001	0.565511	0.652665	2
6	51000001	0.652665	0.652665	2
6	52000001	0.776328	0.652665	2
6	53000001	0.642576	0.652665	2
6	54000001	0.717298	0.652665	2
6	55000001	1.00958	0.652665	2
6	56000001	0.726942	0.652665	2
6	57000001	0.524156	0.652665	2
6	58000001	1.2868	1.27875	4
6	59000001	1.69918	1.27875	4
6	60000001	1.2707	1.27875	4
6	61000001	1.15614	1.27875	4
6	62000001	0.712179	0.89859	3
6	63000001	0.829554	0.89859	3
6	64000001	0.876073	0.89859	3
6	65000001	0.911108	0.89859	3
6	66000001	0.860052	0.89859	3
6	67000001	0.667495	0.89859	3
6	68000001	0.632263	0.89859	3
6	69000001	0.753763	0.89859	3
6	70000001	0.884266	0.89859	3
6	71000001	0.880183	0.89859	3
6	72000001	0.932253	0.89859	3
6	73000001	0.87689	0.89859	3
6	74000001	0.980858	0.89859	3
6	75000001	0.686993	0.89859	3
6	76000001	0.931582	0.89859	3
6	77000001	1.08776	0.89859	3
6	78000001	1.02658	0.89859	3
6	79000001	0.850618	0.89859	3
6	80000001	0.911916	0.89859	3
6	81000001	0.673065	0.89859	3
6	82000001	0.998638	0.89859	3
6	83000001	1.14349	0.89859	3
6	84000001	0.858182	0.89859	3
6	85000001	0.9416	0.89859	3
6	86000001	1.0477	0.89859	3
6	87000001	0.801624	0.89859	3
6	88000001	1.12561	0.89859	3
6	89000001	1.24004	0.89859	3
6	90000001	0.793317	0.89859	3
6	91000001	0.746872	0.89859	3
6	92000001	0.691342	0.89859	3
6	93000001	0.828805	0.89859	3
6	94000001	0.955743	0.89859	3
6	95000001	0.857659	0.89859	3
6	96000001	1.00909	0.89859	3
6	97000001	0.601547	0.89859	3
6	98000001	0.950993	0.89859	3
6	99000001	0.960633	0.89859	3
6	100000001	0.955844	0.89859	3
6	101000001	1.02915	0.89859	3
6	102000001	0.544601	0.89859	3
6	103000001	0.589635	0.89859	3
6	104000001	0.867387	0.89859	3
6	105000001	1.08407	0.89859	3
6	106000001	0.875874	0.89859	3
6	107000001	0.974086	0.89859	3
6	108000001	0.842461	0.89859	3
6	109000001	1.17281	0.89859	3
6	110000001	1.11205	0.89859	3
6	111000001	1.07965	0.89859	3
6	112000001	1.06505	0.89859	3
6	113000001	0.798	0.89859	3
6	114000001	0.93689	0.89859	3
6	115000001	0.734233	0.89859	3
6	116000001	0.956389	0.89859	3
6	117000001	0.944251	0.89859	3
6	118000001	0.843128	0.89859	3
6	119000001	0.855664	0.89859	3
6	120000001	0.838354	0.89859	3
6	121000001	0.76392	0.89859	3
6	122000001	0.92588	0.89859	3
6	123000001	0.97984	0.89859	3
6	124000001	0.930299	0.89859	3
6	125000001	1.23025	0.89859	3
6	126000001	0.972518	0.89859	3
6	127000001	0.781671	0.89859	3
6	128000001	0.588597	0.89859	3
6	129000001	1.15621	0.89859	3
6	130000001	1.03289	0.89859	3
6	131000001	0.967788	0.89859	3
6	132000001	0.510001	0.89859	3
6	133000001	0.65322	0.89859	3
6	134000001	0.89859	0.89859	3
6	135000001	1.25197	1.24353	4
6	136000001	1.18182	1.24353	4
6	137000001	1.40561	1.24353	4
6	138000001	1.37965	1.24353	4
6	139000001	1.1288	1.24353	4
6	140000001	1.17249	1.24353	4
6	141000001	0.915269	1.24353	4
6	142000001	1.23508	1.24353	4
6	143000001	1.11181	1.24353	4
6	144000001	1.36052	1.24353	4
6	145000001	1.49044	1.24353	4
6	146000001	1.07997	1.24353	4
6	147000001	0.994962	1.24353	4
6	148000001	1.16513	1.24353	4
6	149000001	1.45328	1.24353	4
6	150000001	1.57471	1.24353	4
6	151000001	1.43564	1.24353	4
6	152000001	1.11102	1.24353	4
6	153000001	1.22452	1.24353	4
6	154000001	1.20568	1.24353	4
6	155000001	1.21679	1.24353	4
6	156000001	1.25804	1.24353	4
6	157000001	1.41344	1.24353	4
6	158000001	1.31312	1.24353	4
6	159000001	1.32882	1.24353	4
6	160000001	1.34134	1.24353	4
6	161000001	1.80655	1.24353	4
6	162000001	1.20125	1.24353	4
6	163000001	1.19683	1.24353	4
6	164000001	1.32739	1.24353	4
6	165000001	1.12879	1.24353	4
6	166000001	1.59395	1.24353	4
6	167000001	1.7413	1.8401	6
6	168000001	1.93889	1.8401	6
6	169000001	1.55765	1.8401	6
6	170000001	2.7466	1.8401	6
7	1	2.11834	1.55252	5
7	1000001	1.24064	1.55252	5
7	2000001	1.72729	1.55252	5
7	3000001	1.03163	1.55252	5
7	4000001	1.55252	1.55252	5
7	5000001	2.36766	1.55252	5
7	6000001	1.40836	1.55252	5
7	7000001	1.03036	0.960085	3
7	8000001	0.764219	0.960085	3
7	9000001	0.589646	0.960085	3
7	10000001	0.960085	0.960085	3
7	11000001	0.689681	0.960085	3
7	12000001	0.972878	0.960085	3
7	13000001	1.04677	0.960085	3
7	14000001	1.00183	0.960085	3
7	15000001	0.948919	0.960085	3
7	16000001	0.665391	0.960085	3
7	17000001	1.17604	0.960085	3
7	18000001	0.708319	0.960085	3
7	19000001	1.32345	0.960085	3
7	20000001	0.877856	0.960085	3
7	21000001	0.890843	0.960085	3
7	22000001	1.26859	0.960085	3
7	23000001	0.798975	0.960085	3
7	24000001	0.976686	0.960085	3
7	25000001	0.794276	0.960085	3
7	26000001	1.1194	0.960085	3
7	27000001	1.00289	0.960085	3
7	28000001	0.632862	0.960085	3
7	29000001	1.39892	0.960085	3
7	30000001	1.22764	0.960085	3
7	31000001	1.11037	0.960085	3
7	32000001	0.880396	0.960085	3
7	33000001	1.03622	0.960085	3
7	34000001	0.998792	0.960085	3
7	35000001	0.85304	0.960085	3
7	36000001	1.20604	0.960085	3
7	37000001	0.94392	0.960085	3
7	38000001	0.812166	0.960085	3
7	39000001	1.00895	0.960085	3
7	40000001	0.763856	0.960085	3
7	41000001	0.866995	0.960085	3
7	42000001	1.36118	1.51861	5
7	43000001	1.67604	1.51861	5
7	44000001	1.97283	1.51861	5
7	45000001	1.33678	1.51861	5
7	46000001	1.16658	1.15403	3
7	47000001	1.17606	1.15403	3
7	48000001	1.22861	1.15403	3
7	49000001	0.924418	1.15403	3
7	50000001	1.14148	1.15403	3
7	51000001	0.741373	1.15403	3
7	52000001	0.672251	1.15403	3
7	53000001	0.546885	1.15403	3
7	54000001	1.26776	1.15403	3
7	55000001	0.935995	1.15403	3
7	56000001	1.19175	1.15403	3
7	57000001	1.25331	1.15403	3
7	58000001	1.61773	1.7493	5
7	59000001	1.85405	1.7493	5
7	60000001	1.7493	1.7493	5
7	61000001	1.02889	1.17543	4
7	62000001	1.06751	1.17543	4
7	63000001	0.818365	1.17543	4
7	64000001	1.1753	1.17543	4
7	65000001	1.29473	1.17543	4
7	66000001	1.85954	1.17543	4
7	67000001	1.28746	1.17543	4
7	68000001	1.04581	1.17543	4
7	69000001	1.05341	1.17543	4
7	70000001	1.28454	1.17543	4
7	71000001	1.17556	1.17543	4
7	72000001	1.02882	1.17543	4
7	73000001	1.46116	1.17543	4
7	74000001	1.09937	1.17543	4
7	75000001	1.19892	1.17543	4
7	76000001	1.89505	1.17543	4
7	77000001	0.775067	0.880555	3
7	78000001	0.720937	0.880555	3
7	79000001	0.90779	0.880555	3
7	80000001	0.718119	0.880555	3
7	81000001	0.924735	0.880555	3
7	82000001	0.823506	0.880555	3
7	83000001	0.902525	0.880555	3
7	84000001	1.04561	0.880555	3
7	85000001	0.661661	0.880555	3
7	86000001	0.880555	0.880555	3
7	87000001	0.960304	0.880555	3
7	88000001	0.697176	0.880555	3
7	89000001	0.99773	0.880555	3
7	90000001	1.10439	0.880555	3
7	91000001	1.00651	0.880555	3
7	92000001	0.800798	0.880555	3
7	93000001	0.684345	0.880555	3
7	94000001	0.766336	0.880555	3
7	95000001	0.662076	0.880555	3
7	96000001	0.989281	0.880555	3
7	97000001	1.0686	0.880555	3
7	98000001	1.27203	1.50528	5
7	99000001	1.47295	1.50528	5
7	100000001	2.0056	1.50528	5
7	101000001	1.53181	1.50528	5
7	102000001	1.4246	1.50528	5
7	103000001	2.08847	1.50528	5
7	104000001	1.52824	1.50528	5
7	105000001	1.48233	1.50528	5
7	106000001	1.34498	1.13452	3
7	107000001	1.33932	1.13452	3
7	108000001	1.11835	1.13452	3
7	109000001	1.00621	1.13452	3
7	110000001	1.00872	1.13452	3
7	111000001	1.32407	1.13452	3
7	112000001	1.55169	1.13452	3
7	113000001	1.10151	1.13452	3
7	114000001	1.07536	1.13452	3
7	115000001	1.1026	1.13452	3
7	116000001	1.26544	1.13452	3
7	117000001	1.45821	1.13452	3
7	118000001	1.06251	1.13452	3
7	119000001	1.15068	1.13452	3
7	120000001	1.08934	1.13452	3
7	121000001	1.39057	1.13452	3
7	122000001	0.789617	1.13452	3
7	123000001	1.21732	1.13452	3
7	124000001	0.954449	1.13452	3
7	125000001	1.34017	1.13452	3
7	126000001	1.00929	1.13452	3
7	127000001	1.46377	1.13452	3
7	128000001	2.0522	2.0522	6
7	129000001	2.23202	2.0522	6
7	130000001	1.96002	2.0522	6
7	131000001	1.25294	1.3105	4
7	132000001	1.36627	1.3105	4
7	133000001	1.07446	1.3105	4
7	134000001	1.29745	1.3105	4
7	135000001	1.29651	1.3105	4
7	136000001	1.33129	1.3105	4
7	137000001	1.21441	1.3105	4
7	138000001	1.34975	1.3105	4
7	139000001	1.76523	1.3105	4
7	140000001	1.32354	1.3105	4
7	141000001	1.23428	1.3105	4
7	142000001	1.48339	1.3105	4
7	143000001	1.27578	1.10405	3
7	144000001	1.32197	1.10405	3
7	145000001	0.861089	1.10405	3
7	146000001	1.10405	1.10405	3
7	147000001	0.945169	1.10405	3
7	148000001	1.54689	1.55413	5
7	149000001	1.4197	1.55413	5
7	150000001	1.77905	1.55413	5
7	151000001	2.24745	1.55413	5
7	152000001	1.4118	1.55413	5
7	153000001	1.19737	1.55413	5
7	154000001	1.56137	1.55413	5
7	155000001	2.0058	1.55413	5
7	156000001	1.40611	1.55413	5
7	157000001	2.06329	1.55413	5
7	158000001	2.00551	1.55413	5
7	159000001	1.36613	1.55413	5
8	1	1.73828	1.54373	5
8	1000001	1.34917	1.54373	5
8	2000001	1.12563	1.20341	4
8	3000001	0.854471	1.20341	4
8	4000001	0.70145	1.20341	4
8	5000001	1.15084	1.20341	4
8	6000001	1.19316	1.20341	4
8	7000001	1.40888	1.20341	4
8	8000001	1.22787	1.20341	4
8	9000001	1.27812	1.20341	4
8	10000001	1.20341	1.20341	4
8	11000001	1.38255	1.20341	4
8	12000001	1.34402	1.20341	4
8	13000001	0.818379	0.953277	3
8	14000001	1.06188	0.953277	3
8	15000001	0.607371	0.953277	3
8	16000001	0.953277	0.953277	3
8	17000001	1.12882	0.953277	3
8	18000001	0.750689	0.953277	3
8	19000001	0.701071	0.953277	3
8	20000001	1.07324	0.953277	3
8	21000001	1.17098	0.953277	3
8	22000001	1.42607	1.6131	5
8	23000001	1.80012	1.6131	5
8	24000001	1.04843	0.942207	3
8	25000001	0.891757	0.942207	3
8	26000001	1.10687	0.942207	3
8	27000001	1.19484	0.942207	3
8	28000001	1.00118	0.942207	3
8	29000001	0.969148	0.942207	3
8	30000001	1.05136	0.942207	3
8	31000001	0.560968	0.942207	3
8	32000001	0.781555	0.942207	3
8	33000001	1.19157	0.942207	3
8	34000001	0.94117	0.942207	3
8	35000001	0.553702	0.942207	3
8	36000001	0.870931	0.942207	3
8	37000001	1.23299	0.942207	3
8	38000001	1.14304	0.942207	3
8	39000001	0.917194	0.942207	3
8	40000001	0.978537	0.942207	3
8	41000001	1.48469	0.942207	3
8	42000001	1.01592	0.942207	3
8	43000001	1.06569	0.942207	3
8	44000001	1.08039	0.942207	3
8	45000001	0.864287	0.942207	3
8	46000001	1.50078	0.942207	3
8	47000001	0.818022	0.942207	3
8	48000001	1.15563	0.942207	3
8	49000001	0.902943	0.942207	3
8	50000001	0.681057	0.942207	3
8	51000001	0.955467	0.942207	3
8	52000001	0.809776	0.942207	3
8	53000001	0.979044	0.942207	3
8	54000001	0.873975	0.942207	3
8	55000001	0.931088	0.942207	3
8	56000001	1.15301	0.942207	3
8	57000001	0.943585	0.942207	3
8	58000001	0.744411	0.942207	3
8	59000001	0.848959	0.942207	3
8	60000001	0.918255	0.942207	3
8	61000001	0.8062	0.942207	3
8	62000001	0.84059	0.942207	3
8	63000001	0.922006	0.942207	3
8	64000001	0.822429	0.942207	3
8	65000001	0.639567	0.942207	3
8	66000001	0.969374	0.942207	3
8	67000001	0.758953	0.942207	3
8	68000001	0.822098	0.942207	3
8	69000001	1.05208	0.942207	3
8	70000001	1.26766	0.942207	3
8	71000001	0.709777	0.942207	3
8	72000001	0.640505	0.942207	3
8	73000001	0.942783	0.942207	3
8	74000001	1.03084	0.942207	3
8	75000001	0.693913	0.942207	3
8	76000001	0.788049	0.942207	3
8	77000001	0.795297	0.942207	3
8	78000001	0.996193	0.942207	3
8	79000001	0.747322	0.942207	3
8	80000001	1.14289	0.942207	3
8	81000001	1.02308	0.942207	3
8	82000001	0.623855	0.942207	3
8	83000001	0.750649	0.942207	3
8	84000001	1.02049	0.942207	3
8	85000001	1.79724	0.942207	3
8	86000001	0.633399	0.942207	3
8	87000001	0.509635	0.942207	3
8	88000001	0.717888	0.942207	3
8	89000001	1.3735	0.942207	3
8	90000001	1.16572	0.942207	3
8	91000001	0.839845	0.942207	3
8	92000001	0.958852	0.942207	3
8	93000001	1.18326	0.942207	3
8	94000001	0.919138	0.942207	3
8	95000001	1.08528	0.942207	3
8	96000001	1.07501	0.942207	3
8	97000001	0.959507	0.942207	3
8	98000001	0.919326	0.942207	3
8	99000001	1.16671	0.942207	3
8	100000001	1.44902	0.942207	3
8	101000001	1.2737	0.942207	3
8	102000001	0.933698	0.942207	3
8	103000001	1.07543	0.942207	3
8	104000001	0.746855	0.942207	3
8	105000001	0.973743	0.942207	3
8	106000001	0.888689	0.942207	3
8	107000001	0.773815	0.942207	3
8	108000001	0.956711	0.942207	3
8	109000001	0.823916	0.942207	3
8	110000001	0.638895	0.942207	3
8	111000001	0.685634	0.942207	3
8	112000001	0.797988	0.942207	3
8	113000001	0.865612	0.942207	3
8	114000001	0.998626	0.942207	3
8	115000001	0.823621	0.942207	3
8	116000001	0.829745	0.942207	3
8	117000001	0.741474	0.942207	3
8	118000001	0.656197	0.942207	3
8	119000001	0.828821	0.942207	3
8	120000001	1.0794	0.942207	3
8	121000001	0.668068	0.942207	3
8	122000001	0.94163	0.942207	3
8	123000001	1.03736	0.942207	3
8	124000001	1.29542	0.942207	3
8	125000001	1.1481	0.942207	3
8	126000001	1.04897	0.942207	3
8	127000001	1.36942	0.942207	3
8	128000001	1.13865	0.942207	3
8	129000001	1.38126	0.942207	3
8	130000001	1.24972	0.942207	3
8	131000001	0.987279	0.942207	3
8	132000001	0.918814	0.942207	3
8	133000001	0.967464	0.942207	3
8	134000001	0.945152	0.942207	3
8	135000001	0.98249	0.942207	3
8	136000001	0.838695	0.942207	3
8	137000001	0.714334	0.942207	3
8	138000001	3.58515	3.58515	11
8	139000001	1.0983	1.0621	3
8	140000001	1.02591	1.0621	3
8	141000001	1.52416	1.54384	5
8	142000001	1.54384	1.54384	5
8	143000001	2.03278	1.54384	5
8	144000001	1.85897	1.54384	5
8	145000001	1.40846	1.54384	5
9	1	0.511926	0.66838	2
9	1000001	0.66838	0.66838	2
9	2000001	0.523063	0.66838	2
9	3000001	0.475353	0.66838	2
9	4000001	0.710601	0.66838	2
9	5000001	0.561497	0.66838	2
9	6000001	0.822258	0.66838	2
9	7000001	0.68328	0.66838	2
9	8000001	0.676983	0.66838	2
9	9000001	0.575062	0.66838	2
9	10000001	0.819759	0.66838	2
9	11000001	0.591424	0.66838	2
9	12000001	0.53178	0.66838	2
9	13000001	0.540571	0.66838	2
9	14000001	0.783721	0.66838	2
9	15000001	0.770139	0.66838	2
9	16000001	0.731892	0.66838	2
9	17000001	0.692944	0.66838	2
9	18000001	0.479021	0.66838	2
9	19000001	1.14686	0.66838	2
9	20000001	0.43198	0.66838	2
9	21000001	0.0562604	0.135542	0
9	22000001	0.148187	0.135542	0
9	23000001	0.0919969	0.135542	0
9	24000001	0.064213	0.135542	0
9	25000001	0.0954651	0.135542	0
9	26000001	0.135542	0.135542	0
9	27000001	0.144439	0.135542	0
9	28000001	0.296931	0.135542	0
9	29000001	0.186502	0.135542	0
9	30000001	0.0523188	0.135542	0
9	31000001	0.2085	0.135542	0
9	32000001	0.848331	0.868095	3
9	33000001	0.868095	0.868095	3
9	34000001	0.869208	0.868095	3
9	35000001	1.02689	0.868095	3
9	36000001	0.655355	0.868095	3
9	37000001	1.35955	0.868095	3
9	38000001	1.31961	0.868095	3
9	39000001	0.459036	0.868095	3
9	40000001	1.00953	0.868095	3
9	41000001	0.781687	0.868095	3
9	42000001	0.80624	0.868095	3
9	43000001	1.54899	-1	3
9	44000001	2.06903	-1	3
9	45000001	2.9769	-1	3
9	46000001	-1	-1	3
9	47000001	-1	-1	3
9	48000001	-1	-1	3
9	49000001	-1	-1	3
9	50000001	-1	-1	3
9	51000001	-1	-1	3
9	52000001	-1	-1	3
9	53000001	-1	-1	3
9	54000001	-1	-1	3
9	55000001	-1	-1	3
9	56000001	-1	-1	3
9	57000001	-1	-1	3
9	58000001	-1	-1	3
9	59000001	-1	-1	3
9	60000001	1.64578	-1	3
9	61000001	0.821364	0.707519	2
9	62000001	0.99962	0.707519	2
9	63000001	1.41304	0.707519	2
9	64000001	0.726928	0.707519	2
9	65000001	1.10065	0.707519	2
9	66000001	0.944887	0.707519	2
9	67000001	0.763223	0.707519	2
9	68000001	0.550832	0.707519	2
9	69000001	0.865518	0.707519	2
9	70000001	0.378255	0.707519	2
9	71000001	0.520246	0.707519	2
9	72000001	0.699157	0.707519	2
9	73000001	0.707519	0.707519	2
9	74000001	0.698657	0.707519	2
9	75000001	0.602102	0.707519	2
9	76000001	0.700729	0.707519	2
9	77000001	0.681245	0.707519	2
9	78000001	0.675549	0.707519	2
9	79000001	0.739593	0.707519	2
9	80000001	0.977925	0.707519	2
9	81000001	0.796354	0.707519	2
9	82000001	0.453266	0.707519	2
9	83000001	0.763679	0.707519	2
9	84000001	0.663051	0.707519	2
9	85000001	0.689031	0.707519	2
9	86000001	0.556786	0.707519	2
9	87000001	0.695598	0.707519	2
9	88000001	0.856091	0.707519	2
9	89000001	0.85078	0.707519	2
9	90000001	0.454603	0.707519	2
9	91000001	0.736891	0.707519	2
9	92000001	1.48785	1.04822	3
9	93000001	1.11635	1.04822	3
9	94000001	1.38415	1.04822	3
9	95000001	1.05437	1.04822	3
9	96000001	1.13689	1.04822	3
9	97000001	1.34802	1.04822	3
9	98000001	1.44086	1.04822	3
9	99000001	1.02958	1.04822	3
9	100000001	0.963681	1.04822	3
9	101000001	0.776491	1.04822	3
9	102000001	0.645054	1.04822	3
9	103000001	0.746771	1.04822	3
9	104000001	0.857478	1.04822	3
9	105000001	1.2884	1.04822	3
9	106000001	0.9035	1.04822	3
9	107000001	1.08573	1.04822	3
9	108000001	0.733479	1.04822	3
9	109000001	1.05068	1.04822	3
9	110000001	1.02952	1.04822	3
9	111000001	0.853675	1.04822	3
9	112000001	1.48764	1.04822	3
9	113000001	1.42211	1.04822	3
9	114000001	1.1932	1.04822	3
9	115000001	0.966089	1.04822	3
9	116000001	1.51126	1.04822	3
9	117000001	0.759953	1.04822	3
9	118000001	1.04576	1.04822	3
9	119000001	0.813057	1.04822	3
9	120000001	1.4051	1.39802	4
9	121000001	1.63091	1.39802	4
9	122000001	1.39094	1.39802	4
9	123000001	1.63372	1.39802	4
9	124000001	1.31547	1.39802	4
9	125000001	1.16445	1.39802	4
9	126000001	1.2383	1.39802	4
9	127000001	1.48978	1.39802	4
9	128000001	2.29287	2.07467	6
9	129000001	1.85647	2.07467	6
9	130000001	3.71589	3.5359	11
9	131000001	3.3559	3.5359	11
9	132000001	1.51374	1.67734	5
9	133000001	1.89201	1.67734	5
9	134000001	1.55516	1.67734	5
9	135000001	1.65107	1.67734	5
9	136000001	2.14586	1.67734	5
9	137000001	1.67734	1.67734	5
9	138000001	1.99832	1.67734	5
X	1	0.647134	0.547476	2
X	1000001	0.513261	0.547476	2
X	2000001	0.507045	0.547476	2
X	3000001	0.929861	0.547476	2
X	4000001	0.559684	0.547476	2
X	5000001	0.391016	0.547476	2
X	6000001	0.547476	0.547476	2
X	7000001	0.544046	0.547476	2
X	8000001	0.511585	0.547476	2
X	9000001	0.938721	0.547476	2
X	10000001	0.780495	0.547476	2
X	11000001	1.69905	1.69905	5
X	12000001	0.751904	0.636879	2
X	13000001	0.830415	0.636879	2
X	14000001	0.836537	0.636879	2
X	15000001	0.601194	0.636879	2
X	16000001	0.670473	0.636879	2
X	17000001	0.532993	0.636879	2
X	18000001	0.888828	0.636879	2
X	19000001	0.567416	0.636879	2
X	20000001	0.422086	0.636879	2
X	21000001	0.69251	0.636879	2
X	22000001	0.434478	0.636879	2
X	23000001	0.764365	0.636879	2
X	24000001	0.737683	0.636879	2
X	25000001	0.616742	0.636879	2
X	26000001	0.590422	0.636879	2
X	27000001	0.60452	0.636879	2
X	28000001	0.462768	0.636879	2
X	29000001	0.470197	0.636879	2
X	30000001	0.697983	0.636879	2
X	31000001	0.368836	0.636879	2
X	32000001	0.302495	0.636879	2
X	33000001	0.767221	0.636879	2
X	34000001	0.758215	0.636879	2
X	35000001	0.565762	0.636879	2
X	36000001	0.687008	0.636879	2
X	37000001	0.489041	0.636879	2
X	38000001	0.887503	0.636879	2
X	39000001	0.636879	0.636879	2
X	40000001	0.788757	0.636879	2
X	41000001	0.578939	0.636879	2
X	42000001	0.55219	0.636879	2
X	43000001	0.793807	0.636879	2
X	44000001	0.593037	0.636879	2
X	45000001	0.639646	0.636879	2
X	46000001	0.652492	0.636879	2
X	47000001	0.794858	0.733468	2
X	48000001	1.31718	0.733468	2
X	49000001	0.754914	0.733468	2
X	50000001	0.503207	0.733468	2
X	51000001	0.652076	0.733468	2
X	52000001	0.779694	0.733468	2
X	53000001	1.1042	0.733468	2
X	54000001	0.65916	0.733468	2
X	55000001	0.700878	0.733468	2
X	56000001	0.790875	0.733468	2
X	57000001	0.712022	0.733468	2
X	58000001	0.875974	0.733468	2
X	59000001	0.489113	0.733468	2
X	60000001	0.823457	0.733468	2
X	61000001	0.768584	0.733468	2
X	62000001	0.541159	0.733468	2
X	63000001	0.668709	0.733468	2
X	64000001	0.550418	0.733468	2
X	65000001	0.885731	0.733468	2
X	66000001	0.649343	0.733468	2
X	67000001	0.838369	0.733468	2
X	68000001	0.979316	0.733468	2
X	69000001	0.576702	0.733468	2
X	70000001	0.927617	0.733468	2
X	71000001	1.05948	0.733468	2
X	72000001	0.54477	0.733468	2
X	73000001	0.411698	0.733468	2
X	74000001	0.688888	0.733468	2
X	75000001	0.88218	0.733468	2
X	76000001	0.662725	0.733468	2
X	77000001	1.45335	1.45335	4
X	78000001	0.888478	0.613768	2
X	79000001	0.381381	0.613768	2
X	80000001	0.443998	0.613768	2
X	81000001	0.51103	0.613768	2
X	82000001	0.588601	0.613768	2
X	83000001	0.758593	0.613768	2
X	84000001	0.606326	0.613768	2
X	85000001	0.761618	0.613768	2
X	86000001	0.601962	0.613768	2
X	87000001	0.515522	0.613768	2
X	88000001	0.704618	0.613768	2
X	89000001	0.594776	0.613768	2
X	90000001	0.478115	0.613768	2
X	91000001	0.640074	0.613768	2
X	92000001	0.342459	0.613768	2
X	93000001	0.745358	0.613768	2
X	94000001	0.444749	0.613768	2
X	95000001	0.640123	0.613768	2
X	96000001	0.838299	0.613768	2
X	97000001	0.679651	0.613768	2
X	98000001	0.616646	0.613768	2
X	99000001	0.730144	0.613768	2
X	100000001	0.690932	0.613768	2
X	101000001	0.533249	0.613768	2
X	102000001	0.88075	0.613768	2
X	103000001	0.836074	0.613768	2
X	104000001	0.444217	0.613768	2
X	105000001	0.646901	0.613768	2
X	106000001	0.753822	0.613768	2
X	107000001	0.622771	0.613768	2
X	108000001	0.523017	0.613768	2
X	109000001	0.838052	0.613768	2
X	110000001	1.0229	0.613768	2
X	111000001	0.454247	0.613768	2
X	112000001	0.395281	0.613768	2
X	113000001	0.404301	0.613768	2
X	114000001	0.850194	0.613768	2
X	115000001	0.999575	0.613768	2
X	116000001	0.535367	0.613768	2
X	117000001	0.54807	0.613768	2
X	118000001	0.714543	0.613768	2
X	119000001	0.753776	0.613768	2
X	120000001	0.81665	0.613768	2
X	121000001	0.732661	0.613768	2
X	122000001	0.473209	0.613768	2
X	123000001	0.578665	0.613768	2
X	124000001	0.537199	0.613768	2
X	125000001	0.560978	0.613768	2
X	126000001	0.632422	0.613768	2
X	127000001	0.59921	0.613768	2
X	128000001	0.617715	0.613768	2
X	129000001	0.337348	0.613768	2
X	130000001	0.613768	0.613768	2
X	131000001	0.495138	0.613768	2
X	132000001	0.491926	0.613768	2
X	133000001	0.667136	0.613768	2
X	134000001	0.587143	0.613768	2
X	135000001	1.01679	0.613768	2
X	136000001	0.575989	0.613768	2
X	137000001	0.406801	0.613768	2
X	138000001	0.746162	0.613768	2
X	139000001	0.481833	0.613768	2
X	140000001	0.631684	0.613768	2
X	141000001	0.680524	0.613768	2
X	142000001	0.422715	0.613768	2
X	143000001	0.472152	0.613768	2
X	144000001	0.626478	0.613768	2
X	145000001	0.390247	0.613768	2
X	146000001	0.519032	0.613768	2
X	147000001	0.487132	0.613768	2
X	148000001	0.643655	0.613768	2
X	149000001	0.682828	0.613768	2
X	150000001	0.761811	0.613768	2
X	151000001	0.606876	0.613768	2
X	152000001	0.654152	0.613768	2
X	153000001	0.807102	0.990899	3
X	154000001	1.20622	0.990899	3
X	155000001	0.504759	0.990899	3
X	156000001	1.1747	0.990899	3
Y	1	-1	-1	0
Y	1000001	-1	-1	0
Y	2000001	0.0585281	0.0591183	0
Y	3000001	0.013613	0.0591183	0
Y	4000001	0.201423	0.0591183	0
Y	5000001	0.0556444	0.0591183	0
Y	6000001	0.0597085	0.0591183	0
Y	7000001	0.151331	0.0591183	0
Y	8000001	0.0113378	0.0591183	0
Y	9000001	0.128007	0.0591183	0
Y	10000001	1.64598	1.44481	4
Y	11000001	1.24364	1.44481	4
Y	12000001	0.186975	0.101381	0
Y	13000001	0.101381	0.101381	0
Y	14000001	0.0798772	0.101381	0
Y	15000001	0.188557	0.101381	0
Y	16000001	0.0609863	0.101381	0
Y	17000001	0.245788	0.101381	0
Y	18000001	0.185691	0.101381	0
Y	19000001	0.0221607	0.101381	0
Y	20000001	0.0690324	0.101381	0
Y	21000001	0.391233	0.280895	1
Y	22000001	0.156375	0.280895	1
Y	23000001	0.353954	0.280895	1
Y	24000001	0.159233	0.280895	1
Y	25000001	0.243061	0.280895	1
Y	26000001	0.332049	0.280895	1
Y	27000001	-1	0.280895	1
Y	28000001	-1	0.280895	1
Y	29000001	-1	0.280895	1
Y	30000001	-1	0.280895	1
Y	31000001	-1	0.280895	1
Y	32000001	-1	0.280895	1
Y	33000001	-1	0.280895	1
Y	34000001	-1	0.280895	1
Y	35000001	-1	0.280895	1
Y	36000001	-1	0.280895	1
Y	37000001	-1	0.280895	1
Y	38000001	-1	0.280895	1
Y	39000001	-1	0.280895	1
Y	40000001	-1	0.280895	1
Y	41000001	-1	0.280895	1
Y	42000001	-1	0.280895	1
Y	43000001	-1	0.280895	1
Y	44000001	-1	0.280895	1
Y	45000001	-1	0.280895	1
Y	46000001	-1	0.280895	1
Y	47000001	-1	0.280895	1
Y	48000001	-1	0.280895	1
Y	49000001	-1	0.280895	1
Y	50000001	-1	0.280895	1
Y	51000001	-1	0.280895	1
Y	52000001	-1	0.280895	1
Y	53000001	-1	0.280895	1
Y	54000001	-1	0.280895	1
Y	55000001	-1	0.280895	1
Y	56000001	0.280895	0.280895	1
Y	57000001	-1	-1	1
