Chromosome	Start	Ratio	MedianRatio	CopyNumber
1	1	1.09693	1.54438	5
1	1000001	1.76658	1.54438	5
1	2000001	2.39624	1.54438	5
1	3000001	1.54477	1.54438	5
1	4000001	1.71693	1.54438	5
1	5000001	1.58803	1.54438	5
1	6000001	1.60479	1.54438	5
1	7000001	1.94138	1.54438	5
1	8000001	1.60313	1.54438	5
1	9000001	1.72242	1.54438	5
1	10000001	1.6087	1.54438	5
1	11000001	1.75031	1.54438	5
1	12000001	1.45747	1.54438	5
1	13000001	1.49707	1.54438	5
1	14000001	1.46891	1.54438	5
1	15000001	1.52694	1.54438	5
1	16000001	1.54943	1.54438	5
1	17000001	2.02414	1.54438	5
1	18000001	1.66843	1.54438	5
1	19000001	1.53942	1.54438	5
1	20000001	1.6697	1.54438	5
1	21000001	1.54438	1.54438	5
1	22000001	1.79402	1.54438	5
1	23000001	1.24547	1.54438	5
1	24000001	1.71006	1.54438	5
1	25000001	1.52982	1.54438	5
1	26000001	1.41905	1.54438	5
1	27000001	1.53243	1.54438	5
1	28000001	1.42478	1.54438	5
1	29000001	1.70396	1.54438	5
1	30000001	1.74819	1.54438	5
1	31000001	1.62487	1.54438	5
1	32000001	1.52631	1.54438	5
1	33000001	1.56643	1.54438	5
1	34000001	1.64848	1.54438	5
1	35000001	1.351	1.54438	5
1	36000001	1.59702	1.54438	5
1	37000001	1.53033	1.54438	5
1	38000001	1.36811	1.54438	5
1	39000001	1.44154	1.54438	5
1	40000001	1.48917	1.54438	5
1	41000001	1.61434	1.54438	5
1	42000001	1.55804	1.54438	5
1	43000001	1.76922	1.54438	5
1	44000001	1.7415	1.54438	5
1	45000001	1.41256	1.54438	5
1	46000001	1.50891	1.54438	5
1	47000001	1.53732	1.54438	5
1	48000001	1.34453	1.54438	5
1	49000001	1.28857	1.54438	5
1	50000001	1.3296	1.54438	5
1	51000001	1.49285	1.54438	5
1	52000001	1.1296	1.54438	5
1	53000001	1.51822	1.54438	5
1	54000001	1.35106	1.54438	5
1	55000001	0.962924	0.961554	3
1	56000001	1.10541	0.961554	3
1	57000001	0.961145	0.961554	3
1	58000001	1.16215	0.961554	3
1	59000001	0.961962	0.961554	3
1	60000001	1.05343	0.961554	3
1	61000001	1.02576	0.961554	3
1	62000001	1.0934	0.961554	3
1	63000001	0.912669	0.961554	3
1	64000001	0.94767	0.961554	3
1	65000001	0.913234	0.961554	3
1	66000001	0.827915	0.961554	3
1	67000001	1.00791	0.961554	3
1	68000001	0.900685	0.961554	3
1	69000001	0.981328	0.961554	3
1	70000001	0.796972	0.961554	3
1	71000001	1.00202	0.961554	3
1	72000001	0.836153	0.961554	3
1	73000001	0.853186	0.961554	3
1	74000001	0.761682	0.961554	3
1	75000001	1.11941	0.961554	3
1	76000001	0.954243	0.961554	3
1	77000001	0.980012	0.961554	3
1	78000001	1.04867	0.961554	3
1	79000001	0.858697	0.961554	3
1	80000001	1.00323	0.961554	3
1	81000001	0.892847	0.961554	3
1	82000001	1.04618	0.961554	3
1	83000001	0.743394	0.961554	3
1	84000001	1.05139	0.961554	3
1	85000001	0.931597	0.961554	3
1	86000001	0.945762	0.961554	3
1	87000001	0.87161	0.961554	3
1	88000001	0.892006	0.961554	3
1	89000001	1.05435	0.961554	3
1	90000001	0.950627	0.961554	3
1	91000001	0.94796	0.961554	3
1	92000001	1.04354	0.961554	3
1	93000001	1.01008	0.961554	3
1	94000001	1.05427	0.961554	3
1	95000001	1.00203	0.961554	3
1	96000001	0.978902	0.961554	3
1	97000001	0.939064	0.961554	3
1	98000001	1.03362	0.961554	3
1	99000001	0.992623	0.961554	3
1	100000001	0.92937	0.961554	3
1	101000001	0.839074	0.961554	3
1	102000001	0.964485	0.961554	3
1	103000001	0.822049	0.961554	3
1	104000001	0.81109	0.961554	3
1	105000001	0.924201	0.961554	3
1	106000001	1.05516	0.961554	3
1	107000001	1.22127	1.30413	4
1	108000001	1.25308	1.30413	4
1	109000001	1.30183	1.30413	4
1	110000001	1.45191	1.30413	4
1	111000001	1.55787	1.30413	4
1	112000001	1.30643	1.30413	4
1	113000001	1.26102	1.30413	4
1	114000001	1.21145	1.30413	4
1	115000001	1.4772	1.30413	4
1	116000001	1.41498	1.30413	4
1	117000001	1.3643	1.30413	4
1	118000001	1.18095	1.30413	4
1	119000001	1.40413	1.30413	4
1	120000001	0.95315	1.30413	4
1	121000001	1.88168	1.65776	5
1	122000001	1.54376	1.65776	5
1	123000001	1.76833	1.65776	5
1	124000001	1.5472	1.65776	5
1	125000001	5.70305	-1	3
1	126000001	-1	-1	3
1	127000001	-1	-1	3
1	128000001	-1	-1	3
1	129000001	-1	-1	3
1	130000001	-1	-1	3
1	131000001	-1	-1	3
1	132000001	-1	-1	3
1	133000001	-1	-1	3
1	134000001	-1	-1	3
1	135000001	-1	-1	3
1	136000001	-1	-1	3
1	137000001	-1	-1	3
1	138000001	-1	-1	3
1	139000001	-1	-1	3
1	140000001	-1	-1	3
1	141000001	-1	-1	3
1	142000001	-1	-1	3
1	143000001	5.4461	-1	3
1	144000001	1.01704	1.08835	3
1	145000001	0.804338	1.08835	3
1	146000001	0.973558	1.08835	3
1	147000001	0.959654	1.08835	3
1	148000001	0.946924	1.08835	3
1	149000001	0.861382	1.08835	3
1	150000001	0.972038	1.08835	3
1	151000001	1.04505	1.08835	3
1	152000001	1.16644	1.08835	3
1	153000001	1.20831	1.08835	3
1	154000001	1.24708	1.08835	3
1	155000001	1.11864	1.08835	3
1	156000001	1.23661	1.08835	3
1	157000001	1.10497	1.08835	3
1	158000001	0.961962	1.08835	3
1	159000001	1.09125	1.08835	3
1	160000001	1.08835	1.08835	3
1	161000001	1.09229	1.08835	3
1	162000001	1.14969	1.08835	3
1	163000001	1.34052	1.30436	4
1	164000001	1.31384	1.30436	4
1	165000001	1.34604	1.30436	4
1	166000001	1.38854	1.30436	4
1	167000001	1.31708	1.30436	4
1	168000001	1.40442	1.30436	4
1	169000001	1.20327	1.30436	4
1	170000001	1.25716	1.30436	4
1	171000001	1.13684	1.30436	4
1	172000001	1.57874	1.30436	4
1	173000001	1.34973	1.30436	4
1	174000001	1.35743	1.30436	4
1	175000001	1.37029	1.30436	4
1	176000001	1.3541	1.30436	4
1	177000001	1.38408	1.30436	4
1	178000001	1.33416	1.30436	4
1	179000001	1.26293	1.30436	4
1	180000001	1.33381	1.30436	4
1	181000001	1.61909	1.30436	4
1	182000001	1.29724	1.30436	4
1	183000001	1.16405	1.30436	4
1	184000001	1.0658	1.30436	4
1	185000001	1.22527	1.30436	4
1	186000001	1.40276	1.30436	4
1	187000001	1.11193	1.30436	4
1	188000001	1.25244	1.30436	4
1	189000001	1.0675	1.30436	4
1	190000001	0.991525	1.30436	4
1	191000001	1.08413	1.30436	4
1	192000001	1.25148	1.30436	4
1	193000001	1.14734	1.30436	4
1	194000001	1.01986	1.30436	4
1	195000001	1.00202	1.30436	4
1	196000001	1.20302	1.30436	4
1	197000001	1.01376	1.30436	4
1	198000001	1.08072	1.30436	4
1	199000001	1.26435	1.30436	4
1	200000001	1.06377	1.30436	4
1	201000001	1.65208	1.30436	4
1	202000001	1.51905	1.30436	4
1	203000001	1.57721	1.30436	4
1	204000001	1.60256	1.30436	4
1	205000001	1.45476	1.30436	4
1	206000001	1.35709	1.30436	4
1	207000001	1.34257	1.30436	4
1	208000001	1.52394	1.30436	4
1	209000001	1.3036	1.30436	4
1	210000001	1.31525	1.30436	4
1	211000001	1.12739	1.30436	4
1	212000001	1.4519	1.30436	4
1	213000001	1.2438	1.30436	4
1	214000001	1.13758	1.30436	4
1	215000001	1.19697	1.30436	4
1	216000001	1.20366	1.30436	4
1	217000001	1.19544	1.30436	4
1	218000001	1.18776	1.30436	4
1	219000001	1.21562	1.30436	4
1	220000001	1.52301	1.30436	4
1	221000001	1.20067	1.30436	4
1	222000001	1.08005	1.30436	4
1	223000001	1.30512	1.30436	4
1	224000001	1.10447	1.30436	4
1	225000001	1.42484	1.30436	4
1	226000001	1.43238	1.30436	4
1	227000001	1.5143	1.30436	4
1	228000001	1.51698	1.30436	4
1	229000001	1.6663	1.30436	4
1	230000001	1.52861	1.30436	4
1	231000001	1.33171	1.30436	4
1	232000001	1.26982	1.30436	4
1	233000001	1.37136	1.30436	4
1	234000001	1.34061	1.30436	4
1	235000001	1.27941	1.30436	4
1	236000001	1.15677	1.30436	4
1	237000001	1.14381	1.30436	4
1	238000001	1.07299	1.30436	4
1	239000001	1.24904	1.30436	4
1	240000001	1.45966	1.30436	4
1	241000001	1.32907	1.30436	4
1	242000001	1.29961	1.30436	4
1	243000001	1.28554	1.30436	4
1	244000001	1.1723	1.30436	4
1	245000001	1.49868	1.30436	4
1	246000001	1.37081	1.30436	4
1	247000001	1.55931	1.30436	4
1	248000001	1.41163	1.30436	4
10	1	1.41125	1.34064	4
10	1000001	1.27003	1.34064	4
10	2000001	0.8364	1.00299	3
10	3000001	1.14012	1.00299	3
10	4000001	1.02976	1.00299	3
10	5000001	1.18245	1.00299	3
10	6000001	1.03768	1.00299	3
10	7000001	0.961307	1.00299	3
10	8000001	0.91823	1.00299	3
10	9000001	0.676637	1.00299	3
10	10000001	0.886219	1.00299	3
10	11000001	1.04409	1.00299	3
10	12000001	1.21751	1.00299	3
10	13000001	1.11753	1.00299	3
10	14000001	1.0401	1.00299	3
10	15000001	0.818741	1.00299	3
10	16000001	0.722977	1.00299	3
10	17000001	0.974668	1.00299	3
10	18000001	1.04873	1.00299	3
10	19000001	1.04447	1.00299	3
10	20000001	0.932413	1.00299	3
10	21000001	0.982811	1.00299	3
10	22000001	1.00085	1.00299	3
10	23000001	0.903108	1.00299	3
10	24000001	1.024	1.00299	3
10	25000001	1.00512	1.00299	3
10	26000001	0.910797	1.00299	3
10	27000001	0.904469	1.00299	3
10	28000001	0.767883	1.00299	3
10	29000001	1.06856	1.00299	3
10	30000001	1.15817	1.00299	3
10	31000001	1.02861	1.00299	3
10	32000001	1.16431	1.00299	3
10	33000001	1.03144	1.00299	3
10	34000001	1.00863	1.00299	3
10	35000001	0.898422	1.00299	3
10	36000001	0.995948	1.00299	3
10	37000001	0.994801	1.00299	3
10	38000001	1.19995	1.38057	4
10	39000001	1.30656	1.38057	4
10	40000001	1.50378	1.38057	4
10	41000001	1.44301	1.38057	4
10	42000001	1.45765	1.38057	4
10	43000001	1.31814	1.38057	4
10	44000001	1.08337	1.09574	3
10	45000001	1.05479	1.09574	3
10	46000001	1.43559	1.09574	3
10	47000001	1.09574	1.09574	3
10	48000001	1.23146	1.09574	3
10	49000001	1.1323	1.09574	3
10	50000001	1.06614	1.09574	3
10	51000001	0.871621	0.89869	3
10	52000001	1.05571	0.89869	3
10	53000001	0.831131	0.89869	3
10	54000001	0.639265	0.89869	3
10	55000001	0.679238	0.89869	3
10	56000001	0.706146	0.89869	3
10	57000001	0.89869	0.89869	3
10	58000001	0.923274	0.89869	3
10	59000001	0.995148	0.89869	3
10	60000001	0.872052	0.89869	3
10	61000001	0.956422	0.89869	3
10	62000001	1.04219	0.89869	3
10	63000001	1.02121	0.89869	3
10	64000001	0.973395	0.89869	3
10	65000001	1.01168	0.89869	3
10	66000001	0.802543	0.89869	3
10	67000001	0.783724	0.89869	3
10	68000001	1.04987	1.11355	3
10	69000001	1.20566	1.11355	3
10	70000001	1.22984	1.11355	3
10	71000001	1.30656	1.11355	3
10	72000001	1.1805	1.11355	3
10	73000001	1.08354	1.11355	3
10	74000001	0.974385	1.11355	3
10	75000001	0.965985	1.11355	3
10	76000001	0.94375	1.11355	3
10	77000001	1.29239	1.11355	3
10	78000001	1.45752	1.11355	3
10	79000001	1.14356	1.11355	3
10	80000001	1.0305	1.11355	3
10	81000001	1.19665	1.11355	3
10	82000001	0.873416	1.11355	3
10	83000001	1.00941	1.11355	3
10	84000001	1.01439	1.11355	3
10	85000001	1.23595	1.11355	3
10	86000001	0.88539	0.722324	2
10	87000001	0.76088	0.722324	2
10	88000001	0.52938	0.722324	2
10	89000001	0.616473	0.722324	2
10	90000001	0.698354	0.722324	2
10	91000001	0.724063	0.722324	2
10	92000001	0.738957	0.722324	2
10	93000001	0.720586	0.722324	2
10	94000001	0.588817	0.722324	2
10	95000001	0.746347	0.722324	2
10	96000001	0.687405	0.722324	2
10	97000001	0.93706	0.722324	2
10	98000001	0.922338	0.722324	2
10	99000001	0.756445	0.722324	2
10	100000001	0.743886	0.722324	2
10	101000001	0.638497	0.722324	2
10	102000001	0.701147	0.722324	2
10	103000001	0.793942	0.722324	2
10	104000001	0.760728	0.722324	2
10	105000001	0.730283	0.722324	2
10	106000001	0.630991	0.722324	2
10	107000001	0.555732	0.722324	2
10	108000001	0.56987	0.722324	2
10	109000001	0.609828	0.722324	2
10	110000001	0.673972	0.722324	2
10	111000001	0.645169	0.722324	2
10	112000001	0.741639	0.722324	2
10	113000001	0.667927	0.722324	2
10	114000001	0.813835	0.722324	2
10	115000001	0.6384	0.722324	2
10	116000001	0.773247	0.722324	2
10	117000001	0.725186	0.722324	2
10	118000001	0.768329	0.806898	2
10	119000001	0.801207	0.806898	2
10	120000001	0.82153	0.806898	2
10	121000001	0.745481	0.806898	2
10	122000001	0.894472	0.806898	2
10	123000001	0.819947	0.806898	2
10	124000001	0.812589	0.806898	2
10	125000001	0.718843	0.806898	2
10	126000001	1.82399	0.92838	3
10	127000001	0.798451	0.92838	3
10	128000001	0.78987	0.92838	3
10	129000001	0.690417	0.92838	3
10	130000001	0.94848	0.92838	3
10	131000001	0.908279	0.92838	3
10	132000001	1.03779	0.92838	3
10	133000001	2.10103	0.92838	3
11	1	1.27133	1.33081	4
11	1000001	1.36023	1.33081	4
11	2000001	1.33081	1.33081	4
11	3000001	1.1225	1.04529	3
11	4000001	1.05636	1.04529	3
11	5000001	0.963347	1.04529	3
11	6000001	1.04529	1.04529	3
11	7000001	0.953231	1.04529	3
11	8000001	1.14481	1.04529	3
11	9000001	0.951813	1.04529	3
11	10000001	1.31923	1.55684	5
11	11000001	1.79445	1.55684	5
11	12000001	1.02889	1.01673	3
11	13000001	1.05345	1.01673	3
11	14000001	1.00603	1.01673	3
11	15000001	0.945445	1.01673	3
11	16000001	0.939394	1.01673	3
11	17000001	1.22423	1.01673	3
11	18000001	0.977778	1.01673	3
11	19000001	1.05911	1.01673	3
11	20000001	1.03612	1.01673	3
11	21000001	0.959036	1.01673	3
11	22000001	1.01673	1.01673	3
11	23000001	0.832351	0.912883	3
11	24000001	0.873482	0.912883	3
11	25000001	0.912883	0.912883	3
11	26000001	0.879948	0.912883	3
11	27000001	0.92546	0.912883	3
11	28000001	0.821011	0.912883	3
11	29000001	0.961647	0.912883	3
11	30000001	0.918665	0.912883	3
11	31000001	0.977511	0.912883	3
11	32000001	0.876568	0.912883	3
11	33000001	1.09876	0.912883	3
11	34000001	0.944156	0.912883	3
11	35000001	1.1002	0.912883	3
11	36000001	0.860074	0.912883	3
11	37000001	0.880943	0.912883	3
11	38000001	0.919816	0.912883	3
11	39000001	0.748301	0.912883	3
11	40000001	0.962875	0.912883	3
11	41000001	0.882079	0.912883	3
11	42000001	1.04291	1.04291	3
11	43000001	0.932898	1.04291	3
11	44000001	1.12236	1.04291	3
11	45000001	1.07121	1.04291	3
11	46000001	1.24494	1.04291	3
11	47000001	1.03534	1.04291	3
11	48000001	1.06781	1.04291	3
11	49000001	0.869372	1.04291	3
11	50000001	1.00626	1.04291	3
11	51000001	0.824044	1.04291	3
11	52000001	0.926778	1.04291	3
11	53000001	1.0818	1.04291	3
11	54000001	1.13949	1.04291	3
11	55000001	0.97502	1.04291	3
11	56000001	0.91973	1.04291	3
11	57000001	1.06725	1.04291	3
11	58000001	1.11691	1.04291	3
11	59000001	0.945467	1.04291	3
11	60000001	1.08426	1.04291	3
11	61000001	1.35185	1.20565	4
11	62000001	1.10328	1.20565	4
11	63000001	1.16369	1.20565	4
11	64000001	1.37479	1.20565	4
11	65000001	1.20565	1.20565	4
11	66000001	1.15631	1.20565	4
11	67000001	1.2231	1.20565	4
11	68000001	1.21927	1.20565	4
11	69000001	1.44319	1.20565	4
11	70000001	1.18658	1.20565	4
11	71000001	1.174	1.20565	4
11	72000001	1.1708	1.20565	4
11	73000001	1.28355	1.20565	4
11	74000001	1.21528	1.20565	4
11	75000001	1.16214	1.20565	4
11	76000001	0.947438	0.933278	3
11	77000001	0.987556	0.933278	3
11	78000001	1.15506	0.933278	3
11	79000001	0.976342	0.933278	3
11	80000001	0.924066	0.933278	3
11	81000001	0.786495	0.933278	3
11	82000001	0.933278	0.933278	3
11	83000001	0.812614	0.933278	3
11	84000001	0.873353	0.933278	3
11	85000001	1.02665	0.933278	3
11	86000001	1.01188	0.933278	3
11	87000001	0.959298	0.933278	3
11	88000001	0.985742	0.933278	3
11	89000001	0.922646	0.933278	3
11	90000001	0.809218	0.933278	3
11	91000001	0.911587	0.933278	3
11	92000001	0.885116	0.933278	3
11	93000001	1.04164	1.00199	3
11	94000001	1.17313	1.00199	3
11	95000001	0.934864	1.00199	3
11	96000001	0.903789	1.00199	3
11	97000001	0.834553	1.00199	3
11	98000001	1.13843	1.00199	3
11	99000001	0.943867	1.00199	3
11	100000001	1.01655	1.00199	3
11	101000001	0.99465	1.00199	3
11	102000001	0.8252	1.00199	3
11	103000001	0.972738	1.00199	3
11	104000001	1.07117	1.00199	3
11	105000001	1.0268	1.00199	3
11	106000001	0.859816	1.00199	3
11	107000001	1.01188	1.00199	3
11	108000001	1.00199	1.00199	3
11	109000001	1.03699	1.00199	3
11	110000001	1.06362	1.00199	3
11	111000001	0.979763	1.00199	3
11	112000001	1.11251	1.11949	3
11	113000001	1.12781	1.11949	3
11	114000001	0.995783	1.11949	3
11	115000001	1.06163	1.11949	3
11	116000001	1.15308	1.11949	3
11	117000001	1.41452	1.11949	3
11	118000001	0.97467	1.11949	3
11	119000001	1.23436	1.11949	3
11	120000001	1.127	1.11949	3
11	121000001	1.05398	1.11949	3
11	122000001	0.962555	1.11949	3
11	123000001	1.23991	1.11949	3
11	124000001	0.954198	1.11949	3
11	125000001	1.2781	1.11949	3
11	126000001	1.2059	1.11949	3
11	127000001	0.973374	1.11949	3
11	128000001	0.981415	1.11949	3
11	129000001	0.987594	1.11949	3
11	130000001	1.08948	1.11949	3
11	131000001	1.13629	1.11949	3
11	132000001	1.12647	1.11949	3
11	133000001	1.1325	1.11949	3
11	134000001	1.21471	1.11949	3
11	135000001	0.937081	1.11949	3
12	1	0.762198	0.750771	2
12	1000001	0.735713	0.750771	2
12	2000001	0.936668	0.750771	2
12	3000001	0.834413	0.750771	2
12	4000001	0.877597	0.750771	2
12	5000001	0.675285	0.750771	2
12	6000001	0.770411	0.750771	2
12	7000001	0.819587	0.750771	2
12	8000001	0.808175	0.750771	2
12	9000001	0.689352	0.750771	2
12	10000001	0.688986	0.750771	2
12	11000001	0.754513	0.750771	2
12	12000001	0.784869	0.750771	2
12	13000001	0.790707	0.750771	2
12	14000001	0.755405	0.750771	2
12	15000001	0.622613	0.750771	2
12	16000001	0.56321	0.750771	2
12	17000001	0.613687	0.750771	2
12	18000001	0.680325	0.750771	2
12	19000001	0.654534	0.750771	2
12	20000001	0.660739	0.750771	2
12	21000001	0.642779	0.750771	2
12	22000001	0.8559	0.750771	2
12	23000001	0.747029	0.750771	2
12	24000001	0.983585	0.984134	3
12	25000001	0.941392	0.984134	3
12	26000001	0.852745	0.984134	3
12	27000001	0.967517	0.984134	3
12	28000001	0.887907	0.984134	3
12	29000001	0.843781	0.984134	3
12	30000001	0.945209	0.984134	3
12	31000001	1.07536	0.984134	3
12	32000001	0.94846	0.984134	3
12	33000001	0.984682	0.984134	3
12	34000001	1.33595	0.984134	3
12	35000001	1.11244	0.984134	3
12	36000001	1.22067	0.984134	3
12	37000001	1.00925	0.984134	3
12	38000001	1.10033	0.984134	3
12	39000001	1.04597	0.984134	3
12	40000001	0.836433	0.984134	3
12	41000001	0.942302	0.984134	3
12	42000001	1.04162	0.984134	3
12	43000001	1.04857	0.984134	3
12	44000001	0.978836	0.984134	3
12	45000001	0.995078	0.984134	3
12	46000001	0.942845	0.984134	3
12	47000001	1.11316	0.984134	3
12	48000001	1.6011	1.40173	4
12	49000001	1.20237	1.40173	4
12	50000001	1.03666	1.15448	3
12	51000001	0.94106	1.15448	3
12	52000001	1.41736	1.15448	3
12	53000001	1.19332	1.15448	3
12	54000001	1.18382	1.15448	3
12	55000001	1.12514	1.15448	3
12	56000001	1.06652	1.15448	3
12	57000001	1.2051	1.15448	3
12	58000001	1.0229	0.918206	3
12	59000001	0.807149	0.918206	3
12	60000001	0.920383	0.918206	3
12	61000001	0.877851	0.918206	3
12	62000001	0.880953	0.918206	3
12	63000001	0.916725	0.918206	3
12	64000001	0.848712	0.918206	3
12	65000001	0.898185	0.918206	3
12	66000001	0.919687	0.918206	3
12	67000001	0.919778	0.918206	3
12	68000001	0.89758	0.918206	3
12	69000001	0.934685	0.918206	3
12	70000001	0.841241	0.918206	3
12	71000001	0.801381	0.918206	3
12	72000001	0.904761	0.918206	3
12	73000001	1.15905	0.918206	3
12	74000001	0.869796	0.918206	3
12	75000001	0.820195	0.918206	3
12	76000001	0.930202	0.918206	3
12	77000001	0.941598	0.918206	3
12	78000001	1.02924	0.918206	3
12	79000001	0.863365	0.918206	3
12	80000001	0.960769	0.918206	3
12	81000001	0.854133	0.918206	3
12	82000001	0.818744	0.918206	3
12	83000001	0.954991	0.918206	3
12	84000001	0.947105	0.918206	3
12	85000001	0.784513	0.918206	3
12	86000001	0.957534	0.918206	3
12	87000001	0.939283	0.918206	3
12	88000001	1.25131	0.918206	3
12	89000001	0.866557	0.918206	3
12	90000001	0.801263	0.918206	3
12	91000001	1.00735	0.918206	3
12	92000001	0.739383	0.918206	3
12	93000001	0.947924	0.918206	3
12	94000001	0.954198	0.918206	3
12	95000001	1.02249	0.918206	3
12	96000001	0.858423	0.918206	3
12	97000001	0.926203	0.918206	3
12	98000001	0.787315	0.918206	3
12	99000001	1.06	0.918206	3
12	100000001	0.8716	0.918206	3
12	101000001	0.991053	0.918206	3
12	102000001	1.00524	0.918206	3
12	103000001	0.891852	0.918206	3
12	104000001	1.04255	1.10633	3
12	105000001	1.03378	1.10633	3
12	106000001	1.10838	1.10633	3
12	107000001	1.09733	1.10633	3
12	108000001	1.28821	1.10633	3
12	109000001	1.1489	1.10633	3
12	110000001	1.06467	1.10633	3
12	111000001	1.28358	1.10633	3
12	112000001	0.933903	1.10633	3
12	113000001	1.23707	1.10633	3
12	114000001	1.17228	1.10633	3
12	115000001	0.968657	1.10633	3
12	116000001	0.972023	1.10633	3
12	117000001	1.10633	1.10633	3
12	118000001	1.00636	1.10633	3
12	119000001	1.00685	1.10633	3
12	120000001	1.1397	1.10633	3
12	121000001	1.17057	1.10633	3
12	122000001	1.13959	1.10633	3
12	123000001	1.07631	1.10633	3
12	124000001	1.17997	1.10633	3
12	125000001	1.27029	1.10633	3
12	126000001	0.924278	1.10633	3
12	127000001	0.961619	1.10633	3
12	128000001	0.941567	1.10633	3
12	129000001	1.12068	1.10633	3
12	130000001	1.16537	1.10633	3
12	131000001	1.53657	1.29888	4
12	132000001	1.29888	1.29888	4
12	133000001	1.24876	1.29888	4
13	1	-1	-1	2
13	1000001	-1	-1	2
13	2000001	-1	-1	2
13	3000001	-1	-1	2
13	4000001	-1	-1	2
13	5000001	-1	-1	2
13	6000001	-1	-1	2
13	7000001	-1	-1	2
13	8000001	-1	-1	2
13	9000001	-1	-1	2
13	10000001	-1	-1	2
13	11000001	-1	-1	2
13	12000001	-1	-1	2
13	13000001	-1	-1	2
13	14000001	-1	-1	2
13	15000001	-1	-1	2
13	16000001	0.614445	0.655427	2
13	17000001	0.72329	0.655427	2
13	18000001	0.996025	0.655427	2
13	19000001	0.779275	0.655427	2
13	20000001	0.739802	0.655427	2
13	21000001	0.811793	0.655427	2
13	22000001	0.591139	0.655427	2
13	23000001	0.602142	0.655427	2
13	24000001	0.781253	0.655427	2
13	25000001	0.711836	0.655427	2
13	26000001	0.820253	0.655427	2
13	27000001	0.730783	0.655427	2
13	28000001	0.658423	0.655427	2
13	29000001	0.791522	0.655427	2
13	30000001	0.766701	0.655427	2
13	31000001	0.784249	0.655427	2
13	32000001	0.575306	0.655427	2
13	33000001	0.599882	0.655427	2
13	34000001	0.72862	0.655427	2
13	35000001	0.668412	0.655427	2
13	36000001	0.728797	0.655427	2
13	37000001	0.751021	0.655427	2
13	38000001	0.635809	0.655427	2
13	39000001	0.652431	0.655427	2
13	40000001	0.715964	0.655427	2
13	41000001	0.824541	0.655427	2
13	42000001	0.615492	0.655427	2
13	43000001	0.563616	0.655427	2
13	44000001	0.572893	0.655427	2
13	45000001	0.82272	0.655427	2
13	46000001	0.674968	0.655427	2
13	47000001	0.678373	0.655427	2
13	48000001	0.76299	0.655427	2
13	49000001	0.713047	0.655427	2
13	50000001	0.552646	0.655427	2
13	51000001	0.76118	0.655427	2
13	52000001	0.684515	0.655427	2
13	53000001	0.565462	0.655427	2
13	54000001	0.778239	0.655427	2
13	55000001	0.554866	0.655427	2
13	56000001	0.49798	0.655427	2
13	57000001	0.631485	0.655427	2
13	58000001	0.632089	0.655427	2
13	59000001	0.647791	0.655427	2
13	60000001	0.685686	0.655427	2
13	61000001	0.557717	0.655427	2
13	62000001	0.441397	0.655427	2
13	63000001	0.593366	0.655427	2
13	64000001	0.639409	0.655427	2
13	65000001	0.473118	0.655427	2
13	66000001	0.531047	0.655427	2
13	67000001	0.421108	0.655427	2
13	68000001	0.538131	0.655427	2
13	69000001	0.63011	0.655427	2
13	70000001	0.582288	0.655427	2
13	71000001	1.23851	0.655427	2
13	72000001	0.572516	0.655427	2
13	73000001	0.662663	0.655427	2
13	74000001	0.529892	0.655427	2
13	75000001	0.612736	0.655427	2
13	76000001	0.64857	0.655427	2
13	77000001	0.650581	0.655427	2
13	78000001	0.680397	0.655427	2
13	79000001	0.744918	0.655427	2
13	80000001	2.01388	2.01388	6
13	81000001	0.685602	0.518458	2
13	82000001	0.518458	0.518458	2
13	83000001	0.650738	0.518458	2
13	84000001	0.459334	0.518458	2
13	85000001	0.367934	0.518458	2
13	86000001	0.566284	0.518458	2
13	87000001	0.355625	0.518458	2
13	88000001	0.395946	0.518458	2
13	89000001	0.911736	0.518458	2
13	90000001	4.02694	3.6045	11
13	91000001	3.18206	3.6045	11
13	92000001	1.89526	1.89526	6
13	93000001	1.27989	1.27989	4
13	94000001	0.593621	0.750612	2
13	95000001	0.610694	0.750612	2
13	96000001	0.465524	0.750612	2
13	97000001	0.826905	0.750612	2
13	98000001	0.843264	0.750612	2
13	99000001	0.728345	0.750612	2
13	100000001	0.763266	0.750612	2
13	101000001	0.514511	0.750612	2
13	102000001	0.750612	0.750612	2
13	103000001	0.633525	0.750612	2
13	104000001	0.585467	0.750612	2
13	105000001	0.633798	0.750612	2
13	106000001	0.761378	0.750612	2
13	107000001	1.12342	0.750612	2
13	108000001	0.619103	0.750612	2
13	109000001	0.574926	0.750612	2
13	110000001	0.777538	0.750612	2
13	111000001	0.894171	0.750612	2
13	112000001	0.839819	0.750612	2
13	113000001	1.06738	0.750612	2
13	114000001	0.819876	0.750612	2
14	1	-1	-1	3
14	1000001	-1	-1	3
14	2000001	-1	-1	3
14	3000001	-1	-1	3
14	4000001	-1	-1	3
14	5000001	-1	-1	3
14	6000001	-1	-1	3
14	7000001	-1	-1	3
14	8000001	-1	-1	3
14	9000001	-1	-1	3
14	10000001	-1	-1	3
14	11000001	-1	-1	3
14	12000001	-1	-1	3
14	13000001	-1	-1	3
14	14000001	-1	-1	3
14	15000001	-1	-1	3
14	16000001	1.11712	1.01777	3
14	17000001	0.6641	1.01777	3
14	18000001	0.918414	1.01777	3
14	19000001	1.42112	1.01777	3
14	20000001	0.665872	0.761727	2
14	21000001	0.650913	0.761727	2
14	22000001	0.806931	0.761727	2
14	23000001	1.05953	0.761727	2
14	24000001	0.788777	0.761727	2
14	25000001	0.734677	0.761727	2
14	26000001	0.610085	0.647636	2
14	27000001	0.619326	0.647636	2
14	28000001	0.650176	0.647636	2
14	29000001	0.647062	0.647636	2
14	30000001	0.558737	0.647636	2
14	31000001	0.620621	0.647636	2
14	32000001	0.636008	0.647636	2
14	33000001	0.647636	0.647636	2
14	34000001	0.619177	0.647636	2
14	35000001	0.697486	0.647636	2
14	36000001	0.778712	0.647636	2
14	37000001	0.708548	0.647636	2
14	38000001	0.679423	0.647636	2
14	39000001	0.689556	0.647636	2
14	40000001	0.882075	0.647636	2
14	41000001	0.627487	0.647636	2
14	42000001	0.768195	0.647636	2
14	43000001	0.662114	0.601186	2
14	44000001	0.659031	0.601186	2
14	45000001	0.593688	0.601186	2
14	46000001	0.600481	0.601186	2
14	47000001	0.461113	0.601186	2
14	48000001	0.593227	0.601186	2
14	49000001	0.628715	0.601186	2
14	50000001	0.601891	0.601186	2
14	51000001	0.683624	0.683624	2
14	52000001	0.736985	0.683624	2
14	53000001	0.717185	0.683624	2
14	54000001	0.746297	0.683624	2
14	55000001	0.667929	0.683624	2
14	56000001	0.669158	0.683624	2
14	57000001	0.652873	0.683624	2
14	58000001	0.619873	0.683624	2
14	59000001	0.710007	0.683624	2
14	60000001	1.2769	1.03784	3
14	61000001	0.798788	1.03784	3
14	62000001	0.606548	0.704839	2
14	63000001	0.655445	0.704839	2
14	64000001	0.741627	0.704839	2
14	65000001	0.756754	0.704839	2
14	66000001	0.650114	0.704839	2
14	67000001	0.723013	0.704839	2
14	68000001	0.715735	0.704839	2
14	69000001	0.780113	0.704839	2
14	70000001	0.846074	0.704839	2
14	71000001	0.704839	0.704839	2
14	72000001	0.649845	0.704839	2
14	73000001	0.680336	0.704839	2
14	74000001	0.659847	0.704839	2
14	75000001	0.672506	0.704839	2
14	76000001	0.798472	0.704839	2
14	77000001	0.613165	0.64884	2
14	78000001	0.64884	0.64884	2
14	79000001	0.669923	0.64884	2
14	80000001	0.738802	0.64884	2
14	81000001	0.552066	0.64884	2
14	82000001	0.640939	0.64884	2
14	83000001	0.559739	0.64884	2
14	84000001	0.723146	0.64884	2
14	85000001	0.609519	0.64884	2
14	86000001	0.657098	0.64884	2
14	87000001	0.65117	0.64884	2
14	88000001	0.710304	0.64884	2
14	89000001	0.582749	0.64884	2
14	90000001	0.805974	0.777673	2
14	91000001	0.7319	0.777673	2
14	92000001	0.777673	0.777673	2
14	93000001	0.846576	0.823873	2
14	94000001	0.801171	0.823873	2
14	95000001	0.928484	0.823873	2
14	96000001	0.88255	0.823873	2
14	97000001	0.729678	0.823873	2
14	98000001	0.647879	0.823873	2
14	99000001	0.771148	0.823873	2
14	100000001	0.859721	0.823873	2
14	101000001	0.877172	0.823873	2
14	102000001	0.742672	0.823873	2
14	103000001	0.686348	0.823873	2
14	104000001	0.955125	0.823873	2
14	105000001	0.784153	0.823873	2
14	106000001	0.864384	0.823873	2
14	107000001	-1	-1	2
15	1	-1	-1	4
15	1000001	-1	-1	4
15	2000001	-1	-1	4
15	3000001	-1	-1	4
15	4000001	-1	-1	4
15	5000001	-1	-1	4
15	6000001	-1	-1	4
15	7000001	-1	-1	4
15	8000001	-1	-1	4
15	9000001	-1	-1	4
15	10000001	-1	-1	4
15	11000001	-1	-1	4
15	12000001	-1	-1	4
15	13000001	-1	-1	4
15	14000001	-1	-1	4
15	15000001	-1	-1	4
15	16000001	-1	-1	4
15	17000001	1.32805	1.28976	4
15	18000001	1.01015	1.28976	4
15	19000001	1.28976	1.28976	4
15	20000001	1.07964	1.07964	3
15	21000001	1.13574	1.07964	3
15	22000001	1.0587	1.07964	3
15	23000001	0.846164	1.07964	3
15	24000001	0.980415	1.07964	3
15	25000001	1.36319	1.07964	3
15	26000001	1.04854	1.07964	3
15	27000001	0.999175	1.07964	3
15	28000001	1.10888	1.07964	3
15	29000001	1.12488	1.07964	3
15	30000001	1.17736	1.07964	3
15	31000001	1.24305	1.07964	3
15	32000001	1.04503	1.07964	3
15	33000001	1.00497	0.935209	3
15	34000001	0.99903	0.935209	3
15	35000001	0.809665	0.935209	3
15	36000001	0.935209	0.935209	3
15	37000001	0.892134	0.935209	3
15	38000001	1.1236	1.08231	3
15	39000001	0.981932	1.08231	3
15	40000001	1.08231	1.08231	3
15	41000001	1.19668	1.08231	3
15	42000001	1.16908	1.08231	3
15	43000001	1.01635	1.08231	3
15	44000001	1.07009	1.08231	3
15	45000001	1.31493	1.08231	3
15	46000001	1.06874	1.08231	3
15	47000001	0.978246	0.978246	3
15	48000001	0.985157	0.978246	3
15	49000001	0.827636	0.978246	3
15	50000001	0.909764	0.978246	3
15	51000001	1.0241	0.978246	3
15	52000001	0.850332	0.978246	3
15	53000001	0.964514	0.978246	3
15	54000001	0.907964	0.978246	3
15	55000001	1.12152	0.978246	3
15	56000001	0.981623	0.978246	3
15	57000001	0.943347	0.978246	3
15	58000001	1.11431	0.978246	3
15	59000001	1.01643	0.978246	3
15	60000001	0.812339	0.978246	3
15	61000001	0.986242	0.978246	3
15	62000001	1.08122	1.06907	3
15	63000001	1.05692	1.06907	3
15	64000001	1.01591	1.06907	3
15	65000001	1.08356	1.06907	3
15	66000001	1.3158	1.13303	3
15	67000001	0.949495	1.13303	3
15	68000001	1.07681	1.13303	3
15	69000001	1.21873	1.13303	3
15	70000001	1.24854	1.13303	3
15	71000001	1.15414	1.13303	3
15	72000001	1.04082	1.13303	3
15	73000001	1.11191	1.13303	3
15	74000001	1.04127	1.13303	3
15	75000001	1.20624	1.13303	3
15	76000001	0.912022	1.03429	3
15	77000001	1.03794	1.03429	3
15	78000001	1.05314	1.03429	3
15	79000001	1.12259	1.03429	3
15	80000001	1.12645	1.03429	3
15	81000001	1.03064	1.03429	3
15	82000001	1.04307	1.03429	3
15	83000001	0.910157	1.03429	3
15	84000001	0.93099	1.03429	3
15	85000001	1.12002	1.03429	3
15	86000001	0.846028	1.03429	3
15	87000001	0.99947	1.03429	3
15	88000001	1.18159	1.03429	3
15	89000001	1.04407	1.03429	3
15	90000001	1.02171	1.03429	3
15	91000001	1.05689	1.03429	3
15	92000001	1.18008	1.03429	3
15	93000001	1.00245	1.03429	3
15	94000001	0.956751	1.03429	3
15	95000001	0.821601	1.03429	3
15	96000001	0.729315	1.03429	3
15	97000001	0.91895	1.03429	3
15	98000001	1.12316	1.03429	3
15	99000001	0.988178	1.03429	3
15	100000001	1.11579	1.03429	3
15	101000001	1.26254	1.03429	3
16	1	1.37768	1.07031	3
16	1000001	1.33463	1.07031	3
16	2000001	1.15891	1.07031	3
16	3000001	1.01773	1.07031	3
16	4000001	1.28787	1.07031	3
16	5000001	1.0024	1.07031	3
16	6000001	0.931667	1.07031	3
16	7000001	0.945336	1.07031	3
16	8000001	1.1817	1.07031	3
16	9000001	1.00581	1.07031	3
16	10000001	1.45784	1.07031	3
16	11000001	1.1705	1.07031	3
16	12000001	0.986729	1.07031	3
16	13000001	0.899247	1.07031	3
16	14000001	1.19199	1.07031	3
16	15000001	1.05674	1.07031	3
16	16000001	1.08708	1.07031	3
16	17000001	1.01437	1.07031	3
16	18000001	0.878133	1.07031	3
16	19000001	0.971799	1.07031	3
16	20000001	1.04911	1.07031	3
16	21000001	0.967208	1.07031	3
16	22000001	1.01393	1.07031	3
16	23000001	1.23029	1.07031	3
16	24000001	1.08387	1.07031	3
16	25000001	0.962289	1.07031	3
16	26000001	0.944977	1.07031	3
16	27000001	1.13965	1.07031	3
16	28000001	1.33165	1.07031	3
16	29000001	1.21903	1.07031	3
16	30000001	1.23303	1.07031	3
16	31000001	1.17968	1.07031	3
16	32000001	0.923046	1.07031	3
16	33000001	1.2417	1.07031	3
16	34000001	2.49615	2.49615	7
16	35000001	1.16412	1.15226	3
16	36000001	1.15226	1.15226	3
16	37000001	0.92871	1.15226	3
16	38000001	1.57546	1.57546	5
16	39000001	-1	-1	13
16	40000001	-1	-1	13
16	41000001	-1	-1	13
16	42000001	-1	-1	13
16	43000001	-1	-1	13
16	44000001	-1	-1	13
16	45000001	-1	-1	13
16	46000001	4.21628	4.21628	13
16	47000001	1.09906	1.02222	3
16	48000001	0.947681	1.02222	3
16	49000001	1.00432	1.02222	3
16	50000001	1.03144	1.02222	3
16	51000001	0.922231	1.02222	3
16	52000001	0.989575	1.02222	3
16	53000001	1.01635	1.02222	3
16	54000001	1.10104	1.02222	3
16	55000001	1.10774	1.02222	3
16	56000001	1.28551	1.02222	3
16	57000001	1.48851	1.02222	3
16	58000001	1.11673	1.02222	3
16	59000001	0.984534	1.02222	3
16	60000001	0.78646	1.02222	3
16	61000001	0.88	1.02222	3
16	62000001	1.02879	1.02222	3
16	63000001	0.875279	1.02222	3
16	64000001	0.878701	1.02222	3
16	65000001	0.869006	1.02222	3
16	66000001	1.11018	1.02222	3
16	67000001	1.03243	1.02222	3
16	68000001	1.03267	1.02222	3
16	69000001	1.08379	1.02222	3
16	70000001	1.12361	1.02222	3
16	71000001	0.977735	1.02222	3
16	72000001	0.903781	1.02222	3
16	73000001	1.02809	1.02222	3
16	74000001	1.21834	1.02222	3
16	75000001	0.99912	1.02222	3
16	76000001	0.708061	1.02222	3
16	77000001	0.973124	1.02222	3
16	78000001	1.19356	1.02222	3
16	79000001	1.33017	1.43754	4
16	80000001	1.43795	1.43754	4
16	81000001	1.75745	1.43754	4
16	82000001	1.16675	1.43754	4
16	83000001	1.49975	1.43754	4
16	84000001	1.66913	1.43754	4
16	85000001	1.52657	1.43754	4
16	86000001	1.33846	1.43754	4
16	87000001	1.26981	1.43754	4
16	88000001	1.68144	1.43754	4
16	89000001	1.43714	1.43754	4
16	90000001	1.30593	1.43754	4
17	1	1.42102	1.38663	4
17	1000001	1.35224	1.38663	4
17	2000001	0.767424	0.768531	2
17	3000001	0.888247	0.768531	2
17	4000001	0.779221	0.768531	2
17	5000001	0.870232	0.768531	2
17	6000001	0.809357	0.768531	2
17	7000001	0.862894	0.768531	2
17	8000001	0.897847	0.768531	2
17	9000001	0.741234	0.768531	2
17	10000001	0.743781	0.768531	2
17	11000001	0.587826	0.768531	2
17	12000001	0.742076	0.768531	2
17	13000001	0.672742	0.768531	2
17	14000001	0.823869	0.768531	2
17	15000001	0.690614	0.768531	2
17	16000001	0.762088	0.768531	2
17	17000001	0.971265	0.768531	2
17	18000001	0.749825	0.768531	2
17	19000001	0.928748	0.768531	2
17	20000001	0.737069	0.768531	2
17	21000001	0.801344	0.768531	2
17	22000001	0.586329	0.768531	2
17	23000001	0.769637	0.768531	2
17	24000001	0.754998	0.768531	2
17	25000001	0.97372	0.768531	2
17	26000001	1.77214	1.27814	4
17	27000001	1.26949	1.27814	4
17	28000001	1.27814	1.27814	4
17	29000001	1.01566	1.21526	4
17	30000001	1.05078	1.21526	4
17	31000001	1.12082	1.21526	4
17	32000001	0.901718	1.21526	4
17	33000001	1.22071	1.21526	4
17	34000001	1.25833	1.21526	4
17	35000001	1.15954	1.21526	4
17	36000001	1.19454	1.21526	4
17	37000001	0.977887	1.21526	4
17	38000001	1.24811	1.21526	4
17	39000001	1.21676	1.21526	4
17	40000001	1.25663	1.21526	4
17	41000001	1.21526	1.21526	4
17	42000001	1.2961	1.21526	4
17	43000001	1.20429	1.21526	4
17	44000001	1.21582	1.21526	4
17	45000001	1.34954	1.21526	4
17	46000001	0.656192	1.05088	3
17	47000001	1.10822	1.05088	3
17	48000001	1.03243	1.05088	3
17	49000001	1.20849	1.05088	3
17	50000001	1.1845	1.05088	3
17	51000001	1.13483	1.05088	3
17	52000001	0.827511	1.05088	3
17	53000001	0.837054	1.05088	3
17	54000001	0.959384	1.05088	3
17	55000001	0.949008	1.05088	3
17	56000001	0.941434	1.05088	3
17	57000001	1.24228	1.05088	3
17	58000001	1.04709	1.05088	3
17	59000001	1.06476	1.05088	3
17	60000001	1.22102	1.05088	3
17	61000001	0.945111	1.05088	3
17	62000001	1.44432	1.05088	3
17	63000001	1.01019	1.05088	3
17	64000001	1.12647	1.05088	3
17	65000001	1.04127	1.05088	3
17	66000001	1.10205	1.05088	3
17	67000001	1.17098	1.05088	3
17	68000001	1.05467	1.05088	3
17	69000001	0.858061	1.05088	3
17	70000001	0.770758	1.05088	3
17	71000001	0.935637	1.05088	3
17	72000001	1.14114	1.05088	3
17	73000001	1.29303	1.05088	3
17	74000001	1.24649	1.05088	3
17	75000001	1.04523	1.05088	3
17	76000001	1.27764	1.31198	4
17	77000001	1.83742	1.31198	4
17	78000001	1.18389	1.31198	4
17	79000001	1.29609	1.31198	4
17	80000001	1.44817	1.31198	4
17	81000001	2.04808	1.31198	4
17	82000001	1.14447	1.31198	4
17	83000001	1.32788	1.31198	4
18	1	2.78004	2.78004	8
18	1000001	1.25176	1.24944	4
18	2000001	1.18721	1.24944	4
18	3000001	1.30308	1.24944	4
18	4000001	1.24713	1.24944	4
18	5000001	1.24164	1.24944	4
18	6000001	1.27543	1.24944	4
18	7000001	1.2026	1.24944	4
18	8000001	1.16432	1.24944	4
18	9000001	1.38251	1.24944	4
18	10000001	1.45419	1.24944	4
18	11000001	0.995043	1.0247	3
18	12000001	0.971585	1.0247	3
18	13000001	1.06089	1.0247	3
18	14000001	1.05435	1.0247	3
18	15000001	1.40415	1.43705	4
18	16000001	1.334	1.43705	4
18	17000001	1.35272	1.43705	4
18	18000001	1.73519	1.43705	4
18	19000001	1.81877	1.43705	4
18	20000001	1.57354	1.43705	4
18	21000001	1.02443	1.43705	4
18	22000001	1.38196	1.43705	4
18	23000001	1.36442	1.43705	4
18	24000001	1.43705	1.43705	4
18	25000001	1.82575	1.43705	4
18	26000001	1.56463	1.43705	4
18	27000001	1.47191	1.43705	4
18	28000001	1.18328	1.21506	4
18	29000001	1.05088	1.21506	4
18	30000001	0.974337	1.21506	4
18	31000001	1.18645	1.21506	4
18	32000001	1.17156	1.21506	4
18	33000001	1.25492	1.21506	4
18	34000001	1.26684	1.21506	4
18	35000001	1.40127	1.21506	4
18	36000001	1.3157	1.21506	4
18	37000001	1.60146	1.21506	4
18	38000001	1.07035	1.21506	4
18	39000001	1.24367	1.21506	4
18	40000001	1.2766	1.21506	4
18	41000001	1.18531	1.21506	4
18	42000001	0.631489	0.713751	2
18	43000001	0.530308	0.713751	2
18	44000001	0.72205	0.713751	2
18	45000001	0.709396	0.713751	2
18	46000001	0.724216	0.713751	2
18	47000001	0.742588	0.713751	2
18	48000001	0.861156	0.713751	2
18	49000001	0.785213	0.713751	2
18	50000001	0.723521	0.713751	2
18	51000001	0.641709	0.713751	2
18	52000001	0.583579	0.713751	2
18	53000001	0.503113	0.713751	2
18	54000001	0.767987	0.713751	2
18	55000001	0.666726	0.713751	2
18	56000001	0.755872	0.713751	2
18	57000001	0.891017	0.713751	2
18	58000001	0.688756	0.713751	2
18	59000001	0.759548	0.713751	2
18	60000001	0.753372	0.713751	2
18	61000001	0.960153	0.713751	2
18	62000001	0.658029	0.713751	2
18	63000001	0.666722	0.713751	2
18	64000001	0.546556	0.713751	2
18	65000001	0.621601	0.713751	2
18	66000001	0.546502	0.713751	2
18	67000001	0.65057	0.713751	2
18	68000001	0.713751	0.713751	2
18	69000001	0.662832	0.713751	2
18	70000001	0.645492	0.713751	2
18	71000001	0.608803	0.713751	2
18	72000001	0.637636	0.713751	2
18	73000001	0.540879	0.713751	2
18	74000001	0.720096	0.713751	2
18	75000001	0.821548	0.713751	2
18	76000001	0.785154	0.713751	2
18	77000001	0.908375	0.713751	2
18	78000001	0.776548	0.713751	2
18	79000001	0.858617	0.713751	2
18	80000001	0.720079	0.713751	2
19	1	1.25409	1.20395	4
19	1000001	1.40476	1.20395	4
19	2000001	1.1241	1.20395	4
19	3000001	1.18028	1.20395	4
19	4000001	1.23981	1.20395	4
19	5000001	1.20395	1.20395	4
19	6000001	1.19889	1.20395	4
19	7000001	1.04234	1.20395	4
19	8000001	1.16739	1.20395	4
19	9000001	1.27201	1.20395	4
19	10000001	1.33359	1.20395	4
19	11000001	1.2413	1.20395	4
19	12000001	1.2705	1.20395	4
19	13000001	1.18704	1.20395	4
19	14000001	1.02718	1.20395	4
19	15000001	1.22291	1.20395	4
19	16000001	1.25442	1.20395	4
19	17000001	1.32302	1.20395	4
19	18000001	1.15474	1.20395	4
19	19000001	1.21884	1.20395	4
19	20000001	1.08161	1.20395	4
19	21000001	1.02495	1.20395	4
19	22000001	1.22212	1.20395	4
19	23000001	1.13939	1.20395	4
19	24000001	1.02557	1.20395	4
19	25000001	1.78704	1.78484	5
19	26000001	1.78263	1.78484	5
19	27000001	1.34003	1.11805	3
19	28000001	1.0111	1.11805	3
19	29000001	1.16232	1.11805	3
19	30000001	1.25523	1.11805	3
19	31000001	1.07379	1.11805	3
19	32000001	1.06431	1.11805	3
19	33000001	1.28823	1.23893	4
19	34000001	1.28949	1.23893	4
19	35000001	1.18735	1.23893	4
19	36000001	1.65647	1.23893	4
19	37000001	1.31582	1.23893	4
19	38000001	1.29147	1.23893	4
19	39000001	1.27862	1.23893	4
19	40000001	1.21558	1.23893	4
19	41000001	1.1011	1.23893	4
19	42000001	1.34244	1.23893	4
19	43000001	1.23373	1.23893	4
19	44000001	1.3754	1.23893	4
19	45000001	1.24413	1.23893	4
19	46000001	1.19095	1.23893	4
19	47000001	1.17816	1.23893	4
19	48000001	1.2142	1.23893	4
19	49000001	1.43977	1.23893	4
19	50000001	1.21173	1.23893	4
19	51000001	1.15184	1.23893	4
19	52000001	1.18481	1.23893	4
19	53000001	1.12463	1.23893	4
19	54000001	1.2933	1.23893	4
19	55000001	1.1566	1.23893	4
19	56000001	1.30577	1.23893	4
19	57000001	1.02095	1.23893	4
19	58000001	1.35841	1.23893	4
2	1	1.02237	1.00567	3
2	1000001	1.24001	1.00567	3
2	2000001	1.15165	1.00567	3
2	3000001	1.09704	1.00567	3
2	4000001	0.860173	1.00567	3
2	5000001	0.94716	1.00567	3
2	6000001	1.01587	1.00567	3
2	7000001	1.05842	1.00567	3
2	8000001	1.11675	1.00567	3
2	9000001	1.10773	1.00567	3
2	10000001	1.31198	1.00567	3
2	11000001	1.19614	1.00567	3
2	12000001	1.01958	1.00567	3
2	13000001	0.871939	1.00567	3
2	14000001	1.04423	1.00567	3
2	15000001	1.02343	1.00567	3
2	16000001	0.829768	1.00567	3
2	17000001	0.933902	1.00567	3
2	18000001	0.869229	1.00567	3
2	19000001	1.02298	1.00567	3
2	20000001	1.17932	1.00567	3
2	21000001	0.931949	1.00567	3
2	22000001	0.875859	1.00567	3
2	23000001	1.02376	1.00567	3
2	24000001	0.878275	1.00567	3
2	25000001	1.14228	1.00567	3
2	26000001	1.16845	1.00567	3
2	27000001	1.02314	1.00567	3
2	28000001	1.09643	1.00567	3
2	29000001	1.02101	1.00567	3
2	30000001	1.02936	1.00567	3
2	31000001	1.14714	1.00567	3
2	32000001	0.977528	1.00567	3
2	33000001	0.891734	1.00567	3
2	34000001	0.986793	1.00567	3
2	35000001	0.901794	1.00567	3
2	36000001	0.938881	1.00567	3
2	37000001	0.928137	1.00567	3
2	38000001	0.916145	1.00567	3
2	39000001	0.961368	1.00567	3
2	40000001	0.926145	1.00567	3
2	41000001	1.01105	1.00567	3
2	42000001	1.02523	1.00567	3
2	43000001	0.777852	1.00567	3
2	44000001	1.09072	1.00567	3
2	45000001	1.1763	1.00567	3
2	46000001	1.22751	1.00567	3
2	47000001	1.07365	1.00567	3
2	48000001	1.02294	1.00567	3
2	49000001	1.04117	1.00567	3
2	50000001	0.863744	1.00567	3
2	51000001	0.911246	1.00567	3
2	52000001	0.987057	1.00567	3
2	53000001	0.941002	1.00567	3
2	54000001	0.987595	1.00567	3
2	55000001	0.717996	1.00567	3
2	56000001	0.930927	1.00567	3
2	57000001	1.37305	1.00567	3
2	58000001	0.894012	1.00567	3
2	59000001	1.00028	1.00567	3
2	60000001	1.23568	1.00567	3
2	61000001	0.990924	1.00567	3
2	62000001	1.03997	1.00567	3
2	63000001	1.03546	1.00567	3
2	64000001	0.974195	1.00567	3
2	65000001	0.991818	1.00567	3
2	66000001	0.839232	1.00567	3
2	67000001	0.923519	1.00567	3
2	68000001	0.884393	1.00567	3
2	69000001	0.907134	1.00567	3
2	70000001	1.01217	1.00567	3
2	71000001	1.28199	1.00567	3
2	72000001	1.04306	1.00567	3
2	73000001	1.1033	1.00567	3
2	74000001	1.22171	1.00567	3
2	75000001	0.990917	1.00567	3
2	76000001	0.875315	1.00567	3
2	77000001	0.769313	1.00567	3
2	78000001	1.05305	1.00567	3
2	79000001	0.830969	1.00567	3
2	80000001	0.826878	1.00567	3
2	81000001	0.912971	1.00567	3
2	82000001	0.869678	1.00567	3
2	83000001	1.53209	1.00567	3
2	84000001	0.846731	1.00567	3
2	85000001	1.08378	1.00567	3
2	86000001	1.02574	1.00567	3
2	87000001	0.974956	1.00567	3
2	88000001	0.923788	1.00567	3
2	89000001	1.02758	1.00567	3
2	90000001	1.72362	1.72362	5
2	91000001	1.04661	1.13349	3
2	92000001	1.00603	1.13349	3
2	93000001	1.19986	1.13349	3
2	94000001	1.11711	1.13349	3
2	95000001	1.13349	1.13349	3
2	96000001	1.26721	1.13349	3
2	97000001	1.14804	1.13349	3
2	98000001	1.08454	1.13349	3
2	99000001	1.49322	1.13349	3
2	100000001	1.20565	1.13349	3
2	101000001	1.08533	1.13349	3
2	102000001	0.800937	0.853248	3
2	103000001	0.842649	0.853248	3
2	104000001	0.854419	0.853248	3
2	105000001	0.881933	0.853248	3
2	106000001	0.985314	0.853248	3
2	107000001	0.852078	0.853248	3
2	108000001	1.0771	1.0726	3
2	109000001	1.34639	1.0726	3
2	110000001	1.08863	1.0726	3
2	111000001	1.11294	1.0726	3
2	112000001	1.03912	1.0726	3
2	113000001	0.965022	1.0726	3
2	114000001	0.79886	1.0726	3
2	115000001	0.974355	1.0726	3
2	116000001	0.932549	1.0726	3
2	117000001	1.01088	1.0726	3
2	118000001	1.01576	1.0726	3
2	119000001	1.0812	1.0726	3
2	120000001	1.30772	1.0726	3
2	121000001	1.11446	1.0726	3
2	122000001	1.0726	1.0726	3
2	123000001	0.916247	1.0726	3
2	124000001	1.34225	1.0726	3
2	125000001	0.908286	1.0726	3
2	126000001	1.0477	1.0726	3
2	127000001	1.21702	1.0726	3
2	128000001	0.991745	1.0726	3
2	129000001	1.18611	1.0726	3
2	130000001	1.08468	1.0726	3
2	131000001	1.24085	1.0726	3
2	132000001	1.06593	1.0726	3
2	133000001	1.01847	1.0726	3
2	134000001	1.11106	1.0726	3
2	135000001	0.936447	0.89831	3
2	136000001	0.964936	0.89831	3
2	137000001	0.821917	0.89831	3
2	138000001	0.801166	0.89831	3
2	139000001	0.89831	0.89831	3
2	140000001	0.92437	0.89831	3
2	141000001	0.787145	0.89831	3
2	142000001	0.809104	0.89831	3
2	143000001	1.15917	0.89831	3
2	144000001	1.00948	0.89831	3
2	145000001	0.806791	0.89831	3
2	146000001	0.926425	0.89831	3
2	147000001	0.799685	0.89831	3
2	148000001	1.25245	1.25245	4
2	149000001	1.73661	1.67327	5
2	150000001	1.60992	1.67327	5
2	151000001	1.21029	1.17155	4
2	152000001	1.21821	1.17155	4
2	153000001	1.17867	1.17155	4
2	154000001	1.05527	1.17155	4
2	155000001	1.252	1.17155	4
2	156000001	1.17155	1.17155	4
2	157000001	1.14869	1.17155	4
2	158000001	1.30008	1.17155	4
2	159000001	1.33586	1.17155	4
2	160000001	1.27587	1.17155	4
2	161000001	1.1135	1.17155	4
2	162000001	1.29788	1.17155	4
2	163000001	1.07648	1.17155	4
2	164000001	0.958241	1.17155	4
2	165000001	0.959482	1.17155	4
2	166000001	1.10838	1.17155	4
2	167000001	1.12539	1.17155	4
2	168000001	1.29445	1.17155	4
2	169000001	1.41436	1.17155	4
2	170000001	1.36644	1.17155	4
2	171000001	1.1	1.17155	4
2	172000001	1.38783	1.17155	4
2	173000001	1.05346	1.17155	4
2	174000001	1.18591	1.17155	4
2	175000001	1.12801	1.17155	4
2	176000001	1.20299	1.17155	4
2	177000001	1.078	1.17155	4
2	178000001	1.42852	1.17155	4
2	179000001	1.3475	1.17155	4
2	180000001	1.32792	1.17155	4
2	181000001	1.15077	1.17155	4
2	182000001	1.12161	1.17155	4
2	183000001	1.0649	1.17155	4
2	184000001	1.11906	1.17155	4
2	185000001	1.04055	1.17155	4
2	186000001	1.17334	1.17155	4
2	187000001	1.14016	1.17155	4
2	188000001	0.583027	0.651432	2
2	189000001	0.747512	0.651432	2
2	190000001	0.718829	0.651432	2
2	191000001	0.643602	0.651432	2
2	192000001	0.711214	0.651432	2
2	193000001	0.639827	0.651432	2
2	194000001	1.23238	0.651432	2
2	195000001	0.602392	0.651432	2
2	196000001	0.603279	0.651432	2
2	197000001	0.651432	0.651432	2
2	198000001	0.648181	0.651432	2
2	199000001	0.600568	0.651432	2
2	200000001	0.768343	0.651432	2
2	201000001	0.799318	0.651432	2
2	202000001	0.713976	0.651432	2
2	203000001	0.799088	0.651432	2
2	204000001	0.575663	0.651432	2
2	205000001	0.657695	0.651432	2
2	206000001	0.713446	0.651432	2
2	207000001	0.579828	0.651432	2
2	208000001	0.564961	0.651432	2
2	209000001	0.633976	0.651432	2
2	210000001	0.631778	0.651432	2
2	211000001	0.644212	0.651432	2
2	212000001	0.544883	0.651432	2
2	213000001	0.616938	0.651432	2
2	214000001	0.599784	0.651432	2
2	215000001	0.788105	0.651432	2
2	216000001	0.722425	0.651432	2
2	217000001	0.850766	0.651432	2
2	218000001	0.807111	0.651432	2
2	219000001	0.822259	0.651432	2
2	220000001	0.52501	0.651432	2
2	221000001	0.603998	0.651432	2
2	222000001	0.473399	0.651432	2
2	223000001	0.688565	0.651432	2
2	224000001	0.652623	0.651432	2
2	225000001	1.11467	0.651432	2
2	226000001	0.499137	0.651432	2
2	227000001	0.654831	0.651432	2
2	228000001	0.714642	0.651432	2
2	229000001	0.89584	0.869995	3
2	230000001	0.8239	0.869995	3
2	231000001	0.881709	0.869995	3
2	232000001	0.750803	0.869995	3
2	233000001	0.803133	0.869995	3
2	234000001	0.866941	0.869995	3
2	235000001	0.925151	0.869995	3
2	236000001	0.852231	0.869995	3
2	237000001	0.87305	0.869995	3
2	238000001	1.15092	0.869995	3
2	239000001	0.852345	0.869995	3
2	240000001	0.862156	0.869995	3
2	241000001	0.986215	0.869995	3
2	242000001	1.09944	0.869995	3
20	1	2.17039	2.17039	7
20	1000001	0.854388	0.717946	2
20	2000001	0.696128	0.717946	2
20	3000001	0.711386	0.717946	2
20	4000001	0.779386	0.717946	2
20	5000001	0.71888	0.717946	2
20	6000001	0.711618	0.717946	2
20	7000001	0.557657	0.717946	2
20	8000001	0.732956	0.717946	2
20	9000001	0.755526	0.717946	2
20	10000001	0.717011	0.717946	2
20	11000001	0.685474	0.717946	2
20	12000001	0.715706	0.717946	2
20	13000001	0.694593	0.717946	2
20	14000001	0.579562	0.717946	2
20	15000001	0.599333	0.717946	2
20	16000001	0.628223	0.717946	2
20	17000001	0.736621	0.717946	2
20	18000001	0.707792	0.717946	2
20	19000001	0.813275	0.717946	2
20	20000001	0.723635	0.717946	2
20	21000001	0.671914	0.717946	2
20	22000001	0.706088	0.717946	2
20	23000001	0.801426	0.717946	2
20	24000001	0.75814	0.717946	2
20	25000001	0.798234	0.717946	2
20	26000001	0.95667	0.717946	2
20	27000001	0.841941	0.717946	2
20	28000001	0.856487	0.717946	2
20	29000001	0.976944	1.13496	3
20	30000001	0.956362	1.13496	3
20	31000001	1.34326	1.13496	3
20	32000001	1.08117	1.13496	3
20	33000001	1.175	1.13496	3
20	34000001	1.25405	1.13496	3
20	35000001	1.00176	1.13496	3
20	36000001	1.23578	1.13496	3
20	37000001	1.27073	1.13496	3
20	38000001	1.24554	1.13496	3
20	39000001	0.933411	1.13496	3
20	40000001	0.928745	1.13496	3
20	41000001	0.93877	1.13496	3
20	42000001	0.895634	1.13496	3
20	43000001	1.18893	1.13496	3
20	44000001	1.15046	1.13496	3
20	45000001	1.13882	1.13496	3
20	46000001	1.03119	1.13496	3
20	47000001	1.16825	1.13496	3
20	48000001	1.4782	1.13496	3
20	49000001	1.19792	1.13496	3
20	50000001	1.23335	1.13496	3
20	51000001	1.06091	1.13496	3
20	52000001	0.989993	1.13496	3
20	53000001	0.923223	1.13496	3
20	54000001	0.988589	1.13496	3
20	55000001	0.927645	1.13496	3
20	56000001	1.17684	1.13496	3
20	57000001	1.16904	1.13496	3
20	58000001	1.1311	1.13496	3
20	59000001	1.29457	1.28397	4
20	60000001	1.16457	1.28397	4
20	61000001	1.27337	1.28397	4
20	62000001	1.33431	1.28397	4
20	63000001	1.44544	1.28397	4
20	64000001	1.18285	1.28397	4
21	1	-1	-1	6
21	1000001	-1	-1	6
21	2000001	-1	-1	6
21	3000001	-1	-1	6
21	4000001	-1	-1	6
21	5000001	1.954	1.99651	6
21	6000001	1.48082	1.99651	6
21	7000001	2.03903	1.99651	6
21	8000001	2.17481	1.99651	6
21	9000001	1.52895	1.99651	6
21	10000001	2.04947	1.99651	6
21	11000001	0.66272	0.882439	3
21	12000001	0.601616	0.882439	3
21	13000001	0.921121	0.882439	3
21	14000001	0.905671	0.882439	3
21	15000001	0.887411	0.882439	3
21	16000001	0.948503	0.882439	3
21	17000001	1.05884	0.882439	3
21	18000001	0.742613	0.882439	3
21	19000001	0.993102	0.882439	3
21	20000001	0.724505	0.882439	3
21	21000001	0.723072	0.882439	3
21	22000001	0.877467	0.882439	3
21	23000001	0.740413	0.882439	3
21	24000001	0.962077	0.882439	3
21	25000001	1.14057	1.19961	4
21	26000001	1.46864	1.19961	4
21	27000001	1.25866	1.19961	4
21	28000001	1.29645	1.19961	4
21	29000001	0.99238	1.19961	4
21	30000001	1.0808	1.19961	4
21	31000001	1.40384	1.43646	4
21	32000001	1.4016	1.43646	4
21	33000001	1.45944	1.43646	4
21	34000001	1.4752	1.43646	4
21	35000001	1.43646	1.43646	4
21	36000001	1.49477	1.43646	4
21	37000001	1.34477	1.43646	4
21	38000001	1.55897	1.56502	5
21	39000001	1.46419	1.56502	5
21	40000001	1.3276	1.56502	5
21	41000001	1.56502	1.56502	5
21	42000001	1.81664	1.56502	5
21	43000001	1.79976	1.56502	5
21	44000001	1.59064	1.56502	5
21	45000001	1.71055	1.56502	5
21	46000001	1.42773	1.56502	5
22	1	-1	-1	3
22	1000001	-1	-1	3
22	2000001	-1	-1	3
22	3000001	-1	-1	3
22	4000001	-1	-1	3
22	5000001	-1	-1	3
22	6000001	-1	-1	3
22	7000001	-1	-1	3
22	8000001	-1	-1	3
22	9000001	-1	-1	3
22	10000001	0.93725	1.1457	3
22	11000001	1.62685	1.1457	3
22	12000001	1.74109	1.1457	3
22	13000001	0.624374	1.1457	3
22	14000001	0.679955	1.1457	3
22	15000001	1.35415	1.1457	3
22	16000001	2.76213	1.64097	5
22	17000001	1.64097	1.64097	5
22	18000001	1.54054	1.64097	5
22	19000001	3.94781	4.08855	12
22	20000001	4.29186	4.08855	12
22	21000001	4.08855	4.08855	12
22	22000001	6.5762	4.08855	12
22	23000001	3.35845	4.08855	12
22	24000001	0.739127	0.820512	2
22	25000001	0.757532	0.820512	2
22	26000001	0.804867	0.820512	2
22	27000001	0.910188	0.820512	2
22	28000001	0.61902	0.820512	2
22	29000001	0.7695	0.820512	2
22	30000001	0.909404	0.820512	2
22	31000001	0.758445	0.820512	2
22	32000001	0.711831	0.820512	2
22	33000001	0.702977	0.820512	2
22	34000001	0.675422	0.820512	2
22	35000001	1.08432	0.820512	2
22	36000001	0.909608	0.820512	2
22	37000001	0.983326	0.820512	2
22	38000001	0.820512	0.820512	2
22	39000001	0.81067	0.820512	2
22	40000001	0.697261	0.820512	2
22	41000001	0.839428	0.820512	2
22	42000001	0.888311	0.820512	2
22	43000001	0.911118	0.820512	2
22	44000001	0.930368	0.820512	2
22	45000001	0.802136	0.820512	2
22	46000001	0.961147	0.820512	2
22	47000001	0.917745	0.820512	2
22	48000001	0.839879	0.820512	2
22	49000001	0.709218	0.820512	2
22	50000001	0.985026	0.820512	2
3	1	1.10466	1.02974	3
3	1000001	0.983173	1.02974	3
3	2000001	0.908713	1.02974	3
3	3000001	1.05444	1.02974	3
3	4000001	0.904127	1.02974	3
3	5000001	1.04449	1.02974	3
3	6000001	1.38526	1.02974	3
3	7000001	0.8702	1.02974	3
3	8000001	0.975583	1.02974	3
3	9000001	0.998004	1.02974	3
3	10000001	1.26614	1.02974	3
3	11000001	1.01357	1.02974	3
3	12000001	1.09714	1.02974	3
3	13000001	1.30901	1.02974	3
3	14000001	1.214	1.02974	3
3	15000001	1.05924	1.02974	3
3	16000001	0.983237	1.02974	3
3	17000001	1.25484	1.02974	3
3	18000001	0.750883	1.02974	3
3	19000001	1.01828	1.02974	3
3	20000001	1.07723	1.02974	3
3	21000001	1.22395	1.02974	3
3	22000001	1.07045	1.02974	3
3	23000001	1.02596	1.02974	3
3	24000001	1.02707	1.02974	3
3	25000001	1.06638	1.02974	3
3	26000001	0.936162	1.02974	3
3	27000001	0.837567	1.02974	3
3	28000001	0.93268	1.02974	3
3	29000001	1.00704	1.02974	3
3	30000001	0.892986	1.02974	3
3	31000001	1.09147	1.02974	3
3	32000001	1.10074	1.02974	3
3	33000001	0.952643	1.02974	3
3	34000001	0.839512	1.02974	3
3	35000001	1.11862	1.02974	3
3	36000001	1.02401	1.02974	3
3	37000001	1.07737	1.02974	3
3	38000001	1.03241	1.02974	3
3	39000001	0.947214	1.02974	3
3	40000001	0.96895	1.02974	3
3	41000001	1.09526	1.02974	3
3	42000001	1.1654	1.02974	3
3	43000001	1.11918	1.02974	3
3	44000001	0.919543	1.02974	3
3	45000001	1.10884	1.02974	3
3	46000001	1.17861	1.02974	3
3	47000001	1.01042	1.02974	3
3	48000001	0.845848	0.846113	3
3	49000001	0.999239	0.846113	3
3	50000001	0.934302	0.846113	3
3	51000001	0.794111	0.846113	3
3	52000001	0.806353	0.846113	3
3	53000001	0.846379	0.846113	3
3	54000001	0.695569	0.657922	2
3	55000001	0.64381	0.657922	2
3	56000001	0.714819	0.657922	2
3	57000001	0.663544	0.657922	2
3	58000001	0.943389	0.657922	2
3	59000001	0.737935	0.657922	2
3	60000001	0.643895	0.657922	2
3	61000001	0.543748	0.657922	2
3	62000001	0.565995	0.657922	2
3	63000001	0.70715	0.657922	2
3	64000001	0.675601	0.657922	2
3	65000001	0.564065	0.657922	2
3	66000001	0.709936	0.657922	2
3	67000001	0.557903	0.657922	2
3	68000001	0.737982	0.657922	2
3	69000001	0.625327	0.657922	2
3	70000001	0.704467	0.657922	2
3	71000001	0.575264	0.657922	2
3	72000001	0.522984	0.657922	2
3	73000001	0.683792	0.657922	2
3	74000001	0.578259	0.657922	2
3	75000001	1.18803	0.657922	2
3	76000001	0.461811	0.657922	2
3	77000001	0.592909	0.657922	2
3	78000001	0.596828	0.657922	2
3	79000001	0.602063	0.657922	2
3	80000001	0.63619	0.657922	2
3	81000001	0.500301	0.657922	2
3	82000001	0.55881	0.657922	2
3	83000001	0.525172	0.657922	2
3	84000001	0.563489	0.657922	2
3	85000001	0.648352	0.657922	2
3	86000001	0.61819	0.657922	2
3	87000001	0.587118	0.657922	2
3	88000001	0.593726	0.657922	2
3	89000001	0.602354	0.657922	2
3	90000001	0.754084	0.657922	2
3	91000001	0.657231	0.657922	2
3	92000001	0.658612	0.657922	2
3	93000001	0.795859	0.657922	2
3	94000001	0.635858	0.657922	2
3	95000001	0.603998	0.657922	2
3	96000001	0.516682	0.657922	2
3	97000001	0.833916	0.657922	2
3	98000001	0.555999	0.657922	2
3	99000001	0.815309	0.657922	2
3	100000001	0.787485	0.657922	2
3	101000001	0.704923	0.657922	2
3	102000001	0.591054	0.657922	2
3	103000001	0.600828	0.657922	2
3	104000001	0.579771	0.657922	2
3	105000001	0.711596	0.657922	2
3	106000001	0.685935	0.657922	2
3	107000001	0.753194	0.657922	2
3	108000001	0.635468	0.657922	2
3	109000001	0.630896	0.657922	2
3	110000001	0.65171	0.657922	2
3	111000001	0.787003	0.657922	2
3	112000001	0.782745	0.657922	2
3	113000001	0.691308	0.657922	2
3	114000001	0.723011	0.657922	2
3	115000001	0.465602	0.657922	2
3	116000001	0.631656	0.657922	2
3	117000001	0.608018	0.657922	2
3	118000001	0.677641	0.657922	2
3	119000001	0.740892	0.657922	2
3	120000001	0.711377	0.657922	2
3	121000001	0.594847	0.657922	2
3	122000001	0.82054	0.657922	2
3	123000001	0.692039	0.657922	2
3	124000001	0.638153	0.657922	2
3	125000001	0.828075	0.657922	2
3	126000001	0.774713	0.657922	2
3	127000001	0.809385	0.657922	2
3	128000001	0.820116	0.657922	2
3	129000001	0.707407	0.657922	2
3	130000001	0.623491	0.657922	2
3	131000001	0.674293	0.657922	2
3	132000001	0.797479	0.657922	2
3	133000001	0.737243	0.657922	2
3	134000001	0.803004	0.657922	2
3	135000001	0.75873	0.657922	2
3	136000001	0.708393	0.657922	2
3	137000001	0.633467	0.657922	2
3	138000001	0.922483	0.961162	3
3	139000001	0.905522	0.961162	3
3	140000001	1.07609	0.961162	3
3	141000001	1.15612	0.961162	3
3	142000001	1.06345	0.961162	3
3	143000001	1.04869	0.961162	3
3	144000001	1.00759	0.961162	3
3	145000001	0.924314	0.961162	3
3	146000001	1.06584	0.961162	3
3	147000001	0.903423	0.961162	3
3	148000001	0.945568	0.961162	3
3	149000001	0.828059	0.961162	3
3	150000001	0.998023	0.961162	3
3	151000001	1.03488	0.961162	3
3	152000001	0.940955	0.961162	3
3	153000001	1.03945	0.961162	3
3	154000001	1.10609	0.961162	3
3	155000001	1.0461	0.961162	3
3	156000001	0.965973	0.961162	3
3	157000001	0.947926	0.961162	3
3	158000001	0.914923	0.961162	3
3	159000001	0.915208	0.961162	3
3	160000001	0.979689	0.961162	3
3	161000001	0.993875	0.961162	3
3	162000001	0.832092	0.961162	3
3	163000001	0.966435	0.961162	3
3	164000001	0.904046	0.961162	3
3	165000001	0.796738	0.961162	3
3	166000001	0.847309	0.961162	3
3	167000001	0.940578	0.961162	3
3	168000001	0.880237	0.961162	3
3	169000001	0.857654	0.961162	3
3	170000001	0.975304	0.961162	3
3	171000001	0.85925	0.961162	3
3	172000001	0.887208	0.961162	3
3	173000001	0.968221	0.961162	3
3	174000001	1.05209	0.961162	3
3	175000001	1.11159	0.961162	3
3	176000001	1.09289	0.961162	3
3	177000001	0.932923	0.961162	3
3	178000001	1.00754	0.961162	3
3	179000001	0.901112	0.961162	3
3	180000001	1.01246	0.961162	3
3	181000001	1.00296	0.961162	3
3	182000001	0.917902	0.961162	3
3	183000001	0.931249	0.961162	3
3	184000001	1.11822	0.961162	3
3	185000001	0.964867	0.961162	3
3	186000001	1.1589	0.961162	3
3	187000001	1.10865	0.961162	3
3	188000001	0.863299	0.961162	3
3	189000001	0.957457	0.961162	3
3	190000001	0.901388	0.961162	3
3	191000001	1.09745	0.961162	3
3	192000001	0.9429	0.961162	3
3	193000001	0.915112	0.961162	3
3	194000001	1.16371	1.19375	4
3	195000001	1.26007	1.19375	4
3	196000001	1.1714	1.19375	4
3	197000001	1.19375	1.19375	4
3	198000001	1.28403	1.19375	4
4	1	1.25275	1.27335	4
4	1000001	1.29396	1.27335	4
4	2000001	1.3555	1.27335	4
4	3000001	1.14292	1.27335	4
4	4000001	1.41757	1.27335	4
4	5000001	1.22986	1.27335	4
4	6000001	1.31553	1.27335	4
4	7000001	1.49947	1.27335	4
4	8000001	1.2482	1.27335	4
4	9000001	1.24978	1.27335	4
4	10000001	1.0953	0.985397	3
4	11000001	0.970264	0.985397	3
4	12000001	0.754241	0.985397	3
4	13000001	1.14697	0.985397	3
4	14000001	0.889266	0.985397	3
4	15000001	1.01825	0.985397	3
4	16000001	0.985397	0.985397	3
4	17000001	1.05274	0.985397	3
4	18000001	0.97348	0.985397	3
4	19000001	1.04798	0.985397	3
4	20000001	0.988248	0.985397	3
4	21000001	0.63285	0.985397	3
4	22000001	0.891866	0.985397	3
4	23000001	0.879228	0.985397	3
4	24000001	1.03893	0.985397	3
4	25000001	0.94552	0.985397	3
4	26000001	1.02492	0.985397	3
4	27000001	1.10123	0.985397	3
4	28000001	0.958898	0.985397	3
4	29000001	0.616044	0.63396	2
4	30000001	0.645675	0.63396	2
4	31000001	0.790246	0.63396	2
4	32000001	0.622244	0.63396	2
4	33000001	0.693157	0.63396	2
4	34000001	0.532316	0.63396	2
4	35000001	0.906343	0.955952	3
4	36000001	0.871939	0.955952	3
4	37000001	0.98188	0.955952	3
4	38000001	0.958732	0.955952	3
4	39000001	1.48627	0.955952	3
4	40000001	0.90658	0.955952	3
4	41000001	0.914394	0.955952	3
4	42000001	0.914286	0.955952	3
4	43000001	1.24149	0.955952	3
4	44000001	0.87671	0.955952	3
4	45000001	1.0878	0.955952	3
4	46000001	0.912661	0.955952	3
4	47000001	0.948692	0.955952	3
4	48000001	0.97014	0.955952	3
4	49000001	1.39119	0.955952	3
4	50000001	0.716217	0.955952	3
4	51000001	0.981439	0.955952	3
4	52000001	1.21736	0.955952	3
4	53000001	1.01886	0.955952	3
4	54000001	1.08067	0.955952	3
4	55000001	1.02033	0.955952	3
4	56000001	0.895883	0.955952	3
4	57000001	0.953173	0.955952	3
4	58000001	0.847578	0.955952	3
4	59000001	1.01625	0.955952	3
4	60000001	0.929029	0.955952	3
4	61000001	0.677319	0.582487	2
4	62000001	0.53259	0.582487	2
4	63000001	0.582487	0.582487	2
4	64000001	0.826446	0.95823	3
4	65000001	0.865727	0.95823	3
4	66000001	1.0365	0.95823	3
4	67000001	0.951455	0.95823	3
4	68000001	0.930914	0.95823	3
4	69000001	0.860592	0.95823	3
4	70000001	1.20262	0.95823	3
4	71000001	0.81602	0.95823	3
4	72000001	1.06547	0.95823	3
4	73000001	1.22056	0.95823	3
4	74000001	0.916505	0.95823	3
4	75000001	0.983334	0.95823	3
4	76000001	1.03797	0.95823	3
4	77000001	1.06741	0.95823	3
4	78000001	0.818494	0.95823	3
4	79000001	0.899517	0.95823	3
4	80000001	0.9475	0.95823	3
4	81000001	0.854591	0.95823	3
4	82000001	1.08728	0.95823	3
4	83000001	0.917141	0.95823	3
4	84000001	0.965117	0.95823	3
4	85000001	0.938049	0.95823	3
4	86000001	0.965005	0.95823	3
4	87000001	1.17118	0.95823	3
4	88000001	1.09258	0.95823	3
4	89000001	0.985404	0.95823	3
4	90000001	1.06425	0.95823	3
4	91000001	0.947609	0.95823	3
4	92000001	0.889078	0.95823	3
4	93000001	0.72459	0.95823	3
4	94000001	0.983044	0.95823	3
4	95000001	0.923341	0.95823	3
4	96000001	0.881396	0.95823	3
4	97000001	0.92551	0.95823	3
4	98000001	1.10338	0.95823	3
4	99000001	1.12432	0.95823	3
4	100000001	0.915492	0.95823	3
4	101000001	0.799765	0.95823	3
4	102000001	0.81777	0.95823	3
4	103000001	1.01359	0.95823	3
4	104000001	1.56952	0.95823	3
4	105000001	0.75301	0.95823	3
4	106000001	1.11497	0.95823	3
4	107000001	0.984353	0.95823	3
4	108000001	0.883473	0.95823	3
4	109000001	0.998791	0.95823	3
4	110000001	1.11754	0.95823	3
4	111000001	0.799371	0.95823	3
4	112000001	1.0894	0.95823	3
4	113000001	1.01124	0.95823	3
4	114000001	0.787356	0.93507	3
4	115000001	0.951201	0.93507	3
4	116000001	0.848637	0.93507	3
4	117000001	0.874029	0.93507	3
4	118000001	0.992639	0.93507	3
4	119000001	0.927816	0.93507	3
4	120000001	1.02385	0.93507	3
4	121000001	0.88054	0.93507	3
4	122000001	0.994229	0.93507	3
4	123000001	1.03273	0.93507	3
4	124000001	0.89708	0.93507	3
4	125000001	0.789035	0.93507	3
4	126000001	0.93507	0.93507	3
4	127000001	0.883598	0.93507	3
4	128000001	0.982663	0.93507	3
4	129000001	1.02554	0.93507	3
4	130000001	0.845073	0.93507	3
4	131000001	0.958334	0.93507	3
4	132000001	0.806981	0.93507	3
4	133000001	0.955784	0.93507	3
4	134000001	0.880746	0.93507	3
4	135000001	0.93164	0.93507	3
4	136000001	0.823439	0.93507	3
4	137000001	0.925874	0.93507	3
4	138000001	0.956878	0.93507	3
4	139000001	1.03237	0.93507	3
4	140000001	0.987198	0.93507	3
4	141000001	1.02051	0.93507	3
4	142000001	1.00847	0.93507	3
4	143000001	0.884966	0.93507	3
4	144000001	0.921278	0.93507	3
4	145000001	0.976721	0.93507	3
4	146000001	0.917185	0.93507	3
4	147000001	1.02428	0.93507	3
4	148000001	0.919053	0.93507	3
4	149000001	0.927753	0.93507	3
4	150000001	0.741667	0.93507	3
4	151000001	0.982663	0.93507	3
4	152000001	0.996346	0.93507	3
4	153000001	1.22526	0.93507	3
4	154000001	0.947784	0.93507	3
4	155000001	0.957629	0.93507	3
4	156000001	0.823555	0.93507	3
4	157000001	0.864185	0.93507	3
4	158000001	1.02967	0.93507	3
4	159000001	0.598067	0.484454	1
4	160000001	0.47198	0.484454	1
4	161000001	0.267915	0.484454	1
4	162000001	0.496928	0.484454	1
4	163000001	0.929083	0.922578	3
4	164000001	0.929108	0.922578	3
4	165000001	0.882915	0.922578	3
4	166000001	0.972008	0.922578	3
4	167000001	0.836523	0.922578	3
4	168000001	0.838011	0.922578	3
4	169000001	1.04199	0.922578	3
4	170000001	0.94229	0.922578	3
4	171000001	0.703858	0.922578	3
4	172000001	1.0438	0.922578	3
4	173000001	0.963138	0.922578	3
4	174000001	0.899918	0.922578	3
4	175000001	0.870768	0.922578	3
4	176000001	0.945224	0.922578	3
4	177000001	0.892323	0.922578	3
4	178000001	0.863413	0.922578	3
4	179000001	0.841889	0.922578	3
4	180000001	0.779932	0.922578	3
4	181000001	1.01037	0.922578	3
4	182000001	0.922578	0.922578	3
4	183000001	0.963923	0.922578	3
4	184000001	1.02865	1.0138	3
4	185000001	0.938528	1.0138	3
4	186000001	1.0138	1.0138	3
4	187000001	0.917436	1.0138	3
4	188000001	1.05458	1.0138	3
4	189000001	0.982821	1.0138	3
4	190000001	2.7187	1.0138	3
5	1	1.64927	1.52866	5
5	1000001	1.55148	1.52866	5
5	2000001	1.4852	1.52866	5
5	3000001	1.50584	1.52866	5
5	4000001	1.33117	1.33117	4
5	5000001	1.34875	1.33117	4
5	6000001	1.3026	1.33117	4
5	7000001	1.25251	1.33117	4
5	8000001	1.2847	1.33117	4
5	9000001	1.42637	1.33117	4
5	10000001	1.27439	1.33117	4
5	11000001	1.34762	1.33117	4
5	12000001	1.22154	1.33117	4
5	13000001	1.36965	1.33117	4
5	14000001	1.38727	1.33117	4
5	15000001	1.38989	1.33117	4
5	16000001	1.16116	1.33117	4
5	17000001	1.4429	1.33117	4
5	18000001	1.14852	1.33117	4
5	19000001	0.652434	0.871901	3
5	20000001	0.756915	0.871901	3
5	21000001	1.05625	0.871901	3
5	22000001	0.932817	0.871901	3
5	23000001	0.759063	0.871901	3
5	24000001	0.810432	0.871901	3
5	25000001	0.871901	0.871901	3
5	26000001	0.999753	0.871901	3
5	27000001	1.16944	0.871901	3
5	28000001	0.853765	0.871901	3
5	29000001	0.950244	0.871901	3
5	30000001	1.15278	1.30374	4
5	31000001	1.25117	1.30374	4
5	32000001	1.4088	1.30374	4
5	33000001	1.37716	1.30374	4
5	34000001	1.21688	1.30374	4
5	35000001	1.23807	1.30374	4
5	36000001	1.34679	1.30374	4
5	37000001	1.05657	1.30374	4
5	38000001	1.18383	1.30374	4
5	39000001	1.30833	1.30374	4
5	40000001	1.41666	1.30374	4
5	41000001	1.2343	1.30374	4
5	42000001	1.46	1.30374	4
5	43000001	1.57835	1.30374	4
5	44000001	1.30374	1.30374	4
5	45000001	1.1883	0.994577	3
5	46000001	0.800857	0.994577	3
5	47000001	1.55166	1.69097	5
5	48000001	1.98575	1.69097	5
5	49000001	1.69097	1.69097	5
5	50000001	1.24828	0.967195	3
5	51000001	0.976076	0.967195	3
5	52000001	0.830676	0.967195	3
5	53000001	1.15812	0.967195	3
5	54000001	1.02891	0.967195	3
5	55000001	0.879435	0.967195	3
5	56000001	0.958313	0.967195	3
5	57000001	0.867813	0.967195	3
5	58000001	1.04067	0.967195	3
5	59000001	0.802994	0.967195	3
5	60000001	1.53437	1.53437	5
5	61000001	0.962228	0.914942	3
5	62000001	0.90859	0.914942	3
5	63000001	0.940408	0.914942	3
5	64000001	0.868736	0.914942	3
5	65000001	0.747271	0.914942	3
5	66000001	1.03405	0.914942	3
5	67000001	0.875909	0.914942	3
5	68000001	0.983726	0.914942	3
5	69000001	0.911215	0.914942	3
5	70000001	0.732516	0.914942	3
5	71000001	0.82162	0.914942	3
5	72000001	0.930811	0.914942	3
5	73000001	0.939179	0.914942	3
5	74000001	0.969931	0.914942	3
5	75000001	1.02003	0.914942	3
5	76000001	0.914705	0.914942	3
5	77000001	0.91818	0.914942	3
5	78000001	0.924261	0.914942	3
5	79000001	0.951354	0.914942	3
5	80000001	0.914942	0.914942	3
5	81000001	1.01365	0.914942	3
5	82000001	0.827639	0.914942	3
5	83000001	0.843741	0.914942	3
5	84000001	0.797212	0.914942	3
5	85000001	0.873662	0.914942	3
5	86000001	1.50676	1.50676	5
5	87000001	0.964704	0.936897	3
5	88000001	0.940464	0.936897	3
5	89000001	0.844354	0.936897	3
5	90000001	0.900523	0.936897	3
5	91000001	0.746542	0.936897	3
5	92000001	1.01044	0.936897	3
5	93000001	0.91989	0.936897	3
5	94000001	0.957471	0.936897	3
5	95000001	1.00969	0.936897	3
5	96000001	0.97632	0.936897	3
5	97000001	1.09963	0.936897	3
5	98000001	1.01256	0.936897	3
5	99000001	0.836731	0.936897	3
5	100000001	0.862395	0.936897	3
5	101000001	0.968282	0.936897	3
5	102000001	0.95134	0.936897	3
5	103000001	0.899027	0.936897	3
5	104000001	0.890726	0.936897	3
5	105000001	0.716204	0.936897	3
5	106000001	0.812022	0.936897	3
5	107000001	0.853723	0.936897	3
5	108000001	0.865225	0.936897	3
5	109000001	0.987837	0.936897	3
5	110000001	0.947687	0.936897	3
5	111000001	0.880555	0.936897	3
5	112000001	1.0675	0.936897	3
5	113000001	0.936897	0.936897	3
5	114000001	1.05822	0.936897	3
5	115000001	0.934785	0.936897	3
5	116000001	0.992995	0.936897	3
5	117000001	0.939184	0.936897	3
5	118000001	0.927723	0.936897	3
5	119000001	0.845504	0.936897	3
5	120000001	1.00445	0.936897	3
5	121000001	1.03498	0.936897	3
5	122000001	0.870176	0.936897	3
5	123000001	0.904434	0.936897	3
5	124000001	0.798148	0.936897	3
5	125000001	0.9887	0.936897	3
5	126000001	1.24578	1.03218	3
5	127000001	0.991707	1.03218	3
5	128000001	0.895128	1.03218	3
5	129000001	1.02301	1.03218	3
5	130000001	0.926045	1.03218	3
5	131000001	0.923388	1.03218	3
5	132000001	1.01005	1.03218	3
5	133000001	1.29302	1.03218	3
5	134000001	1.02107	1.03218	3
5	135000001	1.14082	1.03218	3
5	136000001	1.03147	1.03218	3
5	137000001	1.06017	1.03218	3
5	138000001	1.04167	1.03218	3
5	139000001	1.18357	1.03218	3
5	140000001	1.03025	1.03218	3
5	141000001	1.07911	1.03218	3
5	142000001	1.15299	1.03218	3
5	143000001	1.01814	1.03218	3
5	144000001	1.06331	1.03218	3
5	145000001	0.965319	1.03218	3
5	146000001	0.965054	1.03218	3
5	147000001	1.06972	1.03218	3
5	148000001	1.03218	1.03218	3
5	149000001	1.03491	1.03218	3
5	150000001	1.36735	1.03218	3
5	151000001	1.08345	1.03218	3
5	152000001	0.94776	1.03218	3
5	153000001	0.983509	1.03218	3
5	154000001	1.14116	1.03218	3
5	155000001	0.961239	0.873987	3
5	156000001	0.781644	0.873987	3
5	157000001	1.1771	0.873987	3
5	158000001	0.877311	0.873987	3
5	159000001	0.908911	0.873987	3
5	160000001	1.08226	0.873987	3
5	161000001	0.873727	0.873987	3
5	162000001	0.933649	0.873987	3
5	163000001	0.827296	0.873987	3
5	164000001	0.873987	0.873987	3
5	165000001	0.840721	0.873987	3
5	166000001	0.869406	0.873987	3
5	167000001	0.841549	0.873987	3
5	168000001	1.19476	1.15764	3
5	169000001	1.06122	1.15764	3
5	170000001	1.15385	1.15764	3
5	171000001	1.14167	1.15764	3
5	172000001	1.19828	1.15764	3
5	173000001	1.15063	1.15764	3
5	174000001	1.28496	1.15764	3
5	175000001	1.16684	1.15764	3
5	176000001	1.15764	1.15764	3
5	177000001	1.25173	1.29821	4
5	178000001	1.28473	1.29821	4
5	179000001	1.36161	1.29821	4
5	180000001	1.29821	1.29821	4
5	181000001	1.44385	1.29821	4
6	1	1.40883	1.4128	4
6	1000001	1.67846	1.4128	4
6	2000001	1.54865	1.4128	4
6	3000001	1.33608	1.4128	4
6	4000001	1.33575	1.4128	4
6	5000001	1.41676	1.4128	4
6	6000001	1.34579	1.4128	4
6	7000001	1.56854	1.4128	4
6	8000001	1.04693	1.21918	4
6	9000001	1.43402	1.21918	4
6	10000001	1.21049	1.21918	4
6	11000001	1.2469	1.21918	4
6	12000001	1.21837	1.21918	4
6	13000001	1.15446	1.21918	4
6	14000001	1.35382	1.21918	4
6	15000001	1.25542	1.21918	4
6	16000001	1.39153	1.21918	4
6	17000001	1.21005	1.21918	4
6	18000001	1.21037	1.21918	4
6	19000001	1.3215	1.21918	4
6	20000001	1.31488	1.21918	4
6	21000001	1.32737	1.21918	4
6	22000001	1.21918	1.21918	4
6	23000001	1.16354	1.21918	4
6	24000001	1.24236	1.21918	4
6	25000001	1.17081	1.21918	4
6	26000001	1.28703	1.21918	4
6	27000001	1.16422	1.21918	4
6	28000001	1.16612	1.21918	4
6	29000001	1.51049	1.64338	5
6	30000001	1.78129	1.64338	5
6	31000001	1.75694	1.64338	5
6	32000001	1.47616	1.64338	5
6	33000001	1.787	1.64338	5
6	34000001	1.5302	1.64338	5
6	35000001	1.65057	1.64338	5
6	36000001	1.5296	1.64338	5
6	37000001	1.64338	1.64338	5
6	38000001	1.24325	1.50838	5
6	39000001	1.63831	1.50838	5
6	40000001	1.54436	1.50838	5
6	41000001	1.50838	1.50838	5
6	42000001	1.45749	1.50838	5
6	43000001	1.49307	1.50838	5
6	44000001	1.6465	1.50838	5
6	45000001	1.15529	1.11306	3
6	46000001	1.10054	1.11306	3
6	47000001	1.22195	1.11306	3
6	48000001	1.07497	1.11306	3
6	49000001	1.06594	1.11306	3
6	50000001	1.12984	1.11306	3
6	51000001	1.14209	1.11306	3
6	52000001	1.12558	1.11306	3
6	53000001	0.983811	1.11306	3
6	54000001	1.03927	1.11306	3
6	55000001	1.27884	1.11306	3
6	56000001	1.07944	1.11306	3
6	57000001	0.920846	0.926966	3
6	58000001	0.888726	0.926966	3
6	59000001	0.959624	0.926966	3
6	60000001	1.05585	0.926966	3
6	61000001	1.01895	0.926966	3
6	62000001	0.975743	0.926966	3
6	63000001	1.02196	0.926966	3
6	64000001	0.853061	0.926966	3
6	65000001	1.08006	0.926966	3
6	66000001	0.840273	0.926966	3
6	67000001	0.87547	0.926966	3
6	68000001	0.889578	0.926966	3
6	69000001	0.803107	0.926966	3
6	70000001	0.884721	0.926966	3
6	71000001	0.852184	0.926966	3
6	72000001	0.741205	0.926966	3
6	73000001	0.975069	0.926966	3
6	74000001	1.17344	0.926966	3
6	75000001	0.990307	0.926966	3
6	76000001	1.01435	0.926966	3
6	77000001	0.919078	0.926966	3
6	78000001	0.970619	0.926966	3
6	79000001	1.02326	0.926966	3
6	80000001	0.915798	0.926966	3
6	81000001	0.989484	0.926966	3
6	82000001	1.06004	0.926966	3
6	83000001	0.798076	0.926966	3
6	84000001	0.853387	0.926966	3
6	85000001	1.12443	0.926966	3
6	86000001	1.07846	0.926966	3
6	87000001	0.996943	0.926966	3
6	88000001	1.01242	0.926966	3
6	89000001	0.935459	0.926966	3
6	90000001	0.994686	0.926966	3
6	91000001	0.882697	0.926966	3
6	92000001	0.975943	0.926966	3
6	93000001	0.866807	0.926966	3
6	94000001	0.869885	0.926966	3
6	95000001	0.804942	0.926966	3
6	96000001	1.01904	0.926966	3
6	97000001	0.927015	0.926966	3
6	98000001	0.719079	0.926966	3
6	99000001	1.11888	0.926966	3
6	100000001	0.850616	0.926966	3
6	101000001	0.814372	0.926966	3
6	102000001	1.08704	0.926966	3
6	103000001	0.922701	0.926966	3
6	104000001	0.904352	0.926966	3
6	105000001	0.842602	0.926966	3
6	106000001	0.773587	0.926966	3
6	107000001	0.920429	0.926966	3
6	108000001	0.941219	0.926966	3
6	109000001	1.12853	0.926966	3
6	110000001	0.913586	0.926966	3
6	111000001	1.01914	0.926966	3
6	112000001	0.968258	0.926966	3
6	113000001	0.755182	0.926966	3
6	114000001	1.06549	0.926966	3
6	115000001	1.02714	0.926966	3
6	116000001	0.802265	0.926966	3
6	117000001	1.01084	0.926966	3
6	118000001	1.04016	0.926966	3
6	119000001	0.826828	0.926966	3
6	120000001	0.878648	0.926966	3
6	121000001	0.965543	0.926966	3
6	122000001	0.883087	0.926966	3
6	123000001	1.01328	0.926966	3
6	124000001	0.906054	0.926966	3
6	125000001	0.864097	0.926966	3
6	126000001	0.926918	0.926966	3
6	127000001	0.760427	0.926966	3
6	128000001	0.856458	0.926966	3
6	129000001	0.789095	0.926966	3
6	130000001	0.94547	0.926966	3
6	131000001	1.14686	0.926966	3
6	132000001	1.01106	0.926966	3
6	133000001	0.817048	0.926966	3
6	134000001	1.0446	0.926966	3
6	135000001	1.11818	1.25536	4
6	136000001	1.1579	1.25536	4
6	137000001	1.277	1.25536	4
6	138000001	1.38509	1.25536	4
6	139000001	1.17875	1.25536	4
6	140000001	1.07443	1.25536	4
6	141000001	1.21098	1.25536	4
6	142000001	1.21017	1.25536	4
6	143000001	1.52132	1.25536	4
6	144000001	1.38358	1.25536	4
6	145000001	1.21626	1.25536	4
6	146000001	1.31078	1.25536	4
6	147000001	1.22731	1.25536	4
6	148000001	1.15819	1.25536	4
6	149000001	1.46424	1.25536	4
6	150000001	1.42587	1.25536	4
6	151000001	1.32154	1.25536	4
6	152000001	1.24573	1.25536	4
6	153000001	1.1343	1.25536	4
6	154000001	1.13034	1.25536	4
6	155000001	1.1736	1.25536	4
6	156000001	1.40798	1.25536	4
6	157000001	1.34244	1.25536	4
6	158000001	1.25536	1.25536	4
6	159000001	1.35306	1.25536	4
6	160000001	1.49896	1.25536	4
6	161000001	1.46696	1.25536	4
6	162000001	1.15511	1.25536	4
6	163000001	1.26073	1.25536	4
6	164000001	1.13301	1.25536	4
6	165000001	1.2816	1.25536	4
6	166000001	1.57381	1.57381	5
6	167000001	1.35756	1.57381	5
6	168000001	1.68944	1.57381	5
6	169000001	1.46467	1.57381	5
6	170000001	1.71988	1.57381	5
7	1	1.49222	1.00245	3
7	1000001	1.32399	1.00245	3
7	2000001	1.38372	1.00245	3
7	3000001	0.835402	1.00245	3
7	4000001	1.13693	1.00245	3
7	5000001	1.15847	1.00245	3
7	6000001	1.30203	1.00245	3
7	7000001	1.09432	1.00245	3
7	8000001	0.89379	1.00245	3
7	9000001	1.01213	1.00245	3
7	10000001	0.808531	1.00245	3
7	11000001	0.911194	1.00245	3
7	12000001	0.825001	1.00245	3
7	13000001	0.913573	1.00245	3
7	14000001	0.781756	1.00245	3
7	15000001	0.992085	1.00245	3
7	16000001	0.967395	1.00245	3
7	17000001	0.887501	1.00245	3
7	18000001	0.959215	1.00245	3
7	19000001	1.06094	1.00245	3
7	20000001	0.703845	1.00245	3
7	21000001	0.839979	1.00245	3
7	22000001	1.04781	1.00245	3
7	23000001	0.997581	1.00245	3
7	24000001	1.02884	1.00245	3
7	25000001	0.958909	1.00245	3
7	26000001	1.05838	1.00245	3
7	27000001	1.05179	1.00245	3
7	28000001	0.878693	1.00245	3
7	29000001	0.929012	1.00245	3
7	30000001	1.22707	1.00245	3
7	31000001	1.04526	1.00245	3
7	32000001	0.884428	1.00245	3
7	33000001	0.99472	1.00245	3
7	34000001	1.11748	1.00245	3
7	35000001	0.969766	1.00245	3
7	36000001	1.1307	1.00245	3
7	37000001	0.868522	1.00245	3
7	38000001	0.86097	1.00245	3
7	39000001	1.00731	1.00245	3
7	40000001	1.05022	1.00245	3
7	41000001	1.04264	1.00245	3
7	42000001	0.984026	1.00245	3
7	43000001	1.01524	1.00245	3
7	44000001	1.16273	1.00245	3
7	45000001	1.07283	1.00245	3
7	46000001	0.927667	1.00245	3
7	47000001	1.14619	1.00245	3
7	48000001	0.898518	1.00245	3
7	49000001	0.72586	1.00245	3
7	50000001	0.89065	1.00245	3
7	51000001	1.10724	1.00245	3
7	52000001	0.878477	1.00245	3
7	53000001	0.818025	1.00245	3
7	54000001	1.03542	1.00245	3
7	55000001	1.19729	1.00245	3
7	56000001	1.02865	1.00245	3
7	57000001	1.09809	1.00245	3
7	58000001	1.70677	1.70677	5
7	59000001	1.70717	1.70677	5
7	60000001	1.58732	1.70677	5
7	61000001	1.17158	1.21504	4
7	62000001	1.33952	1.21504	4
7	63000001	1.23744	1.21504	4
7	64000001	1.36126	1.21504	4
7	65000001	1.03287	1.21504	4
7	66000001	1.17552	1.21504	4
7	67000001	1.15376	1.21504	4
7	68000001	1.0403	1.21504	4
7	69000001	1.18395	1.21504	4
7	70000001	1.29994	1.21504	4
7	71000001	1.41438	1.21504	4
7	72000001	1.2587	1.21504	4
7	73000001	1.37304	1.21504	4
7	74000001	1.63071	1.21504	4
7	75000001	1.32666	1.21504	4
7	76000001	1.42714	1.21504	4
7	77000001	1.09979	1.21504	4
7	78000001	1.14267	1.21504	4
7	79000001	1.14379	1.21504	4
7	80000001	1.22356	1.21504	4
7	81000001	1.07469	1.21504	4
7	82000001	1.01751	1.21504	4
7	83000001	1.08518	1.21504	4
7	84000001	0.876896	1.21504	4
7	85000001	1.14692	1.21504	4
7	86000001	1.15219	1.21504	4
7	87000001	1.44472	1.21504	4
7	88000001	1.16401	1.21504	4
7	89000001	1.43062	1.21504	4
7	90000001	1.22538	1.21504	4
7	91000001	1.28085	1.21504	4
7	92000001	1.20005	1.21504	4
7	93000001	1.17244	1.21504	4
7	94000001	1.24457	1.21504	4
7	95000001	1.26264	1.21504	4
7	96000001	1.21504	1.21504	4
7	97000001	1.26293	1.21504	4
7	98000001	1.37908	1.43422	4
7	99000001	1.46508	1.43422	4
7	100000001	1.78105	1.43422	4
7	101000001	1.57165	1.43422	4
7	102000001	1.35861	1.43422	4
7	103000001	1.28556	1.43422	4
7	104000001	1.21217	1.43422	4
7	105000001	1.7519	1.43422	4
7	106000001	1.74806	1.43422	4
7	107000001	1.423	1.43422	4
7	108000001	1.68792	1.43422	4
7	109000001	1.3331	1.43422	4
7	110000001	1.67099	1.43422	4
7	111000001	1.66423	1.43422	4
7	112000001	1.60765	1.43422	4
7	113000001	1.34766	1.43422	4
7	114000001	1.16356	1.43422	4
7	115000001	1.31379	1.43422	4
7	116000001	1.56723	1.43422	4
7	117000001	1.44543	1.43422	4
7	118000001	1.47212	1.43422	4
7	119000001	1.57266	1.43422	4
7	120000001	1.37127	1.43422	4
7	121000001	1.45433	1.43422	4
7	122000001	1.41202	1.43422	4
7	123000001	1.3795	1.43422	4
7	124000001	1.32498	1.43422	4
7	125000001	1.16423	1.43422	4
7	126000001	1.51093	1.43422	4
7	127000001	1.42226	1.43422	4
7	128000001	1.64413	1.58056	5
7	129000001	1.58419	1.58056	5
7	130000001	1.81105	1.58056	5
7	131000001	1.74157	1.58056	5
7	132000001	1.63467	1.58056	5
7	133000001	1.53648	1.58056	5
7	134000001	1.3835	1.58056	5
7	135000001	1.57692	1.58056	5
7	136000001	1.51308	1.58056	5
7	137000001	1.59374	1.58056	5
7	138000001	1.62936	1.58056	5
7	139000001	1.82547	1.58056	5
7	140000001	1.5762	1.58056	5
7	141000001	1.52297	1.58056	5
7	142000001	1.77454	1.58056	5
7	143000001	1.63344	1.58056	5
7	144000001	1.36293	1.58056	5
7	145000001	1.54438	1.58056	5
7	146000001	1.32156	1.58056	5
7	147000001	1.4774	1.58056	5
7	148000001	1.68425	1.70982	5
7	149000001	1.79195	1.70982	5
7	150000001	1.79956	1.70982	5
7	151000001	2.13284	1.70982	5
7	152000001	1.63491	1.70982	5
7	153000001	1.68707	1.70982	5
7	154000001	1.70982	1.70982	5
7	155000001	1.63742	1.70982	5
7	156000001	1.72103	1.70982	5
7	157000001	2.31416	2.11716	6
7	158000001	2.11716	2.11716	6
7	159000001	2.081	2.11716	6
8	1	1.11081	1.08839	3
8	1000001	1.22104	1.08839	3
8	2000001	1.06598	1.08839	3
8	3000001	1.06011	1.08839	3
8	4000001	0.860416	0.906749	3
8	5000001	0.906749	0.906749	3
8	6000001	0.925795	0.906749	3
8	7000001	1.26451	1.18036	4
8	8000001	1.15349	1.18036	4
8	9000001	1.09979	1.18036	4
8	10000001	1.30864	1.18036	4
8	11000001	0.940418	1.18036	4
8	12000001	1.20722	1.18036	4
8	13000001	0.748914	0.811847	2
8	14000001	0.811847	0.811847	2
8	15000001	0.883479	0.811847	2
8	16000001	1.10509	1.10509	3
8	17000001	0.993166	1.10509	3
8	18000001	1.1602	1.10509	3
8	19000001	1.15349	1.10509	3
8	20000001	1.05477	1.10509	3
8	21000001	1.33893	1.10509	3
8	22000001	1.19212	1.10509	3
8	23000001	1.22184	1.10509	3
8	24000001	0.823157	1.10509	3
8	25000001	1.23516	1.10509	3
8	26000001	1.06881	1.10509	3
8	27000001	1.09905	1.10509	3
8	28000001	1.04313	1.10509	3
8	29000001	0.942997	1.10509	3
8	30000001	1.1782	1.10509	3
8	31000001	0.827237	0.914267	3
8	32000001	0.87128	0.914267	3
8	33000001	0.957255	0.914267	3
8	34000001	0.986744	0.914267	3
8	35000001	0.664784	0.914267	3
8	36000001	0.957376	0.914267	3
8	37000001	1.07965	1.09691	3
8	38000001	1.10172	1.09691	3
8	39000001	0.889214	1.09691	3
8	40000001	0.99632	1.09691	3
8	41000001	1.09722	1.09691	3
8	42000001	1.09691	1.09691	3
8	43000001	1.21496	1.09691	3
8	44000001	0.766796	0.731867	2
8	45000001	0.696937	0.731867	2
8	46000001	1.18405	0.943607	3
8	47000001	1.0162	0.943607	3
8	48000001	1.07282	0.943607	3
8	49000001	0.79147	0.943607	3
8	50000001	0.901627	0.943607	3
8	51000001	0.892037	0.943607	3
8	52000001	0.954192	0.943607	3
8	53000001	1.04919	0.943607	3
8	54000001	0.915538	0.943607	3
8	55000001	0.932732	0.943607	3
8	56000001	1.02585	0.943607	3
8	57000001	1.06816	0.943607	3
8	58000001	0.979623	0.943607	3
8	59000001	0.955111	0.943607	3
8	60000001	0.923852	0.943607	3
8	61000001	1.02674	0.943607	3
8	62000001	0.91638	0.943607	3
8	63000001	0.726454	0.943607	3
8	64000001	0.956418	0.943607	3
8	65000001	1.01904	0.943607	3
8	66000001	1.04604	0.943607	3
8	67000001	0.859601	0.943607	3
8	68000001	0.971604	0.943607	3
8	69000001	1.15616	0.943607	3
8	70000001	1.09503	0.943607	3
8	71000001	0.814659	0.943607	3
8	72000001	0.931896	0.943607	3
8	73000001	0.887262	0.943607	3
8	74000001	0.963774	0.943607	3
8	75000001	0.878198	0.943607	3
8	76000001	0.924464	0.943607	3
8	77000001	0.930337	0.943607	3
8	78000001	0.853758	0.943607	3
8	79000001	0.914549	0.943607	3
8	80000001	0.88964	0.943607	3
8	81000001	0.957235	0.943607	3
8	82000001	0.951479	0.943607	3
8	83000001	0.978394	0.943607	3
8	84000001	0.708328	0.943607	3
8	85000001	0.979437	0.943607	3
8	86000001	0.935735	0.943607	3
8	87000001	0.894348	0.943607	3
8	88000001	0.845075	0.943607	3
8	89000001	0.917629	0.943607	3
8	90000001	0.979514	0.943607	3
8	91000001	0.980762	0.943607	3
8	92000001	1.00297	1.02579	3
8	93000001	1.038	1.02579	3
8	94000001	0.947676	1.02579	3
8	95000001	1.04121	1.02579	3
8	96000001	0.99632	1.02579	3
8	97000001	1.13904	1.02579	3
8	98000001	1.05846	1.02579	3
8	99000001	0.971617	1.02579	3
8	100000001	1.09676	1.02579	3
8	101000001	1.00107	1.02579	3
8	102000001	1.06205	1.02579	3
8	103000001	1.01358	1.02579	3
8	104000001	0.896299	0.86283	3
8	105000001	0.855743	0.86283	3
8	106000001	0.887757	0.86283	3
8	107000001	0.943119	0.86283	3
8	108000001	0.977382	0.86283	3
8	109000001	0.863394	0.86283	3
8	110000001	0.732875	0.86283	3
8	111000001	0.862266	0.86283	3
8	112000001	0.754488	0.86283	3
8	113000001	0.744022	0.86283	3
8	114000001	0.786823	0.86283	3
8	115000001	0.86399	0.86283	3
8	116000001	1.01148	0.996521	3
8	117000001	1.03698	0.996521	3
8	118000001	0.911092	0.996521	3
8	119000001	0.992931	0.996521	3
8	120000001	0.85599	0.996521	3
8	121000001	1.00011	0.996521	3
8	122000001	1.10051	0.996521	3
8	123000001	1.00654	0.996521	3
8	124000001	0.930609	0.996521	3
8	125000001	0.871186	0.996521	3
8	126000001	0.952031	0.996521	3
8	127000001	1.20591	0.996521	3
8	128000001	1.04577	0.996521	3
8	129000001	0.773268	0.996521	3
8	130000001	1.12199	0.996521	3
8	131000001	0.932315	0.996521	3
8	132000001	1.01209	0.996521	3
8	133000001	1.19814	0.996521	3
8	134000001	0.949717	0.996521	3
8	135000001	1.05024	0.996521	3
8	136000001	0.926433	0.996521	3
8	137000001	0.867693	0.996521	3
8	138000001	1.63137	1.14584	3
8	139000001	1.15038	1.14584	3
8	140000001	1.11252	1.14584	3
8	141000001	1.3302	1.14584	3
8	142000001	1.1413	1.14584	3
8	143000001	1.09173	1.14584	3
8	144000001	1.20887	1.14584	3
8	145000001	0.998759	1.14584	3
9	1	0.775488	0.687875	2
9	1000001	0.808738	0.687875	2
9	2000001	0.676663	0.687875	2
9	3000001	0.70225	0.687875	2
9	4000001	0.900209	0.687875	2
9	5000001	0.651042	0.687875	2
9	6000001	0.834745	0.687875	2
9	7000001	0.694925	0.687875	2
9	8000001	0.643981	0.687875	2
9	9000001	0.628864	0.687875	2
9	10000001	0.664669	0.687875	2
9	11000001	0.65101	0.687875	2
9	12000001	0.516757	0.687875	2
9	13000001	0.680825	0.687875	2
9	14000001	0.592294	0.687875	2
9	15000001	0.792843	0.687875	2
9	16000001	0.740234	0.687875	2
9	17000001	0.864459	0.687875	2
9	18000001	0.638924	0.687875	2
9	19000001	0.73281	0.687875	2
9	20000001	0.522694	0.172286	1
9	21000001	0.0886558	0.172286	1
9	22000001	0.122595	0.172286	1
9	23000001	0.0875859	0.172286	1
9	24000001	0.0885391	0.172286	1
9	25000001	0.0407428	0.172286	1
9	26000001	0.207655	0.172286	1
9	27000001	0.331068	0.172286	1
9	28000001	0.194961	0.172286	1
9	29000001	0.342875	0.172286	1
9	30000001	0.0652686	0.172286	1
9	31000001	0.149611	0.172286	1
9	32000001	0.641374	0.172286	1
9	33000001	0.690157	0.172286	1
9	34000001	0.854206	0.854206	3
9	35000001	0.908282	0.854206	3
9	36000001	0.808961	0.854206	3
9	37000001	1.22843	0.854206	3
9	38000001	1.21675	0.854206	3
9	39000001	0.637241	0.854206	3
9	40000001	0.885961	0.854206	3
9	41000001	0.79874	0.854206	3
9	42000001	0.703302	0.854206	3
9	43000001	1.34828	-1	3
9	44000001	1.47984	-1	3
9	45000001	1.77499	-1	3
9	46000001	-1	-1	3
9	47000001	-1	-1	3
9	48000001	-1	-1	3
9	49000001	-1	-1	3
9	50000001	-1	-1	3
9	51000001	-1	-1	3
9	52000001	-1	-1	3
9	53000001	-1	-1	3
9	54000001	-1	-1	3
9	55000001	-1	-1	3
9	56000001	-1	-1	3
9	57000001	-1	-1	3
9	58000001	-1	-1	3
9	59000001	-1	-1	3
9	60000001	1.15084	-1	3
9	61000001	0.772176	0.719129	2
9	62000001	0.813612	0.719129	2
9	63000001	1.08484	0.719129	2
9	64000001	0.817363	0.719129	2
9	65000001	1.12935	0.719129	2
9	66000001	0.550269	0.719129	2
9	67000001	0.521481	0.719129	2
9	68000001	0.564205	0.719129	2
9	69000001	0.648366	0.719129	2
9	70000001	0.770863	0.719129	2
9	71000001	0.555355	0.719129	2
9	72000001	0.520931	0.719129	2
9	73000001	0.572128	0.719129	2
9	74000001	0.691295	0.719129	2
9	75000001	0.611449	0.719129	2
9	76000001	0.753148	0.719129	2
9	77000001	0.805136	0.719129	2
9	78000001	0.719129	0.719129	2
9	79000001	0.71652	0.719129	2
9	80000001	0.779834	0.719129	2
9	81000001	0.695901	0.719129	2
9	82000001	0.659541	0.719129	2
9	83000001	0.760649	0.719129	2
9	84000001	0.738204	0.719129	2
9	85000001	0.706313	0.719129	2
9	86000001	0.662811	0.719129	2
9	87000001	0.698131	0.719129	2
9	88000001	0.768871	0.719129	2
9	89000001	0.879363	0.719129	2
9	90000001	0.783528	0.719129	2
9	91000001	0.895465	0.719129	2
9	92000001	1.26794	1.07558	3
9	93000001	1.15986	1.07558	3
9	94000001	1.07178	1.07558	3
9	95000001	1.10175	1.07558	3
9	96000001	1.08525	1.07558	3
9	97000001	1.03511	1.07558	3
9	98000001	1.0308	1.07558	3
9	99000001	0.978074	1.07558	3
9	100000001	1.03611	1.07558	3
9	101000001	1.0488	1.07558	3
9	102000001	0.993895	1.07558	3
9	103000001	0.77532	1.07558	3
9	104000001	1.11713	1.07558	3
9	105000001	0.978506	1.07558	3
9	106000001	0.859253	1.07558	3
9	107000001	1.07938	1.07558	3
9	108000001	1.25048	1.07558	3
9	109000001	0.924771	1.07558	3
9	110000001	0.895245	1.07558	3
9	111000001	0.898754	1.07558	3
9	112000001	0.916725	1.07558	3
9	113000001	1.09948	1.07558	3
9	114000001	1.3668	1.07558	3
9	115000001	1.09949	1.07558	3
9	116000001	1.05813	1.07558	3
9	117000001	0.926945	1.07558	3
9	118000001	0.980908	1.07558	3
9	119000001	0.919499	1.07558	3
9	120000001	1.15361	1.07558	3
9	121000001	1.42324	1.07558	3
9	122000001	0.935022	1.07558	3
9	123000001	1.22559	1.07558	3
9	124000001	1.26051	1.07558	3
9	125000001	1.12312	1.07558	3
9	126000001	1.1966	1.07558	3
9	127000001	1.2646	1.07558	3
9	128000001	1.57678	1.07558	3
9	129000001	1.46272	1.07558	3
9	130000001	3.49599	3.22093	10
9	131000001	2.94587	3.22093	10
9	132000001	1.41481	1.49774	4
9	133000001	1.49774	1.49774	4
9	134000001	1.69509	1.49774	4
9	135000001	1.33538	1.49774	4
9	136000001	1.52209	1.49774	4
9	137000001	1.37665	1.49774	4
9	138000001	1.50068	1.49774	4
X	1	0.544841	0.511907	2
X	1000001	0.451227	0.511907	2
X	2000001	0.463868	0.511907	2
X	3000001	0.578402	0.511907	2
X	4000001	0.391558	0.511907	2
X	5000001	0.478974	0.511907	2
X	6000001	0.554247	0.511907	2
X	7000001	0.554118	0.511907	2
X	8000001	0.700087	0.65923	2
X	9000001	0.65923	0.65923	2
X	10000001	0.564594	0.65923	2
X	11000001	1.11243	1.11243	3
X	12000001	0.584351	0.591218	2
X	13000001	0.668151	0.591218	2
X	14000001	0.597985	0.591218	2
X	15000001	0.534272	0.591218	2
X	16000001	0.554683	0.591218	2
X	17000001	0.690582	0.591218	2
X	18000001	0.675301	0.591218	2
X	19000001	0.603974	0.591218	2
X	20000001	0.498846	0.591218	2
X	21000001	0.755835	0.591218	2
X	22000001	0.544872	0.591218	2
X	23000001	0.634334	0.591218	2
X	24000001	0.562731	0.591218	2
X	25000001	0.476589	0.591218	2
X	26000001	0.524765	0.591218	2
X	27000001	0.434767	0.591218	2
X	28000001	0.491583	0.591218	2
X	29000001	0.531694	0.591218	2
X	30000001	0.556819	0.591218	2
X	31000001	0.587534	0.591218	2
X	32000001	0.516397	0.591218	2
X	33000001	0.755623	0.591218	2
X	34000001	0.679122	0.591218	2
X	35000001	0.602929	0.591218	2
X	36000001	0.60614	0.591218	2
X	37000001	0.566644	0.591218	2
X	38000001	0.530279	0.591218	2
X	39000001	0.592853	0.591218	2
X	40000001	0.731518	0.591218	2
X	41000001	0.670317	0.591218	2
X	42000001	0.657444	0.591218	2
X	43000001	0.523001	0.591218	2
X	44000001	0.690019	0.591218	2
X	45000001	0.606352	0.591218	2
X	46000001	0.591218	0.591218	2
X	47000001	0.787131	0.704238	2
X	48000001	0.765658	0.704238	2
X	49000001	0.692164	0.704238	2
X	50000001	0.512523	0.704238	2
X	51000001	0.594897	0.704238	2
X	52000001	0.793038	0.704238	2
X	53000001	0.699573	0.704238	2
X	54000001	0.724173	0.704238	2
X	55000001	0.690282	0.704238	2
X	56000001	0.708904	0.704238	2
X	57000001	0.69516	0.704238	2
X	58000001	0.771918	0.704238	2
X	59000001	0.659352	0.704238	2
X	60000001	0.602463	0.704238	2
X	61000001	0.732319	0.704238	2
X	62000001	0.648843	0.704238	2
X	63000001	0.644414	0.704238	2
X	64000001	0.730023	0.704238	2
X	65000001	0.796011	0.704238	2
X	66000001	0.624177	0.704238	2
X	67000001	0.664584	0.704238	2
X	68000001	0.817701	0.704238	2
X	69000001	0.740154	0.704238	2
X	70000001	0.822234	0.704238	2
X	71000001	0.765205	0.704238	2
X	72000001	0.786916	0.704238	2
X	73000001	0.780313	0.704238	2
X	74000001	0.624196	0.704238	2
X	75000001	0.573963	0.704238	2
X	76000001	0.66192	0.704238	2
X	77000001	1.02523	0.942527	3
X	78000001	0.859828	0.942527	3
X	79000001	0.498544	0.642893	2
X	80000001	0.641352	0.642893	2
X	81000001	0.553634	0.642893	2
X	82000001	0.468494	0.642893	2
X	83000001	0.667884	0.642893	2
X	84000001	0.644434	0.642893	2
X	85000001	0.716517	0.642893	2
X	86000001	0.711434	0.642893	2
X	87000001	0.687972	0.642893	2
X	88000001	0.615247	0.642893	2
X	89000001	0.497202	0.424413	1
X	90000001	0.41595	0.424413	1
X	91000001	0.421106	0.424413	1
X	92000001	0.424413	0.424413	1
X	93000001	0.553189	0.424413	1
X	94000001	0.728218	0.627963	2
X	95000001	0.632738	0.627963	2
X	96000001	0.641236	0.627963	2
X	97000001	0.597541	0.627963	2
X	98000001	0.541732	0.627963	2
X	99000001	0.65855	0.627963	2
X	100000001	0.59656	0.627963	2
X	101000001	0.613076	0.627963	2
X	102000001	0.791812	0.627963	2
X	103000001	0.726013	0.627963	2
X	104000001	0.640133	0.627963	2
X	105000001	0.534682	0.627963	2
X	106000001	0.604252	0.627963	2
X	107000001	0.620047	0.627963	2
X	108000001	0.476777	0.627963	2
X	109000001	0.679172	0.627963	2
X	110000001	0.714748	0.627963	2
X	111000001	0.707148	0.627963	2
X	112000001	0.689627	0.627963	2
X	113000001	0.62217	0.627963	2
X	114000001	0.813417	0.627963	2
X	115000001	0.619492	0.627963	2
X	116000001	0.693308	0.627963	2
X	117000001	0.738764	0.627963	2
X	118000001	0.600525	0.627963	2
X	119000001	0.703548	0.627963	2
X	120000001	0.692276	0.627963	2
X	121000001	0.510191	0.627963	2
X	122000001	0.695673	0.627963	2
X	123000001	0.616997	0.627963	2
X	124000001	0.523509	0.627963	2
X	125000001	0.40341	0.627963	2
X	126000001	0.674921	0.627963	2
X	127000001	0.587528	0.627963	2
X	128000001	0.626937	0.627963	2
X	129000001	0.67488	0.627963	2
X	130000001	0.490186	0.627963	2
X	131000001	0.560282	0.627963	2
X	132000001	0.65344	0.627963	2
X	133000001	0.654571	0.627963	2
X	134000001	0.62855	0.627963	2
X	135000001	0.650922	0.627963	2
X	136000001	0.6051	0.627963	2
X	137000001	0.587622	0.627963	2
X	138000001	0.607502	0.627963	2
X	139000001	0.526523	0.627963	2
X	140000001	0.610823	0.627963	2
X	141000001	0.605446	0.627963	2
X	142000001	0.494543	0.627963	2
X	143000001	0.578684	0.627963	2
X	144000001	0.574085	0.627963	2
X	145000001	0.625559	0.627963	2
X	146000001	0.6901	0.627963	2
X	147000001	0.679671	0.627963	2
X	148000001	0.694675	0.627963	2
X	149000001	0.66674	0.627963	2
X	150000001	0.627963	0.627963	2
X	151000001	0.652728	0.627963	2
X	152000001	0.688622	0.627963	2
X	153000001	0.800156	0.627963	2
X	154000001	0.906667	0.627963	2
X	155000001	0.498732	0.627963	2
X	156000001	0.59775	0.627963	2
Y	1	-1	-1	0
Y	1000001	-1	-1	0
Y	2000001	0.0230573	0.058866	0
Y	3000001	0.0858061	0.058866	0
Y	4000001	0.0771468	0.058866	0
Y	5000001	0.068504	0.058866	0
Y	6000001	0.0470447	0.058866	0
Y	7000001	0.0915549	0.058866	0
Y	8000001	0.0357326	0.058866	0
Y	9000001	0.0492281	0.058866	0
Y	10000001	1.24476	1.09779	3
Y	11000001	0.950826	1.09779	3
Y	12000001	0.0640515	0.0672962	0
Y	13000001	0.0798786	0.0672962	0
Y	14000001	0.0576911	0.0672962	0
Y	15000001	0.0719611	0.0672962	0
Y	16000001	0.0210225	0.0672962	0
Y	17000001	0.0867427	0.0672962	0
Y	18000001	0.0705409	0.0672962	0
Y	19000001	0.0283734	0.0672962	0
Y	20000001	0.102739	0.145101	0
Y	21000001	0.201725	0.145101	0
Y	22000001	0.198014	0.145101	0
Y	23000001	0.0836647	0.145101	0
Y	24000001	0.0250921	0.145101	0
Y	25000001	0.0174099	0.145101	0
Y	26000001	0.260066	0.145101	0
Y	27000001	-1	0.145101	0
Y	28000001	-1	0.145101	0
Y	29000001	-1	0.145101	0
Y	30000001	-1	0.145101	0
Y	31000001	-1	0.145101	0
Y	32000001	-1	0.145101	0
Y	33000001	-1	0.145101	0
Y	34000001	-1	0.145101	0
Y	35000001	-1	0.145101	0
Y	36000001	-1	0.145101	0
Y	37000001	-1	0.145101	0
Y	38000001	-1	0.145101	0
Y	39000001	-1	0.145101	0
Y	40000001	-1	0.145101	0
Y	41000001	-1	0.145101	0
Y	42000001	-1	0.145101	0
Y	43000001	-1	0.145101	0
Y	44000001	-1	0.145101	0
Y	45000001	-1	0.145101	0
Y	46000001	-1	0.145101	0
Y	47000001	-1	0.145101	0
Y	48000001	-1	0.145101	0
Y	49000001	-1	0.145101	0
Y	50000001	-1	0.145101	0
Y	51000001	-1	0.145101	0
Y	52000001	-1	0.145101	0
Y	53000001	-1	0.145101	0
Y	54000001	-1	0.145101	0
Y	55000001	-1	0.145101	0
Y	56000001	0.187464	0.145101	0
Y	57000001	-1	-1	0
