Chromosome	Start	Ratio	MedianRatio	CopyNumber
1	1	1.22971	1.40054	4
1	1000001	1.37575	1.40054	4
1	2000001	1.90605	1.40054	4
1	3000001	1.29124	1.40054	4
1	4000001	1.31446	1.40054	4
1	5000001	1.27677	1.40054	4
1	6000001	1.44109	1.40054	4
1	7000001	1.96091	1.40054	4
1	8000001	2.10168	1.40054	4
1	9000001	1.55004	1.40054	4
1	10000001	1.48812	1.40054	4
1	11000001	1.31701	1.40054	4
1	12000001	1.43652	1.40054	4
1	13000001	1.66192	1.40054	4
1	14000001	1.52594	1.40054	4
1	15000001	1.20296	1.40054	4
1	16000001	1.35358	1.40054	4
1	17000001	1.29624	1.40054	4
1	18000001	1.25921	1.40054	4
1	19000001	1.40652	1.40054	4
1	20000001	1.43557	1.40054	4
1	21000001	1.31309	1.40054	4
1	22000001	1.48188	1.40054	4
1	23000001	1.49621	1.40054	4
1	24000001	1.75513	1.40054	4
1	25000001	1.40054	1.40054	4
1	26000001	1.40683	1.40054	4
1	27000001	1.29863	1.40054	4
1	28000001	1.34319	1.40054	4
1	29000001	1.33371	1.40054	4
1	30000001	1.5526	1.40054	4
1	31000001	1.34224	1.40054	4
1	32000001	1.3795	1.40054	4
1	33000001	1.4312	1.40054	4
1	34000001	1.38578	1.40054	4
1	35000001	1.42878	1.40054	4
1	36000001	1.57141	1.40054	4
1	37000001	1.34476	1.40054	4
1	38000001	1.28391	1.40054	4
1	39000001	1.34093	1.40054	4
1	40000001	1.33745	1.40054	4
1	41000001	1.40703	1.40054	4
1	42000001	1.32836	1.40054	4
1	43000001	1.26404	1.40054	4
1	44000001	1.48128	1.40054	4
1	45000001	1.52462	1.40054	4
1	46000001	1.65174	1.40054	4
1	47000001	1.44116	1.40054	4
1	48000001	1.24177	1.40054	4
1	49000001	0.730729	1.40054	4
1	50000001	1.42493	1.40054	4
1	51000001	1.66778	1.40054	4
1	52000001	1.29222	1.40054	4
1	53000001	1.65264	1.40054	4
1	54000001	1.19713	1.40054	4
1	55000001	1.04568	0.942436	3
1	56000001	0.711201	0.942436	3
1	57000001	0.509096	0.942436	3
1	58000001	0.937079	0.942436	3
1	59000001	1.1174	0.942436	3
1	60000001	0.908919	0.942436	3
1	61000001	1.23029	0.942436	3
1	62000001	0.883397	0.942436	3
1	63000001	0.949022	0.942436	3
1	64000001	0.947792	0.942436	3
1	65000001	0.830616	0.942436	3
1	66000001	1.15	0.942436	3
1	67000001	1.23972	0.942436	3
1	68000001	0.886501	0.942436	3
1	69000001	0.669525	0.74469	2
1	70000001	0.793746	0.74469	2
1	71000001	0.74469	0.74469	2
1	72000001	0.634886	0.74469	2
1	73000001	0.530423	0.74469	2
1	74000001	0.609576	0.74469	2
1	75000001	0.916635	0.74469	2
1	76000001	0.656313	0.74469	2
1	77000001	0.711223	0.74469	2
1	78000001	0.869165	0.74469	2
1	79000001	0.528614	0.74469	2
1	80000001	0.59281	0.74469	2
1	81000001	0.564742	0.74469	2
1	82000001	0.581696	0.74469	2
1	83000001	0.596119	0.74469	2
1	84000001	1.02574	0.74469	2
1	85000001	0.992115	0.74469	2
1	86000001	1.05742	0.74469	2
1	87000001	0.826933	0.74469	2
1	88000001	0.811265	0.74469	2
1	89000001	0.922739	0.74469	2
1	90000001	0.994222	0.74469	2
1	91000001	1.05116	0.74469	2
1	92000001	1.03238	0.74469	2
1	93000001	1.25454	0.74469	2
1	94000001	0.966887	0.74469	2
1	95000001	0.903422	0.74469	2
1	96000001	0.66457	0.74469	2
1	97000001	0.47789	0.74469	2
1	98000001	0.6187	0.74469	2
1	99000001	1.48947	0.74469	2
1	100000001	0.960154	0.74469	2
1	101000001	1.04077	0.74469	2
1	102000001	0.691967	0.74469	2
1	103000001	0.501372	0.74469	2
1	104000001	0.662048	0.74469	2
1	105000001	0.546172	0.74469	2
1	106000001	0.658436	0.74469	2
1	107000001	1.03897	0.74469	2
1	108000001	1.14922	1.42036	4
1	109000001	1.29863	1.42036	4
1	110000001	1.45909	1.42036	4
1	111000001	1.63108	1.42036	4
1	112000001	1.42036	1.42036	4
1	113000001	1.49417	1.42036	4
1	114000001	1.47791	1.42036	4
1	115000001	1.09673	1.42036	4
1	116000001	1.50118	1.42036	4
1	117000001	1.24592	1.42036	4
1	118000001	1.31992	1.42036	4
1	119000001	1.44664	1.42036	4
1	120000001	1.35835	1.42036	4
1	121000001	2.69137	2.69137	8
1	122000001	1.42146	1.2976	4
1	123000001	1.2976	1.2976	4
1	124000001	1.07457	1.2976	4
1	125000001	3.41336	-1	3
1	126000001	-1	-1	3
1	127000001	-1	-1	3
1	128000001	-1	-1	3
1	129000001	-1	-1	3
1	130000001	-1	-1	3
1	131000001	-1	-1	3
1	132000001	-1	-1	3
1	133000001	-1	-1	3
1	134000001	-1	-1	3
1	135000001	-1	-1	3
1	136000001	-1	-1	3
1	137000001	-1	-1	3
1	138000001	-1	-1	3
1	139000001	-1	-1	3
1	140000001	-1	-1	3
1	141000001	-1	-1	3
1	142000001	-1	-1	3
1	143000001	3.46904	-1	3
1	144000001	0.920709	0.995536	3
1	145000001	0.910446	0.995536	3
1	146000001	1.11642	0.995536	3
1	147000001	0.965448	0.995536	3
1	148000001	0.904024	0.995536	3
1	149000001	0.991701	0.995536	3
1	150000001	0.916794	0.995536	3
1	151000001	1.18603	0.995536	3
1	152000001	1.03505	0.995536	3
1	153000001	1.01742	0.995536	3
1	154000001	1.17471	0.995536	3
1	155000001	0.999372	0.995536	3
1	156000001	0.883207	0.995536	3
1	157000001	1.00451	0.995536	3
1	158000001	0.868746	0.995536	3
1	159000001	1.03977	0.995536	3
1	160000001	1.06947	0.995536	3
1	161000001	0.909158	0.995536	3
1	162000001	1.11482	1.23566	4
1	163000001	1.25681	1.23566	4
1	164000001	0.953532	1.23566	4
1	165000001	1.42848	1.23566	4
1	166000001	1.36563	1.23566	4
1	167000001	1.24679	1.23566	4
1	168000001	1.65074	1.23566	4
1	169000001	1.3343	1.23566	4
1	170000001	0.805579	1.23566	4
1	171000001	1.05764	1.23566	4
1	172000001	1.31021	1.23566	4
1	173000001	1.40668	1.23566	4
1	174000001	1.33655	1.23566	4
1	175000001	1.08088	1.23566	4
1	176000001	1.0117	1.23566	4
1	177000001	0.974883	1.23566	4
1	178000001	1.1134	1.23566	4
1	179000001	1.36632	1.23566	4
1	180000001	1.29098	1.23566	4
1	181000001	1.22745	1.23566	4
1	182000001	1.43442	1.23566	4
1	183000001	1.56371	1.23566	4
1	184000001	1.2815	1.23566	4
1	185000001	1.05481	1.23566	4
1	186000001	1.05613	1.23566	4
1	187000001	0.838551	1.23566	4
1	188000001	0.859128	1.23566	4
1	189000001	0.840728	1.23566	4
1	190000001	1.33027	1.23566	4
1	191000001	0.890206	1.23566	4
1	192000001	1.14971	1.23566	4
1	193000001	1.33078	1.23566	4
1	194000001	0.952244	1.23566	4
1	195000001	0.774682	1.23566	4
1	196000001	1.11329	1.23566	4
1	197000001	1.02204	1.23566	4
1	198000001	1.15131	1.23566	4
1	199000001	1.00461	1.23566	4
1	200000001	1.62895	1.23566	4
1	201000001	1.29429	1.23566	4
1	202000001	1.46419	1.23566	4
1	203000001	1.35918	1.23566	4
1	204000001	1.25512	1.23566	4
1	205000001	1.31629	1.23566	4
1	206000001	1.37724	1.23566	4
1	207000001	1.18718	1.23566	4
1	208000001	1.52086	1.23566	4
1	209000001	1.4338	1.23566	4
1	210000001	1.20541	1.23566	4
1	211000001	1.40826	1.23566	4
1	212000001	1.2657	1.23566	4
1	213000001	1.34656	1.23566	4
1	214000001	1.08994	1.23566	4
1	215000001	0.994853	1.23566	4
1	216000001	0.947713	1.23566	4
1	217000001	0.731313	1.23566	4
1	218000001	1.02511	1.23566	4
1	219000001	1.21529	1.23566	4
1	220000001	1.31791	1.23566	4
1	221000001	1.19014	1.23566	4
1	222000001	0.875928	1.23566	4
1	223000001	1.23566	1.23566	4
1	224000001	1.23959	1.23566	4
1	225000001	1.39369	1.23566	4
1	226000001	1.15664	1.23566	4
1	227000001	1.47325	1.23566	4
1	228000001	1.80606	1.23566	4
1	229000001	1.41825	1.23566	4
1	230000001	1.37207	1.23566	4
1	231000001	1.6247	1.23566	4
1	232000001	0.992712	1.23566	4
1	233000001	0.889262	1.23566	4
1	234000001	1.13329	1.23566	4
1	235000001	1.37006	1.23566	4
1	236000001	1.39166	1.23566	4
1	237000001	0.627825	1.23566	4
1	238000001	0.887426	1.23566	4
1	239000001	0.749766	1.23566	4
1	240000001	1.01228	1.23566	4
1	241000001	1.45492	1.23566	4
1	242000001	1.03363	1.23566	4
1	243000001	1.1883	1.23566	4
1	244000001	1.36497	1.23566	4
1	245000001	1.33242	1.23566	4
1	246000001	1.25439	1.23566	4
1	247000001	1.34138	1.23566	4
1	248000001	0.962822	1.23566	4
10	1	1.33927	1.16383	3
10	1000001	1.07789	1.16383	3
10	2000001	0.990584	1.16383	3
10	3000001	1.16383	1.16383	3
10	4000001	1.58414	1.16383	3
10	5000001	1.03132	1.16383	3
10	6000001	1.42354	1.16383	3
10	7000001	0.858492	1.16383	3
10	8000001	1.29372	1.16383	3
10	9000001	1.24911	1.16383	3
10	10000001	0.991135	1.16383	3
10	11000001	1.34163	1.37822	4
10	12000001	1.48506	1.37822	4
10	13000001	1.4071	1.37822	4
10	14000001	1.189	1.37822	4
10	15000001	1.9149	1.37822	4
10	16000001	1.47905	1.37822	4
10	17000001	1.78362	1.37822	4
10	18000001	1.12015	1.37822	4
10	19000001	1.07829	1.37822	4
10	20000001	1.11681	1.37822	4
10	21000001	1.23355	1.37822	4
10	22000001	1.60197	1.37822	4
10	23000001	1.37822	1.37822	4
10	24000001	1.30965	1.37822	4
10	25000001	1.15168	1.37822	4
10	26000001	1.4689	1.37822	4
10	27000001	1.41286	1.37822	4
10	28000001	1.61524	1.37822	4
10	29000001	1.64887	1.37822	4
10	30000001	1.58212	1.37822	4
10	31000001	1.02341	1.37822	4
10	32000001	1.45228	1.37822	4
10	33000001	1.18333	1.37822	4
10	34000001	1.18438	1.37822	4
10	35000001	1.33368	1.37822	4
10	36000001	1.5853	1.37822	4
10	37000001	1.3155	1.37822	4
10	38000001	1.26044	1.37822	4
10	39000001	1.50135	1.37822	4
10	40000001	3.22927	3.22927	10
10	41000001	2.54693	2.54693	8
10	42000001	1.40758	1.31022	4
10	43000001	1.6731	1.31022	4
10	44000001	1.18906	1.31022	4
10	45000001	1.20333	1.31022	4
10	46000001	1.30686	1.31022	4
10	47000001	1.12167	1.31022	4
10	48000001	1.61518	1.31022	4
10	49000001	1.37985	1.31022	4
10	50000001	1.47612	1.31022	4
10	51000001	1.244	1.31022	4
10	52000001	1.14633	1.31022	4
10	53000001	0.868131	1.31022	4
10	54000001	1.30469	1.31022	4
10	55000001	0.909032	1.31022	4
10	56000001	1.22157	1.31022	4
10	57000001	1.17006	1.31022	4
10	58000001	0.920932	1.31022	4
10	59000001	1.141	1.31022	4
10	60000001	1.58031	1.31022	4
10	61000001	1.41616	1.31022	4
10	62000001	1.1067	1.31022	4
10	63000001	1.31359	1.31022	4
10	64000001	1.53538	1.31022	4
10	65000001	1.7745	1.31022	4
10	66000001	0.992605	1.31022	4
10	67000001	1.28833	1.31022	4
10	68000001	1.34916	1.31022	4
10	69000001	1.44152	1.31022	4
10	70000001	1.44201	1.31022	4
10	71000001	1.37147	1.31022	4
10	72000001	1.25099	1.31022	4
10	73000001	1.42061	1.31022	4
10	74000001	1.6298	1.31022	4
10	75000001	1.38326	1.31022	4
10	76000001	1.08358	1.31022	4
10	77000001	1.57162	1.31022	4
10	78000001	1.5468	1.31022	4
10	79000001	1.51619	1.31022	4
10	80000001	1.35197	1.31022	4
10	81000001	1.07842	1.31022	4
10	82000001	1.00449	1.31022	4
10	83000001	0.976063	1.31022	4
10	84000001	1.17883	1.31022	4
10	85000001	1.32298	1.31022	4
10	86000001	0.89893	0.809939	2
10	87000001	0.932539	0.809939	2
10	88000001	0.745036	0.809939	2
10	89000001	0.683172	0.809939	2
10	90000001	1.07795	0.809939	2
10	91000001	1.09153	0.809939	2
10	92000001	0.918608	0.809939	2
10	93000001	1.24149	0.809939	2
10	94000001	1.02691	0.809939	2
10	95000001	0.979544	0.809939	2
10	96000001	0.648724	0.809939	2
10	97000001	0.787208	0.809939	2
10	98000001	0.735147	0.809939	2
10	99000001	0.882609	0.809939	2
10	100000001	0.92051	0.809939	2
10	101000001	0.959443	0.809939	2
10	102000001	0.7134	0.809939	2
10	103000001	0.7986	0.809939	2
10	104000001	0.562364	0.809939	2
10	105000001	0.74199	0.809939	2
10	106000001	0.92022	0.809939	2
10	107000001	1.06522	0.809939	2
10	108000001	0.925976	0.809939	2
10	109000001	0.676846	0.809939	2
10	110000001	0.867877	0.809939	2
10	111000001	0.85645	0.809939	2
10	112000001	0.610941	0.809939	2
10	113000001	0.919458	0.809939	2
10	114000001	0.789526	0.809939	2
10	115000001	1.16233	0.809939	2
10	116000001	0.814789	0.809939	2
10	117000001	0.885696	0.809939	2
10	118000001	1.12284	0.809939	2
10	119000001	0.805089	0.809939	2
10	120000001	0.65396	0.809939	2
10	121000001	0.563866	0.809939	2
10	122000001	0.693075	0.809939	2
10	123000001	0.851995	0.809939	2
10	124000001	0.783001	0.809939	2
10	125000001	0.611979	0.809939	2
10	126000001	2.16702	0.809939	2
10	127000001	0.525842	0.809939	2
10	128000001	0.620026	0.809939	2
10	129000001	0.644742	0.809939	2
10	130000001	0.780369	0.809939	2
10	131000001	0.610653	0.809939	2
10	132000001	0.774572	0.809939	2
10	133000001	1.40009	0.809939	2
11	1	0.958285	0.960265	3
11	1000001	1.065	0.960265	3
11	2000001	0.962246	0.960265	3
11	3000001	0.926634	0.960265	3
11	4000001	1.25767	1.17657	4
11	5000001	1.22205	1.17657	4
11	6000001	1.2073	1.17657	4
11	7000001	1.22035	1.17657	4
11	8000001	1.07567	1.17657	4
11	9000001	1.20566	1.17657	4
11	10000001	1.08805	1.17657	4
11	11000001	1.62379	1.17657	4
11	12000001	1.25993	1.17657	4
11	13000001	1.18526	1.17657	4
11	14000001	1.06785	1.17657	4
11	15000001	0.975894	1.17657	4
11	16000001	1.07867	1.17657	4
11	17000001	1.13714	1.17657	4
11	18000001	1.04804	1.17657	4
11	19000001	1.17657	1.17657	4
11	20000001	1.05592	1.17657	4
11	21000001	0.527948	0.576296	2
11	22000001	0.865333	0.576296	2
11	23000001	0.582737	0.576296	2
11	24000001	0.450206	0.576296	2
11	25000001	0.780393	0.576296	2
11	26000001	0.569855	0.576296	2
11	27000001	1.01092	0.576296	2
11	28000001	0.569532	0.576296	2
11	29000001	0.560688	0.576296	2
11	30000001	0.606296	0.576296	2
11	31000001	0.956196	1.00652	3
11	32000001	0.923777	1.00652	3
11	33000001	1.12062	1.00652	3
11	34000001	1.05684	1.00652	3
11	35000001	1.13383	1.00652	3
11	36000001	0.900178	1.00652	3
11	37000001	0.663334	0.634381	2
11	38000001	0.635283	0.634381	2
11	39000001	0.696172	0.634381	2
11	40000001	0.621229	0.634381	2
11	41000001	0.633479	0.634381	2
11	42000001	0.566762	0.634381	2
11	43000001	1.01958	1.01958	3
11	44000001	0.942243	1.01958	3
11	45000001	1.1971	1.01958	3
11	46000001	0.991225	1.01958	3
11	47000001	1.04491	1.01958	3
11	48000001	0.799174	0.658822	2
11	49000001	0.811606	0.658822	2
11	50000001	0.709724	0.658822	2
11	51000001	0.60792	0.658822	2
11	52000001	0.498175	0.658822	2
11	53000001	0.766801	0.658822	2
11	54000001	0.584844	0.658822	2
11	55000001	0.577265	0.658822	2
11	56000001	0.915261	0.982751	3
11	57000001	1.05366	0.982751	3
11	58000001	0.924598	0.982751	3
11	59000001	1.44361	0.982751	3
11	60000001	0.958783	0.982751	3
11	61000001	0.918193	0.982751	3
11	62000001	1.04682	0.982751	3
11	63000001	1.08854	0.982751	3
11	64000001	1.13474	0.982751	3
11	65000001	0.949946	0.982751	3
11	66000001	0.917013	0.982751	3
11	67000001	0.873842	0.982751	3
11	68000001	1.01843	0.982751	3
11	69000001	1.54712	0.982751	3
11	70000001	0.919947	0.982751	3
11	71000001	1.20371	0.982751	3
11	72000001	1.00025	0.982751	3
11	73000001	0.965256	0.982751	3
11	74000001	1.16053	0.982751	3
11	75000001	0.872283	0.982751	3
11	76000001	0.882396	0.982751	3
11	77000001	1.33796	0.982751	3
11	78000001	0.925155	0.982751	3
11	79000001	1.16827	0.982751	3
11	80000001	0.647734	0.733527	2
11	81000001	0.555638	0.733527	2
11	82000001	0.589967	0.733527	2
11	83000001	0.637878	0.733527	2
11	84000001	0.896293	0.733527	2
11	85000001	1.23999	0.733527	2
11	86000001	1.02815	0.733527	2
11	87000001	0.910816	0.733527	2
11	88000001	0.601828	0.733527	2
11	89000001	0.564916	0.733527	2
11	90000001	0.548486	0.733527	2
11	91000001	0.443895	0.733527	2
11	92000001	0.69479	0.733527	2
11	93000001	0.771915	0.733527	2
11	94000001	0.922618	0.733527	2
11	95000001	1.12462	0.733527	2
11	96000001	1.0803	0.733527	2
11	97000001	0.733527	0.733527	2
11	98000001	0.573016	0.733527	2
11	99000001	0.71565	0.733527	2
11	100000001	0.568785	0.733527	2
11	101000001	0.554238	0.733527	2
11	102000001	0.751234	0.733527	2
11	103000001	0.811444	0.733527	2
11	104000001	0.869342	0.733527	2
11	105000001	0.748643	0.733527	2
11	106000001	0.564049	0.733527	2
11	107000001	0.730131	0.733527	2
11	108000001	0.801746	0.733527	2
11	109000001	0.763509	0.733527	2
11	110000001	0.766227	0.733527	2
11	111000001	1.13872	1.07343	3
11	112000001	1.24895	1.07343	3
11	113000001	1.07288	1.07343	3
11	114000001	0.988571	1.07343	3
11	115000001	0.62082	1.07343	3
11	116000001	1.01828	1.07343	3
11	117000001	1.14066	1.07343	3
11	118000001	1.07397	1.07343	3
11	119000001	1.06203	1.07343	3
11	120000001	1.08371	1.07343	3
11	121000001	0.699755	0.79688	2
11	122000001	0.577921	0.79688	2
11	123000001	0.875967	0.79688	2
11	124000001	0.827862	0.79688	2
11	125000001	0.961689	0.79688	2
11	126000001	1.07302	0.79688	2
11	127000001	0.915487	0.79688	2
11	128000001	0.658733	0.79688	2
11	129000001	0.665211	0.79688	2
11	130000001	0.956941	0.79688	2
11	131000001	0.643897	0.79688	2
11	132000001	0.678738	0.79688	2
11	133000001	0.620221	0.79688	2
11	134000001	0.828862	0.79688	2
11	135000001	0.79688	0.79688	2
12	1	0.71705	0.694489	2
12	1000001	0.777766	0.694489	2
12	2000001	0.66257	0.694489	2
12	3000001	0.671893	0.694489	2
12	4000001	0.694489	0.694489	2
12	5000001	0.875131	0.694489	2
12	6000001	0.697179	0.694489	2
12	7000001	0.866928	0.694489	2
12	8000001	0.727186	0.694489	2
12	9000001	0.795514	0.694489	2
12	10000001	0.605734	0.694489	2
12	11000001	0.633689	0.694489	2
12	12000001	0.821466	0.694489	2
12	13000001	0.728627	0.694489	2
12	14000001	0.468811	0.694489	2
12	15000001	0.420005	0.694489	2
12	16000001	0.558021	0.694489	2
12	17000001	0.502672	0.694489	2
12	18000001	0.497458	0.694489	2
12	19000001	0.713361	0.694489	2
12	20000001	0.548298	0.694489	2
12	21000001	0.571993	0.694489	2
12	22000001	0.712575	0.694489	2
12	23000001	1.04054	0.901674	3
12	24000001	0.949666	0.901674	3
12	25000001	0.761633	0.901674	3
12	26000001	1.18298	0.901674	3
12	27000001	0.852702	0.901674	3
12	28000001	1.04185	0.901674	3
12	29000001	0.865432	0.901674	3
12	30000001	0.907927	0.901674	3
12	31000001	0.954836	0.901674	3
12	32000001	1.04826	0.901674	3
12	33000001	0.708707	0.901674	3
12	34000001	0.859675	0.901674	3
12	35000001	0.756512	0.901674	3
12	36000001	0.750282	0.901674	3
12	37000001	0.481851	0.901674	3
12	38000001	0.421533	0.901674	3
12	39000001	0.620852	0.901674	3
12	40000001	0.559403	0.901674	3
12	41000001	0.862175	0.901674	3
12	42000001	1.0022	0.901674	3
12	43000001	0.931956	0.901674	3
12	44000001	0.612082	0.901674	3
12	45000001	0.89862	0.901674	3
12	46000001	0.996878	0.901674	3
12	47000001	1.10196	0.901674	3
12	48000001	1.50905	0.901674	3
12	49000001	0.99335	0.901674	3
12	50000001	0.91117	0.901674	3
12	51000001	1.09555	0.901674	3
12	52000001	1.1361	0.901674	3
12	53000001	0.842589	0.901674	3
12	54000001	1.24805	0.901674	3
12	55000001	1.13478	0.901674	3
12	56000001	0.904728	0.901674	3
12	57000001	0.778328	0.901674	3
12	58000001	1.083	0.901674	3
12	59000001	0.582493	0.901674	3
12	60000001	1.12735	0.901674	3
12	61000001	0.604383	0.901674	3
12	62000001	0.965747	0.901674	3
12	63000001	0.694632	0.901674	3
12	64000001	1.18751	0.901674	3
12	65000001	0.664963	0.901674	3
12	66000001	0.656085	0.901674	3
12	67000001	0.781072	0.901674	3
12	68000001	1.22665	0.901674	3
12	69000001	1.13103	0.901674	3
12	70000001	0.851014	0.901674	3
12	71000001	1.08791	0.901674	3
12	72000001	0.77546	0.901674	3
12	73000001	0.682368	0.901674	3
12	74000001	0.568971	0.901674	3
12	75000001	0.89508	0.901674	3
12	76000001	1.07617	0.901674	3
12	77000001	0.767856	0.662161	2
12	78000001	0.590291	0.662161	2
12	79000001	0.772597	0.662161	2
12	80000001	0.550345	0.662161	2
12	81000001	0.64745	0.662161	2
12	82000001	0.599266	0.662161	2
12	83000001	0.854453	0.662161	2
12	84000001	0.733919	0.662161	2
12	85000001	0.676871	0.662161	2
12	86000001	0.56175	0.662161	2
12	87000001	0.431781	0.662161	2
12	88000001	0.812379	0.662161	2
12	89000001	1.2324	1.0575	3
12	90000001	0.617011	1.0575	3
12	91000001	0.995643	1.0575	3
12	92000001	1.06072	1.0575	3
12	93000001	0.929589	1.0575	3
12	94000001	1.1117	1.0575	3
12	95000001	1.30155	1.0575	3
12	96000001	0.602279	1.0575	3
12	97000001	0.635643	1.0575	3
12	98000001	0.956721	1.0575	3
12	99000001	0.853132	1.0575	3
12	100000001	0.755857	1.0575	3
12	101000001	1.02883	1.0575	3
12	102000001	1.12477	1.0575	3
12	103000001	1.25405	1.0575	3
12	104000001	1.15353	1.0575	3
12	105000001	0.921315	1.0575	3
12	106000001	1.03233	1.0575	3
12	107000001	1.30022	1.0575	3
12	108000001	1.0645	1.0575	3
12	109000001	1.12732	1.0575	3
12	110000001	1.02618	1.0575	3
12	111000001	1.09797	1.0575	3
12	112000001	1.08858	1.0575	3
12	113000001	0.995139	1.0575	3
12	114000001	1.07951	1.0575	3
12	115000001	0.963264	1.0575	3
12	116000001	0.959157	1.0575	3
12	117000001	1.24476	1.0575	3
12	118000001	1.20752	1.0575	3
12	119000001	0.941774	1.0575	3
12	120000001	0.844521	1.0575	3
12	121000001	1.0575	1.0575	3
12	122000001	1.22396	1.0575	3
12	123000001	1.32301	1.0575	3
12	124000001	1.05705	1.0575	3
12	125000001	1.15781	1.0575	3
12	126000001	0.779676	1.0575	3
12	127000001	0.781871	1.0575	3
12	128000001	0.62233	1.0575	3
12	129000001	1.26012	1.0575	3
12	130000001	0.977436	1.0575	3
12	131000001	1.53313	1.0575	3
12	132000001	1.28571	1.0575	3
12	133000001	1.2488	1.0575	3
13	1	-1	-1	2
13	1000001	-1	-1	2
13	2000001	-1	-1	2
13	3000001	-1	-1	2
13	4000001	-1	-1	2
13	5000001	-1	-1	2
13	6000001	-1	-1	2
13	7000001	-1	-1	2
13	8000001	-1	-1	2
13	9000001	-1	-1	2
13	10000001	-1	-1	2
13	11000001	-1	-1	2
13	12000001	-1	-1	2
13	13000001	-1	-1	2
13	14000001	-1	-1	2
13	15000001	-1	-1	2
13	16000001	0.462376	0.626932	2
13	17000001	0.552899	0.626932	2
13	18000001	0.737595	0.626932	2
13	19000001	0.729694	0.626932	2
13	20000001	0.666618	0.626932	2
13	21000001	0.710544	0.626932	2
13	22000001	0.668986	0.626932	2
13	23000001	0.600146	0.626932	2
13	24000001	0.635655	0.626932	2
13	25000001	0.633013	0.626932	2
13	26000001	0.899413	0.626932	2
13	27000001	0.694109	0.626932	2
13	28000001	0.765771	0.626932	2
13	29000001	0.790278	0.626932	2
13	30000001	0.624549	0.626932	2
13	31000001	0.581211	0.626932	2
13	32000001	0.751104	0.626932	2
13	33000001	0.451767	0.626932	2
13	34000001	0.50076	0.626932	2
13	35000001	0.497778	0.626932	2
13	36000001	0.369321	0.626932	2
13	37000001	0.663221	0.626932	2
13	38000001	0.642636	0.626932	2
13	39000001	0.502699	0.626932	2
13	40000001	0.62022	0.626932	2
13	41000001	0.888235	0.626932	2
13	42000001	0.739209	0.626932	2
13	43000001	0.634139	0.626932	2
13	44000001	0.765363	0.626932	2
13	45000001	1.16784	0.626932	2
13	46000001	0.961087	0.626932	2
13	47000001	0.653527	0.626932	2
13	48000001	0.665473	0.626932	2
13	49000001	0.779612	0.626932	2
13	50000001	0.698165	0.626932	2
13	51000001	0.854151	0.626932	2
13	52000001	0.686468	0.626932	2
13	53000001	0.703637	0.626932	2
13	54000001	0.424092	0.626932	2
13	55000001	0.365865	0.626932	2
13	56000001	0.671328	0.626932	2
13	57000001	0.559576	0.626932	2
13	58000001	0.573079	0.626932	2
13	59000001	0.7139	0.626932	2
13	60000001	0.538243	0.626932	2
13	61000001	0.509118	0.626932	2
13	62000001	0.403236	0.626932	2
13	63000001	0.386681	0.626932	2
13	64000001	0.477874	0.626932	2
13	65000001	0.557076	0.626932	2
13	66000001	0.547124	0.626932	2
13	67000001	0.433857	0.626932	2
13	68000001	0.381128	0.626932	2
13	69000001	0.54117	0.626932	2
13	70000001	0.536571	0.626932	2
13	71000001	1.2307	0.626932	2
13	72000001	0.854399	0.626932	2
13	73000001	0.486191	0.626932	2
13	74000001	0.641353	0.626932	2
13	75000001	0.645526	0.626932	2
13	76000001	0.366858	0.626932	2
13	77000001	0.400338	0.626932	2
13	78000001	0.400569	0.626932	2
13	79000001	0.489857	0.626932	2
13	80000001	1.64367	0.626932	2
13	81000001	0.357815	0.626932	2
13	82000001	0.696378	0.626932	2
13	83000001	0.392452	0.626932	2
13	84000001	0.525822	0.626932	2
13	85000001	0.46449	0.626932	2
13	86000001	0.629316	0.626932	2
13	87000001	0.549306	0.626932	2
13	88000001	0.360653	0.626932	2
13	89000001	0.990197	0.626932	2
13	90000001	3.52036	3.52036	11
13	91000001	2.94812	2.94812	9
13	92000001	1.94895	1.94895	6
13	93000001	1.14986	0.722235	2
13	94000001	0.56368	0.722235	2
13	95000001	0.647159	0.722235	2
13	96000001	0.744635	0.722235	2
13	97000001	0.776239	0.722235	2
13	98000001	0.803508	0.722235	2
13	99000001	0.831953	0.722235	2
13	100000001	0.590849	0.722235	2
13	101000001	0.429438	0.722235	2
13	102000001	0.699836	0.722235	2
13	103000001	0.651285	0.722235	2
13	104000001	0.406005	0.722235	2
13	105000001	0.345096	0.722235	2
13	106000001	0.490388	0.722235	2
13	107000001	1.32278	0.722235	2
13	108000001	0.592286	0.722235	2
13	109000001	0.911924	0.722235	2
13	110000001	0.873339	0.722235	2
13	111000001	0.651993	0.722235	2
13	112000001	0.794165	0.722235	2
13	113000001	0.783093	0.722235	2
13	114000001	0.869396	0.722235	2
14	1	-1	-1	2
14	1000001	-1	-1	2
14	2000001	-1	-1	2
14	3000001	-1	-1	2
14	4000001	-1	-1	2
14	5000001	-1	-1	2
14	6000001	-1	-1	2
14	7000001	-1	-1	2
14	8000001	-1	-1	2
14	9000001	-1	-1	2
14	10000001	-1	-1	2
14	11000001	-1	-1	2
14	12000001	-1	-1	2
14	13000001	-1	-1	2
14	14000001	-1	-1	2
14	15000001	-1	-1	2
14	16000001	0.822664	0.781722	2
14	17000001	0.665683	0.781722	2
14	18000001	0.656469	0.781722	2
14	19000001	0.961785	0.781722	2
14	20000001	0.667265	0.781722	2
14	21000001	0.74078	0.781722	2
14	22000001	0.891614	0.781722	2
14	23000001	0.849785	0.781722	2
14	24000001	0.652636	0.591038	2
14	25000001	0.568718	0.591038	2
14	26000001	0.547313	0.591038	2
14	27000001	0.5622	0.591038	2
14	28000001	0.362822	0.591038	2
14	29000001	0.612823	0.591038	2
14	30000001	0.706881	0.591038	2
14	31000001	0.601417	0.591038	2
14	32000001	0.591038	0.591038	2
14	33000001	0.662128	0.698428	2
14	34000001	0.642719	0.698428	2
14	35000001	0.682277	0.698428	2
14	36000001	0.865605	0.698428	2
14	37000001	0.724598	0.698428	2
14	38000001	0.764171	0.698428	2
14	39000001	0.698428	0.698428	2
14	40000001	0.415442	0.424576	1
14	41000001	0.331885	0.424576	1
14	42000001	0.418087	0.424576	1
14	43000001	0.424576	0.424576	1
14	44000001	0.551354	0.424576	1
14	45000001	0.526814	0.424576	1
14	46000001	0.524579	0.424576	1
14	47000001	0.394135	0.424576	1
14	48000001	0.439263	0.424576	1
14	49000001	0.720121	0.705595	2
14	50000001	0.677587	0.705595	2
14	51000001	0.598714	0.705595	2
14	52000001	0.705595	0.705595	2
14	53000001	0.663961	0.705595	2
14	54000001	0.786391	0.705595	2
14	55000001	0.829596	0.705595	2
14	56000001	0.577588	0.705595	2
14	57000001	0.719415	0.705595	2
14	58000001	0.77632	0.705595	2
14	59000001	0.647228	0.705595	2
14	60000001	1.4335	1.4335	4
14	61000001	0.635499	0.705124	2
14	62000001	0.563107	0.705124	2
14	63000001	0.582821	0.705124	2
14	64000001	0.873233	0.705124	2
14	65000001	0.768745	0.705124	2
14	66000001	0.494055	0.705124	2
14	67000001	0.759363	0.705124	2
14	68000001	0.712693	0.705124	2
14	69000001	0.638536	0.705124	2
14	70000001	0.735498	0.705124	2
14	71000001	0.839313	0.705124	2
14	72000001	0.617597	0.705124	2
14	73000001	0.900138	0.705124	2
14	74000001	0.672078	0.705124	2
14	75000001	0.668925	0.705124	2
14	76000001	0.705124	0.705124	2
14	77000001	0.742313	0.705124	2
14	78000001	0.826603	0.705124	2
14	79000001	0.454044	0.705124	2
14	80000001	0.559226	0.705124	2
14	81000001	0.796611	0.705124	2
14	82000001	0.343715	0.394982	1
14	83000001	0.553064	0.394982	1
14	84000001	0.338895	0.394982	1
14	85000001	0.392135	0.394982	1
14	86000001	0.472214	0.394982	1
14	87000001	0.397829	0.394982	1
14	88000001	0.61039	0.655394	2
14	89000001	0.700398	0.655394	2
14	90000001	0.733681	0.793796	2
14	91000001	0.810128	0.793796	2
14	92000001	0.87743	0.793796	2
14	93000001	0.793796	0.793796	2
14	94000001	0.779476	0.793796	2
14	95000001	0.775418	0.793796	2
14	96000001	0.849042	0.793796	2
14	97000001	0.485175	0.64172	2
14	98000001	0.40608	0.64172	2
14	99000001	0.692781	0.64172	2
14	100000001	0.680067	0.64172	2
14	101000001	0.85737	0.64172	2
14	102000001	0.612763	0.64172	2
14	103000001	0.670677	0.64172	2
14	104000001	0.585894	0.64172	2
14	105000001	0.538086	0.64172	2
14	106000001	0.692823	0.64172	2
14	107000001	-1	-1	2
15	1	-1	-1	2
15	1000001	-1	-1	2
15	2000001	-1	-1	2
15	3000001	-1	-1	2
15	4000001	-1	-1	2
15	5000001	-1	-1	2
15	6000001	-1	-1	2
15	7000001	-1	-1	2
15	8000001	-1	-1	2
15	9000001	-1	-1	2
15	10000001	-1	-1	2
15	11000001	-1	-1	2
15	12000001	-1	-1	2
15	13000001	-1	-1	2
15	14000001	-1	-1	2
15	15000001	-1	-1	2
15	16000001	-1	-1	2
15	17000001	0.670552	0.75739	2
15	18000001	0.8675	0.75739	2
15	19000001	0.938345	0.75739	2
15	20000001	0.746431	0.75739	2
15	21000001	0.716331	0.75739	2
15	22000001	0.86202	0.75739	2
15	23000001	1.13375	0.75739	2
15	24000001	0.665245	0.75739	2
15	25000001	0.668423	0.75739	2
15	26000001	0.546079	0.75739	2
15	27000001	0.786025	0.75739	2
15	28000001	0.76835	0.75739	2
15	29000001	1.06642	0.866875	3
15	30000001	0.845219	0.866875	3
15	31000001	0.73888	0.866875	3
15	32000001	0.815094	0.866875	3
15	33000001	1.21249	0.866875	3
15	34000001	0.942334	0.866875	3
15	35000001	1.10891	0.866875	3
15	36000001	0.66502	0.866875	3
15	37000001	0.768783	0.866875	3
15	38000001	0.88853	0.866875	3
15	39000001	1.1076	1.06009	3
15	40000001	1.01257	1.06009	3
15	41000001	1.21394	1.16303	3
15	42000001	1.16303	1.16303	3
15	43000001	1.09835	1.16303	3
15	44000001	1.28944	1.16303	3
15	45000001	1.02912	1.16303	3
15	46000001	0.657125	0.605005	2
15	47000001	0.552884	0.605005	2
15	48000001	1.02078	0.926892	3
15	49000001	0.926892	0.926892	3
15	50000001	0.875647	0.926892	3
15	51000001	1.05659	0.926892	3
15	52000001	1.10315	0.926892	3
15	53000001	0.608523	0.926892	3
15	54000001	0.825693	0.926892	3
15	55000001	1.17174	1.11619	3
15	56000001	0.919325	1.11619	3
15	57000001	1.23769	1.11619	3
15	58000001	1.12012	1.11619	3
15	59000001	1.11619	1.11619	3
15	60000001	1.04099	1.11619	3
15	61000001	0.923324	1.11619	3
15	62000001	1.35719	1.11619	3
15	63000001	1.08816	1.11619	3
15	64000001	1.15426	1.11619	3
15	65000001	1.04483	1.11619	3
15	66000001	1.01939	0.965803	3
15	67000001	0.965803	0.965803	3
15	68000001	1.01609	0.965803	3
15	69000001	0.826284	0.965803	3
15	70000001	1.23343	0.965803	3
15	71000001	0.757932	0.965803	3
15	72000001	0.928979	0.965803	3
15	73000001	1.06052	1.06579	3
15	74000001	1.19072	1.06579	3
15	75000001	1.05568	1.06579	3
15	76000001	1.06579	1.06579	3
15	77000001	0.952653	1.06579	3
15	78000001	1.08805	1.06579	3
15	79000001	1.44115	1.06579	3
15	80000001	1.10139	1.06579	3
15	81000001	0.992895	1.06579	3
15	82000001	1.04459	1.06579	3
15	83000001	1.13168	1.06579	3
15	84000001	0.992996	1.01023	3
15	85000001	0.889715	1.01023	3
15	86000001	0.729746	1.01023	3
15	87000001	1.13157	1.01023	3
15	88000001	1.15251	1.01023	3
15	89000001	1.22935	1.01023	3
15	90000001	0.821457	1.01023	3
15	91000001	1.01023	1.01023	3
15	92000001	1.02983	1.01023	3
15	93000001	0.977598	1.01023	3
15	94000001	0.75544	1.01023	3
15	95000001	1.11148	1.01023	3
15	96000001	1.06553	1.01023	3
15	97000001	0.697621	0.805228	2
15	98000001	0.805228	0.805228	2
15	99000001	0.781568	0.805228	2
15	100000001	1.00424	0.805228	2
15	101000001	0.916609	0.805228	2
16	1	0.979512	1.04123	3
16	1000001	1.06078	1.04123	3
16	2000001	0.853606	1.04123	3
16	3000001	1.02418	1.04123	3
16	4000001	1.04123	1.04123	3
16	5000001	1.00092	1.04123	3
16	6000001	0.843844	1.04123	3
16	7000001	0.885342	1.04123	3
16	8000001	1.04613	1.04123	3
16	9000001	1.12915	1.04123	3
16	10000001	1.26105	1.04123	3
16	11000001	0.987643	1.04123	3
16	12000001	1.29202	1.04123	3
16	13000001	1.15952	1.04123	3
16	14000001	0.948776	1.04123	3
16	15000001	1.17264	1.04123	3
16	16000001	1.08026	1.04123	3
16	17000001	1.1769	1.04123	3
16	18000001	0.872289	1.04123	3
16	19000001	1.09525	1.04123	3
16	20000001	0.914388	1.04123	3
16	21000001	0.970128	1.04123	3
16	22000001	1.0399	1.04123	3
16	23000001	1.34776	1.04123	3
16	24000001	1.17978	1.04123	3
16	25000001	0.970373	1.04123	3
16	26000001	1.0771	1.04123	3
16	27000001	0.933298	1.04123	3
16	28000001	1.17707	1.04123	3
16	29000001	0.86276	0.892129	3
16	30000001	0.789282	0.892129	3
16	31000001	1.00984	0.892129	3
16	32000001	0.645867	0.892129	3
16	33000001	1.00019	0.892129	3
16	34000001	1.18341	0.892129	3
16	35000001	0.857327	0.892129	3
16	36000001	0.869117	0.892129	3
16	37000001	0.915141	0.892129	3
16	38000001	0.98935	0.892129	3
16	39000001	-1	-1	3
16	40000001	-1	-1	3
16	41000001	-1	-1	3
16	42000001	-1	-1	3
16	43000001	-1	-1	3
16	44000001	-1	-1	3
16	45000001	-1	-1	3
16	46000001	2.46797	2.46797	7
16	47000001	1.18991	0.959701	3
16	48000001	1.03203	0.959701	3
16	49000001	0.654086	0.959701	3
16	50000001	0.963515	0.959701	3
16	51000001	0.630314	0.959701	3
16	52000001	0.955886	0.959701	3
16	53000001	0.940518	0.959701	3
16	54000001	0.634987	0.959701	3
16	55000001	1.10813	0.959701	3
16	56000001	0.920515	0.959701	3
16	57000001	1.21105	0.959701	3
16	58000001	1.09028	0.959701	3
16	59000001	0.717284	0.596903	2
16	60000001	0.500963	0.596903	2
16	61000001	0.536366	0.596903	2
16	62000001	0.61656	0.596903	2
16	63000001	0.531404	0.596903	2
16	64000001	0.596903	0.596903	2
16	65000001	0.783521	0.596903	2
16	66000001	0.958742	0.936216	3
16	67000001	0.862161	0.936216	3
16	68000001	0.867527	0.936216	3
16	69000001	0.936216	0.936216	3
16	70000001	1.09924	0.936216	3
16	71000001	1.14006	0.936216	3
16	72000001	1.21285	0.936216	3
16	73000001	0.862893	0.936216	3
16	74000001	1.45504	0.936216	3
16	75000001	1.10289	0.936216	3
16	76000001	0.862179	0.936216	3
16	77000001	0.750927	0.936216	3
16	78000001	0.884627	0.936216	3
16	79000001	1.3807	1.27974	4
16	80000001	1.15226	1.27974	4
16	81000001	1.29096	1.27974	4
16	82000001	1.26853	1.27974	4
16	83000001	1.43209	1.27974	4
16	84000001	1.54919	1.27974	4
16	85000001	1.17488	1.27974	4
16	86000001	1.31213	1.27974	4
16	87000001	0.970433	1.27974	4
16	88000001	1.38429	1.27974	4
16	89000001	0.850062	1.27974	4
16	90000001	1.24236	1.27974	4
17	1	0.895944	0.687651	2
17	1000001	0.693993	0.687651	2
17	2000001	0.680415	0.687651	2
17	3000001	0.745894	0.687651	2
17	4000001	0.752621	0.687651	2
17	5000001	0.826416	0.687651	2
17	6000001	0.770219	0.687651	2
17	7000001	0.757304	0.687651	2
17	8000001	0.700433	0.687651	2
17	9000001	0.681309	0.687651	2
17	10000001	0.301625	0.687651	2
17	11000001	0.442345	0.687651	2
17	12000001	0.338231	0.687651	2
17	13000001	0.701225	0.687651	2
17	14000001	0.622183	0.687651	2
17	15000001	0.737197	0.687651	2
17	16000001	0.731703	0.687651	2
17	17000001	0.584518	0.687651	2
17	18000001	0.520621	0.687651	2
17	19000001	0.764431	0.687651	2
17	20000001	0.641467	0.687651	2
17	21000001	0.82118	0.687651	2
17	22000001	0.641708	0.687651	2
17	23000001	0.421941	0.687651	2
17	24000001	0.572897	0.687651	2
17	25000001	0.541051	0.687651	2
17	26000001	1.18612	0.789773	2
17	27000001	0.582746	0.789773	2
17	28000001	0.789773	0.789773	2
17	29000001	0.802725	0.789773	2
17	30000001	0.664027	0.789773	2
17	31000001	0.60421	0.789773	2
17	32000001	0.641582	0.789773	2
17	33000001	0.748818	0.789773	2
17	34000001	0.91526	0.789773	2
17	35000001	0.759089	0.789773	2
17	36000001	0.626116	0.789773	2
17	37000001	0.726529	0.789773	2
17	38000001	0.919349	0.789773	2
17	39000001	0.783764	0.789773	2
17	40000001	0.81171	0.789773	2
17	41000001	0.802348	0.789773	2
17	42000001	0.595966	0.789773	2
17	43000001	0.888515	0.789773	2
17	44000001	1.04043	0.789773	2
17	45000001	1.11734	0.789773	2
17	46000001	0.779318	0.789773	2
17	47000001	1.03814	0.789773	2
17	48000001	0.888859	0.789773	2
17	49000001	0.894907	0.789773	2
17	50000001	0.871249	0.789773	2
17	51000001	0.938962	0.789773	2
17	52000001	0.437914	0.789773	2
17	53000001	0.654526	0.789773	2
17	54000001	0.67778	0.789773	2
17	55000001	1.22295	1.03248	3
17	56000001	1.10549	1.03248	3
17	57000001	1.03886	1.03248	3
17	58000001	1.09231	1.03248	3
17	59000001	1.08487	1.03248	3
17	60000001	0.998885	1.03248	3
17	61000001	1.06659	1.03248	3
17	62000001	1.53982	1.03248	3
17	63000001	1.07581	1.03248	3
17	64000001	0.984815	1.03248	3
17	65000001	1.18377	1.03248	3
17	66000001	0.931488	1.03248	3
17	67000001	1.07037	1.03248	3
17	68000001	1.31977	1.03248	3
17	69000001	0.904773	1.03248	3
17	70000001	0.577176	1.03248	3
17	71000001	0.753946	1.03248	3
17	72000001	0.774478	1.03248	3
17	73000001	1.24734	1.03248	3
17	74000001	0.861999	1.03248	3
17	75000001	0.881534	1.03248	3
17	76000001	0.985825	1.03248	3
17	77000001	1.77587	1.03248	3
17	78000001	1.0261	1.03248	3
17	79000001	0.990888	1.03248	3
17	80000001	0.973313	1.03248	3
17	81000001	2.70246	2.70246	8
17	82000001	0.917489	0.868733	3
17	83000001	0.819978	0.868733	3
18	1	2.14282	2.14282	6
18	1000001	1.6495	1.65658	5
18	2000001	1.66367	1.65658	5
18	3000001	1.75255	1.65658	5
18	4000001	1.42025	1.65658	5
18	5000001	0.907644	1.166	3
18	6000001	1.25744	1.166	3
18	7000001	0.826008	1.166	3
18	8000001	1.22632	1.166	3
18	9000001	1.26959	1.166	3
18	10000001	1.25412	1.166	3
18	11000001	1.1776	1.166	3
18	12000001	1.166	1.166	3
18	13000001	1.04947	1.166	3
18	14000001	0.633192	1.166	3
18	15000001	1.01359	1.166	3
18	16000001	2.04572	1.99782	6
18	17000001	1.99782	1.99782	6
18	18000001	1.92444	1.99782	6
18	19000001	1.51328	1.26336	4
18	20000001	1.28106	1.26336	4
18	21000001	0.877882	1.26336	4
18	22000001	1.44639	1.26336	4
18	23000001	1.24566	1.26336	4
18	24000001	1.21627	1.26336	4
18	25000001	1.44999	1.26336	4
18	26000001	1.1418	1.26336	4
18	27000001	0.853624	0.843036	3
18	28000001	0.597688	0.843036	3
18	29000001	0.997192	0.843036	3
18	30000001	0.832448	0.843036	3
18	31000001	1.08413	0.843036	3
18	32000001	0.744907	0.843036	3
18	33000001	1.34553	1.34553	4
18	34000001	1.18638	1.34553	4
18	35000001	1.80921	1.34553	4
18	36000001	0.941715	0.668507	2
18	37000001	0.848655	0.668507	2
18	38000001	0.982871	0.668507	2
18	39000001	0.852393	0.668507	2
18	40000001	0.824733	0.668507	2
18	41000001	0.809073	0.668507	2
18	42000001	0.503327	0.668507	2
18	43000001	0.332481	0.668507	2
18	44000001	1.0105	0.668507	2
18	45000001	0.817384	0.668507	2
18	46000001	0.830743	0.668507	2
18	47000001	0.744025	0.668507	2
18	48000001	0.728728	0.668507	2
18	49000001	0.664191	0.668507	2
18	50000001	0.613378	0.668507	2
18	51000001	0.729753	0.668507	2
18	52000001	0.546497	0.668507	2
18	53000001	0.407878	0.668507	2
18	54000001	0.759588	0.668507	2
18	55000001	0.792971	0.668507	2
18	56000001	0.67992	0.668507	2
18	57000001	0.632354	0.668507	2
18	58000001	0.727086	0.668507	2
18	59000001	0.594262	0.668507	2
18	60000001	0.637072	0.668507	2
18	61000001	1.25933	0.668507	2
18	62000001	0.691915	0.668507	2
18	63000001	0.862609	0.668507	2
18	64000001	0.48266	0.668507	2
18	65000001	0.471889	0.668507	2
18	66000001	0.893193	0.668507	2
18	67000001	0.436452	0.668507	2
18	68000001	0.468426	0.668507	2
18	69000001	0.431546	0.668507	2
18	70000001	0.506693	0.668507	2
18	71000001	0.647746	0.668507	2
18	72000001	0.612056	0.668507	2
18	73000001	0.369537	0.668507	2
18	74000001	0.482822	0.668507	2
18	75000001	0.393077	0.668507	2
18	76000001	0.665629	0.668507	2
18	77000001	1.40086	0.668507	2
18	78000001	0.520783	0.668507	2
18	79000001	0.728934	0.668507	2
18	80000001	0.668507	0.668507	2
19	1	1.07011	1.01968	3
19	1000001	0.811253	1.01968	3
19	2000001	1.02298	1.01968	3
19	3000001	0.957893	1.01968	3
19	4000001	1.11714	1.01968	3
19	5000001	1.1212	1.01968	3
19	6000001	1.01638	1.01968	3
19	7000001	1.15052	1.01968	3
19	8000001	1.08402	1.01968	3
19	9000001	0.922824	1.01968	3
19	10000001	0.936824	1.01968	3
19	11000001	0.984119	1.01968	3
19	12000001	1.09378	1.08984	3
19	13000001	1.18205	1.08984	3
19	14000001	1.08591	1.08984	3
19	15000001	0.969895	1.08984	3
19	16000001	1.35053	1.1013	3
19	17000001	1.0803	1.1013	3
19	18000001	1.04195	1.1013	3
19	19000001	1.23356	1.1013	3
19	20000001	1.1013	1.1013	3
19	21000001	1.63581	1.55789	5
19	22000001	1.08241	1.55789	5
19	23000001	1.10173	1.55789	5
19	24000001	1.55789	1.55789	5
19	25000001	1.60469	1.55789	5
19	26000001	1.15073	1.15073	3
19	27000001	1.22182	1.15073	3
19	28000001	1.11966	1.15073	3
19	29000001	1.11113	1.15073	3
19	30000001	1.01541	1.15073	3
19	31000001	1.00941	1.15073	3
19	32000001	0.936229	1.15073	3
19	33000001	1.2391	1.15073	3
19	34000001	1.25954	1.15073	3
19	35000001	0.9793	1.15073	3
19	36000001	1.44445	1.15073	3
19	37000001	1.23284	1.15073	3
19	38000001	1.05933	1.15073	3
19	39000001	1.20134	1.15073	3
19	40000001	1.22353	1.15073	3
19	41000001	1.11908	1.15073	3
19	42000001	1.19509	1.15073	3
19	43000001	1.01287	0.975833	3
19	44000001	1.09613	0.975833	3
19	45000001	0.959536	0.975833	3
19	46000001	1.06641	0.975833	3
19	47000001	0.962499	0.975833	3
19	48000001	0.940295	0.975833	3
19	49000001	0.989167	0.975833	3
19	50000001	0.948243	0.975833	3
19	51000001	1.33427	1.30171	4
19	52000001	1.58911	1.30171	4
19	53000001	1.74691	1.30171	4
19	54000001	1.23462	1.30171	4
19	55000001	1.13488	1.30171	4
19	56000001	1.39319	1.30171	4
19	57000001	1.24914	1.30171	4
19	58000001	1.26915	1.30171	4
2	1	0.555599	0.6423	2
2	1000001	0.818543	0.6423	2
2	2000001	0.689571	0.6423	2
2	3000001	1.01311	0.6423	2
2	4000001	0.59503	0.6423	2
2	5000001	0.556141	0.6423	2
2	6000001	1.0262	0.994081	3
2	7000001	0.925246	0.994081	3
2	8000001	0.994081	0.994081	3
2	9000001	1.14761	0.994081	3
2	10000001	1.08217	0.994081	3
2	11000001	1.04236	0.994081	3
2	12000001	1.06638	0.994081	3
2	13000001	0.580292	0.994081	3
2	14000001	0.862008	0.994081	3
2	15000001	1.22462	0.994081	3
2	16000001	0.900086	0.994081	3
2	17000001	0.696996	0.994081	3
2	18000001	0.867462	0.994081	3
2	19000001	1.02921	0.994081	3
2	20000001	1.02129	0.994081	3
2	21000001	0.759443	0.994081	3
2	22000001	0.761018	0.994081	3
2	23000001	1.23425	0.994081	3
2	24000001	0.919228	0.994081	3
2	25000001	1.16932	0.994081	3
2	26000001	1.12436	0.994081	3
2	27000001	0.924872	0.994081	3
2	28000001	0.923645	0.994081	3
2	29000001	1.12706	0.994081	3
2	30000001	1.14195	0.994081	3
2	31000001	1.10038	0.994081	3
2	32000001	1.22418	0.994081	3
2	33000001	1.15698	0.994081	3
2	34000001	0.68743	0.994081	3
2	35000001	0.419047	0.994081	3
2	36000001	0.928329	0.994081	3
2	37000001	1.08645	0.994081	3
2	38000001	1.15644	0.994081	3
2	39000001	0.952186	0.994081	3
2	40000001	0.984416	0.994081	3
2	41000001	0.877186	0.994081	3
2	42000001	1.01013	0.994081	3
2	43000001	0.831637	0.994081	3
2	44000001	1.00953	0.994081	3
2	45000001	1.20438	0.994081	3
2	46000001	1.11732	0.994081	3
2	47000001	1.09348	0.994081	3
2	48000001	1.05312	0.994081	3
2	49000001	0.826796	0.994081	3
2	50000001	0.713699	0.994081	3
2	51000001	0.518474	0.994081	3
2	52000001	0.592212	0.994081	3
2	53000001	0.944632	0.994081	3
2	54000001	0.802435	0.994081	3
2	55000001	1.27167	0.994081	3
2	56000001	0.721999	0.994081	3
2	57000001	1.52795	0.994081	3
2	58000001	1.0607	0.994081	3
2	59000001	0.933345	0.994081	3
2	60000001	1.00139	0.994081	3
2	61000001	0.883318	0.994081	3
2	62000001	1.06268	0.994081	3
2	63000001	0.900248	0.994081	3
2	64000001	0.906406	0.994081	3
2	65000001	1.22428	0.994081	3
2	66000001	0.88681	0.994081	3
2	67000001	0.990374	0.994081	3
2	68000001	1.23493	0.994081	3
2	69000001	1.23147	0.994081	3
2	70000001	1.11861	0.994081	3
2	71000001	1.01901	0.994081	3
2	72000001	1.16178	0.994081	3
2	73000001	1.08695	0.994081	3
2	74000001	0.918928	0.994081	3
2	75000001	0.882955	0.994081	3
2	76000001	0.57496	0.994081	3
2	77000001	0.737492	0.994081	3
2	78000001	0.541749	0.994081	3
2	79000001	0.688651	0.994081	3
2	80000001	0.919145	0.994081	3
2	81000001	0.522561	0.994081	3
2	82000001	0.725675	0.994081	3
2	83000001	1.29352	0.994081	3
2	84000001	1.05467	0.994081	3
2	85000001	0.869229	0.994081	3
2	86000001	1.08759	0.994081	3
2	87000001	1.04734	0.994081	3
2	88000001	1.01104	0.994081	3
2	89000001	2.10105	2.10105	6
2	90000001	0.827146	0.854177	3
2	91000001	0.779962	0.854177	3
2	92000001	0.897495	0.854177	3
2	93000001	0.804116	0.854177	3
2	94000001	0.68008	0.854177	3
2	95000001	0.820927	0.854177	3
2	96000001	1.08835	0.854177	3
2	97000001	1.04225	0.854177	3
2	98000001	1.14596	0.854177	3
2	99000001	1.49574	0.854177	3
2	100000001	0.872319	0.854177	3
2	101000001	0.979937	0.854177	3
2	102000001	1.00519	0.854177	3
2	103000001	0.604236	0.854177	3
2	104000001	0.746418	0.854177	3
2	105000001	1.02751	0.854177	3
2	106000001	0.720938	0.854177	3
2	107000001	0.56456	0.854177	3
2	108000001	0.909194	0.854177	3
2	109000001	0.643398	0.854177	3
2	110000001	0.834667	0.854177	3
2	111000001	0.987915	0.854177	3
2	112000001	0.948634	0.854177	3
2	113000001	0.982156	0.854177	3
2	114000001	0.893592	0.854177	3
2	115000001	0.629143	0.854177	3
2	116000001	0.618057	0.854177	3
2	117000001	0.700159	0.854177	3
2	118000001	1.22878	0.854177	3
2	119000001	0.923496	0.854177	3
2	120000001	1.06421	0.854177	3
2	121000001	1.15476	0.854177	3
2	122000001	0.997517	0.854177	3
2	123000001	0.62441	0.854177	3
2	124000001	1.40272	0.854177	3
2	125000001	0.579711	0.854177	3
2	126000001	0.86989	0.854177	3
2	127000001	1.07099	0.854177	3
2	128000001	0.819038	0.854177	3
2	129000001	0.672078	0.854177	3
2	130000001	1.03994	0.854177	3
2	131000001	0.823256	0.854177	3
2	132000001	0.593902	0.854177	3
2	133000001	0.824852	0.854177	3
2	134000001	0.881101	0.854177	3
2	135000001	1.08884	0.854177	3
2	136000001	0.791111	0.854177	3
2	137000001	0.964328	0.854177	3
2	138000001	0.874136	0.854177	3
2	139000001	0.630787	0.854177	3
2	140000001	0.623275	0.854177	3
2	141000001	0.698615	0.854177	3
2	142000001	0.511773	0.854177	3
2	143000001	0.737766	0.854177	3
2	144000001	1.01882	0.854177	3
2	145000001	0.838464	0.854177	3
2	146000001	0.554915	0.854177	3
2	147000001	0.420786	0.854177	3
2	148000001	0.891098	0.854177	3
2	149000001	1.0435	0.854177	3
2	150000001	1.52331	0.854177	3
2	151000001	1.49083	0.854177	3
2	152000001	0.970115	0.854177	3
2	153000001	0.821742	0.854177	3
2	154000001	1.05323	0.854177	3
2	155000001	0.827747	0.854177	3
2	156000001	0.999396	0.854177	3
2	157000001	1.4634	0.854177	3
2	158000001	1.08841	0.854177	3
2	159000001	0.931114	0.854177	3
2	160000001	0.739882	0.854177	3
2	161000001	0.60766	0.854177	3
2	162000001	0.742013	0.854177	3
2	163000001	0.638007	0.854177	3
2	164000001	0.763132	0.854177	3
2	165000001	0.612464	0.854177	3
2	166000001	1.26373	1.29052	4
2	167000001	1.18919	1.29052	4
2	168000001	1.30735	1.29052	4
2	169000001	1.97665	1.29052	4
2	170000001	1.4189	1.29052	4
2	171000001	1.45799	1.29052	4
2	172000001	1.43727	1.29052	4
2	173000001	1.36473	1.29052	4
2	174000001	1.28841	1.29052	4
2	175000001	1.29263	1.29052	4
2	176000001	1.10505	1.29052	4
2	177000001	1.27262	1.29052	4
2	178000001	1.4341	1.29052	4
2	179000001	1.33682	1.29052	4
2	180000001	1.07543	1.29052	4
2	181000001	0.915054	1.29052	4
2	182000001	1.0825	1.29052	4
2	183000001	1.10618	1.29052	4
2	184000001	0.9321	0.691597	2
2	185000001	0.735904	0.691597	2
2	186000001	0.916192	0.691597	2
2	187000001	0.776377	0.691597	2
2	188000001	0.598046	0.691597	2
2	189000001	0.536099	0.691597	2
2	190000001	0.593839	0.691597	2
2	191000001	0.691597	0.691597	2
2	192000001	0.54956	0.691597	2
2	193000001	0.36554	0.691597	2
2	194000001	1.48466	0.691597	2
2	195000001	0.623316	0.691597	2
2	196000001	0.710334	0.691597	2
2	197000001	0.773534	0.691597	2
2	198000001	0.752354	0.691597	2
2	199000001	0.749152	0.691597	2
2	200000001	0.680122	0.691597	2
2	201000001	0.732333	0.691597	2
2	202000001	0.654984	0.691597	2
2	203000001	0.573356	0.691597	2
2	204000001	0.737522	0.691597	2
2	205000001	0.554102	0.691597	2
2	206000001	0.968304	0.691597	2
2	207000001	0.679222	0.691597	2
2	208000001	0.795714	0.691597	2
2	209000001	0.461739	0.691597	2
2	210000001	0.384403	0.691597	2
2	211000001	0.534964	0.691597	2
2	212000001	0.479044	0.691597	2
2	213000001	0.361157	0.691597	2
2	214000001	0.441387	0.691597	2
2	215000001	0.873773	0.691597	2
2	216000001	0.698631	0.691597	2
2	217000001	0.770569	0.691597	2
2	218000001	0.78778	0.691597	2
2	219000001	0.655063	0.691597	2
2	220000001	0.799189	0.691597	2
2	221000001	0.572897	0.691597	2
2	222000001	0.540916	0.691597	2
2	223000001	0.652481	0.691597	2
2	224000001	0.793839	0.691597	2
2	225000001	1.1767	0.691597	2
2	226000001	0.604897	0.691597	2
2	227000001	0.666659	0.691597	2
2	228000001	0.427203	0.691597	2
2	229000001	0.858153	0.691597	2
2	230000001	0.813968	0.691597	2
2	231000001	0.618057	0.691597	2
2	232000001	0.744683	0.691597	2
2	233000001	0.652501	0.691597	2
2	234000001	0.738224	0.691597	2
2	235000001	0.920824	0.691597	2
2	236000001	0.494244	0.691597	2
2	237000001	0.703968	0.691597	2
2	238000001	1.409	0.691597	2
2	239000001	0.650984	0.691597	2
2	240000001	0.913896	0.691597	2
2	241000001	0.708645	0.691597	2
2	242000001	0.599579	0.691597	2
20	1	1.89065	1.89065	6
20	1000001	1.08984	1.08212	3
20	2000001	1.04099	1.08212	3
20	3000001	1.37962	1.08212	3
20	4000001	1.11236	1.08212	3
20	5000001	1.05249	1.08212	3
20	6000001	1.0744	1.08212	3
20	7000001	0.758236	0.714719	2
20	8000001	0.575349	0.714719	2
20	9000001	0.660845	0.714719	2
20	10000001	0.624608	0.714719	2
20	11000001	0.701205	0.714719	2
20	12000001	0.596382	0.714719	2
20	13000001	0.866729	0.714719	2
20	14000001	0.730921	0.714719	2
20	15000001	0.37791	0.714719	2
20	16000001	0.517193	0.714719	2
20	17000001	0.810949	0.714719	2
20	18000001	0.86673	0.714719	2
20	19000001	0.728232	0.714719	2
20	20000001	0.429089	0.714719	2
20	21000001	0.842009	0.714719	2
20	22000001	0.825883	0.714719	2
20	23000001	0.678621	0.714719	2
20	24000001	0.910802	0.714719	2
20	25000001	0.825158	0.714719	2
20	26000001	0.88681	0.714719	2
20	27000001	0.757435	0.714719	2
20	28000001	0.566654	0.714719	2
20	29000001	0.557726	0.714719	2
20	30000001	0.58432	0.714719	2
20	31000001	1.1566	1.00118	3
20	32000001	1.01162	1.00118	3
20	33000001	1.01087	1.00118	3
20	34000001	0.957498	1.00118	3
20	35000001	0.991491	1.00118	3
20	36000001	0.857126	1.00118	3
20	37000001	1.21583	1.10022	3
20	38000001	1.07104	1.10022	3
20	39000001	1.10472	1.10022	3
20	40000001	1.07978	1.10022	3
20	41000001	1.29542	1.10022	3
20	42000001	0.973838	1.10022	3
20	43000001	0.887169	1.10022	3
20	44000001	1.42476	1.10022	3
20	45000001	1.21309	1.10022	3
20	46000001	0.994038	1.10022	3
20	47000001	1.13108	1.10022	3
20	48000001	0.999041	1.10022	3
20	49000001	1.01429	1.10022	3
20	50000001	1.11913	1.10022	3
20	51000001	1.08131	1.10022	3
20	52000001	0.912556	1.10022	3
20	53000001	1.17415	1.10022	3
20	54000001	0.994709	1.10022	3
20	55000001	0.544471	1.10022	3
20	56000001	0.985966	1.10022	3
20	57000001	1.3249	1.10022	3
20	58000001	1.09572	1.10022	3
20	59000001	1.19036	1.10022	3
20	60000001	0.947764	1.10022	3
20	61000001	1.3028	1.10022	3
20	62000001	1.18275	1.10022	3
20	63000001	1.31425	1.10022	3
20	64000001	1.74485	1.10022	3
21	1	-1	-1	4
21	1000001	-1	-1	4
21	2000001	-1	-1	4
21	3000001	-1	-1	4
21	4000001	-1	-1	4
21	5000001	1.27386	1.40725	4
21	6000001	1.47763	1.40725	4
21	7000001	1.44902	1.40725	4
21	8000001	1.52849	1.40725	4
21	9000001	1.04412	1.40725	4
21	10000001	1.36547	1.40725	4
21	11000001	0.525218	0.737389	2
21	12000001	0.518101	0.737389	2
21	13000001	0.811323	0.737389	2
21	14000001	1.06639	0.737389	2
21	15000001	0.80942	0.737389	2
21	16000001	0.737389	0.737389	2
21	17000001	0.732389	0.737389	2
21	18000001	0.775481	0.737389	2
21	19000001	0.606322	0.737389	2
21	20000001	0.432124	0.737389	2
21	21000001	0.687989	0.737389	2
21	22000001	0.627855	0.737389	2
21	23000001	0.556986	0.737389	2
21	24000001	0.9609	0.737389	2
21	25000001	0.890487	0.737389	2
21	26000001	0.885085	0.737389	2
21	27000001	0.818791	0.737389	2
21	28000001	0.988806	1.02744	3
21	29000001	1.21314	1.02744	3
21	30000001	0.895253	1.02744	3
21	31000001	1.02744	1.02744	3
21	32000001	1.09271	1.02744	3
21	33000001	1.2947	1.2947	4
21	34000001	1.32083	1.43933	4
21	35000001	1.55042	1.43933	4
21	36000001	1.43933	1.43933	4
21	37000001	1.295	1.43933	4
21	38000001	1.45665	1.43933	4
21	39000001	1.61049	1.43933	4
21	40000001	1.4327	1.43933	4
21	41000001	1.16069	1.43933	4
21	42000001	1.5748	1.43933	4
21	43000001	1.63535	1.43933	4
21	44000001	1.28263	1.43933	4
21	45000001	1.52752	1.43933	4
21	46000001	1.40742	1.43933	4
22	1	-1	-1	2
22	1000001	-1	-1	2
22	2000001	-1	-1	2
22	3000001	-1	-1	2
22	4000001	-1	-1	2
22	5000001	-1	-1	2
22	6000001	-1	-1	2
22	7000001	-1	-1	2
22	8000001	-1	-1	2
22	9000001	-1	-1	2
22	10000001	0.666094	0.722804	2
22	11000001	1.07446	0.722804	2
22	12000001	1.03518	0.722804	2
22	13000001	0.515435	0.722804	2
22	14000001	0.49955	0.722804	2
22	15000001	0.779513	0.722804	2
22	16000001	1.94208	1.59191	5
22	17000001	1.26751	1.59191	5
22	18000001	1.59191	1.59191	5
22	19000001	4.58914	4.6536	14
22	20000001	4.71807	4.6536	14
22	21000001	4.10487	4.6536	14
22	22000001	6.46515	4.6536	14
22	23000001	3.18954	3.18954	10
22	24000001	0.768468	0.749479	2
22	25000001	0.657234	0.749479	2
22	26000001	0.834384	0.749479	2
22	27000001	0.749479	0.749479	2
22	28000001	0.780118	0.749479	2
22	29000001	0.838099	0.749479	2
22	30000001	0.68031	0.749479	2
22	31000001	0.800809	0.749479	2
22	32000001	0.724162	0.749479	2
22	33000001	0.488588	0.749479	2
22	34000001	0.515408	0.749479	2
22	35000001	0.904184	0.749479	2
22	36000001	0.693139	0.749479	2
22	37000001	0.7361	0.749479	2
22	38000001	0.789792	0.749479	2
22	39000001	0.83188	0.749479	2
22	40000001	0.738591	0.749479	2
22	41000001	0.582796	0.749479	2
22	42000001	0.662371	0.749479	2
22	43000001	0.840024	0.749479	2
22	44000001	0.837134	0.749479	2
22	45000001	0.950371	0.749479	2
22	46000001	0.837916	0.749479	2
22	47000001	0.651428	0.749479	2
22	48000001	0.836891	0.749479	2
22	49000001	0.619666	0.749479	2
22	50000001	0.725487	0.749479	2
3	1	0.934348	0.933239	3
3	1000001	0.933239	0.933239	3
3	2000001	0.55027	0.933239	3
3	3000001	1.09855	1.389	4
3	4000001	1.40014	1.389	4
3	5000001	1.65158	1.389	4
3	6000001	1.50981	1.389	4
3	7000001	0.793479	1.389	4
3	8000001	1.32811	1.389	4
3	9000001	1.52186	1.389	4
3	10000001	1.47369	1.389	4
3	11000001	1.3352	1.389	4
3	12000001	1.46033	1.389	4
3	13000001	1.35556	1.389	4
3	14000001	1.40149	1.389	4
3	15000001	1.389	1.389	4
3	16000001	1.0598	1.389	4
3	17000001	1.35772	1.389	4
3	18000001	0.797802	0.83655	3
3	19000001	1.22067	0.83655	3
3	20000001	1.20093	0.83655	3
3	21000001	0.987383	0.83655	3
3	22000001	1.027	0.83655	3
3	23000001	0.86613	0.83655	3
3	24000001	1.20586	0.83655	3
3	25000001	0.777118	0.83655	3
3	26000001	0.711715	0.83655	3
3	27000001	0.627891	0.83655	3
3	28000001	0.657469	0.83655	3
3	29000001	0.80697	0.83655	3
3	30000001	0.762673	0.83655	3
3	31000001	1.06574	0.83655	3
3	32000001	1.43316	1.33784	4
3	33000001	1.5435	1.33784	4
3	34000001	0.806607	1.33784	4
3	35000001	0.837242	1.33784	4
3	36000001	1.15025	1.33784	4
3	37000001	1.38833	1.33784	4
3	38000001	1.26081	1.33784	4
3	39000001	1.15097	1.33784	4
3	40000001	1.24361	1.33784	4
3	41000001	1.35779	1.33784	4
3	42000001	1.31337	1.33784	4
3	43000001	1.33605	1.33784	4
3	44000001	1.39563	1.33784	4
3	45000001	1.33963	1.33784	4
3	46000001	1.47855	1.33784	4
3	47000001	1.61715	1.33784	4
3	48000001	0.879236	0.559576	2
3	49000001	0.549895	0.559576	2
3	50000001	0.744282	0.559576	2
3	51000001	0.646242	0.559576	2
3	52000001	0.730614	0.559576	2
3	53000001	0.751042	0.559576	2
3	54000001	0.577789	0.559576	2
3	55000001	0.399646	0.559576	2
3	56000001	0.661092	0.559576	2
3	57000001	0.880152	0.559576	2
3	58000001	0.697479	0.559576	2
3	59000001	1.03485	0.559576	2
3	60000001	0.495992	0.559576	2
3	61000001	0.480961	0.559576	2
3	62000001	0.389054	0.559576	2
3	63000001	0.286646	0.559576	2
3	64000001	0.631133	0.559576	2
3	65000001	0.869816	0.559576	2
3	66000001	0.886199	0.559576	2
3	67000001	0.650402	0.559576	2
3	68000001	0.577133	0.559576	2
3	69000001	0.739818	0.559576	2
3	70000001	0.804124	0.559576	2
3	71000001	0.664067	0.559576	2
3	72000001	0.743196	0.559576	2
3	73000001	0.586139	0.559576	2
3	74000001	0.351419	0.559576	2
3	75000001	0.731939	0.559576	2
3	76000001	0.353446	0.559576	2
3	77000001	0.459635	0.559576	2
3	78000001	0.47914	0.559576	2
3	79000001	0.454768	0.559576	2
3	80000001	0.69665	0.559576	2
3	81000001	0.478353	0.559576	2
3	82000001	0.517509	0.559576	2
3	83000001	0.501613	0.559576	2
3	84000001	0.356962	0.559576	2
3	85000001	0.393706	0.559576	2
3	86000001	0.629324	0.559576	2
3	87000001	0.354701	0.559576	2
3	88000001	0.439217	0.559576	2
3	89000001	0.499696	0.559576	2
3	90000001	0.443951	0.559576	2
3	91000001	0.413471	0.559576	2
3	92000001	0.390418	0.559576	2
3	93000001	0.522869	0.559576	2
3	94000001	0.530177	0.559576	2
3	95000001	0.301029	0.559576	2
3	96000001	0.548726	0.559576	2
3	97000001	0.708371	0.559576	2
3	98000001	0.554691	0.559576	2
3	99000001	0.597185	0.559576	2
3	100000001	0.706794	0.559576	2
3	101000001	0.652564	0.559576	2
3	102000001	0.666326	0.559576	2
3	103000001	0.480367	0.559576	2
3	104000001	0.397891	0.559576	2
3	105000001	0.564462	0.559576	2
3	106000001	0.61368	0.559576	2
3	107000001	0.727497	0.559576	2
3	108000001	0.818269	0.559576	2
3	109000001	0.390638	0.559576	2
3	110000001	0.381771	0.559576	2
3	111000001	0.521247	0.559576	2
3	112000001	0.544755	0.559576	2
3	113000001	0.587879	0.559576	2
3	114000001	0.527363	0.559576	2
3	115000001	0.506055	0.559576	2
3	116000001	0.375707	0.559576	2
3	117000001	0.593066	0.559576	2
3	118000001	0.465723	0.559576	2
3	119000001	0.653547	0.559576	2
3	120000001	0.595379	0.559576	2
3	121000001	0.650771	0.559576	2
3	122000001	0.710316	0.841635	3
3	123000001	0.795445	0.841635	3
3	124000001	0.860378	0.841635	3
3	125000001	0.711577	0.841635	3
3	126000001	0.581687	0.841635	3
3	127000001	0.810611	0.841635	3
3	128000001	0.698908	0.841635	3
3	129000001	0.676902	0.841635	3
3	130000001	0.709035	0.841635	3
3	131000001	0.806554	0.841635	3
3	132000001	0.992385	0.841635	3
3	133000001	0.677774	0.841635	3
3	134000001	0.530897	0.841635	3
3	135000001	0.550955	0.841635	3
3	136000001	0.878002	0.841635	3
3	137000001	0.676196	0.841635	3
3	138000001	0.84141	0.841635	3
3	139000001	0.948197	0.841635	3
3	140000001	1.10419	0.841635	3
3	141000001	1.12718	0.841635	3
3	142000001	0.924462	0.841635	3
3	143000001	1.3566	0.841635	3
3	144000001	0.580921	0.841635	3
3	145000001	0.788762	0.841635	3
3	146000001	0.772293	0.841635	3
3	147000001	0.439627	0.841635	3
3	148000001	0.617633	0.841635	3
3	149000001	1.00326	0.841635	3
3	150000001	1.11654	0.841635	3
3	151000001	0.987798	0.841635	3
3	152000001	1.11182	0.841635	3
3	153000001	0.885673	0.841635	3
3	154000001	0.630835	0.841635	3
3	155000001	0.9716	0.841635	3
3	156000001	1.26603	0.841635	3
3	157000001	1.09908	0.841635	3
3	158000001	0.937333	0.841635	3
3	159000001	0.640936	0.841635	3
3	160000001	0.775894	0.841635	3
3	161000001	0.599394	0.841635	3
3	162000001	0.661995	0.841635	3
3	163000001	0.652523	0.841635	3
3	164000001	0.604816	0.841635	3
3	165000001	0.650943	0.841635	3
3	166000001	0.540861	0.841635	3
3	167000001	0.879818	0.841635	3
3	168000001	0.95473	0.841635	3
3	169000001	1.01321	0.841635	3
3	170000001	0.994406	0.841635	3
3	171000001	1.19698	0.841635	3
3	172000001	1.11831	0.841635	3
3	173000001	1.00975	0.841635	3
3	174000001	0.794205	0.841635	3
3	175000001	0.640886	0.841635	3
3	176000001	0.608446	0.841635	3
3	177000001	0.882952	0.841635	3
3	178000001	1.04655	0.841635	3
3	179000001	0.841859	0.841635	3
3	180000001	0.724757	0.841635	3
3	181000001	0.933473	0.841635	3
3	182000001	0.878356	0.841635	3
3	183000001	1.09345	0.841635	3
3	184000001	1.01144	0.841635	3
3	185000001	1.12354	0.841635	3
3	186000001	1.27879	0.841635	3
3	187000001	1.13936	0.841635	3
3	188000001	0.957853	0.841635	3
3	189000001	0.536495	0.841635	3
3	190000001	0.502742	0.841635	3
3	191000001	0.595807	0.841635	3
3	192000001	0.644647	0.841635	3
3	193000001	0.850662	0.841635	3
3	194000001	1.04146	1.10186	3
3	195000001	1.10186	1.10186	3
3	196000001	1.02358	1.10186	3
3	197000001	1.16392	1.10186	3
3	198000001	1.34391	1.10186	3
4	1	0.976446	1.0769	3
4	1000001	0.994524	1.0769	3
4	2000001	1.23932	1.0769	3
4	3000001	1.18618	1.0769	3
4	4000001	1.17672	1.0769	3
4	5000001	1.10969	1.0769	3
4	6000001	0.983945	1.0769	3
4	7000001	1.14321	1.0769	3
4	8000001	1.0769	1.0769	3
4	9000001	1.04381	1.0769	3
4	10000001	1.04786	1.0769	3
4	11000001	0.712005	0.68685	2
4	12000001	0.666065	0.68685	2
4	13000001	0.696076	0.68685	2
4	14000001	0.689345	0.68685	2
4	15000001	0.898386	0.68685	2
4	16000001	0.938788	0.68685	2
4	17000001	0.596479	0.68685	2
4	18000001	0.626428	0.68685	2
4	19000001	0.975491	0.68685	2
4	20000001	0.70864	0.68685	2
4	21000001	0.623496	0.68685	2
4	22000001	0.68428	0.68685	2
4	23000001	0.843539	0.68685	2
4	24000001	1.00474	0.68685	2
4	25000001	0.930703	0.68685	2
4	26000001	0.68685	0.68685	2
4	27000001	0.734388	0.68685	2
4	28000001	0.560349	0.68685	2
4	29000001	0.602901	0.68685	2
4	30000001	0.794811	0.68685	2
4	31000001	0.6262	0.68685	2
4	32000001	0.493505	0.68685	2
4	33000001	0.60554	0.68685	2
4	34000001	0.4771	0.68685	2
4	35000001	0.668335	0.68685	2
4	36000001	0.461258	0.68685	2
4	37000001	0.766417	0.68685	2
4	38000001	1.50515	1.50515	5
4	39000001	3.2329	3.2329	10
4	40000001	1.42539	0.870924	3
4	41000001	1.19778	0.870924	3
4	42000001	0.713202	0.870924	3
4	43000001	1.4008	0.870924	3
4	44000001	0.485782	0.870924	3
4	45000001	0.719486	0.870924	3
4	46000001	0.667272	0.870924	3
4	47000001	1.23941	0.870924	3
4	48000001	0.870924	0.870924	3
4	49000001	2.17259	2.17259	7
4	50000001	0.584344	0.797666	2
4	51000001	0.791887	0.797666	2
4	52000001	0.902021	0.797666	2
4	53000001	0.993843	0.797666	2
4	54000001	1.10755	0.797666	2
4	55000001	0.914738	0.797666	2
4	56000001	1.16507	0.797666	2
4	57000001	0.499494	0.797666	2
4	58000001	0.56695	0.797666	2
4	59000001	0.614042	0.797666	2
4	60000001	0.668489	0.797666	2
4	61000001	0.564394	0.797666	2
4	62000001	0.580649	0.797666	2
4	63000001	0.54037	0.797666	2
4	64000001	0.570019	0.797666	2
4	65000001	0.488617	0.797666	2
4	66000001	0.797666	0.797666	2
4	67000001	1.00896	0.797666	2
4	68000001	1.02255	0.797666	2
4	69000001	0.70733	0.797666	2
4	70000001	1.5509	0.797666	2
4	71000001	0.941352	0.797666	2
4	72000001	0.866876	0.797666	2
4	73000001	1.19648	0.797666	2
4	74000001	1.14761	0.797666	2
4	75000001	0.914542	0.797666	2
4	76000001	1.20889	0.797666	2
4	77000001	1.08667	0.797666	2
4	78000001	1.22533	0.797666	2
4	79000001	0.929808	0.797666	2
4	80000001	0.911968	0.797666	2
4	81000001	0.726918	0.797666	2
4	82000001	0.820338	0.797666	2
4	83000001	1.08652	0.797666	2
4	84000001	1.16116	0.797666	2
4	85000001	0.888838	0.797666	2
4	86000001	0.929661	0.797666	2
4	87000001	1.28587	0.797666	2
4	88000001	0.88159	0.797666	2
4	89000001	0.778603	0.797666	2
4	90000001	0.734696	0.797666	2
4	91000001	0.478187	0.797666	2
4	92000001	0.808379	0.797666	2
4	93000001	0.691762	0.797666	2
4	94000001	0.914006	0.797666	2
4	95000001	0.791359	0.797666	2
4	96000001	0.6892	0.797666	2
4	97000001	0.587517	0.797666	2
4	98000001	0.935682	0.797666	2
4	99000001	1.00987	0.797666	2
4	100000001	0.629972	0.797666	2
4	101000001	0.764157	0.797666	2
4	102000001	0.896154	0.797666	2
4	103000001	0.611207	0.797666	2
4	104000001	1.62375	0.797666	2
4	105000001	0.817368	0.797666	2
4	106000001	0.439833	0.797666	2
4	107000001	0.829337	0.797666	2
4	108000001	0.949491	0.797666	2
4	109000001	1.21792	0.797666	2
4	110000001	0.89879	0.797666	2
4	111000001	0.847477	0.797666	2
4	112000001	1.14425	0.797666	2
4	113000001	0.599507	0.797666	2
4	114000001	0.595161	0.797666	2
4	115000001	0.545534	0.797666	2
4	116000001	0.43664	0.797666	2
4	117000001	0.52985	0.797666	2
4	118000001	1.02127	0.797666	2
4	119000001	0.748059	0.797666	2
4	120000001	0.618772	0.797666	2
4	121000001	0.825057	0.797666	2
4	122000001	1.34292	0.797666	2
4	123000001	1.02246	0.797666	2
4	124000001	0.641308	0.797666	2
4	125000001	0.591217	0.797666	2
4	126000001	0.706615	0.797666	2
4	127000001	1.0436	0.797666	2
4	128000001	1.09714	0.797666	2
4	129000001	0.843247	0.797666	2
4	130000001	0.546455	0.797666	2
4	131000001	0.620078	0.797666	2
4	132000001	0.627801	0.797666	2
4	133000001	0.609419	0.797666	2
4	134000001	0.570565	0.797666	2
4	135000001	0.740229	0.797666	2
4	136000001	0.546482	0.797666	2
4	137000001	0.613225	0.797666	2
4	138000001	0.855193	0.797666	2
4	139000001	0.973778	0.797666	2
4	140000001	0.983555	0.797666	2
4	141000001	0.605794	0.797666	2
4	142000001	0.821493	0.797666	2
4	143000001	1.13434	0.797666	2
4	144000001	0.960283	0.797666	2
4	145000001	0.777317	0.797666	2
4	146000001	0.628575	0.797666	2
4	147000001	0.728073	0.797666	2
4	148000001	0.749177	0.797666	2
4	149000001	0.903042	0.797666	2
4	150000001	1.03634	0.797666	2
4	151000001	0.996255	0.797666	2
4	152000001	1.04916	0.797666	2
4	153000001	0.976854	0.797666	2
4	154000001	1.02298	0.797666	2
4	155000001	0.60804	0.797666	2
4	156000001	0.612885	0.797666	2
4	157000001	0.597603	0.797666	2
4	158000001	0.808264	0.797666	2
4	159000001	0.667135	0.797666	2
4	160000001	0.281674	0.797666	2
4	161000001	0.287624	0.797666	2
4	162000001	0.398939	0.797666	2
4	163000001	0.651878	0.797666	2
4	164000001	0.510079	0.797666	2
4	165000001	0.635308	0.797666	2
4	166000001	0.692022	0.797666	2
4	167000001	0.700277	0.797666	2
4	168000001	0.851289	0.797666	2
4	169000001	0.777247	0.797666	2
4	170000001	0.634004	0.797666	2
4	171000001	0.931842	0.797666	2
4	172000001	0.895796	0.797666	2
4	173000001	1.00006	0.797666	2
4	174000001	0.887119	0.797666	2
4	175000001	0.639429	0.797666	2
4	176000001	0.858876	0.797666	2
4	177000001	0.755819	0.797666	2
4	178000001	0.562928	0.797666	2
4	179000001	0.584505	0.797666	2
4	180000001	0.649555	0.797666	2
4	181000001	0.615473	0.797666	2
4	182000001	0.911087	0.797666	2
4	183000001	1.07727	0.797666	2
4	184000001	1.2054	0.797666	2
4	185000001	1.06257	0.797666	2
4	186000001	0.914939	0.797666	2
4	187000001	0.626127	0.797666	2
4	188000001	0.704166	0.797666	2
4	189000001	0.494758	0.797666	2
4	190000001	1.77273	0.797666	2
5	1	1.21812	0.752373	2
5	1000001	1.24545	0.752373	2
5	2000001	0.914605	0.752373	2
5	3000001	0.726011	0.752373	2
5	4000001	0.976701	0.752373	2
5	5000001	0.997759	0.752373	2
5	6000001	0.607975	0.752373	2
5	7000001	0.656061	0.752373	2
5	8000001	0.587385	0.752373	2
5	9000001	1.4265	0.752373	2
5	10000001	0.914239	0.752373	2
5	11000001	0.958957	0.752373	2
5	12000001	0.853754	0.752373	2
5	13000001	0.704238	0.752373	2
5	14000001	0.769662	0.752373	2
5	15000001	0.617437	0.752373	2
5	16000001	0.571193	0.752373	2
5	17000001	0.664164	0.752373	2
5	18000001	0.592913	0.752373	2
5	19000001	0.752373	0.752373	2
5	20000001	0.750513	0.752373	2
5	21000001	1.32333	1.09639	3
5	22000001	1.37517	1.09639	3
5	23000001	1.40449	1.09639	3
5	24000001	0.869695	1.09639	3
5	25000001	0.755711	1.09639	3
5	26000001	0.670538	1.09639	3
5	27000001	0.947214	1.09639	3
5	28000001	0.683999	1.09639	3
5	29000001	1.03757	1.09639	3
5	30000001	1.4395	1.09639	3
5	31000001	0.647078	1.09639	3
5	32000001	0.855411	1.09639	3
5	33000001	1.45146	1.09639	3
5	34000001	0.855828	1.09639	3
5	35000001	1.11838	1.09639	3
5	36000001	1.53021	1.09639	3
5	37000001	1.11623	1.09639	3
5	38000001	1.29113	1.09639	3
5	39000001	1.06738	1.09639	3
5	40000001	0.778199	1.09639	3
5	41000001	0.90107	1.09639	3
5	42000001	1.08351	1.09639	3
5	43000001	1.10928	1.09639	3
5	44000001	1.38366	1.09639	3
5	45000001	1.15838	1.09639	3
5	46000001	1.11206	1.09639	3
5	47000001	1.73101	1.73101	5
5	48000001	1.43971	1.73101	5
5	49000001	2.29394	1.73101	5
5	50000001	1.39165	1.22756	4
5	51000001	0.830041	1.22756	4
5	52000001	1.22756	1.22756	4
5	53000001	1.28858	1.22756	4
5	54000001	1.35615	1.22756	4
5	55000001	1.0388	1.22756	4
5	56000001	1.19909	1.22756	4
5	57000001	1.0059	1.22756	4
5	58000001	1.28369	1.22756	4
5	59000001	0.961381	1.22756	4
5	60000001	1.3819	1.22756	4
5	61000001	1.46552	1.22756	4
5	62000001	1.15541	1.22756	4
5	63000001	1.33169	1.22756	4
5	64000001	1.15775	1.22756	4
5	65000001	0.909455	0.681825	2
5	66000001	0.681825	0.681825	2
5	67000001	0.459094	0.681825	2
5	68000001	0.674371	0.681825	2
5	69000001	0.596065	0.681825	2
5	70000001	0.600004	0.681825	2
5	71000001	0.74041	0.681825	2
5	72000001	0.705245	0.681825	2
5	73000001	0.84661	0.681825	2
5	74000001	1.35882	1.02565	3
5	75000001	1.10684	1.02565	3
5	76000001	1.00774	1.02565	3
5	77000001	0.785097	1.02565	3
5	78000001	1.04355	1.02565	3
5	79000001	1.367	1.02565	3
5	80000001	0.984205	1.02565	3
5	81000001	0.925318	1.02565	3
5	82000001	0.999821	1.02565	3
5	83000001	1.11663	1.02565	3
5	84000001	1.06329	1.02565	3
5	85000001	0.916732	1.02565	3
5	86000001	1.8277	1.35958	4
5	87000001	1.10209	1.35958	4
5	88000001	1.62412	1.35958	4
5	89000001	1.32821	1.35958	4
5	90000001	0.956373	1.35958	4
5	91000001	1.70988	1.35958	4
5	92000001	1.15348	1.35958	4
5	93000001	0.937529	1.35958	4
5	94000001	1.41693	1.35958	4
5	95000001	1.98508	1.35958	4
5	96000001	1.30885	1.35958	4
5	97000001	1.26466	1.35958	4
5	98000001	1.39095	1.35958	4
5	99000001	0.84243	1.35958	4
5	100000001	1.07016	1.35958	4
5	101000001	1.79215	1.35958	4
5	102000001	1.54624	1.35958	4
5	103000001	1.6791	1.35958	4
5	104000001	0.755451	0.755451	2
5	105000001	1.01848	0.755451	2
5	106000001	0.725059	0.755451	2
5	107000001	1.35884	1.23658	4
5	108000001	1.44531	1.23658	4
5	109000001	1.25577	1.23658	4
5	110000001	0.928845	1.23658	4
5	111000001	1.11062	1.23658	4
5	112000001	1.42819	1.23658	4
5	113000001	1.40104	1.23658	4
5	114000001	0.604859	1.23658	4
5	115000001	1.00496	1.23658	4
5	116000001	1.42552	1.23658	4
5	117000001	1.54819	1.23658	4
5	118000001	0.889618	1.23658	4
5	119000001	1.89252	1.23658	4
5	120000001	1.25616	1.23658	4
5	121000001	1.35668	1.23658	4
5	122000001	1.31287	1.23658	4
5	123000001	1.23715	1.23658	4
5	124000001	0.915863	1.23658	4
5	125000001	0.929923	1.23658	4
5	126000001	1.28232	1.23658	4
5	127000001	1.4621	1.23658	4
5	128000001	0.539243	1.23658	4
5	129000001	0.901649	1.23658	4
5	130000001	1.47403	1.23658	4
5	131000001	1.11984	1.23658	4
5	132000001	1.0647	1.23658	4
5	133000001	1.2664	1.23658	4
5	134000001	1.36371	1.23658	4
5	135000001	0.879921	1.23658	4
5	136000001	1.18653	1.23658	4
5	137000001	0.860509	1.23658	4
5	138000001	1.12366	1.23658	4
5	139000001	1.34016	1.23658	4
5	140000001	1.06391	1.23658	4
5	141000001	0.988249	1.23658	4
5	142000001	1.45493	1.23658	4
5	143000001	1.56059	1.23658	4
5	144000001	0.564764	1.23658	4
5	145000001	1.46287	1.23658	4
5	146000001	1.39425	1.23658	4
5	147000001	1.05748	1.23658	4
5	148000001	1.54505	1.23658	4
5	149000001	1.21245	1.23658	4
5	150000001	1.1319	1.23658	4
5	151000001	1.23601	1.23658	4
5	152000001	0.781162	1.23658	4
5	153000001	0.886254	1.23658	4
5	154000001	1.45472	1.23658	4
5	155000001	0.927719	0.840324	3
5	156000001	0.476729	0.840324	3
5	157000001	0.825567	0.840324	3
5	158000001	0.533377	0.840324	3
5	159000001	0.773268	0.840324	3
5	160000001	0.740816	0.840324	3
5	161000001	0.48315	0.840324	3
5	162000001	0.395901	0.840324	3
5	163000001	0.803386	0.840324	3
5	164000001	0.932474	0.840324	3
5	165000001	1.082	0.840324	3
5	166000001	1.18905	0.840324	3
5	167000001	0.932139	0.840324	3
5	168000001	0.858374	0.840324	3
5	169000001	0.796276	0.840324	3
5	170000001	0.840324	0.840324	3
5	171000001	0.776684	0.840324	3
5	172000001	0.904502	0.840324	3
5	173000001	0.871884	0.840324	3
5	174000001	0.582704	0.840324	3
5	175000001	1.20153	0.840324	3
5	176000001	0.890413	0.840324	3
5	177000001	0.800722	0.840324	3
5	178000001	0.872013	0.840324	3
5	179000001	0.726747	0.840324	3
5	180000001	0.95484	0.840324	3
5	181000001	0.972966	0.840324	3
6	1	1.34844	1.50784	5
6	1000001	1.50552	1.50784	5
6	2000001	1.68227	1.50784	5
6	3000001	1.45881	1.50784	5
6	4000001	1.34436	1.50784	5
6	5000001	1.65604	1.50784	5
6	6000001	1.52753	1.50784	5
6	7000001	2.01635	1.50784	5
6	8000001	1.51016	1.50784	5
6	9000001	0.99649	1.50784	5
6	10000001	1.86214	1.94248	6
6	11000001	2.19907	1.94248	6
6	12000001	1.93064	1.94248	6
6	13000001	2.21889	1.94248	6
6	14000001	1.94248	1.94248	6
6	15000001	1.99287	1.94248	6
6	16000001	2.00329	1.94248	6
6	17000001	1.73952	1.94248	6
6	18000001	1.91557	1.94248	6
6	19000001	1.05742	1.05742	3
6	20000001	1.24772	1.05742	3
6	21000001	1.39297	1.05742	3
6	22000001	0.936213	1.05742	3
6	23000001	0.688525	1.05742	3
6	24000001	1.56195	1.3704	4
6	25000001	1.55623	1.3704	4
6	26000001	1.25575	1.3704	4
6	27000001	1.35422	1.3704	4
6	28000001	1.5692	1.3704	4
6	29000001	1.61638	1.3704	4
6	30000001	1.85538	1.3704	4
6	31000001	1.21277	1.3704	4
6	32000001	1.61224	1.3704	4
6	33000001	1.41762	1.3704	4
6	34000001	1.3704	1.3704	4
6	35000001	1.1832	1.3704	4
6	36000001	1.22316	1.3704	4
6	37000001	1.38491	1.3704	4
6	38000001	1.36406	1.3704	4
6	39000001	1.16433	1.3704	4
6	40000001	1.10098	1.3704	4
6	41000001	1.70343	1.67634	5
6	42000001	2.04094	1.67634	5
6	43000001	1.47076	1.67634	5
6	44000001	1.60801	1.67634	5
6	45000001	2.3338	1.67634	5
6	46000001	1.64925	1.67634	5
6	47000001	1.34148	1.17437	4
6	48000001	1.02064	1.17437	4
6	49000001	1.45988	1.17437	4
6	50000001	1.09425	1.17437	4
6	51000001	1.27435	1.17437	4
6	52000001	1.08033	1.17437	4
6	53000001	1.1584	1.17437	4
6	54000001	0.909455	1.17437	4
6	55000001	1.17437	1.17437	4
6	56000001	1.66007	1.17437	4
6	57000001	1.17625	1.17437	4
6	58000001	0.753584	0.714403	2
6	59000001	0.719288	0.714403	2
6	60000001	0.711381	0.714403	2
6	61000001	0.632546	0.714403	2
6	62000001	0.477177	0.714403	2
6	63000001	1.10222	0.714403	2
6	64000001	0.682407	0.714403	2
6	65000001	0.799153	0.714403	2
6	66000001	0.486714	0.714403	2
6	67000001	0.717426	0.714403	2
6	68000001	1.07258	1.11077	3
6	69000001	0.874106	1.11077	3
6	70000001	1.14589	1.11077	3
6	71000001	1.17641	1.11077	3
6	72000001	0.794111	1.11077	3
6	73000001	1.37772	1.11077	3
6	74000001	0.896584	1.11077	3
6	75000001	1.3978	1.11077	3
6	76000001	0.642187	1.11077	3
6	77000001	1.27471	1.11077	3
6	78000001	1.09524	1.11077	3
6	79000001	1.33872	1.11077	3
6	80000001	1.69201	1.11077	3
6	81000001	1.36306	1.11077	3
6	82000001	0.945763	1.11077	3
6	83000001	0.897136	1.11077	3
6	84000001	1.11077	1.11077	3
6	85000001	0.993659	1.11077	3
6	86000001	0.658436	1.11077	3
6	87000001	1.18844	1.11077	3
6	88000001	0.899569	1.11077	3
6	89000001	1.1443	1.11077	3
6	90000001	1.36581	1.11077	3
6	91000001	0.746784	0.792377	2
6	92000001	0.458125	0.792377	2
6	93000001	1.54696	0.792377	2
6	94000001	0.435689	0.792377	2
6	95000001	0.585053	0.792377	2
6	96000001	0.725196	0.792377	2
6	97000001	0.648346	0.792377	2
6	98000001	0.690155	0.792377	2
6	99000001	1.42076	0.792377	2
6	100000001	0.522555	0.792377	2
6	101000001	0.633771	0.792377	2
6	102000001	0.581026	0.792377	2
6	103000001	0.790139	0.792377	2
6	104000001	0.770011	0.792377	2
6	105000001	1.04649	0.792377	2
6	106000001	1.08124	0.792377	2
6	107000001	1.13943	0.792377	2
6	108000001	1.36164	0.792377	2
6	109000001	0.781643	0.792377	2
6	110000001	0.962476	0.792377	2
6	111000001	1.15121	0.792377	2
6	112000001	0.729653	0.792377	2
6	113000001	0.683995	0.792377	2
6	114000001	0.557585	0.792377	2
6	115000001	0.792377	0.792377	2
6	116000001	0.910212	0.792377	2
6	117000001	0.837918	0.792377	2
6	118000001	0.946863	0.792377	2
6	119000001	1.00351	0.792377	2
6	120000001	0.86581	0.792377	2
6	121000001	0.782531	0.792377	2
6	122000001	0.663058	0.792377	2
6	123000001	0.54379	0.792377	2
6	124000001	0.958957	0.792377	2
6	125000001	1.09628	0.792377	2
6	126000001	1.33879	0.792377	2
6	127000001	0.710376	0.792377	2
6	128000001	0.80147	0.792377	2
6	129000001	1.03488	0.792377	2
6	130000001	0.951195	0.792377	2
6	131000001	0.796472	0.792377	2
6	132000001	0.724974	0.792377	2
6	133000001	0.833262	0.792377	2
6	134000001	1.27097	1.2506	4
6	135000001	1.29672	1.2506	4
6	136000001	1.59476	1.2506	4
6	137000001	1.3772	1.2506	4
6	138000001	1.33498	1.2506	4
6	139000001	1.30544	1.2506	4
6	140000001	0.851278	1.2506	4
6	141000001	0.849118	1.2506	4
6	142000001	1.25599	1.2506	4
6	143000001	1.38902	1.2506	4
6	144000001	1.20349	1.2506	4
6	145000001	1.07937	1.2506	4
6	146000001	1.28922	1.2506	4
6	147000001	1.52076	1.2506	4
6	148000001	1.2506	1.2506	4
6	149000001	1.4258	1.2506	4
6	150000001	1.52318	1.2506	4
6	151000001	1.23298	1.2506	4
6	152000001	0.983146	1.2506	4
6	153000001	0.898071	1.2506	4
6	154000001	1.26013	1.2506	4
6	155000001	1.30401	1.2506	4
6	156000001	1.30637	1.2506	4
6	157000001	1.17406	1.2506	4
6	158000001	1.18145	1.2506	4
6	159000001	1.14827	1.2506	4
6	160000001	1.11581	1.2506	4
6	161000001	1.12872	1.2506	4
6	162000001	0.826838	1.2506	4
6	163000001	0.983606	1.2506	4
6	164000001	1.08778	1.2506	4
6	165000001	1.18252	1.2506	4
6	166000001	1.35785	1.2506	4
6	167000001	1.26443	1.2506	4
6	168000001	1.24892	1.2506	4
6	169000001	1.12183	1.2506	4
6	170000001	1.26909	1.2506	4
7	1	0.982619	0.970385	3
7	1000001	1.06721	0.970385	3
7	2000001	0.972196	0.970385	3
7	3000001	1.12721	0.970385	3
7	4000001	1.19731	0.970385	3
7	5000001	0.944512	0.970385	3
7	6000001	1.11583	0.970385	3
7	7000001	1.63406	0.970385	3
7	8000001	0.827149	0.970385	3
7	9000001	0.726768	0.970385	3
7	10000001	0.79388	0.970385	3
7	11000001	0.702257	0.970385	3
7	12000001	0.979052	0.970385	3
7	13000001	0.84412	0.970385	3
7	14000001	0.741749	0.970385	3
7	15000001	1.18507	0.970385	3
7	16000001	1.38158	0.970385	3
7	17000001	1.02728	0.970385	3
7	18000001	0.763908	0.970385	3
7	19000001	0.792356	0.970385	3
7	20000001	0.952055	0.970385	3
7	21000001	1.11098	0.970385	3
7	22000001	1.18359	0.970385	3
7	23000001	1.14173	0.970385	3
7	24000001	1.30662	0.970385	3
7	25000001	1.05776	0.970385	3
7	26000001	1.08393	0.970385	3
7	27000001	0.892683	0.970385	3
7	28000001	0.923643	0.970385	3
7	29000001	1.06915	0.970385	3
7	30000001	1.22362	0.970385	3
7	31000001	0.970225	0.970385	3
7	32000001	1.0793	0.970385	3
7	33000001	1.0891	0.970385	3
7	34000001	0.809235	0.970385	3
7	35000001	0.836609	0.970385	3
7	36000001	1.19956	0.970385	3
7	37000001	0.983661	0.970385	3
7	38000001	1.048	0.970385	3
7	39000001	0.936029	0.970385	3
7	40000001	0.793686	0.970385	3
7	41000001	0.6985	0.970385	3
7	42000001	1.10657	0.970385	3
7	43000001	1.03465	0.970385	3
7	44000001	0.925974	0.970385	3
7	45000001	0.909177	0.970385	3
7	46000001	0.948653	0.970385	3
7	47000001	0.830153	0.970385	3
7	48000001	0.491091	0.970385	3
7	49000001	0.798866	0.970385	3
7	50000001	1.03842	0.970385	3
7	51000001	0.682658	0.970385	3
7	52000001	0.448734	0.970385	3
7	53000001	0.372592	0.970385	3
7	54000001	0.970545	0.970385	3
7	55000001	1.03051	0.970385	3
7	56000001	0.817697	0.970385	3
7	57000001	0.818562	0.970385	3
7	58000001	1.06393	0.970385	3
7	59000001	1.06358	0.970385	3
7	60000001	0.887166	0.970385	3
7	61000001	0.706087	0.970385	3
7	62000001	0.843634	0.970385	3
7	63000001	0.92111	0.970385	3
7	64000001	0.948608	0.970385	3
7	65000001	1.26979	0.970385	3
7	66000001	0.992957	0.970385	3
7	67000001	1.06529	0.970385	3
7	68000001	0.892604	0.970385	3
7	69000001	0.804815	0.970385	3
7	70000001	1.4213	0.970385	3
7	71000001	0.908832	0.970385	3
7	72000001	1.19308	0.970385	3
7	73000001	1.26784	0.970385	3
7	74000001	1.43674	0.970385	3
7	75000001	1.17224	0.970385	3
7	76000001	1.34964	0.970385	3
7	77000001	1.47139	0.970385	3
7	78000001	1.21323	0.970385	3
7	79000001	0.958342	0.970385	3
7	80000001	0.782805	0.970385	3
7	81000001	0.875058	0.970385	3
7	82000001	0.651126	0.970385	3
7	83000001	0.706468	0.970385	3
7	84000001	1.02883	0.970385	3
7	85000001	0.929529	0.970385	3
7	86000001	1.14514	0.970385	3
7	87000001	1.36217	0.970385	3
7	88000001	0.769985	0.970385	3
7	89000001	0.837141	0.970385	3
7	90000001	1.057	0.970385	3
7	91000001	0.946046	0.970385	3
7	92000001	1.53683	0.970385	3
7	93000001	1.44694	0.970385	3
7	94000001	0.877804	0.970385	3
7	95000001	0.956236	0.970385	3
7	96000001	0.917781	0.970385	3
7	97000001	1.02404	0.970385	3
7	98000001	1.35475	1.44017	4
7	99000001	1.50217	1.44017	4
7	100000001	1.49349	1.44017	4
7	101000001	1.71	1.44017	4
7	102000001	1.20714	1.44017	4
7	103000001	1.37241	1.44017	4
7	104000001	1.40513	1.44017	4
7	105000001	1.74738	1.44017	4
7	106000001	1.72125	1.44017	4
7	107000001	1.49353	1.44017	4
7	108000001	1.91335	1.44017	4
7	109000001	0.792828	1.44017	4
7	110000001	0.966498	1.44017	4
7	111000001	1.27956	1.44017	4
7	112000001	1.17884	1.44017	4
7	113000001	1.209	1.44017	4
7	114000001	1.0728	1.44017	4
7	115000001	1.0816	1.44017	4
7	116000001	1.81967	1.44017	4
7	117000001	1.53465	1.44017	4
7	118000001	1.39504	1.44017	4
7	119000001	1.05931	1.44017	4
7	120000001	1.44486	1.44017	4
7	121000001	1.54347	1.44017	4
7	122000001	1.17064	1.44017	4
7	123000001	1.40819	1.44017	4
7	124000001	1.04007	1.44017	4
7	125000001	0.932481	1.44017	4
7	126000001	1.00657	1.44017	4
7	127000001	1.7802	1.44017	4
7	128000001	1.66909	1.44017	4
7	129000001	1.61492	1.44017	4
7	130000001	1.88448	1.44017	4
7	131000001	1.35977	1.44017	4
7	132000001	1.44122	1.44017	4
7	133000001	1.11332	1.44017	4
7	134000001	1.69556	1.44017	4
7	135000001	1.61736	1.44017	4
7	136000001	0.969529	1.44017	4
7	137000001	1.48576	1.44017	4
7	138000001	1.82085	1.44017	4
7	139000001	2.02432	1.44017	4
7	140000001	1.52641	1.44017	4
7	141000001	1.51776	1.44017	4
7	142000001	1.43911	1.44017	4
7	143000001	1.52353	1.44017	4
7	144000001	1.21337	1.44017	4
7	145000001	1.15624	1.44017	4
7	146000001	0.953349	1.44017	4
7	147000001	0.869785	1.44017	4
7	148000001	1.66673	1.44017	4
7	149000001	1.56404	1.44017	4
7	150000001	1.9415	1.44017	4
7	151000001	2.018	1.44017	4
7	152000001	1.34673	1.44017	4
7	153000001	1.33753	1.44017	4
7	154000001	1.11425	1.44017	4
7	155000001	1.48736	1.44017	4
7	156000001	1.43043	1.44017	4
7	157000001	1.53919	1.44017	4
7	158000001	2.05824	2.01135	6
7	159000001	1.96446	2.01135	6
8	1	0.942271	0.875372	3
8	1000001	1.02839	0.875372	3
8	2000001	1.07775	0.875372	3
8	3000001	0.733556	0.875372	3
8	4000001	0.495459	0.875372	3
8	5000001	0.630215	0.875372	3
8	6000001	0.822977	0.875372	3
8	7000001	0.994499	0.875372	3
8	8000001	1.17746	0.875372	3
8	9000001	1.09213	0.875372	3
8	10000001	0.987263	0.875372	3
8	11000001	0.991957	0.875372	3
8	12000001	0.832917	0.875372	3
8	13000001	0.846226	0.875372	3
8	14000001	0.71798	0.875372	3
8	15000001	0.534577	0.875372	3
8	16000001	0.811888	0.875372	3
8	17000001	0.684192	0.875372	3
8	18000001	0.656254	0.875372	3
8	19000001	0.707789	0.875372	3
8	20000001	0.826195	0.875372	3
8	21000001	0.936203	0.875372	3
8	22000001	1.15359	0.875372	3
8	23000001	0.989246	0.875372	3
8	24000001	0.684969	0.875372	3
8	25000001	0.682855	0.875372	3
8	26000001	0.909676	0.875372	3
8	27000001	0.961026	0.875372	3
8	28000001	1.18547	0.875372	3
8	29000001	0.904519	0.875372	3
8	30000001	0.942425	0.875372	3
8	31000001	1.09008	0.875372	3
8	32000001	0.601653	0.875372	3
8	33000001	0.796575	0.875372	3
8	34000001	0.584445	0.875372	3
8	35000001	0.733832	0.875372	3
8	36000001	0.775405	0.875372	3
8	37000001	0.90837	0.875372	3
8	38000001	1.08617	0.875372	3
8	39000001	0.917381	0.875372	3
8	40000001	0.792738	0.875372	3
8	41000001	1.11599	0.875372	3
8	42000001	0.820315	0.875372	3
8	43000001	0.958703	0.875372	3
8	44000001	0.616497	0.758795	2
8	45000001	0.494874	0.758795	2
8	46000001	0.79667	0.758795	2
8	47000001	0.75384	0.758795	2
8	48000001	0.91824	0.758795	2
8	49000001	0.71203	0.758795	2
8	50000001	0.646527	0.758795	2
8	51000001	0.728556	0.758795	2
8	52000001	0.670758	0.758795	2
8	53000001	0.98938	0.758795	2
8	54000001	0.798524	0.758795	2
8	55000001	1.03038	0.758795	2
8	56000001	0.763193	0.758795	2
8	57000001	0.674997	0.758795	2
8	58000001	0.94775	0.758795	2
8	59000001	0.696723	0.758795	2
8	60000001	1.20575	0.758795	2
8	61000001	0.941363	0.758795	2
8	62000001	0.800005	0.758795	2
8	63000001	0.758795	0.758795	2
8	64000001	0.484204	0.758795	2
8	65000001	0.916384	0.758795	2
8	66000001	0.860212	0.758795	2
8	67000001	1.05615	0.758795	2
8	68000001	0.607032	0.758795	2
8	69000001	0.616449	0.758795	2
8	70000001	0.796276	0.758795	2
8	71000001	0.45587	0.758795	2
8	72000001	0.695499	0.758795	2
8	73000001	0.971826	0.758795	2
8	74000001	0.976536	0.758795	2
8	75000001	0.667901	0.758795	2
8	76000001	0.6986	0.758795	2
8	77000001	0.557127	0.758795	2
8	78000001	0.786375	0.758795	2
8	79000001	0.781817	0.758795	2
8	80000001	1.18165	0.758795	2
8	81000001	0.488528	0.758795	2
8	82000001	0.686251	0.758795	2
8	83000001	0.688988	0.758795	2
8	84000001	0.661209	0.758795	2
8	85000001	1.0143	0.758795	2
8	86000001	0.874753	0.758795	2
8	87000001	0.60891	0.758795	2
8	88000001	0.84836	0.758795	2
8	89000001	0.98523	0.98523	3
8	90000001	1.25258	0.98523	3
8	91000001	0.793059	0.98523	3
8	92000001	0.858876	0.98523	3
8	93000001	1.22539	0.98523	3
8	94000001	1.23243	0.98523	3
8	95000001	1.23782	0.98523	3
8	96000001	0.914206	0.98523	3
8	97000001	0.913896	0.98523	3
8	98000001	0.979012	0.98523	3
8	99000001	0.986475	0.98523	3
8	100000001	1.09535	0.98523	3
8	101000001	1.02955	0.98523	3
8	102000001	0.933316	0.98523	3
8	103000001	1.02296	0.98523	3
8	104000001	0.955913	0.98523	3
8	105000001	1.04234	0.98523	3
8	106000001	0.942239	0.98523	3
8	107000001	0.889881	0.98523	3
8	108000001	0.691999	0.654116	2
8	109000001	0.649712	0.654116	2
8	110000001	0.461972	0.654116	2
8	111000001	0.497447	0.654116	2
8	112000001	0.536727	0.654116	2
8	113000001	0.520157	0.654116	2
8	114000001	0.633887	0.654116	2
8	115000001	0.764094	0.654116	2
8	116000001	0.944064	0.654116	2
8	117000001	0.791067	0.654116	2
8	118000001	0.556802	0.654116	2
8	119000001	0.693286	0.654116	2
8	120000001	0.676263	0.654116	2
8	121000001	0.65852	0.654116	2
8	122000001	1.18806	1.07722	3
8	123000001	1.21189	1.07722	3
8	124000001	1.31961	1.07722	3
8	125000001	1.07722	1.07722	3
8	126000001	0.689831	1.07722	3
8	127000001	1.13967	1.07722	3
8	128000001	1.04999	1.07722	3
8	129000001	1.0184	1.07722	3
8	130000001	0.994639	1.07722	3
8	131000001	0.747555	0.717816	2
8	132000001	0.717816	0.717816	2
8	133000001	0.720897	0.717816	2
8	134000001	0.89349	0.717816	2
8	135000001	0.578012	0.717816	2
8	136000001	0.678911	0.717816	2
8	137000001	0.517739	0.717816	2
8	138000001	2.45854	2.45854	7
8	139000001	1.01084	0.999959	3
8	140000001	1.0848	0.999959	3
8	141000001	1.1492	0.999959	3
8	142000001	0.999959	0.999959	3
8	143000001	0.968979	0.999959	3
8	144000001	0.88593	0.999959	3
8	145000001	0.979997	0.999959	3
9	1	0.650197	0.637818	2
9	1000001	0.468218	0.637818	2
9	2000001	0.590179	0.637818	2
9	3000001	0.60637	0.637818	2
9	4000001	0.691558	0.637818	2
9	5000001	0.822809	0.637818	2
9	6000001	0.997546	0.637818	2
9	7000001	0.472188	0.637818	2
9	8000001	0.421256	0.637818	2
9	9000001	0.349534	0.637818	2
9	10000001	0.689766	0.637818	2
9	11000001	1.07315	0.637818	2
9	12000001	0.444011	0.637818	2
9	13000001	0.645873	0.637818	2
9	14000001	0.801269	0.637818	2
9	15000001	0.842543	0.637818	2
9	16000001	0.404785	0.637818	2
9	17000001	0.361609	0.637818	2
9	18000001	1.00307	0.637818	2
9	19000001	0.908266	0.637818	2
9	20000001	0.629763	0.637818	2
9	21000001	0.071767	0.637818	2
9	22000001	0.226836	0.637818	2
9	23000001	0.931713	0.637818	2
9	24000001	0.178716	0.637818	2
9	25000001	0.686381	0.637818	2
9	26000001	1.06185	1.09127	3
9	27000001	1.01718	1.09127	3
9	28000001	1.05597	1.09127	3
9	29000001	0.634417	1.09127	3
9	30000001	1.19726	1.09127	3
9	31000001	1.0915	1.09127	3
9	32000001	1.25576	1.09127	3
9	33000001	1.14981	1.09127	3
9	34000001	1.02989	1.09127	3
9	35000001	1.30992	1.09127	3
9	36000001	0.922117	1.09127	3
9	37000001	1.57371	1.09127	3
9	38000001	1.38781	1.09127	3
9	39000001	1.38911	1.09127	3
9	40000001	1.04109	1.09127	3
9	41000001	0.94728	1.09127	3
9	42000001	0.641116	1.09127	3
9	43000001	1.83999	1.09127	3
9	44000001	2.0779	1.09127	3
9	45000001	1.7914	1.09127	3
9	46000001	-1	1.09127	3
9	47000001	-1	1.09127	3
9	48000001	-1	1.09127	3
9	49000001	-1	1.09127	3
9	50000001	-1	1.09127	3
9	51000001	-1	1.09127	3
9	52000001	-1	1.09127	3
9	53000001	-1	1.09127	3
9	54000001	-1	1.09127	3
9	55000001	-1	1.09127	3
9	56000001	-1	1.09127	3
9	57000001	-1	1.09127	3
9	58000001	-1	1.09127	3
9	59000001	-1	1.09127	3
9	60000001	1.41231	1.09127	3
9	61000001	1.09105	1.09127	3
9	62000001	1.21608	1.09127	3
9	63000001	1.17271	1.09127	3
9	64000001	0.96241	1.09127	3
9	65000001	1.1557	1.09127	3
9	66000001	1.23867	1.09127	3
9	67000001	1.17273	1.09127	3
9	68000001	1.67785	1.09127	3
9	69000001	0.839461	1.09127	3
9	70000001	0.931277	1.09127	3
9	71000001	1.37787	1.09127	3
9	72000001	1.1774	1.09127	3
9	73000001	1.29549	1.09127	3
9	74000001	1.00239	1.09127	3
9	75000001	0.906149	1.09127	3
9	76000001	0.996324	1.09127	3
9	77000001	1.16784	1.09127	3
9	78000001	0.88008	1.09127	3
9	79000001	0.805163	1.09127	3
9	80000001	0.929195	1.09127	3
9	81000001	0.732081	1.09127	3
9	82000001	0.732495	1.09127	3
9	83000001	0.915682	1.09127	3
9	84000001	1.51108	1.09127	3
9	85000001	1.4611	1.09127	3
9	86000001	1.30821	1.09127	3
9	87000001	0.891161	1.09127	3
9	88000001	1.20078	1.09127	3
9	89000001	0.763829	1.09127	3
9	90000001	0.966503	1.09127	3
9	91000001	1.02019	1.09127	3
9	92000001	1.43783	1.28973	4
9	93000001	1.20341	1.28973	4
9	94000001	1.22323	1.28973	4
9	95000001	1.45532	1.28973	4
9	96000001	1.54152	1.28973	4
9	97000001	1.31418	1.28973	4
9	98000001	1.42955	1.28973	4
9	99000001	1.43275	1.28973	4
9	100000001	1.27275	1.28973	4
9	101000001	1.11731	1.28973	4
9	102000001	1.13702	1.28973	4
9	103000001	1.17631	1.28973	4
9	104000001	1.31886	1.28973	4
9	105000001	1.65121	1.28973	4
9	106000001	1.47995	1.28973	4
9	107000001	1.57014	1.28973	4
9	108000001	1.72463	1.28973	4
9	109000001	1.40043	1.28973	4
9	110000001	1.14729	1.28973	4
9	111000001	1.40644	1.28973	4
9	112000001	1.79162	1.28973	4
9	113000001	1.17502	1.28973	4
9	114000001	1.26449	1.28973	4
9	115000001	1.131	1.28973	4
9	116000001	1.16624	1.28973	4
9	117000001	0.921959	1.28973	4
9	118000001	0.731485	1.28973	4
9	119000001	1.00789	1.28973	4
9	120000001	1.83483	1.28973	4
9	121000001	1.30672	1.28973	4
9	122000001	1.25457	1.28973	4
9	123000001	1.3114	1.28973	4
9	124000001	0.995583	1.28973	4
9	125000001	1.32863	1.28973	4
9	126000001	1.19875	1.28973	4
9	127000001	1.00031	1.28973	4
9	128000001	1.31734	1.28973	4
9	129000001	1.24031	1.28973	4
9	130000001	3.14871	3.24604	10
9	131000001	3.34337	3.24604	10
9	132000001	1.33364	1.23166	4
9	133000001	1.33708	1.23166	4
9	134000001	1.31021	1.23166	4
9	135000001	1.1546	1.23166	4
9	136000001	1.23166	1.23166	4
9	137000001	1.03476	1.23166	4
9	138000001	1.17027	1.23166	4
X	1	0.591497	0.570649	2
X	1000001	0.43732	0.570649	2
X	2000001	0.548798	0.570649	2
X	3000001	0.629154	0.570649	2
X	4000001	0.425234	0.570649	2
X	5000001	0.549801	0.570649	2
X	6000001	0.454754	0.570649	2
X	7000001	0.621674	0.570649	2
X	8000001	0.605752	0.570649	2
X	9000001	0.601093	0.570649	2
X	10000001	1.10485	1.10485	3
X	11000001	1.38199	1.10485	3
X	12000001	0.989267	1.10485	3
X	13000001	0.829156	0.631461	2
X	14000001	0.650903	0.631461	2
X	15000001	0.629082	0.631461	2
X	16000001	0.634455	0.631461	2
X	17000001	0.510953	0.631461	2
X	18000001	0.459413	0.631461	2
X	19000001	0.531467	0.631461	2
X	20000001	0.558717	0.631461	2
X	21000001	0.700385	0.631461	2
X	22000001	0.550871	0.631461	2
X	23000001	0.656808	0.631461	2
X	24000001	1.03277	0.631461	2
X	25000001	0.55016	0.631461	2
X	26000001	0.52771	0.631461	2
X	27000001	0.769509	0.631461	2
X	28000001	0.452321	0.631461	2
X	29000001	0.638164	0.631461	2
X	30000001	0.53017	0.631461	2
X	31000001	0.870324	0.631461	2
X	32000001	0.397562	0.631461	2
X	33000001	0.450304	0.631461	2
X	34000001	0.510971	0.631461	2
X	35000001	0.545059	0.631461	2
X	36000001	0.843167	0.631461	2
X	37000001	0.633839	0.631461	2
X	38000001	0.754746	0.631461	2
X	39000001	0.605143	0.631461	2
X	40000001	0.579302	0.631461	2
X	41000001	0.733595	0.631461	2
X	42000001	0.745652	0.631461	2
X	43000001	0.590417	0.631461	2
X	44000001	0.793276	0.631461	2
X	45000001	0.593416	0.631461	2
X	46000001	0.731444	0.631461	2
X	47000001	1.0051	0.631461	2
X	48000001	0.704988	0.631461	2
X	49000001	0.97966	0.631461	2
X	50000001	0.50669	0.631461	2
X	51000001	0.445751	0.631461	2
X	52000001	0.611553	0.631461	2
X	53000001	0.51984	0.631461	2
X	54000001	0.964651	0.631461	2
X	55000001	0.696012	0.631461	2
X	56000001	0.589445	0.631461	2
X	57000001	0.642611	0.631461	2
X	58000001	0.692902	0.631461	2
X	59000001	1.1415	0.958825	3
X	60000001	0.958825	0.958825	3
X	61000001	0.953477	0.958825	3
X	62000001	0.763984	0.702134	2
X	63000001	0.596517	0.702134	2
X	64000001	0.85106	0.702134	2
X	65000001	0.885911	0.702134	2
X	66000001	0.815263	0.702134	2
X	67000001	0.559619	0.702134	2
X	68000001	0.715573	0.702134	2
X	69000001	0.593539	0.702134	2
X	70000001	0.704489	0.702134	2
X	71000001	0.757656	0.702134	2
X	72000001	0.69978	0.702134	2
X	73000001	0.521989	0.702134	2
X	74000001	0.497584	0.702134	2
X	75000001	0.665483	0.702134	2
X	76000001	0.55696	0.702134	2
X	77000001	0.91011	0.702134	2
X	78000001	0.613717	0.702134	2
X	79000001	0.707633	0.702134	2
X	80000001	0.44133	0.399867	1
X	81000001	0.360312	0.399867	1
X	82000001	0.390043	0.399867	1
X	83000001	0.399867	0.399867	1
X	84000001	0.509769	0.399867	1
X	85000001	0.717118	0.544276	2
X	86000001	0.855134	0.544276	2
X	87000001	0.490219	0.544276	2
X	88000001	0.565882	0.544276	2
X	89000001	0.477768	0.544276	2
X	90000001	0.572931	0.544276	2
X	91000001	0.409731	0.544276	2
X	92000001	0.450086	0.544276	2
X	93000001	0.481572	0.544276	2
X	94000001	0.580226	0.544276	2
X	95000001	0.529074	0.544276	2
X	96000001	0.576802	0.544276	2
X	97000001	0.515189	0.544276	2
X	98000001	0.320363	0.544276	2
X	99000001	0.273326	0.544276	2
X	100000001	0.758511	0.544276	2
X	101000001	0.802639	0.544276	2
X	102000001	0.61282	0.544276	2
X	103000001	0.606315	0.544276	2
X	104000001	0.444646	0.544276	2
X	105000001	0.347143	0.544276	2
X	106000001	0.505078	0.544276	2
X	107000001	0.567255	0.544276	2
X	108000001	0.541637	0.544276	2
X	109000001	0.69418	0.544276	2
X	110000001	0.464495	0.544276	2
X	111000001	0.774861	0.544276	2
X	112000001	0.408622	0.544276	2
X	113000001	0.504014	0.544276	2
X	114000001	0.669026	0.544276	2
X	115000001	0.542828	0.544276	2
X	116000001	0.454403	0.544276	2
X	117000001	0.398791	0.544276	2
X	118000001	0.580037	0.544276	2
X	119000001	0.575575	0.544276	2
X	120000001	0.784685	0.544276	2
X	121000001	0.583974	0.544276	2
X	122000001	0.524668	0.544276	2
X	123000001	0.73524	0.544276	2
X	124000001	0.544276	0.544276	2
X	125000001	0.425433	0.544276	2
X	126000001	0.748717	0.544276	2
X	127000001	0.352071	0.544276	2
X	128000001	0.437087	0.544276	2
X	129000001	0.47923	0.544276	2
X	130000001	0.559055	0.544276	2
X	131000001	0.537539	0.544276	2
X	132000001	0.544136	0.544276	2
X	133000001	0.56053	0.544276	2
X	134000001	0.603914	0.544276	2
X	135000001	0.786085	0.544276	2
X	136000001	0.667949	0.544276	2
X	137000001	0.571341	0.544276	2
X	138000001	0.357653	0.411979	1
X	139000001	0.473616	0.411979	1
X	140000001	0.420876	0.411979	1
X	141000001	0.399848	0.411979	1
X	142000001	0.326803	0.411979	1
X	143000001	0.340688	0.411979	1
X	144000001	0.619103	0.411979	1
X	145000001	0.411979	0.411979	1
X	146000001	0.414641	0.411979	1
X	147000001	0.295006	0.411979	1
X	148000001	0.447851	0.411979	1
X	149000001	0.52488	0.611714	2
X	150000001	0.55695	0.611714	2
X	151000001	0.719407	0.611714	2
X	152000001	0.646668	0.611714	2
X	153000001	0.6281	0.611714	2
X	154000001	0.595327	0.611714	2
X	155000001	0.472054	0.611714	2
X	156000001	0.817346	0.611714	2
Y	1	-1	-1	0
Y	1000001	-1	-1	0
Y	2000001	0.027149	0.0516227	0
Y	3000001	0.0252582	0.0516227	0
Y	4000001	0.0519069	0.0516227	0
Y	5000001	0.0516227	0.0516227	0
Y	6000001	0.0664717	0.0516227	0
Y	7000001	0.0701966	0.0516227	0
Y	8000001	0.0105184	0.0516227	0
Y	9000001	0.12441	0.116883	0
Y	10000001	0.622538	0.116883	0
Y	11000001	0.506997	0.116883	0
Y	12000001	0.109356	0.116883	0
Y	13000001	0.0418016	0.116883	0
Y	14000001	0.0494027	0.116883	0
Y	15000001	0.12573	0.116883	0
Y	16000001	0.0212169	0.116883	0
Y	17000001	0.18527	0.116883	0
Y	18000001	0.307625	0.116883	0
Y	19000001	0.020559	0.116883	0
Y	20000001	0.0391374	0.116883	0
Y	21000001	0.320256	0.276743	1
Y	22000001	0.290146	0.276743	1
Y	23000001	0.311953	0.276743	1
Y	24000001	0.192042	0.276743	1
Y	25000001	0.276743	0.276743	1
Y	26000001	0.205367	0.276743	1
Y	27000001	-1	0.276743	1
Y	28000001	-1	0.276743	1
Y	29000001	-1	0.276743	1
Y	30000001	-1	0.276743	1
Y	31000001	-1	0.276743	1
Y	32000001	-1	0.276743	1
Y	33000001	-1	0.276743	1
Y	34000001	-1	0.276743	1
Y	35000001	-1	0.276743	1
Y	36000001	-1	0.276743	1
Y	37000001	-1	0.276743	1
Y	38000001	-1	0.276743	1
Y	39000001	-1	0.276743	1
Y	40000001	-1	0.276743	1
Y	41000001	-1	0.276743	1
Y	42000001	-1	0.276743	1
Y	43000001	-1	0.276743	1
Y	44000001	-1	0.276743	1
Y	45000001	-1	0.276743	1
Y	46000001	-1	0.276743	1
Y	47000001	-1	0.276743	1
Y	48000001	-1	0.276743	1
Y	49000001	-1	0.276743	1
Y	50000001	-1	0.276743	1
Y	51000001	-1	0.276743	1
Y	52000001	-1	0.276743	1
Y	53000001	-1	0.276743	1
Y	54000001	-1	0.276743	1
Y	55000001	-1	0.276743	1
Y	56000001	0.102333	0.276743	1
Y	57000001	-1	-1	1
