Chromosome	Start	Ratio	MedianRatio	CopyNumber
1	1	1.74441	1.61665	5
1	1000001	2.3412	1.61665	5
1	2000001	2.75338	1.61665	5
1	3000001	1.86014	1.61665	5
1	4000001	1.54393	1.61665	5
1	5000001	1.53183	1.61665	5
1	6000001	1.77277	1.61665	5
1	7000001	2.2571	1.61665	5
1	8000001	1.38401	1.61665	5
1	9000001	1.79244	1.61665	5
1	10000001	1.8981	1.61665	5
1	11000001	1.90728	1.61665	5
1	12000001	1.49851	1.61665	5
1	13000001	1.6423	1.61665	5
1	14000001	1.34952	1.61665	5
1	15000001	1.64015	1.61665	5
1	16000001	1.72269	1.61665	5
1	17000001	1.91558	1.61665	5
1	18000001	1.66457	1.61665	5
1	19000001	1.7869	1.61665	5
1	20000001	1.57216	1.61665	5
1	21000001	1.5206	1.61665	5
1	22000001	1.87334	1.61665	5
1	23000001	1.63275	1.61665	5
1	24000001	1.69788	1.61665	5
1	25000001	2.06565	1.61665	5
1	26000001	1.18124	1.61665	5
1	27000001	1.58276	1.61665	5
1	28000001	1.4608	1.61665	5
1	29000001	1.79288	1.61665	5
1	30000001	1.74055	1.61665	5
1	31000001	1.63334	1.61665	5
1	32000001	1.37228	1.61665	5
1	33000001	1.92076	1.61665	5
1	34000001	1.43717	1.61665	5
1	35000001	1.4061	1.61665	5
1	36000001	1.61624	1.61665	5
1	37000001	1.61947	1.61665	5
1	38000001	1.50606	1.61665	5
1	39000001	1.31658	1.61665	5
1	40000001	1.42148	1.61665	5
1	41000001	1.80029	1.61665	5
1	42000001	1.32704	1.61665	5
1	43000001	1.58899	1.61665	5
1	44000001	1.61665	1.61665	5
1	45000001	1.50504	1.61665	5
1	46000001	1.63334	1.61665	5
1	47000001	1.3494	1.61665	5
1	48000001	1.21875	1.61665	5
1	49000001	1.07561	1.61665	5
1	50000001	1.24893	1.61665	5
1	51000001	1.48633	1.61665	5
1	52000001	1.28568	1.61665	5
1	53000001	1.64453	1.61665	5
1	54000001	1.57273	1.61665	5
1	55000001	1.12592	0.852884	3
1	56000001	1.07323	0.852884	3
1	57000001	0.779874	0.852884	3
1	58000001	0.855787	0.852884	3
1	59000001	0.792075	0.852884	3
1	60000001	0.854558	0.852884	3
1	61000001	0.850396	0.852884	3
1	62000001	1.00037	0.852884	3
1	63000001	0.970441	0.852884	3
1	64000001	0.974092	0.852884	3
1	65000001	1.05347	0.852884	3
1	66000001	0.703125	0.852884	3
1	67000001	1.17942	0.852884	3
1	68000001	0.782763	0.852884	3
1	69000001	0.975948	0.852884	3
1	70000001	0.910272	0.852884	3
1	71000001	0.744458	0.852884	3
1	72000001	0.774219	0.852884	3
1	73000001	0.732585	0.852884	3
1	74000001	0.777888	0.852884	3
1	75000001	0.738776	0.852884	3
1	76000001	0.892055	0.852884	3
1	77000001	0.983834	0.852884	3
1	78000001	0.96738	0.852884	3
1	79000001	0.706017	0.852884	3
1	80000001	0.753916	0.852884	3
1	81000001	0.467067	0.852884	3
1	82000001	0.729784	0.852884	3
1	83000001	0.899478	0.852884	3
1	84000001	1.02512	0.852884	3
1	85000001	0.873659	0.852884	3
1	86000001	0.996325	0.852884	3
1	87000001	0.742054	0.852884	3
1	88000001	0.787249	0.852884	3
1	89000001	1.00032	0.852884	3
1	90000001	0.823332	0.852884	3
1	91000001	1.12079	0.852884	3
1	92000001	0.851209	0.852884	3
1	93000001	1.06693	0.852884	3
1	94000001	0.998732	0.852884	3
1	95000001	0.638198	0.852884	3
1	96000001	0.77665	0.852884	3
1	97000001	0.470881	0.852884	3
1	98000001	0.770613	0.852884	3
1	99000001	0.999427	0.852884	3
1	100000001	0.874566	0.852884	3
1	101000001	0.599332	0.852884	3
1	102000001	0.770613	0.852884	3
1	103000001	0.830066	0.852884	3
1	104000001	0.915993	0.852884	3
1	105000001	0.734994	0.852884	3
1	106000001	0.705358	0.852884	3
1	107000001	1.02062	0.852884	3
1	108000001	1.03977	0.852884	3
1	109000001	1.44176	1.36837	4
1	110000001	1.42097	1.36837	4
1	111000001	1.2808	1.36837	4
1	112000001	1.42277	1.36837	4
1	113000001	1.15437	1.36837	4
1	114000001	1.02639	1.36837	4
1	115000001	1.20158	1.36837	4
1	116000001	1.31576	1.36837	4
1	117000001	1.17518	1.36837	4
1	118000001	1.11923	1.36837	4
1	119000001	1.53191	1.36837	4
1	120000001	1.0357	1.36837	4
1	121000001	2.07513	1.36837	4
1	122000001	1.61341	1.36837	4
1	123000001	1.85906	1.36837	4
1	124000001	1.7014	1.36837	4
1	125000001	4.20935	-1	3
1	126000001	-1	-1	3
1	127000001	-1	-1	3
1	128000001	-1	-1	3
1	129000001	-1	-1	3
1	130000001	-1	-1	3
1	131000001	-1	-1	3
1	132000001	-1	-1	3
1	133000001	-1	-1	3
1	134000001	-1	-1	3
1	135000001	-1	-1	3
1	136000001	-1	-1	3
1	137000001	-1	-1	3
1	138000001	-1	-1	3
1	139000001	-1	-1	3
1	140000001	-1	-1	3
1	141000001	-1	-1	3
1	142000001	-1	-1	3
1	143000001	3.50042	-1	3
1	144000001	1.08302	1.10594	3
1	145000001	0.868316	1.10594	3
1	146000001	0.93193	1.10594	3
1	147000001	1.26694	1.10594	3
1	148000001	0.907797	1.10594	3
1	149000001	0.865451	1.10594	3
1	150000001	1.10553	1.10594	3
1	151000001	1.10307	1.10594	3
1	152000001	1.15275	1.10594	3
1	153000001	1.30018	1.10594	3
1	154000001	1.15339	1.10594	3
1	155000001	1.27037	1.10594	3
1	156000001	1.23528	1.10594	3
1	157000001	1.17392	1.10594	3
1	158000001	1.18233	1.10594	3
1	159000001	0.98847	1.10594	3
1	160000001	1.17826	1.10594	3
1	161000001	1.03225	1.10594	3
1	162000001	1.08914	1.10594	3
1	163000001	1.21821	1.10594	3
1	164000001	1.12214	1.10594	3
1	165000001	1.53143	1.10594	3
1	166000001	1.10635	1.10594	3
1	167000001	1.17713	1.10594	3
1	168000001	1.20231	1.10594	3
1	169000001	1.38327	1.10594	3
1	170000001	1.20818	1.10594	3
1	171000001	1.31327	1.10594	3
1	172000001	1.17364	1.10594	3
1	173000001	1.09128	1.10594	3
1	174000001	1.18047	1.10594	3
1	175000001	1.04856	1.10594	3
1	176000001	1.16736	1.10594	3
1	177000001	1.09812	1.10594	3
1	178000001	1.14413	1.10594	3
1	179000001	1.54169	1.10594	3
1	180000001	1.50871	1.10594	3
1	181000001	1.3328	1.10594	3
1	182000001	1.46591	1.10594	3
1	183000001	1.27994	1.10594	3
1	184000001	1.0786	1.10594	3
1	185000001	0.890725	1.10594	3
1	186000001	1.39201	1.10594	3
1	187000001	0.822808	1.10594	3
1	188000001	1.01437	1.10594	3
1	189000001	1.0798	1.10594	3
1	190000001	0.934949	1.10594	3
1	191000001	0.971638	1.10594	3
1	192000001	0.861042	1.10594	3
1	193000001	1.04624	1.10594	3
1	194000001	0.90603	1.10594	3
1	195000001	0.905332	1.10594	3
1	196000001	0.719275	1.10594	3
1	197000001	0.891352	1.10594	3
1	198000001	1.06222	1.10594	3
1	199000001	1.00389	1.10594	3
1	200000001	1.62305	1.3362	4
1	201000001	1.7089	1.3362	4
1	202000001	1.56646	1.3362	4
1	203000001	1.75615	1.3362	4
1	204000001	1.71541	1.3362	4
1	205000001	1.58412	1.3362	4
1	206000001	1.4293	1.3362	4
1	207000001	0.94197	1.3362	4
1	208000001	1.38395	1.3362	4
1	209000001	1.25844	1.3362	4
1	210000001	1.1876	1.3362	4
1	211000001	1.40969	1.3362	4
1	212000001	1.57956	1.3362	4
1	213000001	1.46606	1.3362	4
1	214000001	1.18168	1.3362	4
1	215000001	1.03933	1.3362	4
1	216000001	0.986722	1.3362	4
1	217000001	0.928168	1.3362	4
1	218000001	1.00118	1.3362	4
1	219000001	1.08097	1.3362	4
1	220000001	1.09575	1.3362	4
1	221000001	1.0874	1.3362	4
1	222000001	1.08431	1.3362	4
1	223000001	1.38898	1.3362	4
1	224000001	1.11882	1.3362	4
1	225000001	1.31528	1.3362	4
1	226000001	1.91727	1.3362	4
1	227000001	1.659	1.3362	4
1	228000001	1.93808	1.3362	4
1	229000001	1.61813	1.3362	4
1	230000001	1.42667	1.3362	4
1	231000001	1.31206	1.3362	4
1	232000001	1.27401	1.3362	4
1	233000001	1.31272	1.3362	4
1	234000001	1.64961	1.3362	4
1	235000001	1.28231	1.3362	4
1	236000001	1.45335	1.3362	4
1	237000001	1.12817	1.3362	4
1	238000001	0.950007	1.3362	4
1	239000001	0.859364	1.3362	4
1	240000001	1.3362	1.3362	4
1	241000001	1.128	1.3362	4
1	242000001	1.2282	1.3362	4
1	243000001	1.23991	1.3362	4
1	244000001	1.41553	1.3362	4
1	245000001	1.5507	1.3362	4
1	246000001	1.39647	1.3362	4
1	247000001	1.56108	1.3362	4
1	248000001	1.55752	1.3362	4
10	1	1.52825	0.998528	3
10	1000001	1.29951	0.998528	3
10	2000001	0.895157	0.998528	3
10	3000001	1.27932	0.998528	3
10	4000001	0.877395	0.998528	3
10	5000001	1.08473	0.998528	3
10	6000001	1.15847	0.998528	3
10	7000001	0.811568	0.998528	3
10	8000001	0.849544	0.998528	3
10	9000001	0.832822	0.998528	3
10	10000001	0.97068	0.998528	3
10	11000001	1.26072	0.998528	3
10	12000001	0.9691	0.998528	3
10	13000001	1.0527	0.998528	3
10	14000001	1.14636	0.998528	3
10	15000001	1.09201	0.998528	3
10	16000001	0.898814	0.998528	3
10	17000001	0.979931	0.998528	3
10	18000001	0.866479	0.998528	3
10	19000001	0.724788	0.998528	3
10	20000001	0.796365	0.998528	3
10	21000001	1.1704	0.998528	3
10	22000001	0.760335	0.998528	3
10	23000001	0.881699	0.998528	3
10	24000001	0.826	0.998528	3
10	25000001	0.810518	0.998528	3
10	26000001	1.00263	0.998528	3
10	27000001	0.721857	0.998528	3
10	28000001	1.00023	0.998528	3
10	29000001	1.17199	0.998528	3
10	30000001	0.917573	0.998528	3
10	31000001	1.11109	0.998528	3
10	32000001	1.08452	0.998528	3
10	33000001	1.04324	0.998528	3
10	34000001	1.02864	0.998528	3
10	35000001	1.11228	0.998528	3
10	36000001	0.719068	0.998528	3
10	37000001	0.996826	0.998528	3
10	38000001	1.10201	0.998528	3
10	39000001	1.11555	0.998528	3
10	40000001	1.52687	0.998528	3
10	41000001	0.800595	0.998528	3
10	42000001	1.33034	1.3892	4
10	43000001	1.53592	1.3892	4
10	44000001	1.64516	1.3892	4
10	45000001	1.21275	1.3892	4
10	46000001	2.11104	1.3892	4
10	47000001	1.43392	1.3892	4
10	48000001	1.29311	1.3892	4
10	49000001	1.3892	1.3892	4
10	50000001	1.25326	1.3892	4
10	51000001	1.19938	0.988879	3
10	52000001	1.15545	0.988879	3
10	53000001	0.94998	0.988879	3
10	54000001	0.674399	0.988879	3
10	55000001	0.674177	0.988879	3
10	56000001	0.672349	0.988879	3
10	57000001	1.13576	0.988879	3
10	58000001	0.841577	0.988879	3
10	59000001	1.09389	0.988879	3
10	60000001	1.02185	0.988879	3
10	61000001	0.97715	0.988879	3
10	62000001	1.14119	0.988879	3
10	63000001	1.04703	0.988879	3
10	64000001	0.935071	0.988879	3
10	65000001	0.988879	0.988879	3
10	66000001	0.863046	0.988879	3
10	67000001	1.07843	0.988879	3
10	68000001	1.39806	1.44358	4
10	69000001	1.61806	1.44358	4
10	70000001	1.73254	1.44358	4
10	71000001	1.90486	1.44358	4
10	72000001	1.24538	1.44358	4
10	73000001	1.51972	1.44358	4
10	74000001	1.26978	1.44358	4
10	75000001	1.32607	1.44358	4
10	76000001	1.2211	1.44358	4
10	77000001	1.6326	1.44358	4
10	78000001	1.60257	1.44358	4
10	79000001	1.29335	1.44358	4
10	80000001	1.44358	1.44358	4
10	81000001	1.20028	1.15702	3
10	82000001	0.726701	1.15702	3
10	83000001	1.00876	1.15702	3
10	84000001	1.37157	1.15702	3
10	85000001	1.46715	1.15702	3
10	86000001	1.11376	1.15702	3
10	87000001	0.529337	0.683247	2
10	88000001	0.551722	0.683247	2
10	89000001	0.629499	0.683247	2
10	90000001	0.597571	0.683247	2
10	91000001	0.694416	0.683247	2
10	92000001	0.544326	0.683247	2
10	93000001	0.780118	0.683247	2
10	94000001	0.610217	0.683247	2
10	95000001	0.680305	0.683247	2
10	96000001	0.71562	0.683247	2
10	97000001	0.900397	0.683247	2
10	98000001	0.833096	0.683247	2
10	99000001	0.723281	0.683247	2
10	100000001	0.724487	0.683247	2
10	101000001	0.803286	0.683247	2
10	102000001	0.776037	0.683247	2
10	103000001	0.993673	0.683247	2
10	104000001	0.582678	0.683247	2
10	105000001	0.632111	0.683247	2
10	106000001	0.484819	0.683247	2
10	107000001	0.400137	0.683247	2
10	108000001	0.494021	0.683247	2
10	109000001	0.550259	0.683247	2
10	110000001	0.778051	0.683247	2
10	111000001	0.760951	0.683247	2
10	112000001	0.543243	0.683247	2
10	113000001	0.5474	0.683247	2
10	114000001	0.773861	0.683247	2
10	115000001	0.683247	0.683247	2
10	116000001	0.613162	0.683247	2
10	117000001	1.05986	0.683247	2
10	118000001	0.639108	0.683247	2
10	119000001	0.854284	0.683247	2
10	120000001	0.936208	0.683247	2
10	121000001	0.618202	0.683247	2
10	122000001	1.25994	0.683247	2
10	123000001	0.740509	0.683247	2
10	124000001	0.781144	0.683247	2
10	125000001	0.634443	0.683247	2
10	126000001	3.47764	3.47764	10
10	127000001	0.738672	0.855233	3
10	128000001	0.724593	0.855233	3
10	129000001	0.857218	0.855233	3
10	130000001	0.855233	0.855233	3
10	131000001	0.7747	0.855233	3
10	132000001	0.883354	0.855233	3
10	133000001	2.35012	0.855233	3
11	1	1.2697	1.33887	4
11	1000001	1.59541	1.33887	4
11	2000001	1.33887	1.33887	4
11	3000001	1.11675	0.958587	3
11	4000001	1.02302	0.958587	3
11	5000001	0.835622	0.958587	3
11	6000001	1.11445	0.958587	3
11	7000001	0.83084	0.958587	3
11	8000001	0.894159	0.958587	3
11	9000001	1.08877	1.14391	3
11	10000001	1.19905	1.14391	3
11	11000001	1.92051	1.92051	6
11	12000001	0.862058	0.919977	3
11	13000001	0.856866	0.919977	3
11	14000001	0.906974	0.919977	3
11	15000001	0.935602	0.919977	3
11	16000001	0.932979	0.919977	3
11	17000001	1.30134	0.919977	3
11	18000001	1.25496	0.919977	3
11	19000001	0.950462	0.919977	3
11	20000001	0.815699	0.919977	3
11	21000001	0.728388	0.919977	3
11	22000001	1.77923	1.77923	5
11	23000001	0.787148	0.885779	3
11	24000001	0.725701	0.885779	3
11	25000001	0.877591	0.885779	3
11	26000001	0.761099	0.885779	3
11	27000001	0.912906	0.885779	3
11	28000001	0.770676	0.885779	3
11	29000001	0.850971	0.885779	3
11	30000001	0.724652	0.885779	3
11	31000001	0.893967	0.885779	3
11	32000001	0.906307	0.885779	3
11	33000001	0.94174	0.885779	3
11	34000001	1.01236	0.885779	3
11	35000001	1.19314	0.885779	3
11	36000001	1.32848	0.885779	3
11	37000001	0.722005	0.885779	3
11	38000001	0.715589	0.885779	3
11	39000001	0.949179	0.885779	3
11	40000001	0.6534	0.885779	3
11	41000001	0.800573	0.885779	3
11	42000001	1.18766	0.885779	3
11	43000001	1.01379	0.885779	3
11	44000001	1.07782	0.885779	3
11	45000001	1.06498	0.885779	3
11	46000001	1.10323	0.885779	3
11	47000001	1.10174	0.885779	3
11	48000001	1.1957	0.885779	3
11	49000001	0.811766	0.885779	3
11	50000001	1.40521	0.885779	3
11	51000001	0.815438	0.885779	3
11	52000001	0.974942	0.885779	3
11	53000001	1.05905	0.885779	3
11	54000001	0.852337	0.885779	3
11	55000001	0.811061	0.885779	3
11	56000001	0.702193	0.885779	3
11	57000001	0.970165	0.885779	3
11	58000001	0.825499	0.885779	3
11	59000001	0.78514	0.885779	3
11	60000001	0.874815	0.885779	3
11	61000001	1.34038	1.34328	4
11	62000001	1.34619	1.34328	4
11	63000001	1.42061	1.34328	4
11	64000001	1.3104	1.34328	4
11	65000001	1.32556	1.34328	4
11	66000001	1.41797	1.34328	4
11	67000001	1.31925	1.34328	4
11	68000001	1.40522	1.34328	4
11	69000001	1.93319	1.34328	4
11	70000001	1.28448	1.34328	4
11	71000001	1.41126	1.34328	4
11	72000001	1.30265	1.34328	4
11	73000001	1.23397	1.10305	3
11	74000001	1.05998	1.10305	3
11	75000001	1.28994	1.10305	3
11	76000001	1.06327	1.10305	3
11	77000001	1.10305	1.10305	3
11	78000001	0.958174	0.848469	3
11	79000001	0.985011	0.848469	3
11	80000001	0.850533	0.848469	3
11	81000001	0.715223	0.848469	3
11	82000001	0.689465	0.848469	3
11	83000001	0.846404	0.848469	3
11	84000001	0.86976	0.848469	3
11	85000001	0.677225	0.848469	3
11	86000001	1.06726	0.848469	3
11	87000001	0.777311	0.848469	3
11	88000001	0.912006	0.848469	3
11	89000001	0.893794	0.848469	3
11	90000001	0.714949	0.848469	3
11	91000001	0.731365	0.848469	3
11	92000001	0.929007	0.848469	3
11	93000001	1.02238	0.848469	3
11	94000001	0.722896	0.848469	3
11	95000001	0.979739	0.848469	3
11	96000001	1.0929	0.848469	3
11	97000001	0.590361	0.848469	3
11	98000001	0.733432	0.848469	3
11	99000001	0.600201	0.848469	3
11	100000001	1.18333	1.11737	3
11	101000001	0.848192	1.11737	3
11	102000001	1.11737	1.11737	3
11	103000001	1.09935	1.11737	3
11	104000001	1.52393	1.11737	3
11	105000001	0.583268	0.837982	3
11	106000001	0.701431	0.837982	3
11	107000001	0.853267	0.837982	3
11	108000001	0.822697	0.837982	3
11	109000001	0.856868	0.837982	3
11	110000001	0.902977	0.837982	3
11	111000001	0.996336	1.03778	3
11	112000001	1.08899	1.03778	3
11	113000001	1.02641	1.03778	3
11	114000001	0.999464	1.03778	3
11	115000001	1.10462	1.03778	3
11	116000001	1.00456	1.03778	3
11	117000001	1.12535	1.03778	3
11	118000001	0.97187	1.03778	3
11	119000001	1.26872	1.03778	3
11	120000001	1.29232	1.03778	3
11	121000001	1.05541	1.03778	3
11	122000001	1.0506	1.03778	3
11	123000001	0.990888	1.03778	3
11	124000001	0.939839	1.03778	3
11	125000001	1.26968	1.03778	3
11	126000001	1.21074	1.03778	3
11	127000001	0.816705	1.03778	3
11	128000001	1.18084	1.03778	3
11	129000001	0.86048	1.03778	3
11	130000001	1.0337	1.03778	3
11	131000001	1.03005	1.03778	3
11	132000001	1.03778	1.03778	3
11	133000001	1.00917	1.03778	3
11	134000001	1.34259	1.03778	3
11	135000001	1.07455	1.03778	3
12	1	0.720557	0.69747	2
12	1000001	0.670733	0.69747	2
12	2000001	1.00955	0.69747	2
12	3000001	0.879038	0.69747	2
12	4000001	0.713436	0.69747	2
12	5000001	0.742204	0.69747	2
12	6000001	0.949009	0.69747	2
12	7000001	0.922487	0.69747	2
12	8000001	0.730319	0.69747	2
12	9000001	0.68781	0.69747	2
12	10000001	0.573055	0.69747	2
12	11000001	0.559051	0.69747	2
12	12000001	0.741182	0.69747	2
12	13000001	0.831236	0.69747	2
12	14000001	0.645444	0.69747	2
12	15000001	0.562234	0.69747	2
12	16000001	0.425303	0.69747	2
12	17000001	0.72615	0.69747	2
12	18000001	0.581354	0.69747	2
12	19000001	0.707131	0.69747	2
12	20000001	0.502225	0.69747	2
12	21000001	0.513573	0.69747	2
12	22000001	0.618615	0.69747	2
12	23000001	0.65613	0.69747	2
12	24000001	0.866207	0.931848	3
12	25000001	0.913925	0.931848	3
12	26000001	0.955794	0.931848	3
12	27000001	0.837069	0.931848	3
12	28000001	0.955449	0.931848	3
12	29000001	1.01139	0.931848	3
12	30000001	0.978903	0.931848	3
12	31000001	1.01884	0.931848	3
12	32000001	0.80869	0.931848	3
12	33000001	0.711988	0.931848	3
12	34000001	1.41614	0.931848	3
12	35000001	1.0104	0.931848	3
12	36000001	1.05641	0.931848	3
12	37000001	0.981648	0.931848	3
12	38000001	0.738938	0.931848	3
12	39000001	0.946381	0.931848	3
12	40000001	0.810277	0.931848	3
12	41000001	0.875439	0.931848	3
12	42000001	0.917316	0.931848	3
12	43000001	0.651617	0.931848	3
12	44000001	0.989258	0.931848	3
12	45000001	0.775512	0.931848	3
12	46000001	0.754603	0.931848	3
12	47000001	1.19136	0.931848	3
12	48000001	2.02631	2.02631	6
12	49000001	1.15096	1.15096	3
12	50000001	1.01796	1.15096	3
12	51000001	1.04647	1.15096	3
12	52000001	1.45787	1.15096	3
12	53000001	1.21193	1.15096	3
12	54000001	1.08413	1.15096	3
12	55000001	0.950833	1.15096	3
12	56000001	1.33816	1.15096	3
12	57000001	1.28742	1.15096	3
12	58000001	0.813082	0.818257	2
12	59000001	0.877784	0.818257	2
12	60000001	0.781988	0.818257	2
12	61000001	0.618023	0.818257	2
12	62000001	0.902897	0.818257	2
12	63000001	0.955038	0.818257	2
12	64000001	1.00102	0.818257	2
12	65000001	0.975521	0.818257	2
12	66000001	0.791467	0.818257	2
12	67000001	1.06621	0.818257	2
12	68000001	0.712714	0.818257	2
12	69000001	0.838972	0.818257	2
12	70000001	0.839651	0.818257	2
12	71000001	0.960022	0.818257	2
12	72000001	0.818257	0.818257	2
12	73000001	0.729582	0.818257	2
12	74000001	0.49648	0.818257	2
12	75000001	0.761587	0.818257	2
12	76000001	1.10883	0.818257	2
12	77000001	0.796632	0.818257	2
12	78000001	0.459896	0.818257	2
12	79000001	0.874383	0.818257	2
12	80000001	0.839682	0.818257	2
12	81000001	0.655757	0.818257	2
12	82000001	0.76123	0.818257	2
12	83000001	0.814823	0.818257	2
12	84000001	0.657195	0.818257	2
12	85000001	0.697964	0.818257	2
12	86000001	0.62875	0.818257	2
12	87000001	0.628538	0.818257	2
12	88000001	0.98391	0.818257	2
12	89000001	0.710772	0.818257	2
12	90000001	0.838454	0.818257	2
12	91000001	0.617192	0.818257	2
12	92000001	0.896575	0.818257	2
12	93000001	0.753804	0.818257	2
12	94000001	1.10569	0.818257	2
12	95000001	0.965873	0.818257	2
12	96000001	0.780511	0.818257	2
12	97000001	1.01959	0.818257	2
12	98000001	1.09494	0.818257	2
12	99000001	0.716373	0.818257	2
12	100000001	0.906177	0.818257	2
12	101000001	0.758521	0.818257	2
12	102000001	0.840644	0.818257	2
12	103000001	1.01023	0.818257	2
12	104000001	0.973208	0.818257	2
12	105000001	0.926956	0.818257	2
12	106000001	0.802	0.818257	2
12	107000001	1.04903	1.18992	4
12	108000001	1.48005	1.18992	4
12	109000001	1.24784	1.18992	4
12	110000001	1.34834	1.18992	4
12	111000001	1.33427	1.18992	4
12	112000001	1.18176	1.18992	4
12	113000001	1.1958	1.18992	4
12	114000001	1.11701	1.18992	4
12	115000001	1.22931	1.18992	4
12	116000001	1.16218	1.18992	4
12	117000001	1.18404	1.18992	4
12	118000001	1.16718	1.18992	4
12	119000001	0.886958	1.18992	4
12	120000001	1.15747	1.18992	4
12	121000001	1.24619	1.18992	4
12	122000001	1.47276	1.18992	4
12	123000001	0.808332	0.999759	3
12	124000001	1.25184	0.999759	3
12	125000001	1.12659	0.999759	3
12	126000001	0.683376	0.999759	3
12	127000001	0.954344	0.999759	3
12	128000001	1.04517	0.999759	3
12	129000001	1.857	1.43385	4
12	130000001	1.22575	1.43385	4
12	131000001	1.91462	1.43385	4
12	132000001	1.43385	1.43385	4
12	133000001	1.08278	1.43385	4
13	1	-1	-1	2
13	1000001	-1	-1	2
13	2000001	-1	-1	2
13	3000001	-1	-1	2
13	4000001	-1	-1	2
13	5000001	-1	-1	2
13	6000001	-1	-1	2
13	7000001	-1	-1	2
13	8000001	-1	-1	2
13	9000001	-1	-1	2
13	10000001	-1	-1	2
13	11000001	-1	-1	2
13	12000001	-1	-1	2
13	13000001	-1	-1	2
13	14000001	-1	-1	2
13	15000001	-1	-1	2
13	16000001	0.629355	0.695226	2
13	17000001	0.646145	0.695226	2
13	18000001	0.861991	0.695226	2
13	19000001	0.731843	0.695226	2
13	20000001	0.707031	0.695226	2
13	21000001	0.553585	0.695226	2
13	22000001	0.804805	0.695226	2
13	23000001	0.653228	0.695226	2
13	24000001	0.760977	0.695226	2
13	25000001	0.616476	0.695226	2
13	26000001	0.71249	0.695226	2
13	27000001	0.630166	0.695226	2
13	28000001	0.695226	0.695226	2
13	29000001	0.751586	0.695226	2
13	30000001	0.736515	0.695226	2
13	31000001	0.920456	0.695226	2
13	32000001	0.574247	0.695226	2
13	33000001	0.703944	0.695226	2
13	34000001	0.757334	0.695226	2
13	35000001	0.628895	0.695226	2
13	36000001	0.592401	0.695226	2
13	37000001	0.526284	0.695226	2
13	38000001	0.704562	0.695226	2
13	39000001	0.529559	0.695226	2
13	40000001	0.67556	0.695226	2
13	41000001	1.24926	0.695226	2
13	42000001	0.618265	0.695226	2
13	43000001	0.560124	0.695226	2
13	44000001	0.894442	0.695226	2
13	45000001	0.94341	0.695226	2
13	46000001	0.794862	0.695226	2
13	47000001	0.700099	0.695226	2
13	48000001	0.746597	0.695226	2
13	49000001	0.615183	0.695226	2
13	50000001	0.562424	0.695226	2
13	51000001	0.646724	0.695226	2
13	52000001	0.644658	0.695226	2
13	53000001	0.39789	0.534308	2
13	54000001	0.522167	0.534308	2
13	55000001	0.549731	0.534308	2
13	56000001	0.417101	0.534308	2
13	57000001	0.54645	0.534308	2
13	58000001	0.374004	0.534308	2
13	59000001	0.623529	0.534308	2
13	60000001	0.547328	0.534308	2
13	61000001	0.569112	0.534308	2
13	62000001	0.429354	0.534308	2
13	63000001	0.626491	0.534308	2
13	64000001	0.579542	0.534308	2
13	65000001	0.366776	0.534308	2
13	66000001	0.548054	0.534308	2
13	67000001	0.579459	0.534308	2
13	68000001	0.43427	0.534308	2
13	69000001	0.418226	0.534308	2
13	70000001	0.371594	0.534308	2
13	71000001	1.39885	1.39885	4
13	72000001	0.357259	0.543643	2
13	73000001	0.439887	0.543643	2
13	74000001	0.586579	0.543643	2
13	75000001	0.585765	0.543643	2
13	76000001	0.559972	0.543643	2
13	77000001	0.530835	0.543643	2
13	78000001	0.556451	0.543643	2
13	79000001	0.425486	0.543643	2
13	80000001	1.48912	1.48912	4
13	81000001	0.42836	0.526185	2
13	82000001	0.517887	0.526185	2
13	83000001	0.622439	0.526185	2
13	84000001	0.649617	0.526185	2
13	85000001	0.354925	0.526185	2
13	86000001	0.744205	0.526185	2
13	87000001	0.526185	0.526185	2
13	88000001	0.442037	0.526185	2
13	89000001	0.813473	0.526185	2
13	90000001	2.89363	2.72372	8
13	91000001	2.55381	2.72372	8
13	92000001	1.33109	1.33109	4
13	93000001	0.885678	0.885678	3
13	94000001	0.500646	0.537273	2
13	95000001	0.630252	0.537273	2
13	96000001	0.539858	0.537273	2
13	97000001	0.56306	0.537273	2
13	98000001	0.898777	0.537273	2
13	99000001	0.579361	0.537273	2
13	100000001	0.58147	0.537273	2
13	101000001	0.466016	0.537273	2
13	102000001	0.514326	0.537273	2
13	103000001	0.513316	0.537273	2
13	104000001	0.365743	0.537273	2
13	105000001	0.504121	0.537273	2
13	106000001	0.537273	0.537273	2
13	107000001	1.05526	0.829548	2
13	108000001	0.621183	0.829548	2
13	109000001	0.78458	0.829548	2
13	110000001	0.835059	0.829548	2
13	111000001	0.824036	0.829548	2
13	112000001	0.806457	0.829548	2
13	113000001	1.00504	0.829548	2
13	114000001	1.24034	0.829548	2
14	1	-1	-1	3
14	1000001	-1	-1	3
14	2000001	-1	-1	3
14	3000001	-1	-1	3
14	4000001	-1	-1	3
14	5000001	-1	-1	3
14	6000001	-1	-1	3
14	7000001	-1	-1	3
14	8000001	-1	-1	3
14	9000001	-1	-1	3
14	10000001	-1	-1	3
14	11000001	-1	-1	3
14	12000001	-1	-1	3
14	13000001	-1	-1	3
14	14000001	-1	-1	3
14	15000001	-1	-1	3
14	16000001	0.898017	0.898017	3
14	17000001	0.623426	0.898017	3
14	18000001	0.957492	0.898017	3
14	19000001	1.4738	1.4738	4
14	20000001	0.682324	0.719207	2
14	21000001	0.719207	0.719207	2
14	22000001	0.67729	0.719207	2
14	23000001	0.866322	0.719207	2
14	24000001	0.772481	0.719207	2
14	25000001	0.629652	0.522981	2
14	26000001	0.429743	0.522981	2
14	27000001	0.314225	0.522981	2
14	28000001	0.500334	0.522981	2
14	29000001	0.561327	0.522981	2
14	30000001	0.490751	0.522981	2
14	31000001	0.498794	0.522981	2
14	32000001	0.588679	0.522981	2
14	33000001	0.495577	0.522981	2
14	34000001	0.863221	0.522981	2
14	35000001	0.568476	0.522981	2
14	36000001	0.569487	0.522981	2
14	37000001	0.466129	0.522981	2
14	38000001	0.613971	0.522981	2
14	39000001	0.659776	0.522981	2
14	40000001	0.503827	0.522981	2
14	41000001	0.461735	0.522981	2
14	42000001	0.667124	0.522981	2
14	43000001	0.496181	0.522981	2
14	44000001	0.525018	0.522981	2
14	45000001	0.520944	0.522981	2
14	46000001	0.435354	0.522981	2
14	47000001	0.498206	0.522981	2
14	48000001	0.563837	0.522981	2
14	49000001	0.545337	0.522981	2
14	50000001	0.549455	0.522981	2
14	51000001	0.761882	0.675338	2
14	52000001	0.857844	0.675338	2
14	53000001	0.542403	0.675338	2
14	54000001	0.675338	0.675338	2
14	55000001	0.713558	0.675338	2
14	56000001	0.865758	0.675338	2
14	57000001	0.6848	0.675338	2
14	58000001	0.527289	0.675338	2
14	59000001	0.644326	0.675338	2
14	60000001	2.25113	0.675338	2
14	61000001	0.683262	0.675338	2
14	62000001	0.537695	0.675338	2
14	63000001	0.568842	0.675338	2
14	64000001	0.972561	0.675338	2
14	65000001	0.571705	0.675338	2
14	66000001	0.677172	0.675338	2
14	67000001	0.561577	0.675338	2
14	68000001	0.911922	0.675338	2
14	69000001	0.703409	0.675338	2
14	70000001	0.500329	0.675338	2
14	71000001	0.827146	0.675338	2
14	72000001	0.836725	0.675338	2
14	73000001	0.522665	0.675338	2
14	74000001	0.86341	0.675338	2
14	75000001	0.761695	0.675338	2
14	76000001	0.62192	0.675338	2
14	77000001	0.790261	0.675338	2
14	78000001	0.695234	0.675338	2
14	79000001	0.530618	0.675338	2
14	80000001	0.564787	0.675338	2
14	81000001	0.580919	0.675338	2
14	82000001	0.619988	0.675338	2
14	83000001	0.56016	0.675338	2
14	84000001	0.435654	0.675338	2
14	85000001	0.769546	0.675338	2
14	86000001	0.577323	0.675338	2
14	87000001	0.524095	0.675338	2
14	88000001	0.555576	0.675338	2
14	89000001	0.858448	0.675338	2
14	90000001	0.677234	0.675338	2
14	91000001	0.673531	0.675338	2
14	92000001	0.909722	0.887258	3
14	93000001	0.869024	0.887258	3
14	94000001	0.797069	0.887258	3
14	95000001	1.01683	0.887258	3
14	96000001	1.05919	0.887258	3
14	97000001	0.868219	0.887258	3
14	98000001	0.691509	0.887258	3
14	99000001	0.958129	0.887258	3
14	100000001	0.950059	0.887258	3
14	101000001	0.577878	0.887258	3
14	102000001	0.820538	0.887258	3
14	103000001	0.905493	0.887258	3
14	104000001	1.09959	0.986126	3
14	105000001	0.986126	0.986126	3
14	106000001	0.981632	0.986126	3
14	107000001	-1	-1	3
15	1	-1	-1	2
15	1000001	-1	-1	2
15	2000001	-1	-1	2
15	3000001	-1	-1	2
15	4000001	-1	-1	2
15	5000001	-1	-1	2
15	6000001	-1	-1	2
15	7000001	-1	-1	2
15	8000001	-1	-1	2
15	9000001	-1	-1	2
15	10000001	-1	-1	2
15	11000001	-1	-1	2
15	12000001	-1	-1	2
15	13000001	-1	-1	2
15	14000001	-1	-1	2
15	15000001	-1	-1	2
15	16000001	-1	-1	2
15	17000001	0.758564	0.79373	2
15	18000001	0.828897	0.79373	2
15	19000001	1.08217	1.05491	3
15	20000001	1.30996	1.05491	3
15	21000001	1.27846	1.05491	3
15	22000001	1.10392	1.05491	3
15	23000001	0.782926	1.05491	3
15	24000001	0.769817	1.05491	3
15	25000001	0.991858	1.05491	3
15	26000001	0.950325	1.05491	3
15	27000001	0.85894	1.05491	3
15	28000001	1.05491	1.05491	3
15	29000001	1.20074	1.05491	3
15	30000001	1.54151	1.54151	5
15	31000001	1.69399	1.54151	5
15	32000001	1.34641	1.54151	5
15	33000001	1.19723	1.07878	3
15	34000001	1.07878	1.07878	3
15	35000001	1.2027	1.07878	3
15	36000001	0.726709	1.07878	3
15	37000001	0.952655	1.07878	3
15	38000001	1.25217	1.07878	3
15	39000001	1.01433	1.07878	3
15	40000001	1.50193	1.47578	4
15	41000001	1.5369	1.47578	4
15	42000001	1.37231	1.47578	4
15	43000001	1.44962	1.47578	4
15	44000001	1.44572	1.47578	4
15	45000001	1.83086	1.47578	4
15	46000001	1.02137	1.12183	3
15	47000001	1.15143	1.12183	3
15	48000001	0.917645	1.12183	3
15	49000001	1.18708	1.12183	3
15	50000001	1.04379	1.12183	3
15	51000001	1.27665	1.12183	3
15	52000001	1.17009	1.12183	3
15	53000001	1.0998	1.12183	3
15	54000001	0.957746	1.12183	3
15	55000001	1.29691	1.12183	3
15	56000001	1.08216	1.12183	3
15	57000001	1.13489	1.12183	3
15	58000001	1.25019	1.12183	3
15	59000001	1.10877	1.12183	3
15	60000001	1.20075	1.12183	3
15	61000001	1.10394	1.12183	3
15	62000001	1.34207	1.43181	4
15	63000001	1.52461	1.43181	4
15	64000001	1.85622	1.43181	4
15	65000001	1.5033	1.43181	4
15	66000001	1.38024	1.43181	4
15	67000001	1.12185	1.43181	4
15	68000001	1.50239	1.43181	4
15	69000001	1.50274	1.43181	4
15	70000001	1.66485	1.43181	4
15	71000001	1.30788	1.43181	4
15	72000001	1.19606	1.43181	4
15	73000001	1.22293	1.43181	4
15	74000001	1.61451	1.43181	4
15	75000001	1.57064	1.43181	4
15	76000001	1.28957	1.43181	4
15	77000001	1.6234	1.43181	4
15	78000001	1.93563	1.43181	4
15	79000001	1.39999	1.43181	4
15	80000001	1.48431	1.43181	4
15	81000001	1.20547	1.43181	4
15	82000001	1.26911	1.43181	4
15	83000001	1.41606	1.43181	4
15	84000001	1.2713	1.43181	4
15	85000001	1.70423	1.43181	4
15	86000001	1.11002	1.43181	4
15	87000001	1.12405	1.43181	4
15	88000001	1.61518	1.43181	4
15	89000001	1.73737	1.43181	4
15	90000001	1.56212	1.43181	4
15	91000001	1.3389	1.43181	4
15	92000001	1.33051	1.43181	4
15	93000001	1.44756	1.43181	4
15	94000001	1.07645	0.968324	3
15	95000001	0.856333	0.968324	3
15	96000001	0.860197	0.968324	3
15	97000001	1.12308	0.968324	3
15	98000001	1.31352	1.51911	5
15	99000001	1.38037	1.51911	5
15	100000001	1.65785	1.51911	5
15	101000001	1.73457	1.51911	5
16	1	1.72615	1.12877	3
16	1000001	1.54877	1.12877	3
16	2000001	1.13104	1.12877	3
16	3000001	1.26474	1.12877	3
16	4000001	1.26108	1.12877	3
16	5000001	1.16972	1.12877	3
16	6000001	0.968229	1.12877	3
16	7000001	0.86971	1.12877	3
16	8000001	1.21653	1.12877	3
16	9000001	1.05567	1.12877	3
16	10000001	1.59202	1.12877	3
16	11000001	1.08601	1.12877	3
16	12000001	1.38935	1.12877	3
16	13000001	1.03414	1.12877	3
16	14000001	1.09567	1.12877	3
16	15000001	1.24639	1.12877	3
16	16000001	1.19669	1.12877	3
16	17000001	1.17793	1.12877	3
16	18000001	0.905158	1.12877	3
16	19000001	1.05092	1.12877	3
16	20000001	0.869482	1.12877	3
16	21000001	1.17071	1.12877	3
16	22000001	1.17398	1.12877	3
16	23000001	1.8215	1.12877	3
16	24000001	0.934635	1.12877	3
16	25000001	0.840514	1.12877	3
16	26000001	0.896569	1.12877	3
16	27000001	1.26159	1.12877	3
16	28000001	1.05222	1.12877	3
16	29000001	1.07156	1.12877	3
16	30000001	1.24396	1.12877	3
16	31000001	1.13882	1.12877	3
16	32000001	0.95459	1.12877	3
16	33000001	1.41296	1.12877	3
16	34000001	1.31036	1.12877	3
16	35000001	0.995917	1.12877	3
16	36000001	0.785391	1.12877	3
16	37000001	0.88217	1.12877	3
16	38000001	1.05985	1.12877	3
16	39000001	-1	1.12877	3
16	40000001	-1	1.12877	3
16	41000001	-1	1.12877	3
16	42000001	-1	1.12877	3
16	43000001	-1	1.12877	3
16	44000001	-1	1.12877	3
16	45000001	-1	1.12877	3
16	46000001	2.48665	1.12877	3
16	47000001	1.05736	1.12877	3
16	48000001	1.1265	1.12877	3
16	49000001	1.11397	1.12877	3
16	50000001	1.22552	1.12877	3
16	51000001	0.911654	0.911654	3
16	52000001	0.671718	0.911654	3
16	53000001	0.820251	0.911654	3
16	54000001	1.05815	0.911654	3
16	55000001	0.991404	0.911654	3
16	56000001	1.08685	1.09129	3
16	57000001	1.60622	1.09129	3
16	58000001	1.09129	1.09129	3
16	59000001	0.804385	0.687225	2
16	60000001	0.709637	0.687225	2
16	61000001	0.664814	0.687225	2
16	62000001	0.771405	0.687225	2
16	63000001	0.639845	0.687225	2
16	64000001	0.651067	0.687225	2
16	65000001	0.993976	1.10888	3
16	66000001	1.15499	1.10888	3
16	67000001	1.21311	1.10888	3
16	68000001	1.1864	1.10888	3
16	69000001	1.06623	1.10888	3
16	70000001	1.2237	1.10888	3
16	71000001	0.999252	1.10888	3
16	72000001	0.892691	1.10888	3
16	73000001	1.27685	1.10888	3
16	74000001	1.27892	1.10888	3
16	75000001	0.994293	1.10888	3
16	76000001	0.779453	1.10888	3
16	77000001	1.05157	1.10888	3
16	78000001	1.19512	1.10888	3
16	79000001	1.10888	1.10888	3
16	80000001	1.44965	1.4704	4
16	81000001	1.5777	1.4704	4
16	82000001	1.22411	1.4704	4
16	83000001	1.49116	1.4704	4
16	84000001	2.26789	1.77927	5
16	85000001	1.71726	1.77927	5
16	86000001	1.77927	1.77927	5
16	87000001	1.36267	1.62786	5
16	88000001	1.89304	1.62786	5
16	89000001	1.30968	1.38079	4
16	90000001	1.45189	1.38079	4
17	1	1.31999	0.859017	3
17	1000001	0.95888	0.859017	3
17	2000001	0.967369	0.859017	3
17	3000001	0.933276	0.859017	3
17	4000001	0.90222	0.859017	3
17	5000001	0.809479	0.859017	3
17	6000001	1.02725	0.859017	3
17	7000001	1.14933	0.859017	3
17	8000001	0.823646	0.859017	3
17	9000001	0.999624	0.859017	3
17	10000001	0.779197	0.859017	3
17	11000001	0.681153	0.859017	3
17	12000001	0.753947	0.859017	3
17	13000001	0.675318	0.859017	3
17	14000001	0.609837	0.859017	3
17	15000001	0.782607	0.859017	3
17	16000001	0.855106	0.859017	3
17	17000001	0.967368	0.859017	3
17	18000001	0.821372	0.859017	3
17	19000001	0.812702	0.859017	3
17	20000001	0.995335	0.859017	3
17	21000001	0.801302	0.859017	3
17	22000001	0.994293	0.859017	3
17	23000001	0.862928	0.859017	3
17	24000001	0.600256	0.859017	3
17	25000001	0.933394	0.859017	3
17	26000001	1.58491	1.21782	4
17	27000001	1.06307	1.21782	4
17	28000001	1.27165	1.21782	4
17	29000001	1.11041	1.21782	4
17	30000001	0.974993	1.21782	4
17	31000001	1.21401	1.21782	4
17	32000001	0.98202	1.21782	4
17	33000001	1.22162	1.21782	4
17	34000001	1.25495	1.21782	4
17	35000001	1.0288	1.21782	4
17	36000001	1.27004	1.21782	4
17	37000001	1.10681	1.21782	4
17	38000001	1.40783	1.21782	4
17	39000001	1.05383	1.21782	4
17	40000001	1.02991	1.21782	4
17	41000001	1.27903	1.21782	4
17	42000001	1.14421	1.21782	4
17	43000001	1.3859	1.21782	4
17	44000001	1.52674	1.21782	4
17	45000001	1.32837	1.21782	4
17	46000001	0.848299	1.02566	3
17	47000001	0.999783	1.02566	3
17	48000001	1.22819	1.02566	3
17	49000001	1.12514	1.02566	3
17	50000001	1.31379	1.02566	3
17	51000001	0.73858	1.02566	3
17	52000001	0.520298	1.02566	3
17	53000001	0.916116	1.02566	3
17	54000001	0.897699	1.02566	3
17	55000001	0.979401	1.02566	3
17	56000001	1.07427	1.02566	3
17	57000001	1.14534	1.02566	3
17	58000001	1.16278	1.02566	3
17	59000001	0.915191	1.02566	3
17	60000001	1.12011	1.02566	3
17	61000001	0.778142	1.02566	3
17	62000001	1.75964	1.02566	3
17	63000001	1.33398	1.02566	3
17	64000001	0.858189	1.02566	3
17	65000001	1.08038	1.02566	3
17	66000001	1.02566	1.02566	3
17	67000001	1.14488	1.02566	3
17	68000001	1.14765	1.02566	3
17	69000001	0.704909	1.02566	3
17	70000001	0.76327	1.02566	3
17	71000001	0.964652	1.02566	3
17	72000001	1.23919	1.02566	3
17	73000001	1.43388	1.43328	4
17	74000001	1.24777	1.43328	4
17	75000001	1.4628	1.43328	4
17	76000001	1.14287	1.43328	4
17	77000001	2.05142	1.43328	4
17	78000001	1.30605	1.43328	4
17	79000001	1.71913	1.43328	4
17	80000001	1.43268	1.43328	4
17	81000001	3.97424	3.97424	12
17	82000001	1.40357	1.53012	5
17	83000001	1.65667	1.53012	5
18	1	2.89129	2.89129	9
18	1000001	0.96018	1.22158	4
18	2000001	0.960021	1.22158	4
18	3000001	1.21632	1.22158	4
18	4000001	1.03642	1.22158	4
18	5000001	1.03224	1.22158	4
18	6000001	1.46951	1.22158	4
18	7000001	1.43709	1.22158	4
18	8000001	1.48046	1.22158	4
18	9000001	1.48371	1.22158	4
18	10000001	1.44555	1.22158	4
18	11000001	1.01992	1.22158	4
18	12000001	1.19553	1.22158	4
18	13000001	0.965975	1.22158	4
18	14000001	1.03131	1.22158	4
18	15000001	1.25574	1.22158	4
18	16000001	1.29945	1.22158	4
18	17000001	1.16026	1.22158	4
18	18000001	1.5668	1.22158	4
18	19000001	1.68275	1.22158	4
18	20000001	1.26203	1.22158	4
18	21000001	0.83206	1.22158	4
18	22000001	1.22685	1.22158	4
18	23000001	1.53057	1.53902	5
18	24000001	1.878	1.53902	5
18	25000001	1.92216	1.53902	5
18	26000001	1.53902	1.53902	5
18	27000001	1.42837	1.53902	5
18	28000001	1.05717	1.04488	3
18	29000001	1.26485	1.04488	3
18	30000001	0.989191	1.04488	3
18	31000001	1.41152	1.04488	3
18	32000001	0.991444	1.04488	3
18	33000001	0.781406	1.04488	3
18	34000001	0.940524	1.04488	3
18	35000001	1.03258	1.04488	3
18	36000001	1.62363	1.04488	3
18	37000001	1.49032	1.04488	3
18	38000001	1.00042	1.04488	3
18	39000001	1.16643	1.04488	3
18	40000001	0.808369	0.869505	3
18	41000001	0.917158	0.869505	3
18	42000001	0.46344	0.869505	3
18	43000001	0.540184	0.869505	3
18	44000001	1.09576	0.869505	3
18	45000001	0.892483	0.869505	3
18	46000001	1.09649	0.869505	3
18	47000001	0.869505	0.869505	3
18	48000001	1.05602	0.869505	3
18	49000001	0.825885	0.869505	3
18	50000001	0.829658	0.869505	3
18	51000001	0.603771	0.624792	2
18	52000001	0.601095	0.624792	2
18	53000001	0.635555	0.624792	2
18	54000001	0.549524	0.624792	2
18	55000001	0.454086	0.624792	2
18	56000001	0.43747	0.624792	2
18	57000001	0.624792	0.624792	2
18	58000001	0.928144	0.624792	2
18	59000001	0.928272	0.624792	2
18	60000001	0.527757	0.624792	2
18	61000001	1.32455	0.624792	2
18	62000001	0.673839	0.624792	2
18	63000001	0.776011	0.624792	2
18	64000001	0.573014	0.537111	2
18	65000001	0.450182	0.537111	2
18	66000001	0.516303	0.537111	2
18	67000001	0.541288	0.537111	2
18	68000001	0.579627	0.537111	2
18	69000001	0.429214	0.537111	2
18	70000001	0.861304	0.537111	2
18	71000001	0.383541	0.537111	2
18	72000001	0.476853	0.537111	2
18	73000001	0.532933	0.537111	2
18	74000001	0.694991	0.537111	2
18	75000001	0.6101	0.537111	2
18	76000001	0.950752	0.914635	3
18	77000001	1.57074	0.914635	3
18	78000001	0.82697	0.914635	3
18	79000001	0.907519	0.914635	3
18	80000001	0.914635	0.914635	3
19	1	1.22963	1.34331	4
19	1000001	1.48743	1.34331	4
19	2000001	1.59278	1.34331	4
19	3000001	1.50115	1.34331	4
19	4000001	1.34436	1.34331	4
19	5000001	1.23508	1.34331	4
19	6000001	1.2151	1.34331	4
19	7000001	1.81606	1.34331	4
19	8000001	1.17557	1.34331	4
19	9000001	1.11306	1.34331	4
19	10000001	1.21923	1.34331	4
19	11000001	1.06237	1.34331	4
19	12000001	1.12903	1.34331	4
19	13000001	1.36273	1.34331	4
19	14000001	1.34226	1.34331	4
19	15000001	1.38196	1.34331	4
19	16000001	1.62224	1.34331	4
19	17000001	1.36935	1.34331	4
19	18000001	1.12265	1.34331	4
19	19000001	1.63489	1.34331	4
19	20000001	1.02963	1.02963	3
19	21000001	0.762003	1.02963	3
19	22000001	1.02851	1.02963	3
19	23000001	1.13353	1.02963	3
19	24000001	1.03554	1.02963	3
19	25000001	1.76768	1.76402	5
19	26000001	1.76036	1.76402	5
19	27000001	1.07829	1.09476	3
19	28000001	0.960668	1.09476	3
19	29000001	1.01348	1.09476	3
19	30000001	1.2183	1.09476	3
19	31000001	1.15557	1.09476	3
19	32000001	1.11122	1.09476	3
19	33000001	1.36485	1.28556	4
19	34000001	1.23645	1.28556	4
19	35000001	1.54521	1.28556	4
19	36000001	1.68329	1.28556	4
19	37000001	1.44076	1.28556	4
19	38000001	1.17808	1.28556	4
19	39000001	1.21495	1.28556	4
19	40000001	1.27699	1.28556	4
19	41000001	1.47927	1.28556	4
19	42000001	1.29413	1.28556	4
19	43000001	1.04352	1.28556	4
19	44000001	1.10281	1.28556	4
19	45000001	1.32488	1.28556	4
19	46000001	1.44743	1.28556	4
19	47000001	1.03676	1.28556	4
19	48000001	1.40934	1.28556	4
19	49000001	1.19234	1.28556	4
19	50000001	1.18341	1.28556	4
19	51000001	1.39589	1.28556	4
19	52000001	1.14001	1.28556	4
19	53000001	1.09386	1.28556	4
19	54000001	1.53854	1.28556	4
19	55000001	1.27322	1.28556	4
19	56000001	1.06411	1.28556	4
19	57000001	1.3604	1.28556	4
19	58000001	1.55769	1.28556	4
2	1	1.30942	1.52232	5
2	1000001	1.73521	1.52232	5
2	2000001	1.20389	1.06083	3
2	3000001	1.18397	1.06083	3
2	4000001	0.650996	1.06083	3
2	5000001	0.947245	1.06083	3
2	6000001	0.840255	1.06083	3
2	7000001	0.941531	1.06083	3
2	8000001	1.18632	1.06083	3
2	9000001	1.50812	1.06083	3
2	10000001	1.40572	1.06083	3
2	11000001	1.3768	1.06083	3
2	12000001	0.987574	1.06083	3
2	13000001	0.834657	1.06083	3
2	14000001	0.695018	1.06083	3
2	15000001	1.24164	1.06083	3
2	16000001	0.970971	1.06083	3
2	17000001	0.861994	1.06083	3
2	18000001	1.04293	1.06083	3
2	19000001	1.03096	1.06083	3
2	20000001	1.204	1.06083	3
2	21000001	0.917608	1.06083	3
2	22000001	0.673257	1.06083	3
2	23000001	1.4873	1.06083	3
2	24000001	1.06083	1.06083	3
2	25000001	1.22559	1.06083	3
2	26000001	1.2031	1.06083	3
2	27000001	1.05314	1.06083	3
2	28000001	1.06102	1.06083	3
2	29000001	1.07253	1.06083	3
2	30000001	1.12829	1.06083	3
2	31000001	0.895908	0.919745	3
2	32000001	0.987453	0.919745	3
2	33000001	1.03948	0.919745	3
2	34000001	0.672382	0.919745	3
2	35000001	0.589324	0.919745	3
2	36000001	1.01864	0.919745	3
2	37000001	0.903713	0.919745	3
2	38000001	0.980908	0.919745	3
2	39000001	0.801507	0.919745	3
2	40000001	0.753736	0.919745	3
2	41000001	0.903085	0.919745	3
2	42000001	1.13509	0.919745	3
2	43000001	1.03541	0.919745	3
2	44000001	1.13499	0.919745	3
2	45000001	1.3947	0.919745	3
2	46000001	1.06018	0.919745	3
2	47000001	1.21556	0.919745	3
2	48000001	0.958054	0.919745	3
2	49000001	0.832961	0.919745	3
2	50000001	0.542142	0.919745	3
2	51000001	0.78264	0.919745	3
2	52000001	0.674787	0.919745	3
2	53000001	0.805132	0.919745	3
2	54000001	0.921872	0.919745	3
2	55000001	0.904964	0.919745	3
2	56000001	0.836094	0.919745	3
2	57000001	1.51149	0.919745	3
2	58000001	0.760653	0.919745	3
2	59000001	0.917618	0.919745	3
2	60000001	0.860495	0.919745	3
2	61000001	1.01688	0.919745	3
2	62000001	0.97068	0.919745	3
2	63000001	0.940597	0.919745	3
2	64000001	0.898554	0.919745	3
2	65000001	0.965414	0.919745	3
2	66000001	0.925331	0.919745	3
2	67000001	0.789848	0.919745	3
2	68000001	1.38128	0.919745	3
2	69000001	1.10874	0.919745	3
2	70000001	1.08735	0.919745	3
2	71000001	1.3144	0.919745	3
2	72000001	0.853417	0.919745	3
2	73000001	1.20341	0.919745	3
2	74000001	1.08896	0.919745	3
2	75000001	1.07609	0.919745	3
2	76000001	0.900668	0.919745	3
2	77000001	0.60893	0.919745	3
2	78000001	0.668784	0.919745	3
2	79000001	0.804792	0.919745	3
2	80000001	0.938895	0.919745	3
2	81000001	0.854968	0.919745	3
2	82000001	0.763255	0.919745	3
2	83000001	2.37258	2.37258	7
2	84000001	0.892305	1.06703	3
2	85000001	1.39406	1.06703	3
2	86000001	0.863723	1.06703	3
2	87000001	1.21526	1.06703	3
2	88000001	0.862931	1.06703	3
2	89000001	0.758612	1.06703	3
2	90000001	1.13606	1.06703	3
2	91000001	0.955256	1.06703	3
2	92000001	1.23395	1.06703	3
2	93000001	1.39654	1.06703	3
2	94000001	1.09051	1.06703	3
2	95000001	1.17126	1.06703	3
2	96000001	1.30381	1.06703	3
2	97000001	1.1073	1.06703	3
2	98000001	1.03294	1.06703	3
2	99000001	1.62927	1.06703	3
2	100000001	1.11034	1.06703	3
2	101000001	1.07154	1.06703	3
2	102000001	1.06252	1.06703	3
2	103000001	0.714165	1.06703	3
2	104000001	0.834375	1.06703	3
2	105000001	1.03473	1.06703	3
2	106000001	1.02661	1.06703	3
2	107000001	0.763112	1.06703	3
2	108000001	1.00162	1.06703	3
2	109000001	1.43608	1.06703	3
2	110000001	1.01898	1.06703	3
2	111000001	0.930413	1.06703	3
2	112000001	1.15901	1.06703	3
2	113000001	1.2638	1.06703	3
2	114000001	0.816593	1.06703	3
2	115000001	0.830398	1.06703	3
2	116000001	0.806816	1.06703	3
2	117000001	0.746236	1.06703	3
2	118000001	1.37219	1.06703	3
2	119000001	1.09144	1.06703	3
2	120000001	1.2118	1.06703	3
2	121000001	1.26773	1.06703	3
2	122000001	1.08394	1.06703	3
2	123000001	0.818904	1.06703	3
2	124000001	2.21044	2.21044	7
2	125000001	0.646331	0.862846	3
2	126000001	1.00471	0.862846	3
2	127000001	0.93621	0.862846	3
2	128000001	1.27938	0.862846	3
2	129000001	1.00267	0.862846	3
2	130000001	1.33854	0.862846	3
2	131000001	1.18941	0.862846	3
2	132000001	0.840468	0.862846	3
2	133000001	0.971378	0.862846	3
2	134000001	0.879011	0.862846	3
2	135000001	0.893955	0.862846	3
2	136000001	0.826178	0.862846	3
2	137000001	0.89352	0.862846	3
2	138000001	0.774683	0.862846	3
2	139000001	0.611311	0.862846	3
2	140000001	0.608804	0.862846	3
2	141000001	0.914409	0.862846	3
2	142000001	0.708499	0.862846	3
2	143000001	0.814291	0.862846	3
2	144000001	0.846681	0.862846	3
2	145000001	0.677571	0.862846	3
2	146000001	0.692919	0.862846	3
2	147000001	0.717474	0.862846	3
2	148000001	1.16606	0.862846	3
2	149000001	1.9244	1.81245	5
2	150000001	1.70051	1.81245	5
2	151000001	0.956535	1.0018	3
2	152000001	0.971764	1.0018	3
2	153000001	0.967443	1.0018	3
2	154000001	0.94929	1.0018	3
2	155000001	1.03184	1.0018	3
2	156000001	1.05279	1.0018	3
2	157000001	0.969855	1.0018	3
2	158000001	1.44306	1.0018	3
2	159000001	1.04151	1.0018	3
2	160000001	1.09775	1.0018	3
2	161000001	1.04978	1.0018	3
2	162000001	0.960063	1.0018	3
2	163000001	0.894729	1.0018	3
2	164000001	0.805528	1.0018	3
2	165000001	0.899532	1.0018	3
2	166000001	1.40785	1.0018	3
2	167000001	1.13563	1.0018	3
2	168000001	1.31606	1.0018	3
2	169000001	2.20317	2.20317	7
2	170000001	1.16222	1.10588	3
2	171000001	1.01736	1.10588	3
2	172000001	1.08083	1.10588	3
2	173000001	1.57462	1.10588	3
2	174000001	1.39989	1.10588	3
2	175000001	1.14053	1.10588	3
2	176000001	1.07227	1.10588	3
2	177000001	1.13093	1.10588	3
2	178000001	1.15	1.10588	3
2	179000001	0.954723	1.10588	3
2	180000001	0.793303	1.10588	3
2	181000001	1.2339	1.10588	3
2	182000001	0.99518	1.10588	3
2	183000001	1.05769	1.10588	3
2	184000001	0.821926	0.73649	2
2	185000001	0.759374	0.73649	2
2	186000001	1.01972	0.73649	2
2	187000001	0.954569	0.73649	2
2	188000001	0.482344	0.73649	2
2	189000001	0.486249	0.73649	2
2	190000001	0.48659	0.73649	2
2	191000001	0.524493	0.73649	2
2	192000001	0.417968	0.73649	2
2	193000001	0.531381	0.73649	2
2	194000001	2.06479	0.73649	2
2	195000001	0.435389	0.73649	2
2	196000001	0.548049	0.73649	2
2	197000001	0.843218	0.73649	2
2	198000001	0.735517	0.73649	2
2	199000001	0.507297	0.73649	2
2	200000001	0.584871	0.73649	2
2	201000001	0.702058	0.73649	2
2	202000001	0.773339	0.73649	2
2	203000001	0.764547	0.73649	2
2	204000001	0.664898	0.73649	2
2	205000001	0.850399	0.73649	2
2	206000001	0.696951	0.73649	2
2	207000001	0.73649	0.73649	2
2	208000001	0.796005	0.73649	2
2	209000001	0.602567	0.73649	2
2	210000001	0.432595	0.73649	2
2	211000001	0.419901	0.73649	2
2	212000001	0.559835	0.73649	2
2	213000001	0.450843	0.73649	2
2	214000001	0.309496	0.73649	2
2	215000001	0.56202	0.73649	2
2	216000001	0.779061	0.73649	2
2	217000001	0.905984	0.73649	2
2	218000001	0.823218	0.73649	2
2	219000001	0.842575	0.73649	2
2	220000001	0.734406	0.73649	2
2	221000001	0.754167	0.73649	2
2	222000001	0.593596	0.73649	2
2	223000001	0.566229	0.73649	2
2	224000001	0.67538	0.73649	2
2	225000001	1.73782	0.73649	2
2	226000001	0.690847	0.73649	2
2	227000001	0.8027	0.73649	2
2	228000001	0.51438	0.73649	2
2	229000001	0.884485	0.73649	2
2	230000001	0.69399	0.73649	2
2	231000001	0.906406	0.73649	2
2	232000001	0.692148	0.73649	2
2	233000001	0.856483	0.73649	2
2	234000001	0.743729	0.73649	2
2	235000001	1.0262	0.73649	2
2	236000001	0.962664	0.73649	2
2	237000001	0.768209	0.73649	2
2	238000001	1.77948	0.73649	2
2	239000001	0.940955	0.73649	2
2	240000001	0.967898	0.73649	2
2	241000001	1.15177	0.73649	2
2	242000001	0.923648	0.73649	2
20	1	1.9317	1.9317	6
20	1000001	0.664035	0.644419	2
20	2000001	0.687866	0.644419	2
20	3000001	0.751306	0.644419	2
20	4000001	0.785882	0.644419	2
20	5000001	0.62476	0.644419	2
20	6000001	0.663337	0.644419	2
20	7000001	0.447624	0.644419	2
20	8000001	0.567595	0.644419	2
20	9000001	0.560127	0.644419	2
20	10000001	0.577541	0.644419	2
20	11000001	0.588989	0.644419	2
20	12000001	0.818172	0.644419	2
20	13000001	0.761581	0.644419	2
20	14000001	0.680329	0.644419	2
20	15000001	0.477697	0.644419	2
20	16000001	0.625502	0.644419	2
20	17000001	0.884953	0.797523	2
20	18000001	0.940982	0.797523	2
20	19000001	0.790738	0.797523	2
20	20000001	0.730692	0.797523	2
20	21000001	0.554746	0.797523	2
20	22000001	0.804307	0.797523	2
20	23000001	1.01832	0.934916	3
20	24000001	0.921429	0.934916	3
20	25000001	1.18091	0.934916	3
20	26000001	1.04519	0.934916	3
20	27000001	0.948403	0.934916	3
20	28000001	0.885147	0.934916	3
20	29000001	0.752813	0.934916	3
20	30000001	0.741656	0.934916	3
20	31000001	1.11161	1.1505	3
20	32000001	1.41073	1.1505	3
20	33000001	1.24142	1.1505	3
20	34000001	1.21328	1.1505	3
20	35000001	0.981761	1.1505	3
20	36000001	1.4262	1.1505	3
20	37000001	1.32726	1.1505	3
20	38000001	1.07509	1.1505	3
20	39000001	0.966615	1.1505	3
20	40000001	0.914226	1.1505	3
20	41000001	0.970297	1.1505	3
20	42000001	0.978863	1.1505	3
20	43000001	1.09811	1.1505	3
20	44000001	1.47037	1.1505	3
20	45000001	1.11894	1.1505	3
20	46000001	1.27308	1.1505	3
20	47000001	1.22948	1.1505	3
20	48000001	1.55062	1.1505	3
20	49000001	1.34587	1.1505	3
20	50000001	1.16256	1.1505	3
20	51000001	1.22328	1.1505	3
20	52000001	0.902987	1.1505	3
20	53000001	1.13845	1.1505	3
20	54000001	1.07178	1.1505	3
20	55000001	0.706133	1.1505	3
20	56000001	1.03391	1.1505	3
20	57000001	1.36023	1.1505	3
20	58000001	1.28587	1.1505	3
20	59000001	1.28492	1.1505	3
20	60000001	1.05458	1.1505	3
20	61000001	1.60772	1.56822	5
20	62000001	1.52872	1.56822	5
20	63000001	1.25949	1.56822	5
20	64000001	1.81052	1.56822	5
21	1	-1	-1	5
21	1000001	-1	-1	5
21	2000001	-1	-1	5
21	3000001	-1	-1	5
21	4000001	-1	-1	5
21	5000001	1.41781	1.62805	5
21	6000001	1.6923	1.62805	5
21	7000001	1.56381	1.62805	5
21	8000001	2.48646	1.62805	5
21	9000001	1.51558	1.57462	5
21	10000001	1.63367	1.57462	5
21	11000001	0.637179	0.834766	3
21	12000001	0.63227	0.834766	3
21	13000001	0.987659	0.834766	3
21	14000001	0.938177	0.834766	3
21	15000001	0.80834	0.834766	3
21	16000001	0.937048	0.834766	3
21	17000001	1.01925	0.834766	3
21	18000001	0.610343	0.834766	3
21	19000001	0.59723	0.834766	3
21	20000001	0.522416	0.834766	3
21	21000001	0.653265	0.834766	3
21	22000001	0.696591	0.834766	3
21	23000001	0.726391	0.834766	3
21	24000001	0.731467	0.834766	3
21	25000001	0.930678	0.834766	3
21	26000001	1.01697	0.834766	3
21	27000001	0.861193	0.834766	3
21	28000001	1.05435	0.834766	3
21	29000001	0.991546	0.834766	3
21	30000001	0.925185	0.834766	3
21	31000001	1.48068	1.57695	5
21	32000001	1.81675	1.57695	5
21	33000001	1.5612	1.57695	5
21	34000001	1.62112	1.57695	5
21	35000001	1.42069	1.57695	5
21	36000001	1.61716	1.57695	5
21	37000001	1.59271	1.57695	5
21	38000001	1.50164	1.57695	5
21	39000001	1.35758	1.57695	5
21	40000001	1.60586	1.57695	5
21	41000001	1.83655	1.934	6
21	42000001	1.91968	1.934	6
21	43000001	1.94831	1.934	6
21	44000001	1.98004	1.934	6
21	45000001	2.01048	1.934	6
21	46000001	1.62651	1.934	6
22	1	-1	-1	3
22	1000001	-1	-1	3
22	2000001	-1	-1	3
22	3000001	-1	-1	3
22	4000001	-1	-1	3
22	5000001	-1	-1	3
22	6000001	-1	-1	3
22	7000001	-1	-1	3
22	8000001	-1	-1	3
22	9000001	-1	-1	3
22	10000001	0.850997	0.850997	3
22	11000001	1.52505	0.850997	3
22	12000001	1.67891	0.850997	3
22	13000001	0.577001	0.850997	3
22	14000001	0.615074	0.850997	3
22	15000001	1.40788	1.40788	4
22	16000001	2.35009	2.06026	6
22	17000001	1.47611	2.06026	6
22	18000001	2.06026	2.06026	6
22	19000001	3.70571	4.80721	14
22	20000001	5.11433	4.80721	14
22	21000001	4.80721	4.80721	14
22	22000001	6.34662	4.80721	14
22	23000001	3.80146	4.80721	14
22	24000001	1.07319	0.842089	3
22	25000001	0.702242	0.842089	3
22	26000001	0.710261	0.842089	3
22	27000001	0.825669	0.842089	3
22	28000001	0.73201	0.842089	3
22	29000001	0.857676	0.842089	3
22	30000001	0.842089	0.842089	3
22	31000001	0.920092	0.842089	3
22	32000001	0.820172	0.842089	3
22	33000001	0.799384	0.842089	3
22	34000001	0.731865	0.842089	3
22	35000001	0.909914	0.842089	3
22	36000001	0.878353	0.842089	3
22	37000001	0.910424	0.842089	3
22	38000001	0.768443	0.842089	3
22	39000001	0.98464	0.842089	3
22	40000001	0.656282	0.842089	3
22	41000001	0.754716	0.842089	3
22	42000001	0.857174	0.842089	3
22	43000001	0.753026	0.842089	3
22	44000001	0.806347	0.842089	3
22	45000001	0.885767	0.842089	3
22	46000001	1.05643	0.842089	3
22	47000001	0.756814	0.842089	3
22	48000001	1.07279	0.842089	3
22	49000001	0.903492	0.842089	3
22	50000001	0.977992	0.842089	3
3	1	1.28046	1.39333	4
3	1000001	0.974074	1.39333	4
3	2000001	1.39333	1.39333	4
3	3000001	1.38257	1.39333	4
3	4000001	1.41991	1.39333	4
3	5000001	1.13739	1.39333	4
3	6000001	1.65815	1.39333	4
3	7000001	1.44336	1.39333	4
3	8000001	1.58339	1.39333	4
3	9000001	1.93611	1.89416	6
3	10000001	2.04765	1.89416	6
3	11000001	1.83149	1.89416	6
3	12000001	1.89416	1.89416	6
3	13000001	2.00307	1.89416	6
3	14000001	1.95515	1.89416	6
3	15000001	1.63002	1.89416	6
3	16000001	1.76357	1.89416	6
3	17000001	1.56337	1.89416	6
3	18000001	1.17588	1.15934	3
3	19000001	1.11516	1.15934	3
3	20000001	1.31673	1.15934	3
3	21000001	1.28117	1.15934	3
3	22000001	1.25896	1.15934	3
3	23000001	1.11875	1.15934	3
3	24000001	1.04477	1.15934	3
3	25000001	1.23613	1.15934	3
3	26000001	1.14281	1.15934	3
3	27000001	1.30805	1.15934	3
3	28000001	1.30029	1.15934	3
3	29000001	0.692865	1.15934	3
3	30000001	0.848031	1.15934	3
3	31000001	1.10628	1.15934	3
3	32000001	1.52922	1.15934	3
3	33000001	1.19037	1.15934	3
3	34000001	1.07818	1.15934	3
3	35000001	1.11367	1.15934	3
3	36000001	1.35789	1.4085	4
3	37000001	1.44432	1.4085	4
3	38000001	1.64245	1.4085	4
3	39000001	1.2895	1.4085	4
3	40000001	1.15489	1.4085	4
3	41000001	1.34777	1.4085	4
3	42000001	1.57338	1.4085	4
3	43000001	1.28081	1.4085	4
3	44000001	1.39801	1.4085	4
3	45000001	1.44325	1.4085	4
3	46000001	1.64707	1.4085	4
3	47000001	1.419	1.4085	4
3	48000001	0.918403	0.620611	2
3	49000001	0.726094	0.620611	2
3	50000001	0.957549	0.620611	2
3	51000001	0.717469	0.620611	2
3	52000001	0.635218	0.620611	2
3	53000001	0.782058	0.620611	2
3	54000001	0.885015	0.620611	2
3	55000001	0.748757	0.620611	2
3	56000001	0.679589	0.620611	2
3	57000001	0.581377	0.620611	2
3	58000001	0.911715	0.620611	2
3	59000001	0.585675	0.620611	2
3	60000001	0.505116	0.620611	2
3	61000001	0.45258	0.620611	2
3	62000001	0.580964	0.620611	2
3	63000001	0.574267	0.620611	2
3	64000001	0.768306	0.620611	2
3	65000001	0.590994	0.620611	2
3	66000001	0.756544	0.620611	2
3	67000001	0.478858	0.620611	2
3	68000001	0.621419	0.620611	2
3	69000001	0.74931	0.620611	2
3	70000001	0.355577	0.620611	2
3	71000001	0.551004	0.620611	2
3	72000001	0.874741	0.620611	2
3	73000001	0.609717	0.620611	2
3	74000001	0.427798	0.620611	2
3	75000001	1.13761	0.620611	2
3	76000001	0.540148	0.620611	2
3	77000001	0.385128	0.620611	2
3	78000001	0.45729	0.620611	2
3	79000001	0.416835	0.620611	2
3	80000001	0.866666	0.620611	2
3	81000001	0.559027	0.620611	2
3	82000001	0.656625	0.620611	2
3	83000001	0.576103	0.620611	2
3	84000001	0.562264	0.620611	2
3	85000001	0.392773	0.620611	2
3	86000001	0.513935	0.620611	2
3	87000001	0.363764	0.620611	2
3	88000001	0.547511	0.620611	2
3	89000001	0.602808	0.620611	2
3	90000001	0.512927	0.620611	2
3	91000001	0.639917	0.620611	2
3	92000001	0.750019	0.620611	2
3	93000001	0.777701	0.620611	2
3	94000001	0.577727	0.620611	2
3	95000001	0.395773	0.620611	2
3	96000001	0.543685	0.620611	2
3	97000001	0.75407	0.620611	2
3	98000001	0.520099	0.620611	2
3	99000001	0.705405	0.620611	2
3	100000001	0.736035	0.620611	2
3	101000001	0.655585	0.620611	2
3	102000001	0.484526	0.620611	2
3	103000001	0.469519	0.620611	2
3	104000001	0.474112	0.620611	2
3	105000001	0.525665	0.620611	2
3	106000001	0.469875	0.620611	2
3	107000001	0.566793	0.620611	2
3	108000001	0.628898	0.620611	2
3	109000001	0.613682	0.620611	2
3	110000001	0.562158	0.620611	2
3	111000001	0.785134	0.620611	2
3	112000001	0.555199	0.620611	2
3	113000001	0.679475	0.620611	2
3	114000001	0.625107	0.620611	2
3	115000001	0.474913	0.620611	2
3	116000001	0.483874	0.620611	2
3	117000001	0.623778	0.620611	2
3	118000001	0.496244	0.620611	2
3	119000001	0.784226	0.620611	2
3	120000001	0.668504	0.620611	2
3	121000001	0.56717	0.620611	2
3	122000001	0.738658	0.620611	2
3	123000001	0.901256	0.620611	2
3	124000001	0.650211	0.620611	2
3	125000001	0.679233	0.620611	2
3	126000001	0.851943	0.620611	2
3	127000001	0.896115	0.620611	2
3	128000001	0.865109	0.620611	2
3	129000001	0.924618	0.620611	2
3	130000001	0.615961	0.620611	2
3	131000001	0.618568	0.620611	2
3	132000001	0.785401	0.620611	2
3	133000001	0.718966	0.620611	2
3	134000001	0.685431	0.620611	2
3	135000001	0.619804	0.620611	2
3	136000001	0.649849	0.620611	2
3	137000001	0.74801	0.620611	2
3	138000001	1.01907	1.01907	3
3	139000001	1.1842	1.01907	3
3	140000001	0.993613	1.01907	3
3	141000001	1.0876	1.01907	3
3	142000001	0.653061	1.01907	3
3	143000001	1.92835	1.92835	6
3	144000001	0.908379	0.804202	2
3	145000001	0.673613	0.804202	2
3	146000001	0.676905	0.804202	2
3	147000001	0.88075	0.804202	2
3	148000001	0.873755	0.804202	2
3	149000001	0.883478	0.804202	2
3	150000001	0.829627	0.804202	2
3	151000001	0.648818	0.804202	2
3	152000001	0.690553	0.804202	2
3	153000001	0.766094	0.804202	2
3	154000001	0.856133	0.804202	2
3	155000001	0.871741	0.804202	2
3	156000001	0.95735	0.804202	2
3	157000001	0.909475	0.804202	2
3	158000001	0.821561	0.804202	2
3	159000001	0.732568	0.804202	2
3	160000001	1.21167	0.804202	2
3	161000001	0.775533	0.804202	2
3	162000001	0.835531	0.804202	2
3	163000001	0.743971	0.804202	2
3	164000001	0.772788	0.804202	2
3	165000001	0.644379	0.804202	2
3	166000001	0.794368	0.804202	2
3	167000001	0.658409	0.804202	2
3	168000001	0.824244	0.804202	2
3	169000001	0.784161	0.804202	2
3	170000001	0.974675	0.804202	2
3	171000001	0.865952	0.804202	2
3	172000001	0.704325	0.804202	2
3	173000001	0.628087	0.804202	2
3	174000001	0.827262	0.804202	2
3	175000001	0.770069	0.804202	2
3	176000001	0.768272	0.804202	2
3	177000001	0.991238	0.804202	2
3	178000001	0.804202	0.804202	2
3	179000001	0.821221	0.804202	2
3	180000001	0.71242	0.804202	2
3	181000001	1.22269	0.804202	2
3	182000001	0.657596	0.804202	2
3	183000001	1.13508	1.13773	3
3	184000001	1.14037	1.13773	3
3	185000001	1.10763	1.13773	3
3	186000001	1.61595	1.13773	3
3	187000001	0.756083	0.895732	3
3	188000001	1.01279	0.895732	3
3	189000001	0.898099	0.895732	3
3	190000001	0.857981	0.895732	3
3	191000001	0.985658	0.895732	3
3	192000001	0.887298	0.895732	3
3	193000001	0.721662	0.895732	3
3	194000001	1.3615	0.895732	3
3	195000001	1.33252	0.895732	3
3	196000001	1.10649	0.895732	3
3	197000001	0.893364	0.895732	3
3	198000001	0.883438	0.895732	3
4	1	0.94689	0.94689	3
4	1000001	0.921477	0.94689	3
4	2000001	1.04435	0.94689	3
4	3000001	0.928846	0.94689	3
4	4000001	1.00925	0.94689	3
4	5000001	0.947337	0.94689	3
4	6000001	1.14609	0.94689	3
4	7000001	1.01858	0.94689	3
4	8000001	1.09003	0.94689	3
4	9000001	0.784529	0.94689	3
4	10000001	0.86797	0.94689	3
4	11000001	0.748876	0.94689	3
4	12000001	0.753685	0.94689	3
4	13000001	0.709178	0.94689	3
4	14000001	1.01311	0.94689	3
4	15000001	0.741105	0.60305	2
4	16000001	0.625819	0.60305	2
4	17000001	0.784209	0.60305	2
4	18000001	0.638619	0.60305	2
4	19000001	0.584619	0.60305	2
4	20000001	0.658758	0.60305	2
4	21000001	0.444298	0.60305	2
4	22000001	0.419636	0.60305	2
4	23000001	0.483939	0.60305	2
4	24000001	0.785333	0.60305	2
4	25000001	0.791656	0.60305	2
4	26000001	0.907712	0.60305	2
4	27000001	0.706262	0.60305	2
4	28000001	0.459373	0.60305	2
4	29000001	0.308254	0.60305	2
4	30000001	0.383658	0.60305	2
4	31000001	0.535973	0.60305	2
4	32000001	0.709828	0.60305	2
4	33000001	0.389728	0.60305	2
4	34000001	0.317046	0.60305	2
4	35000001	0.62148	0.60305	2
4	36000001	0.512966	0.60305	2
4	37000001	0.569284	0.60305	2
4	38000001	0.776433	0.60305	2
4	39000001	3.35763	3.35763	10
4	40000001	0.688523	0.597592	2
4	41000001	0.526888	0.597592	2
4	42000001	0.597592	0.597592	2
4	43000001	1.51726	1.51726	5
4	44000001	0.487876	0.546909	2
4	45000001	0.766909	0.546909	2
4	46000001	0.571255	0.546909	2
4	47000001	0.571992	0.546909	2
4	48000001	0.56053	0.546909	2
4	49000001	1.03894	0.546909	2
4	50000001	0.426809	0.546909	2
4	51000001	0.672557	0.546909	2
4	52000001	0.817873	0.546909	2
4	53000001	0.714741	0.546909	2
4	54000001	0.494467	0.546909	2
4	55000001	0.609787	0.546909	2
4	56000001	0.794859	0.546909	2
4	57000001	0.533288	0.546909	2
4	58000001	0.50827	0.546909	2
4	59000001	0.5152	0.546909	2
4	60000001	0.514902	0.546909	2
4	61000001	0.458838	0.546909	2
4	62000001	0.38905	0.546909	2
4	63000001	0.631503	0.546909	2
4	64000001	0.51389	0.546909	2
4	65000001	0.413499	0.546909	2
4	66000001	0.447453	0.546909	2
4	67000001	0.609892	0.546909	2
4	68000001	0.696367	0.546909	2
4	69000001	0.399379	0.546909	2
4	70000001	1.89651	1.89651	6
4	71000001	0.371762	0.621694	2
4	72000001	0.73621	0.621694	2
4	73000001	0.538414	0.621694	2
4	74000001	0.502933	0.621694	2
4	75000001	0.698817	0.621694	2
4	76000001	0.714144	0.621694	2
4	77000001	0.614035	0.621694	2
4	78000001	0.571183	0.621694	2
4	79000001	0.473865	0.621694	2
4	80000001	0.866827	0.621694	2
4	81000001	0.920306	0.621694	2
4	82000001	0.711754	0.621694	2
4	83000001	0.619395	0.621694	2
4	84000001	0.711595	0.621694	2
4	85000001	0.618662	0.621694	2
4	86000001	0.547248	0.621694	2
4	87000001	0.533683	0.621694	2
4	88000001	0.7479	0.621694	2
4	89000001	0.669055	0.621694	2
4	90000001	0.609849	0.621694	2
4	91000001	0.526437	0.621694	2
4	92000001	0.302308	0.621694	2
4	93000001	0.628778	0.621694	2
4	94000001	0.499055	0.621694	2
4	95000001	0.371657	0.621694	2
4	96000001	0.618123	0.621694	2
4	97000001	0.516797	0.621694	2
4	98000001	0.534942	0.621694	2
4	99000001	0.726266	0.621694	2
4	100000001	0.621694	0.621694	2
4	101000001	0.721642	0.621694	2
4	102000001	0.757615	0.621694	2
4	103000001	0.563911	0.621694	2
4	104000001	1.2183	0.621694	2
4	105000001	0.663795	0.621694	2
4	106000001	0.514011	0.621694	2
4	107000001	0.730876	0.621694	2
4	108000001	0.603765	0.621694	2
4	109000001	1.06184	0.621694	2
4	110000001	0.793446	0.621694	2
4	111000001	0.744995	0.621694	2
4	112000001	0.630286	0.621694	2
4	113000001	0.65196	0.621694	2
4	114000001	0.481525	0.556298	2
4	115000001	0.521622	0.556298	2
4	116000001	0.520093	0.556298	2
4	117000001	0.539824	0.556298	2
4	118000001	0.627698	0.556298	2
4	119000001	0.450093	0.556298	2
4	120000001	0.59845	0.556298	2
4	121000001	0.622892	0.556298	2
4	122000001	0.46014	0.556298	2
4	123000001	0.580378	0.556298	2
4	124000001	0.608389	0.556298	2
4	125000001	0.537386	0.556298	2
4	126000001	0.576129	0.556298	2
4	127000001	0.680883	0.556298	2
4	128000001	0.729514	0.556298	2
4	129000001	0.551858	0.556298	2
4	130000001	0.438452	0.556298	2
4	131000001	0.513999	0.556298	2
4	132000001	0.386669	0.556298	2
4	133000001	0.446311	0.556298	2
4	134000001	0.468556	0.556298	2
4	135000001	0.364788	0.556298	2
4	136000001	0.442932	0.556298	2
4	137000001	0.457857	0.556298	2
4	138000001	0.491779	0.556298	2
4	139000001	0.611581	0.556298	2
4	140000001	0.635001	0.556298	2
4	141000001	0.529026	0.556298	2
4	142000001	0.488747	0.556298	2
4	143000001	0.554922	0.556298	2
4	144000001	0.689967	0.556298	2
4	145000001	0.498882	0.556298	2
4	146000001	0.461069	0.556298	2
4	147000001	0.578067	0.556298	2
4	148000001	0.851206	0.556298	2
4	149000001	0.544692	0.556298	2
4	150000001	0.584387	0.556298	2
4	151000001	0.700038	0.556298	2
4	152000001	0.579613	0.556298	2
4	153000001	0.758868	0.556298	2
4	154000001	0.693893	0.556298	2
4	155000001	0.557675	0.556298	2
4	156000001	0.461146	0.556298	2
4	157000001	0.61345	0.556298	2
4	158000001	0.472289	0.556298	2
4	159000001	0.417387	0.556298	2
4	160000001	0.551597	0.556298	2
4	161000001	0.336132	0.556298	2
4	162000001	0.331535	0.556298	2
4	163000001	0.481608	0.556298	2
4	164000001	0.682382	0.556298	2
4	165000001	0.902755	0.556298	2
4	166000001	0.577665	0.556298	2
4	167000001	0.581279	0.556298	2
4	168000001	0.580335	0.556298	2
4	169000001	0.578029	0.556298	2
4	170000001	0.659426	0.556298	2
4	171000001	0.366212	0.556298	2
4	172000001	0.561124	0.556298	2
4	173000001	0.618734	0.556298	2
4	174000001	0.441571	0.556298	2
4	175000001	0.601251	0.556298	2
4	176000001	0.81971	0.556298	2
4	177000001	0.524149	0.556298	2
4	178000001	0.422213	0.556298	2
4	179000001	0.692312	0.556298	2
4	180000001	0.619498	0.556298	2
4	181000001	0.570155	0.556298	2
4	182000001	0.696177	0.696177	2
4	183000001	0.764361	0.696177	2
4	184000001	0.812707	0.696177	2
4	185000001	0.629167	0.696177	2
4	186000001	0.757381	0.696177	2
4	187000001	0.595028	0.696177	2
4	188000001	0.690668	0.696177	2
4	189000001	0.612499	0.696177	2
4	190000001	3.3169	0.696177	2
5	1	1.7863	1.64756	5
5	1000001	1.77102	1.64756	5
5	2000001	1.52411	1.64756	5
5	3000001	1.47621	1.64756	5
5	4000001	1.25761	1.21413	4
5	5000001	1.39924	1.21413	4
5	6000001	1.54482	1.21413	4
5	7000001	1.28629	1.21413	4
5	8000001	1.21789	1.21413	4
5	9000001	1.18975	1.21413	4
5	10000001	1.57941	1.21413	4
5	11000001	1.18519	1.21413	4
5	12000001	0.808978	1.21413	4
5	13000001	1.11929	1.21413	4
5	14000001	1.61774	1.21413	4
5	15000001	1.21037	1.21413	4
5	16000001	1.37056	1.21413	4
5	17000001	1.19198	1.21413	4
5	18000001	0.987156	1.21413	4
5	19000001	0.907027	1.21413	4
5	20000001	0.757485	1.21413	4
5	21000001	1.73266	1.21413	4
5	22000001	0.678319	0.895991	3
5	23000001	0.951239	0.895991	3
5	24000001	0.752866	0.895991	3
5	25000001	0.916488	0.895991	3
5	26000001	0.957763	0.895991	3
5	27000001	0.748224	0.895991	3
5	28000001	0.775133	0.895991	3
5	29000001	0.968234	0.895991	3
5	30000001	0.895991	0.895991	3
5	31000001	1.43166	1.24719	4
5	32000001	1.25635	1.24719	4
5	33000001	1.94141	1.24719	4
5	34000001	0.9679	1.24719	4
5	35000001	1.42788	1.24719	4
5	36000001	1.23804	1.24719	4
5	37000001	0.969252	1.24719	4
5	38000001	1.16356	1.24719	4
5	39000001	1.13238	1.24719	4
5	40000001	1.36812	1.24719	4
5	41000001	1.13796	1.24719	4
5	42000001	1.30161	1.24719	4
5	43000001	1.39466	1.24719	4
5	44000001	1.21477	1.24719	4
5	45000001	0.973478	1.24719	4
5	46000001	0.972807	1.24719	4
5	47000001	1.48374	1.24719	4
5	48000001	1.66296	1.24719	4
5	49000001	1.35929	1.24719	4
5	50000001	1.09012	1.24719	4
5	51000001	0.568959	0.83062	2
5	52000001	0.666388	0.83062	2
5	53000001	0.972252	0.83062	2
5	54000001	0.957961	0.83062	2
5	55000001	1.00522	0.83062	2
5	56000001	0.919837	0.83062	2
5	57000001	0.796094	0.83062	2
5	58000001	0.962686	0.83062	2
5	59000001	0.807819	0.83062	2
5	60000001	1.34359	0.83062	2
5	61000001	0.715336	0.83062	2
5	62000001	0.785872	0.83062	2
5	63000001	0.739449	0.83062	2
5	64000001	0.791816	0.83062	2
5	65000001	0.993708	0.83062	2
5	66000001	0.804404	0.83062	2
5	67000001	0.869012	0.83062	2
5	68000001	0.992427	0.83062	2
5	69000001	1.01238	0.83062	2
5	70000001	1.06275	0.83062	2
5	71000001	1.05303	0.83062	2
5	72000001	1.07664	0.83062	2
5	73000001	0.966382	0.83062	2
5	74000001	1.00572	0.83062	2
5	75000001	0.873808	0.83062	2
5	76000001	0.956881	0.83062	2
5	77000001	0.842299	0.83062	2
5	78000001	0.96867	0.83062	2
5	79000001	0.872731	0.83062	2
5	80000001	0.889067	0.83062	2
5	81000001	0.83062	0.83062	2
5	82000001	0.872633	0.83062	2
5	83000001	0.710044	0.83062	2
5	84000001	0.766923	0.83062	2
5	85000001	0.776926	0.83062	2
5	86000001	1.66651	0.83062	2
5	87000001	0.726946	0.83062	2
5	88000001	0.690193	0.83062	2
5	89000001	0.716404	0.83062	2
5	90000001	0.688417	0.83062	2
5	91000001	0.694227	0.83062	2
5	92000001	0.610421	0.83062	2
5	93000001	0.954538	0.83062	2
5	94000001	0.842345	0.83062	2
5	95000001	0.747796	0.83062	2
5	96000001	0.639353	0.83062	2
5	97000001	1.18236	0.83062	2
5	98000001	0.820507	0.83062	2
5	99000001	0.625746	0.83062	2
5	100000001	0.767438	0.83062	2
5	101000001	0.704073	0.83062	2
5	102000001	0.843271	0.83062	2
5	103000001	0.78681	0.83062	2
5	104000001	0.695016	0.83062	2
5	105000001	0.571317	0.83062	2
5	106000001	0.754226	0.83062	2
5	107000001	0.7615	0.83062	2
5	108000001	0.71682	0.83062	2
5	109000001	0.930257	0.83062	2
5	110000001	0.808657	0.83062	2
5	111000001	0.739327	0.83062	2
5	112000001	0.860963	0.83062	2
5	113000001	0.86457	0.83062	2
5	114000001	0.855311	0.83062	2
5	115000001	0.838889	0.83062	2
5	116000001	0.878105	0.83062	2
5	117000001	0.746691	0.83062	2
5	118000001	0.792116	0.83062	2
5	119000001	0.668116	0.83062	2
5	120000001	0.746881	0.83062	2
5	121000001	0.58995	0.83062	2
5	122000001	0.966032	0.83062	2
5	123000001	0.837904	0.83062	2
5	124000001	0.742837	0.83062	2
5	125000001	1.00504	0.83062	2
5	126000001	1.05997	0.83062	2
5	127000001	0.966447	0.83062	2
5	128000001	0.892082	0.83062	2
5	129000001	0.666802	0.83062	2
5	130000001	0.802318	0.83062	2
5	131000001	0.886315	0.83062	2
5	132000001	1.22837	1.05306	3
5	133000001	1.2841	1.05306	3
5	134000001	1.54954	1.05306	3
5	135000001	1.11774	1.05306	3
5	136000001	1.05306	1.05306	3
5	137000001	0.740994	1.05306	3
5	138000001	1.23302	1.05306	3
5	139000001	1.27792	1.05306	3
5	140000001	1.07887	1.05306	3
5	141000001	1.05251	1.05306	3
5	142000001	1.58656	1.05306	3
5	143000001	0.746093	1.05306	3
5	144000001	1.0258	1.05306	3
5	145000001	1.17457	1.05306	3
5	146000001	1.05095	1.05306	3
5	147000001	0.897349	1.05306	3
5	148000001	0.785709	1.05306	3
5	149000001	1.39316	1.05306	3
5	150000001	1.35622	1.05306	3
5	151000001	1.20082	1.05306	3
5	152000001	0.739019	1.05306	3
5	153000001	0.925245	1.05306	3
5	154000001	1.13553	1.05306	3
5	155000001	0.961305	1.05306	3
5	156000001	0.657722	1.05306	3
5	157000001	0.992969	1.05306	3
5	158000001	1.00206	1.05306	3
5	159000001	1.01935	1.05306	3
5	160000001	1.11773	1.05306	3
5	161000001	0.506223	0.668253	2
5	162000001	0.859244	0.668253	2
5	163000001	0.915406	0.668253	2
5	164000001	0.608681	0.668253	2
5	165000001	0.520139	0.668253	2
5	166000001	0.7178	0.668253	2
5	167000001	0.668253	0.668253	2
5	168000001	1.30036	1.29388	4
5	169000001	1.2169	1.29388	4
5	170000001	1.39956	1.29388	4
5	171000001	1.13618	1.29388	4
5	172000001	1.35434	1.29388	4
5	173000001	1.28739	1.29388	4
5	174000001	1.21859	1.29388	4
5	175000001	1.17903	1.29388	4
5	176000001	1.62734	1.29388	4
5	177000001	1.35737	1.29388	4
5	178000001	1.21524	1.29388	4
5	179000001	1.3393	1.29388	4
5	180000001	1.32632	1.29388	4
5	181000001	1.10038	1.29388	4
6	1	1.52828	1.47032	4
6	1000001	1.45712	1.47032	4
6	2000001	1.46747	1.47032	4
6	3000001	1.47317	1.47032	4
6	4000001	1.31333	1.47032	4
6	5000001	1.64468	1.47032	4
6	6000001	1.27057	1.23753	4
6	7000001	1.3494	1.23753	4
6	8000001	0.960409	1.23753	4
6	9000001	1.34015	1.23753	4
6	10000001	1.05083	1.23753	4
6	11000001	1.28497	1.23753	4
6	12000001	1.13596	1.23753	4
6	13000001	1.35496	1.23753	4
6	14000001	1.50618	1.23753	4
6	15000001	1.46872	1.23753	4
6	16000001	1.27903	1.23753	4
6	17000001	1.13114	1.23753	4
6	18000001	0.992384	1.23753	4
6	19000001	0.891617	1.23753	4
6	20000001	1.22148	1.23753	4
6	21000001	1.23066	1.23753	4
6	22000001	1.13969	1.23753	4
6	23000001	1.18234	1.23753	4
6	24000001	1.4954	1.23753	4
6	25000001	1.15433	1.23753	4
6	26000001	1.26824	1.23753	4
6	27000001	1.07835	1.23753	4
6	28000001	1.2444	1.23753	4
6	29000001	1.28377	1.23753	4
6	30000001	1.39426	1.44663	4
6	31000001	1.35248	1.44663	4
6	32000001	1.44847	1.44663	4
6	33000001	1.44364	1.44663	4
6	34000001	1.62564	1.44663	4
6	35000001	1.15419	1.44663	4
6	36000001	1.47447	1.44663	4
6	37000001	1.56208	1.44663	4
6	38000001	1.07311	1.44663	4
6	39000001	1.37222	1.44663	4
6	40000001	1.48176	1.44663	4
6	41000001	1.65636	1.44663	4
6	42000001	1.44663	1.44663	4
6	43000001	1.40101	1.44663	4
6	44000001	1.55084	1.44663	4
6	45000001	0.956848	1.00031	3
6	46000001	1.28493	1.00031	3
6	47000001	1.03161	1.00031	3
6	48000001	1.02014	1.00031	3
6	49000001	0.934101	1.00031	3
6	50000001	0.98099	1.00031	3
6	51000001	1.11078	1.00031	3
6	52000001	1.02796	1.00031	3
6	53000001	0.886673	1.00031	3
6	54000001	1.01963	1.00031	3
6	55000001	1.08615	1.00031	3
6	56000001	0.916971	1.00031	3
6	57000001	0.898501	1.00031	3
6	58000001	0.976591	1.00031	3
6	59000001	0.937216	1.00031	3
6	60000001	1.10847	1.00031	3
6	61000001	0.803505	0.822907	2
6	62000001	0.729238	0.822907	2
6	63000001	0.73933	0.822907	2
6	64000001	0.591401	0.822907	2
6	65000001	0.610647	0.822907	2
6	66000001	0.745965	0.822907	2
6	67000001	0.608958	0.822907	2
6	68000001	0.75404	0.822907	2
6	69000001	0.993664	0.822907	2
6	70000001	1.00436	0.822907	2
6	71000001	0.719755	0.822907	2
6	72000001	0.468614	0.822907	2
6	73000001	1.12705	0.822907	2
6	74000001	0.9696	0.822907	2
6	75000001	0.905644	0.822907	2
6	76000001	0.904799	0.822907	2
6	77000001	0.822432	0.822907	2
6	78000001	0.810904	0.822907	2
6	79000001	0.741076	0.822907	2
6	80000001	0.842815	0.822907	2
6	81000001	0.738627	0.822907	2
6	82000001	0.894739	0.822907	2
6	83000001	0.849464	0.822907	2
6	84000001	0.885408	0.822907	2
6	85000001	0.893261	0.822907	2
6	86000001	0.873301	0.822907	2
6	87000001	0.74982	0.822907	2
6	88000001	1.18361	0.822907	2
6	89000001	0.893906	0.822907	2
6	90000001	0.984157	0.822907	2
6	91000001	0.935709	0.822907	2
6	92000001	0.633543	0.822907	2
6	93000001	0.684632	0.822907	2
6	94000001	0.553832	0.822907	2
6	95000001	0.601675	0.822907	2
6	96000001	0.816682	0.822907	2
6	97000001	0.633007	0.822907	2
6	98000001	0.889699	0.822907	2
6	99000001	0.807544	0.822907	2
6	100000001	0.684707	0.822907	2
6	101000001	0.759895	0.822907	2
6	102000001	0.659335	0.822907	2
6	103000001	0.657032	0.822907	2
6	104000001	0.948516	0.822907	2
6	105000001	0.889442	0.822907	2
6	106000001	0.903662	0.822907	2
6	107000001	0.964257	0.822907	2
6	108000001	0.899113	0.822907	2
6	109000001	0.869621	0.822907	2
6	110000001	0.823381	0.822907	2
6	111000001	0.767694	0.822907	2
6	112000001	0.96818	0.822907	2
6	113000001	0.799351	0.822907	2
6	114000001	0.948685	0.822907	2
6	115000001	0.852905	0.822907	2
6	116000001	0.83131	0.822907	2
6	117000001	1.13502	0.822907	2
6	118000001	0.705627	0.822907	2
6	119000001	0.630135	0.822907	2
6	120000001	0.917506	0.822907	2
6	121000001	0.785094	0.822907	2
6	122000001	0.89816	0.822907	2
6	123000001	0.882112	0.822907	2
6	124000001	0.719107	0.822907	2
6	125000001	0.895061	0.822907	2
6	126000001	0.680252	0.822907	2
6	127000001	0.657227	0.822907	2
6	128000001	0.864589	0.822907	2
6	129000001	0.697399	0.822907	2
6	130000001	0.74931	0.822907	2
6	131000001	0.913874	0.822907	2
6	132000001	0.900751	0.822907	2
6	133000001	0.663949	0.822907	2
6	134000001	0.958267	0.822907	2
6	135000001	1.07846	1.29089	4
6	136000001	1.33123	1.29089	4
6	137000001	1.09631	1.29089	4
6	138000001	1.40733	1.29089	4
6	139000001	1.29089	1.29089	4
6	140000001	0.77377	0.994998	3
6	141000001	0.823814	0.994998	3
6	142000001	1.18455	0.994998	3
6	143000001	0.964324	0.994998	3
6	144000001	1.54367	0.994998	3
6	145000001	0.882156	0.994998	3
6	146000001	1.0934	0.994998	3
6	147000001	1.02567	0.994998	3
6	148000001	1.35135	1.33754	4
6	149000001	1.19218	1.33754	4
6	150000001	1.46905	1.33754	4
6	151000001	1.50256	1.33754	4
6	152000001	1.39913	1.33754	4
6	153000001	1.04056	1.33754	4
6	154000001	1.32373	1.33754	4
6	155000001	1.1221	1.33754	4
6	156000001	1.2012	1.33754	4
6	157000001	1.47898	1.33754	4
6	158000001	1.3623	1.33754	4
6	159000001	1.43488	1.33754	4
6	160000001	1.42033	1.33754	4
6	161000001	1.39902	1.33754	4
6	162000001	1.26037	1.33754	4
6	163000001	1.15654	1.33754	4
6	164000001	1.24725	1.33754	4
6	165000001	1.12069	1.33754	4
6	166000001	1.72271	1.72271	5
6	167000001	1.39828	1.72271	5
6	168000001	1.77166	1.72271	5
6	169000001	1.43547	1.72271	5
6	170000001	1.79596	1.72271	5
7	1	1.62798	1.35917	4
7	1000001	1.52506	1.35917	4
7	2000001	1.41432	1.35917	4
7	3000001	1.07498	1.35917	4
7	4000001	1.50767	1.35917	4
7	5000001	1.30403	1.35917	4
7	6000001	1.27058	1.35917	4
7	7000001	1.19258	1.35917	4
7	8000001	0.949387	0.892283	3
7	9000001	0.694082	0.892283	3
7	10000001	0.822169	0.892283	3
7	11000001	0.702148	0.892283	3
7	12000001	0.83131	0.892283	3
7	13000001	0.803153	0.892283	3
7	14000001	0.762406	0.892283	3
7	15000001	0.732034	0.892283	3
7	16000001	0.867407	0.892283	3
7	17000001	0.712041	0.892283	3
7	18000001	0.940738	0.892283	3
7	19000001	0.875933	0.892283	3
7	20000001	0.971867	0.892283	3
7	21000001	0.886673	0.892283	3
7	22000001	0.781473	0.892283	3
7	23000001	0.998967	0.892283	3
7	24000001	0.805692	0.892283	3
7	25000001	0.979202	0.892283	3
7	26000001	1.13778	0.892283	3
7	27000001	0.749365	0.892283	3
7	28000001	1.09615	0.892283	3
7	29000001	0.86668	0.892283	3
7	30000001	0.962492	0.892283	3
7	31000001	1.02887	0.892283	3
7	32000001	1.00224	0.892283	3
7	33000001	0.846148	0.892283	3
7	34000001	0.895178	0.892283	3
7	35000001	0.971097	0.892283	3
7	36000001	1.00583	0.892283	3
7	37000001	0.834129	0.892283	3
7	38000001	0.8165	0.892283	3
7	39000001	0.974012	0.892283	3
7	40000001	0.91926	0.892283	3
7	41000001	0.709111	0.892283	3
7	42000001	0.920453	0.892283	3
7	43000001	1.09984	0.892283	3
7	44000001	1.42454	0.892283	3
7	45000001	1.25347	0.892283	3
7	46000001	0.851001	0.892283	3
7	47000001	1.10875	0.892283	3
7	48000001	0.843156	0.892283	3
7	49000001	0.782572	0.892283	3
7	50000001	0.943205	0.892283	3
7	51000001	1.01373	0.892283	3
7	52000001	0.924389	0.892283	3
7	53000001	0.889388	0.892283	3
7	54000001	1.19569	1.39381	4
7	55000001	1.39381	1.39381	4
7	56000001	1.28311	1.39381	4
7	57000001	1.07619	1.39381	4
7	58000001	1.53769	1.39381	4
7	59000001	1.76036	1.39381	4
7	60000001	1.59943	1.39381	4
7	61000001	0.909214	1.39381	4
7	62000001	0.807305	1.39381	4
7	63000001	1.35699	1.39381	4
7	64000001	1.83491	1.39381	4
7	65000001	1.32351	1.39381	4
7	66000001	1.59997	1.39381	4
7	67000001	1.35812	1.39381	4
7	68000001	1.46834	1.39381	4
7	69000001	1.00101	1.39381	4
7	70000001	1.69933	1.39381	4
7	71000001	1.38935	1.39381	4
7	72000001	1.3881	1.39381	4
7	73000001	1.65872	1.39381	4
7	74000001	1.8708	1.39381	4
7	75000001	1.67579	1.39381	4
7	76000001	1.43199	1.39381	4
7	77000001	0.995931	1.01458	3
7	78000001	1.28151	1.01458	3
7	79000001	1.03512	1.01458	3
7	80000001	0.885629	1.01458	3
7	81000001	0.922378	1.01458	3
7	82000001	1.01458	1.01458	3
7	83000001	0.947927	1.01458	3
7	84000001	0.927524	1.01458	3
7	85000001	1.11704	1.01458	3
7	86000001	0.988781	1.01458	3
7	87000001	1.20713	1.01458	3
7	88000001	0.908841	1.01458	3
7	89000001	0.938556	1.01458	3
7	90000001	1.03822	1.01458	3
7	91000001	1.15585	1.01458	3
7	92000001	0.978869	1.01458	3
7	93000001	0.828231	1.01458	3
7	94000001	1.08519	1.01458	3
7	95000001	1.21539	1.01458	3
7	96000001	1.14354	1.01458	3
7	97000001	1.114	1.01458	3
7	98000001	1.88663	1.86039	6
7	99000001	1.46104	1.86039	6
7	100000001	1.89082	1.86039	6
7	101000001	1.83414	1.86039	6
7	102000001	1.21957	1.39608	4
7	103000001	1.2029	1.39608	4
7	104000001	1.23527	1.39608	4
7	105000001	1.55552	1.39608	4
7	106000001	1.54283	1.39608	4
7	107000001	1.4594	1.39608	4
7	108000001	1.44082	1.39608	4
7	109000001	1.04609	1.39608	4
7	110000001	0.932284	1.39608	4
7	111000001	1.31591	1.39608	4
7	112000001	1.56972	1.39608	4
7	113000001	1.39608	1.39608	4
7	114000001	1.40546	1.39608	4
7	115000001	0.960256	1.11745	3
7	116000001	1.2948	1.11745	3
7	117000001	1.12198	1.11745	3
7	118000001	1.11291	1.11745	3
7	119000001	1.00764	1.11745	3
7	120000001	1.13492	1.11745	3
7	121000001	0.933296	1.11745	3
7	122000001	1.26735	1.11745	3
7	123000001	1.23833	1.11745	3
7	124000001	1.15799	1.11745	3
7	125000001	1.02455	1.11745	3
7	126000001	1.08514	1.11745	3
7	127000001	1.64034	1.64442	5
7	128000001	1.75104	1.64442	5
7	129000001	1.61109	1.64442	5
7	130000001	1.6485	1.64442	5
7	131000001	1.68521	1.64442	5
7	132000001	1.88727	1.64442	5
7	133000001	1.21787	1.64442	5
7	134000001	1.79216	1.64442	5
7	135000001	1.55578	1.64442	5
7	136000001	0.967053	1.64442	5
7	137000001	1.34134	1.64442	5
7	138000001	1.7923	1.64442	5
7	139000001	1.86068	1.64442	5
7	140000001	1.71143	1.64442	5
7	141000001	1.6538	1.64442	5
7	142000001	1.78479	1.64442	5
7	143000001	2.00855	1.64442	5
7	144000001	1.23504	1.64442	5
7	145000001	1.22021	1.64442	5
7	146000001	1.0773	1.64442	5
7	147000001	1.40488	1.64442	5
7	148000001	1.60448	1.64442	5
7	149000001	1.91896	1.99468	6
7	150000001	2.02666	1.99468	6
7	151000001	2.24956	1.99468	6
7	152000001	1.51214	1.99468	6
7	153000001	1.6757	1.99468	6
7	154000001	1.99468	1.99468	6
7	155000001	1.99855	1.99468	6
7	156000001	1.64013	1.99468	6
7	157000001	2.54582	1.99468	6
7	158000001	2.2287	1.99468	6
7	159000001	1.87611	1.99468	6
8	1	1.15049	1.06181	3
8	1000001	1.16625	1.06181	3
8	2000001	1.05611	1.06181	3
8	3000001	1.02319	1.06181	3
8	4000001	0.864207	1.06181	3
8	5000001	0.632524	1.06181	3
8	6000001	1.08551	1.06181	3
8	7000001	1.28841	1.06181	3
8	8000001	0.940829	1.06181	3
8	9000001	1.07211	1.06181	3
8	10000001	1.0675	1.06181	3
8	11000001	1.01906	1.06181	3
8	12000001	1.0783	1.06181	3
8	13000001	0.90576	1.06181	3
8	14000001	0.702475	1.06181	3
8	15000001	0.675388	1.06181	3
8	16000001	0.804797	1.06181	3
8	17000001	1.11778	1.06181	3
8	18000001	1.09562	1.06181	3
8	19000001	0.819706	1.06181	3
8	20000001	1.17597	1.06181	3
8	21000001	1.10958	1.06181	3
8	22000001	1.2303	1.06181	3
8	23000001	1.31147	1.06181	3
8	24000001	1.03263	1.06181	3
8	25000001	1.0052	1.06181	3
8	26000001	1.05005	1.06181	3
8	27000001	0.921063	1.06181	3
8	28000001	1.0926	1.06181	3
8	29000001	1.27228	1.06181	3
8	30000001	0.95503	0.896661	3
8	31000001	0.854758	0.896661	3
8	32000001	0.838337	0.896661	3
8	33000001	0.949916	0.896661	3
8	34000001	0.946341	0.896661	3
8	35000001	0.664635	0.896661	3
8	36000001	0.830028	0.896661	3
8	37000001	1.0728	0.896661	3
8	38000001	1.05879	0.896661	3
8	39000001	0.652581	0.896661	3
8	40000001	1.00115	0.896661	3
8	41000001	1.12795	0.896661	3
8	42000001	0.82948	0.896661	3
8	43000001	0.886975	0.896661	3
8	44000001	0.599616	0.896661	3
8	45000001	0.519769	0.896661	3
8	46000001	1.32258	0.896661	3
8	47000001	1.09383	0.896661	3
8	48000001	0.800476	0.896661	3
8	49000001	0.709745	0.896661	3
8	50000001	0.789908	0.896661	3
8	51000001	0.886904	0.896661	3
8	52000001	0.807399	0.896661	3
8	53000001	0.941419	0.896661	3
8	54000001	0.811162	0.896661	3
8	55000001	0.987841	0.896661	3
8	56000001	0.955112	0.896661	3
8	57000001	1.02918	0.896661	3
8	58000001	0.961627	0.896661	3
8	59000001	0.787675	0.896661	3
8	60000001	0.94961	0.896661	3
8	61000001	1.0097	0.896661	3
8	62000001	0.620665	0.896661	3
8	63000001	0.862581	0.896661	3
8	64000001	0.76306	0.896661	3
8	65000001	1.05552	0.896661	3
8	66000001	1.05098	0.896661	3
8	67000001	0.672519	0.896661	3
8	68000001	0.827643	0.896661	3
8	69000001	1.0506	0.896661	3
8	70000001	1.06657	0.896661	3
8	71000001	1.02111	0.896661	3
8	72000001	0.962728	0.896661	3
8	73000001	0.809204	0.896661	3
8	74000001	0.944466	0.896661	3
8	75000001	0.808755	0.896661	3
8	76000001	0.67402	0.896661	3
8	77000001	0.527908	0.896661	3
8	78000001	0.852678	0.896661	3
8	79000001	0.767139	0.896661	3
8	80000001	0.903203	0.896661	3
8	81000001	0.799285	0.896661	3
8	82000001	0.773	0.896661	3
8	83000001	0.666659	0.896661	3
8	84000001	0.790284	0.896661	3
8	85000001	1.02298	0.896661	3
8	86000001	1.17055	0.896661	3
8	87000001	0.753462	0.896661	3
8	88000001	0.722729	0.896661	3
8	89000001	0.706185	0.896661	3
8	90000001	0.831905	0.896661	3
8	91000001	0.76421	0.896661	3
8	92000001	0.860337	0.896661	3
8	93000001	1.21575	0.896661	3
8	94000001	0.934235	0.896661	3
8	95000001	1.11435	0.896661	3
8	96000001	0.806894	0.896661	3
8	97000001	1.13044	0.896661	3
8	98000001	0.954605	0.896661	3
8	99000001	0.96871	0.896661	3
8	100000001	0.923694	0.896661	3
8	101000001	0.820353	0.896661	3
8	102000001	0.9624	0.896661	3
8	103000001	0.981476	0.896661	3
8	104000001	0.787238	0.896661	3
8	105000001	0.958268	0.896661	3
8	106000001	0.550574	0.896661	3
8	107000001	1.10113	0.896661	3
8	108000001	0.887818	0.896661	3
8	109000001	0.902211	0.896661	3
8	110000001	0.72324	0.896661	3
8	111000001	0.600402	0.896661	3
8	112000001	0.638061	0.896661	3
8	113000001	0.490571	0.896661	3
8	114000001	0.807274	0.896661	3
8	115000001	0.67491	0.896661	3
8	116000001	0.891111	0.896661	3
8	117000001	0.940558	0.896661	3
8	118000001	0.963046	0.896661	3
8	119000001	1.00171	0.896661	3
8	120000001	0.782715	0.896661	3
8	121000001	0.995926	0.896661	3
8	122000001	1.1298	0.896661	3
8	123000001	0.971951	0.896661	3
8	124000001	0.922547	0.896661	3
8	125000001	1.1033	0.896661	3
8	126000001	0.784578	0.896661	3
8	127000001	1.06986	0.896661	3
8	128000001	1.04859	0.896661	3
8	129000001	0.890644	0.896661	3
8	130000001	1.08394	0.896661	3
8	131000001	1.04678	0.896661	3
8	132000001	1.3173	0.896661	3
8	133000001	1.03217	0.896661	3
8	134000001	1.18686	0.896661	3
8	135000001	1.25356	0.896661	3
8	136000001	0.677518	0.896661	3
8	137000001	0.798673	0.896661	3
8	138000001	3.24692	3.24692	10
8	139000001	1.3278	1.39771	4
8	140000001	1.11227	1.39771	4
8	141000001	1.62152	1.39771	4
8	142000001	1.76056	1.39771	4
8	143000001	1.53726	1.39771	4
8	144000001	1.39771	1.39771	4
8	145000001	0.916219	1.39771	4
9	1	0.759853	0.598944	2
9	1000001	0.598944	0.598944	2
9	2000001	0.812328	0.598944	2
9	3000001	0.644213	0.598944	2
9	4000001	0.574041	0.598944	2
9	5000001	0.594932	0.598944	2
9	6000001	0.658324	0.598944	2
9	7000001	0.445994	0.598944	2
9	8000001	0.313282	0.598944	2
9	9000001	0.376234	0.598944	2
9	10000001	0.403047	0.598944	2
9	11000001	0.424333	0.598944	2
9	12000001	0.624594	0.598944	2
9	13000001	0.63936	0.598944	2
9	14000001	0.710973	0.598944	2
9	15000001	0.559275	0.598944	2
9	16000001	0.747727	0.598944	2
9	17000001	0.594763	0.598944	2
9	18000001	0.652895	0.598944	2
9	19000001	0.576213	0.115404	0
9	20000001	0.434893	0.115404	0
9	21000001	0.0609967	0.115404	0
9	22000001	0.10443	0.115404	0
9	23000001	0.0664945	0.115404	0
9	24000001	0.0870235	0.115404	0
9	25000001	0.0690013	0.115404	0
9	26000001	0.220429	0.115404	0
9	27000001	0.256253	0.115404	0
9	28000001	0.205676	0.115404	0
9	29000001	0.126377	0.115404	0
9	30000001	0.0945388	0.115404	0
9	31000001	0.282566	0.709946	2
9	32000001	0.655997	0.709946	2
9	33000001	0.669029	0.709946	2
9	34000001	0.921896	0.709946	2
9	35000001	0.685131	0.709946	2
9	36000001	0.911843	0.709946	2
9	37000001	1.54162	0.709946	2
9	38000001	1.26419	0.709946	2
9	39000001	0.462132	0.709946	2
9	40000001	0.698731	0.709946	2
9	41000001	0.768042	0.709946	2
9	42000001	0.617429	0.709946	2
9	43000001	1.00991	0.709946	2
9	44000001	1.1325	0.709946	2
9	45000001	1.61376	0.709946	2
9	46000001	-1	0.709946	2
9	47000001	-1	0.709946	2
9	48000001	-1	0.709946	2
9	49000001	-1	0.709946	2
9	50000001	-1	0.709946	2
9	51000001	-1	0.709946	2
9	52000001	-1	0.709946	2
9	53000001	-1	0.709946	2
9	54000001	-1	0.709946	2
9	55000001	-1	0.709946	2
9	56000001	-1	0.709946	2
9	57000001	-1	0.709946	2
9	58000001	-1	0.709946	2
9	59000001	-1	0.709946	2
9	60000001	0.825251	0.709946	2
9	61000001	0.617286	0.709946	2
9	62000001	0.777046	0.709946	2
9	63000001	0.853673	0.709946	2
9	64000001	0.68961	0.709946	2
9	65000001	0.781078	0.709946	2
9	66000001	0.567892	0.709946	2
9	67000001	0.814546	0.709946	2
9	68000001	0.507624	0.709946	2
9	69000001	0.639807	0.709946	2
9	70000001	0.638807	0.709946	2
9	71000001	0.536751	0.709946	2
9	72000001	0.543794	0.709946	2
9	73000001	0.373448	0.709946	2
9	74000001	0.854361	0.709946	2
9	75000001	0.406181	0.709946	2
9	76000001	0.743205	0.709946	2
9	77000001	0.810851	0.709946	2
9	78000001	0.763588	0.709946	2
9	79000001	0.63003	0.709946	2
9	80000001	0.726786	0.709946	2
9	81000001	0.58083	0.709946	2
9	82000001	0.594466	0.709946	2
9	83000001	0.546773	0.709946	2
9	84000001	0.546967	0.709946	2
9	85000001	0.655564	0.709946	2
9	86000001	0.721767	0.709946	2
9	87000001	0.718245	0.709946	2
9	88000001	0.701646	0.709946	2
9	89000001	0.912485	0.709946	2
9	90000001	0.718775	0.709946	2
9	91000001	0.872675	0.709946	2
9	92000001	0.828956	0.709946	2
9	93000001	1.26147	1.01288	3
9	94000001	0.931456	1.01288	3
9	95000001	1.19889	1.01288	3
9	96000001	1.46964	1.01288	3
9	97000001	0.941305	1.01288	3
9	98000001	1.1228	1.01288	3
9	99000001	0.897243	1.01288	3
9	100000001	1.05206	1.01288	3
9	101000001	0.798909	1.01288	3
9	102000001	1.08012	1.01288	3
9	103000001	0.7	1.01288	3
9	104000001	0.921511	1.01288	3
9	105000001	0.864037	1.01288	3
9	106000001	0.803547	1.01288	3
9	107000001	1.14251	1.01288	3
9	108000001	1.16542	1.01288	3
9	109000001	0.973314	1.01288	3
9	110000001	1.02771	1.01288	3
9	111000001	0.861712	1.01288	3
9	112000001	0.873024	1.01288	3
9	113000001	1.20937	1.01288	3
9	114000001	1.21404	1.01288	3
9	115000001	0.748157	1.01288	3
9	116000001	1.01288	1.01288	3
9	117000001	0.926922	1.01288	3
9	118000001	0.953833	1.01288	3
9	119000001	0.911901	1.01288	3
9	120000001	1.12014	1.01288	3
9	121000001	1.13594	1.01288	3
9	122000001	1.04127	1.01288	3
9	123000001	1.08662	1.01288	3
9	124000001	1.20638	1.01288	3
9	125000001	0.870674	1.01288	3
9	126000001	1.5128	1.40114	4
9	127000001	1.28948	1.40114	4
9	128000001	1.87532	1.88208	6
9	129000001	1.88883	1.88208	6
9	130000001	3.7195	3.54216	11
9	131000001	3.36482	3.54216	11
9	132000001	1.27769	1.47596	4
9	133000001	1.6301	1.47596	4
9	134000001	1.98993	1.47596	4
9	135000001	1.47477	1.47596	4
9	136000001	1.65969	1.47596	4
9	137000001	1.33917	1.47596	4
9	138000001	1.47596	1.47596	4
X	1	0.784505	0.617264	2
X	1000001	0.622369	0.617264	2
X	2000001	0.58638	0.617264	2
X	3000001	0.894442	0.617264	2
X	4000001	0.617264	0.617264	2
X	5000001	0.629277	0.617264	2
X	6000001	0.600468	0.617264	2
X	7000001	0.467562	0.617264	2
X	8000001	0.540057	0.617264	2
X	9000001	1.062	0.985904	3
X	10000001	0.817022	0.985904	3
X	11000001	0.985904	0.985904	3
X	12000001	0.46689	0.578036	2
X	13000001	0.5875	0.578036	2
X	14000001	0.650965	0.578036	2
X	15000001	0.507803	0.578036	2
X	16000001	0.683303	0.578036	2
X	17000001	0.687016	0.578036	2
X	18000001	0.626375	0.578036	2
X	19000001	0.532371	0.578036	2
X	20000001	0.53575	0.578036	2
X	21000001	0.566184	0.578036	2
X	22000001	0.518161	0.578036	2
X	23000001	0.570589	0.578036	2
X	24000001	0.785244	0.578036	2
X	25000001	0.501497	0.578036	2
X	26000001	0.585482	0.578036	2
X	27000001	0.663034	0.578036	2
X	28000001	0.385255	0.489128	1
X	29000001	0.424817	0.489128	1
X	30000001	0.40675	0.489128	1
X	31000001	0.547671	0.489128	1
X	32000001	0.35529	0.489128	1
X	33000001	0.568687	0.489128	1
X	34000001	0.317961	0.489128	1
X	35000001	0.534752	0.489128	1
X	36000001	0.527598	0.489128	1
X	37000001	0.514617	0.489128	1
X	38000001	0.489128	0.489128	1
X	39000001	0.712769	0.642576	2
X	40000001	0.498843	0.642576	2
X	41000001	0.757806	0.642576	2
X	42000001	0.618632	0.642576	2
X	43000001	0.586122	0.642576	2
X	44000001	0.560723	0.642576	2
X	45000001	0.828944	0.642576	2
X	46000001	0.642576	0.642576	2
X	47000001	0.78504	0.642576	2
X	48000001	0.734006	0.642576	2
X	49000001	0.672312	0.642576	2
X	50000001	0.632063	0.642576	2
X	51000001	0.620151	0.642576	2
X	52000001	0.653212	0.642576	2
X	53000001	0.929135	0.642576	2
X	54000001	0.644194	0.642576	2
X	55000001	0.535128	0.642576	2
X	56000001	0.645501	0.642576	2
X	57000001	0.725815	0.642576	2
X	58000001	0.749778	0.642576	2
X	59000001	0.522004	0.642576	2
X	60000001	0.583041	0.642576	2
X	61000001	0.513538	0.642576	2
X	62000001	0.669623	0.642576	2
X	63000001	0.652505	0.642576	2
X	64000001	0.586809	0.642576	2
X	65000001	0.515159	0.642576	2
X	66000001	0.530353	0.642576	2
X	67000001	0.487728	0.642576	2
X	68000001	0.82216	0.742487	2
X	69000001	0.742487	0.742487	2
X	70000001	0.764142	0.742487	2
X	71000001	0.933296	0.742487	2
X	72000001	0.628493	0.742487	2
X	73000001	0.565386	0.742487	2
X	74000001	0.821571	0.742487	2
X	75000001	0.739073	0.742487	2
X	76000001	0.625532	0.742487	2
X	77000001	1.13746	0.982311	3
X	78000001	0.82716	0.982311	3
X	79000001	0.551317	0.560761	2
X	80000001	0.555875	0.560761	2
X	81000001	0.487565	0.560761	2
X	82000001	0.312565	0.560761	2
X	83000001	0.454843	0.560761	2
X	84000001	0.48618	0.560761	2
X	85000001	0.560761	0.560761	2
X	86000001	0.68663	0.560761	2
X	87000001	0.412205	0.560761	2
X	88000001	0.849452	0.560761	2
X	89000001	0.456112	0.560761	2
X	90000001	0.518366	0.560761	2
X	91000001	0.562107	0.560761	2
X	92000001	0.479582	0.560761	2
X	93000001	0.490636	0.560761	2
X	94000001	0.58767	0.560761	2
X	95000001	0.548901	0.560761	2
X	96000001	0.613489	0.560761	2
X	97000001	0.548158	0.560761	2
X	98000001	0.57496	0.560761	2
X	99000001	0.604125	0.560761	2
X	100000001	0.586794	0.560761	2
X	101000001	0.58404	0.560761	2
X	102000001	0.697809	0.560761	2
X	103000001	0.746871	0.560761	2
X	104000001	0.563995	0.560761	2
X	105000001	0.446946	0.560761	2
X	106000001	0.584584	0.560761	2
X	107000001	0.644509	0.560761	2
X	108000001	0.553861	0.560761	2
X	109000001	0.674963	0.560761	2
X	110000001	0.647896	0.560761	2
X	111000001	0.627525	0.560761	2
X	112000001	0.563248	0.560761	2
X	113000001	0.506828	0.560761	2
X	114000001	0.617256	0.560761	2
X	115000001	0.667416	0.560761	2
X	116000001	0.506339	0.560761	2
X	117000001	0.413617	0.560761	2
X	118000001	0.690772	0.560761	2
X	119000001	0.622355	0.560761	2
X	120000001	0.632429	0.560761	2
X	121000001	0.570583	0.560761	2
X	122000001	0.531817	0.560761	2
X	123000001	0.402342	0.560761	2
X	124000001	0.406164	0.560761	2
X	125000001	0.521318	0.560761	2
X	126000001	0.593559	0.560761	2
X	127000001	0.512506	0.560761	2
X	128000001	0.669718	0.560761	2
X	129000001	0.668634	0.560761	2
X	130000001	0.496055	0.560761	2
X	131000001	0.673883	0.560761	2
X	132000001	0.382911	0.560761	2
X	133000001	0.702828	0.560761	2
X	134000001	0.601976	0.560761	2
X	135000001	0.9244	0.560761	2
X	136000001	0.475794	0.560761	2
X	137000001	0.477802	0.560761	2
X	138000001	0.478645	0.560761	2
X	139000001	0.522396	0.560761	2
X	140000001	0.572795	0.560761	2
X	141000001	0.553361	0.560761	2
X	142000001	0.395806	0.560761	2
X	143000001	0.369706	0.560761	2
X	144000001	0.612773	0.560761	2
X	145000001	0.496049	0.560761	2
X	146000001	0.531465	0.560761	2
X	147000001	0.59416	0.560761	2
X	148000001	0.690572	0.803768	2
X	149000001	0.803768	0.803768	2
X	150000001	0.852878	0.803768	2
X	151000001	0.741518	0.803768	2
X	152000001	0.523197	0.803768	2
X	153000001	0.813579	0.803768	2
X	154000001	0.931127	0.803768	2
X	155000001	0.348653	0.803768	2
X	156000001	1.27359	0.803768	2
Y	1	-1	-1	0
Y	1000001	-1	-1	0
Y	2000001	0.0317277	0.0590361	0
Y	3000001	0.0590361	0.0590361	0
Y	4000001	0.0909915	0.0590361	0
Y	5000001	0.0829522	0.0590361	0
Y	6000001	0.103576	0.0590361	0
Y	7000001	0.0585966	0.0590361	0
Y	8000001	0.0245847	0.0590361	0
Y	9000001	0.148697	0.148697	0
Y	10000001	0.857712	0.857712	3
Y	11000001	0.939142	0.857712	3
Y	12000001	0.326107	0.857712	3
Y	13000001	0.0610643	0.166177	0
Y	14000001	0.0288673	0.166177	0
Y	15000001	0.121381	0.166177	0
Y	16000001	0.107446	0.166177	0
Y	17000001	0.310894	0.166177	0
Y	18000001	0.237274	0.166177	0
Y	19000001	0.0300329	0.166177	0
Y	20000001	0.0790019	0.166177	0
Y	21000001	0.299413	0.166177	0
Y	22000001	0.290639	0.166177	0
Y	23000001	0.287814	0.166177	0
Y	24000001	0.172638	0.166177	0
Y	25000001	0.191653	0.166177	0
Y	26000001	0.150001	0.166177	0
Y	27000001	-1	0.166177	0
Y	28000001	-1	0.166177	0
Y	29000001	-1	0.166177	0
Y	30000001	-1	0.166177	0
Y	31000001	-1	0.166177	0
Y	32000001	-1	0.166177	0
Y	33000001	-1	0.166177	0
Y	34000001	-1	0.166177	0
Y	35000001	-1	0.166177	0
Y	36000001	-1	0.166177	0
Y	37000001	-1	0.166177	0
Y	38000001	-1	0.166177	0
Y	39000001	-1	0.166177	0
Y	40000001	-1	0.166177	0
Y	41000001	-1	0.166177	0
Y	42000001	-1	0.166177	0
Y	43000001	-1	0.166177	0
Y	44000001	-1	0.166177	0
Y	45000001	-1	0.166177	0
Y	46000001	-1	0.166177	0
Y	47000001	-1	0.166177	0
Y	48000001	-1	0.166177	0
Y	49000001	-1	0.166177	0
Y	50000001	-1	0.166177	0
Y	51000001	-1	0.166177	0
Y	52000001	-1	0.166177	0
Y	53000001	-1	0.166177	0
Y	54000001	-1	0.166177	0
Y	55000001	-1	0.166177	0
Y	56000001	0.166177	0.166177	0
Y	57000001	-1	-1	0
