Chromosome	Start	Ratio	MedianRatio	CopyNumber
1	1	3.07621	2.99247	9
1	1000001	2.99247	2.99247	9
1	2000001	2.80071	2.99247	9
1	3000001	2.19574	2.33028	7
1	4000001	1.64964	2.33028	7
1	5000001	1.60053	2.33028	7
1	6000001	2.46315	2.33028	7
1	7000001	3.29019	2.33028	7
1	8000001	1.74125	2.33028	7
1	9000001	2.43919	2.33028	7
1	10000001	2.47085	2.33028	7
1	11000001	2.26285	2.33028	7
1	12000001	2.39771	2.33028	7
1	13000001	1.58605	1.87107	6
1	14000001	1.29504	1.87107	6
1	15000001	2.12413	1.87107	6
1	16000001	2.36075	1.87107	6
1	17000001	2.06988	1.87107	6
1	18000001	1.71127	1.87107	6
1	19000001	1.62609	1.87107	6
1	20000001	1.7918	1.87107	6
1	21000001	1.55269	1.87107	6
1	22000001	2.18346	1.87107	6
1	23000001	1.69263	1.87107	6
1	24000001	1.56766	1.87107	6
1	25000001	2.28195	1.87107	6
1	26000001	2.03133	1.87107	6
1	27000001	2.15333	1.87107	6
1	28000001	2.35966	1.87107	6
1	29000001	2.19487	1.87107	6
1	30000001	1.92367	1.87107	6
1	31000001	1.86254	1.87107	6
1	32000001	1.92657	1.87107	6
1	33000001	1.68554	1.87107	6
1	34000001	1.75214	1.87107	6
1	35000001	1.84063	1.87107	6
1	36000001	2.25935	1.87107	6
1	37000001	1.73029	1.87107	6
1	38000001	1.90861	1.87107	6
1	39000001	1.68637	1.87107	6
1	40000001	1.72841	1.87107	6
1	41000001	1.70503	1.87107	6
1	42000001	1.23791	1.87107	6
1	43000001	1.53199	1.87107	6
1	44000001	2.54226	1.87107	6
1	45000001	1.89566	1.87107	6
1	46000001	1.87961	1.87107	6
1	47000001	1.92648	1.87107	6
1	48000001	1.29639	1.87107	6
1	49000001	1.06496	1.87107	6
1	50000001	1.50719	1.87107	6
1	51000001	2.06969	1.87107	6
1	52000001	1.94967	1.87107	6
1	53000001	2.01414	1.87107	6
1	54000001	1.99142	1.87107	6
1	55000001	1.00352	0.840326	3
1	56000001	1.13325	0.840326	3
1	57000001	1.04847	0.840326	3
1	58000001	0.644372	0.840326	3
1	59000001	0.68514	0.840326	3
1	60000001	0.938497	0.840326	3
1	61000001	1.11815	0.840326	3
1	62000001	1.13539	0.840326	3
1	63000001	0.75962	0.840326	3
1	64000001	0.945624	0.840326	3
1	65000001	1.18617	0.840326	3
1	66000001	0.943839	0.840326	3
1	67000001	1.16851	0.840326	3
1	68000001	0.868797	0.840326	3
1	69000001	0.542553	0.840326	3
1	70000001	1.056	0.840326	3
1	71000001	0.691195	0.840326	3
1	72000001	0.40065	0.840326	3
1	73000001	0.713346	0.840326	3
1	74000001	0.821395	0.840326	3
1	75000001	0.88931	0.840326	3
1	76000001	0.609311	0.840326	3
1	77000001	0.692787	0.840326	3
1	78000001	0.820229	0.840326	3
1	79000001	1.71437	0.840326	3
1	80000001	0.554799	0.840326	3
1	81000001	0.742083	0.840326	3
1	82000001	0.558724	0.840326	3
1	83000001	0.758233	0.840326	3
1	84000001	1.17287	0.840326	3
1	85000001	1.3573	0.840326	3
1	86000001	0.730493	0.840326	3
1	87000001	0.791367	0.840326	3
1	88000001	0.59441	0.840326	3
1	89000001	1.14884	0.840326	3
1	90000001	0.860095	0.840326	3
1	91000001	1.32485	0.840326	3
1	92000001	1.19861	0.840326	3
1	93000001	1.07131	0.840326	3
1	94000001	0.940225	0.840326	3
1	95000001	0.575839	0.840326	3
1	96000001	0.62605	0.840326	3
1	97000001	0.643409	0.840326	3
1	98000001	0.586247	0.840326	3
1	99000001	1.46803	0.840326	3
1	100000001	1.38335	0.840326	3
1	101000001	0.644154	0.840326	3
1	102000001	0.681682	0.840326	3
1	103000001	1.45775	0.840326	3
1	104000001	0.815635	0.840326	3
1	105000001	0.859257	0.840326	3
1	106000001	0.761391	0.840326	3
1	107000001	1.3113	1.44417	4
1	108000001	1.91221	1.44417	4
1	109000001	2.01174	1.44417	4
1	110000001	1.79196	1.44417	4
1	111000001	1.18054	1.44417	4
1	112000001	1.60724	1.44417	4
1	113000001	1.65427	1.44417	4
1	114000001	1.12597	1.44417	4
1	115000001	1.01402	1.44417	4
1	116000001	1.41893	1.44417	4
1	117000001	1.65231	1.44417	4
1	118000001	1.25434	1.44417	4
1	119000001	1.24598	1.44417	4
1	120000001	1.84486	1.44417	4
1	121000001	2.09364	1.44417	4
1	122000001	1.46942	1.44417	4
1	123000001	1.41844	1.44417	4
1	124000001	1.40615	1.44417	4
1	125000001	4.10456	-1	4
1	126000001	-1	-1	4
1	127000001	-1	-1	4
1	128000001	-1	-1	4
1	129000001	-1	-1	4
1	130000001	-1	-1	4
1	131000001	-1	-1	4
1	132000001	-1	-1	4
1	133000001	-1	-1	4
1	134000001	-1	-1	4
1	135000001	-1	-1	4
1	136000001	-1	-1	4
1	137000001	-1	-1	4
1	138000001	-1	-1	4
1	139000001	-1	-1	4
1	140000001	-1	-1	4
1	141000001	-1	-1	4
1	142000001	-1	-1	4
1	143000001	3.60278	-1	4
1	144000001	1.52179	1.32737	4
1	145000001	1.49847	1.32737	4
1	146000001	1.19082	1.32737	4
1	147000001	0.785851	1.32737	4
1	148000001	1.22241	1.32737	4
1	149000001	1.27259	1.32737	4
1	150000001	1.49627	1.32737	4
1	151000001	1.27453	1.32737	4
1	152000001	1.3186	1.32737	4
1	153000001	1.5723	1.32737	4
1	154000001	1.74156	1.32737	4
1	155000001	1.54155	1.32737	4
1	156000001	1.45537	1.32737	4
1	157000001	1.49437	1.32737	4
1	158000001	0.828751	1.32737	4
1	159000001	1.65111	1.32737	4
1	160000001	1.49914	1.32737	4
1	161000001	1.41119	1.32737	4
1	162000001	1.48176	1.32737	4
1	163000001	1.07717	1.32737	4
1	164000001	0.993882	1.32737	4
1	165000001	1.63113	1.32737	4
1	166000001	1.33944	1.32737	4
1	167000001	1.90289	1.32737	4
1	168000001	1.79111	1.32737	4
1	169000001	1.26146	1.32737	4
1	170000001	0.921905	1.32737	4
1	171000001	1.09782	1.32737	4
1	172000001	0.969035	1.32737	4
1	173000001	1.62401	1.32737	4
1	174000001	1.74324	1.32737	4
1	175000001	1.35325	1.32737	4
1	176000001	1.01874	1.32737	4
1	177000001	1.03271	1.32737	4
1	178000001	1.33954	1.32737	4
1	179000001	1.71616	1.32737	4
1	180000001	2.23927	1.32737	4
1	181000001	1.60243	1.32737	4
1	182000001	2.22134	1.32737	4
1	183000001	1.26169	1.32737	4
1	184000001	1.43448	1.32737	4
1	185000001	1.4702	1.32737	4
1	186000001	1.71554	1.32737	4
1	187000001	1.29836	1.32737	4
1	188000001	0.830653	1.32737	4
1	189000001	1.11524	1.32737	4
1	190000001	0.76339	1.32737	4
1	191000001	1.33615	1.32737	4
1	192000001	1.12544	1.32737	4
1	193000001	1.08059	1.32737	4
1	194000001	1.12903	1.32737	4
1	195000001	1.193	1.32737	4
1	196000001	0.985282	1.32737	4
1	197000001	1.14961	1.32737	4
1	198000001	1.29025	1.32737	4
1	199000001	0.889993	1.32737	4
1	200000001	1.84769	2.02083	6
1	201000001	2.05889	2.02083	6
1	202000001	2.23051	2.02083	6
1	203000001	2.02083	2.02083	6
1	204000001	1.67447	2.02083	6
1	205000001	2.08034	2.02083	6
1	206000001	2.01263	2.02083	6
1	207000001	1.52778	1.25928	4
1	208000001	1.52017	1.25928	4
1	209000001	0.926615	1.25928	4
1	210000001	1.00484	1.25928	4
1	211000001	1.44987	1.25928	4
1	212000001	1.55381	1.25928	4
1	213000001	1.03119	1.25928	4
1	214000001	1.4405	1.25928	4
1	215000001	0.934032	1.25928	4
1	216000001	0.865727	1.25928	4
1	217000001	1.02721	1.25928	4
1	218000001	1.21401	1.25928	4
1	219000001	1.48124	1.25928	4
1	220000001	1.06514	1.25928	4
1	221000001	0.954303	1.25928	4
1	222000001	0.967097	1.25928	4
1	223000001	1.29776	1.25928	4
1	224000001	1.4087	1.25928	4
1	225000001	1.72632	1.25928	4
1	226000001	1.60476	1.25928	4
1	227000001	1.21731	1.25928	4
1	228000001	1.83572	1.25928	4
1	229000001	1.23923	1.25928	4
1	230000001	1.48531	1.25928	4
1	231000001	1.50962	1.25928	4
1	232000001	0.999556	1.25928	4
1	233000001	1.04137	1.25928	4
1	234000001	1.35568	1.25928	4
1	235000001	1.64471	1.25928	4
1	236000001	1.20004	1.25928	4
1	237000001	0.825323	1.25928	4
1	238000001	1.08912	1.25928	4
1	239000001	0.881375	1.25928	4
1	240000001	1.06109	1.25928	4
1	241000001	1.56893	1.25928	4
1	242000001	1.31522	1.25928	4
1	243000001	1.27934	1.25928	4
1	244000001	1.12238	1.25928	4
1	245000001	1.2356	1.25928	4
1	246000001	1.61292	1.25928	4
1	247000001	1.507	1.25928	4
1	248000001	1.77372	1.25928	4
10	1	1.21586	1.05793	3
10	1000001	1.19869	1.05793	3
10	2000001	0.781256	1.05793	3
10	3000001	1.32192	1.05793	3
10	4000001	1.13161	1.05793	3
10	5000001	1.23494	1.05793	3
10	6000001	1.57328	1.05793	3
10	7000001	0.99818	1.05793	3
10	8000001	0.825382	1.05793	3
10	9000001	0.590032	1.05793	3
10	10000001	0.958526	1.05793	3
10	11000001	1.7333	1.05793	3
10	12000001	1.27077	1.05793	3
10	13000001	1.34095	1.05793	3
10	14000001	1.0255	1.05793	3
10	15000001	0.892656	1.05793	3
10	16000001	0.781634	1.05793	3
10	17000001	1.05917	1.05793	3
10	18000001	0.839715	1.05793	3
10	19000001	1.07407	1.05793	3
10	20000001	1.05669	1.05793	3
10	21000001	0.981799	1.05793	3
10	22000001	1.22323	1.05793	3
10	23000001	0.925253	1.05793	3
10	24000001	0.97481	1.05793	3
10	25000001	0.959047	1.05793	3
10	26000001	0.696639	1.05793	3
10	27000001	0.891773	1.05793	3
10	28000001	0.905291	1.05793	3
10	29000001	1.06129	1.05793	3
10	30000001	1.08753	1.05793	3
10	31000001	1.08516	1.05793	3
10	32000001	0.867912	1.05793	3
10	33000001	0.753302	1.05793	3
10	34000001	0.986341	1.05793	3
10	35000001	1.1777	1.05793	3
10	36000001	0.678891	1.05793	3
10	37000001	0.72431	1.05793	3
10	38000001	0.973859	1.05793	3
10	39000001	0.946762	1.05793	3
10	40000001	1.28019	1.05793	3
10	41000001	1.09617	1.05793	3
10	42000001	1.32324	1.05793	3
10	43000001	2.00556	1.05793	3
10	44000001	0.930829	1.05793	3
10	45000001	1.17402	1.05793	3
10	46000001	1.76612	1.05793	3
10	47000001	1.3317	1.05793	3
10	48000001	1.58084	1.05793	3
10	49000001	1.5614	1.05793	3
10	50000001	1.35227	1.05793	3
10	51000001	0.885428	1.05793	3
10	52000001	1.03189	1.05793	3
10	53000001	1.16311	1.05793	3
10	54000001	0.924428	1.05793	3
10	55000001	0.819746	1.05793	3
10	56000001	0.752329	1.05793	3
10	57000001	1.56335	1.05793	3
10	58000001	1.31039	1.05793	3
10	59000001	0.869616	1.05793	3
10	60000001	1.00759	1.05793	3
10	61000001	1.47599	1.05793	3
10	62000001	1.07935	1.05793	3
10	63000001	1.26353	1.05793	3
10	64000001	1.02613	1.05793	3
10	65000001	1.21074	1.05793	3
10	66000001	0.944213	1.05793	3
10	67000001	1.35477	1.05793	3
10	68000001	2.05914	1.77977	5
10	69000001	1.74641	1.77977	5
10	70000001	1.98761	1.77977	5
10	71000001	2.1345	1.77977	5
10	72000001	1.7459	1.77977	5
10	73000001	1.7569	1.77977	5
10	74000001	1.54431	1.77977	5
10	75000001	1.33928	1.77977	5
10	76000001	1.82397	1.77977	5
10	77000001	1.77977	1.77977	5
10	78000001	2.08468	1.77977	5
10	79000001	1.39008	1.13466	3
10	80000001	1.12395	1.13466	3
10	81000001	1.07504	1.13466	3
10	82000001	0.947939	1.13466	3
10	83000001	1.14536	1.13466	3
10	84000001	1.09582	1.13466	3
10	85000001	1.34824	1.13466	3
10	86000001	1.2685	1.13466	3
10	87000001	0.903586	0.746001	2
10	88000001	0.642399	0.746001	2
10	89000001	0.506058	0.746001	2
10	90000001	0.486036	0.746001	2
10	91000001	0.984315	0.746001	2
10	92000001	1.02923	0.746001	2
10	93000001	0.585094	0.746001	2
10	94000001	0.631563	0.746001	2
10	95000001	0.984285	0.746001	2
10	96000001	0.781831	0.746001	2
10	97000001	1.06591	0.746001	2
10	98000001	0.997998	0.746001	2
10	99000001	0.441638	0.746001	2
10	100000001	1.09328	0.746001	2
10	101000001	0.943301	0.746001	2
10	102000001	1.12713	0.746001	2
10	103000001	1.02275	0.746001	2
10	104000001	0.9321	0.746001	2
10	105000001	0.44131	0.746001	2
10	106000001	0.505286	0.746001	2
10	107000001	0.433248	0.746001	2
10	108000001	0.449496	0.746001	2
10	109000001	0.689979	0.746001	2
10	110000001	0.776507	0.746001	2
10	111000001	1.06101	0.746001	2
10	112000001	0.489339	0.746001	2
10	113000001	0.687604	0.746001	2
10	114000001	0.5225	0.746001	2
10	115000001	0.746001	0.746001	2
10	116000001	0.67194	0.746001	2
10	117000001	0.834914	0.746001	2
10	118000001	0.740493	0.746001	2
10	119000001	0.67829	0.746001	2
10	120000001	0.565858	0.746001	2
10	121000001	0.31153	0.746001	2
10	122000001	1.57038	0.746001	2
10	123000001	1.19742	0.746001	2
10	124000001	1.04905	0.746001	2
10	125000001	0.793472	0.746001	2
10	126000001	6.24088	6.24088	19
10	127000001	0.809482	0.809482	2
10	128000001	0.469193	0.809482	2
10	129000001	0.727672	0.809482	2
10	130000001	1.49278	0.809482	2
10	131000001	0.607046	0.809482	2
10	132000001	1.40456	0.809482	2
10	133000001	1.95716	0.809482	2
11	1	2.21309	1.64712	5
11	1000001	1.71816	1.64712	5
11	2000001	1.64712	1.64712	5
11	3000001	1.57958	1.64712	5
11	4000001	1.57737	1.64712	5
11	5000001	1.13217	1.46371	4
11	6000001	1.62853	1.46371	4
11	7000001	0.825006	1.46371	4
11	8000001	1.22861	1.46371	4
11	9000001	1.56026	1.46371	4
11	10000001	1.59042	1.46371	4
11	11000001	1.7365	1.46371	4
11	12000001	1.45179	1.46371	4
11	13000001	1.15407	1.46371	4
11	14000001	1.47564	1.46371	4
11	15000001	1.01781	0.832287	2
11	16000001	0.887934	0.832287	2
11	17000001	0.64797	0.832287	2
11	18000001	0.994314	0.832287	2
11	19000001	1.017	0.832287	2
11	20000001	0.819255	0.832287	2
11	21000001	0.69997	0.832287	2
11	22000001	1.87416	0.832287	2
11	23000001	0.773138	0.832287	2
11	24000001	0.610979	0.832287	2
11	25000001	0.715123	0.832287	2
11	26000001	0.79323	0.832287	2
11	27000001	0.901475	0.832287	2
11	28000001	0.70281	0.832287	2
11	29000001	0.7073	0.832287	2
11	30000001	0.796154	0.832287	2
11	31000001	0.676135	0.832287	2
11	32000001	1.01229	0.832287	2
11	33000001	1.15978	0.832287	2
11	34000001	0.812424	0.832287	2
11	35000001	1.1943	0.832287	2
11	36000001	1.09201	0.832287	2
11	37000001	1.59012	0.832287	2
11	38000001	0.858835	0.832287	2
11	39000001	0.777268	0.832287	2
11	40000001	0.84532	0.832287	2
11	41000001	0.752504	0.832287	2
11	42000001	1.02555	0.832287	2
11	43000001	1.79244	1.69265	5
11	44000001	1.04309	1.69265	5
11	45000001	1.69265	1.69265	5
11	46000001	1.7303	1.69265	5
11	47000001	1.46996	1.69265	5
11	48000001	0.767237	0.806612	2
11	49000001	0.612263	0.806612	2
11	50000001	1.76816	0.806612	2
11	51000001	0.867645	0.806612	2
11	52000001	0.867418	0.806612	2
11	53000001	0.92334	0.806612	2
11	54000001	0.806612	0.806612	2
11	55000001	0.792964	0.806612	2
11	56000001	0.795661	0.806612	2
11	57000001	1.89447	1.60825	5
11	58000001	1.21183	1.60825	5
11	59000001	1.04146	1.60825	5
11	60000001	1.17637	1.60825	5
11	61000001	1.36746	1.60825	5
11	62000001	1.78834	1.60825	5
11	63000001	1.59602	1.60825	5
11	64000001	1.85536	1.60825	5
11	65000001	1.3772	1.60825	5
11	66000001	1.64976	1.60825	5
11	67000001	1.62047	1.60825	5
11	68000001	1.71276	1.60825	5
11	69000001	3.87001	3.87001	12
11	70000001	0.894394	1.63889	5
11	71000001	2.11344	1.63889	5
11	72000001	1.82968	1.63889	5
11	73000001	1.53306	1.63889	5
11	74000001	1.07557	1.63889	5
11	75000001	1.63393	1.63889	5
11	76000001	1.65388	1.63889	5
11	77000001	1.71109	1.63889	5
11	78000001	1.20611	1.63889	5
11	79000001	1.64385	1.63889	5
11	80000001	0.706936	0.992617	3
11	81000001	0.728253	0.992617	3
11	82000001	1.12918	0.992617	3
11	83000001	0.968125	0.992617	3
11	84000001	0.978363	0.992617	3
11	85000001	0.980932	0.992617	3
11	86000001	1.38763	0.992617	3
11	87000001	1.24438	0.992617	3
11	88000001	1.17404	0.992617	3
11	89000001	1.0043	0.992617	3
11	90000001	0.765473	0.992617	3
11	91000001	0.584975	0.992617	3
11	92000001	0.817657	0.992617	3
11	93000001	1.0725	0.992617	3
11	94000001	1.01839	0.992617	3
11	95000001	1.03874	0.992617	3
11	96000001	2.90283	2.90283	9
11	97000001	0.834427	0.922814	3
11	98000001	1.00535	0.922814	3
11	99000001	0.705014	0.922814	3
11	100000001	0.628063	0.922814	3
11	101000001	0.4641	0.922814	3
11	102000001	1.03977	0.922814	3
11	103000001	0.74562	0.922814	3
11	104000001	2.73282	0.922814	3
11	105000001	0.763795	0.922814	3
11	106000001	0.762972	0.922814	3
11	107000001	0.722548	0.922814	3
11	108000001	0.731395	0.922814	3
11	109000001	0.710375	0.922814	3
11	110000001	0.873456	0.922814	3
11	111000001	1.15821	0.922814	3
11	112000001	1.24192	0.922814	3
11	113000001	0.827929	0.922814	3
11	114000001	1.20127	0.922814	3
11	115000001	0.97414	0.922814	3
11	116000001	1.3879	0.922814	3
11	117000001	1.57808	0.922814	3
11	118000001	1.52803	0.922814	3
11	119000001	1.37678	0.922814	3
11	120000001	0.844495	0.922814	3
11	121000001	0.971577	0.922814	3
11	122000001	1.01088	0.922814	3
11	123000001	0.526619	0.922814	3
11	124000001	0.673418	0.922814	3
11	125000001	0.922814	0.922814	3
11	126000001	1.03793	0.922814	3
11	127000001	0.678819	0.922814	3
11	128000001	0.972313	0.922814	3
11	129000001	0.807899	0.922814	3
11	130000001	0.892269	0.922814	3
11	131000001	1.043	0.922814	3
11	132000001	1.18407	0.922814	3
11	133000001	1.15056	0.922814	3
11	134000001	1.41395	0.922814	3
11	135000001	0.410634	0.922814	3
12	1	0.948456	0.766431	2
12	1000001	0.763564	0.766431	2
12	2000001	1.08154	0.766431	2
12	3000001	0.891701	0.766431	2
12	4000001	0.590922	0.766431	2
12	5000001	0.795617	0.766431	2
12	6000001	1.16095	0.766431	2
12	7000001	1.77281	0.766431	2
12	8000001	0.608921	0.766431	2
12	9000001	0.779867	0.766431	2
12	10000001	0.591758	0.766431	2
12	11000001	0.821956	0.766431	2
12	12000001	1.10261	0.766431	2
12	13000001	0.55202	0.766431	2
12	14000001	0.849665	0.766431	2
12	15000001	0.447616	0.766431	2
12	16000001	0.636568	0.766431	2
12	17000001	0.52615	0.766431	2
12	18000001	0.453309	0.766431	2
12	19000001	0.533344	0.766431	2
12	20000001	0.471535	0.766431	2
12	21000001	0.443921	0.766431	2
12	22000001	0.931967	0.766431	2
12	23000001	1.34145	0.766431	2
12	24000001	0.646519	0.766431	2
12	25000001	0.968038	0.766431	2
12	26000001	0.90498	0.766431	2
12	27000001	0.73116	0.766431	2
12	28000001	1.13898	0.766431	2
12	29000001	0.858025	0.766431	2
12	30000001	0.892701	0.766431	2
12	31000001	1.2018	0.766431	2
12	32000001	1.20479	0.766431	2
12	33000001	0.645504	0.766431	2
12	34000001	0.735179	0.766431	2
12	35000001	0.941167	0.766431	2
12	36000001	0.726663	0.766431	2
12	37000001	0.796067	0.766431	2
12	38000001	0.737101	0.766431	2
12	39000001	0.531182	0.766431	2
12	40000001	0.699339	0.766431	2
12	41000001	0.769298	0.766431	2
12	42000001	0.739439	0.766431	2
12	43000001	0.653659	0.766431	2
12	44000001	1.25408	1.25304	4
12	45000001	1.43549	1.25304	4
12	46000001	1.09087	1.25304	4
12	47000001	1.252	1.25304	4
12	48000001	3.64967	3.64967	11
12	49000001	1.5143	1.42662	4
12	50000001	1.27644	1.42662	4
12	51000001	1.49964	1.42662	4
12	52000001	1.69126	1.42662	4
12	53000001	1.42662	1.42662	4
12	54000001	1.84991	1.42662	4
12	55000001	1.28191	1.42662	4
12	56000001	1.38891	1.42662	4
12	57000001	1.28344	1.42662	4
12	58000001	0.912363	0.912298	3
12	59000001	0.782983	0.912298	3
12	60000001	0.889193	0.912298	3
12	61000001	1.05819	0.912298	3
12	62000001	1.05428	0.912298	3
12	63000001	0.832574	0.912298	3
12	64000001	1.17369	0.912298	3
12	65000001	0.912234	0.912298	3
12	66000001	0.921546	0.912298	3
12	67000001	0.75847	0.912298	3
12	68000001	1.26509	0.912298	3
12	69000001	1.41779	0.912298	3
12	70000001	0.700928	0.912298	3
12	71000001	1.62364	0.912298	3
12	72000001	0.996081	0.912298	3
12	73000001	0.80238	0.912298	3
12	74000001	0.952874	0.912298	3
12	75000001	0.828406	0.912298	3
12	76000001	1.45037	0.912298	3
12	77000001	0.866051	0.912298	3
12	78000001	0.479311	0.912298	3
12	79000001	0.694616	0.912298	3
12	80000001	0.844873	0.912298	3
12	81000001	0.592754	0.912298	3
12	82000001	0.807251	0.912298	3
12	83000001	0.927275	0.912298	3
12	84000001	0.846016	0.912298	3
12	85000001	0.906863	0.912298	3
12	86000001	0.424014	0.912298	3
12	87000001	0.507451	0.912298	3
12	88000001	0.803942	0.912298	3
12	89000001	1.12579	0.912298	3
12	90000001	0.94922	0.912298	3
12	91000001	0.811968	0.912298	3
12	92000001	1.19546	0.912298	3
12	93000001	1.24969	0.912298	3
12	94000001	1.02003	0.912298	3
12	95000001	1.7874	0.912298	3
12	96000001	0.90879	0.912298	3
12	97000001	0.876674	0.912298	3
12	98000001	0.884001	0.912298	3
12	99000001	0.666759	0.912298	3
12	100000001	0.993044	0.912298	3
12	101000001	1.28358	0.912298	3
12	102000001	1.0185	0.912298	3
12	103000001	1.03991	0.912298	3
12	104000001	1.14672	0.912298	3
12	105000001	1.08313	0.912298	3
12	106000001	1.49311	1.38473	4
12	107000001	1.27553	1.38473	4
12	108000001	1.65592	1.38473	4
12	109000001	1.67422	1.38473	4
12	110000001	1.69999	1.38473	4
12	111000001	1.82416	1.38473	4
12	112000001	1.3141	1.38473	4
12	113000001	1.51875	1.38473	4
12	114000001	0.687372	1.38473	4
12	115000001	0.82145	1.38473	4
12	116000001	1.19243	1.38473	4
12	117000001	1.06656	1.38473	4
12	118000001	1.19068	1.38473	4
12	119000001	1.39166	1.38473	4
12	120000001	1.38473	1.38473	4
12	121000001	2.02298	1.38473	4
12	122000001	2.43698	1.38473	4
12	123000001	1.39161	1.38473	4
12	124000001	1.82356	1.38473	4
12	125000001	1.18172	1.38473	4
12	126000001	0.979311	1.38473	4
12	127000001	1.02814	1.38473	4
12	128000001	1.20789	1.38473	4
12	129000001	2.88018	2.4157	7
12	130000001	1.49214	2.4157	7
12	131000001	3.38674	2.4157	7
12	132000001	2.4157	2.4157	7
12	133000001	1.58541	2.4157	7
13	1	-1	-1	2
13	1000001	-1	-1	2
13	2000001	-1	-1	2
13	3000001	-1	-1	2
13	4000001	-1	-1	2
13	5000001	-1	-1	2
13	6000001	-1	-1	2
13	7000001	-1	-1	2
13	8000001	-1	-1	2
13	9000001	-1	-1	2
13	10000001	-1	-1	2
13	11000001	-1	-1	2
13	12000001	-1	-1	2
13	13000001	-1	-1	2
13	14000001	-1	-1	2
13	15000001	-1	-1	2
13	16000001	0.501054	0.640495	2
13	17000001	0.597392	0.640495	2
13	18000001	0.872928	0.640495	2
13	19000001	0.829894	0.640495	2
13	20000001	1.3228	0.640495	2
13	21000001	0.547764	0.640495	2
13	22000001	1.32632	0.640495	2
13	23000001	0.640495	0.640495	2
13	24000001	0.692392	0.640495	2
13	25000001	0.363192	0.640495	2
13	26000001	0.475134	0.640495	2
13	27000001	0.86463	0.640495	2
13	28000001	0.943299	0.640495	2
13	29000001	0.748465	0.640495	2
13	30000001	0.522976	0.640495	2
13	31000001	1.64655	0.640495	2
13	32000001	0.634827	0.640495	2
13	33000001	0.612477	0.640495	2
13	34000001	0.80164	0.640495	2
13	35000001	1.05895	0.640495	2
13	36000001	0.618513	0.640495	2
13	37000001	0.493652	0.640495	2
13	38000001	0.887624	0.640495	2
13	39000001	0.604736	0.640495	2
13	40000001	0.534478	0.640495	2
13	41000001	2.99241	2.99241	9
13	42000001	0.89814	0.696906	2
13	43000001	0.716242	0.696906	2
13	44000001	0.543126	0.696906	2
13	45000001	1.1086	0.696906	2
13	46000001	0.78002	0.696906	2
13	47000001	0.901935	0.696906	2
13	48000001	0.690983	0.696906	2
13	49000001	0.736515	0.696906	2
13	50000001	0.919499	0.696906	2
13	51000001	0.967081	0.696906	2
13	52000001	0.872503	0.696906	2
13	53000001	0.696906	0.696906	2
13	54000001	0.342438	0.696906	2
13	55000001	0.583549	0.696906	2
13	56000001	0.569263	0.696906	2
13	57000001	0.552014	0.696906	2
13	58000001	0.635681	0.696906	2
13	59000001	0.541163	0.696906	2
13	60000001	0.5268	0.696906	2
13	61000001	0.827922	0.696906	2
13	62000001	0.585271	0.696906	2
13	63000001	0.588716	0.696906	2
13	64000001	0.815411	0.696906	2
13	65000001	0.473046	0.696906	2
13	66000001	0.80175	0.696906	2
13	67000001	0.548653	0.696906	2
13	68000001	0.367015	0.696906	2
13	69000001	0.467776	0.696906	2
13	70000001	0.282897	0.696906	2
13	71000001	1.27054	0.696906	2
13	72000001	0.420078	0.696906	2
13	73000001	0.68291	0.696906	2
13	74000001	0.782221	0.696906	2
13	75000001	0.813993	0.696906	2
13	76000001	0.614389	0.696906	2
13	77000001	0.502844	0.696906	2
13	78000001	0.759448	0.696906	2
13	79000001	0.831466	0.696906	2
13	80000001	1.26271	0.696906	2
13	81000001	0.716171	0.696906	2
13	82000001	0.530112	0.696906	2
13	83000001	0.422519	0.696906	2
13	84000001	0.880612	0.696906	2
13	85000001	0.703099	0.696906	2
13	86000001	0.966107	0.696906	2
13	87000001	0.904859	0.696906	2
13	88000001	0.515607	0.696906	2
13	89000001	1.36277	1.36277	4
13	90000001	3.42739	2.99793	9
13	91000001	2.56847	2.99793	9
13	92000001	1.92164	1.92164	6
13	93000001	0.846146	0.739814	2
13	94000001	0.641929	0.739814	2
13	95000001	1.04368	0.739814	2
13	96000001	0.496516	0.739814	2
13	97000001	0.67241	0.739814	2
13	98000001	0.394087	0.739814	2
13	99000001	0.839796	0.739814	2
13	100000001	0.614541	0.739814	2
13	101000001	0.449496	0.739814	2
13	102000001	0.67664	0.739814	2
13	103000001	0.710241	0.739814	2
13	104000001	0.637453	0.739814	2
13	105000001	0.592392	0.739814	2
13	106000001	0.821268	0.739814	2
13	107000001	0.769386	0.739814	2
13	108000001	0.852034	0.739814	2
13	109000001	0.908842	0.739814	2
13	110000001	0.847649	0.739814	2
13	111000001	0.930148	0.739814	2
13	112000001	0.910349	0.739814	2
13	113000001	1.22365	0.739814	2
13	114000001	0.68073	0.739814	2
14	1	-1	-1	2
14	1000001	-1	-1	2
14	2000001	-1	-1	2
14	3000001	-1	-1	2
14	4000001	-1	-1	2
14	5000001	-1	-1	2
14	6000001	-1	-1	2
14	7000001	-1	-1	2
14	8000001	-1	-1	2
14	9000001	-1	-1	2
14	10000001	-1	-1	2
14	11000001	-1	-1	2
14	12000001	-1	-1	2
14	13000001	-1	-1	2
14	14000001	-1	-1	2
14	15000001	-1	-1	2
14	16000001	1.14307	0.74028	2
14	17000001	0.496333	0.74028	2
14	18000001	0.911914	0.74028	2
14	19000001	1.10122	0.74028	2
14	20000001	0.595995	0.74028	2
14	21000001	1.20244	0.74028	2
14	22000001	1.17591	0.74028	2
14	23000001	0.908401	0.74028	2
14	24000001	0.924838	0.74028	2
14	25000001	0.69178	0.74028	2
14	26000001	0.587199	0.74028	2
14	27000001	0.545817	0.74028	2
14	28000001	0.473951	0.74028	2
14	29000001	0.457681	0.74028	2
14	30000001	0.902529	0.74028	2
14	31000001	0.985552	0.74028	2
14	32000001	0.764869	0.74028	2
14	33000001	0.622971	0.74028	2
14	34000001	1.68687	0.74028	2
14	35000001	0.730015	0.74028	2
14	36000001	0.375837	0.74028	2
14	37000001	0.445324	0.74028	2
14	38000001	0.959836	0.74028	2
14	39000001	0.750545	0.74028	2
14	40000001	0.40695	0.74028	2
14	41000001	0.410247	0.74028	2
14	42000001	0.754045	0.74028	2
14	43000001	0.674273	0.74028	2
14	44000001	0.467385	0.74028	2
14	45000001	0.565559	0.74028	2
14	46000001	0.305575	0.74028	2
14	47000001	0.619658	0.74028	2
14	48000001	0.385913	0.74028	2
14	49000001	0.916568	0.74028	2
14	50000001	0.810554	0.74028	2
14	51000001	0.512484	0.74028	2
14	52000001	1.2198	0.74028	2
14	53000001	0.906838	0.74028	2
14	54000001	0.808156	0.74028	2
14	55000001	1.01145	0.74028	2
14	56000001	0.483652	0.74028	2
14	57000001	0.874471	0.74028	2
14	58000001	0.722294	0.74028	2
14	59000001	0.873168	0.74028	2
14	60000001	3.90119	3.90119	12
14	61000001	0.755647	0.768494	2
14	62000001	0.632535	0.768494	2
14	63000001	0.579206	0.768494	2
14	64000001	1.11891	0.768494	2
14	65000001	0.682735	0.768494	2
14	66000001	0.694616	0.768494	2
14	67000001	1.26179	0.768494	2
14	68000001	1.19357	0.768494	2
14	69000001	0.937896	0.768494	2
14	70000001	0.781342	0.768494	2
14	71000001	0.566446	0.768494	2
14	72000001	0.8604	0.768494	2
14	73000001	1.36527	0.768494	2
14	74000001	0.957916	0.768494	2
14	75000001	1.16815	0.768494	2
14	76000001	1.08434	0.768494	2
14	77000001	0.970699	0.768494	2
14	78000001	0.755094	0.768494	2
14	79000001	0.721737	0.768494	2
14	80000001	0.485621	0.768494	2
14	81000001	1.00325	0.768494	2
14	82000001	0.725795	0.768494	2
14	83000001	0.416806	0.768494	2
14	84000001	0.524991	0.768494	2
14	85000001	0.743459	0.768494	2
14	86000001	0.632665	0.768494	2
14	87000001	0.38764	0.768494	2
14	88000001	0.648729	0.768494	2
14	89000001	0.87735	0.768494	2
14	90000001	0.997221	0.768494	2
14	91000001	1.09268	0.768494	2
14	92000001	0.904283	0.768494	2
14	93000001	0.825142	0.768494	2
14	94000001	0.719462	0.768494	2
14	95000001	0.641759	0.768494	2
14	96000001	1.24745	0.768494	2
14	97000001	1.06646	0.768494	2
14	98000001	0.612067	0.768494	2
14	99000001	1.11217	1.18382	4
14	100000001	1.12584	1.18382	4
14	101000001	0.921626	1.18382	4
14	102000001	1.43242	1.18382	4
14	103000001	1.2418	1.18382	4
14	104000001	1.57161	1.18382	4
14	105000001	1.26297	1.18382	4
14	106000001	0.53394	1.18382	4
14	107000001	-1	-1	4
15	1	-1	-1	3
15	1000001	-1	-1	3
15	2000001	-1	-1	3
15	3000001	-1	-1	3
15	4000001	-1	-1	3
15	5000001	-1	-1	3
15	6000001	-1	-1	3
15	7000001	-1	-1	3
15	8000001	-1	-1	3
15	9000001	-1	-1	3
15	10000001	-1	-1	3
15	11000001	-1	-1	3
15	12000001	-1	-1	3
15	13000001	-1	-1	3
15	14000001	-1	-1	3
15	15000001	-1	-1	3
15	16000001	-1	-1	3
15	17000001	1.03316	0.959535	3
15	18000001	0.776671	0.959535	3
15	19000001	1.24064	0.959535	3
15	20000001	0.917289	0.959535	3
15	21000001	0.782389	0.959535	3
15	22000001	1.07193	0.959535	3
15	23000001	0.978129	0.959535	3
15	24000001	1.03765	0.959535	3
15	25000001	0.964772	0.959535	3
15	26000001	0.954298	0.959535	3
15	27000001	1.29074	0.959535	3
15	28000001	0.683883	0.959535	3
15	29000001	1.31297	0.959535	3
15	30000001	0.92223	0.959535	3
15	31000001	0.882751	0.959535	3
15	32000001	1.0763	0.959535	3
15	33000001	0.781833	0.959535	3
15	34000001	1.55669	0.959535	3
15	35000001	1.10893	0.959535	3
15	36000001	0.679809	0.959535	3
15	37000001	0.765844	0.959535	3
15	38000001	0.722142	0.959535	3
15	39000001	1.3668	1.54091	5
15	40000001	1.6668	1.54091	5
15	41000001	1.54091	1.54091	5
15	42000001	1.04446	1.54091	5
15	43000001	1.76622	1.54091	5
15	44000001	1.35926	1.54091	5
15	45000001	1.96971	1.54091	5
15	46000001	0.880407	0.817645	2
15	47000001	0.724127	0.817645	2
15	48000001	0.94443	0.817645	2
15	49000001	0.754883	0.817645	2
15	50000001	1.73044	1.06967	3
15	51000001	1.29964	1.06967	3
15	52000001	0.90366	1.06967	3
15	53000001	0.959862	1.06967	3
15	54000001	1.04227	1.06967	3
15	55000001	1.12135	1.06967	3
15	56000001	0.881379	1.06967	3
15	57000001	1.57321	1.06967	3
15	58000001	1.54919	1.06967	3
15	59000001	1.06967	1.06967	3
15	60000001	1.01886	1.06967	3
15	61000001	0.654213	1.06967	3
15	62000001	1.26274	1.06967	3
15	63000001	1.50019	1.52695	5
15	64000001	1.7596	1.52695	5
15	65000001	1.58275	1.52695	5
15	66000001	1.29357	1.52695	5
15	67000001	1.35279	1.52695	5
15	68000001	1.55371	1.52695	5
15	69000001	0.630491	1.0205	3
15	70000001	0.868951	1.0205	3
15	71000001	0.862751	1.0205	3
15	72000001	1.08993	1.0205	3
15	73000001	1.03736	1.0205	3
15	74000001	1.20121	1.0205	3
15	75000001	1.27806	1.0205	3
15	76000001	1.03669	1.0205	3
15	77000001	1.0043	1.0205	3
15	78000001	0.789369	1.0205	3
15	79000001	1.93837	1.19514	4
15	80000001	1.30294	1.19514	4
15	81000001	1.22865	1.19514	4
15	82000001	1.19514	1.19514	4
15	83000001	1.11036	1.19514	4
15	84000001	1.14915	1.19514	4
15	85000001	1.25198	1.19514	4
15	86000001	0.843851	1.19514	4
15	87000001	1.09914	1.19514	4
15	88000001	1.89938	2.10564	6
15	89000001	2.3119	2.10564	6
15	90000001	1.65249	1.57766	5
15	91000001	1.50283	1.57766	5
15	92000001	1.14401	1.09759	3
15	93000001	1.05117	1.09759	3
15	94000001	0.765755	0.840073	3
15	95000001	0.68942	0.840073	3
15	96000001	0.504821	0.840073	3
15	97000001	0.643773	0.840073	3
15	98000001	1.28299	0.840073	3
15	99000001	0.984149	0.840073	3
15	100000001	0.914391	0.840073	3
15	101000001	1.24676	0.840073	3
16	1	1.73156	1.57595	5
16	1000001	2.0781	1.57595	5
16	2000001	1.64601	1.57595	5
16	3000001	1.41662	1.57595	5
16	4000001	1.55989	1.57595	5
16	5000001	1.80236	1.57595	5
16	6000001	1.57595	1.57595	5
16	7000001	1.4075	1.57595	5
16	8000001	1.27731	1.57595	5
16	9000001	1.41607	1.57595	5
16	10000001	2.96657	1.57595	5
16	11000001	1.70667	1.57595	5
16	12000001	1.47269	1.57595	5
16	13000001	1.08337	1.57595	5
16	14000001	1.52313	1.57595	5
16	15000001	1.72393	1.57595	5
16	16000001	1.99759	1.57595	5
16	17000001	0.936707	1.42906	4
16	18000001	1.29713	1.42906	4
16	19000001	1.03298	1.42906	4
16	20000001	1.18894	1.42906	4
16	21000001	1.56289	1.42906	4
16	22000001	1.68237	1.42906	4
16	23000001	2.44907	1.42906	4
16	24000001	1.60535	1.42906	4
16	25000001	1.2045	1.42906	4
16	26000001	0.927457	1.42906	4
16	27000001	0.972388	1.42906	4
16	28000001	1.43433	1.42906	4
16	29000001	1.84661	1.42906	4
16	30000001	1.52193	1.42906	4
16	31000001	1.49379	1.42906	4
16	32000001	0.745342	1.42906	4
16	33000001	1.4238	1.42906	4
16	34000001	1.63496	1.42906	4
16	35000001	0.937135	0.726118	2
16	36000001	0.600832	0.726118	2
16	37000001	0.727344	0.726118	2
16	38000001	0.724893	0.726118	2
16	39000001	-1	-1	2
16	40000001	-1	-1	2
16	41000001	-1	-1	2
16	42000001	-1	-1	2
16	43000001	-1	-1	2
16	44000001	-1	-1	2
16	45000001	-1	-1	2
16	46000001	2.9288	2.9288	9
16	47000001	1.17547	0.916859	3
16	48000001	1.0265	0.916859	3
16	49000001	1.09542	0.916859	3
16	50000001	1.01321	0.916859	3
16	51000001	0.815221	0.916859	3
16	52000001	0.816122	0.916859	3
16	53000001	0.916859	0.916859	3
16	54000001	0.777881	0.916859	3
16	55000001	0.781402	0.916859	3
16	56000001	1.31117	1.61459	5
16	57000001	2.32558	1.61459	5
16	58000001	1.61459	1.61459	5
16	59000001	0.752303	0.752737	2
16	60000001	0.610167	0.752737	2
16	61000001	0.871049	0.752737	2
16	62000001	0.753171	0.752737	2
16	63000001	0.836023	0.752737	2
16	64000001	0.626449	0.752737	2
16	65000001	1.36399	1.37893	4
16	66000001	1.49246	1.37893	4
16	67000001	1.43234	1.37893	4
16	68000001	1.44515	1.37893	4
16	69000001	1.36818	1.37893	4
16	70000001	1.48439	1.37893	4
16	71000001	1.42262	1.37893	4
16	72000001	0.966776	1.37893	4
16	73000001	0.810928	1.37893	4
16	74000001	2.25147	1.37893	4
16	75000001	1.38969	1.37893	4
16	76000001	1.08975	1.37893	4
16	77000001	0.899836	1.37893	4
16	78000001	1.05072	1.37893	4
16	79000001	0.87603	1.37893	4
16	80000001	1.65406	1.37893	4
16	81000001	2.33158	1.88772	6
16	82000001	1.70132	1.88772	6
16	83000001	1.2623	1.88772	6
16	84000001	2.73249	1.88772	6
16	85000001	2.07412	1.88772	6
16	86000001	2.2333	1.88772	6
16	87000001	1.60632	1.88772	6
16	88000001	3.3467	1.88772	6
16	89000001	1.6529	1.88772	6
16	90000001	1.1938	1.88772	6
17	1	1.50688	1.31242	4
17	1000001	1.57388	1.31242	4
17	2000001	1.09597	1.31242	4
17	3000001	1.01156	1.31242	4
17	4000001	1.31242	1.31242	4
17	5000001	0.800015	0.944916	3
17	6000001	0.845366	0.944916	3
17	7000001	1.04447	0.944916	3
17	8000001	1.28233	0.944916	3
17	9000001	0.699597	0.699597	2
17	10000001	0.451968	0.699597	2
17	11000001	0.522924	0.699597	2
17	12000001	0.681833	0.699597	2
17	13000001	0.804657	0.699597	2
17	14000001	0.705864	0.699597	2
17	15000001	0.791657	0.699597	2
17	16000001	1.09293	1.1089	3
17	17000001	1.33764	1.1089	3
17	18000001	0.842837	1.1089	3
17	19000001	1.36912	1.1089	3
17	20000001	1.05623	1.1089	3
17	21000001	0.999263	1.1089	3
17	22000001	1.73279	1.1089	3
17	23000001	1.15632	1.1089	3
17	24000001	1.12487	1.1089	3
17	25000001	1.03556	1.1089	3
17	26000001	2.22379	1.44884	4
17	27000001	1.55516	1.44884	4
17	28000001	1.93255	1.44884	4
17	29000001	1.3352	1.44884	4
17	30000001	1.67285	1.44884	4
17	31000001	1.35806	1.44884	4
17	32000001	1.48335	1.44884	4
17	33000001	1.16149	1.44884	4
17	34000001	1.33552	1.44884	4
17	35000001	1.23596	1.44884	4
17	36000001	1.33319	1.44884	4
17	37000001	1.42315	1.44884	4
17	38000001	1.39556	1.44884	4
17	39000001	1.29142	1.44884	4
17	40000001	1.49145	1.44884	4
17	41000001	1.72145	1.44884	4
17	42000001	1.88923	1.44884	4
17	43000001	1.76134	1.44884	4
17	44000001	1.46732	1.44884	4
17	45000001	1.61873	1.44884	4
17	46000001	1.12616	1.44884	4
17	47000001	1.44884	1.44884	4
17	48000001	1.38352	1.44884	4
17	49000001	1.25013	1.44884	4
17	50000001	1.7827	1.44884	4
17	51000001	1.30034	1.21352	4
17	52000001	0.770058	1.21352	4
17	53000001	0.955951	1.21352	4
17	54000001	0.983753	1.21352	4
17	55000001	1.29956	1.21352	4
17	56000001	1.11688	1.21352	4
17	57000001	1.51823	1.21352	4
17	58000001	1.21352	1.21352	4
17	59000001	1.20322	1.21352	4
17	60000001	1.42145	1.21352	4
17	61000001	1.36292	1.21352	4
17	62000001	3.7784	1.7065	5
17	63000001	1.70019	1.7065	5
17	64000001	1.7065	1.7065	5
17	65000001	1.31222	1.35924	4
17	66000001	1.39768	1.35924	4
17	67000001	1.62042	1.35924	4
17	68000001	1.40099	1.35924	4
17	69000001	0.782881	1.35924	4
17	70000001	0.915742	1.35924	4
17	71000001	1.4477	1.35924	4
17	72000001	1.0533	1.35924	4
17	73000001	1.14005	1.35924	4
17	74000001	1.52017	1.35924	4
17	75000001	1.64889	1.35924	4
17	76000001	1.32079	1.35924	4
17	77000001	4.2095	1.55538	5
17	78000001	1.68513	1.55538	5
17	79000001	1.44948	1.55538	5
17	80000001	1.55538	1.55538	5
17	81000001	6.11538	1.55538	5
17	82000001	1.53121	1.55538	5
17	83000001	1.53617	1.55538	5
18	1	3.08488	3.08488	9
18	1000001	1.81714	1.81714	5
18	2000001	1.90756	1.81714	5
18	3000001	1.73179	1.81714	5
18	4000001	0.947108	1.29907	4
18	5000001	0.969166	1.29907	4
18	6000001	1.39665	1.29907	4
18	7000001	1.23773	1.29907	4
18	8000001	1.41438	1.29907	4
18	9000001	1.70519	1.29907	4
18	10000001	1.54407	1.29907	4
18	11000001	1.0912	1.29907	4
18	12000001	1.05927	1.29907	4
18	13000001	0.863237	1.29907	4
18	14000001	1.16898	1.29907	4
18	15000001	1.13167	1.29907	4
18	16000001	1.50962	1.29907	4
18	17000001	1.5301	1.29907	4
18	18000001	1.57923	1.29907	4
18	19000001	1.62813	1.29907	4
18	20000001	1.36528	1.29907	4
18	21000001	1.73648	1.29907	4
18	22000001	1.29907	1.29907	4
18	23000001	1.23804	1.29907	4
18	24000001	1.29814	1.29907	4
18	25000001	1.95717	1.47291	4
18	26000001	1.26698	1.47291	4
18	27000001	1.47291	1.47291	4
18	28000001	1.31208	1.47291	4
18	29000001	3.32988	1.47291	4
18	30000001	1.13639	1.02564	3
18	31000001	0.926092	1.02564	3
18	32000001	0.773925	1.02564	3
18	33000001	1.09214	1.02564	3
18	34000001	1.19677	1.02564	3
18	35000001	1.03683	1.02564	3
18	36000001	1.20718	1.02564	3
18	37000001	1.30726	1.02564	3
18	38000001	1.00887	1.02564	3
18	39000001	1.48854	1.02564	3
18	40000001	1.41091	1.02564	3
18	41000001	0.921387	1.02564	3
18	42000001	0.664132	1.02564	3
18	43000001	0.624721	1.02564	3
18	44000001	2.79884	1.02564	3
18	45000001	0.869301	1.02564	3
18	46000001	1.23578	1.02564	3
18	47000001	0.818568	1.02564	3
18	48000001	0.913575	1.02564	3
18	49000001	1.01446	1.02564	3
18	50000001	0.703853	0.677287	2
18	51000001	0.843602	0.677287	2
18	52000001	0.551833	0.677287	2
18	53000001	0.693929	0.677287	2
18	54000001	0.484612	0.677287	2
18	55000001	0.677287	0.677287	2
18	56000001	0.690887	0.677287	2
18	57000001	0.65467	0.677287	2
18	58000001	0.702505	0.677287	2
18	59000001	0.492688	0.677287	2
18	60000001	0.621248	0.677287	2
18	61000001	3.38406	3.38406	10
18	62000001	1.01393	0.628698	2
18	63000001	0.665158	0.628698	2
18	64000001	0.628698	0.628698	2
18	65000001	0.499978	0.628698	2
18	66000001	0.723803	0.628698	2
18	67000001	0.89503	0.628698	2
18	68000001	0.476846	0.628698	2
18	69000001	0.645839	0.628698	2
18	70000001	0.528982	0.628698	2
18	71000001	0.491777	0.628698	2
18	72000001	0.519349	0.628698	2
18	73000001	0.579373	0.628698	2
18	74000001	0.483186	0.628698	2
18	75000001	0.966876	0.628698	2
18	76000001	0.752014	0.628698	2
18	77000001	3.24168	1.16512	3
18	78000001	0.78562	1.16512	3
18	79000001	1.12875	1.16512	3
18	80000001	1.20149	1.16512	3
19	1	1.14638	1.12032	3
19	1000001	0.950563	1.12032	3
19	2000001	0.980485	1.12032	3
19	3000001	1.12032	1.12032	3
19	4000001	1.43099	1.12032	3
19	5000001	1.44091	1.12032	3
19	6000001	0.906517	1.12032	3
19	7000001	2.70713	2.70713	8
19	8000001	1.09345	1.12112	3
19	9000001	1.14878	1.12112	3
19	10000001	1.18264	1.12112	3
19	11000001	0.817084	1.12112	3
19	12000001	1.0335	1.12112	3
19	13000001	1.15031	1.12112	3
19	14000001	1.67288	1.38364	4
19	15000001	1.03082	1.38364	4
19	16000001	2.15298	1.38364	4
19	17000001	0.907441	1.38364	4
19	18000001	1.0944	1.38364	4
19	19000001	2.19861	1.38364	4
19	20000001	1.03096	1.03096	3
19	21000001	0.73757	0.624646	2
19	22000001	0.55907	0.624646	2
19	23000001	0.538524	0.624646	2
19	24000001	0.690223	0.624646	2
19	25000001	1.59584	1.09024	3
19	26000001	1.55497	1.09024	3
19	27000001	0.839653	1.09024	3
19	28000001	0.727902	1.09024	3
19	29000001	0.700247	1.09024	3
19	30000001	0.687772	1.09024	3
19	31000001	0.914246	1.09024	3
19	32000001	1.13512	1.09024	3
19	33000001	1.20455	1.09024	3
19	34000001	1.28098	1.09024	3
19	35000001	0.922192	1.09024	3
19	36000001	1.07287	1.09024	3
19	37000001	1.24988	1.09024	3
19	38000001	1.36205	1.09024	3
19	39000001	1.32838	1.09024	3
19	40000001	0.95366	1.09024	3
19	41000001	1.05136	1.09024	3
19	42000001	1.32206	1.09024	3
19	43000001	1.29453	1.09024	3
19	44000001	1.49757	1.09024	3
19	45000001	0.949311	1.09024	3
19	46000001	1.31485	1.09024	3
19	47000001	1.03829	1.09024	3
19	48000001	1.2235	1.09024	3
19	49000001	1.08356	1.09024	3
19	50000001	1.23025	1.09024	3
19	51000001	1.02361	1.09024	3
19	52000001	0.931026	1.09024	3
19	53000001	0.729598	1.09024	3
19	54000001	1.61932	1.09024	3
19	55000001	1.09693	1.09024	3
19	56000001	0.816628	1.09024	3
19	57000001	0.989753	1.09024	3
19	58000001	1.12583	1.09024	3
2	1	1.17085	1.18624	4
2	1000001	0.905393	1.18624	4
2	2000001	0.84501	1.18624	4
2	3000001	2.17539	1.18624	4
2	4000001	0.985915	1.18624	4
2	5000001	0.862029	1.18624	4
2	6000001	1.37927	1.18624	4
2	7000001	1.11736	1.18624	4
2	8000001	1.11869	1.18624	4
2	9000001	1.99912	1.18624	4
2	10000001	1.8595	1.18624	4
2	11000001	1.33971	1.18624	4
2	12000001	1.01089	1.18624	4
2	13000001	0.884618	1.18624	4
2	14000001	1.18624	1.18624	4
2	15000001	1.33918	1.18624	4
2	16000001	1.96478	1.18624	4
2	17000001	0.906627	1.18624	4
2	18000001	1.49457	1.18624	4
2	19000001	0.861829	1.18624	4
2	20000001	1.75539	1.18624	4
2	21000001	1.03474	1.18624	4
2	22000001	0.821875	1.18624	4
2	23000001	1.0858	1.18624	4
2	24000001	1.46249	1.18624	4
2	25000001	1.7212	1.18624	4
2	26000001	1.39835	1.18624	4
2	27000001	1.31856	1.18624	4
2	28000001	1.20409	1.18624	4
2	29000001	0.737034	0.839357	3
2	30000001	0.834529	0.839357	3
2	31000001	0.751113	0.839357	3
2	32000001	1.38164	0.839357	3
2	33000001	0.795215	0.839357	3
2	34000001	0.725795	0.839357	3
2	35000001	0.54716	0.839357	3
2	36000001	1.19866	0.839357	3
2	37000001	0.727805	0.839357	3
2	38000001	1.42651	0.839357	3
2	39000001	1.5835	0.839357	3
2	40000001	0.739043	0.839357	3
2	41000001	0.559639	0.839357	3
2	42000001	1.01316	0.839357	3
2	43000001	1.26533	0.839357	3
2	44000001	0.577832	0.839357	3
2	45000001	1.47609	0.839357	3
2	46000001	1.97422	0.839357	3
2	47000001	1.81343	0.839357	3
2	48000001	0.749835	0.839357	3
2	49000001	0.680394	0.839357	3
2	50000001	0.507983	0.839357	3
2	51000001	0.844186	0.839357	3
2	52000001	0.756245	0.839357	3
2	53000001	0.892108	0.839357	3
2	54000001	1.03637	0.839357	3
2	55000001	1.55861	0.839357	3
2	56000001	0.912363	0.839357	3
2	57000001	3.29154	3.29154	10
2	58000001	0.659414	0.896547	3
2	59000001	0.855985	0.896547	3
2	60000001	0.868124	0.896547	3
2	61000001	1.23645	0.896547	3
2	62000001	1.29898	0.896547	3
2	63000001	0.748845	0.896547	3
2	64000001	1.5808	0.896547	3
2	65000001	1.30386	0.896547	3
2	66000001	0.90171	0.896547	3
2	67000001	0.896547	0.896547	3
2	68000001	2.68248	0.896547	3
2	69000001	1.32582	0.896547	3
2	70000001	1.21681	0.896547	3
2	71000001	1.42333	0.896547	3
2	72000001	0.78753	0.896547	3
2	73000001	1.3972	0.896547	3
2	74000001	1.55334	0.896547	3
2	75000001	0.718232	0.896547	3
2	76000001	1.34192	0.896547	3
2	77000001	0.711526	0.896547	3
2	78000001	0.638933	0.896547	3
2	79000001	0.890672	0.896547	3
2	80000001	0.547314	0.896547	3
2	81000001	0.587601	0.896547	3
2	82000001	0.891229	0.896547	3
2	83000001	4.21603	4.21603	13
2	84000001	1.08553	1.11225	3
2	85000001	1.56413	1.11225	3
2	86000001	1.20757	1.11225	3
2	87000001	1.49184	1.11225	3
2	88000001	0.932223	1.11225	3
2	89000001	1.01637	1.11225	3
2	90000001	1.25672	1.11225	3
2	91000001	1.26965	1.11225	3
2	92000001	1.19361	1.11225	3
2	93000001	0.991305	1.11225	3
2	94000001	0.847593	1.11225	3
2	95000001	1.11336	1.11225	3
2	96000001	1.77043	1.11225	3
2	97000001	1.22713	1.11225	3
2	98000001	0.938071	1.11225	3
2	99000001	1.68258	1.11225	3
2	100000001	1.47021	1.11225	3
2	101000001	1.13248	1.11225	3
2	102000001	1.29567	1.11225	3
2	103000001	0.908441	1.11225	3
2	104000001	0.56524	1.11225	3
2	105000001	1.30891	1.11225	3
2	106000001	0.781245	1.11225	3
2	107000001	0.740442	1.11225	3
2	108000001	0.911654	1.11225	3
2	109000001	0.825128	1.11225	3
2	110000001	1.06086	1.11225	3
2	111000001	1.30413	1.11225	3
2	112000001	1.27277	1.11225	3
2	113000001	1.11115	1.11225	3
2	114000001	0.75389	1.11225	3
2	115000001	0.855313	1.11225	3
2	116000001	0.825861	1.11225	3
2	117000001	0.562838	1.11225	3
2	118000001	1.13412	1.11225	3
2	119000001	1.03107	1.11225	3
2	120000001	1.52766	1.11225	3
2	121000001	1.32277	1.11225	3
2	122000001	1.31887	1.11225	3
2	123000001	0.697146	1.11225	3
2	124000001	3.04012	3.04012	9
2	125000001	0.803471	0.798741	2
2	126000001	1.0479	0.798741	2
2	127000001	1.63579	0.798741	2
2	128000001	0.828434	0.798741	2
2	129000001	0.774315	0.798741	2
2	130000001	1.20389	0.798741	2
2	131000001	1.09087	0.798741	2
2	132000001	0.777053	0.798741	2
2	133000001	0.680077	0.798741	2
2	134000001	0.926754	0.798741	2
2	135000001	0.680935	0.798741	2
2	136000001	0.87387	0.798741	2
2	137000001	0.657532	0.798741	2
2	138000001	0.683174	0.798741	2
2	139000001	0.798741	0.798741	2
2	140000001	0.732231	0.798741	2
2	141000001	0.592796	0.798741	2
2	142000001	0.698852	0.798741	2
2	143000001	0.700151	0.798741	2
2	144000001	0.872084	0.798741	2
2	145000001	0.731978	0.798741	2
2	146000001	0.827489	0.798741	2
2	147000001	0.704704	0.798741	2
2	148000001	0.861781	0.798741	2
2	149000001	1.35363	0.798741	2
2	150000001	3.43642	3.43642	10
2	151000001	1.44419	1.22532	4
2	152000001	1.32296	1.22532	4
2	153000001	1.40678	1.22532	4
2	154000001	2.07515	1.22532	4
2	155000001	1.13541	1.22532	4
2	156000001	0.660059	1.22532	4
2	157000001	1.15644	1.22532	4
2	158000001	1.3751	1.22532	4
2	159000001	1.4814	1.22532	4
2	160000001	0.958959	1.22532	4
2	161000001	1.29421	1.22532	4
2	162000001	1.03556	1.22532	4
2	163000001	0.683834	1.22532	4
2	164000001	0.728347	1.22532	4
2	165000001	0.984131	1.22532	4
2	166000001	2.37354	1.22532	4
2	167000001	0.751111	1.22532	4
2	168000001	1.71255	1.22532	4
2	169000001	5.10409	5.10409	15
2	170000001	2.0262	1.46915	4
2	171000001	1.74241	1.46915	4
2	172000001	1.07794	1.46915	4
2	173000001	2.30493	1.46915	4
2	174000001	1.20133	1.46915	4
2	175000001	1.15817	1.46915	4
2	176000001	0.998235	1.46915	4
2	177000001	1.88708	1.46915	4
2	178000001	1.46915	1.46915	4
2	179000001	0.881957	0.839842	3
2	180000001	1.21348	0.839842	3
2	181000001	1.34386	0.839842	3
2	182000001	1.23277	0.839842	3
2	183000001	1.01048	0.839842	3
2	184000001	1.06433	0.839842	3
2	185000001	0.747332	0.839842	3
2	186000001	1.303	0.839842	3
2	187000001	0.934536	0.839842	3
2	188000001	0.705328	0.839842	3
2	189000001	0.509213	0.839842	3
2	190000001	0.937364	0.839842	3
2	191000001	0.616085	0.839842	3
2	192000001	0.277571	0.839842	3
2	193000001	0.70177	0.839842	3
2	194000001	5.17534	0.839842	3
2	195000001	0.611934	0.839842	3
2	196000001	0.658333	0.839842	3
2	197000001	0.870899	0.839842	3
2	198000001	1.32057	0.839842	3
2	199000001	0.551099	0.839842	3
2	200000001	0.891876	0.839842	3
2	201000001	1.14023	0.839842	3
2	202000001	0.848137	0.839842	3
2	203000001	0.935597	0.839842	3
2	204000001	0.717565	0.839842	3
2	205000001	0.84971	0.839842	3
2	206000001	0.783977	0.839842	3
2	207000001	0.727071	0.839842	3
2	208000001	0.831548	0.839842	3
2	209000001	0.747514	0.839842	3
2	210000001	0.631851	0.839842	3
2	211000001	0.601739	0.839842	3
2	212000001	0.372482	0.839842	3
2	213000001	0.261181	0.839842	3
2	214000001	0.714565	0.839842	3
2	215000001	1.04362	0.839842	3
2	216000001	0.964597	0.839842	3
2	217000001	1.11843	0.839842	3
2	218000001	1.22857	0.839842	3
2	219000001	0.931462	0.839842	3
2	220000001	0.720692	0.839842	3
2	221000001	1.30132	0.839842	3
2	222000001	0.740178	0.839842	3
2	223000001	0.551775	0.839842	3
2	224000001	0.478608	0.839842	3
2	225000001	3.63813	3.63813	11
2	226000001	0.748269	0.775758	2
2	227000001	0.924758	0.775758	2
2	228000001	0.791332	0.775758	2
2	229000001	1.69667	0.775758	2
2	230000001	0.634436	0.775758	2
2	231000001	0.750941	0.775758	2
2	232000001	0.56158	0.775758	2
2	233000001	0.760184	0.775758	2
2	234000001	0.94643	0.775758	2
2	235000001	1.32751	0.775758	2
2	236000001	0.693953	0.775758	2
2	237000001	0.811997	0.775758	2
2	238000001	3.37172	3.37172	10
2	239000001	1.11413	1.13102	3
2	240000001	1.1479	1.13102	3
2	241000001	1.90485	1.13102	3
2	242000001	0.91285	1.13102	3
20	1	2.59404	2.59404	8
20	1000001	1.26359	0.762465	2
20	2000001	0.798373	0.762465	2
20	3000001	1.26527	0.762465	2
20	4000001	0.939917	0.762465	2
20	5000001	0.951269	0.762465	2
20	6000001	0.690312	0.762465	2
20	7000001	0.34037	0.762465	2
20	8000001	0.87596	0.762465	2
20	9000001	0.827013	0.762465	2
20	10000001	0.689704	0.762465	2
20	11000001	0.440374	0.762465	2
20	12000001	0.553671	0.762465	2
20	13000001	0.392898	0.762465	2
20	14000001	0.99661	0.762465	2
20	15000001	0.503735	0.762465	2
20	16000001	0.564011	0.762465	2
20	17000001	0.773501	0.762465	2
20	18000001	1.47731	0.762465	2
20	19000001	0.720233	0.762465	2
20	20000001	0.482495	0.762465	2
20	21000001	0.605698	0.762465	2
20	22000001	0.700787	0.762465	2
20	23000001	0.941486	0.762465	2
20	24000001	0.349085	0.762465	2
20	25000001	0.768554	0.762465	2
20	26000001	1.0807	0.762465	2
20	27000001	0.927391	0.762465	2
20	28000001	0.756377	0.762465	2
20	29000001	0.770584	0.762465	2
20	30000001	0.693431	0.762465	2
20	31000001	1.64591	1.33048	4
20	32000001	1.63013	1.33048	4
20	33000001	1.33426	1.33048	4
20	34000001	1.18014	1.33048	4
20	35000001	1.51325	1.33048	4
20	36000001	1.27824	1.33048	4
20	37000001	1.64158	1.33048	4
20	38000001	1.93512	1.33048	4
20	39000001	0.986722	1.33048	4
20	40000001	1.31936	1.33048	4
20	41000001	1.37373	1.33048	4
20	42000001	1.32671	1.33048	4
20	43000001	1.08637	1.33048	4
20	44000001	2.1585	1.33048	4
20	45000001	1.07418	1.33048	4
20	46000001	1.33788	1.33048	4
20	47000001	1.87771	1.33048	4
20	48000001	2.28094	1.33048	4
20	49000001	1.17668	1.33048	4
20	50000001	1.7255	1.33048	4
20	51000001	1.4636	1.33048	4
20	52000001	1.09323	1.33048	4
20	53000001	1.30732	1.33048	4
20	54000001	0.933361	1.33048	4
20	55000001	0.811763	1.33048	4
20	56000001	1.24958	1.33048	4
20	57000001	1.82485	1.33048	4
20	58000001	1.40507	1.33048	4
20	59000001	1.17938	1.33048	4
20	60000001	0.945596	1.33048	4
20	61000001	1.87926	1.83418	6
20	62000001	1.7891	1.83418	6
20	63000001	1.38431	1.83418	6
20	64000001	2.12282	1.83418	6
21	1	-1	-1	7
21	1000001	-1	-1	7
21	2000001	-1	-1	7
21	3000001	-1	-1	7
21	4000001	-1	-1	7
21	5000001	1.88666	2.21562	7
21	6000001	1.93022	2.21562	7
21	7000001	2.50102	2.21562	7
21	8000001	2.53377	2.21562	7
21	9000001	1.24439	2.21562	7
21	10000001	2.60784	2.21562	7
21	11000001	0.594777	0.888188	3
21	12000001	0.621966	0.888188	3
21	13000001	0.877525	0.888188	3
21	14000001	1.81601	0.888188	3
21	15000001	0.554548	0.888188	3
21	16000001	1.81043	0.888188	3
21	17000001	0.89885	0.888188	3
21	18000001	1.23246	0.888188	3
21	19000001	0.681786	0.888188	3
21	20000001	1.17288	0.888188	3
21	21000001	0.979368	0.888188	3
21	22000001	0.851839	0.888188	3
21	23000001	0.581312	0.888188	3
21	24000001	0.634842	0.888188	3
21	25000001	1.24883	0.888188	3
21	26000001	0.797193	0.888188	3
21	27000001	1.11072	0.888188	3
21	28000001	1.0637	0.888188	3
21	29000001	1.53311	1.31176	4
21	30000001	1.09041	1.31176	4
21	31000001	1.64937	1.64937	5
21	32000001	1.41494	1.64937	5
21	33000001	2.02044	1.64937	5
21	34000001	1.45449	1.64937	5
21	35000001	2.01625	1.64937	5
21	36000001	1.67466	1.64937	5
21	37000001	1.52477	1.64937	5
21	38000001	1.18008	1.64937	5
21	39000001	1.82168	1.64937	5
21	40000001	2.14072	2.14072	6
21	41000001	1.95052	2.14072	6
21	42000001	2.58354	2.14072	6
21	43000001	2.83006	2.14072	6
21	44000001	2.01131	2.14072	6
21	45000001	2.49764	2.14072	6
21	46000001	1.52772	2.14072	6
22	1	-1	-1	3
22	1000001	-1	-1	3
22	2000001	-1	-1	3
22	3000001	-1	-1	3
22	4000001	-1	-1	3
22	5000001	-1	-1	3
22	6000001	-1	-1	3
22	7000001	-1	-1	3
22	8000001	-1	-1	3
22	9000001	-1	-1	3
22	10000001	1.19116	1.13755	3
22	11000001	1.41338	1.13755	3
22	12000001	1.57879	1.13755	3
22	13000001	0.590621	1.13755	3
22	14000001	0.61252	1.13755	3
22	15000001	1.08394	1.13755	3
22	16000001	2.24904	2.10453	6
22	17000001	1.96002	2.10453	6
22	18000001	3.77319	4.85958	15
22	19000001	4.28922	4.85958	15
22	20000001	5.42994	4.85958	15
22	21000001	5.52845	4.85958	15
22	22000001	5.94408	4.85958	15
22	23000001	2.79082	4.85958	15
22	24000001	1.29341	1.03509	3
22	25000001	1.11642	1.03509	3
22	26000001	1.03509	1.03509	3
22	27000001	0.903407	1.03509	3
22	28000001	0.944105	1.03509	3
22	29000001	1.36566	1.03509	3
22	30000001	1.2472	1.03509	3
22	31000001	1.00962	1.03509	3
22	32000001	1.33256	1.03509	3
22	33000001	0.510205	1.03509	3
22	34000001	0.603291	1.03509	3
22	35000001	1.38808	1.03509	3
22	36000001	1.04894	1.03509	3
22	37000001	1.10436	1.03509	3
22	38000001	0.996631	1.03509	3
22	39000001	1.07167	1.03509	3
22	40000001	1.00182	1.03509	3
22	41000001	0.824348	1.03509	3
22	42000001	1.29731	1.03509	3
22	43000001	1.26557	1.03509	3
22	44000001	0.848852	1.03509	3
22	45000001	0.690578	1.03509	3
22	46000001	1.03063	1.03509	3
22	47000001	0.821435	1.03509	3
22	48000001	1.08149	1.03509	3
22	49000001	0.904347	1.03509	3
22	50000001	1.8971	1.03509	3
3	1	1.17077	1.13902	3
3	1000001	0.954458	1.13902	3
3	2000001	0.921555	1.13902	3
3	3000001	1.02331	1.13902	3
3	4000001	1.77318	1.13902	3
3	5000001	1.1459	1.13902	3
3	6000001	1.73646	1.13902	3
3	7000001	1.10931	1.13902	3
3	8000001	1.13902	1.13902	3
3	9000001	1.78248	1.95788	6
3	10000001	2.06626	1.95788	6
3	11000001	1.39864	1.95788	6
3	12000001	1.64836	1.95788	6
3	13000001	2.09012	1.95788	6
3	14000001	2.42067	1.95788	6
3	15000001	1.95788	1.95788	6
3	16000001	1.09001	1.04352	3
3	17000001	1.39327	1.04352	3
3	18000001	1.27628	1.04352	3
3	19000001	0.892435	1.04352	3
3	20000001	1.1751	1.04352	3
3	21000001	0.997025	1.04352	3
3	22000001	0.805852	1.04352	3
3	23000001	1.40691	1.04352	3
3	24000001	0.893685	1.04352	3
3	25000001	0.976098	1.04352	3
3	26000001	0.736479	1.04352	3
3	27000001	1.15442	1.04352	3
3	28000001	1.31888	1.04352	3
3	29000001	0.841214	1.04352	3
3	30000001	1.19047	1.04352	3
3	31000001	0.850422	1.04352	3
3	32000001	1.41922	1.51571	5
3	33000001	1.3919	1.51571	5
3	34000001	1.54509	1.51571	5
3	35000001	1.47055	1.51571	5
3	36000001	1.48633	1.51571	5
3	37000001	1.778	1.51571	5
3	38000001	1.85421	1.51571	5
3	39000001	1.26646	1.51571	5
3	40000001	1.45975	1.51571	5
3	41000001	1.37959	1.51571	5
3	42000001	1.69499	1.51571	5
3	43000001	1.81799	1.51571	5
3	44000001	1.91993	1.51571	5
3	45000001	1.31456	1.51571	5
3	46000001	1.63631	1.51571	5
3	47000001	1.90584	1.51571	5
3	48000001	1.10111	0.674361	2
3	49000001	1.18405	0.674361	2
3	50000001	1.03326	0.674361	2
3	51000001	0.994347	0.674361	2
3	52000001	0.987142	0.674361	2
3	53000001	0.935283	0.674361	2
3	54000001	0.817329	0.674361	2
3	55000001	0.658677	0.674361	2
3	56000001	0.697096	0.674361	2
3	57000001	1.03609	0.674361	2
3	58000001	1.28057	0.674361	2
3	59000001	0.872001	0.674361	2
3	60000001	0.60519	0.674361	2
3	61000001	0.376588	0.674361	2
3	62000001	0.494703	0.674361	2
3	63000001	0.582925	0.674361	2
3	64000001	0.451418	0.674361	2
3	65000001	0.63237	0.674361	2
3	66000001	0.578922	0.674361	2
3	67000001	0.413915	0.674361	2
3	68000001	0.434401	0.674361	2
3	69000001	0.766999	0.674361	2
3	70000001	0.71581	0.674361	2
3	71000001	0.900829	0.674361	2
3	72000001	1.13797	0.674361	2
3	73000001	0.550142	0.674361	2
3	74000001	0.674361	0.674361	2
3	75000001	0.914684	0.674361	2
3	76000001	0.288375	0.674361	2
3	77000001	0.537384	0.674361	2
3	78000001	0.454711	0.674361	2
3	79000001	0.507743	0.674361	2
3	80000001	1.0538	0.674361	2
3	81000001	0.593417	0.674361	2
3	82000001	0.891451	0.674361	2
3	83000001	0.376582	0.674361	2
3	84000001	0.545832	0.674361	2
3	85000001	0.353799	0.674361	2
3	86000001	0.368247	0.674361	2
3	87000001	0.606153	0.674361	2
3	88000001	0.612976	0.674361	2
3	89000001	0.836857	0.674361	2
3	90000001	0.599868	0.674361	2
3	91000001	0.626951	0.674361	2
3	92000001	0.635932	0.674361	2
3	93000001	0.693709	0.674361	2
3	94000001	0.479948	0.674361	2
3	95000001	0.49154	0.674361	2
3	96000001	0.799105	0.674361	2
3	97000001	1.59744	0.674361	2
3	98000001	0.507687	0.674361	2
3	99000001	0.731274	0.674361	2
3	100000001	0.843819	0.674361	2
3	101000001	1.05452	0.674361	2
3	102000001	0.632353	0.674361	2
3	103000001	0.68747	0.674361	2
3	104000001	0.300515	0.674361	2
3	105000001	0.605597	0.674361	2
3	106000001	0.567034	0.674361	2
3	107000001	0.60338	0.674361	2
3	108000001	0.567906	0.674361	2
3	109000001	0.868711	0.674361	2
3	110000001	0.537066	0.674361	2
3	111000001	1.6877	0.674361	2
3	112000001	0.753193	0.674361	2
3	113000001	0.595051	0.674361	2
3	114000001	0.555149	0.674361	2
3	115000001	0.642051	0.674361	2
3	116000001	0.423753	0.674361	2
3	117000001	0.595936	0.674361	2
3	118000001	0.676731	0.674361	2
3	119000001	0.63521	0.674361	2
3	120000001	0.576754	0.674361	2
3	121000001	0.895908	0.674361	2
3	122000001	1.05853	0.674361	2
3	123000001	0.966627	0.674361	2
3	124000001	0.605179	0.674361	2
3	125000001	0.700465	0.674361	2
3	126000001	0.784396	0.674361	2
3	127000001	0.886693	0.674361	2
3	128000001	1.10815	0.674361	2
3	129000001	0.979044	0.674361	2
3	130000001	0.966768	0.674361	2
3	131000001	0.601511	0.674361	2
3	132000001	0.746838	0.674361	2
3	133000001	0.890609	0.674361	2
3	134000001	0.601208	0.674361	2
3	135000001	0.336312	0.674361	2
3	136000001	0.745012	0.674361	2
3	137000001	0.622414	0.674361	2
3	138000001	1.4006	0.674361	2
3	139000001	1.61524	0.674361	2
3	140000001	0.721194	0.674361	2
3	141000001	1.16167	0.674361	2
3	142000001	0.866545	0.674361	2
3	143000001	3.87621	3.87621	12
3	144000001	0.630322	0.893055	3
3	145000001	0.914514	0.893055	3
3	146000001	1.05087	0.893055	3
3	147000001	0.499604	0.893055	3
3	148000001	0.721338	0.893055	3
3	149000001	0.816435	0.893055	3
3	150000001	0.81953	0.893055	3
3	151000001	0.941863	0.893055	3
3	152000001	0.91147	0.893055	3
3	153000001	0.537246	0.893055	3
3	154000001	0.920161	0.893055	3
3	155000001	0.913315	0.893055	3
3	156000001	0.941075	0.893055	3
3	157000001	1.25759	0.893055	3
3	158000001	0.817595	0.893055	3
3	159000001	0.908259	0.893055	3
3	160000001	1.19592	0.893055	3
3	161000001	0.83652	0.893055	3
3	162000001	0.620852	0.893055	3
3	163000001	0.732976	0.893055	3
3	164000001	0.87785	0.893055	3
3	165000001	0.602792	0.893055	3
3	166000001	1.01596	0.893055	3
3	167000001	0.969382	0.893055	3
3	168000001	1.08035	1.09531	3
3	169000001	1.68561	1.09531	3
3	170000001	1.48271	1.09531	3
3	171000001	1.41994	1.09531	3
3	172000001	1.11026	1.09531	3
3	173000001	0.709154	1.09531	3
3	174000001	0.954189	1.09531	3
3	175000001	0.650034	1.09531	3
3	176000001	0.831585	1.09531	3
3	177000001	0.919827	1.09531	3
3	178000001	0.840335	1.09531	3
3	179000001	1.39824	1.09531	3
3	180000001	0.828089	1.09531	3
3	181000001	1.63676	1.09531	3
3	182000001	0.965351	1.09531	3
3	183000001	1.2788	1.09531	3
3	184000001	1.50735	1.09531	3
3	185000001	1.44012	1.09531	3
3	186000001	2.62915	2.62915	8
3	187000001	1.09309	0.928649	3
3	188000001	1.2986	0.928649	3
3	189000001	0.728502	0.928649	3
3	190000001	1.04243	0.928649	3
3	191000001	0.842314	0.928649	3
3	192000001	0.851693	0.928649	3
3	193000001	0.928649	0.928649	3
3	194000001	2.19498	2.10227	6
3	195000001	2.10227	2.10227	6
3	196000001	1.48281	2.10227	6
3	197000001	1.92448	2.10227	6
3	198000001	2.84149	2.10227	6
4	1	1.59469	1.43696	4
4	1000001	1.82743	1.43696	4
4	2000001	1.9154	1.43696	4
4	3000001	1.43696	1.43696	4
4	4000001	1.08261	1.43696	4
4	5000001	1.38394	1.43696	4
4	6000001	1.41943	1.43696	4
4	7000001	1.48967	1.43696	4
4	8000001	1.51279	1.43696	4
4	9000001	1.13798	1.43696	4
4	10000001	0.983504	1.43696	4
4	11000001	0.878053	1.43696	4
4	12000001	1.62895	1.43696	4
4	13000001	0.63767	1.43696	4
4	14000001	1.71421	1.43696	4
4	15000001	0.708026	0.776957	2
4	16000001	0.808253	0.776957	2
4	17000001	0.88448	0.776957	2
4	18000001	0.70312	0.776957	2
4	19000001	0.740046	0.776957	2
4	20000001	0.728253	0.776957	2
4	21000001	0.623967	0.776957	2
4	22000001	0.987137	0.776957	2
4	23000001	0.770565	0.776957	2
4	24000001	0.863186	0.776957	2
4	25000001	1.38111	0.776957	2
4	26000001	0.935283	0.776957	2
4	27000001	0.704632	0.776957	2
4	28000001	0.854395	0.776957	2
4	29000001	0.646838	0.776957	2
4	30000001	0.607674	0.776957	2
4	31000001	0.487432	0.776957	2
4	32000001	1.62755	0.776957	2
4	33000001	0.514407	0.776957	2
4	34000001	0.783348	0.776957	2
4	35000001	0.818399	0.776957	2
4	36000001	0.647889	0.776957	2
4	37000001	0.859322	0.776957	2
4	38000001	1.0142	0.776957	2
4	39000001	7.99811	7.99811	24
4	40000001	1.37924	1.03679	3
4	41000001	1.03679	1.03679	3
4	42000001	0.811306	1.03679	3
4	43000001	4.45487	4.45487	13
4	44000001	0.622879	0.894449	3
4	45000001	0.503164	0.894449	3
4	46000001	0.545757	0.894449	3
4	47000001	1.08411	0.894449	3
4	48000001	1.09921	0.894449	3
4	49000001	1.25757	0.894449	3
4	50000001	0.795129	0.894449	3
4	51000001	0.971518	0.894449	3
4	52000001	1.0071	0.894449	3
4	53000001	1.1129	0.894449	3
4	54000001	1.2192	0.894449	3
4	55000001	1.21908	0.894449	3
4	56000001	1.20235	0.894449	3
4	57000001	0.898483	0.894449	3
4	58000001	0.650335	0.894449	3
4	59000001	0.936068	0.894449	3
4	60000001	0.648825	0.894449	3
4	61000001	0.890415	0.894449	3
4	62000001	0.596425	0.894449	3
4	63000001	1.621	0.894449	3
4	64000001	0.422765	0.894449	3
4	65000001	0.63489	0.894449	3
4	66000001	0.561069	0.894449	3
4	67000001	0.839045	0.894449	3
4	68000001	0.924007	0.894449	3
4	69000001	0.732049	0.894449	3
4	70000001	5.5711	5.5711	17
4	71000001	1.14161	1.14161	3
4	72000001	1.58705	1.14161	3
4	73000001	0.817637	1.14161	3
4	74000001	1.03741	1.14161	3
4	75000001	0.716716	1.14161	3
4	76000001	1.31263	1.14161	3
4	77000001	1.20992	1.14161	3
4	78000001	1.18745	1.14161	3
4	79000001	0.93665	1.14161	3
4	80000001	2.09749	1.14161	3
4	81000001	0.83414	1.14161	3
4	82000001	1.07202	1.14161	3
4	83000001	1.38691	1.14161	3
4	84000001	0.711454	0.85343	3
4	85000001	1.10548	0.85343	3
4	86000001	0.85343	0.85343	3
4	87000001	1.27801	0.85343	3
4	88000001	1.09365	0.85343	3
4	89000001	0.639192	0.85343	3
4	90000001	0.816447	0.85343	3
4	91000001	0.928504	0.85343	3
4	92000001	0.812292	0.85343	3
4	93000001	0.952558	0.85343	3
4	94000001	1.11667	0.85343	3
4	95000001	0.854642	0.85343	3
4	96000001	0.671061	0.85343	3
4	97000001	0.804074	0.85343	3
4	98000001	1.02589	0.85343	3
4	99000001	0.845629	0.85343	3
4	100000001	0.773692	0.85343	3
4	101000001	0.891953	0.85343	3
4	102000001	0.840884	0.85343	3
4	103000001	0.549516	0.85343	3
4	104000001	1.87286	0.85343	3
4	105000001	0.719238	0.85343	3
4	106000001	0.825887	0.85343	3
4	107000001	0.808305	0.85343	3
4	108000001	0.818456	0.85343	3
4	109000001	2.24474	0.85343	3
4	110000001	1.18036	0.85343	3
4	111000001	0.916891	0.85343	3
4	112000001	0.878819	0.85343	3
4	113000001	0.864568	0.85343	3
4	114000001	0.741163	0.85343	3
4	115000001	0.622925	0.85343	3
4	116000001	0.745318	0.85343	3
4	117000001	1.02387	0.85343	3
4	118000001	0.73482	0.85343	3
4	119000001	0.893085	0.85343	3
4	120000001	0.762319	0.85343	3
4	121000001	1.23502	0.85343	3
4	122000001	1.61318	0.85343	3
4	123000001	0.807248	0.85343	3
4	124000001	0.833945	0.85343	3
4	125000001	0.691519	0.85343	3
4	126000001	0.811861	0.85343	3
4	127000001	1.08296	0.85343	3
4	128000001	1.04543	0.85343	3
4	129000001	0.779541	0.85343	3
4	130000001	0.751256	0.85343	3
4	131000001	1.02639	0.85343	3
4	132000001	0.696197	0.85343	3
4	133000001	0.89814	0.85343	3
4	134000001	0.994282	0.85343	3
4	135000001	0.761735	0.85343	3
4	136000001	0.841403	0.85343	3
4	137000001	1.04125	0.85343	3
4	138000001	1.02301	0.85343	3
4	139000001	0.976272	0.85343	3
4	140000001	1.01366	0.85343	3
4	141000001	0.858459	0.85343	3
4	142000001	0.637862	0.85343	3
4	143000001	1.09344	0.85343	3
4	144000001	1.17936	0.85343	3
4	145000001	0.576206	0.85343	3
4	146000001	0.795121	0.85343	3
4	147000001	0.847014	0.85343	3
4	148000001	1.7426	0.85343	3
4	149000001	0.500052	0.85343	3
4	150000001	1.27439	0.85343	3
4	151000001	1.03487	0.85343	3
4	152000001	1.25657	0.85343	3
4	153000001	1.51304	0.85343	3
4	154000001	1.07825	0.85343	3
4	155000001	0.902295	0.85343	3
4	156000001	0.688965	0.85343	3
4	157000001	0.60861	0.85343	3
4	158000001	1.1761	0.85343	3
4	159000001	0.643279	0.85343	3
4	160000001	0.713968	0.85343	3
4	161000001	0.295232	0.85343	3
4	162000001	0.489952	0.85343	3
4	163000001	0.84075	0.85343	3
4	164000001	0.696885	0.85343	3
4	165000001	0.834249	0.85343	3
4	166000001	0.967915	0.85343	3
4	167000001	0.942606	0.85343	3
4	168000001	0.712841	0.85343	3
4	169000001	1.49532	0.85343	3
4	170000001	0.79634	0.85343	3
4	171000001	0.455746	0.85343	3
4	172000001	1.06816	0.85343	3
4	173000001	0.842889	0.85343	3
4	174000001	0.619036	0.85343	3
4	175000001	1.09549	0.85343	3
4	176000001	1.6062	0.85343	3
4	177000001	0.83459	0.85343	3
4	178000001	0.562838	0.85343	3
4	179000001	0.648183	0.85343	3
4	180000001	0.662702	0.85343	3
4	181000001	0.879911	0.85343	3
4	182000001	0.77465	0.85343	3
4	183000001	1.11378	0.85343	3
4	184000001	0.892897	0.85343	3
4	185000001	1.04399	0.85343	3
4	186000001	1.26094	0.85343	3
4	187000001	0.668335	0.85343	3
4	188000001	0.863409	0.85343	3
4	189000001	0.983069	0.85343	3
4	190000001	2.97664	0.85343	3
5	1	2.04439	2.42244	7
5	1000001	2.8005	2.42244	7
5	2000001	1.17006	1.20444	4
5	3000001	1.52511	1.20444	4
5	4000001	1.09701	1.20444	4
5	5000001	1.24395	1.20444	4
5	6000001	1.39616	1.20444	4
5	7000001	1.61631	1.20444	4
5	8000001	1.02602	1.20444	4
5	9000001	1.47016	1.20444	4
5	10000001	1.96381	1.20444	4
5	11000001	1.27093	1.20444	4
5	12000001	1.06914	1.20444	4
5	13000001	0.684058	1.20444	4
5	14000001	1.34462	1.20444	4
5	15000001	1.20082	1.20444	4
5	16000001	0.936242	1.20444	4
5	17000001	1.19175	1.20444	4
5	18000001	1.197	1.20444	4
5	19000001	0.888649	1.20444	4
5	20000001	1.24263	1.20444	4
5	21000001	2.21622	1.20444	4
5	22000001	0.777651	1.20444	4
5	23000001	0.975603	1.20444	4
5	24000001	0.997976	1.20444	4
5	25000001	1.25367	1.20444	4
5	26000001	1.24775	1.20444	4
5	27000001	1.20444	1.20444	4
5	28000001	1.23808	1.20444	4
5	29000001	0.622442	1.20444	4
5	30000001	1.00886	1.20444	4
5	31000001	1.3888	1.20444	4
5	32000001	1.50034	1.20444	4
5	33000001	3.26639	3.26639	10
5	34000001	1.20211	1.01672	3
5	35000001	1.21257	1.01672	3
5	36000001	1.3361	1.01672	3
5	37000001	0.950358	1.01672	3
5	38000001	1.6029	1.01672	3
5	39000001	1.15368	1.01672	3
5	40000001	1.42794	1.01672	3
5	41000001	1.19264	1.01672	3
5	42000001	1.37868	1.01672	3
5	43000001	1.52318	1.01672	3
5	44000001	1.14133	1.01672	3
5	45000001	1.18796	1.01672	3
5	46000001	0.707931	1.01672	3
5	47000001	1.35355	1.01672	3
5	48000001	1.37379	1.01672	3
5	49000001	1.24	1.01672	3
5	50000001	1.24132	1.01672	3
5	51000001	0.868811	1.01672	3
5	52000001	0.62338	1.01672	3
5	53000001	0.869493	1.01672	3
5	54000001	1.12045	1.01672	3
5	55000001	1.1081	1.01672	3
5	56000001	1.27698	1.01672	3
5	57000001	1.00223	1.01672	3
5	58000001	1.01169	1.01672	3
5	59000001	0.705231	1.01672	3
5	60000001	1.0054	1.01672	3
5	61000001	0.906829	1.01672	3
5	62000001	1.19786	1.01672	3
5	63000001	1.24449	1.01672	3
5	64000001	0.947428	1.01672	3
5	65000001	1.00301	1.01672	3
5	66000001	1.07662	1.01672	3
5	67000001	0.920466	1.01672	3
5	68000001	1.32808	1.01672	3
5	69000001	1.34431	1.01672	3
5	70000001	1.36596	1.01672	3
5	71000001	0.889048	1.01672	3
5	72000001	1.05341	1.01672	3
5	73000001	1.22001	1.01672	3
5	74000001	0.877752	1.01672	3
5	75000001	0.788794	1.01672	3
5	76000001	1.18139	1.01672	3
5	77000001	0.894514	1.01672	3
5	78000001	1.10852	1.01672	3
5	79000001	0.890304	1.01672	3
5	80000001	1.60373	1.01672	3
5	81000001	1.04434	1.01672	3
5	82000001	1.44128	1.01672	3
5	83000001	0.962526	1.01672	3
5	84000001	1.04339	1.01672	3
5	85000001	0.80866	1.01672	3
5	86000001	1.98455	1.01672	3
5	87000001	0.883222	1.01672	3
5	88000001	0.630538	1.01672	3
5	89000001	0.934508	1.01672	3
5	90000001	0.963323	1.01672	3
5	91000001	1.02175	1.01672	3
5	92000001	0.996258	1.01672	3
5	93000001	0.927793	1.01672	3
5	94000001	1.06268	1.01672	3
5	95000001	1.1934	1.01672	3
5	96000001	1.31055	1.01672	3
5	97000001	1.07915	1.01672	3
5	98000001	1.00944	1.01672	3
5	99000001	0.789117	1.01672	3
5	100000001	0.957212	1.01672	3
5	101000001	0.804622	1.01672	3
5	102000001	0.667524	1.01672	3
5	103000001	0.991689	1.01672	3
5	104000001	0.928695	1.01672	3
5	105000001	0.573108	1.01672	3
5	106000001	0.707218	1.01672	3
5	107000001	0.998109	1.01672	3
5	108000001	0.897357	1.01672	3
5	109000001	0.517152	1.01672	3
5	110000001	0.814323	1.01672	3
5	111000001	0.847593	1.01672	3
5	112000001	1.34203	1.01672	3
5	113000001	1.19511	1.01672	3
5	114000001	1.00285	1.01672	3
5	115000001	0.652606	1.01672	3
5	116000001	0.846751	1.01672	3
5	117000001	0.809393	1.01672	3
5	118000001	0.972977	1.01672	3
5	119000001	1.16654	1.01672	3
5	120000001	0.762755	1.01672	3
5	121000001	1.0832	1.01672	3
5	122000001	0.674736	1.01672	3
5	123000001	1.07126	1.01672	3
5	124000001	0.824145	1.01672	3
5	125000001	1.33489	1.01672	3
5	126000001	1.45614	1.01672	3
5	127000001	0.908538	1.01672	3
5	128000001	1.06729	1.01672	3
5	129000001	0.908372	1.01672	3
5	130000001	1.04831	1.01672	3
5	131000001	1.33959	1.01672	3
5	132000001	1.47199	1.01672	3
5	133000001	1.4815	1.01672	3
5	134000001	2.86488	2.86488	9
5	135000001	1.39532	1.21737	4
5	136000001	0.768604	1.21737	4
5	137000001	1.01447	1.21737	4
5	138000001	1.22804	1.21737	4
5	139000001	1.7074	1.21737	4
5	140000001	1.20669	1.21737	4
5	141000001	1.54906	1.21737	4
5	142000001	2.19639	1.21737	4
5	143000001	0.91475	1.21737	4
5	144000001	0.786291	1.21737	4
5	145000001	2.45873	1.21737	4
5	146000001	1.28424	1.21737	4
5	147000001	0.744494	1.21737	4
5	148000001	1.05017	1.21737	4
5	149000001	3.03218	3.03218	9
5	150000001	1.42343	1.30134	4
5	151000001	1.52963	1.30134	4
5	152000001	0.965604	1.30134	4
5	153000001	0.653065	1.30134	4
5	154000001	1.33901	1.30134	4
5	155000001	1.26366	1.30134	4
5	156000001	0.720772	0.709861	2
5	157000001	1.02938	0.709861	2
5	158000001	0.734964	0.709861	2
5	159000001	0.73557	0.709861	2
5	160000001	0.842544	0.709861	2
5	161000001	0.669638	0.709861	2
5	162000001	0.55647	0.709861	2
5	163000001	0.986669	0.709861	2
5	164000001	0.647168	0.709861	2
5	165000001	0.539761	0.709861	2
5	166000001	0.69895	0.709861	2
5	167000001	0.524734	0.709861	2
5	168000001	1.26895	1.39036	4
5	169000001	1.06684	1.39036	4
5	170000001	1.38204	1.39036	4
5	171000001	1.12791	1.39036	4
5	172000001	1.64103	1.39036	4
5	173000001	1.60881	1.39036	4
5	174000001	1.28404	1.39036	4
5	175000001	0.984896	1.39036	4
5	176000001	1.55033	1.39036	4
5	177000001	1.34099	1.39036	4
5	178000001	1.39868	1.39036	4
5	179000001	1.67185	1.39036	4
5	180000001	1.62716	1.39036	4
5	181000001	1.87475	1.39036	4
6	1	1.38053	1.24252	4
6	1000001	1.34298	1.24252	4
6	2000001	1.67029	1.24252	4
6	3000001	1.67698	1.24252	4
6	4000001	1.01139	1.24252	4
6	5000001	1.01591	1.24252	4
6	6000001	1.22903	1.24252	4
6	7000001	1.27955	1.24252	4
6	8000001	0.988122	1.24252	4
6	9000001	1.11257	1.24252	4
6	10000001	1.20685	1.24252	4
6	11000001	1.256	1.24252	4
6	12000001	1.07777	1.24252	4
6	13000001	1.75201	1.24252	4
6	14000001	1.79697	1.24252	4
6	15000001	1.774	1.24252	4
6	16000001	1.32913	1.24252	4
6	17000001	1.26958	1.24252	4
6	18000001	1.09141	1.24252	4
6	19000001	1.15444	1.24252	4
6	20000001	1.53164	1.24252	4
6	21000001	0.993414	1.24252	4
6	22000001	0.836217	1.24252	4
6	23000001	0.753042	1.24252	4
6	24000001	1.32804	1.24252	4
6	25000001	1.01156	1.24252	4
6	26000001	1.93428	1.58563	5
6	27000001	1.24515	1.58563	5
6	28000001	1.752	1.58563	5
6	29000001	1.27028	1.58563	5
6	30000001	1.58563	1.58563	5
6	31000001	2.69363	2.246	7
6	32000001	2.246	2.246	7
6	33000001	2.00649	2.246	7
6	34000001	2.36418	2.246	7
6	35000001	2.36639	2.246	7
6	36000001	1.78233	2.246	7
6	37000001	2.10923	2.246	7
6	38000001	1.34837	1.06586	3
6	39000001	1.06586	1.06586	3
6	40000001	1.02772	1.06586	3
6	41000001	1.94609	2.08274	6
6	42000001	1.78183	2.08274	6
6	43000001	2.21939	2.08274	6
6	44000001	2.32378	2.08274	6
6	45000001	1.01491	1.15477	3
6	46000001	1.15086	1.15477	3
6	47000001	1.22225	1.15477	3
6	48000001	1.27073	1.15477	3
6	49000001	1.77007	1.15477	3
6	50000001	1.15477	1.15477	3
6	51000001	1.01404	1.15477	3
6	52000001	0.97878	1.15477	3
6	53000001	0.794153	1.15477	3
6	54000001	1.4488	1.15477	3
6	55000001	1.39965	1.15477	3
6	56000001	1.15116	1.15477	3
6	57000001	1.39765	1.15477	3
6	58000001	0.918423	0.876753	3
6	59000001	0.724615	0.876753	3
6	60000001	1.15733	0.876753	3
6	61000001	0.736936	0.876753	3
6	62000001	0.713082	0.876753	3
6	63000001	0.917501	0.876753	3
6	64000001	0.796143	0.876753	3
6	65000001	1.14533	0.876753	3
6	66000001	0.721578	0.876753	3
6	67000001	0.897961	0.876753	3
6	68000001	0.477137	0.876753	3
6	69000001	0.944877	0.876753	3
6	70000001	1.09038	0.876753	3
6	71000001	0.706945	0.876753	3
6	72000001	0.776887	0.876753	3
6	73000001	1.01082	0.876753	3
6	74000001	0.750769	0.876753	3
6	75000001	1.11589	0.876753	3
6	76000001	0.743798	0.876753	3
6	77000001	0.689361	0.876753	3
6	78000001	0.69496	0.876753	3
6	79000001	0.660799	0.876753	3
6	80000001	0.917459	0.876753	3
6	81000001	0.841689	0.876753	3
6	82000001	1.08826	0.876753	3
6	83000001	0.997986	0.876753	3
6	84000001	1.1398	0.876753	3
6	85000001	1.06979	0.876753	3
6	86000001	0.848907	0.876753	3
6	87000001	0.879159	0.876753	3
6	88000001	0.769071	0.876753	3
6	89000001	1.12729	0.876753	3
6	90000001	1.01924	0.876753	3
6	91000001	0.876753	0.876753	3
6	92000001	0.767237	0.876753	3
6	93000001	0.551875	0.876753	3
6	94000001	0.678459	0.876753	3
6	95000001	1.00593	0.876753	3
6	96000001	0.894321	0.876753	3
6	97000001	0.549776	0.876753	3
6	98000001	0.714943	0.876753	3
6	99000001	1.08154	0.876753	3
6	100000001	0.795582	0.876753	3
6	101000001	1.0614	0.876753	3
6	102000001	0.860245	0.876753	3
6	103000001	1.09424	0.876753	3
6	104000001	0.964268	0.876753	3
6	105000001	0.808014	0.876753	3
6	106000001	0.932832	0.876753	3
6	107000001	1.05282	0.876753	3
6	108000001	0.879433	0.876753	3
6	109000001	1.18338	0.876753	3
6	110000001	0.748001	0.876753	3
6	111000001	1.02389	0.876753	3
6	112000001	0.80192	0.876753	3
6	113000001	0.714259	0.876753	3
6	114000001	0.755284	0.876753	3
6	115000001	0.651869	0.876753	3
6	116000001	0.871064	0.876753	3
6	117000001	0.616596	0.876753	3
6	118000001	0.804362	0.876753	3
6	119000001	1.06606	0.876753	3
6	120000001	1.20424	0.876753	3
6	121000001	1.2858	0.876753	3
6	122000001	0.883309	0.876753	3
6	123000001	0.788369	0.876753	3
6	124000001	0.963598	0.876753	3
6	125000001	1.33297	0.876753	3
6	126000001	0.865165	0.876753	3
6	127000001	0.793126	0.876753	3
6	128000001	1.003	0.876753	3
6	129000001	1.13856	1.27808	4
6	130000001	1.2626	1.27808	4
6	131000001	1.28537	1.27808	4
6	132000001	0.907408	1.27808	4
6	133000001	0.98953	1.27808	4
6	134000001	1.49912	1.27808	4
6	135000001	1.94517	1.27808	4
6	136000001	0.894241	1.27808	4
6	137000001	1.44849	1.27808	4
6	138000001	1.53275	1.27808	4
6	139000001	0.816843	1.27808	4
6	140000001	1.01645	1.27808	4
6	141000001	1.31472	1.27808	4
6	142000001	1.08248	1.27808	4
6	143000001	1.61224	1.27808	4
6	144000001	0.958599	1.27808	4
6	145000001	0.968805	1.27808	4
6	146000001	1.27079	1.27808	4
6	147000001	1.49518	1.27808	4
6	148000001	1.03142	1.27808	4
6	149000001	1.77838	1.27808	4
6	150000001	1.93453	1.27808	4
6	151000001	1.41341	1.27808	4
6	152000001	0.942758	1.27808	4
6	153000001	1.28549	1.27808	4
6	154000001	1.29231	1.27808	4
6	155000001	1.45591	1.27808	4
6	156000001	0.988407	1.27808	4
6	157000001	2.32373	2.15118	6
6	158000001	1.97862	2.15118	6
6	159000001	1.59838	1.38526	4
6	160000001	1.43103	1.38526	4
6	161000001	1.65163	1.38526	4
6	162000001	1.54528	1.38526	4
6	163000001	1.10155	1.38526	4
6	164000001	1.11138	1.38526	4
6	165000001	1.04439	1.38526	4
6	166000001	1.3395	1.38526	4
6	167000001	2.46524	2.00077	6
6	168000001	1.5128	2.00077	6
6	169000001	1.6686	2.00077	6
6	170000001	2.33294	2.00077	6
7	1	1.89146	1.5165	5
7	1000001	1.90947	1.5165	5
7	2000001	1.35306	1.5165	5
7	3000001	1.30898	1.5165	5
7	4000001	1.53163	1.5165	5
7	5000001	1.30223	1.5165	5
7	6000001	1.50137	1.5165	5
7	7000001	2.34721	1.5165	5
7	8000001	1.16262	1.07172	3
7	9000001	0.64129	1.07172	3
7	10000001	0.821502	1.07172	3
7	11000001	0.67952	1.07172	3
7	12000001	1.26817	1.07172	3
7	13000001	1.201	1.07172	3
7	14000001	0.912965	1.07172	3
7	15000001	0.765516	1.07172	3
7	16000001	0.787666	1.07172	3
7	17000001	0.747494	1.07172	3
7	18000001	0.976702	1.07172	3
7	19000001	0.741198	1.07172	3
7	20000001	1.74812	1.07172	3
7	21000001	0.748773	1.07172	3
7	22000001	1.38866	1.07172	3
7	23000001	1.24136	1.07172	3
7	24000001	1.45149	1.07172	3
7	25000001	1.24401	1.07172	3
7	26000001	1.00004	1.07172	3
7	27000001	1.41078	1.07172	3
7	28000001	0.743449	1.07172	3
7	29000001	1.16954	1.07172	3
7	30000001	1.35565	1.07172	3
7	31000001	1.30391	1.07172	3
7	32000001	1.27993	1.07172	3
7	33000001	0.94764	1.07172	3
7	34000001	0.713835	1.07172	3
7	35000001	1.33483	1.07172	3
7	36000001	1.33329	1.07172	3
7	37000001	0.944223	1.07172	3
7	38000001	1.05537	1.07172	3
7	39000001	1.10591	1.07172	3
7	40000001	1.07998	1.07172	3
7	41000001	1.06345	1.07172	3
7	42000001	0.959312	1.07172	3
7	43000001	1.3216	1.07172	3
7	44000001	1.62951	1.07172	3
7	45000001	1.39633	1.07172	3
7	46000001	0.962195	1.07172	3
7	47000001	1.24728	1.07172	3
7	48000001	0.913828	1.07172	3
7	49000001	1.4461	1.07172	3
7	50000001	1.12782	1.07172	3
7	51000001	0.782237	1.07172	3
7	52000001	0.649609	1.07172	3
7	53000001	0.74348	1.07172	3
7	54000001	2.79441	2.79441	8
7	55000001	0.876052	1.04814	3
7	56000001	1.63945	1.04814	3
7	57000001	0.810061	1.04814	3
7	58000001	1.16204	1.04814	3
7	59000001	1.72156	1.04814	3
7	60000001	1.10526	1.04814	3
7	61000001	0.613152	1.04814	3
7	62000001	0.880479	1.04814	3
7	63000001	0.991012	1.04814	3
7	64000001	1.1778	1.04814	3
7	65000001	2.20558	1.54079	5
7	66000001	1.56215	1.54079	5
7	67000001	1.54079	1.54079	5
7	68000001	1.48675	1.54079	5
7	69000001	1.05902	1.54079	5
7	70000001	1.96832	1.54079	5
7	71000001	1.20941	1.54079	5
7	72000001	2.38883	2.1233	6
7	73000001	2.1233	2.1233	6
7	74000001	2.08683	2.1233	6
7	75000001	2.10016	2.1233	6
7	76000001	2.23055	2.1233	6
7	77000001	1.46067	1.0843	3
7	78000001	0.93777	1.0843	3
7	79000001	1.22804	1.0843	3
7	80000001	0.906535	1.0843	3
7	81000001	0.948257	1.0843	3
7	82000001	1.32309	1.0843	3
7	83000001	1.18314	1.0843	3
7	84000001	1.47687	1.0843	3
7	85000001	0.719612	1.0843	3
7	86000001	1.11159	1.0843	3
7	87000001	1.30822	1.0843	3
7	88000001	0.735026	1.0843	3
7	89000001	0.775082	1.0843	3
7	90000001	0.977403	1.0843	3
7	91000001	1.0391	1.0843	3
7	92000001	1.15881	1.0843	3
7	93000001	0.754173	1.0843	3
7	94000001	1.05701	1.0843	3
7	95000001	1.23907	1.0843	3
7	96000001	1.25449	1.0843	3
7	97000001	1.04907	1.0843	3
7	98000001	1.4783	1.0843	3
7	99000001	2.15866	2.04954	6
7	100000001	2.67837	2.04954	6
7	101000001	2.45188	2.04954	6
7	102000001	1.41898	2.04954	6
7	103000001	1.76889	2.04954	6
7	104000001	1.54761	2.04954	6
7	105000001	2.28195	2.04954	6
7	106000001	1.94041	2.04954	6
7	107000001	2.33311	2.04954	6
7	108000001	1.86168	2.04954	6
7	109000001	1.42414	1.42414	4
7	110000001	1.38739	1.42414	4
7	111000001	1.4327	1.42414	4
7	112000001	2.04068	1.42414	4
7	113000001	0.952118	1.42414	4
7	114000001	1.76233	1.42414	4
7	115000001	0.996965	1.42414	4
7	116000001	2.02754	1.42414	4
7	117000001	1.53477	1.42414	4
7	118000001	1.30106	1.42414	4
7	119000001	0.962666	1.42414	4
7	120000001	1.59995	1.42414	4
7	121000001	1.4532	1.42414	4
7	122000001	0.97424	1.42414	4
7	123000001	1.73957	1.42414	4
7	124000001	1.40053	1.42414	4
7	125000001	0.987714	1.42414	4
7	126000001	1.26757	1.42414	4
7	127000001	1.56713	1.42414	4
7	128000001	2.03749	1.93638	6
7	129000001	2.1203	1.93638	6
7	130000001	2.48235	1.93638	6
7	131000001	1.8824	1.93638	6
7	132000001	1.65104	1.93638	6
7	133000001	1.57182	1.93638	6
7	134000001	1.64756	1.93638	6
7	135000001	1.77969	1.93638	6
7	136000001	1.2307	1.93638	6
7	137000001	1.48587	1.93638	6
7	138000001	2.52997	1.93638	6
7	139000001	2.81881	1.93638	6
7	140000001	1.99035	1.93638	6
7	141000001	1.28449	1.93638	6
7	142000001	2.2977	1.93638	6
7	143000001	2.3301	1.93638	6
7	144000001	1.35472	1.26745	4
7	145000001	1.26745	1.26745	4
7	146000001	1.16117	1.26745	4
7	147000001	1.16059	1.26745	4
7	148000001	1.43824	1.26745	4
7	149000001	2.4307	2.83089	8
7	150000001	2.89763	2.83089	8
7	151000001	2.83089	2.83089	8
7	152000001	1.72473	1.72473	5
7	153000001	1.49017	1.72473	5
7	154000001	1.41651	1.72473	5
7	155000001	2.24951	1.72473	5
7	156000001	2.16959	1.72473	5
7	157000001	2.78705	2.78705	8
7	158000001	3.58333	2.78705	8
7	159000001	2.22867	2.78705	8
8	1	1.01278	1.08608	3
8	1000001	1.04243	1.08608	3
8	2000001	0.773546	1.08608	3
8	3000001	1.03036	1.08608	3
8	4000001	0.594456	1.08608	3
8	5000001	0.993357	1.08608	3
8	6000001	1.27349	1.08608	3
8	7000001	1.29435	1.08608	3
8	8000001	1.24736	1.08608	3
8	9000001	1.05561	1.08608	3
8	10000001	1.40616	1.08608	3
8	11000001	1.2672	1.08608	3
8	12000001	1.3448	1.08608	3
8	13000001	1.08608	1.08608	3
8	14000001	0.796956	1.08608	3
8	15000001	0.750094	1.08608	3
8	16000001	1.23829	1.08608	3
8	17000001	1.29784	1.08608	3
8	18000001	1.03176	1.08608	3
8	19000001	0.918385	1.08608	3
8	20000001	0.762785	1.08608	3
8	21000001	1.17592	1.08608	3
8	22000001	1.66176	1.08608	3
8	23000001	1.79924	1.08608	3
8	24000001	0.883298	1.08608	3
8	25000001	1.18758	1.08608	3
8	26000001	1.05614	1.08608	3
8	27000001	1.22626	1.08608	3
8	28000001	1.18711	1.08608	3
8	29000001	1.43319	1.08608	3
8	30000001	1.10371	1.08608	3
8	31000001	1.09535	1.08608	3
8	32000001	0.59423	1.08608	3
8	33000001	1.26145	1.08608	3
8	34000001	0.884448	1.08608	3
8	35000001	1.0139	1.08608	3
8	36000001	1.01487	1.08608	3
8	37000001	1.24761	1.08608	3
8	38000001	1.70697	1.08608	3
8	39000001	0.890648	1.08608	3
8	40000001	0.685225	1.08608	3
8	41000001	1.75111	1.53323	5
8	42000001	1.31535	1.53323	5
8	43000001	0.56864	0.918198	3
8	44000001	0.772685	0.918198	3
8	45000001	0.681909	0.918198	3
8	46000001	0.816736	0.918198	3
8	47000001	1.05913	0.918198	3
8	48000001	0.906059	0.918198	3
8	49000001	0.736519	0.918198	3
8	50000001	1.10737	0.918198	3
8	51000001	1.33198	0.918198	3
8	52000001	0.741405	0.918198	3
8	53000001	1.05936	0.918198	3
8	54000001	1.01842	0.918198	3
8	55000001	1.20896	0.918198	3
8	56000001	0.825259	0.918198	3
8	57000001	1.13927	0.918198	3
8	58000001	0.922807	0.918198	3
8	59000001	1.00195	0.918198	3
8	60000001	1.06453	0.918198	3
8	61000001	0.777467	0.918198	3
8	62000001	0.709303	0.918198	3
8	63000001	0.681599	0.918198	3
8	64000001	1.03207	0.918198	3
8	65000001	1.04889	0.918198	3
8	66000001	0.97133	0.918198	3
8	67000001	0.941075	0.918198	3
8	68000001	0.834146	0.918198	3
8	69000001	0.871077	0.918198	3
8	70000001	0.687291	0.918198	3
8	71000001	0.91191	0.918198	3
8	72000001	1.05169	0.918198	3
8	73000001	0.93584	0.918198	3
8	74000001	0.913589	0.918198	3
8	75000001	0.862501	0.918198	3
8	76000001	0.721027	0.918198	3
8	77000001	1.04652	0.918198	3
8	78000001	0.950389	0.918198	3
8	79000001	1.1364	0.918198	3
8	80000001	0.962728	0.918198	3
8	81000001	0.584395	0.918198	3
8	82000001	0.830809	0.918198	3
8	83000001	0.880911	0.918198	3
8	84000001	0.553674	0.918198	3
8	85000001	1.09367	0.918198	3
8	86000001	1.3196	0.918198	3
8	87000001	0.827806	0.918198	3
8	88000001	0.717027	0.918198	3
8	89000001	1.1	0.918198	3
8	90000001	1.2724	0.918198	3
8	91000001	0.64078	0.918198	3
8	92000001	0.667823	0.918198	3
8	93000001	1.28262	0.918198	3
8	94000001	0.959476	0.918198	3
8	95000001	1.93416	1.46096	4
8	96000001	1.11349	1.46096	4
8	97000001	1.46096	1.46096	4
8	98000001	1.69994	1.46096	4
8	99000001	1.20464	1.46096	4
8	100000001	1.4175	1.46096	4
8	101000001	1.4989	1.46096	4
8	102000001	1.0216	1.0214	3
8	103000001	0.782565	1.0214	3
8	104000001	1.46122	1.0214	3
8	105000001	1.5129	1.0214	3
8	106000001	0.862967	1.0214	3
8	107000001	0.626182	1.0214	3
8	108000001	0.957364	1.0214	3
8	109000001	1.08809	1.0214	3
8	110000001	0.846668	1.0214	3
8	111000001	0.901377	1.0214	3
8	112000001	0.945368	1.0214	3
8	113000001	0.886407	1.0214	3
8	114000001	0.884659	1.0214	3
8	115000001	0.788623	1.0214	3
8	116000001	1.0216	1.0214	3
8	117000001	1.04834	1.0214	3
8	118000001	1.03196	1.0214	3
8	119000001	0.87608	1.0214	3
8	120000001	1.05633	1.0214	3
8	121000001	0.869301	1.0214	3
8	122000001	1.45325	1.0214	3
8	123000001	1.24362	1.0214	3
8	124000001	1.09513	1.0214	3
8	125000001	1.18582	1.0214	3
8	126000001	1.02119	1.0214	3
8	127000001	1.29328	1.0214	3
8	128000001	1.72648	1.0214	3
8	129000001	1.34411	1.0214	3
8	130000001	1.2672	1.0214	3
8	131000001	1.00382	1.0214	3
8	132000001	1.08945	1.0214	3
8	133000001	0.871502	1.0214	3
8	134000001	0.817885	1.0214	3
8	135000001	0.772551	1.0214	3
8	136000001	1.03479	1.0214	3
8	137000001	0.612732	1.0214	3
8	138000001	6.40038	6.40038	19
8	139000001	1.51682	1.51682	5
8	140000001	1.42255	1.51682	5
8	141000001	1.49446	1.51682	5
8	142000001	1.85383	1.51682	5
8	143000001	1.74493	1.51682	5
8	144000001	1.62712	1.51682	5
8	145000001	1.20357	1.51682	5
9	1	1.24041	0.649963	2
9	1000001	0.614596	0.649963	2
9	2000001	1.01036	0.649963	2
9	3000001	0.761631	0.649963	2
9	4000001	0.822628	0.649963	2
9	5000001	0.703863	0.649963	2
9	6000001	0.540496	0.649963	2
9	7000001	0.649963	0.649963	2
9	8000001	0.564393	0.649963	2
9	9000001	0.554566	0.649963	2
9	10000001	0.429487	0.649963	2
9	11000001	0.459445	0.649963	2
9	12000001	0.564585	0.649963	2
9	13000001	0.509019	0.649963	2
9	14000001	0.832482	0.649963	2
9	15000001	0.756315	0.649963	2
9	16000001	0.699774	0.649963	2
9	17000001	0.527095	0.649963	2
9	18000001	0.818676	0.649963	2
9	19000001	0.977852	0.649963	2
9	20000001	0.587268	0.649963	2
9	21000001	0.120191	0.173044	1
9	22000001	0.368378	0.173044	1
9	23000001	0.142935	0.173044	1
9	24000001	0.112238	0.173044	1
9	25000001	0.173044	0.173044	1
9	26000001	0.152093	0.173044	1
9	27000001	0.173411	0.173044	1
9	28000001	0.333189	0.173044	1
9	29000001	0.374282	0.173044	1
9	30000001	0.108383	0.173044	1
9	31000001	0.289236	0.173044	1
9	32000001	0.77532	0.885626	3
9	33000001	0.885626	0.885626	3
9	34000001	1.18901	0.885626	3
9	35000001	0.981825	0.885626	3
9	36000001	1.20489	0.885626	3
9	37000001	1.28871	0.885626	3
9	38000001	1.06932	0.885626	3
9	39000001	0.390562	0.885626	3
9	40000001	0.756238	0.885626	3
9	41000001	0.60725	0.885626	3
9	42000001	0.536849	0.885626	3
9	43000001	1.32529	1.13917	3
9	44000001	1.45127	1.13917	3
9	45000001	1.50006	1.13917	3
9	46000001	-1	1.13917	3
9	47000001	-1	1.13917	3
9	48000001	-1	1.13917	3
9	49000001	-1	1.13917	3
9	50000001	-1	1.13917	3
9	51000001	-1	1.13917	3
9	52000001	-1	1.13917	3
9	53000001	-1	1.13917	3
9	54000001	-1	1.13917	3
9	55000001	-1	1.13917	3
9	56000001	-1	1.13917	3
9	57000001	-1	1.13917	3
9	58000001	-1	1.13917	3
9	59000001	-1	1.13917	3
9	60000001	1.16664	1.13917	3
9	61000001	0.899103	1.13917	3
9	62000001	1.05494	1.13917	3
9	63000001	1.22336	1.13917	3
9	64000001	0.670594	1.13917	3
9	65000001	1.2981	1.13917	3
9	66000001	0.622331	1.13917	3
9	67000001	1.1117	1.13917	3
9	68000001	1.06978	1.13917	3
9	69000001	0.611249	0.658919	2
9	70000001	0.666803	0.658919	2
9	71000001	0.664893	0.658919	2
9	72000001	0.66121	0.658919	2
9	73000001	0.491777	0.658919	2
9	74000001	0.467016	0.658919	2
9	75000001	0.415769	0.658919	2
9	76000001	0.591694	0.658919	2
9	77000001	0.747814	0.658919	2
9	78000001	0.401972	0.658919	2
9	79000001	0.656628	0.658919	2
9	80000001	0.637165	0.658919	2
9	81000001	0.551156	0.658919	2
9	82000001	0.442987	0.658919	2
9	83000001	0.749971	0.658919	2
9	84000001	0.727842	0.658919	2
9	85000001	0.742824	0.658919	2
9	86000001	0.902686	0.658919	2
9	87000001	0.986393	0.658919	2
9	88000001	0.641298	0.658919	2
9	89000001	0.874126	0.658919	2
9	90000001	0.716123	0.658919	2
9	91000001	1.20655	1.19467	4
9	92000001	1.07556	1.19467	4
9	93000001	1.34359	1.19467	4
9	94000001	1.74268	1.19467	4
9	95000001	1.1587	1.19467	4
9	96000001	1.087	1.19467	4
9	97000001	1.40218	1.19467	4
9	98000001	1.52352	1.19467	4
9	99000001	1.19467	1.19467	4
9	100000001	1.24772	1.19467	4
9	101000001	0.837113	1.19467	4
9	102000001	1.50332	1.19467	4
9	103000001	0.991048	1.19467	4
9	104000001	0.747933	1.19467	4
9	105000001	1.52712	1.19467	4
9	106000001	1.23926	1.19467	4
9	107000001	0.843447	1.19467	4
9	108000001	0.982414	1.19467	4
9	109000001	1.10551	1.19467	4
9	110000001	1.463	1.19467	4
9	111000001	0.788948	1.19467	4
9	112000001	1.61157	1.19467	4
9	113000001	1.45	1.19467	4
9	114000001	1.2264	1.19467	4
9	115000001	0.976843	1.19467	4
9	116000001	1.31276	1.19467	4
9	117000001	0.840137	1.19467	4
9	118000001	0.747921	1.19467	4
9	119000001	0.740519	1.19467	4
9	120000001	1.71529	1.5458	5
9	121000001	1.45893	1.5458	5
9	122000001	1.50076	1.5458	5
9	123000001	1.45817	1.5458	5
9	124000001	1.65965	1.5458	5
9	125000001	1.59084	1.5458	5
9	126000001	1.36627	1.5458	5
9	127000001	1.73279	1.5458	5
9	128000001	2.23119	2.29141	7
9	129000001	2.35163	2.29141	7
9	130000001	3.1842	3.01943	9
9	131000001	2.85465	3.01943	9
9	132000001	1.67315	1.76803	5
9	133000001	1.96741	1.76803	5
9	134000001	1.6777	1.76803	5
9	135000001	1.9045	1.76803	5
9	136000001	1.76803	1.76803	5
9	137000001	1.53351	1.76803	5
9	138000001	2.19275	1.76803	5
X	1	1.37241	1.07446	3
X	1000001	1.07446	1.07446	3
X	2000001	0.744025	1.07446	3
X	3000001	1.80318	1.80318	5
X	4000001	0.869576	0.554299	2
X	5000001	1.05366	0.554299	2
X	6000001	0.524212	0.554299	2
X	7000001	0.515415	0.554299	2
X	8000001	0.554299	0.554299	2
X	9000001	1.25239	1.25239	4
X	10000001	0.836309	1.25239	4
X	11000001	1.40355	1.25239	4
X	12000001	0.722177	0.626133	2
X	13000001	0.787246	0.626133	2
X	14000001	0.64986	0.626133	2
X	15000001	0.586509	0.626133	2
X	16000001	0.760447	0.626133	2
X	17000001	0.69929	0.626133	2
X	18000001	0.503065	0.626133	2
X	19000001	0.593377	0.626133	2
X	20000001	0.807743	0.626133	2
X	21000001	0.6879	0.626133	2
X	22000001	0.540036	0.626133	2
X	23000001	0.671668	0.626133	2
X	24000001	0.708518	0.626133	2
X	25000001	0.626532	0.626133	2
X	26000001	0.570537	0.626133	2
X	27000001	0.469619	0.626133	2
X	28000001	0.564928	0.626133	2
X	29000001	0.500556	0.626133	2
X	30000001	0.643892	0.626133	2
X	31000001	0.473395	0.626133	2
X	32000001	0.313322	0.626133	2
X	33000001	0.668994	0.626133	2
X	34000001	0.544562	0.626133	2
X	35000001	0.462049	0.626133	2
X	36000001	0.43363	0.626133	2
X	37000001	0.625733	0.626133	2
X	38000001	0.792871	0.626133	2
X	39000001	0.606475	0.626133	2
X	40000001	0.570191	0.626133	2
X	41000001	0.702043	0.626133	2
X	42000001	0.619618	0.626133	2
X	43000001	0.39339	0.626133	2
X	44000001	0.73926	0.626133	2
X	45000001	0.854058	0.626133	2
X	46000001	0.684296	0.626133	2
X	47000001	0.862782	0.626133	2
X	48000001	1.0948	0.626133	2
X	49000001	0.991382	0.626133	2
X	50000001	0.753225	0.626133	2
X	51000001	0.542111	0.626133	2
X	52000001	0.616715	0.626133	2
X	53000001	0.761769	0.626133	2
X	54000001	0.548127	0.626133	2
X	55000001	0.575149	0.626133	2
X	56000001	0.717937	0.626133	2
X	57000001	0.937918	0.626133	2
X	58000001	0.587376	0.626133	2
X	59000001	0.75993	0.626133	2
X	60000001	0.430818	0.626133	2
X	61000001	0.374905	0.626133	2
X	62000001	0.68543	0.626133	2
X	63000001	0.695309	0.626133	2
X	64000001	0.484601	0.626133	2
X	65000001	0.809923	0.626133	2
X	66000001	1.06268	0.626133	2
X	67000001	0.413009	0.626133	2
X	68000001	0.902161	0.626133	2
X	69000001	0.476009	0.626133	2
X	70000001	0.918431	0.626133	2
X	71000001	0.9688	0.626133	2
X	72000001	0.922363	0.626133	2
X	73000001	0.668081	0.626133	2
X	74000001	0.642191	0.626133	2
X	75000001	0.304586	0.626133	2
X	76000001	0.436095	0.626133	2
X	77000001	0.980844	0.626133	2
X	78000001	0.562671	0.626133	2
X	79000001	0.592548	0.626133	2
X	80000001	0.525589	0.626133	2
X	81000001	0.682825	0.626133	2
X	82000001	0.50391	0.626133	2
X	83000001	0.491091	0.626133	2
X	84000001	0.59859	0.626133	2
X	85000001	0.317907	0.626133	2
X	86000001	0.759901	0.626133	2
X	87000001	0.480577	0.626133	2
X	88000001	1.47057	1.47057	4
X	89000001	0.518396	0.51279	2
X	90000001	0.34047	0.51279	2
X	91000001	0.507184	0.51279	2
X	92000001	0.543161	0.51279	2
X	93000001	0.50665	0.51279	2
X	94000001	0.572237	0.51279	2
X	95000001	0.623856	0.51279	2
X	96000001	0.477568	0.51279	2
X	97000001	0.837048	0.51279	2
X	98000001	0.4982	0.51279	2
X	99000001	0.487601	0.51279	2
X	100000001	0.420452	0.51279	2
X	101000001	0.464977	0.51279	2
X	102000001	0.473681	0.51279	2
X	103000001	0.6495	0.51279	2
X	104000001	0.444982	0.51279	2
X	105000001	0.640495	0.51279	2
X	106000001	0.666937	0.51279	2
X	107000001	0.40463	0.51279	2
X	108000001	0.680323	0.51279	2
X	109000001	0.492928	0.51279	2
X	110000001	1.03721	0.51279	2
X	111000001	0.432562	0.51279	2
X	112000001	0.50009	0.51279	2
X	113000001	0.559454	0.51279	2
X	114000001	0.707646	0.51279	2
X	115000001	0.61553	0.51279	2
X	116000001	0.601724	0.51279	2
X	117000001	0.726307	0.723067	2
X	118000001	0.952904	0.723067	2
X	119000001	0.774751	0.723067	2
X	120000001	0.759027	0.723067	2
X	121000001	0.841722	0.723067	2
X	122000001	0.493136	0.723067	2
X	123000001	0.869749	0.723067	2
X	124000001	0.812678	0.723067	2
X	125000001	0.622561	0.723067	2
X	126000001	0.66728	0.723067	2
X	127000001	0.268952	0.723067	2
X	128000001	0.878404	0.723067	2
X	129000001	0.85172	0.723067	2
X	130000001	0.927599	0.723067	2
X	131000001	0.6629	0.723067	2
X	132000001	0.538931	0.723067	2
X	133000001	0.586711	0.723067	2
X	134000001	1.10064	0.723067	2
X	135000001	1.52218	0.723067	2
X	136000001	1.13994	0.723067	2
X	137000001	0.719827	0.723067	2
X	138000001	0.56033	0.723067	2
X	139000001	0.606025	0.723067	2
X	140000001	0.481799	0.723067	2
X	141000001	0.775371	0.723067	2
X	142000001	0.388091	0.723067	2
X	143000001	0.468675	0.723067	2
X	144000001	0.528996	0.723067	2
X	145000001	0.334524	0.723067	2
X	146000001	0.582411	0.723067	2
X	147000001	0.68327	0.723067	2
X	148000001	0.593774	0.723067	2
X	149000001	0.689587	0.723067	2
X	150000001	0.816954	0.723067	2
X	151000001	0.808199	0.723067	2
X	152000001	0.924712	0.723067	2
X	153000001	0.958627	0.723067	2
X	154000001	1.60422	0.723067	2
X	155000001	0.676723	0.723067	2
X	156000001	2.43348	0.723067	2
Y	1	-1	-1	0
Y	1000001	-1	-1	0
Y	2000001	0	0.0839718	0
Y	3000001	0.0423008	0.0839718	0
Y	4000001	0.208632	0.0839718	0
Y	5000001	0.097261	0.0839718	0
Y	6000001	0.278306	0.0839718	0
Y	7000001	0.0839718	0.0839718	0
Y	8000001	0.00880775	0.0839718	0
Y	9000001	0.539827	0.352308	1
Y	10000001	1.23492	0.352308	1
Y	11000001	0.779365	0.352308	1
Y	12000001	0.776774	0.352308	1
Y	13000001	0.096259	0.352308	1
Y	14000001	0.113762	0.352308	1
Y	15000001	0.164789	0.352308	1
Y	16000001	0.0829096	0.352308	1
Y	17000001	0.755803	0.425244	1
Y	18000001	1.28798	0.425244	1
Y	19000001	0.094685	0.425244	1
Y	20000001	0.0834205	0.425244	1
Y	21000001	0.84027	0.791677	2
Y	22000001	0.711521	0.791677	2
Y	23000001	0.962386	0.791677	2
Y	24000001	0.791677	0.791677	2
Y	25000001	1.42474	0.791677	2
Y	26000001	0.356217	0.791677	2
Y	27000001	-1	0.791677	2
Y	28000001	-1	0.791677	2
Y	29000001	-1	0.791677	2
Y	30000001	-1	0.791677	2
Y	31000001	-1	0.791677	2
Y	32000001	-1	0.791677	2
Y	33000001	-1	0.791677	2
Y	34000001	-1	0.791677	2
Y	35000001	-1	0.791677	2
Y	36000001	-1	0.791677	2
Y	37000001	-1	0.791677	2
Y	38000001	-1	0.791677	2
Y	39000001	-1	0.791677	2
Y	40000001	-1	0.791677	2
Y	41000001	-1	0.791677	2
Y	42000001	-1	0.791677	2
Y	43000001	-1	0.791677	2
Y	44000001	-1	0.791677	2
Y	45000001	-1	0.791677	2
Y	46000001	-1	0.791677	2
Y	47000001	-1	0.791677	2
Y	48000001	-1	0.791677	2
Y	49000001	-1	0.791677	2
Y	50000001	-1	0.791677	2
Y	51000001	-1	0.791677	2
Y	52000001	-1	0.791677	2
Y	53000001	-1	0.791677	2
Y	54000001	-1	0.791677	2
Y	55000001	-1	0.791677	2
Y	56000001	0.214226	0.791677	2
Y	57000001	-1	-1	2
