Chromosome	Start	Ratio	MedianRatio	CopyNumber
1	1	1.47472	1.47149	4
1	1000001	1.46386	1.47149	4
1	2000001	2.2943	1.47149	4
1	3000001	1.46826	1.47149	4
1	4000001	1.04584	1.10271	3
1	5000001	1.10271	1.10271	3
1	6000001	1.24122	1.10271	3
1	7000001	1.78447	1.10271	3
1	8000001	1.01528	1.10271	3
1	9000001	1.4858	1.10271	3
1	10000001	1.13554	1.10271	3
1	11000001	1.20225	1.10271	3
1	12000001	0.826357	1.10271	3
1	13000001	1.13848	1.10271	3
1	14000001	1.09506	1.10271	3
1	15000001	1.08285	1.10271	3
1	16000001	1.21146	1.10271	3
1	17000001	1.28254	1.10271	3
1	18000001	1.3847	1.10271	3
1	19000001	1.21176	1.10271	3
1	20000001	1.16081	1.10271	3
1	21000001	1.15168	1.10271	3
1	22000001	1.37175	1.10271	3
1	23000001	1.2124	1.10271	3
1	24000001	1.09012	1.10271	3
1	25000001	1.16334	1.10271	3
1	26000001	1.04547	1.10271	3
1	27000001	1.0861	1.10271	3
1	28000001	1.03517	1.10271	3
1	29000001	1.14919	1.10271	3
1	30000001	1.09087	1.10271	3
1	31000001	1.11685	1.10271	3
1	32000001	1.00801	1.10271	3
1	33000001	0.917598	1.10271	3
1	34000001	0.923417	1.10271	3
1	35000001	1.22155	1.10271	3
1	36000001	1.02516	1.10271	3
1	37000001	1.03896	1.10271	3
1	38000001	1.01547	1.10271	3
1	39000001	0.996956	1.10271	3
1	40000001	0.941894	1.10271	3
1	41000001	1.14627	1.10271	3
1	42000001	0.951469	1.10271	3
1	43000001	1.20348	1.10271	3
1	44000001	1.50044	1.10271	3
1	45000001	1.07608	1.10271	3
1	46000001	1.22056	1.10271	3
1	47000001	1.21325	1.10271	3
1	48000001	1.06175	1.10271	3
1	49000001	0.907717	1.10271	3
1	50000001	0.985955	1.10271	3
1	51000001	1.10293	1.10271	3
1	52000001	1.07014	1.10271	3
1	53000001	1.39233	1.10271	3
1	54000001	1.15773	1.10271	3
1	55000001	1.02165	1.10271	3
1	56000001	1.09789	1.10271	3
1	57000001	0.94006	0.890279	3
1	58000001	0.832564	0.890279	3
1	59000001	0.864686	0.890279	3
1	60000001	0.679138	0.890279	3
1	61000001	0.726865	0.890279	3
1	62000001	1.35256	0.890279	3
1	63000001	1.10954	0.890279	3
1	64000001	1.002	0.890279	3
1	65000001	1.11178	0.890279	3
1	66000001	0.823066	0.890279	3
1	67000001	0.90542	0.890279	3
1	68000001	0.864661	0.890279	3
1	69000001	0.956891	0.890279	3
1	70000001	0.875418	0.890279	3
1	71000001	0.646428	0.890279	3
1	72000001	0.834381	0.890279	3
1	73000001	0.818629	0.890279	3
1	74000001	0.82685	0.890279	3
1	75000001	1.13865	0.890279	3
1	76000001	0.850725	0.890279	3
1	77000001	0.901517	0.890279	3
1	78000001	0.659807	0.890279	3
1	79000001	0.792148	0.890279	3
1	80000001	0.898833	0.890279	3
1	81000001	0.777077	0.890279	3
1	82000001	0.850103	0.890279	3
1	83000001	0.67489	0.890279	3
1	84000001	0.843598	0.890279	3
1	85000001	1.22373	0.890279	3
1	86000001	0.878426	0.890279	3
1	87000001	0.807104	0.890279	3
1	88000001	0.998762	0.890279	3
1	89000001	1.05574	0.890279	3
1	90000001	0.760648	0.890279	3
1	91000001	0.881726	0.890279	3
1	92000001	0.951993	0.890279	3
1	93000001	1.00293	0.890279	3
1	94000001	0.914367	0.890279	3
1	95000001	1.20599	0.890279	3
1	96000001	0.773939	0.890279	3
1	97000001	0.966119	0.890279	3
1	98000001	0.95058	0.890279	3
1	99000001	1.05348	0.890279	3
1	100000001	1.00854	0.890279	3
1	101000001	0.627688	0.890279	3
1	102000001	0.91013	0.890279	3
1	103000001	1.04667	0.890279	3
1	104000001	1.01146	0.890279	3
1	105000001	0.781257	0.890279	3
1	106000001	0.749756	0.890279	3
1	107000001	1.01004	0.890279	3
1	108000001	1.07758	0.890279	3
1	109000001	1.15802	1.27275	4
1	110000001	1.54666	1.27275	4
1	111000001	1.27193	1.27275	4
1	112000001	1.56001	1.27275	4
1	113000001	1.32799	1.27275	4
1	114000001	1.06842	1.27275	4
1	115000001	1.20626	1.27275	4
1	116000001	1.57517	1.27275	4
1	117000001	1.14702	1.27275	4
1	118000001	1.27356	1.27275	4
1	119000001	1.44496	1.27275	4
1	120000001	0.905408	1.27275	4
1	121000001	2.61129	1.73815	5
1	122000001	1.72278	1.73815	5
1	123000001	1.75352	1.73815	5
1	124000001	1.61233	1.73815	5
1	125000001	4.52977	-1	3
1	126000001	-1	-1	3
1	127000001	-1	-1	3
1	128000001	-1	-1	3
1	129000001	-1	-1	3
1	130000001	-1	-1	3
1	131000001	-1	-1	3
1	132000001	-1	-1	3
1	133000001	-1	-1	3
1	134000001	-1	-1	3
1	135000001	-1	-1	3
1	136000001	-1	-1	3
1	137000001	-1	-1	3
1	138000001	-1	-1	3
1	139000001	-1	-1	3
1	140000001	-1	-1	3
1	141000001	-1	-1	3
1	142000001	-1	-1	3
1	143000001	3.90602	-1	3
1	144000001	1.31564	1.10126	3
1	145000001	1.04647	1.10126	3
1	146000001	0.990589	1.10126	3
1	147000001	0.870991	1.10126	3
1	148000001	0.790249	1.10126	3
1	149000001	0.919925	1.10126	3
1	150000001	0.993773	1.10126	3
1	151000001	0.736647	1.10126	3
1	152000001	1.15937	1.10126	3
1	153000001	1.02238	1.10126	3
1	154000001	1.3755	1.10126	3
1	155000001	0.854843	1.10126	3
1	156000001	1.07069	1.10126	3
1	157000001	1.05533	1.10126	3
1	158000001	1.01086	1.10126	3
1	159000001	1.03061	1.10126	3
1	160000001	1.02418	1.10126	3
1	161000001	0.922773	1.10126	3
1	162000001	0.813317	1.10126	3
1	163000001	1.13877	1.10126	3
1	164000001	1.11822	1.10126	3
1	165000001	1.09255	1.10126	3
1	166000001	1.29089	1.10126	3
1	167000001	1.28937	1.10126	3
1	168000001	1.18413	1.10126	3
1	169000001	1.10498	1.10126	3
1	170000001	1.10077	1.10126	3
1	171000001	1.0401	1.10126	3
1	172000001	1.42101	1.10126	3
1	173000001	1.33099	1.10126	3
1	174000001	1.10175	1.10126	3
1	175000001	1.18625	1.10126	3
1	176000001	1.08176	1.10126	3
1	177000001	1.15265	1.10126	3
1	178000001	1.1923	1.10126	3
1	179000001	1.11931	1.10126	3
1	180000001	1.34594	1.10126	3
1	181000001	1.20059	1.10126	3
1	182000001	1.37925	1.10126	3
1	183000001	1.60429	1.10126	3
1	184000001	1.50116	1.10126	3
1	185000001	1.27648	1.10126	3
1	186000001	1.4599	1.10126	3
1	187000001	1.06131	1.10126	3
1	188000001	0.968197	1.10126	3
1	189000001	1.11674	1.10126	3
1	190000001	0.936018	1.10126	3
1	191000001	1.11625	1.10126	3
1	192000001	0.945411	1.10126	3
1	193000001	1.13213	1.10126	3
1	194000001	0.921186	1.10126	3
1	195000001	0.89595	1.10126	3
1	196000001	0.966929	1.10126	3
1	197000001	1.17485	1.10126	3
1	198000001	1.07531	1.10126	3
1	199000001	1.23889	1.10126	3
1	200000001	1.36243	1.48126	4
1	201000001	1.41333	1.48126	4
1	202000001	1.59612	1.48126	4
1	203000001	1.49892	1.48126	4
1	204000001	1.51685	1.48126	4
1	205000001	1.3319	1.48126	4
1	206000001	1.26165	1.48126	4
1	207000001	1.54458	1.48126	4
1	208000001	1.46359	1.48126	4
1	209000001	1.55936	1.48126	4
1	210000001	1.22878	1.48126	4
1	211000001	1.51993	1.48126	4
1	212000001	1.30903	1.19134	4
1	213000001	1.0794	1.19134	4
1	214000001	1.15819	1.19134	4
1	215000001	1.14219	1.19134	4
1	216000001	1.11304	1.19134	4
1	217000001	1.41639	1.19134	4
1	218000001	0.991428	1.19134	4
1	219000001	1.22449	1.19134	4
1	220000001	1.00182	1.19134	4
1	221000001	0.88704	1.19134	4
1	222000001	1.40242	1.19134	4
1	223000001	1.50893	1.19134	4
1	224000001	1.37485	1.19134	4
1	225000001	0.940755	1.19134	4
1	226000001	1.56303	1.19134	4
1	227000001	1.24227	1.19134	4
1	228000001	2.41988	2.41988	7
1	229000001	1.38573	1.28839	4
1	230000001	1.42574	1.28839	4
1	231000001	1.03258	1.28839	4
1	232000001	1.48281	1.28839	4
1	233000001	1.29568	1.28839	4
1	234000001	1.28209	1.28839	4
1	235000001	1.58894	1.28839	4
1	236000001	1.13287	1.28839	4
1	237000001	1.11533	1.28839	4
1	238000001	1.16127	1.28839	4
1	239000001	1.16421	1.28839	4
1	240000001	1.43839	1.28839	4
1	241000001	1.26952	1.28839	4
1	242000001	1.1477	1.28839	4
1	243000001	1.34432	1.28839	4
1	244000001	1.52754	1.28839	4
1	245000001	1.32685	1.28839	4
1	246000001	1.29236	1.28839	4
1	247000001	1.28442	1.28839	4
1	248000001	1.19603	1.28839	4
10	1	1.37797	0.959387	3
10	1000001	1.20665	0.959387	3
10	2000001	0.944346	0.959387	3
10	3000001	1.02346	0.959387	3
10	4000001	0.969925	0.959387	3
10	5000001	0.749455	0.959387	3
10	6000001	1.31014	0.959387	3
10	7000001	0.706423	0.959387	3
10	8000001	0.948933	0.959387	3
10	9000001	0.954868	0.959387	3
10	10000001	1.10114	0.959387	3
10	11000001	1.05437	0.959387	3
10	12000001	1.0099	0.959387	3
10	13000001	1.17015	0.959387	3
10	14000001	0.753262	0.959387	3
10	15000001	0.980911	0.959387	3
10	16000001	0.816571	0.959387	3
10	17000001	0.785622	0.959387	3
10	18000001	0.881262	0.959387	3
10	19000001	0.857955	0.959387	3
10	20000001	0.893518	0.959387	3
10	21000001	1.03925	0.959387	3
10	22000001	1.11317	0.959387	3
10	23000001	1.07003	0.959387	3
10	24000001	0.964068	0.959387	3
10	25000001	0.806207	0.959387	3
10	26000001	0.993075	0.959387	3
10	27000001	0.873126	0.959387	3
10	28000001	0.855346	0.959387	3
10	29000001	1.12348	0.959387	3
10	30000001	0.887328	0.959387	3
10	31000001	0.902694	0.959387	3
10	32000001	0.8833	0.959387	3
10	33000001	1.38398	0.959387	3
10	34000001	0.972793	0.959387	3
10	35000001	0.963906	0.959387	3
10	36000001	0.836266	0.959387	3
10	37000001	0.873025	0.959387	3
10	38000001	1.35098	1.36623	4
10	39000001	1.38147	1.36623	4
10	40000001	2.0154	1.36623	4
10	41000001	1.18801	1.36623	4
10	42000001	1.26867	1.36623	4
10	43000001	1.61649	1.36623	4
10	44000001	1.27333	1.36623	4
10	45000001	1.16566	1.36623	4
10	46000001	1.8177	1.36623	4
10	47000001	1.6223	1.36623	4
10	48000001	1.28982	1.13259	3
10	49000001	1.25659	1.13259	3
10	50000001	1.2146	1.13259	3
10	51000001	1.22658	1.13259	3
10	52000001	1.31718	1.13259	3
10	53000001	1.04899	1.13259	3
10	54000001	1.13241	1.13259	3
10	55000001	1.14006	1.13259	3
10	56000001	0.900678	1.13259	3
10	57000001	1.09605	1.13259	3
10	58000001	1.41063	1.13259	3
10	59000001	1.22215	1.13259	3
10	60000001	1.08617	1.13259	3
10	61000001	1.04801	1.13259	3
10	62000001	0.946154	1.13259	3
10	63000001	1.23009	1.13259	3
10	64000001	1.00288	1.13259	3
10	65000001	1.13276	1.13259	3
10	66000001	0.798998	1.13259	3
10	67000001	1.06443	1.13259	3
10	68000001	1.4778	1.73109	5
10	69000001	1.73624	1.73109	5
10	70000001	1.82146	1.73109	5
10	71000001	1.72595	1.73109	5
10	72000001	1.8058	1.73109	5
10	73000001	1.53392	1.73109	5
10	74000001	1.68713	1.73109	5
10	75000001	1.63775	1.73109	5
10	76000001	1.40098	1.73109	5
10	77000001	1.75396	1.73109	5
10	78000001	2.00256	1.73109	5
10	79000001	1.86967	1.73109	5
10	80000001	1.5284	1.44175	4
10	81000001	1.37949	1.44175	4
10	82000001	1.32701	1.44175	4
10	83000001	1.39393	1.44175	4
10	84000001	1.59982	1.44175	4
10	85000001	1.48956	1.44175	4
10	86000001	0.801306	0.655249	2
10	87000001	0.612301	0.655249	2
10	88000001	0.522306	0.655249	2
10	89000001	0.620162	0.655249	2
10	90000001	0.403428	0.655249	2
10	91000001	0.617778	0.655249	2
10	92000001	0.610731	0.655249	2
10	93000001	0.743974	0.655249	2
10	94000001	0.922491	0.655249	2
10	95000001	0.632735	0.655249	2
10	96000001	0.6251	0.655249	2
10	97000001	0.993481	0.655249	2
10	98000001	0.850942	0.655249	2
10	99000001	0.742065	0.655249	2
10	100000001	0.472555	0.655249	2
10	101000001	0.634456	0.655249	2
10	102000001	0.897339	0.655249	2
10	103000001	0.717761	0.655249	2
10	104000001	0.720179	0.655249	2
10	105000001	0.534073	0.655249	2
10	106000001	0.571553	0.655249	2
10	107000001	0.510388	0.655249	2
10	108000001	0.583463	0.655249	2
10	109000001	0.541027	0.655249	2
10	110000001	0.679341	0.655249	2
10	111000001	0.735978	0.655249	2
10	112000001	0.899151	0.655249	2
10	113000001	0.510021	0.655249	2
10	114000001	0.672293	0.655249	2
10	115000001	0.536044	0.655249	2
10	116000001	0.697762	0.655249	2
10	117000001	0.49411	0.655249	2
10	118000001	0.831101	0.655249	2
10	119000001	0.785345	0.655249	2
10	120000001	0.798816	0.655249	2
10	121000001	0.483809	0.655249	2
10	122000001	0.94535	0.655249	2
10	123000001	0.638205	0.655249	2
10	124000001	0.811333	0.655249	2
10	125000001	0.741814	0.655249	2
10	126000001	3.12451	3.12451	9
10	127000001	0.943519	0.807236	2
10	128000001	0.587635	0.807236	2
10	129000001	0.731261	0.807236	2
10	130000001	0.749655	0.807236	2
10	131000001	0.807236	0.807236	2
10	132000001	0.925684	0.807236	2
10	133000001	2.38493	0.807236	2
11	1	1.29654	1.3621	4
11	1000001	1.42766	1.3621	4
11	2000001	1.03682	0.962851	3
11	3000001	1.04316	0.962851	3
11	4000001	0.660703	0.962851	3
11	5000001	0.783247	0.962851	3
11	6000001	0.962851	0.962851	3
11	7000001	1.03612	0.962851	3
11	8000001	0.94485	0.962851	3
11	9000001	0.837342	0.962851	3
11	10000001	1.16189	0.962851	3
11	11000001	1.91381	1.91381	6
11	12000001	1.05678	0.941788	3
11	13000001	0.897104	0.941788	3
11	14000001	0.86983	0.941788	3
11	15000001	0.950938	0.941788	3
11	16000001	0.984133	0.941788	3
11	17000001	0.961245	0.941788	3
11	18000001	0.827303	0.941788	3
11	19000001	1.08437	0.941788	3
11	20000001	0.852221	0.941788	3
11	21000001	0.910864	0.941788	3
11	22000001	1.28506	0.941788	3
11	23000001	1.00591	0.941788	3
11	24000001	0.771379	0.941788	3
11	25000001	0.548723	0.941788	3
11	26000001	0.992869	0.941788	3
11	27000001	0.823588	0.941788	3
11	28000001	0.716786	0.941788	3
11	29000001	0.958806	0.941788	3
11	30000001	0.890082	0.941788	3
11	31000001	0.932639	0.941788	3
11	32000001	1.12627	0.941788	3
11	33000001	1.07922	0.941788	3
11	34000001	1.14064	0.941788	3
11	35000001	1.13441	0.941788	3
11	36000001	0.867328	0.941788	3
11	37000001	1.13906	0.941788	3
11	38000001	0.846202	0.941788	3
11	39000001	0.91884	0.941788	3
11	40000001	0.877805	0.941788	3
11	41000001	0.677111	0.941788	3
11	42000001	0.98727	0.941788	3
11	43000001	0.895672	0.941788	3
11	44000001	0.977038	0.941788	3
11	45000001	1.05483	0.941788	3
11	46000001	1.23131	0.941788	3
11	47000001	0.957634	0.941788	3
11	48000001	1.10656	0.941788	3
11	49000001	0.790199	0.941788	3
11	50000001	1.15121	0.941788	3
11	51000001	0.840724	0.941788	3
11	52000001	1.05595	0.941788	3
11	53000001	1.23592	0.941788	3
11	54000001	0.905986	0.941788	3
11	55000001	0.854055	0.941788	3
11	56000001	0.642244	0.941788	3
11	57000001	0.912242	0.941788	3
11	58000001	1.14854	1.14854	3
11	59000001	1.02078	1.14854	3
11	60000001	1.29928	1.14854	3
11	61000001	1.20768	1.14854	3
11	62000001	0.945244	1.14854	3
11	63000001	1.12069	1.14854	3
11	64000001	1.24925	1.14854	3
11	65000001	1.07436	1.14854	3
11	66000001	1.08938	1.14854	3
11	67000001	1.29514	1.14854	3
11	68000001	1.13221	1.14854	3
11	69000001	1.34424	1.14854	3
11	70000001	1.13421	1.14854	3
11	71000001	1.16727	1.14854	3
11	72000001	1.19666	1.14854	3
11	73000001	0.911953	0.970196	3
11	74000001	0.832778	0.970196	3
11	75000001	0.991121	0.970196	3
11	76000001	1.13588	0.970196	3
11	77000001	1.2027	0.970196	3
11	78000001	0.873969	0.970196	3
11	79000001	1.15304	0.970196	3
11	80000001	0.949272	0.970196	3
11	81000001	0.610193	0.86486	3
11	82000001	0.86977	0.86486	3
11	83000001	0.949203	0.86486	3
11	84000001	0.86486	0.86486	3
11	85000001	0.820476	0.86486	3
11	86000001	0.916562	0.86486	3
11	87000001	0.841124	0.86486	3
11	88000001	0.977626	0.86486	3
11	89000001	1.05801	0.86486	3
11	90000001	0.663864	0.86486	3
11	91000001	0.912992	0.86486	3
11	92000001	0.78532	0.86486	3
11	93000001	0.795514	0.86486	3
11	94000001	0.989799	0.86486	3
11	95000001	0.762005	0.86486	3
11	96000001	1.24681	0.86486	3
11	97000001	0.902598	0.86486	3
11	98000001	0.627066	0.86486	3
11	99000001	0.7844	0.86486	3
11	100000001	0.714314	0.86486	3
11	101000001	1.22123	0.86486	3
11	102000001	0.817505	0.86486	3
11	103000001	0.972302	0.86486	3
11	104000001	1.79689	1.79689	5
11	105000001	0.801699	0.789507	2
11	106000001	0.844393	0.789507	2
11	107000001	0.659618	0.789507	2
11	108000001	0.777315	0.789507	2
11	109000001	0.918329	0.789507	2
11	110000001	0.751853	0.789507	2
11	111000001	0.977583	1.01143	3
11	112000001	1.42419	1.01143	3
11	113000001	0.855826	1.01143	3
11	114000001	0.851041	1.01143	3
11	115000001	1.01435	1.01143	3
11	116000001	0.969222	1.01143	3
11	117000001	1.38614	1.01143	3
11	118000001	1.03304	1.01143	3
11	119000001	1.01143	1.01143	3
11	120000001	1.19234	1.01143	3
11	121000001	0.950965	1.01143	3
11	122000001	0.877432	1.01143	3
11	123000001	0.837026	1.01143	3
11	124000001	0.734556	1.01143	3
11	125000001	1.23336	1.01143	3
11	126000001	1.06863	1.01143	3
11	127000001	1.08514	1.01143	3
11	128000001	0.963911	1.01143	3
11	129000001	0.933565	1.01143	3
11	130000001	0.880295	1.01143	3
11	131000001	1.39647	1.01143	3
11	132000001	1.06094	1.01143	3
11	133000001	1.19122	1.01143	3
11	134000001	1.12061	1.01143	3
11	135000001	0.685309	1.01143	3
12	1	0.748891	0.683132	2
12	1000001	0.799571	0.683132	2
12	2000001	0.89077	0.683132	2
12	3000001	0.797887	0.683132	2
12	4000001	0.667897	0.683132	2
12	5000001	0.832404	0.683132	2
12	6000001	0.890646	0.683132	2
12	7000001	0.827517	0.683132	2
12	8000001	0.543401	0.683132	2
12	9000001	0.449909	0.683132	2
12	10000001	0.806195	0.683132	2
12	11000001	0.555652	0.683132	2
12	12000001	0.592751	0.683132	2
12	13000001	0.545938	0.683132	2
12	14000001	0.638205	0.683132	2
12	15000001	0.464817	0.683132	2
12	16000001	0.683132	0.683132	2
12	17000001	0.54637	0.683132	2
12	18000001	0.690646	0.683132	2
12	19000001	0.759552	0.683132	2
12	20000001	0.561448	0.683132	2
12	21000001	0.667209	0.683132	2
12	22000001	0.800866	0.683132	2
12	23000001	0.548644	0.683132	2
12	24000001	0.863183	0.683132	2
12	25000001	1.05592	0.921763	3
12	26000001	0.789179	0.921763	3
12	27000001	0.89823	0.921763	3
12	28000001	0.961663	0.921763	3
12	29000001	0.894439	0.921763	3
12	30000001	0.960478	0.921763	3
12	31000001	0.869319	0.921763	3
12	32000001	0.910657	0.921763	3
12	33000001	0.911252	0.921763	3
12	34000001	1.22126	0.921763	3
12	35000001	0.955856	0.921763	3
12	36000001	0.99938	0.921763	3
12	37000001	0.954461	0.921763	3
12	38000001	0.939458	0.921763	3
12	39000001	0.787993	0.921763	3
12	40000001	0.871066	0.921763	3
12	41000001	0.921763	0.921763	3
12	42000001	0.835761	0.921763	3
12	43000001	0.969684	0.921763	3
12	44000001	0.89784	0.921763	3
12	45000001	1.00465	0.921763	3
12	46000001	0.83728	0.921763	3
12	47000001	1.0372	0.921763	3
12	48000001	1.9766	1.9766	6
12	49000001	1.12321	0.98949	3
12	50000001	0.98949	0.98949	3
12	51000001	0.733272	0.98949	3
12	52000001	1.40205	1.17716	4
12	53000001	1.20195	1.17716	4
12	54000001	1.15236	1.17716	4
12	55000001	0.924242	1.17716	4
12	56000001	1.27605	1.17716	4
12	57000001	1.13542	1.17716	4
12	58000001	0.831646	0.856732	3
12	59000001	0.923514	0.856732	3
12	60000001	0.849278	0.856732	3
12	61000001	0.801958	0.856732	3
12	62000001	1.02193	0.856732	3
12	63000001	0.82058	0.856732	3
12	64000001	0.991481	0.856732	3
12	65000001	0.852386	0.856732	3
12	66000001	0.841284	0.856732	3
12	67000001	0.831646	0.856732	3
12	68000001	1.04167	0.856732	3
12	69000001	1.05163	0.856732	3
12	70000001	0.684539	0.856732	3
12	71000001	0.753845	0.856732	3
12	72000001	0.832352	0.856732	3
12	73000001	0.892731	0.856732	3
12	74000001	0.914103	0.856732	3
12	75000001	1.01434	0.856732	3
12	76000001	1.18653	0.856732	3
12	77000001	0.76891	0.856732	3
12	78000001	0.911025	0.856732	3
12	79000001	0.828395	0.856732	3
12	80000001	0.664653	0.856732	3
12	81000001	0.857886	0.856732	3
12	82000001	0.914333	0.856732	3
12	83000001	0.73025	0.856732	3
12	84000001	0.85248	0.856732	3
12	85000001	1.03865	0.856732	3
12	86000001	0.737123	0.856732	3
12	87000001	0.781019	0.856732	3
12	88000001	1.09171	0.856732	3
12	89000001	1.11338	0.856732	3
12	90000001	0.855579	0.856732	3
12	91000001	0.946418	0.856732	3
12	92000001	0.903286	0.856732	3
12	93000001	0.793396	0.856732	3
12	94000001	1.11652	0.856732	3
12	95000001	1.24494	0.856732	3
12	96000001	0.955566	0.856732	3
12	97000001	0.820566	0.856732	3
12	98000001	1.03272	0.856732	3
12	99000001	0.777164	0.856732	3
12	100000001	0.930837	0.856732	3
12	101000001	0.952079	0.856732	3
12	102000001	0.682352	0.856732	3
12	103000001	0.809146	0.856732	3
12	104000001	1.06512	0.856732	3
12	105000001	0.841295	0.856732	3
12	106000001	0.990917	0.856732	3
12	107000001	0.682549	0.856732	3
12	108000001	1.06623	1.02905	3
12	109000001	1.0146	1.02905	3
12	110000001	1.006	1.02905	3
12	111000001	1.06505	1.02905	3
12	112000001	0.899207	1.02905	3
12	113000001	0.976973	1.02905	3
12	114000001	0.99176	1.02905	3
12	115000001	1.06444	1.02905	3
12	116000001	1.14761	1.02905	3
12	117000001	1.08477	1.02905	3
12	118000001	0.855135	1.02905	3
12	119000001	0.812034	1.02905	3
12	120000001	1.00513	1.02905	3
12	121000001	1.25867	1.02905	3
12	122000001	1.23322	1.02905	3
12	123000001	1.18214	1.02905	3
12	124000001	1.0891	1.02905	3
12	125000001	1.11726	1.02905	3
12	126000001	0.823242	1.02905	3
12	127000001	0.791386	1.02905	3
12	128000001	1.02905	1.02905	3
12	129000001	1.28475	1.36362	4
12	130000001	1.36362	1.36362	4
12	131000001	1.65293	1.36362	4
12	132000001	1.63971	1.36362	4
12	133000001	1.3511	1.36362	4
13	1	-1	-1	2
13	1000001	-1	-1	2
13	2000001	-1	-1	2
13	3000001	-1	-1	2
13	4000001	-1	-1	2
13	5000001	-1	-1	2
13	6000001	-1	-1	2
13	7000001	-1	-1	2
13	8000001	-1	-1	2
13	9000001	-1	-1	2
13	10000001	-1	-1	2
13	11000001	-1	-1	2
13	12000001	-1	-1	2
13	13000001	-1	-1	2
13	14000001	-1	-1	2
13	15000001	-1	-1	2
13	16000001	0.709512	0.629825	2
13	17000001	0.775437	0.629825	2
13	18000001	1.06896	0.629825	2
13	19000001	0.764379	0.629825	2
13	20000001	0.772409	0.629825	2
13	21000001	0.714521	0.629825	2
13	22000001	0.910455	0.629825	2
13	23000001	0.467769	0.629825	2
13	24000001	0.494313	0.629825	2
13	25000001	0.662559	0.629825	2
13	26000001	0.682352	0.629825	2
13	27000001	0.912109	0.629825	2
13	28000001	0.723263	0.629825	2
13	29000001	0.704109	0.629825	2
13	30000001	0.550127	0.629825	2
13	31000001	1.06611	0.629825	2
13	32000001	0.810949	0.629825	2
13	33000001	0.59682	0.629825	2
13	34000001	0.768412	0.629825	2
13	35000001	0.726972	0.629825	2
13	36000001	0.584711	0.629825	2
13	37000001	0.518726	0.629825	2
13	38000001	0.790058	0.629825	2
13	39000001	0.501325	0.629825	2
13	40000001	0.508641	0.629825	2
13	41000001	1.15469	0.629825	2
13	42000001	0.612168	0.629825	2
13	43000001	0.558741	0.629825	2
13	44000001	0.64457	0.629825	2
13	45000001	0.755436	0.629825	2
13	46000001	0.624486	0.629825	2
13	47000001	0.744165	0.629825	2
13	48000001	0.553859	0.629825	2
13	49000001	0.60424	0.629825	2
13	50000001	0.530464	0.629825	2
13	51000001	0.724791	0.629825	2
13	52000001	0.586257	0.629825	2
13	53000001	0.488724	0.629825	2
13	54000001	0.451553	0.629825	2
13	55000001	0.55187	0.629825	2
13	56000001	0.665032	0.629825	2
13	57000001	0.676066	0.629825	2
13	58000001	0.721128	0.629825	2
13	59000001	0.634771	0.629825	2
13	60000001	0.529679	0.629825	2
13	61000001	0.63243	0.629825	2
13	62000001	0.601084	0.629825	2
13	63000001	0.524006	0.629825	2
13	64000001	0.62722	0.629825	2
13	65000001	0.555553	0.629825	2
13	66000001	0.424776	0.629825	2
13	67000001	0.406955	0.629825	2
13	68000001	0.426097	0.629825	2
13	69000001	0.650561	0.629825	2
13	70000001	0.604818	0.629825	2
13	71000001	1.28795	0.629825	2
13	72000001	0.603699	0.629825	2
13	73000001	0.69162	0.629825	2
13	74000001	0.710097	0.629825	2
13	75000001	0.528296	0.629825	2
13	76000001	0.520816	0.629825	2
13	77000001	0.51643	0.629825	2
13	78000001	0.675972	0.629825	2
13	79000001	0.337144	0.629825	2
13	80000001	1.67651	1.67651	5
13	81000001	0.487845	0.594995	2
13	82000001	0.426906	0.594995	2
13	83000001	0.557151	0.594995	2
13	84000001	0.64385	0.594995	2
13	85000001	0.732338	0.594995	2
13	86000001	0.632838	0.594995	2
13	87000001	0.682352	0.594995	2
13	88000001	0.448006	0.594995	2
13	89000001	1.20567	1.20567	4
13	90000001	3.94409	3.39349	10
13	91000001	2.84288	3.39349	10
13	92000001	1.68736	1.46048	4
13	93000001	1.23359	1.46048	4
13	94000001	0.634856	0.649107	2
13	95000001	0.885786	0.649107	2
13	96000001	0.34259	0.649107	2
13	97000001	0.606813	0.649107	2
13	98000001	0.727205	0.649107	2
13	99000001	0.814026	0.649107	2
13	100000001	0.494456	0.649107	2
13	101000001	0.600133	0.649107	2
13	102000001	0.466039	0.649107	2
13	103000001	0.649107	0.649107	2
13	104000001	0.504343	0.649107	2
13	105000001	0.417964	0.649107	2
13	106000001	0.647237	0.649107	2
13	107000001	1.04297	0.649107	2
13	108000001	0.443332	0.649107	2
13	109000001	0.792265	0.649107	2
13	110000001	0.8568	0.649107	2
13	111000001	0.851906	0.649107	2
13	112000001	1.04399	0.649107	2
13	113000001	0.799057	0.649107	2
13	114000001	0.995817	0.649107	2
14	1	-1	-1	3
14	1000001	-1	-1	3
14	2000001	-1	-1	3
14	3000001	-1	-1	3
14	4000001	-1	-1	3
14	5000001	-1	-1	3
14	6000001	-1	-1	3
14	7000001	-1	-1	3
14	8000001	-1	-1	3
14	9000001	-1	-1	3
14	10000001	-1	-1	3
14	11000001	-1	-1	3
14	12000001	-1	-1	3
14	13000001	-1	-1	3
14	14000001	-1	-1	3
14	15000001	-1	-1	3
14	16000001	1.11737	1.08337	3
14	17000001	0.707977	1.08337	3
14	18000001	1.04937	1.08337	3
14	19000001	1.31665	1.08337	3
14	20000001	0.504236	0.591885	2
14	21000001	0.679534	0.591885	2
14	22000001	0.95528	1.00544	3
14	23000001	1.05561	1.00544	3
14	24000001	0.660001	0.660001	2
14	25000001	0.780832	0.660001	2
14	26000001	0.520531	0.660001	2
14	27000001	0.506065	0.660001	2
14	28000001	0.468729	0.660001	2
14	29000001	0.617233	0.660001	2
14	30000001	0.712908	0.660001	2
14	31000001	0.83545	0.660001	2
14	32000001	0.492243	0.660001	2
14	33000001	0.785535	0.660001	2
14	34000001	0.917554	0.660001	2
14	35000001	0.43946	0.572491	2
14	36000001	0.565508	0.572491	2
14	37000001	0.668883	0.572491	2
14	38000001	0.489462	0.572491	2
14	39000001	0.744684	0.572491	2
14	40000001	0.730281	0.572491	2
14	41000001	0.539878	0.572491	2
14	42000001	0.459427	0.572491	2
14	43000001	0.491039	0.572491	2
14	44000001	0.524242	0.572491	2
14	45000001	0.780262	0.572491	2
14	46000001	0.56664	0.572491	2
14	47000001	0.699426	0.572491	2
14	48000001	0.572491	0.572491	2
14	49000001	0.522412	0.572491	2
14	50000001	0.480974	0.572491	2
14	51000001	0.652828	0.572491	2
14	52000001	0.749263	0.572491	2
14	53000001	0.672634	0.572491	2
14	54000001	0.592038	0.572491	2
14	55000001	0.577098	0.572491	2
14	56000001	0.553711	0.572491	2
14	57000001	0.691868	0.572491	2
14	58000001	0.478055	0.572491	2
14	59000001	0.573216	0.572491	2
14	60000001	1.91982	1.91982	6
14	61000001	0.71048	0.628111	2
14	62000001	0.417991	0.628111	2
14	63000001	0.588735	0.628111	2
14	64000001	0.677051	0.628111	2
14	65000001	0.629393	0.628111	2
14	66000001	0.568259	0.628111	2
14	67000001	0.493752	0.628111	2
14	68000001	0.626828	0.628111	2
14	69000001	0.747684	0.628111	2
14	70000001	0.756823	0.628111	2
14	71000001	0.7625	0.628111	2
14	72000001	0.611032	0.628111	2
14	73000001	0.843894	0.628111	2
14	74000001	0.621705	0.628111	2
14	75000001	0.752821	0.628111	2
14	76000001	0.616994	0.628111	2
14	77000001	0.51158	0.628111	2
14	78000001	0.63009	0.628111	2
14	79000001	0.688292	0.628111	2
14	80000001	0.703252	0.628111	2
14	81000001	0.593734	0.628111	2
14	82000001	0.501221	0.628111	2
14	83000001	0.709922	0.628111	2
14	84000001	0.715663	0.628111	2
14	85000001	0.624976	0.628111	2
14	86000001	0.604637	0.628111	2
14	87000001	0.63795	0.628111	2
14	88000001	0.590546	0.628111	2
14	89000001	0.785158	0.749986	2
14	90000001	0.878363	0.749986	2
14	91000001	0.742941	0.749986	2
14	92000001	0.715455	0.749986	2
14	93000001	0.66304	0.749986	2
14	94000001	0.847238	0.749986	2
14	95000001	0.537617	0.749986	2
14	96000001	0.931748	0.749986	2
14	97000001	0.640357	0.749986	2
14	98000001	0.634147	0.749986	2
14	99000001	0.819841	0.749986	2
14	100000001	0.713698	0.749986	2
14	101000001	0.69351	0.749986	2
14	102000001	0.835183	0.749986	2
14	103000001	0.848645	0.749986	2
14	104000001	0.996102	0.749986	2
14	105000001	0.75703	0.749986	2
14	106000001	0.578831	0.749986	2
14	107000001	-1	-1	2
15	1	-1	-1	3
15	1000001	-1	-1	3
15	2000001	-1	-1	3
15	3000001	-1	-1	3
15	4000001	-1	-1	3
15	5000001	-1	-1	3
15	6000001	-1	-1	3
15	7000001	-1	-1	3
15	8000001	-1	-1	3
15	9000001	-1	-1	3
15	10000001	-1	-1	3
15	11000001	-1	-1	3
15	12000001	-1	-1	3
15	13000001	-1	-1	3
15	14000001	-1	-1	3
15	15000001	-1	-1	3
15	16000001	-1	-1	3
15	17000001	1.03954	1.03008	3
15	18000001	0.948845	1.03008	3
15	19000001	1.28065	1.03008	3
15	20000001	1.29115	1.03008	3
15	21000001	1.03008	1.03008	3
15	22000001	1.05799	1.03008	3
15	23000001	0.654384	1.03008	3
15	24000001	1.05322	1.03008	3
15	25000001	1.02151	1.03008	3
15	26000001	0.980649	1.03008	3
15	27000001	0.913004	1.03008	3
15	28000001	0.954451	1.03008	3
15	29000001	0.901287	1.03008	3
15	30000001	1.31242	1.03008	3
15	31000001	1.16923	1.03008	3
15	32000001	0.739916	0.801013	2
15	33000001	0.974577	0.801013	2
15	34000001	0.87594	0.801013	2
15	35000001	0.971188	0.801013	2
15	36000001	0.686623	0.801013	2
15	37000001	0.798569	0.801013	2
15	38000001	0.803458	0.801013	2
15	39000001	0.772421	0.801013	2
15	40000001	0.994434	0.991038	3
15	41000001	1.05319	0.991038	3
15	42000001	0.907318	0.991038	3
15	43000001	0.991038	0.991038	3
15	44000001	0.943168	0.991038	3
15	45000001	1.78631	1.78631	5
15	46000001	1.18362	0.928311	3
15	47000001	0.91573	0.928311	3
15	48000001	0.984271	0.928311	3
15	49000001	0.930578	0.928311	3
15	50000001	1.19651	0.928311	3
15	51000001	0.919498	0.928311	3
15	52000001	0.893703	0.928311	3
15	53000001	0.773492	0.928311	3
15	54000001	0.872596	0.928311	3
15	55000001	1.03198	0.928311	3
15	56000001	0.802706	0.928311	3
15	57000001	1.09594	0.928311	3
15	58000001	0.906767	0.928311	3
15	59000001	1.07072	0.928311	3
15	60000001	0.839693	0.928311	3
15	61000001	1.04109	0.928311	3
15	62000001	1.03748	0.928311	3
15	63000001	0.926044	0.928311	3
15	64000001	1.39094	1.13669	3
15	65000001	1.05006	1.13669	3
15	66000001	1.11568	1.13669	3
15	67000001	1.14156	1.13669	3
15	68000001	1.24024	1.13669	3
15	69000001	1.11752	1.13669	3
15	70000001	1.23253	1.13669	3
15	71000001	1.03713	1.13669	3
15	72000001	0.912757	1.13669	3
15	73000001	1.13669	1.13669	3
15	74000001	1.19383	1.13669	3
15	75000001	1.03751	1.13669	3
15	76000001	0.809072	1.13669	3
15	77000001	1.08438	1.13669	3
15	78000001	1.28045	1.13669	3
15	79000001	1.1916	1.13669	3
15	80000001	1.19349	1.13669	3
15	81000001	0.74003	1.00284	3
15	82000001	0.963563	1.00284	3
15	83000001	0.816493	1.00284	3
15	84000001	1.07412	1.00284	3
15	85000001	1.13791	1.00284	3
15	86000001	1.04319	1.00284	3
15	87000001	1.01206	1.00284	3
15	88000001	1.10083	1.00284	3
15	89000001	1.39012	1.00284	3
15	90000001	0.851357	1.00284	3
15	91000001	0.862316	1.00284	3
15	92000001	1.00284	1.00284	3
15	93000001	1.22818	1.00284	3
15	94000001	0.82317	1.00284	3
15	95000001	0.777278	1.00284	3
15	96000001	0.801136	1.00284	3
15	97000001	0.787006	1.00284	3
15	98000001	1.13919	1.00284	3
15	99000001	0.824875	1.00284	3
15	100000001	1.08397	1.00284	3
15	101000001	1.06348	1.00284	3
16	1	1.28114	0.98065	3
16	1000001	1.37013	0.98065	3
16	2000001	1.12756	0.98065	3
16	3000001	0.875631	0.98065	3
16	4000001	1.21817	0.98065	3
16	5000001	0.869245	0.98065	3
16	6000001	0.933878	0.98065	3
16	7000001	0.980238	0.98065	3
16	8000001	0.992235	0.98065	3
16	9000001	0.789395	0.98065	3
16	10000001	1.56649	0.98065	3
16	11000001	1.11533	0.98065	3
16	12000001	0.964192	0.98065	3
16	13000001	0.833896	0.98065	3
16	14000001	1.27621	0.98065	3
16	15000001	1.17983	0.98065	3
16	16000001	1.06933	0.98065	3
16	17000001	1.16522	0.98065	3
16	18000001	0.709922	0.98065	3
16	19000001	0.92373	0.98065	3
16	20000001	0.98065	0.98065	3
16	21000001	0.930023	0.98065	3
16	22000001	0.95315	0.98065	3
16	23000001	1.66851	0.98065	3
16	24000001	1.08506	0.98065	3
16	25000001	0.950144	0.98065	3
16	26000001	0.668994	0.98065	3
16	27000001	0.967016	0.98065	3
16	28000001	1.3094	0.98065	3
16	29000001	1.2111	0.98065	3
16	30000001	0.782563	0.98065	3
16	31000001	1.0299	0.98065	3
16	32000001	0.957368	0.98065	3
16	33000001	1.5494	1.28713	4
16	34000001	1.57941	1.28713	4
16	35000001	1.4221	1.28713	4
16	36000001	0.960363	1.28713	4
16	37000001	0.963387	1.28713	4
16	38000001	1.15217	1.28713	4
16	39000001	-1	-1	4
16	40000001	-1	-1	4
16	41000001	-1	-1	4
16	42000001	-1	-1	4
16	43000001	-1	-1	4
16	44000001	-1	-1	4
16	45000001	-1	-1	4
16	46000001	3.39755	3.39755	10
16	47000001	1.04899	1.03001	3
16	48000001	1.09979	1.03001	3
16	49000001	1.04041	1.03001	3
16	50000001	0.946375	1.03001	3
16	51000001	1.01555	1.03001	3
16	52000001	0.799368	1.03001	3
16	53000001	0.924193	1.03001	3
16	54000001	1.05902	1.03001	3
16	55000001	0.856217	1.03001	3
16	56000001	1.04917	1.03001	3
16	57000001	1.15586	1.03001	3
16	58000001	1.09728	1.03001	3
16	59000001	0.963017	1.03001	3
16	60000001	0.94288	1.03001	3
16	61000001	1.01961	1.03001	3
16	62000001	0.621728	1.03001	3
16	63000001	0.930162	1.03001	3
16	64000001	0.82057	1.03001	3
16	65000001	0.870844	1.03001	3
16	66000001	1.17522	1.03001	3
16	67000001	0.989589	1.03001	3
16	68000001	1.19803	1.03001	3
16	69000001	1.05927	1.03001	3
16	70000001	1.26294	1.03001	3
16	71000001	1.07603	1.03001	3
16	72000001	0.782282	1.03001	3
16	73000001	1.08732	1.03001	3
16	74000001	1.52234	1.03001	3
16	75000001	1.13516	1.03001	3
16	76000001	0.707268	1.03001	3
16	77000001	0.924767	1.03001	3
16	78000001	1.23918	1.03001	3
16	79000001	0.944451	1.03001	3
16	80000001	1.19766	1.03001	3
16	81000001	1.5984	1.3763	4
16	82000001	1.03962	1.3763	4
16	83000001	1.40444	1.3763	4
16	84000001	1.863	1.3763	4
16	85000001	1.39292	1.3763	4
16	86000001	1.17816	1.3763	4
16	87000001	1.35967	1.3763	4
16	88000001	1.8215	1.3763	4
16	89000001	1.29325	1.3763	4
16	90000001	1.03728	1.3763	4
17	1	1.22234	0.773817	2
17	1000001	0.853104	0.773817	2
17	2000001	0.855985	0.773817	2
17	3000001	0.906413	0.773817	2
17	4000001	0.66986	0.773817	2
17	5000001	0.80109	0.773817	2
17	6000001	0.740553	0.773817	2
17	7000001	0.808772	0.773817	2
17	8000001	0.745786	0.773817	2
17	9000001	0.766019	0.773817	2
17	10000001	0.644188	0.773817	2
17	11000001	0.652917	0.773817	2
17	12000001	1.03482	0.773817	2
17	13000001	0.677497	0.773817	2
17	14000001	0.673154	0.773817	2
17	15000001	0.775943	0.773817	2
17	16000001	0.773817	0.773817	2
17	17000001	0.89296	0.773817	2
17	18000001	0.48504	0.773817	2
17	19000001	0.837479	0.773817	2
17	20000001	0.421854	0.773817	2
17	21000001	0.876864	0.773817	2
17	22000001	0.765787	0.773817	2
17	23000001	0.702823	0.773817	2
17	24000001	0.858896	0.773817	2
17	25000001	1.24818	1.26534	4
17	26000001	2.0124	1.26534	4
17	27000001	1.26534	1.26534	4
17	28000001	1.24813	1.12339	3
17	29000001	0.963235	1.12339	3
17	30000001	1.08571	1.12339	3
17	31000001	1.07316	1.12339	3
17	32000001	0.89572	1.12339	3
17	33000001	1.14869	1.12339	3
17	34000001	0.906178	1.12339	3
17	35000001	0.96914	1.12339	3
17	36000001	1.41665	1.12339	3
17	37000001	1.17647	1.12339	3
17	38000001	0.950749	1.12339	3
17	39000001	1.20391	1.12339	3
17	40000001	1.22726	1.12339	3
17	41000001	1.19878	1.12339	3
17	42000001	1.16864	1.12339	3
17	43000001	1.03615	1.12339	3
17	44000001	1.09808	1.12339	3
17	45000001	1.29192	1.12339	3
17	46000001	0.807651	0.975048	3
17	47000001	1.08659	0.975048	3
17	48000001	0.974248	0.975048	3
17	49000001	1.0379	0.975048	3
17	50000001	1.043	0.975048	3
17	51000001	0.867313	0.975048	3
17	52000001	0.852236	0.975048	3
17	53000001	0.831967	0.975048	3
17	54000001	0.825907	0.975048	3
17	55000001	0.994779	0.975048	3
17	56000001	1.05233	0.975048	3
17	57000001	0.83394	0.975048	3
17	58000001	1.02102	0.975048	3
17	59000001	0.856774	0.975048	3
17	60000001	1.21931	0.975048	3
17	61000001	1.13346	0.975048	3
17	62000001	1.42853	0.975048	3
17	63000001	1.16698	0.975048	3
17	64000001	0.975848	0.975048	3
17	65000001	0.791262	0.975048	3
17	66000001	1.10359	0.975048	3
17	67000001	0.923976	0.975048	3
17	68000001	1.07789	0.975048	3
17	69000001	0.974061	0.975048	3
17	70000001	0.632069	0.975048	3
17	71000001	0.968854	0.975048	3
17	72000001	1.07829	0.975048	3
17	73000001	0.891187	0.975048	3
17	74000001	1.30197	1.22709	4
17	75000001	1.36052	1.22709	4
17	76000001	1.02377	1.22709	4
17	77000001	2.0957	1.22709	4
17	78000001	1.20546	1.22709	4
17	79000001	1.22709	1.22709	4
17	80000001	0.955248	1.22709	4
17	81000001	3.28314	3.28314	10
17	82000001	1.21094	1.24425	4
17	83000001	1.27755	1.24425	4
18	1	3.22442	3.22442	10
18	1000001	1.16864	1.17654	4
18	2000001	1.16623	1.17654	4
18	3000001	1.43467	1.17654	4
18	4000001	1.19745	1.17654	4
18	5000001	1.08965	1.17654	4
18	6000001	0.95501	1.17654	4
18	7000001	1.27295	1.17654	4
18	8000001	1.48023	1.17654	4
18	9000001	1.17111	1.17654	4
18	10000001	1.22354	1.17654	4
18	11000001	0.913335	1.17654	4
18	12000001	1.18196	1.17654	4
18	13000001	1.18829	1.17654	4
18	14000001	1.16435	1.17654	4
18	15000001	1.49991	1.49421	4
18	16000001	1.48852	1.49421	4
18	17000001	1.30138	1.49421	4
18	18000001	1.55386	1.49421	4
18	19000001	1.68614	1.49421	4
18	20000001	1.45983	1.49421	4
18	21000001	0.996059	1.11162	3
18	22000001	1.13744	1.11162	3
18	23000001	1.18583	1.11162	3
18	24000001	1.11162	1.11162	3
18	25000001	1.0843	1.11162	3
18	26000001	1.1138	1.11162	3
18	27000001	1.06038	1.11162	3
18	28000001	0.76252	1.11162	3
18	29000001	1.39734	1.11162	3
18	30000001	0.677796	0.593228	2
18	31000001	0.732107	0.593228	2
18	32000001	1.01101	0.593228	2
18	33000001	0.563981	0.593228	2
18	34000001	0.525717	0.593228	2
18	35000001	0.769051	0.593228	2
18	36000001	0.592124	0.593228	2
18	37000001	0.653946	0.593228	2
18	38000001	0.561234	0.593228	2
18	39000001	0.5249	0.593228	2
18	40000001	0.550802	0.593228	2
18	41000001	0.432166	0.593228	2
18	42000001	0.615763	0.593228	2
18	43000001	0.594332	0.593228	2
18	44000001	1.28543	0.708659	2
18	45000001	0.667026	0.708659	2
18	46000001	0.92269	0.708659	2
18	47000001	0.634146	0.708659	2
18	48000001	0.791432	0.708659	2
18	49000001	0.76566	0.708659	2
18	50000001	0.500908	0.708659	2
18	51000001	0.593641	0.708659	2
18	52000001	0.66888	0.708659	2
18	53000001	0.723813	0.708659	2
18	54000001	0.718908	0.708659	2
18	55000001	0.610722	0.708659	2
18	56000001	0.816132	0.708659	2
18	57000001	0.721247	0.708659	2
18	58000001	0.708659	0.708659	2
18	59000001	0.59202	0.708659	2
18	60000001	0.540941	0.708659	2
18	61000001	1.86301	1.86301	6
18	62000001	0.617768	0.583498	2
18	63000001	0.516498	0.583498	2
18	64000001	0.542463	0.583498	2
18	65000001	0.777591	0.583498	2
18	66000001	0.596522	0.583498	2
18	67000001	0.564294	0.583498	2
18	68000001	0.570473	0.583498	2
18	69000001	0.684345	0.583498	2
18	70000001	0.531327	0.583498	2
18	71000001	0.63298	0.583498	2
18	72000001	0.446044	0.583498	2
18	73000001	0.566477	0.583498	2
18	74000001	0.731421	0.583498	2
18	75000001	0.686648	0.583498	2
18	76000001	0.833413	0.833413	3
18	77000001	1.51088	0.833413	3
18	78000001	0.740749	0.833413	3
18	79000001	0.768982	0.833413	3
18	80000001	1.09373	0.833413	3
19	1	1.27361	1.29178	4
19	1000001	1.24633	1.29178	4
19	2000001	1.31376	1.29178	4
19	3000001	1.4747	1.29178	4
19	4000001	1.40272	1.29178	4
19	5000001	1.29178	1.29178	4
19	6000001	1.0739	1.29178	4
19	7000001	1.72666	1.29178	4
19	8000001	1.26509	1.29178	4
19	9000001	1.15247	1.15247	3
19	10000001	1.14169	1.15247	3
19	11000001	1.04636	1.15247	3
19	12000001	1.2371	1.15247	3
19	13000001	1.18559	1.15247	3
19	14000001	1.26678	1.15247	3
19	15000001	1.05189	1.15247	3
19	16000001	1.71586	1.4664	4
19	17000001	1.19472	1.4664	4
19	18000001	1.4664	1.4664	4
19	19000001	1.03583	1.03583	3
19	20000001	1.01726	1.03583	3
19	21000001	1.09416	1.03583	3
19	22000001	1.0367	1.03583	3
19	23000001	0.884013	1.03583	3
19	24000001	1.24919	1.24919	4
19	25000001	1.79974	1.84772	6
19	26000001	1.89571	1.84772	6
19	27000001	1.1671	1.07325	3
19	28000001	1.02114	1.07325	3
19	29000001	1.12536	1.07325	3
19	30000001	0.96423	1.07325	3
19	31000001	1.2603	1.07325	3
19	32000001	0.975217	1.07325	3
19	33000001	1.24288	1.24288	4
19	34000001	1.30858	1.24288	4
19	35000001	1.19602	1.24288	4
19	36000001	1.61691	1.24288	4
19	37000001	1.22633	1.24288	4
19	38000001	1.00179	1.12056	3
19	39000001	0.899215	1.12056	3
19	40000001	1.13752	1.12056	3
19	41000001	1.05531	1.12056	3
19	42000001	1.13044	1.12056	3
19	43000001	1.07609	1.12056	3
19	44000001	1.24389	1.12056	3
19	45000001	1.5228	1.12056	3
19	46000001	0.975273	1.12056	3
19	47000001	1.12329	1.12056	3
19	48000001	1.29396	1.12056	3
19	49000001	1.17466	1.12056	3
19	50000001	1.03976	1.12056	3
19	51000001	0.97759	1.12056	3
19	52000001	1.12056	1.12056	3
19	53000001	1.09305	1.12056	3
19	54000001	1.29109	1.12056	3
19	55000001	1.12378	1.12056	3
19	56000001	1.13727	1.12056	3
19	57000001	0.978846	1.12056	3
19	58000001	1.10862	1.12056	3
2	1	1.24231	0.94675	3
2	1000001	1.12558	0.94675	3
2	2000001	0.825253	0.94675	3
2	3000001	0.907912	0.94675	3
2	4000001	0.707698	0.94675	3
2	5000001	0.749638	0.94675	3
2	6000001	0.966219	0.94675	3
2	7000001	0.828782	0.94675	3
2	8000001	0.816704	0.94675	3
2	9000001	1.21946	0.94675	3
2	10000001	1.04944	0.94675	3
2	11000001	1.23461	0.94675	3
2	12000001	1.12472	0.94675	3
2	13000001	0.785535	0.94675	3
2	14000001	0.996087	0.94675	3
2	15000001	0.916906	0.94675	3
2	16000001	0.969971	0.94675	3
2	17000001	1.08437	0.94675	3
2	18000001	1.14734	0.94675	3
2	19000001	1.1099	0.94675	3
2	20000001	1.19075	0.94675	3
2	21000001	0.759506	0.94675	3
2	22000001	0.742138	0.94675	3
2	23000001	1.10963	0.94675	3
2	24000001	1.19897	0.94675	3
2	25000001	0.827233	0.94675	3
2	26000001	1.0372	0.94675	3
2	27000001	0.907324	0.94675	3
2	28000001	1.03653	0.94675	3
2	29000001	1.1067	0.94675	3
2	30000001	0.986531	0.94675	3
2	31000001	1.03004	0.94675	3
2	32000001	0.884314	0.94675	3
2	33000001	0.89722	0.94675	3
2	34000001	0.94675	0.94675	3
2	35000001	0.996974	0.94675	3
2	36000001	0.959515	0.94675	3
2	37000001	0.920902	0.94675	3
2	38000001	1.0581	0.94675	3
2	39000001	0.818871	0.94675	3
2	40000001	0.896054	0.94675	3
2	41000001	0.674544	0.94675	3
2	42000001	0.992804	0.94675	3
2	43000001	0.884521	0.94675	3
2	44000001	1.03975	0.94675	3
2	45000001	1.02686	0.94675	3
2	46000001	0.75764	0.94675	3
2	47000001	0.93427	0.94675	3
2	48000001	0.744184	0.94675	3
2	49000001	0.557796	0.94675	3
2	50000001	0.65384	0.94675	3
2	51000001	0.876628	0.94675	3
2	52000001	0.680477	0.94675	3
2	53000001	1.03227	0.94675	3
2	54000001	0.886976	0.94675	3
2	55000001	1.03252	0.94675	3
2	56000001	0.693039	0.94675	3
2	57000001	1.93741	0.94675	3
2	58000001	0.928313	0.94675	3
2	59000001	0.818948	0.94675	3
2	60000001	1.09027	0.94675	3
2	61000001	0.925305	0.94675	3
2	62000001	0.993845	0.94675	3
2	63000001	0.703563	0.94675	3
2	64000001	0.939582	0.94675	3
2	65000001	0.915441	0.94675	3
2	66000001	0.700305	0.94675	3
2	67000001	1.03075	0.94675	3
2	68000001	1.49354	0.94675	3
2	69000001	0.959991	0.94675	3
2	70000001	1.0519	0.94675	3
2	71000001	1.06624	0.94675	3
2	72000001	1.0652	0.94675	3
2	73000001	0.94752	0.94675	3
2	74000001	1.07749	0.94675	3
2	75000001	0.955795	0.94675	3
2	76000001	0.888976	0.94675	3
2	77000001	0.786668	0.94675	3
2	78000001	0.701401	0.94675	3
2	79000001	0.846978	0.94675	3
2	80000001	0.72735	0.94675	3
2	81000001	1.04788	0.94675	3
2	82000001	0.731168	0.94675	3
2	83000001	2.32017	2.32017	7
2	84000001	0.71647	0.925177	3
2	85000001	1.12571	0.925177	3
2	86000001	0.858375	0.925177	3
2	87000001	1.0371	0.925177	3
2	88000001	0.89608	0.925177	3
2	89000001	0.954274	0.925177	3
2	90000001	1.35586	1.36243	4
2	91000001	1.04639	1.36243	4
2	92000001	1.369	1.36243	4
2	93000001	1.38733	1.36243	4
2	94000001	0.844802	0.900073	3
2	95000001	0.894638	0.900073	3
2	96000001	1.08544	0.900073	3
2	97000001	1.02791	0.900073	3
2	98000001	0.900073	0.900073	3
2	99000001	1.75986	1.60463	5
2	100000001	1.4494	1.60463	5
2	101000001	0.761694	0.903019	3
2	102000001	0.848803	0.903019	3
2	103000001	0.955293	0.903019	3
2	104000001	0.903019	0.903019	3
2	105000001	0.923337	0.903019	3
2	106000001	0.790196	0.903019	3
2	107000001	0.777347	0.903019	3
2	108000001	0.748143	0.903019	3
2	109000001	1.24565	0.903019	3
2	110000001	0.934999	0.903019	3
2	111000001	0.931226	0.903019	3
2	112000001	0.964147	0.903019	3
2	113000001	1.10323	0.903019	3
2	114000001	0.65934	0.903019	3
2	115000001	1.08494	0.903019	3
2	116000001	0.857599	0.903019	3
2	117000001	0.758417	0.903019	3
2	118000001	0.88192	0.903019	3
2	119000001	0.926813	0.903019	3
2	120000001	1.36555	1.04775	3
2	121000001	1.02461	1.04775	3
2	122000001	0.898546	1.04775	3
2	123000001	1.08591	1.04775	3
2	124000001	1.52171	1.04775	3
2	125000001	0.753231	1.04775	3
2	126000001	0.966839	1.04775	3
2	127000001	1.16543	1.04775	3
2	128000001	1.1937	1.04775	3
2	129000001	1.06578	1.04775	3
2	130000001	1.04775	1.04775	3
2	131000001	1.01704	1.04775	3
2	132000001	0.997116	1.04775	3
2	133000001	0.859119	0.821951	2
2	134000001	0.967708	0.821951	2
2	135000001	0.89886	0.821951	2
2	136000001	0.919998	0.821951	2
2	137000001	0.864196	0.821951	2
2	138000001	0.796297	0.821951	2
2	139000001	0.764457	0.821951	2
2	140000001	0.808905	0.821951	2
2	141000001	0.786828	0.821951	2
2	142000001	0.733533	0.821951	2
2	143000001	0.834997	0.821951	2
2	144000001	0.721853	0.821951	2
2	145000001	0.842102	0.821951	2
2	146000001	0.79319	0.821951	2
2	147000001	0.754065	0.821951	2
2	148000001	1.09134	0.821951	2
2	149000001	1.46858	1.70867	5
2	150000001	1.94875	1.70867	5
2	151000001	1.26185	1.16871	4
2	152000001	1.19648	1.16871	4
2	153000001	1.11151	1.16871	4
2	154000001	1.26558	1.16871	4
2	155000001	0.851966	1.16871	4
2	156000001	1.04038	1.16871	4
2	157000001	1.19616	1.16871	4
2	158000001	1.4232	1.16871	4
2	159000001	1.20621	1.16871	4
2	160000001	1.11889	1.16871	4
2	161000001	1.05021	1.16871	4
2	162000001	1.0973	1.16871	4
2	163000001	1.14125	1.16871	4
2	164000001	0.998936	1.16871	4
2	165000001	1.24402	1.16871	4
2	166000001	1.39376	1.16871	4
2	167000001	0.97075	1.16871	4
2	168000001	1.2381	1.16871	4
2	169000001	2.60685	2.60685	8
2	170000001	1.29832	1.17614	4
2	171000001	1.1869	1.17614	4
2	172000001	0.978083	1.17614	4
2	173000001	1.31456	1.17614	4
2	174000001	1.14196	1.17614	4
2	175000001	1.14006	1.17614	4
2	176000001	1.00665	1.17614	4
2	177000001	1.20211	1.17614	4
2	178000001	1.08025	1.17614	4
2	179000001	1.11546	1.17614	4
2	180000001	1.16537	1.17614	4
2	181000001	1.24161	1.17614	4
2	182000001	1.24608	1.17614	4
2	183000001	1.28041	1.17614	4
2	184000001	0.82103	0.972259	3
2	185000001	1.0503	0.972259	3
2	186000001	0.894222	0.972259	3
2	187000001	1.14525	0.972259	3
2	188000001	0.491777	0.500258	2
2	189000001	0.715645	0.500258	2
2	190000001	0.508739	0.500258	2
2	191000001	0.520948	0.500258	2
2	192000001	0.465948	0.500258	2
2	193000001	0.409777	0.500258	2
2	194000001	2.25317	2.25317	7
2	195000001	0.622991	0.642839	2
2	196000001	0.822416	0.642839	2
2	197000001	0.605603	0.642839	2
2	198000001	0.727895	0.642839	2
2	199000001	0.713172	0.642839	2
2	200000001	0.5101	0.642839	2
2	201000001	0.68939	0.642839	2
2	202000001	0.612317	0.642839	2
2	203000001	0.712228	0.642839	2
2	204000001	0.558419	0.642839	2
2	205000001	0.655139	0.642839	2
2	206000001	0.708956	0.642839	2
2	207000001	0.730657	0.642839	2
2	208000001	0.814477	0.642839	2
2	209000001	0.363265	0.642839	2
2	210000001	0.51288	0.642839	2
2	211000001	0.575271	0.642839	2
2	212000001	0.435678	0.642839	2
2	213000001	0.581182	0.642839	2
2	214000001	0.630539	0.642839	2
2	215000001	0.681535	0.642839	2
2	216000001	0.669103	0.642839	2
2	217000001	0.742561	0.642839	2
2	218000001	0.833612	0.642839	2
2	219000001	0.711369	0.642839	2
2	220000001	0.602444	0.642839	2
2	221000001	0.809817	0.642839	2
2	222000001	0.589988	0.642839	2
2	223000001	0.545695	0.642839	2
2	224000001	0.528557	0.642839	2
2	225000001	2.01587	2.01587	6
2	226000001	0.529401	0.704983	2
2	227000001	0.71102	0.704983	2
2	228000001	0.562837	0.704983	2
2	229000001	0.799503	0.704983	2
2	230000001	0.521457	0.704983	2
2	231000001	0.717576	0.704983	2
2	232000001	0.697846	0.704983	2
2	233000001	0.698946	0.704983	2
2	234000001	0.651406	0.704983	2
2	235000001	0.966971	0.704983	2
2	236000001	0.75659	0.704983	2
2	237000001	0.776024	0.704983	2
2	238000001	1.81716	1.81716	5
2	239000001	0.890233	0.920825	3
2	240000001	0.951417	0.920825	3
2	241000001	1.27974	0.920825	3
2	242000001	0.846366	0.920825	3
20	1	2.66235	2.66235	8
20	1000001	0.879396	0.835493	3
20	2000001	0.79159	0.835493	3
20	3000001	0.932667	0.835493	3
20	4000001	0.791382	0.835493	3
20	5000001	0.546486	0.633944	2
20	6000001	0.453272	0.633944	2
20	7000001	0.679712	0.633944	2
20	8000001	0.826086	0.633944	2
20	9000001	0.559299	0.633944	2
20	10000001	0.707683	0.633944	2
20	11000001	0.716796	0.633944	2
20	12000001	0.571728	0.633944	2
20	13000001	0.639518	0.633944	2
20	14000001	0.691011	0.633944	2
20	15000001	0.555667	0.633944	2
20	16000001	0.567756	0.633944	2
20	17000001	0.286866	0.633944	2
20	18000001	0.617964	0.633944	2
20	19000001	0.633944	0.633944	2
20	20000001	0.58632	0.633944	2
20	21000001	0.687941	0.633944	2
20	22000001	0.492441	0.633944	2
20	23000001	0.73325	0.633944	2
20	24000001	0.697982	0.633944	2
20	25000001	0.7948	0.633944	2
20	26000001	1.15317	1.10298	3
20	27000001	1.10298	1.10298	3
20	28000001	0.94783	1.10298	3
20	29000001	0.751701	1.10298	3
20	30000001	0.956581	1.10298	3
20	31000001	1.00886	1.10298	3
20	32000001	1.14576	1.10298	3
20	33000001	1.28763	1.10298	3
20	34000001	1.14932	1.10298	3
20	35000001	1.04962	1.10298	3
20	36000001	1.20669	1.10298	3
20	37000001	0.901505	1.10298	3
20	38000001	1.36358	1.10298	3
20	39000001	0.971158	1.10298	3
20	40000001	0.841745	1.10298	3
20	41000001	1.09971	1.10298	3
20	42000001	0.896314	1.10298	3
20	43000001	0.865049	1.10298	3
20	44000001	1.38321	1.10298	3
20	45000001	0.773665	1.10298	3
20	46000001	0.947246	1.10298	3
20	47000001	1.4173	1.10298	3
20	48000001	1.24586	1.10298	3
20	49000001	1.42402	1.10298	3
20	50000001	1.11988	1.10298	3
20	51000001	1.04267	1.10298	3
20	52000001	0.984647	1.10298	3
20	53000001	1.01777	1.10298	3
20	54000001	0.578383	1.10298	3
20	55000001	0.824812	1.10298	3
20	56000001	1.15195	1.10298	3
20	57000001	1.43046	1.10298	3
20	58000001	1.07066	1.10298	3
20	59000001	1.20777	1.10298	3
20	60000001	1.10843	1.10298	3
20	61000001	1.3821	1.10298	3
20	62000001	1.24241	1.10298	3
20	63000001	1.43872	1.10298	3
20	64000001	1.44822	1.10298	3
21	1	-1	-1	6
21	1000001	-1	-1	6
21	2000001	-1	-1	6
21	3000001	-1	-1	6
21	4000001	-1	-1	6
21	5000001	2.26057	2.166	6
21	6000001	1.65197	2.166	6
21	7000001	2.18111	2.166	6
21	8000001	2.15088	2.166	6
21	9000001	1.38279	2.166	6
21	10000001	2.59742	2.166	6
21	11000001	0.739421	0.784772	2
21	12000001	0.717631	0.784772	2
21	13000001	1.1758	0.784772	2
21	14000001	1.06421	0.784772	2
21	15000001	0.868359	0.784772	2
21	16000001	1.34286	0.784772	2
21	17000001	0.784772	0.784772	2
21	18000001	0.727397	0.784772	2
21	19000001	0.742418	0.784772	2
21	20000001	0.666358	0.784772	2
21	21000001	0.737115	0.784772	2
21	22000001	0.839162	0.784772	2
21	23000001	0.972661	0.784772	2
21	24000001	1.08413	1.20166	4
21	25000001	1.13315	1.20166	4
21	26000001	1.24729	1.20166	4
21	27000001	0.966254	1.20166	4
21	28000001	1.14761	1.20166	4
21	29000001	1.2666	1.20166	4
21	30000001	0.928274	1.20166	4
21	31000001	1.44162	1.20166	4
21	32000001	1.11948	1.20166	4
21	33000001	1.36705	1.20166	4
21	34000001	1.27364	1.20166	4
21	35000001	1.15994	1.20166	4
21	36000001	1.29235	1.20166	4
21	37000001	1.24337	1.20166	4
21	38000001	1.41227	1.49523	4
21	39000001	1.37088	1.49523	4
21	40000001	1.49523	1.49523	4
21	41000001	1.23867	1.49523	4
21	42000001	1.61023	1.49523	4
21	43000001	1.54615	1.49523	4
21	44000001	1.51722	1.49523	4
21	45000001	1.96112	1.49523	4
21	46000001	1.3339	1.49523	4
22	1	-1	-1	4
22	1000001	-1	-1	4
22	2000001	-1	-1	4
22	3000001	-1	-1	4
22	4000001	-1	-1	4
22	5000001	-1	-1	4
22	6000001	-1	-1	4
22	7000001	-1	-1	4
22	8000001	-1	-1	4
22	9000001	-1	-1	4
22	10000001	1.30425	1.32995	4
22	11000001	1.64471	1.32995	4
22	12000001	1.62209	1.32995	4
22	13000001	0.687456	1.32995	4
22	14000001	0.864331	1.32995	4
22	15000001	1.35565	1.32995	4
22	16000001	2.43813	2.05102	6
22	17000001	1.34409	2.05102	6
22	18000001	2.05102	2.05102	6
22	19000001	3.64895	4.15828	12
22	20000001	3.86886	4.15828	12
22	21000001	4.4477	4.15828	12
22	22000001	5.60079	4.15828	12
22	23000001	3.3245	3.3245	10
22	24000001	1.0071	0.812409	2
22	25000001	0.629811	0.812409	2
22	26000001	0.742171	0.812409	2
22	27000001	0.812409	0.812409	2
22	28000001	0.70735	0.812409	2
22	29000001	0.686559	0.812409	2
22	30000001	0.925096	0.812409	2
22	31000001	0.698575	0.812409	2
22	32000001	0.921771	0.812409	2
22	33000001	0.849699	0.812409	2
22	34000001	0.970693	0.812409	2
22	35000001	1.42998	1.2222	4
22	36000001	1.11518	1.2222	4
22	37000001	1.16585	1.2222	4
22	38000001	1.1408	1.2222	4
22	39000001	1.31158	1.2222	4
22	40000001	0.993309	1.2222	4
22	41000001	1.12996	1.2222	4
22	42000001	1.50615	1.2222	4
22	43000001	1.18178	1.2222	4
22	44000001	1.33643	1.2222	4
22	45000001	1.10251	1.2222	4
22	46000001	1.36911	1.2222	4
22	47000001	1.31854	1.2222	4
22	48000001	1.26262	1.2222	4
22	49000001	1.05566	1.2222	4
22	50000001	1.66802	1.2222	4
3	1	0.876754	0.808709	2
3	1000001	0.858396	0.808709	2
3	2000001	0.617094	0.808709	2
3	3000001	0.759023	0.808709	2
3	4000001	1.09243	1.0111	3
3	5000001	0.886588	1.0111	3
3	6000001	1.2428	1.0111	3
3	7000001	0.874243	1.0111	3
3	8000001	1.1309	1.0111	3
3	9000001	0.999076	1.0111	3
3	10000001	1.0111	1.0111	3
3	11000001	1.21673	1.0111	3
3	12000001	0.970144	1.0111	3
3	13000001	1.31959	1.42626	4
3	14000001	1.28958	1.42626	4
3	15000001	1.44504	1.42626	4
3	16000001	1.49537	1.42626	4
3	17000001	1.6287	1.42626	4
3	18000001	1.46437	1.42626	4
3	19000001	1.3316	1.42626	4
3	20000001	1.32418	1.42626	4
3	21000001	1.17242	1.42626	4
3	22000001	1.24899	1.42626	4
3	23000001	1.48848	1.42626	4
3	24000001	1.57541	1.42626	4
3	25000001	1.37651	1.42626	4
3	26000001	1.09255	1.42626	4
3	27000001	1.45821	1.42626	4
3	28000001	1.33726	1.42626	4
3	29000001	1.33998	1.42626	4
3	30000001	1.37971	1.42626	4
3	31000001	1.27715	1.42626	4
3	32000001	1.92734	1.42626	4
3	33000001	1.6379	1.42626	4
3	34000001	1.33597	1.42626	4
3	35000001	1.4628	1.42626	4
3	36000001	1.41435	1.42626	4
3	37000001	1.57581	1.42626	4
3	38000001	1.36972	1.42626	4
3	39000001	1.44157	1.42626	4
3	40000001	1.45516	1.42626	4
3	41000001	1.40438	1.42626	4
3	42000001	1.64902	1.42626	4
3	43000001	1.42626	1.42626	4
3	44000001	1.39656	1.42626	4
3	45000001	1.46909	1.42626	4
3	46000001	1.66482	1.42626	4
3	47000001	1.46097	1.42626	4
3	48000001	0.81673	0.614815	2
3	49000001	0.807281	0.614815	2
3	50000001	0.616369	0.614815	2
3	51000001	0.627162	0.614815	2
3	52000001	0.49544	0.614815	2
3	53000001	0.753537	0.614815	2
3	54000001	0.73864	0.614815	2
3	55000001	0.622525	0.614815	2
3	56000001	0.425815	0.614815	2
3	57000001	0.736811	0.614815	2
3	58000001	0.500595	0.614815	2
3	59000001	0.444671	0.614815	2
3	60000001	0.545711	0.614815	2
3	61000001	0.62849	0.614815	2
3	62000001	0.796526	0.614815	2
3	63000001	0.601935	0.614815	2
3	64000001	0.783999	0.614815	2
3	65000001	0.519306	0.614815	2
3	66000001	0.772933	0.614815	2
3	67000001	0.605951	0.614815	2
3	68000001	0.749141	0.614815	2
3	69000001	0.542653	0.614815	2
3	70000001	0.485947	0.614815	2
3	71000001	0.833158	0.614815	2
3	72000001	0.652838	0.614815	2
3	73000001	0.61609	0.614815	2
3	74000001	0.44563	0.614815	2
3	75000001	1.0523	0.614815	2
3	76000001	0.686724	0.614815	2
3	77000001	0.570963	0.614815	2
3	78000001	0.545593	0.614815	2
3	79000001	0.465225	0.614815	2
3	80000001	0.781638	0.614815	2
3	81000001	0.539194	0.614815	2
3	82000001	0.743874	0.614815	2
3	83000001	0.418986	0.614815	2
3	84000001	0.626574	0.614815	2
3	85000001	0.500994	0.614815	2
3	86000001	0.536865	0.614815	2
3	87000001	0.440613	0.614815	2
3	88000001	0.627439	0.614815	2
3	89000001	0.460539	0.614815	2
3	90000001	0.557746	0.614815	2
3	91000001	0.742663	0.614815	2
3	92000001	0.591277	0.614815	2
3	93000001	0.657947	0.614815	2
3	94000001	0.68529	0.614815	2
3	95000001	0.44873	0.614815	2
3	96000001	0.637178	0.614815	2
3	97000001	0.540164	0.614815	2
3	98000001	0.560848	0.614815	2
3	99000001	0.470622	0.614815	2
3	100000001	0.408567	0.614815	2
3	101000001	0.49775	0.614815	2
3	102000001	0.52422	0.614815	2
3	103000001	0.661812	0.614815	2
3	104000001	0.465189	0.614815	2
3	105000001	0.613532	0.614815	2
3	106000001	0.455639	0.614815	2
3	107000001	0.568042	0.614815	2
3	108000001	0.613539	0.614815	2
3	109000001	0.668219	0.614815	2
3	110000001	0.550118	0.614815	2
3	111000001	0.719442	0.614815	2
3	112000001	0.660962	0.614815	2
3	113000001	0.746318	0.614815	2
3	114000001	0.68317	0.614815	2
3	115000001	0.63815	0.614815	2
3	116000001	0.647675	0.614815	2
3	117000001	0.526222	0.614815	2
3	118000001	0.799726	0.614815	2
3	119000001	0.674118	0.614815	2
3	120000001	0.398795	0.614815	2
3	121000001	0.616571	0.614815	2
3	122000001	0.830017	0.774189	2
3	123000001	0.723007	0.774189	2
3	124000001	0.584261	0.774189	2
3	125000001	0.782713	0.774189	2
3	126000001	0.774189	0.774189	2
3	127000001	0.889017	0.774189	2
3	128000001	0.744897	0.774189	2
3	129000001	0.644291	0.774189	2
3	130000001	0.576787	0.774189	2
3	131000001	0.861015	0.774189	2
3	132000001	0.897254	0.774189	2
3	133000001	0.518115	0.774189	2
3	134000001	0.722293	0.774189	2
3	135000001	0.678005	0.774189	2
3	136000001	0.865259	0.774189	2
3	137000001	0.545023	0.774189	2
3	138000001	0.867839	0.774189	2
3	139000001	0.889713	0.774189	2
3	140000001	1.05615	0.774189	2
3	141000001	1.04835	0.774189	2
3	142000001	0.711307	0.774189	2
3	143000001	1.91216	1.91216	6
3	144000001	0.84359	0.86972	3
3	145000001	0.951543	0.86972	3
3	146000001	0.80945	0.86972	3
3	147000001	0.867923	0.86972	3
3	148000001	1.19122	0.86972	3
3	149000001	1.02685	0.86972	3
3	150000001	0.804792	0.86972	3
3	151000001	0.779222	0.86972	3
3	152000001	0.656753	0.86972	3
3	153000001	0.909607	0.86972	3
3	154000001	0.901595	0.86972	3
3	155000001	0.926611	0.86972	3
3	156000001	0.773719	0.86972	3
3	157000001	0.90736	0.86972	3
3	158000001	0.816672	0.86972	3
3	159000001	0.734932	0.86972	3
3	160000001	1.03206	0.86972	3
3	161000001	0.966171	0.86972	3
3	162000001	0.877158	0.86972	3
3	163000001	0.820454	0.86972	3
3	164000001	0.871516	0.86972	3
3	165000001	0.684938	0.86972	3
3	166000001	0.81713	0.86972	3
3	167000001	0.853243	0.86972	3
3	168000001	0.812018	0.86972	3
3	169000001	0.750167	0.86972	3
3	170000001	0.804911	0.86972	3
3	171000001	1.10632	0.86972	3
3	172000001	0.790249	0.86972	3
3	173000001	0.687852	0.86972	3
3	174000001	0.729203	0.86972	3
3	175000001	0.695198	0.86972	3
3	176000001	1.01644	0.86972	3
3	177000001	1.04499	0.86972	3
3	178000001	0.641115	0.86972	3
3	179000001	0.898839	0.86972	3
3	180000001	0.774089	0.86972	3
3	181000001	1.23739	0.86972	3
3	182000001	0.792753	0.86972	3
3	183000001	0.918177	0.86972	3
3	184000001	1.06824	0.86972	3
3	185000001	0.888859	0.86972	3
3	186000001	1.5304	0.86972	3
3	187000001	0.931692	0.86972	3
3	188000001	1.09272	0.86972	3
3	189000001	0.882581	0.86972	3
3	190000001	1.14989	0.86972	3
3	191000001	0.778565	0.86972	3
3	192000001	0.880864	0.86972	3
3	193000001	0.790568	0.86972	3
3	194000001	1.18407	1.19521	4
3	195000001	1.24746	1.19521	4
3	196000001	1.19521	1.19521	4
3	197000001	1.13951	1.19521	4
3	198000001	1.73202	1.19521	4
4	1	1.23446	1.30698	4
4	1000001	1.33967	1.30698	4
4	2000001	1.37504	1.30698	4
4	3000001	1.14064	1.30698	4
4	4000001	1.16688	1.30698	4
4	5000001	1.10473	1.30698	4
4	6000001	1.30698	1.30698	4
4	7000001	1.52763	1.30698	4
4	8000001	1.4218	1.30698	4
4	9000001	1.32714	1.30698	4
4	10000001	1.12286	1.30698	4
4	11000001	0.675404	0.916854	3
4	12000001	1.18855	0.916854	3
4	13000001	1.03465	0.916854	3
4	14000001	1.23257	0.916854	3
4	15000001	0.976485	0.916854	3
4	16000001	0.862309	0.916854	3
4	17000001	0.802697	0.916854	3
4	18000001	1.26657	0.916854	3
4	19000001	0.704273	0.916854	3
4	20000001	0.980311	0.916854	3
4	21000001	0.774512	0.916854	3
4	22000001	0.807939	0.916854	3
4	23000001	0.704918	0.916854	3
4	24000001	0.964436	0.916854	3
4	25000001	1.22198	0.916854	3
4	26000001	1.06053	0.916854	3
4	27000001	1.0358	0.916854	3
4	28000001	1.07008	0.916854	3
4	29000001	0.760631	0.916854	3
4	30000001	0.869272	0.916854	3
4	31000001	0.690223	0.916854	3
4	32000001	1.16948	0.916854	3
4	33000001	0.730404	0.916854	3
4	34000001	0.836694	0.916854	3
4	35000001	0.839138	0.916854	3
4	36000001	0.81326	0.916854	3
4	37000001	0.984323	0.916854	3
4	38000001	1.25621	0.916854	3
4	39000001	3.93467	3.93467	12
4	40000001	0.849903	0.852514	3
4	41000001	1.11174	0.852514	3
4	42000001	0.852514	0.852514	3
4	43000001	2.28575	2.28575	7
4	44000001	0.650587	0.926336	3
4	45000001	0.805359	0.926336	3
4	46000001	0.713232	0.926336	3
4	47000001	1.11793	0.926336	3
4	48000001	0.658529	0.926336	3
4	49000001	1.24065	0.926336	3
4	50000001	0.86198	0.926336	3
4	51000001	0.955093	0.926336	3
4	52000001	1.0561	0.926336	3
4	53000001	0.956967	0.926336	3
4	54000001	1.05118	0.926336	3
4	55000001	0.80821	0.926336	3
4	56000001	0.970058	0.926336	3
4	57000001	1.09541	0.926336	3
4	58000001	0.935811	0.926336	3
4	59000001	0.919234	0.926336	3
4	60000001	0.802094	0.926336	3
4	61000001	0.751899	0.926336	3
4	62000001	0.942483	0.926336	3
4	63000001	0.922049	0.926336	3
4	64000001	0.930623	0.926336	3
4	65000001	0.879052	0.926336	3
4	66000001	0.852147	0.926336	3
4	67000001	1.05454	0.926336	3
4	68000001	0.986931	0.926336	3
4	69000001	0.651584	0.926336	3
4	70000001	2.18341	2.18341	7
4	71000001	1.12097	0.872352	3
4	72000001	1.13035	0.872352	3
4	73000001	0.794391	0.872352	3
4	74000001	0.745185	0.872352	3
4	75000001	1.01225	0.872352	3
4	76000001	0.693087	0.872352	3
4	77000001	1.02353	0.872352	3
4	78000001	0.940631	0.872352	3
4	79000001	0.929223	0.872352	3
4	80000001	1.4274	0.872352	3
4	81000001	0.919706	0.872352	3
4	82000001	0.872352	0.872352	3
4	83000001	0.71599	0.872352	3
4	84000001	0.677229	0.872352	3
4	85000001	0.681958	0.872352	3
4	86000001	0.855432	0.872352	3
4	87000001	1.04498	0.872352	3
4	88000001	0.624623	0.872352	3
4	89000001	0.730132	0.872352	3
4	90000001	1.16	0.872352	3
4	91000001	0.705922	0.872352	3
4	92000001	0.662756	0.872352	3
4	93000001	0.887957	0.872352	3
4	94000001	0.958564	0.872352	3
4	95000001	0.863599	0.872352	3
4	96000001	0.83622	0.872352	3
4	97000001	0.949548	0.872352	3
4	98000001	0.727491	0.872352	3
4	99000001	0.788062	0.872352	3
4	100000001	0.834727	0.872352	3
4	101000001	0.949242	0.872352	3
4	102000001	0.900043	0.872352	3
4	103000001	1.02299	0.872352	3
4	104000001	2.00919	2.00919	6
4	105000001	0.61953	0.918861	3
4	106000001	0.918885	0.918861	3
4	107000001	0.945766	0.918861	3
4	108000001	0.702476	0.918861	3
4	109000001	1.28878	0.918861	3
4	110000001	1.06026	0.918861	3
4	111000001	0.894366	0.918861	3
4	112000001	1.17695	0.918861	3
4	113000001	0.868832	0.918861	3
4	114000001	0.786706	0.918861	3
4	115000001	0.790611	0.918861	3
4	116000001	0.928335	0.918861	3
4	117000001	0.91977	0.918861	3
4	118000001	0.892742	0.918861	3
4	119000001	0.901645	0.918861	3
4	120000001	0.918838	0.918861	3
4	121000001	1.03396	0.918861	3
4	122000001	1.06554	0.918861	3
4	123000001	0.798353	0.825379	2
4	124000001	0.740405	0.825379	2
4	125000001	0.629498	0.825379	2
4	126000001	0.949209	0.825379	2
4	127000001	1.05777	0.825379	2
4	128000001	0.845925	0.825379	2
4	129000001	0.93017	0.825379	2
4	130000001	0.790258	0.825379	2
4	131000001	0.895658	0.825379	2
4	132000001	0.70609	0.825379	2
4	133000001	1.01946	0.825379	2
4	134000001	0.62256	0.825379	2
4	135000001	0.963833	0.825379	2
4	136000001	0.580302	0.825379	2
4	137000001	0.782913	0.825379	2
4	138000001	0.79253	0.825379	2
4	139000001	0.929856	0.825379	2
4	140000001	0.811672	0.825379	2
4	141000001	0.79387	0.825379	2
4	142000001	0.686495	0.825379	2
4	143000001	0.876583	0.825379	2
4	144000001	0.910117	0.825379	2
4	145000001	1.03682	0.825379	2
4	146000001	0.838968	0.825379	2
4	147000001	0.938938	0.825379	2
4	148000001	0.859544	0.825379	2
4	149000001	0.678488	0.825379	2
4	150000001	0.504138	0.825379	2
4	151000001	1.04957	0.825379	2
4	152000001	0.924143	0.825379	2
4	153000001	1.01706	0.825379	2
4	154000001	0.790887	0.825379	2
4	155000001	0.850921	0.825379	2
4	156000001	0.834335	0.825379	2
4	157000001	0.963046	0.825379	2
4	158000001	0.806518	0.825379	2
4	159000001	0.703158	0.825379	2
4	160000001	0.557946	0.825379	2
4	161000001	0.472544	0.825379	2
4	162000001	0.583667	0.825379	2
4	163000001	0.698076	0.825379	2
4	164000001	0.825379	0.825379	2
4	165000001	0.842993	0.825379	2
4	166000001	1.02967	0.825379	2
4	167000001	0.804852	0.825379	2
4	168000001	0.961344	0.825379	2
4	169000001	0.781978	0.825379	2
4	170000001	0.889948	0.825379	2
4	171000001	0.737549	0.825379	2
4	172000001	1.29081	0.92865	3
4	173000001	0.657678	0.92865	3
4	174000001	0.979544	0.92865	3
4	175000001	1.01342	0.92865	3
4	176000001	1.31585	0.92865	3
4	177000001	0.866663	0.92865	3
4	178000001	0.887139	0.92865	3
4	179000001	0.814383	0.92865	3
4	180000001	0.816157	0.92865	3
4	181000001	0.857783	0.92865	3
4	182000001	1.13176	0.92865	3
4	183000001	0.90123	0.92865	3
4	184000001	0.92865	0.92865	3
4	185000001	0.932756	0.92865	3
4	186000001	1.01815	0.92865	3
4	187000001	0.675216	0.92865	3
4	188000001	0.898151	0.92865	3
4	189000001	0.953139	0.92865	3
4	190000001	3.47943	0.92865	3
5	1	2.36856	2.20261	7
5	1000001	2.03666	2.20261	7
5	2000001	1.82517	1.85354	6
5	3000001	1.88191	1.85354	6
5	4000001	1.53293	1.4515	4
5	5000001	1.63191	1.4515	4
5	6000001	1.62489	1.4515	4
5	7000001	1.24602	1.4515	4
5	8000001	1.37301	1.4515	4
5	9000001	1.27979	1.4515	4
5	10000001	1.78992	1.4515	4
5	11000001	1.49974	1.4515	4
5	12000001	1.41405	1.4515	4
5	13000001	1.43469	1.4515	4
5	14000001	1.47195	1.4515	4
5	15000001	1.4515	1.4515	4
5	16000001	1.73611	1.4515	4
5	17000001	1.84895	1.4515	4
5	18000001	1.02911	1.4515	4
5	19000001	1.21007	1.4515	4
5	20000001	1.30309	1.4515	4
5	21000001	2.07765	1.4515	4
5	22000001	1.27564	1.4515	4
5	23000001	1.07059	1.04432	3
5	24000001	1.11035	1.04432	3
5	25000001	1.27528	1.04432	3
5	26000001	1.01805	1.04432	3
5	27000001	0.969636	1.04432	3
5	28000001	0.866835	1.04432	3
5	29000001	0.932993	1.04432	3
5	30000001	0.903796	1.04432	3
5	31000001	1.09255	1.04432	3
5	32000001	1.15593	1.04432	3
5	33000001	1.7185	1.30429	4
5	34000001	1.37862	1.30429	4
5	35000001	1.33305	1.30429	4
5	36000001	1.10476	1.30429	4
5	37000001	1.44856	1.30429	4
5	38000001	1.24478	1.30429	4
5	39000001	1.3259	1.30429	4
5	40000001	1.16002	1.30429	4
5	41000001	1.21861	1.30429	4
5	42000001	1.74446	1.30429	4
5	43000001	1.78938	1.30429	4
5	44000001	1.28268	1.30429	4
5	45000001	1.09942	1.30429	4
5	46000001	0.912862	1.30429	4
5	47000001	1.81178	1.81178	5
5	48000001	1.97558	1.81178	5
5	49000001	1.76258	1.81178	5
5	50000001	1.30906	0.948045	3
5	51000001	0.81297	0.948045	3
5	52000001	0.905091	0.948045	3
5	53000001	1.15	0.948045	3
5	54000001	1.04821	0.948045	3
5	55000001	0.70685	0.948045	3
5	56000001	0.886071	0.948045	3
5	57000001	0.941104	0.948045	3
5	58000001	0.793042	0.948045	3
5	59000001	0.71062	0.948045	3
5	60000001	1.75178	0.948045	3
5	61000001	0.957763	0.948045	3
5	62000001	0.827744	0.948045	3
5	63000001	0.831689	0.948045	3
5	64000001	0.980569	0.948045	3
5	65000001	1.12055	0.948045	3
5	66000001	0.9115	0.948045	3
5	67000001	1.18877	0.948045	3
5	68000001	0.907519	0.948045	3
5	69000001	1.08597	0.948045	3
5	70000001	0.931662	0.948045	3
5	71000001	0.867682	0.948045	3
5	72000001	0.954987	0.948045	3
5	73000001	1.09243	0.948045	3
5	74000001	1.09314	0.948045	3
5	75000001	0.936122	0.948045	3
5	76000001	1.03276	0.948045	3
5	77000001	0.983248	0.948045	3
5	78000001	1.02223	0.948045	3
5	79000001	1.07703	0.948045	3
5	80000001	1.59928	0.948045	3
5	81000001	1.00784	0.948045	3
5	82000001	0.93542	0.948045	3
5	83000001	0.887325	0.948045	3
5	84000001	0.691369	0.948045	3
5	85000001	0.747591	0.948045	3
5	86000001	2.11238	2.11238	6
5	87000001	0.907085	0.878	3
5	88000001	0.62359	0.878	3
5	89000001	0.820074	0.878	3
5	90000001	0.878098	0.878	3
5	91000001	1.05703	0.878	3
5	92000001	0.865123	0.878	3
5	93000001	0.829341	0.878	3
5	94000001	1.20912	0.878	3
5	95000001	0.785832	0.878	3
5	96000001	0.817236	0.878	3
5	97000001	0.845332	0.878	3
5	98000001	1.02025	0.878	3
5	99000001	0.95779	0.878	3
5	100000001	1.01968	0.878	3
5	101000001	0.719969	0.878	3
5	102000001	0.879275	0.878	3
5	103000001	0.856486	0.878	3
5	104000001	0.60898	0.878	3
5	105000001	0.799582	0.878	3
5	106000001	0.910572	0.878	3
5	107000001	0.908142	0.878	3
5	108000001	1.15604	0.878	3
5	109000001	0.792753	0.878	3
5	110000001	0.921506	0.878	3
5	111000001	0.794594	0.878	3
5	112000001	0.762629	0.878	3
5	113000001	0.910856	0.878	3
5	114000001	0.864065	0.878	3
5	115000001	0.908676	0.878	3
5	116000001	0.785082	0.878	3
5	117000001	0.915796	0.878	3
5	118000001	0.766798	0.878	3
5	119000001	0.848938	0.878	3
5	120000001	0.70264	0.878	3
5	121000001	1.01901	0.878	3
5	122000001	0.93192	0.878	3
5	123000001	0.77713	0.878	3
5	124000001	0.882986	0.878	3
5	125000001	0.903282	0.878	3
5	126000001	1.10338	0.878	3
5	127000001	1.0355	0.878	3
5	128000001	1.00913	0.878	3
5	129000001	0.726273	0.878	3
5	130000001	0.877901	0.878	3
5	131000001	0.743377	0.878	3
5	132000001	0.928617	0.878	3
5	133000001	1.29553	1.52677	5
5	134000001	1.75802	1.52677	5
5	135000001	1.07192	0.933898	3
5	136000001	1.0081	0.933898	3
5	137000001	0.829829	0.933898	3
5	138000001	1.02229	0.933898	3
5	139000001	1.09792	0.933898	3
5	140000001	0.895048	0.933898	3
5	141000001	1.14295	0.933898	3
5	142000001	1.43823	0.933898	3
5	143000001	0.925231	0.933898	3
5	144000001	0.845247	0.933898	3
5	145000001	1.15699	0.933898	3
5	146000001	0.857312	0.933898	3
5	147000001	0.870161	0.933898	3
5	148000001	0.706677	0.933898	3
5	149000001	1.33934	0.933898	3
5	150000001	1.05073	0.933898	3
5	151000001	0.931095	0.933898	3
5	152000001	0.785535	0.933898	3
5	153000001	0.799997	0.933898	3
5	154000001	1.12424	0.933898	3
5	155000001	0.814377	0.933898	3
5	156000001	0.954095	0.933898	3
5	157000001	1.19021	0.933898	3
5	158000001	0.964494	0.933898	3
5	159000001	1.07583	0.933898	3
5	160000001	0.988924	0.933898	3
5	161000001	0.776085	0.933898	3
5	162000001	0.755251	0.933898	3
5	163000001	0.698581	0.933898	3
5	164000001	0.667864	0.933898	3
5	165000001	0.896044	0.933898	3
5	166000001	1.03687	0.933898	3
5	167000001	0.681124	0.933898	3
5	168000001	1.06628	0.933898	3
5	169000001	0.836965	0.933898	3
5	170000001	1.06886	0.933898	3
5	171000001	1.26167	0.933898	3
5	172000001	0.801721	0.933898	3
5	173000001	0.933898	0.933898	3
5	174000001	0.990517	0.933898	3
5	175000001	0.824998	0.933898	3
5	176000001	1.50563	1.2149	4
5	177000001	1.19688	1.2149	4
5	178000001	0.930655	1.2149	4
5	179000001	1.17063	1.2149	4
5	180000001	1.23293	1.2149	4
5	181000001	1.48154	1.2149	4
6	1	1.28315	1.30957	4
6	1000001	1.39459	1.30957	4
6	2000001	1.58223	1.30957	4
6	3000001	1.4333	1.30957	4
6	4000001	1.0633	1.30957	4
6	5000001	1.07002	1.30957	4
6	6000001	1.3708	1.30957	4
6	7000001	1.21312	1.30957	4
6	8000001	1.16919	1.30957	4
6	9000001	1.42451	1.30957	4
6	10000001	1.36255	1.30957	4
6	11000001	1.50007	1.30957	4
6	12000001	1.20746	1.30957	4
6	13000001	1.11743	1.30957	4
6	14000001	1.22563	1.30957	4
6	15000001	1.59834	1.30957	4
6	16000001	1.16077	1.30957	4
6	17000001	1.31164	1.30957	4
6	18000001	1.40646	1.30957	4
6	19000001	1.23871	1.30957	4
6	20000001	1.1523	1.30957	4
6	21000001	1.24188	1.30957	4
6	22000001	1.27927	1.30957	4
6	23000001	1.22185	1.30957	4
6	24000001	1.23878	1.30957	4
6	25000001	0.997475	1.30957	4
6	26000001	1.11697	1.30957	4
6	27000001	1.05551	1.30957	4
6	28000001	1.15255	1.30957	4
6	29000001	1.39057	1.30957	4
6	30000001	1.43982	1.30957	4
6	31000001	1.52488	1.30957	4
6	32000001	1.4374	1.30957	4
6	33000001	1.69628	1.30957	4
6	34000001	1.30751	1.30957	4
6	35000001	1.53052	1.30957	4
6	36000001	1.13658	1.30957	4
6	37000001	1.61844	1.30957	4
6	38000001	0.99187	1.30957	4
6	39000001	1.53214	1.30957	4
6	40000001	1.37885	1.30957	4
6	41000001	1.63485	1.30957	4
6	42000001	1.36612	1.30957	4
6	43000001	1.36549	1.30957	4
6	44000001	1.42831	1.30957	4
6	45000001	1.30538	1.30957	4
6	46000001	1.27638	1.30957	4
6	47000001	1.41601	1.30957	4
6	48000001	0.96757	1.06136	3
6	49000001	1.23086	1.06136	3
6	50000001	1.06136	1.06136	3
6	51000001	1.10199	1.06136	3
6	52000001	0.813995	1.06136	3
6	53000001	0.891992	1.06136	3
6	54000001	0.982776	1.06136	3
6	55000001	1.26191	1.06136	3
6	56000001	1.20024	1.06136	3
6	57000001	0.963218	1.06136	3
6	58000001	1.0566	1.06136	3
6	59000001	1.09891	1.06136	3
6	60000001	1.39706	1.06136	3
6	61000001	0.708887	0.884201	3
6	62000001	0.88457	0.884201	3
6	63000001	0.737255	0.884201	3
6	64000001	0.742921	0.884201	3
6	65000001	0.849534	0.884201	3
6	66000001	0.584777	0.884201	3
6	67000001	0.86305	0.884201	3
6	68000001	0.801501	0.884201	3
6	69000001	0.937755	0.884201	3
6	70000001	0.873474	0.884201	3
6	71000001	0.799444	0.884201	3
6	72000001	0.859483	0.884201	3
6	73000001	0.896458	0.884201	3
6	74000001	0.905956	0.884201	3
6	75000001	1.0796	0.884201	3
6	76000001	0.894651	0.884201	3
6	77000001	1.02265	0.884201	3
6	78000001	0.616882	0.884201	3
6	79000001	1.02404	0.884201	3
6	80000001	0.956163	0.884201	3
6	81000001	1.0216	0.884201	3
6	82000001	1.03897	0.884201	3
6	83000001	0.854125	0.884201	3
6	84000001	0.981017	0.884201	3
6	85000001	1.00374	0.884201	3
6	86000001	0.856863	0.884201	3
6	87000001	0.914756	0.884201	3
6	88000001	0.961165	0.884201	3
6	89000001	0.912164	0.884201	3
6	90000001	0.835124	0.884201	3
6	91000001	0.7077	0.884201	3
6	92000001	0.920024	0.884201	3
6	93000001	1.05747	0.884201	3
6	94000001	0.645663	0.884201	3
6	95000001	0.784898	0.884201	3
6	96000001	0.728865	0.884201	3
6	97000001	0.917523	0.884201	3
6	98000001	0.883831	0.884201	3
6	99000001	0.834306	0.884201	3
6	100000001	0.767145	0.884201	3
6	101000001	0.940641	0.884201	3
6	102000001	0.826358	0.884201	3
6	103000001	0.877703	0.884201	3
6	104000001	1.03407	0.884201	3
6	105000001	1.04672	0.884201	3
6	106000001	0.830298	0.884201	3
6	107000001	0.805318	0.884201	3
6	108000001	0.705402	0.884201	3
6	109000001	1.31274	0.884201	3
6	110000001	0.984608	0.884201	3
6	111000001	0.880649	0.884201	3
6	112000001	0.896939	0.884201	3
6	113000001	0.729712	0.884201	3
6	114000001	1.13063	0.884201	3
6	115000001	0.84615	0.884201	3
6	116000001	1.00715	0.884201	3
6	117000001	0.827963	0.884201	3
6	118000001	0.869366	0.884201	3
6	119000001	0.818642	0.884201	3
6	120000001	1.02994	0.884201	3
6	121000001	1.09128	0.884201	3
6	122000001	1.00149	0.884201	3
6	123000001	0.907388	0.884201	3
6	124000001	0.95298	0.884201	3
6	125000001	0.951399	0.884201	3
6	126000001	0.831529	0.884201	3
6	127000001	0.965163	0.884201	3
6	128000001	0.809603	0.884201	3
6	129000001	0.797596	0.884201	3
6	130000001	1.07655	0.884201	3
6	131000001	0.908435	0.884201	3
6	132000001	0.957447	0.884201	3
6	133000001	0.809248	0.884201	3
6	134000001	0.814867	0.884201	3
6	135000001	1.21551	1.13722	3
6	136000001	1.3708	1.13722	3
6	137000001	1.04961	1.13722	3
6	138000001	1.48737	1.13722	3
6	139000001	1.02465	1.13722	3
6	140000001	1.38058	1.13722	3
6	141000001	1.07468	1.13722	3
6	142000001	1.04926	1.13722	3
6	143000001	1.00794	1.13722	3
6	144000001	1.37648	1.13722	3
6	145000001	1.06913	1.13722	3
6	146000001	1.23543	1.13722	3
6	147000001	1.13722	1.13722	3
6	148000001	1.48324	1.36048	4
6	149000001	1.12641	1.36048	4
6	150000001	1.3927	1.36048	4
6	151000001	1.81828	1.36048	4
6	152000001	1.35916	1.36048	4
6	153000001	1.16327	1.36048	4
6	154000001	1.17841	1.36048	4
6	155000001	1.26526	1.36048	4
6	156000001	1.3839	1.36048	4
6	157000001	1.26902	1.36048	4
6	158000001	1.18061	1.36048	4
6	159000001	1.37082	1.36048	4
6	160000001	1.20572	1.36048	4
6	161000001	1.50832	1.36048	4
6	162000001	1.3397	1.36048	4
6	163000001	1.19936	1.36048	4
6	164000001	1.41074	1.36048	4
6	165000001	1.32277	1.36048	4
6	166000001	1.38635	1.36048	4
6	167000001	1.57068	1.36048	4
6	168000001	1.72217	1.36048	4
6	169000001	1.36048	1.36048	4
6	170000001	1.37325	1.36048	4
7	1	1.25783	1.21675	4
7	1000001	1.47673	1.21675	4
7	2000001	1.36175	1.21675	4
7	3000001	1.17566	1.21675	4
7	4000001	1.1635	1.21675	4
7	5000001	1.04231	1.21675	4
7	6000001	1.13731	1.21675	4
7	7000001	1.38799	1.21675	4
7	8000001	0.853185	0.952075	3
7	9000001	0.81543	0.952075	3
7	10000001	0.962112	0.952075	3
7	11000001	0.756036	0.952075	3
7	12000001	1.01666	0.952075	3
7	13000001	0.881544	0.952075	3
7	14000001	0.910306	0.952075	3
7	15000001	0.935835	0.952075	3
7	16000001	0.958519	0.952075	3
7	17000001	0.915271	0.952075	3
7	18000001	0.693844	0.952075	3
7	19000001	1.04634	0.952075	3
7	20000001	1.07579	0.952075	3
7	21000001	0.807842	0.952075	3
7	22000001	0.847275	0.952075	3
7	23000001	0.950463	0.952075	3
7	24000001	1.00322	0.952075	3
7	25000001	1.02607	0.952075	3
7	26000001	0.806267	0.952075	3
7	27000001	1.09328	0.952075	3
7	28000001	1.06731	0.952075	3
7	29000001	1.05174	0.952075	3
7	30000001	0.911997	0.952075	3
7	31000001	1.00435	0.952075	3
7	32000001	0.942122	0.952075	3
7	33000001	0.891849	0.952075	3
7	34000001	1.04361	0.952075	3
7	35000001	0.976045	0.952075	3
7	36000001	1.22282	0.952075	3
7	37000001	0.953687	0.952075	3
7	38000001	0.850875	0.952075	3
7	39000001	0.788436	0.952075	3
7	40000001	1.09156	0.952075	3
7	41000001	1.13062	0.952075	3
7	42000001	0.946045	0.952075	3
7	43000001	0.987539	0.952075	3
7	44000001	1.08735	0.952075	3
7	45000001	0.962842	0.952075	3
7	46000001	0.954358	0.952075	3
7	47000001	0.889798	0.952075	3
7	48000001	0.994134	0.952075	3
7	49000001	0.977764	0.952075	3
7	50000001	0.881242	0.952075	3
7	51000001	0.828876	0.952075	3
7	52000001	0.718034	0.952075	3
7	53000001	0.649941	0.952075	3
7	54000001	1.59759	1.18825	4
7	55000001	1.05267	1.18825	4
7	56000001	1.18266	1.18825	4
7	57000001	1.17859	1.18825	4
7	58000001	1.40462	1.18825	4
7	59000001	1.49187	1.18825	4
7	60000001	1.33724	1.18825	4
7	61000001	1.19384	1.18825	4
7	62000001	1.14669	1.18825	4
7	63000001	1.17888	1.18825	4
7	64000001	1.17837	1.18825	4
7	65000001	1.1457	1.18825	4
7	66000001	1.48887	1.18825	4
7	67000001	1.24979	1.18825	4
7	68000001	1.4101	1.18825	4
7	69000001	1.06402	1.18825	4
7	70000001	1.57541	1.50006	5
7	71000001	1.19609	1.50006	5
7	72000001	1.4096	1.50006	5
7	73000001	1.59969	1.50006	5
7	74000001	1.58092	1.50006	5
7	75000001	1.35458	1.50006	5
7	76000001	1.50006	1.50006	5
7	77000001	1.19094	1.14963	3
7	78000001	1.14963	1.14963	3
7	79000001	1.07322	1.14963	3
7	80000001	1.30344	1.14963	3
7	81000001	1.07635	1.14963	3
7	82000001	1.12158	1.14963	3
7	83000001	0.985924	1.14963	3
7	84000001	1.29628	1.14963	3
7	85000001	0.969486	1.14963	3
7	86000001	1.18693	1.14963	3
7	87000001	1.27509	1.14963	3
7	88000001	1.05213	1.14963	3
7	89000001	1.2259	1.14963	3
7	90000001	1.15996	1.14963	3
7	91000001	1.2286	1.14963	3
7	92000001	1.1762	1.14963	3
7	93000001	1.06377	1.14963	3
7	94000001	0.973264	1.14963	3
7	95000001	1.04912	1.14963	3
7	96000001	1.08978	1.14963	3
7	97000001	1.21795	1.14963	3
7	98000001	1.48938	1.36428	4
7	99000001	1.27611	1.36428	4
7	100000001	1.70449	1.36428	4
7	101000001	1.57131	1.36428	4
7	102000001	1.4345	1.36428	4
7	103000001	1.13655	1.36428	4
7	104000001	1.05357	1.36428	4
7	105000001	1.48103	1.36428	4
7	106000001	1.40468	1.36428	4
7	107000001	1.4889	1.36428	4
7	108000001	1.11307	1.36428	4
7	109000001	1.16753	1.36428	4
7	110000001	1.33399	1.36428	4
7	111000001	1.42599	1.36428	4
7	112000001	1.54884	1.36428	4
7	113000001	1.23365	1.36428	4
7	114000001	1.37509	1.36428	4
7	115000001	1.18734	1.36428	4
7	116000001	1.39453	1.36428	4
7	117000001	1.28295	1.36428	4
7	118000001	1.32823	1.36428	4
7	119000001	1.6219	1.36428	4
7	120000001	1.35347	1.36428	4
7	121000001	1.24959	1.36428	4
7	122000001	1.18654	1.36428	4
7	123000001	1.48947	1.36428	4
7	124000001	1.68482	1.36428	4
7	125000001	0.881127	1.36428	4
7	126000001	1.52176	1.52694	5
7	127000001	1.55931	1.52694	5
7	128000001	1.93549	1.52694	5
7	129000001	1.34204	1.52694	5
7	130000001	1.32789	1.52694	5
7	131000001	1.64825	1.52694	5
7	132000001	1.70282	1.52694	5
7	133000001	1.36689	1.52694	5
7	134000001	1.52397	1.52694	5
7	135000001	1.37808	1.52694	5
7	136000001	1.44216	1.52694	5
7	137000001	1.4695	1.52694	5
7	138000001	1.52694	1.52694	5
7	139000001	1.79414	1.52694	5
7	140000001	1.64423	1.52694	5
7	141000001	1.63712	1.52694	5
7	142000001	1.80331	1.52694	5
7	143000001	1.59537	1.52694	5
7	144000001	1.62071	1.52694	5
7	145000001	1.07939	1.52694	5
7	146000001	1.33107	1.52694	5
7	147000001	1.51966	1.52694	5
7	148000001	1.49492	1.52694	5
7	149000001	1.63072	1.52694	5
7	150000001	1.65405	1.52694	5
7	151000001	1.79452	1.52694	5
7	152000001	1.36458	1.52694	5
7	153000001	1.46436	1.52694	5
7	154000001	1.73645	1.52694	5
7	155000001	1.52204	1.52694	5
7	156000001	1.58691	1.52694	5
7	157000001	2.36892	2.13425	6
7	158000001	2.13425	2.13425	6
7	159000001	1.6662	2.13425	6
8	1	0.995797	1.05451	3
8	1000001	1.29008	1.05451	3
8	2000001	0.981224	1.05451	3
8	3000001	0.903881	1.05451	3
8	4000001	1.01046	1.05451	3
8	5000001	0.792069	1.05451	3
8	6000001	1.09405	1.05451	3
8	7000001	1.15772	1.05451	3
8	8000001	1.05447	1.05451	3
8	9000001	0.922523	1.05451	3
8	10000001	1.27223	1.05451	3
8	11000001	1.05455	1.05451	3
8	12000001	1.16476	1.05451	3
8	13000001	1.12978	1.05451	3
8	14000001	0.829656	0.856405	3
8	15000001	0.852505	0.856405	3
8	16000001	0.738392	0.856405	3
8	17000001	1.00601	0.856405	3
8	18000001	0.964936	0.856405	3
8	19000001	0.847538	0.856405	3
8	20000001	0.802624	0.856405	3
8	21000001	1.08067	0.856405	3
8	22000001	1.18248	0.856405	3
8	23000001	0.957974	0.856405	3
8	24000001	0.95298	0.856405	3
8	25000001	0.856405	0.856405	3
8	26000001	0.672458	0.856405	3
8	27000001	1.16853	1.22188	4
8	28000001	1.27524	1.22188	4
8	29000001	0.807378	0.9193	3
8	30000001	0.892343	0.9193	3
8	31000001	0.99592	0.9193	3
8	32000001	0.986922	0.9193	3
8	33000001	0.652943	0.9193	3
8	34000001	0.839714	0.9193	3
8	35000001	0.911573	0.9193	3
8	36000001	0.995591	0.9193	3
8	37000001	0.919425	0.9193	3
8	38000001	0.824894	0.9193	3
8	39000001	0.842297	0.9193	3
8	40000001	0.95298	0.9193	3
8	41000001	1.06782	0.9193	3
8	42000001	0.78774	0.9193	3
8	43000001	1.07306	0.9193	3
8	44000001	0.884396	0.9193	3
8	45000001	0.599173	0.9193	3
8	46000001	0.924888	0.9193	3
8	47000001	0.961565	0.9193	3
8	48000001	0.931013	0.9193	3
8	49000001	0.919176	0.9193	3
8	50000001	0.574962	0.9193	3
8	51000001	0.844684	0.9193	3
8	52000001	0.758232	0.9193	3
8	53000001	0.926799	0.9193	3
8	54000001	0.839328	0.9193	3
8	55000001	1.14199	0.9193	3
8	56000001	1.19439	0.9193	3
8	57000001	0.930197	0.9193	3
8	58000001	0.803122	0.9193	3
8	59000001	0.733773	0.9193	3
8	60000001	1.0745	0.9193	3
8	61000001	0.961125	0.9193	3
8	62000001	0.943666	0.9193	3
8	63000001	1.07968	0.9193	3
8	64000001	0.83843	0.9193	3
8	65000001	0.704297	0.9193	3
8	66000001	0.922849	0.9193	3
8	67000001	0.723259	0.9193	3
8	68000001	0.783062	0.9193	3
8	69000001	1.07685	0.9193	3
8	70000001	1.02718	0.9193	3
8	71000001	0.747182	0.9193	3
8	72000001	1.03171	0.9193	3
8	73000001	1.06385	0.9193	3
8	74000001	0.995547	0.9193	3
8	75000001	0.919637	0.9193	3
8	76000001	1.04944	0.9193	3
8	77000001	0.869761	0.9193	3
8	78000001	0.835855	0.9193	3
8	79000001	0.806262	0.9193	3
8	80000001	0.944185	0.9193	3
8	81000001	0.875602	0.9193	3
8	82000001	0.564887	0.9193	3
8	83000001	0.957098	0.9193	3
8	84000001	0.765358	0.9193	3
8	85000001	1.37504	1.37504	4
8	86000001	0.83778	0.935017	3
8	87000001	1.03225	0.935017	3
8	88000001	0.502298	0.502298	2
8	89000001	1.11779	0.993097	3
8	90000001	0.82475	0.993097	3
8	91000001	1.0802	0.993097	3
8	92000001	0.924015	0.993097	3
8	93000001	0.991008	0.993097	3
8	94000001	0.926836	0.993097	3
8	95000001	0.98585	0.993097	3
8	96000001	1.00857	0.993097	3
8	97000001	0.995186	0.993097	3
8	98000001	1.06692	0.993097	3
8	99000001	0.740351	0.993097	3
8	100000001	0.981833	0.993097	3
8	101000001	1.06092	0.993097	3
8	102000001	1.20484	0.993097	3
8	103000001	1.0511	0.993097	3
8	104000001	0.733186	0.993097	3
8	105000001	1.07901	0.993097	3
8	106000001	0.905275	0.993097	3
8	107000001	0.95679	0.993097	3
8	108000001	1.20532	0.993097	3
8	109000001	0.788088	0.833965	3
8	110000001	0.779591	0.833965	3
8	111000001	0.830664	0.833965	3
8	112000001	0.816166	0.833965	3
8	113000001	0.827517	0.833965	3
8	114000001	0.847991	0.833965	3
8	115000001	0.982274	0.833965	3
8	116000001	0.730697	0.833965	3
8	117000001	0.9314	0.833965	3
8	118000001	0.820774	0.833965	3
8	119000001	0.92384	0.833965	3
8	120000001	1.00969	0.833965	3
8	121000001	0.837267	0.833965	3
8	122000001	1.05622	0.833965	3
8	123000001	0.811744	0.833965	3
8	124000001	0.709848	0.833965	3
8	125000001	0.849492	0.833965	3
8	126000001	0.895169	0.833965	3
8	127000001	1.20683	0.919226	3
8	128000001	0.909061	0.919226	3
8	129000001	0.846169	0.919226	3
8	130000001	1.03089	0.919226	3
8	131000001	0.686007	0.919226	3
8	132000001	1.08673	0.919226	3
8	133000001	0.919226	0.919226	3
8	134000001	0.992707	0.919226	3
8	135000001	0.821571	0.919226	3
8	136000001	0.79597	0.919226	3
8	137000001	1.02902	0.919226	3
8	138000001	2.95471	2.95471	9
8	139000001	1.15019	1.17779	4
8	140000001	1.20771	1.17779	4
8	141000001	1.2894	1.17779	4
8	142000001	1.28284	1.17779	4
8	143000001	1.17779	1.17779	4
8	144000001	1.12986	1.17779	4
8	145000001	0.973888	1.17779	4
9	1	0.821727	0.573488	2
9	1000001	0.683802	0.573488	2
9	2000001	0.708688	0.573488	2
9	3000001	0.573488	0.573488	2
9	4000001	0.746659	0.573488	2
9	5000001	0.661792	0.573488	2
9	6000001	0.568556	0.573488	2
9	7000001	0.514241	0.573488	2
9	8000001	0.618431	0.573488	2
9	9000001	0.491325	0.573488	2
9	10000001	0.483342	0.573488	2
9	11000001	0.501157	0.573488	2
9	12000001	0.54134	0.573488	2
9	13000001	0.604092	0.573488	2
9	14000001	0.506888	0.573488	2
9	15000001	0.686579	0.573488	2
9	16000001	0.519047	0.573488	2
9	17000001	0.856797	0.573488	2
9	18000001	0.402199	0.573488	2
9	19000001	0.78172	0.573488	2
9	20000001	0.515605	0.573488	2
9	21000001	0.0243135	0.120587	0
9	22000001	0.0853873	0.120587	0
9	23000001	0.0883498	0.120587	0
9	24000001	0.0740008	0.120587	0
9	25000001	0.0458403	0.120587	0
9	26000001	0.173558	0.120587	0
9	27000001	0.423706	0.120587	0
9	28000001	0.237633	0.120587	0
9	29000001	0.188064	0.120587	0
9	30000001	0.120587	0.120587	0
9	31000001	0.240281	0.120587	0
9	32000001	0.510386	0.660843	2
9	33000001	0.783459	0.660843	2
9	34000001	0.713166	0.660843	2
9	35000001	0.654291	0.660843	2
9	36000001	0.660843	0.660843	2
9	37000001	1.41585	1.05848	3
9	38000001	1.08157	1.05848	3
9	39000001	0.541602	1.05848	3
9	40000001	1.05434	1.05848	3
9	41000001	1.05848	1.05848	3
9	42000001	0.848018	1.05848	3
9	43000001	1.19409	1.05848	3
9	44000001	1.64362	1.67948	5
9	45000001	1.71533	1.67948	5
9	46000001	-1	-1	3
9	47000001	-1	-1	3
9	48000001	-1	-1	3
9	49000001	-1	-1	3
9	50000001	-1	-1	3
9	51000001	-1	-1	3
9	52000001	-1	-1	3
9	53000001	-1	-1	3
9	54000001	-1	-1	3
9	55000001	-1	-1	3
9	56000001	-1	-1	3
9	57000001	-1	-1	3
9	58000001	-1	-1	3
9	59000001	-1	-1	3
9	60000001	1.12613	0.99332	3
9	61000001	0.860511	0.99332	3
9	62000001	0.739013	0.99332	3
9	63000001	1.2066	0.99332	3
9	64000001	0.715563	0.99332	3
9	65000001	1.14158	0.99332	3
9	66000001	0.721997	0.643595	2
9	67000001	0.700899	0.643595	2
9	68000001	0.708853	0.643595	2
9	69000001	0.831206	0.643595	2
9	70000001	0.51974	0.643595	2
9	71000001	0.570536	0.643595	2
9	72000001	0.63057	0.643595	2
9	73000001	0.568609	0.643595	2
9	74000001	0.599183	0.643595	2
9	75000001	0.832655	0.643595	2
9	76000001	0.710986	0.643595	2
9	77000001	0.708284	0.643595	2
9	78000001	0.57975	0.643595	2
9	79000001	0.643595	0.643595	2
9	80000001	0.754355	0.643595	2
9	81000001	0.600703	0.643595	2
9	82000001	0.674009	0.643595	2
9	83000001	0.448345	0.643595	2
9	84000001	0.631228	0.643595	2
9	85000001	0.696827	0.643595	2
9	86000001	0.683503	0.643595	2
9	87000001	0.725281	0.643595	2
9	88000001	0.569634	0.643595	2
9	89000001	0.521859	0.643595	2
9	90000001	0.567555	0.643595	2
9	91000001	0.836149	1.03042	3
9	92000001	0.922808	1.03042	3
9	93000001	1.17326	1.03042	3
9	94000001	1.13447	1.03042	3
9	95000001	0.77795	1.03042	3
9	96000001	1.2382	1.03042	3
9	97000001	1.12562	1.03042	3
9	98000001	1.14158	1.03042	3
9	99000001	1.0964	1.03042	3
9	100000001	0.763519	1.03042	3
9	101000001	0.767015	1.03042	3
9	102000001	0.867274	1.03042	3
9	103000001	0.995068	1.03042	3
9	104000001	1.10954	1.03042	3
9	105000001	0.941383	1.03042	3
9	106000001	1.07376	1.03042	3
9	107000001	1.03042	1.03042	3
9	108000001	1.1149	1.03042	3
9	109000001	1.12654	1.03042	3
9	110000001	1.22261	1.03042	3
9	111000001	0.915951	1.03042	3
9	112000001	0.857197	1.03042	3
9	113000001	1.12161	1.03042	3
9	114000001	1.14237	1.03042	3
9	115000001	0.742232	1.03042	3
9	116000001	0.799562	1.03042	3
9	117000001	1.12	1.03042	3
9	118000001	0.77475	1.03042	3
9	119000001	0.670432	1.03042	3
9	120000001	1.12942	1.09352	3
9	121000001	1.43526	1.09352	3
9	122000001	1.00503	1.09352	3
9	123000001	0.954723	1.09352	3
9	124000001	1.27092	1.09352	3
9	125000001	0.917765	1.09352	3
9	126000001	1.2616	1.09352	3
9	127000001	1.05763	1.09352	3
9	128000001	1.53906	1.49	4
9	129000001	1.44093	1.49	4
9	130000001	3.45589	3.45589	10
9	131000001	2.76027	2.76027	8
9	132000001	1.14737	1.28842	4
9	133000001	1.28842	1.28842	4
9	134000001	1.69404	1.28842	4
9	135000001	1.08831	1.28842	4
9	136000001	1.31766	1.28842	4
9	137000001	1.14403	1.28842	4
9	138000001	1.68401	1.28842	4
X	1	0.678121	0.556031	2
X	1000001	0.607062	0.556031	2
X	2000001	0.392802	0.556031	2
X	3000001	0.878226	0.556031	2
X	4000001	0.556031	0.556031	2
X	5000001	0.542149	0.556031	2
X	6000001	0.396163	0.556031	2
X	7000001	0.4817	0.556031	2
X	8000001	0.48096	0.556031	2
X	9000001	0.746683	0.556031	2
X	10000001	0.566042	0.556031	2
X	11000001	1.28237	1.28237	4
X	12000001	0.575051	0.595127	2
X	13000001	0.559598	0.595127	2
X	14000001	0.567545	0.595127	2
X	15000001	0.523653	0.595127	2
X	16000001	0.587231	0.595127	2
X	17000001	0.505039	0.595127	2
X	18000001	0.790182	0.595127	2
X	19000001	0.647618	0.595127	2
X	20000001	0.480492	0.595127	2
X	21000001	0.667237	0.595127	2
X	22000001	0.567466	0.595127	2
X	23000001	0.527081	0.595127	2
X	24000001	0.641459	0.595127	2
X	25000001	0.51256	0.595127	2
X	26000001	0.622334	0.595127	2
X	27000001	0.486046	0.595127	2
X	28000001	0.666634	0.595127	2
X	29000001	0.341176	0.595127	2
X	30000001	0.608309	0.595127	2
X	31000001	0.50822	0.595127	2
X	32000001	0.610056	0.595127	2
X	33000001	0.514261	0.595127	2
X	34000001	0.593517	0.595127	2
X	35000001	0.509898	0.595127	2
X	36000001	0.519571	0.595127	2
X	37000001	0.596736	0.595127	2
X	38000001	0.392067	0.595127	2
X	39000001	0.722119	0.595127	2
X	40000001	0.650177	0.595127	2
X	41000001	0.528866	0.595127	2
X	42000001	0.601005	0.595127	2
X	43000001	0.528379	0.595127	2
X	44000001	0.619857	0.595127	2
X	45000001	0.558618	0.595127	2
X	46000001	0.676755	0.595127	2
X	47000001	0.803083	0.595127	2
X	48000001	0.705901	0.595127	2
X	49000001	0.605882	0.595127	2
X	50000001	0.523333	0.595127	2
X	51000001	0.804205	0.595127	2
X	52000001	0.400259	0.595127	2
X	53000001	0.759706	0.595127	2
X	54000001	0.481459	0.595127	2
X	55000001	0.51193	0.595127	2
X	56000001	0.624686	0.595127	2
X	57000001	0.802716	0.595127	2
X	58000001	0.74384	0.595127	2
X	59000001	0.713391	0.595127	2
X	60000001	0.639106	0.595127	2
X	61000001	0.628256	0.595127	2
X	62000001	0.447399	0.368393	1
X	63000001	0.361607	0.368393	1
X	64000001	0.343588	0.368393	1
X	65000001	0.574167	0.368393	1
X	66000001	0.523824	0.368393	1
X	67000001	0.306344	0.368393	1
X	68000001	0.559302	0.368393	1
X	69000001	0.399803	0.368393	1
X	70000001	0.497824	0.368393	1
X	71000001	0.33704	0.368393	1
X	72000001	0.27366	0.368393	1
X	73000001	0.395377	0.368393	1
X	74000001	0.306216	0.368393	1
X	75000001	0.333748	0.368393	1
X	76000001	0.368393	0.368393	1
X	77000001	0.811271	0.711695	2
X	78000001	0.612118	0.711695	2
X	79000001	0.253053	0.311277	1
X	80000001	0.231472	0.311277	1
X	81000001	0.459361	0.311277	1
X	82000001	0.228414	0.311277	1
X	83000001	0.311277	0.311277	1
X	84000001	0.283866	0.311277	1
X	85000001	0.451955	0.311277	1
X	86000001	0.462478	0.311277	1
X	87000001	0.356461	0.311277	1
X	88000001	0.933219	0.933219	3
X	89000001	0.326	0.26972	1
X	90000001	0.206623	0.26972	1
X	91000001	0.228668	0.26972	1
X	92000001	0.213774	0.26972	1
X	93000001	0.337453	0.26972	1
X	94000001	0.232245	0.26972	1
X	95000001	0.409086	0.26972	1
X	96000001	0.273722	0.26972	1
X	97000001	0.277003	0.26972	1
X	98000001	0.334001	0.26972	1
X	99000001	0.265717	0.26972	1
X	100000001	0.15925	0.26972	1
X	101000001	0.200663	0.26972	1
X	102000001	0.305801	0.26972	1
X	103000001	0.359622	0.331888	1
X	104000001	0.357002	0.331888	1
X	105000001	0.270429	0.331888	1
X	106000001	0.319739	0.331888	1
X	107000001	0.482815	0.331888	1
X	108000001	0.287353	0.331888	1
X	109000001	0.241449	0.331888	1
X	110000001	0.483935	0.331888	1
X	111000001	0.40528	0.331888	1
X	112000001	0.331888	0.331888	1
X	113000001	0.320325	0.331888	1
X	114000001	0.656108	0.331888	1
X	115000001	0.407393	0.331888	1
X	116000001	0.255978	0.331888	1
X	117000001	0.32819	0.331888	1
X	118000001	0.398005	0.331888	1
X	119000001	0.427654	0.331888	1
X	120000001	0.436953	0.331888	1
X	121000001	0.457846	0.331888	1
X	122000001	0.285971	0.331888	1
X	123000001	0.376926	0.331888	1
X	124000001	0.325833	0.331888	1
X	125000001	0.205234	0.331888	1
X	126000001	0.592847	0.331888	1
X	127000001	0.345273	0.331888	1
X	128000001	0.361969	0.331888	1
X	129000001	0.25513	0.331888	1
X	130000001	0.353662	0.331888	1
X	131000001	0.358149	0.331888	1
X	132000001	0.210774	0.331888	1
X	133000001	0.311882	0.331888	1
X	134000001	0.294191	0.331888	1
X	135000001	0.714052	0.331888	1
X	136000001	0.395111	0.331888	1
X	137000001	0.312539	0.331888	1
X	138000001	0.315296	0.331888	1
X	139000001	0.317301	0.331888	1
X	140000001	0.271335	0.331888	1
X	141000001	0.457482	0.331888	1
X	142000001	0.258336	0.331888	1
X	143000001	0.340076	0.331888	1
X	144000001	0.306053	0.331888	1
X	145000001	0.224866	0.331888	1
X	146000001	0.348919	0.331888	1
X	147000001	0.413242	0.331888	1
X	148000001	0.239528	0.331888	1
X	149000001	0.314764	0.331888	1
X	150000001	0.48668	0.48668	1
X	151000001	0.521761	0.48668	1
X	152000001	0.23481	0.48668	1
X	153000001	0.426629	0.48668	1
X	154000001	0.505988	0.48668	1
X	155000001	0.323687	0.48668	1
X	156000001	1.49477	0.48668	1
Y	1	-1	-1	0
Y	1000001	-1	-1	0
Y	2000001	0	0.055163	0
Y	3000001	0.03922	0.055163	0
Y	4000001	0.0967187	0.055163	0
Y	5000001	0.0400788	0.055163	0
Y	6000001	0.0756907	0.055163	0
Y	7000001	0.0747419	0.055163	0
Y	8000001	0.013066	0.055163	0
Y	9000001	0.0702471	0.055163	0
Y	10000001	1.36479	1.14459	3
Y	11000001	0.924378	1.14459	3
Y	12000001	0.178001	0.136307	0
Y	13000001	0.136307	0.136307	0
Y	14000001	0.0460264	0.136307	0
Y	15000001	0.162973	0.136307	0
Y	16000001	0.0439264	0.136307	0
Y	17000001	0.247847	0.136307	0
Y	18000001	0.244566	0.136307	0
Y	19000001	0.019154	0.136307	0
Y	20000001	0.0751351	0.136307	0
Y	21000001	0.258586	0.244572	1
Y	22000001	0.244572	0.244572	1
Y	23000001	0.265139	0.244572	1
Y	24000001	0.165154	0.244572	1
Y	25000001	0.241914	0.244572	1
Y	26000001	0.264219	0.244572	1
Y	27000001	-1	0.244572	1
Y	28000001	-1	0.244572	1
Y	29000001	-1	0.244572	1
Y	30000001	-1	0.244572	1
Y	31000001	-1	0.244572	1
Y	32000001	-1	0.244572	1
Y	33000001	-1	0.244572	1
Y	34000001	-1	0.244572	1
Y	35000001	-1	0.244572	1
Y	36000001	-1	0.244572	1
Y	37000001	-1	0.244572	1
Y	38000001	-1	0.244572	1
Y	39000001	-1	0.244572	1
Y	40000001	-1	0.244572	1
Y	41000001	-1	0.244572	1
Y	42000001	-1	0.244572	1
Y	43000001	-1	0.244572	1
Y	44000001	-1	0.244572	1
Y	45000001	-1	0.244572	1
Y	46000001	-1	0.244572	1
Y	47000001	-1	0.244572	1
Y	48000001	-1	0.244572	1
Y	49000001	-1	0.244572	1
Y	50000001	-1	0.244572	1
Y	51000001	-1	0.244572	1
Y	52000001	-1	0.244572	1
Y	53000001	-1	0.244572	1
Y	54000001	-1	0.244572	1
Y	55000001	-1	0.244572	1
Y	56000001	0.152248	0.244572	1
Y	57000001	-1	-1	1
