Chromosome	Start	Ratio	MedianRatio	CopyNumber
1	1	1.52161	1.38875	4
1	1000001	1.42999	1.38875	4
1	2000001	1.63322	1.38875	4
1	3000001	1.40189	1.38875	4
1	4000001	1.25248	1.38875	4
1	5000001	1.33864	1.38875	4
1	6000001	1.3943	1.38875	4
1	7000001	1.50723	1.38875	4
1	8000001	1.00556	1.38875	4
1	9000001	1.33733	1.38875	4
1	10000001	1.36126	1.38875	4
1	11000001	1.33574	1.38875	4
1	12000001	1.30184	1.38875	4
1	13000001	1.38875	1.38875	4
1	14000001	1.46782	1.38875	4
1	15000001	1.31023	1.38875	4
1	16000001	1.49996	1.38875	4
1	17000001	1.25246	1.38875	4
1	18000001	1.17719	1.38875	4
1	19000001	1.25858	1.38875	4
1	20000001	1.13641	1.38875	4
1	21000001	1.40038	1.38875	4
1	22000001	1.48437	1.38875	4
1	23000001	1.41668	1.38875	4
1	24000001	1.40005	1.38875	4
1	25000001	1.38154	1.38875	4
1	26000001	1.3007	1.38875	4
1	27000001	1.2884	1.38875	4
1	28000001	1.3265	1.38875	4
1	29000001	1.53558	1.38875	4
1	30000001	1.4251	1.38875	4
1	31000001	1.54128	1.38875	4
1	32000001	1.61574	1.38875	4
1	33000001	1.48376	1.38875	4
1	34000001	1.25605	1.38875	4
1	35000001	1.6258	1.38875	4
1	36000001	1.34925	1.38875	4
1	37000001	1.31263	1.38875	4
1	38000001	1.41615	1.38875	4
1	39000001	1.41932	1.38875	4
1	40000001	1.34481	1.38875	4
1	41000001	1.49572	1.38875	4
1	42000001	1.18471	1.38875	4
1	43000001	1.40747	1.38875	4
1	44000001	1.57077	1.38875	4
1	45000001	1.3338	1.38875	4
1	46000001	1.38702	1.38875	4
1	47000001	1.70274	1.38875	4
1	48000001	1.01819	1.38875	4
1	49000001	0.708905	1.38875	4
1	50000001	1.46632	1.38875	4
1	51000001	1.59083	1.38875	4
1	52000001	1.25901	1.38875	4
1	53000001	1.43966	1.38875	4
1	54000001	1.18798	1.38875	4
1	55000001	0.868631	0.826519	2
1	56000001	0.750957	0.826519	2
1	57000001	0.748218	0.826519	2
1	58000001	0.902436	0.826519	2
1	59000001	0.686462	0.826519	2
1	60000001	1.20256	0.826519	2
1	61000001	1.03589	0.826519	2
1	62000001	0.953984	0.826519	2
1	63000001	0.793032	0.826519	2
1	64000001	1.07606	0.826519	2
1	65000001	1.08582	0.826519	2
1	66000001	1.1354	0.826519	2
1	67000001	1.17236	0.826519	2
1	68000001	0.826519	0.826519	2
1	69000001	0.756576	0.826519	2
1	70000001	0.897434	0.826519	2
1	71000001	0.712657	0.826519	2
1	72000001	0.427268	0.826519	2
1	73000001	0.520504	0.826519	2
1	74000001	0.428103	0.826519	2
1	75000001	0.903824	0.826519	2
1	76000001	0.81073	0.826519	2
1	77000001	0.718347	0.826519	2
1	78000001	0.83452	0.826519	2
1	79000001	0.635711	0.826519	2
1	80000001	0.511349	0.826519	2
1	81000001	0.541473	0.826519	2
1	82000001	0.512216	0.826519	2
1	83000001	0.608583	0.826519	2
1	84000001	0.968184	0.826519	2
1	85000001	0.939153	0.826519	2
1	86000001	1.04181	0.826519	2
1	87000001	1.08269	0.826519	2
1	88000001	0.929403	0.826519	2
1	89000001	0.845688	0.826519	2
1	90000001	1.10229	0.826519	2
1	91000001	1.16533	0.826519	2
1	92000001	1.14548	0.826519	2
1	93000001	1.03974	0.826519	2
1	94000001	0.907112	0.826519	2
1	95000001	0.683807	0.826519	2
1	96000001	0.575239	0.826519	2
1	97000001	0.538178	0.826519	2
1	98000001	0.517297	0.826519	2
1	99000001	1.00151	0.826519	2
1	100000001	1.0439	0.826519	2
1	101000001	1.02298	0.826519	2
1	102000001	0.636673	0.826519	2
1	103000001	0.561619	0.826519	2
1	104000001	0.61374	0.826519	2
1	105000001	0.74832	0.826519	2
1	106000001	0.440618	0.826519	2
1	107000001	0.653207	0.826519	2
1	108000001	1.3681	1.32889	4
1	109000001	1.33755	1.32889	4
1	110000001	1.67007	1.32889	4
1	111000001	1.1695	1.32889	4
1	112000001	1.52123	1.32889	4
1	113000001	1.41333	1.32889	4
1	114000001	1.31749	1.32889	4
1	115000001	0.698018	1.32889	4
1	116000001	1.32024	1.32889	4
1	117000001	1.36794	1.32889	4
1	118000001	1.01277	1.32889	4
1	119000001	1.27714	1.32889	4
1	120000001	0.92104	1.32889	4
1	121000001	1.91201	1.32889	4
1	122000001	0.937682	0.875761	3
1	123000001	0.875761	0.875761	3
1	124000001	0.861292	0.875761	3
1	125000001	3.11621	-1	3
1	126000001	-1	-1	3
1	127000001	-1	-1	3
1	128000001	-1	-1	3
1	129000001	-1	-1	3
1	130000001	-1	-1	3
1	131000001	-1	-1	3
1	132000001	-1	-1	3
1	133000001	-1	-1	3
1	134000001	-1	-1	3
1	135000001	-1	-1	3
1	136000001	-1	-1	3
1	137000001	-1	-1	3
1	138000001	-1	-1	3
1	139000001	-1	-1	3
1	140000001	-1	-1	3
1	141000001	-1	-1	3
1	142000001	-1	-1	3
1	143000001	3.12844	-1	3
1	144000001	0.926556	1.05474	3
1	145000001	1.05502	1.05474	3
1	146000001	0.974471	1.05474	3
1	147000001	0.955683	1.05474	3
1	148000001	1.08016	1.05474	3
1	149000001	1.05447	1.05474	3
1	150000001	1.00615	1.05474	3
1	151000001	1.1353	1.05474	3
1	152000001	1.027	1.05474	3
1	153000001	1.05629	1.05474	3
1	154000001	1.01778	1.05474	3
1	155000001	0.857003	1.05474	3
1	156000001	1.06194	1.05474	3
1	157000001	1.03816	1.05474	3
1	158000001	0.954101	1.05474	3
1	159000001	0.954591	1.05474	3
1	160000001	0.886615	1.05474	3
1	161000001	0.93034	1.05474	3
1	162000001	1.15327	1.05474	3
1	163000001	0.776941	1.05474	3
1	164000001	0.741499	1.05474	3
1	165000001	1.19739	1.05474	3
1	166000001	1.32307	1.05474	3
1	167000001	1.26839	1.05474	3
1	168000001	1.10804	1.05474	3
1	169000001	1.07824	1.05474	3
1	170000001	0.754718	1.05474	3
1	171000001	0.97606	1.05474	3
1	172000001	1.04029	1.05474	3
1	173000001	1.37517	1.05474	3
1	174000001	1.2193	1.05474	3
1	175000001	1.10925	1.05474	3
1	176000001	1.22065	1.05474	3
1	177000001	0.717653	1.05474	3
1	178000001	1.21982	1.05474	3
1	179000001	1.43934	1.05474	3
1	180000001	1.45785	1.05474	3
1	181000001	1.10428	1.05474	3
1	182000001	1.28347	1.05474	3
1	183000001	1.43894	1.05474	3
1	184000001	1.41994	1.05474	3
1	185000001	1.07276	1.05474	3
1	186000001	0.960664	1.05474	3
1	187000001	0.773364	1.05474	3
1	188000001	0.930797	1.05474	3
1	189000001	0.915475	1.05474	3
1	190000001	1.0231	1.05474	3
1	191000001	0.841528	1.05474	3
1	192000001	1.23674	1.05474	3
1	193000001	1.19256	1.05474	3
1	194000001	0.53548	1.05474	3
1	195000001	1.00106	1.05474	3
1	196000001	1.10604	1.05474	3
1	197000001	1.13709	1.05474	3
1	198000001	1.6925	1.33971	4
1	199000001	1.03192	1.33971	4
1	200000001	1.33234	1.33971	4
1	201000001	1.55829	1.33971	4
1	202000001	1.22586	1.33971	4
1	203000001	1.50194	1.33971	4
1	204000001	1.22181	1.33971	4
1	205000001	1.5286	1.33971	4
1	206000001	1.58551	1.33971	4
1	207000001	1.40492	1.33971	4
1	208000001	1.07983	1.33971	4
1	209000001	1.31589	1.33971	4
1	210000001	0.997415	1.33971	4
1	211000001	1.34709	1.33971	4
1	212000001	1.49769	1.33971	4
1	213000001	1.27279	1.33971	4
1	214000001	0.722117	0.831819	2
1	215000001	0.90257	0.831819	2
1	216000001	0.894897	0.831819	2
1	217000001	0.768742	0.831819	2
1	218000001	0.697919	0.831819	2
1	219000001	0.981803	0.831819	2
1	220000001	1.19384	1.40339	4
1	221000001	1.3662	1.40339	4
1	222000001	1.40339	1.40339	4
1	223000001	1.52916	1.40339	4
1	224000001	1.5283	1.40339	4
1	225000001	1.36889	1.40339	4
1	226000001	1.50803	1.40339	4
1	227000001	1.37109	1.40339	4
1	228000001	1.68995	1.40339	4
1	229000001	1.48649	1.40339	4
1	230000001	1.58104	1.40339	4
1	231000001	1.24004	1.40339	4
1	232000001	1.02703	1.40339	4
1	233000001	1.31545	1.40339	4
1	234000001	1.57035	1.40339	4
1	235000001	1.57049	1.40339	4
1	236000001	1.28812	1.40339	4
1	237000001	0.940438	0.99736	3
1	238000001	0.678804	0.99736	3
1	239000001	0.872163	0.99736	3
1	240000001	0.961125	0.99736	3
1	241000001	1.13612	0.99736	3
1	242000001	0.874995	0.99736	3
1	243000001	0.98535	0.99736	3
1	244000001	1.05188	0.99736	3
1	245000001	1.386	0.99736	3
1	246000001	1.39483	0.99736	3
1	247000001	1.22255	0.99736	3
1	248000001	1.00937	0.99736	3
10	1	0.859619	0.818931	2
10	1000001	0.895471	0.818931	2
10	2000001	0.548943	0.818931	2
10	3000001	0.992725	0.818931	2
10	4000001	1.03671	0.818931	2
10	5000001	1.10274	0.818931	2
10	6000001	0.908515	0.818931	2
10	7000001	0.781795	0.818931	2
10	8000001	0.677535	0.818931	2
10	9000001	0.567513	0.818931	2
10	10000001	0.742051	0.818931	2
10	11000001	1.17105	0.818931	2
10	12000001	0.827889	0.818931	2
10	13000001	1.036	0.818931	2
10	14000001	0.733741	0.818931	2
10	15000001	1.07753	0.818931	2
10	16000001	1.21296	0.818931	2
10	17000001	0.946511	0.818931	2
10	18000001	0.677894	0.818931	2
10	19000001	0.482283	0.818931	2
10	20000001	0.6708	0.818931	2
10	21000001	0.985031	0.818931	2
10	22000001	1.09506	0.818931	2
10	23000001	0.733201	0.818931	2
10	24000001	0.753625	0.818931	2
10	25000001	0.754212	0.818931	2
10	26000001	0.643335	0.818931	2
10	27000001	0.77216	0.818931	2
10	28000001	0.809973	0.818931	2
10	29000001	0.842055	0.818931	2
10	30000001	1.06767	0.818931	2
10	31000001	0.806606	0.818931	2
10	32000001	0.942566	0.818931	2
10	33000001	0.997843	0.818931	2
10	34000001	0.980691	0.818931	2
10	35000001	0.99267	0.818931	2
10	36000001	0.557285	0.818931	2
10	37000001	0.572547	0.818931	2
10	38000001	0.725956	0.818931	2
10	39000001	0.770095	0.818931	2
10	40000001	1.2439	1.23006	4
10	41000001	1.1894	1.23006	4
10	42000001	1.00486	1.23006	4
10	43000001	1.47396	1.23006	4
10	44000001	0.762703	1.23006	4
10	45000001	1.26811	1.23006	4
10	46000001	1.09754	1.23006	4
10	47000001	1.21623	1.23006	4
10	48000001	1.40982	1.23006	4
10	49000001	1.29881	1.23006	4
10	50000001	1.40297	1.23006	4
10	51000001	1.12112	1.23006	4
10	52000001	0.840486	0.711437	2
10	53000001	0.559359	0.711437	2
10	54000001	0.858485	0.711437	2
10	55000001	0.758358	0.711437	2
10	56000001	0.664517	0.711437	2
10	57000001	0.64068	0.711437	2
10	58000001	0.998454	1.13743	3
10	59000001	0.960144	1.13743	3
10	60000001	1.54883	1.13743	3
10	61000001	1.20585	1.13743	3
10	62000001	0.94667	1.13743	3
10	63000001	1.27593	1.13743	3
10	64000001	1.0218	1.13743	3
10	65000001	0.783043	1.13743	3
10	66000001	0.805405	1.13743	3
10	67000001	0.937275	1.13743	3
10	68000001	1.1695	1.13743	3
10	69000001	1.38674	1.13743	3
10	70000001	1.34139	1.13743	3
10	71000001	1.38637	1.13743	3
10	72000001	1.28808	1.13743	3
10	73000001	1.26192	1.13743	3
10	74000001	1.31027	1.13743	3
10	75000001	0.983828	1.13743	3
10	76000001	0.648555	1.13743	3
10	77000001	1.24377	1.13743	3
10	78000001	1.01741	1.13743	3
10	79000001	1.32083	1.13743	3
10	80000001	1.10536	1.13743	3
10	81000001	1.01974	1.13743	3
10	82000001	0.604002	0.748877	2
10	83000001	0.892531	0.748877	2
10	84000001	1.09784	0.748877	2
10	85000001	0.935608	0.748877	2
10	86000001	0.727241	0.748877	2
10	87000001	0.691875	0.748877	2
10	88000001	0.630992	0.748877	2
10	89000001	0.802725	0.748877	2
10	90000001	0.506634	0.748877	2
10	91000001	0.718222	0.748877	2
10	92000001	0.703561	0.748877	2
10	93000001	0.69375	0.748877	2
10	94000001	0.786956	0.748877	2
10	95000001	0.6156	0.748877	2
10	96000001	0.770513	0.748877	2
10	97000001	0.895446	0.748877	2
10	98000001	0.993626	0.748877	2
10	99000001	0.802333	0.748877	2
10	100000001	0.671472	0.635135	2
10	101000001	0.501639	0.635135	2
10	102000001	0.663424	0.635135	2
10	103000001	0.740526	0.635135	2
10	104000001	0.488838	0.635135	2
10	105000001	0.355905	0.635135	2
10	106000001	0.728164	0.635135	2
10	107000001	0.446296	0.635135	2
10	108000001	0.352581	0.635135	2
10	109000001	0.647299	0.635135	2
10	110000001	0.682815	0.635135	2
10	111000001	0.731171	0.635135	2
10	112000001	0.413858	0.635135	2
10	113000001	0.643052	0.635135	2
10	114000001	0.513522	0.635135	2
10	115000001	0.433765	0.635135	2
10	116000001	0.739209	0.635135	2
10	117000001	0.667537	0.635135	2
10	118000001	0.68961	0.635135	2
10	119000001	0.718246	0.635135	2
10	120000001	0.532758	0.635135	2
10	121000001	0.561179	0.635135	2
10	122000001	0.708547	0.635135	2
10	123000001	0.68537	0.635135	2
10	124000001	0.616101	0.635135	2
10	125000001	0.627218	0.635135	2
10	126000001	1.16327	0.635135	2
10	127000001	0.376459	0.635135	2
10	128000001	0.488276	0.635135	2
10	129000001	0.388227	0.635135	2
10	130000001	0.372967	0.635135	2
10	131000001	0.502798	0.635135	2
10	132000001	0.851872	0.635135	2
10	133000001	1.31448	0.635135	2
11	1	0.992011	0.963493	3
11	1000001	1.06023	0.963493	3
11	2000001	1.14988	0.963493	3
11	3000001	1.0363	0.963493	3
11	4000001	0.907225	0.963493	3
11	5000001	0.802276	0.963493	3
11	6000001	1.04477	0.963493	3
11	7000001	0.766156	0.963493	3
11	8000001	0.934976	0.963493	3
11	9000001	0.837111	0.963493	3
11	10000001	1.073	1.44496	4
11	11000001	1.81692	1.44496	4
11	12000001	1.01984	0.916775	3
11	13000001	0.747773	0.916775	3
11	14000001	0.919853	0.916775	3
11	15000001	0.778364	0.916775	3
11	16000001	0.945779	0.916775	3
11	17000001	0.916775	0.916775	3
11	18000001	0.870622	0.916775	3
11	19000001	0.901089	0.916775	3
11	20000001	1.01332	0.916775	3
11	21000001	0.62723	0.623183	2
11	22000001	0.779162	0.623183	2
11	23000001	0.610374	0.623183	2
11	24000001	0.53118	0.623183	2
11	25000001	0.440832	0.623183	2
11	26000001	0.515488	0.623183	2
11	27000001	0.994686	0.623183	2
11	28000001	0.723438	0.623183	2
11	29000001	0.791936	0.623183	2
11	30000001	0.387285	0.623183	2
11	31000001	0.623183	0.623183	2
11	32000001	1.08007	1.02245	3
11	33000001	1.00011	1.02245	3
11	34000001	0.95977	1.02245	3
11	35000001	1.15357	1.02245	3
11	36000001	1.02245	1.02245	3
11	37000001	0.389402	0.451945	1
11	38000001	0.505072	0.451945	1
11	39000001	0.451945	0.451945	1
11	40000001	0.398549	0.451945	1
11	41000001	0.513072	0.451945	1
11	42000001	0.756267	0.890949	3
11	43000001	0.839797	0.890949	3
11	44000001	1.09775	0.890949	3
11	45000001	1.0984	0.890949	3
11	46000001	0.942101	0.890949	3
11	47000001	0.805852	0.890949	3
11	48000001	0.758877	0.618454	2
11	49000001	0.536097	0.618454	2
11	50000001	0.573408	0.618454	2
11	51000001	0.618454	0.618454	2
11	52000001	0.628094	0.618454	2
11	53000001	0.627266	0.618454	2
11	54000001	0.512886	0.618454	2
11	55000001	0.570674	0.618454	2
11	56000001	0.811086	0.618454	2
11	57000001	1.17052	1.05104	3
11	58000001	0.793004	1.05104	3
11	59000001	0.956679	1.05104	3
11	60000001	1.13404	1.05104	3
11	61000001	1.00944	1.05104	3
11	62000001	1.12508	1.05104	3
11	63000001	0.957528	1.05104	3
11	64000001	1.14021	1.05104	3
11	65000001	0.879286	1.05104	3
11	66000001	0.998251	1.05104	3
11	67000001	1.30156	1.05104	3
11	68000001	1.05104	1.05104	3
11	69000001	1.15708	1.05104	3
11	70000001	0.98523	0.930011	3
11	71000001	0.930011	0.930011	3
11	72000001	0.762244	0.930011	3
11	73000001	0.919265	0.930011	3
11	74000001	1.03952	0.930011	3
11	75000001	0.868907	0.930011	3
11	76000001	0.927436	0.930011	3
11	77000001	0.939368	0.930011	3
11	78000001	0.968064	0.930011	3
11	79000001	0.61277	0.640256	2
11	80000001	0.453573	0.640256	2
11	81000001	0.560903	0.640256	2
11	82000001	0.966532	0.640256	2
11	83000001	0.820083	0.640256	2
11	84000001	0.430283	0.640256	2
11	85000001	0.88327	0.640256	2
11	86000001	1.03468	0.640256	2
11	87000001	0.973888	0.640256	2
11	88000001	0.767759	0.640256	2
11	89000001	0.435436	0.640256	2
11	90000001	0.610098	0.640256	2
11	91000001	0.640256	0.640256	2
11	92000001	0.93317	0.93317	3
11	93000001	1.06905	0.93317	3
11	94000001	0.9801	0.93317	3
11	95000001	0.849554	0.93317	3
11	96000001	0.857091	0.93317	3
11	97000001	0.38899	0.637887	2
11	98000001	0.625199	0.637887	2
11	99000001	0.637887	0.637887	2
11	100000001	0.580484	0.637887	2
11	101000001	0.903036	0.637887	2
11	102000001	0.758682	0.637887	2
11	103000001	0.666905	0.637887	2
11	104000001	0.644366	0.637887	2
11	105000001	0.420616	0.637887	2
11	106000001	0.874838	0.917964	3
11	107000001	0.900328	0.917964	3
11	108000001	0.931939	0.917964	3
11	109000001	0.777505	0.917964	3
11	110000001	1.01501	0.917964	3
11	111000001	0.917964	0.917964	3
11	112000001	1.10293	0.917964	3
11	113000001	0.880461	0.917964	3
11	114000001	1.04509	0.917964	3
11	115000001	0.662955	0.917964	3
11	116000001	0.80801	0.917964	3
11	117000001	1.14642	0.917964	3
11	118000001	1.01043	0.917964	3
11	119000001	1.02381	0.917964	3
11	120000001	1.16213	0.917964	3
11	121000001	0.716236	0.917964	3
11	122000001	0.612055	0.917964	3
11	123000001	0.754789	0.917964	3
11	124000001	0.989967	0.917964	3
11	125000001	1.25141	0.917964	3
11	126000001	0.847773	0.917964	3
11	127000001	0.478232	0.775654	2
11	128000001	0.600316	0.775654	2
11	129000001	0.775654	0.775654	2
11	130000001	0.998712	0.775654	2
11	131000001	0.735244	0.775654	2
11	132000001	0.836327	0.775654	2
11	133000001	0.705437	0.775654	2
11	134000001	0.829137	0.775654	2
11	135000001	0.898878	0.775654	2
12	1	0.675313	0.731313	2
12	1000001	0.760342	0.731313	2
12	2000001	0.778912	0.731313	2
12	3000001	0.599006	0.731313	2
12	4000001	0.84182	0.731313	2
12	5000001	0.67831	0.731313	2
12	6000001	0.871313	0.731313	2
12	7000001	0.775023	0.731313	2
12	8000001	0.735887	0.731313	2
12	9000001	0.72711	0.731313	2
12	10000001	0.731393	0.731313	2
12	11000001	0.964161	0.731313	2
12	12000001	0.834064	0.731313	2
12	13000001	0.706651	0.731313	2
12	14000001	0.517952	0.731313	2
12	15000001	0.503913	0.731313	2
12	16000001	0.731313	0.731313	2
12	17000001	0.460697	0.731313	2
12	18000001	0.616831	0.731313	2
12	19000001	0.708277	0.731313	2
12	20000001	0.543259	0.731313	2
12	21000001	1.03141	0.731313	2
12	22000001	0.555631	0.731313	2
12	23000001	0.805002	0.731313	2
12	24000001	0.773659	0.731313	2
12	25000001	0.947333	0.731313	2
12	26000001	1.00835	0.731313	2
12	27000001	1.042	0.731313	2
12	28000001	0.778031	0.731313	2
12	29000001	0.829123	0.731313	2
12	30000001	0.637058	0.731313	2
12	31000001	0.898658	0.731313	2
12	32000001	1.00468	0.731313	2
12	33000001	0.607746	0.731313	2
12	34000001	0.614666	0.731313	2
12	35000001	0.665608	0.731313	2
12	36000001	0.585453	0.731313	2
12	37000001	0.684305	0.731313	2
12	38000001	0.696917	0.731313	2
12	39000001	0.915362	0.978761	3
12	40000001	0.943545	0.978761	3
12	41000001	0.958581	0.978761	3
12	42000001	1.15617	0.978761	3
12	43000001	0.953906	0.978761	3
12	44000001	0.867317	0.978761	3
12	45000001	1.08122	0.978761	3
12	46000001	0.969008	0.978761	3
12	47000001	0.978798	0.978761	3
12	48000001	1.38436	0.978761	3
12	49000001	1.18793	0.978761	3
12	50000001	0.959384	0.978761	3
12	51000001	1.19816	0.978761	3
12	52000001	0.979983	0.978761	3
12	53000001	0.978725	0.978761	3
12	54000001	1.27385	0.978761	3
12	55000001	1.04657	0.978761	3
12	56000001	1.04223	0.978761	3
12	57000001	0.858442	0.978761	3
12	58000001	0.818115	0.978761	3
12	59000001	0.524488	0.486774	1
12	60000001	0.462169	0.486774	1
12	61000001	0.486774	0.486774	1
12	62000001	0.926628	0.926628	3
12	63000001	0.64079	0.926628	3
12	64000001	0.903981	0.926628	3
12	65000001	1.01141	0.926628	3
12	66000001	0.827595	0.926628	3
12	67000001	1.0828	0.926628	3
12	68000001	0.948498	0.926628	3
12	69000001	1.25797	0.926628	3
12	70000001	0.946171	0.926628	3
12	71000001	1.04906	0.926628	3
12	72000001	0.671607	0.926628	3
12	73000001	0.70079	0.926628	3
12	74000001	0.537684	0.926628	3
12	75000001	0.825136	0.926628	3
12	76000001	1.08941	0.926628	3
12	77000001	0.555331	0.541265	2
12	78000001	0.513677	0.541265	2
12	79000001	0.636032	0.541265	2
12	80000001	0.485708	0.541265	2
12	81000001	0.569651	0.541265	2
12	82000001	0.541265	0.541265	2
12	83000001	0.451068	0.541265	2
12	84000001	0.780373	0.786824	2
12	85000001	0.671439	0.786824	2
12	86000001	0.986176	0.786824	2
12	87000001	0.786824	0.786824	2
12	88000001	0.803204	0.786824	2
12	89000001	0.82145	0.786824	2
12	90000001	0.455898	0.786824	2
12	91000001	1.02624	0.94979	3
12	92000001	1.03533	0.94979	3
12	93000001	0.857762	0.94979	3
12	94000001	1.10558	0.94979	3
12	95000001	1.11334	0.94979	3
12	96000001	0.794279	0.94979	3
12	97000001	0.738678	0.94979	3
12	98000001	0.862722	0.94979	3
12	99000001	0.679572	0.94979	3
12	100000001	0.971429	0.94979	3
12	101000001	0.759395	0.94979	3
12	102000001	0.855044	0.94979	3
12	103000001	0.773663	0.94979	3
12	104000001	0.94979	0.94979	3
12	105000001	0.685944	0.94979	3
12	106000001	1.18982	0.94979	3
12	107000001	0.924065	0.94979	3
12	108000001	1.11572	0.94979	3
12	109000001	1.23202	0.94979	3
12	110000001	0.969297	0.94979	3
12	111000001	0.96219	0.94979	3
12	112000001	0.823803	0.94979	3
12	113000001	0.95127	0.94979	3
12	114000001	0.714541	0.94979	3
12	115000001	0.859359	0.94979	3
12	116000001	1.10018	0.94979	3
12	117000001	0.90204	0.94979	3
12	118000001	0.848116	0.94979	3
12	119000001	1.08315	0.94979	3
12	120000001	0.967164	0.94979	3
12	121000001	0.962438	0.94979	3
12	122000001	1.08021	0.94979	3
12	123000001	0.856576	0.94979	3
12	124000001	1.09298	0.94979	3
12	125000001	0.953344	0.94979	3
12	126000001	0.889244	0.94979	3
12	127000001	0.813896	0.94979	3
12	128000001	0.39787	0.94979	3
12	129000001	0.886145	0.94979	3
12	130000001	1.04282	0.94979	3
12	131000001	1.19543	0.94979	3
12	132000001	1.18508	0.94979	3
12	133000001	0.812238	0.94979	3
13	1	-1	-1	2
13	1000001	-1	-1	2
13	2000001	-1	-1	2
13	3000001	-1	-1	2
13	4000001	-1	-1	2
13	5000001	-1	-1	2
13	6000001	-1	-1	2
13	7000001	-1	-1	2
13	8000001	-1	-1	2
13	9000001	-1	-1	2
13	10000001	-1	-1	2
13	11000001	-1	-1	2
13	12000001	-1	-1	2
13	13000001	-1	-1	2
13	14000001	-1	-1	2
13	15000001	-1	-1	2
13	16000001	0.412133	0.682433	2
13	17000001	0.653845	0.682433	2
13	18000001	0.606902	0.682433	2
13	19000001	0.758596	0.682433	2
13	20000001	0.794068	0.682433	2
13	21000001	0.544399	0.682433	2
13	22000001	0.553013	0.682433	2
13	23000001	0.855606	0.682433	2
13	24000001	0.738877	0.682433	2
13	25000001	0.92395	0.682433	2
13	26000001	0.678626	0.682433	2
13	27000001	1.00242	0.682433	2
13	28000001	0.610957	0.682433	2
13	29000001	0.739273	0.682433	2
13	30000001	0.860331	0.682433	2
13	31000001	0.570846	0.682433	2
13	32000001	0.68624	0.682433	2
13	33000001	0.52577	0.682433	2
13	34000001	0.701916	0.682433	2
13	35000001	0.780903	0.682433	2
13	36000001	0.619443	0.682433	2
13	37000001	0.900504	0.682433	2
13	38000001	0.671957	0.682433	2
13	39000001	0.579689	0.682433	2
13	40000001	0.772623	0.682433	2
13	41000001	0.826686	0.682433	2
13	42000001	0.876743	0.682433	2
13	43000001	0.540639	0.682433	2
13	44000001	0.966975	0.682433	2
13	45000001	0.802333	0.682433	2
13	46000001	0.785975	0.682433	2
13	47000001	0.75424	0.682433	2
13	48000001	0.805073	0.682433	2
13	49000001	0.716548	0.682433	2
13	50000001	0.844872	0.682433	2
13	51000001	0.632142	0.682433	2
13	52000001	0.778943	0.682433	2
13	53000001	0.425298	0.682433	2
13	54000001	0.536748	0.682433	2
13	55000001	0.617405	0.682433	2
13	56000001	0.384219	0.682433	2
13	57000001	0.337216	0.682433	2
13	58000001	0.691205	0.682433	2
13	59000001	0.61526	0.682433	2
13	60000001	0.597938	0.682433	2
13	61000001	0.495909	0.682433	2
13	62000001	0.492753	0.682433	2
13	63000001	0.676567	0.682433	2
13	64000001	0.550906	0.682433	2
13	65000001	0.517749	0.682433	2
13	66000001	0.668584	0.682433	2
13	67000001	0.973785	0.682433	2
13	68000001	0.523955	0.682433	2
13	69000001	0.586644	0.682433	2
13	70000001	0.692116	0.682433	2
13	71000001	0.968271	0.682433	2
13	72000001	0.431039	0.682433	2
13	73000001	0.852854	0.682433	2
13	74000001	0.621873	0.682433	2
13	75000001	0.742429	0.682433	2
13	76000001	0.750215	0.682433	2
13	77000001	0.846712	0.682433	2
13	78000001	0.720387	0.682433	2
13	79000001	0.873638	0.682433	2
13	80000001	1.50181	0.682433	2
13	81000001	0.821175	0.682433	2
13	82000001	0.62994	0.682433	2
13	83000001	0.616596	0.682433	2
13	84000001	0.468146	0.682433	2
13	85000001	0.349296	0.682433	2
13	86000001	0.576766	0.682433	2
13	87000001	0.748278	0.682433	2
13	88000001	0.644951	0.682433	2
13	89000001	0.826645	0.682433	2
13	90000001	2.51114	2.20234	7
13	91000001	1.89355	2.20234	7
13	92000001	1.42278	1.42278	4
13	93000001	0.872883	0.64096	2
13	94000001	0.670447	0.64096	2
13	95000001	0.578475	0.64096	2
13	96000001	0.589777	0.64096	2
13	97000001	0.866789	0.64096	2
13	98000001	0.771481	0.64096	2
13	99000001	0.772927	0.64096	2
13	100000001	0.691615	0.64096	2
13	101000001	0.496659	0.64096	2
13	102000001	0.740583	0.64096	2
13	103000001	0.407188	0.64096	2
13	104000001	0.289413	0.64096	2
13	105000001	0.611474	0.64096	2
13	106000001	0.430712	0.64096	2
13	107000001	1.43253	0.780095	2
13	108000001	0.454677	0.780095	2
13	109000001	0.697335	0.780095	2
13	110000001	0.764031	0.780095	2
13	111000001	0.879357	0.780095	2
13	112000001	0.79616	0.780095	2
13	113000001	0.602358	0.780095	2
13	114000001	0.814046	0.780095	2
14	1	-1	-1	2
14	1000001	-1	-1	2
14	2000001	-1	-1	2
14	3000001	-1	-1	2
14	4000001	-1	-1	2
14	5000001	-1	-1	2
14	6000001	-1	-1	2
14	7000001	-1	-1	2
14	8000001	-1	-1	2
14	9000001	-1	-1	2
14	10000001	-1	-1	2
14	11000001	-1	-1	2
14	12000001	-1	-1	2
14	13000001	-1	-1	2
14	14000001	-1	-1	2
14	15000001	-1	-1	2
14	16000001	0.684924	0.684924	2
14	17000001	0.540451	0.684924	2
14	18000001	0.615644	0.684924	2
14	19000001	1.06736	0.684924	2
14	20000001	0.652316	0.684924	2
14	21000001	0.752037	0.684924	2
14	22000001	0.789923	0.684924	2
14	23000001	0.712542	0.684924	2
14	24000001	0.674823	0.684924	2
14	25000001	0.45356	0.440847	1
14	26000001	0.386658	0.440847	1
14	27000001	0.428134	0.440847	1
14	28000001	0.336959	0.440847	1
14	29000001	0.495872	0.440847	1
14	30000001	0.521705	0.440847	1
14	31000001	0.73493	0.621287	2
14	32000001	0.582722	0.621287	2
14	33000001	0.654568	0.621287	2
14	34000001	0.621287	0.621287	2
14	35000001	0.532668	0.621287	2
14	36000001	0.626824	0.621287	2
14	37000001	0.42242	0.621287	2
14	38000001	0.773315	0.621287	2
14	39000001	0.533423	0.621287	2
14	40000001	0.335253	0.411487	1
14	41000001	0.405562	0.411487	1
14	42000001	0.471601	0.411487	1
14	43000001	0.411487	0.411487	1
14	44000001	0.540666	0.411487	1
14	45000001	0.652018	0.411487	1
14	46000001	0.483098	0.411487	1
14	47000001	0.344023	0.411487	1
14	48000001	0.325586	0.411487	1
14	49000001	0.62655	0.589461	2
14	50000001	0.642129	0.589461	2
14	51000001	0.39833	0.589461	2
14	52000001	0.723165	0.589461	2
14	53000001	0.48839	0.589461	2
14	54000001	0.829927	0.589461	2
14	55000001	0.527157	0.589461	2
14	56000001	0.552373	0.589461	2
14	57000001	0.6877	0.815407	2
14	58000001	0.900011	0.815407	2
14	59000001	0.490657	0.815407	2
14	60000001	0.98535	0.815407	2
14	61000001	0.815407	0.815407	2
14	62000001	0.570631	0.667615	2
14	63000001	0.727858	0.667615	2
14	64000001	0.701843	0.667615	2
14	65000001	0.633386	0.667615	2
14	66000001	0.350315	0.608128	2
14	67000001	0.819196	0.608128	2
14	68000001	0.603915	0.608128	2
14	69000001	0.620394	0.608128	2
14	70000001	0.61707	0.608128	2
14	71000001	0.604667	0.608128	2
14	72000001	0.561017	0.608128	2
14	73000001	0.712556	0.608128	2
14	74000001	0.611589	0.608128	2
14	75000001	0.475084	0.608128	2
14	76000001	0.596117	0.608128	2
14	77000001	0.615091	0.608128	2
14	78000001	0.52801	0.524395	2
14	79000001	0.376163	0.524395	2
14	80000001	0.455581	0.524395	2
14	81000001	0.716463	0.524395	2
14	82000001	0.283056	0.524395	2
14	83000001	0.47309	0.524395	2
14	84000001	0.631545	0.524395	2
14	85000001	0.524395	0.524395	2
14	86000001	0.612554	0.524395	2
14	87000001	0.388916	0.524395	2
14	88000001	0.537905	0.524395	2
14	89000001	0.668007	0.639578	2
14	90000001	0.747129	0.639578	2
14	91000001	0.651124	0.639578	2
14	92000001	0.79179	0.639578	2
14	93000001	0.758173	0.639578	2
14	94000001	0.606148	0.639578	2
14	95000001	0.628033	0.639578	2
14	96000001	0.623789	0.639578	2
14	97000001	0.500244	0.639578	2
14	98000001	0.48205	0.639578	2
14	99000001	0.776445	0.771787	2
14	100000001	0.80716	0.771787	2
14	101000001	0.94537	0.771787	2
14	102000001	0.733195	0.771787	2
14	103000001	0.717756	0.771787	2
14	104000001	0.901018	0.771787	2
14	105000001	0.767129	0.771787	2
14	106000001	0.651828	0.771787	2
14	107000001	-1	-1	2
15	1	-1	-1	3
15	1000001	-1	-1	3
15	2000001	-1	-1	3
15	3000001	-1	-1	3
15	4000001	-1	-1	3
15	5000001	-1	-1	3
15	6000001	-1	-1	3
15	7000001	-1	-1	3
15	8000001	-1	-1	3
15	9000001	-1	-1	3
15	10000001	-1	-1	3
15	11000001	-1	-1	3
15	12000001	-1	-1	3
15	13000001	-1	-1	3
15	14000001	-1	-1	3
15	15000001	-1	-1	3
15	16000001	-1	-1	3
15	17000001	1.04885	1.04885	3
15	18000001	0.613381	0.682832	2
15	19000001	0.822272	0.682832	2
15	20000001	0.759595	0.682832	2
15	21000001	0.566126	0.682832	2
15	22000001	0.820001	0.682832	2
15	23000001	0.447817	0.682832	2
15	24000001	0.589771	0.682832	2
15	25000001	0.677093	0.682832	2
15	26000001	0.587519	0.682832	2
15	27000001	0.848251	0.682832	2
15	28000001	0.998014	0.682832	2
15	29000001	0.987781	0.682832	2
15	30000001	0.68857	0.682832	2
15	31000001	0.465832	0.682832	2
15	32000001	0.929	0.682832	2
15	33000001	0.76856	0.682832	2
15	34000001	0.853854	0.682832	2
15	35000001	0.643423	0.682832	2
15	36000001	0.675451	0.682832	2
15	37000001	0.647897	0.682832	2
15	38000001	0.766434	0.682832	2
15	39000001	0.633211	0.682832	2
15	40000001	1.16333	1.03037	3
15	41000001	0.818244	1.03037	3
15	42000001	0.844495	1.03037	3
15	43000001	1.06172	1.03037	3
15	44000001	1.0558	1.03037	3
15	45000001	1.00494	1.03037	3
15	46000001	0.465743	0.453748	1
15	47000001	0.441753	0.453748	1
15	48000001	0.819964	0.961444	3
15	49000001	1.18696	0.961444	3
15	50000001	0.884565	0.961444	3
15	51000001	0.897242	0.961444	3
15	52000001	1.01104	0.961444	3
15	53000001	0.553386	0.961444	3
15	54000001	0.692742	0.961444	3
15	55000001	1.23489	0.961444	3
15	56000001	1.18854	0.961444	3
15	57000001	1.09362	0.961444	3
15	58000001	1.06888	0.961444	3
15	59000001	0.901743	0.961444	3
15	60000001	0.693865	0.961444	3
15	61000001	0.538112	0.961444	3
15	62000001	0.949727	0.961444	3
15	63000001	1.09464	0.961444	3
15	64000001	0.916223	0.961444	3
15	65000001	0.930319	0.961444	3
15	66000001	0.883509	0.961444	3
15	67000001	0.922708	0.961444	3
15	68000001	0.912348	0.961444	3
15	69000001	0.818528	0.961444	3
15	70000001	0.684101	0.961444	3
15	71000001	0.803181	0.961444	3
15	72000001	0.885078	0.961444	3
15	73000001	1.08379	0.961444	3
15	74000001	0.824673	0.961444	3
15	75000001	1.00509	0.961444	3
15	76000001	1.13795	0.961444	3
15	77000001	0.992533	0.961444	3
15	78000001	1.14657	0.961444	3
15	79000001	1.01262	0.961444	3
15	80000001	1.20271	0.961444	3
15	81000001	0.997614	0.961444	3
15	82000001	0.973162	0.961444	3
15	83000001	1.11751	0.961444	3
15	84000001	0.797597	0.961444	3
15	85000001	1.01003	0.961444	3
15	86000001	0.61573	0.961444	3
15	87000001	0.560024	0.961444	3
15	88000001	0.981924	0.961444	3
15	89000001	1.18284	0.961444	3
15	90000001	0.843445	0.961444	3
15	91000001	1.00001	0.961444	3
15	92000001	1.04976	0.961444	3
15	93000001	1.07923	0.961444	3
15	94000001	0.736896	0.71591	2
15	95000001	0.855179	0.71591	2
15	96000001	0.711004	0.71591	2
15	97000001	0.591524	0.71591	2
15	98000001	0.690157	0.71591	2
15	99000001	0.639109	0.71591	2
15	100000001	0.720815	0.71591	2
15	101000001	0.921091	0.71591	2
16	1	1.0988	1.04463	3
16	1000001	1.15873	1.04463	3
16	2000001	0.826403	1.04463	3
16	3000001	0.881651	1.04463	3
16	4000001	0.967007	1.04463	3
16	5000001	0.963342	1.04463	3
16	6000001	0.718698	1.04463	3
16	7000001	0.729096	1.04463	3
16	8000001	1.03906	1.04463	3
16	9000001	0.962666	1.04463	3
16	10000001	1.08746	1.04463	3
16	11000001	1.03683	1.04463	3
16	12000001	1.41675	1.04463	3
16	13000001	1.21558	1.04463	3
16	14000001	1.15254	1.04463	3
16	15000001	0.914241	1.04463	3
16	16000001	0.990053	1.04463	3
16	17000001	1.50224	1.04463	3
16	18000001	0.882152	1.04463	3
16	19000001	1.29613	1.04463	3
16	20000001	1.06186	1.04463	3
16	21000001	1.05019	1.04463	3
16	22000001	1.15971	1.04463	3
16	23000001	1.03075	1.04463	3
16	24000001	0.963437	1.04463	3
16	25000001	0.997461	1.04463	3
16	26000001	0.745029	1.04463	3
16	27000001	1.11421	1.04463	3
16	28000001	1.17539	1.04463	3
16	29000001	1.15357	1.04463	3
16	30000001	1.22553	1.04463	3
16	31000001	1.13799	1.04463	3
16	32000001	0.663233	0.856363	3
16	33000001	1.04249	0.856363	3
16	34000001	1.2436	0.856363	3
16	35000001	0.646156	0.856363	3
16	36000001	0.679223	0.856363	3
16	37000001	0.897167	0.856363	3
16	38000001	0.856363	0.856363	3
16	39000001	-1	-1	3
16	40000001	-1	-1	3
16	41000001	-1	-1	3
16	42000001	-1	-1	3
16	43000001	-1	-1	3
16	44000001	-1	-1	3
16	45000001	-1	-1	3
16	46000001	3.06886	3.06886	9
16	47000001	1.15924	0.822672	2
16	48000001	1.01788	0.822672	2
16	49000001	0.818786	0.822672	2
16	50000001	1.10074	0.822672	2
16	51000001	0.808372	0.822672	2
16	52000001	0.679477	0.822672	2
16	53000001	0.806232	0.822672	2
16	54000001	0.603518	0.822672	2
16	55000001	1.10145	0.822672	2
16	56000001	1.06109	0.822672	2
16	57000001	1.32366	0.822672	2
16	58000001	1.07326	0.822672	2
16	59000001	0.610907	0.822672	2
16	60000001	0.612175	0.822672	2
16	61000001	0.645506	0.822672	2
16	62000001	0.452061	0.822672	2
16	63000001	0.570662	0.822672	2
16	64000001	0.797492	0.822672	2
16	65000001	0.54802	0.822672	2
16	66000001	0.892878	0.822672	2
16	67000001	0.956631	0.822672	2
16	68000001	1.15034	0.822672	2
16	69000001	1.1732	0.822672	2
16	70000001	0.881357	0.822672	2
16	71000001	1.05169	0.822672	2
16	72000001	0.826558	0.822672	2
16	73000001	0.675153	0.822672	2
16	74000001	1.27218	0.822672	2
16	75000001	1.0461	0.822672	2
16	76000001	0.586427	0.822672	2
16	77000001	0.688223	0.822672	2
16	78000001	0.544339	0.822672	2
16	79000001	1.24869	1.19086	4
16	80000001	1.17099	1.19086	4
16	81000001	1.33009	1.19086	4
16	82000001	0.926223	1.19086	4
16	83000001	1.23027	1.19086	4
16	84000001	1.38962	1.19086	4
16	85000001	1.21074	1.19086	4
16	86000001	1.08928	1.19086	4
16	87000001	0.877908	1.19086	4
16	88000001	1.14498	1.19086	4
16	89000001	1.03488	1.19086	4
16	90000001	1.2444	1.19086	4
17	1	0.795397	0.723619	2
17	1000001	0.892226	0.723619	2
17	2000001	0.635515	0.723619	2
17	3000001	0.733147	0.723619	2
17	4000001	0.824886	0.723619	2
17	5000001	0.735518	0.723619	2
17	6000001	0.579612	0.723619	2
17	7000001	0.611365	0.723619	2
17	8000001	0.723019	0.723619	2
17	9000001	0.674554	0.723619	2
17	10000001	0.381517	0.723619	2
17	11000001	0.368841	0.723619	2
17	12000001	0.382701	0.723619	2
17	13000001	0.523658	0.723619	2
17	14000001	0.654026	0.723619	2
17	15000001	0.735811	0.723619	2
17	16000001	0.876015	0.723619	2
17	17000001	0.913923	0.723619	2
17	18000001	0.662705	0.723619	2
17	19000001	0.733034	0.723619	2
17	20000001	0.816806	0.723619	2
17	21000001	0.832937	0.723619	2
17	22000001	0.863463	0.723619	2
17	23000001	0.410145	0.723619	2
17	24000001	0.724218	0.723619	2
17	25000001	0.661162	0.723619	2
17	26000001	1.34553	1.05726	3
17	27000001	1.04791	1.05726	3
17	28000001	1.13131	1.05726	3
17	29000001	0.900852	1.05726	3
17	30000001	1.24143	1.05726	3
17	31000001	1.04922	1.05726	3
17	32000001	1.0546	1.05726	3
17	33000001	1.0256	1.05726	3
17	34000001	1.18489	1.05726	3
17	35000001	0.959812	1.05726	3
17	36000001	1.30615	1.05726	3
17	37000001	1.15733	1.05726	3
17	38000001	1.295	1.05726	3
17	39000001	1.04529	1.05726	3
17	40000001	1.05992	1.05726	3
17	41000001	0.99854	1.05726	3
17	42000001	1.01958	1.05726	3
17	43000001	1.26746	1.05726	3
17	44000001	0.951165	0.952401	3
17	45000001	0.89766	0.952401	3
17	46000001	0.85437	0.952401	3
17	47000001	0.781129	0.952401	3
17	48000001	1.07979	0.952401	3
17	49000001	0.953637	0.952401	3
17	50000001	1.25355	0.952401	3
17	51000001	0.978239	0.952401	3
17	52000001	0.67783	0.67783	2
17	53000001	0.530119	0.67783	2
17	54000001	0.678372	0.67783	2
17	55000001	1.09997	1.02642	3
17	56000001	1.14534	1.02642	3
17	57000001	1.22756	1.02642	3
17	58000001	1.07048	1.02642	3
17	59000001	0.992086	1.02642	3
17	60000001	0.952518	1.02642	3
17	61000001	0.919137	1.02642	3
17	62000001	1.06587	1.02642	3
17	63000001	0.981347	1.02642	3
17	64000001	0.932145	1.02642	3
17	65000001	0.971262	1.02642	3
17	66000001	1.02642	1.02642	3
17	67000001	1.04935	1.02642	3
17	68000001	0.768278	0.656377	2
17	69000001	0.764727	0.656377	2
17	70000001	0.547541	0.656377	2
17	71000001	0.548027	0.656377	2
17	72000001	0.914651	1.01874	3
17	73000001	0.996235	1.01874	3
17	74000001	1.00149	1.01874	3
17	75000001	1.15651	1.01874	3
17	76000001	1.00229	1.01874	3
17	77000001	1.36466	1.01874	3
17	78000001	1.03519	1.01874	3
17	79000001	1.20712	1.01874	3
17	80000001	0.921547	1.01874	3
17	81000001	1.81079	1.01874	3
17	82000001	0.949879	1.01874	3
17	83000001	1.08693	1.01874	3
18	1	2.04029	1.21368	4
18	1000001	1.21861	1.21368	4
18	2000001	1.35814	1.21368	4
18	3000001	1.33748	1.21368	4
18	4000001	1.06802	1.21368	4
18	5000001	0.937928	1.21368	4
18	6000001	1.17832	1.21368	4
18	7000001	0.736164	1.21368	4
18	8000001	1.20874	1.21368	4
18	9000001	1.54375	1.21368	4
18	10000001	1.49054	1.21368	4
18	11000001	1.16144	1.21368	4
18	12000001	1.02159	0.912024	3
18	13000001	0.930626	0.912024	3
18	14000001	0.51787	0.912024	3
18	15000001	0.893422	0.912024	3
18	16000001	1.23344	1.18246	4
18	17000001	1.32487	1.18246	4
18	18000001	1.33261	1.18246	4
18	19000001	1.13195	1.18246	4
18	20000001	0.98326	1.18246	4
18	21000001	0.946064	1.18246	4
18	22000001	1.23297	1.18246	4
18	23000001	1.07407	1.18246	4
18	24000001	0.924108	1.18246	4
18	25000001	1.53387	1.18246	4
18	26000001	0.659116	0.859704	3
18	27000001	1.11425	0.859704	3
18	28000001	0.730373	0.859704	3
18	29000001	0.728167	0.859704	3
18	30000001	0.726606	0.859704	3
18	31000001	1.16476	0.859704	3
18	32000001	0.859704	0.859704	3
18	33000001	0.83725	0.859704	3
18	34000001	0.669768	0.859704	3
18	35000001	1.06503	0.859704	3
18	36000001	1.25733	0.859704	3
18	37000001	0.964958	0.859704	3
18	38000001	0.939542	0.859704	3
18	39000001	0.890274	0.859704	3
18	40000001	0.801922	0.859704	3
18	41000001	0.56355	0.485566	1
18	42000001	0.503234	0.485566	1
18	43000001	0.485566	0.485566	1
18	44000001	0.397758	0.485566	1
18	45000001	0.430158	0.485566	1
18	46000001	0.836018	0.625478	2
18	47000001	0.756557	0.625478	2
18	48000001	0.676783	0.625478	2
18	49000001	0.532436	0.625478	2
18	50000001	0.756486	0.625478	2
18	51000001	0.560307	0.625478	2
18	52000001	0.530325	0.625478	2
18	53000001	0.474691	0.625478	2
18	54000001	1.13154	0.625478	2
18	55000001	0.707376	0.625478	2
18	56000001	0.625478	0.625478	2
18	57000001	0.639262	0.625478	2
18	58000001	0.799647	0.625478	2
18	59000001	0.539247	0.625478	2
18	60000001	0.541994	0.625478	2
18	61000001	0.839401	0.625478	2
18	62000001	0.9424	0.625478	2
18	63000001	0.796267	0.625478	2
18	64000001	0.383844	0.625478	2
18	65000001	0.611951	0.625478	2
18	66000001	0.610289	0.625478	2
18	67000001	0.751034	0.625478	2
18	68000001	0.628534	0.625478	2
18	69000001	0.67321	0.625478	2
18	70000001	0.562888	0.625478	2
18	71000001	0.654343	0.625478	2
18	72000001	0.478676	0.625478	2
18	73000001	0.6053	0.625478	2
18	74000001	0.697935	0.625478	2
18	75000001	0.472833	0.625478	2
18	76000001	0.348598	0.625478	2
18	77000001	0.456876	0.625478	2
18	78000001	0.403212	0.625478	2
18	79000001	0.599805	0.625478	2
18	80000001	1.13571	0.625478	2
19	1	1.25654	1.04237	3
19	1000001	1.14198	1.04237	3
19	2000001	1.04237	1.04237	3
19	3000001	1.05157	1.04237	3
19	4000001	0.830151	1.04237	3
19	5000001	1.15073	1.04237	3
19	6000001	1.00884	1.04237	3
19	7000001	0.884273	1.04237	3
19	8000001	0.984914	1.04237	3
19	9000001	1.42921	1.13065	3
19	10000001	1.03205	1.13065	3
19	11000001	1.01914	1.13065	3
19	12000001	1.27418	1.13065	3
19	13000001	1.18094	1.13065	3
19	14000001	0.969711	1.13065	3
19	15000001	1.08036	1.13065	3
19	16000001	1.42472	1.13065	3
19	17000001	0.931119	0.931119	3
19	18000001	0.853746	0.931119	3
19	19000001	1.06108	0.931119	3
19	20000001	0.586623	0.797326	2
19	21000001	0.838723	0.797326	2
19	22000001	0.797326	0.797326	2
19	23000001	0.779445	0.797326	2
19	24000001	0.74034	0.797326	2
19	25000001	1.06487	0.797326	2
19	26000001	1.00787	0.797326	2
19	27000001	0.6693	0.678317	2
19	28000001	0.727411	0.678317	2
19	29000001	1.09759	0.678317	2
19	30000001	0.678317	0.678317	2
19	31000001	0.635628	0.678317	2
19	32000001	1.18578	1.05789	3
19	33000001	0.961589	1.05789	3
19	34000001	0.811553	1.05789	3
19	35000001	1.28535	1.05789	3
19	36000001	1.07203	1.05789	3
19	37000001	0.935087	1.05789	3
19	38000001	0.897797	1.05789	3
19	39000001	1.11044	1.05789	3
19	40000001	1.05789	1.05789	3
19	41000001	0.900558	1.05789	3
19	42000001	1.13437	1.05789	3
19	43000001	1.11829	1.05789	3
19	44000001	0.997048	1.05789	3
19	45000001	0.726063	0.946914	3
19	46000001	0.923491	0.946914	3
19	47000001	0.824575	0.946914	3
19	48000001	1.02516	0.946914	3
19	49000001	0.954083	0.946914	3
19	50000001	1.0443	0.946914	3
19	51000001	0.947039	0.946914	3
19	52000001	1.03183	0.946914	3
19	53000001	0.838077	0.946914	3
19	54000001	0.946789	0.946914	3
19	55000001	0.974733	0.946914	3
19	56000001	0.869478	0.946914	3
19	57000001	0.689363	0.946914	3
19	58000001	1.17556	0.946914	3
2	1	0.661966	0.882111	3
2	1000001	0.688549	0.882111	3
2	2000001	0.616576	0.882111	3
2	3000001	0.764916	0.882111	3
2	4000001	0.587888	0.882111	3
2	5000001	0.614534	0.882111	3
2	6000001	0.886598	0.882111	3
2	7000001	0.915286	0.882111	3
2	8000001	1.00909	0.882111	3
2	9000001	1.0194	0.882111	3
2	10000001	0.919293	0.882111	3
2	11000001	1.00716	0.882111	3
2	12000001	0.745806	0.882111	3
2	13000001	0.727297	0.882111	3
2	14000001	0.890058	0.882111	3
2	15000001	1.11382	0.882111	3
2	16000001	0.747369	0.882111	3
2	17000001	0.802112	0.882111	3
2	18000001	0.571961	0.882111	3
2	19000001	0.877623	0.882111	3
2	20000001	0.996219	0.882111	3
2	21000001	0.440424	0.882111	3
2	22000001	0.538856	0.882111	3
2	23000001	0.663159	0.882111	3
2	24000001	1.04607	0.882111	3
2	25000001	1.12134	0.882111	3
2	26000001	0.979745	0.882111	3
2	27000001	1.02587	0.882111	3
2	28000001	1.15434	0.882111	3
2	29000001	0.957527	0.882111	3
2	30000001	0.780189	0.882111	3
2	31000001	1.13436	0.882111	3
2	32000001	0.739843	0.882111	3
2	33000001	1.11962	0.882111	3
2	34000001	0.712205	0.882111	3
2	35000001	0.55547	0.882111	3
2	36000001	0.943903	0.882111	3
2	37000001	0.890298	0.882111	3
2	38000001	1.00289	0.882111	3
2	39000001	1.04152	0.882111	3
2	40000001	0.611847	0.882111	3
2	41000001	0.748641	0.882111	3
2	42000001	1.18012	1.03968	3
2	43000001	0.78378	1.03968	3
2	44000001	0.936945	1.03968	3
2	45000001	0.970016	1.03968	3
2	46000001	1.03968	1.03968	3
2	47000001	1.0364	1.03968	3
2	48000001	1.05573	1.03968	3
2	49000001	1.29777	1.03968	3
2	50000001	1.63526	1.03968	3
2	51000001	0.607175	1.03968	3
2	52000001	0.823187	1.03968	3
2	53000001	0.911319	1.03968	3
2	54000001	1.12184	1.03968	3
2	55000001	1.17199	1.03968	3
2	56000001	0.778011	1.03968	3
2	57000001	0.99168	1.03968	3
2	58000001	1.1096	1.03968	3
2	59000001	1.38495	1.03968	3
2	60000001	1.02934	1.03968	3
2	61000001	1.01497	1.03968	3
2	62000001	1.04484	1.03968	3
2	63000001	1.09281	1.03968	3
2	64000001	1.00068	1.03968	3
2	65000001	0.900546	1.03968	3
2	66000001	1.1456	1.03968	3
2	67000001	1.61092	1.03968	3
2	68000001	0.98613	1.03968	3
2	69000001	0.73707	1.03968	3
2	70000001	1.05394	1.03968	3
2	71000001	1.2969	1.03968	3
2	72000001	1.19659	1.03968	3
2	73000001	0.902974	0.849806	3
2	74000001	0.776604	0.849806	3
2	75000001	1.07126	0.849806	3
2	76000001	0.523212	0.849806	3
2	77000001	0.577952	0.849806	3
2	78000001	0.484857	0.849806	3
2	79000001	1.14148	0.849806	3
2	80000001	0.998393	0.849806	3
2	81000001	0.592956	0.849806	3
2	82000001	0.581329	0.849806	3
2	83000001	0.730089	0.849806	3
2	84000001	0.805499	0.849806	3
2	85000001	0.745796	0.849806	3
2	86000001	0.888465	0.849806	3
2	87000001	0.824381	0.849806	3
2	88000001	0.895381	0.849806	3
2	89000001	1.0514	0.849806	3
2	90000001	1.08892	0.849806	3
2	91000001	0.625241	0.849806	3
2	92000001	1.18947	0.849806	3
2	93000001	1.09181	0.849806	3
2	94000001	0.450961	0.849806	3
2	95000001	0.824692	0.849806	3
2	96000001	0.996276	0.849806	3
2	97000001	1.03434	0.849806	3
2	98000001	0.979622	0.849806	3
2	99000001	1.26911	0.849806	3
2	100000001	0.678962	0.849806	3
2	101000001	1.12045	0.849806	3
2	102000001	0.669374	0.849806	3
2	103000001	0.696421	0.849806	3
2	104000001	0.777285	0.849806	3
2	105000001	0.87492	0.849806	3
2	106000001	0.792145	0.849806	3
2	107000001	0.548588	0.849806	3
2	108000001	1.03319	0.849806	3
2	109000001	0.998725	0.849806	3
2	110000001	1.05639	0.849806	3
2	111000001	0.908972	0.849806	3
2	112000001	1.13288	0.849806	3
2	113000001	1.14274	0.849806	3
2	114000001	0.804607	0.849806	3
2	115000001	0.651228	0.849806	3
2	116000001	0.602603	0.849806	3
2	117000001	0.595492	0.849806	3
2	118000001	1.00104	0.849806	3
2	119000001	0.898982	0.849806	3
2	120000001	1.30522	0.849806	3
2	121000001	1.09346	0.849806	3
2	122000001	0.962339	0.849806	3
2	123000001	0.576509	0.849806	3
2	124000001	0.922987	0.849806	3
2	125000001	0.569981	0.849806	3
2	126000001	0.907593	0.849806	3
2	127000001	0.984181	0.849806	3
2	128000001	0.956268	0.849806	3
2	129000001	0.757206	0.849806	3
2	130000001	1.21224	0.849806	3
2	131000001	0.807024	0.849806	3
2	132000001	0.51596	0.849806	3
2	133000001	0.449708	0.849806	3
2	134000001	1.01105	0.849806	3
2	135000001	1.13687	0.849806	3
2	136000001	0.761047	0.849806	3
2	137000001	0.631288	0.849806	3
2	138000001	0.436178	0.849806	3
2	139000001	0.554614	0.849806	3
2	140000001	0.375136	0.849806	3
2	141000001	0.603285	0.849806	3
2	142000001	0.596521	0.849806	3
2	143000001	0.701204	0.849806	3
2	144000001	1.06055	0.849806	3
2	145000001	1.0028	0.849806	3
2	146000001	0.705971	0.849806	3
2	147000001	0.564776	0.849806	3
2	148000001	0.88954	0.849806	3
2	149000001	1.09089	0.849806	3
2	150000001	0.882119	0.849806	3
2	151000001	1.31276	0.849806	3
2	152000001	0.965317	0.849806	3
2	153000001	0.781018	0.849806	3
2	154000001	0.824382	0.849806	3
2	155000001	0.732136	0.849806	3
2	156000001	0.954646	0.849806	3
2	157000001	1.23089	1.23089	4
2	158000001	1.75783	1.23089	4
2	159000001	1.17033	1.23089	4
2	160000001	0.809789	0.774844	2
2	161000001	0.774844	0.774844	2
2	162000001	0.701642	0.774844	2
2	163000001	0.706876	0.774844	2
2	164000001	1.02279	0.774844	2
2	165000001	0.667518	0.774844	2
2	166000001	0.959759	0.774844	2
2	167000001	1.20407	1.23413	4
2	168000001	1.3445	1.23413	4
2	169000001	1.22901	1.23413	4
2	170000001	1.18431	1.23413	4
2	171000001	1.46165	1.23413	4
2	172000001	1.29816	1.23413	4
2	173000001	1.18011	1.23413	4
2	174000001	1.31061	1.23413	4
2	175000001	1.13731	1.23413	4
2	176000001	1.03937	1.23413	4
2	177000001	1.23925	1.23413	4
2	178000001	1.594	1.23413	4
2	179000001	0.618783	0.755771	2
2	180000001	0.69903	0.755771	2
2	181000001	0.722524	0.755771	2
2	182000001	1.16407	0.755771	2
2	183000001	1.33638	0.755771	2
2	184000001	0.797316	0.755771	2
2	185000001	0.755771	0.755771	2
2	186000001	0.657533	0.755771	2
2	187000001	1.21556	0.755771	2
2	188000001	0.545534	0.601831	2
2	189000001	0.762667	0.601831	2
2	190000001	0.683964	0.601831	2
2	191000001	0.575407	0.601831	2
2	192000001	0.543644	0.601831	2
2	193000001	0.435794	0.601831	2
2	194000001	0.69779	0.601831	2
2	195000001	0.72667	0.601831	2
2	196000001	0.606776	0.601831	2
2	197000001	0.611636	0.601831	2
2	198000001	0.63649	0.601831	2
2	199000001	0.624567	0.601831	2
2	200000001	0.392032	0.601831	2
2	201000001	0.66419	0.601831	2
2	202000001	0.676617	0.601831	2
2	203000001	0.601831	0.601831	2
2	204000001	0.6695	0.601831	2
2	205000001	0.554741	0.601831	2
2	206000001	0.744438	0.601831	2
2	207000001	0.727325	0.601831	2
2	208000001	0.738994	0.601831	2
2	209000001	0.564244	0.601831	2
2	210000001	0.287063	0.601831	2
2	211000001	0.312227	0.601831	2
2	212000001	0.334508	0.601831	2
2	213000001	0.401211	0.601831	2
2	214000001	0.476447	0.601831	2
2	215000001	0.678723	0.601831	2
2	216000001	0.742936	0.601831	2
2	217000001	0.547859	0.601831	2
2	218000001	0.820048	0.601831	2
2	219000001	0.84076	0.601831	2
2	220000001	0.442394	0.601831	2
2	221000001	0.466718	0.601831	2
2	222000001	0.862521	0.601831	2
2	223000001	0.592076	0.601831	2
2	224000001	0.620844	0.601831	2
2	225000001	0.553046	0.601831	2
2	226000001	0.520787	0.601831	2
2	227000001	0.773511	0.601831	2
2	228000001	0.442943	0.601831	2
2	229000001	0.52433	0.601831	2
2	230000001	0.556763	0.601831	2
2	231000001	0.626918	0.601831	2
2	232000001	0.532164	0.601831	2
2	233000001	0.69913	0.697302	2
2	234000001	0.659471	0.697302	2
2	235000001	0.667026	0.697302	2
2	236000001	0.695475	0.697302	2
2	237000001	0.655154	0.697302	2
2	238000001	0.888315	0.697302	2
2	239000001	0.666406	0.697302	2
2	240000001	0.717022	0.697302	2
2	241000001	0.720422	0.697302	2
2	242000001	1.36546	0.697302	2
20	1	1.74753	1.74753	5
20	1000001	0.910618	0.790598	2
20	2000001	0.790598	0.790598	2
20	3000001	0.739727	0.790598	2
20	4000001	0.648755	0.790598	2
20	5000001	0.884649	0.790598	2
20	6000001	0.569756	0.569523	2
20	7000001	0.582683	0.569523	2
20	8000001	0.65742	0.569523	2
20	9000001	0.559073	0.569523	2
20	10000001	0.511642	0.569523	2
20	11000001	0.60695	0.569523	2
20	12000001	0.475289	0.569523	2
20	13000001	0.684857	0.569523	2
20	14000001	0.545395	0.569523	2
20	15000001	0.311011	0.569523	2
20	16000001	0.756939	0.569523	2
20	17000001	0.636588	0.569523	2
20	18000001	0.820991	0.569523	2
20	19000001	0.490494	0.569523	2
20	20000001	0.569289	0.569523	2
20	21000001	0.517919	0.569523	2
20	22000001	0.854478	0.730923	2
20	23000001	0.628088	0.730923	2
20	24000001	0.730923	0.730923	2
20	25000001	1.17011	0.730923	2
20	26000001	0.843886	0.730923	2
20	27000001	0.583351	0.730923	2
20	28000001	0.654742	0.730923	2
20	29000001	0.657685	0.730923	2
20	30000001	0.803883	0.730923	2
20	31000001	1.04264	1.06264	3
20	32000001	1.231	1.06264	3
20	33000001	0.921221	1.06264	3
20	34000001	1.11747	1.06264	3
20	35000001	1.03254	1.06264	3
20	36000001	0.977578	1.06264	3
20	37000001	1.08263	1.06264	3
20	38000001	1.1133	1.06264	3
20	39000001	0.754593	1.03938	3
20	40000001	0.807852	1.03938	3
20	41000001	1.10627	1.03938	3
20	42000001	0.610428	1.03938	3
20	43000001	1.04915	1.03938	3
20	44000001	1.03392	1.03938	3
20	45000001	1.03938	1.03938	3
20	46000001	0.826447	1.03938	3
20	47000001	1.18299	1.03938	3
20	48000001	1.12545	1.03938	3
20	49000001	1.09098	1.03938	3
20	50000001	0.862877	1.03938	3
20	51000001	1.17655	1.03938	3
20	52000001	0.740714	0.806988	2
20	53000001	0.875074	0.806988	2
20	54000001	0.853458	0.806988	2
20	55000001	0.730253	0.806988	2
20	56000001	1.01598	0.806988	2
20	57000001	0.806988	0.806988	2
20	58000001	1.09806	0.806988	2
20	59000001	0.805036	0.806988	2
20	60000001	0.665328	0.806988	2
20	61000001	0.991625	1.10124	3
20	62000001	0.995736	1.10124	3
20	63000001	1.20674	1.10124	3
20	64000001	1.2143	1.10124	3
21	1	-1	-1	4
21	1000001	-1	-1	4
21	2000001	-1	-1	4
21	3000001	-1	-1	4
21	4000001	-1	-1	4
21	5000001	1.45076	1.45246	4
21	6000001	1.42647	1.45246	4
21	7000001	1.49064	1.45246	4
21	8000001	1.80046	1.45246	4
21	9000001	1.08013	1.45246	4
21	10000001	1.45417	1.45246	4
21	11000001	0.397314	0.710516	2
21	12000001	0.588295	0.710516	2
21	13000001	0.592106	0.710516	2
21	14000001	0.739412	0.710516	2
21	15000001	0.890198	0.710516	2
21	16000001	0.787357	0.710516	2
21	17000001	0.710516	0.710516	2
21	18000001	0.725231	0.710516	2
21	19000001	0.762092	0.710516	2
21	20000001	0.51895	0.710516	2
21	21000001	0.535959	0.710516	2
21	22000001	0.874067	0.786402	2
21	23000001	0.956835	0.786402	2
21	24000001	0.786402	0.786402	2
21	25000001	0.725448	0.786402	2
21	26000001	0.654396	0.786402	2
21	27000001	0.730409	0.786402	2
21	28000001	0.961362	0.786402	2
21	29000001	1.44607	1.29769	4
21	30000001	0.949335	1.29769	4
21	31000001	1.10591	1.29769	4
21	32000001	1.47982	1.29769	4
21	33000001	1.25131	1.29769	4
21	34000001	1.28239	1.29769	4
21	35000001	1.4066	1.29769	4
21	36000001	1.27749	1.29769	4
21	37000001	1.31298	1.29769	4
21	38000001	1.18668	1.29769	4
21	39000001	1.33567	1.29769	4
21	40000001	1.02833	1.29769	4
21	41000001	0.930948	1.29769	4
21	42000001	1.33966	1.29769	4
21	43000001	1.47104	1.29769	4
21	44000001	1.33455	1.29769	4
21	45000001	1.23705	1.29769	4
21	46000001	1.33768	1.29769	4
22	1	-1	-1	2
22	1000001	-1	-1	2
22	2000001	-1	-1	2
22	3000001	-1	-1	2
22	4000001	-1	-1	2
22	5000001	-1	-1	2
22	6000001	-1	-1	2
22	7000001	-1	-1	2
22	8000001	-1	-1	2
22	9000001	-1	-1	2
22	10000001	0.820863	0.803002	2
22	11000001	1.08251	0.803002	2
22	12000001	1.04451	0.803002	2
22	13000001	0.464107	0.803002	2
22	14000001	0.626799	0.803002	2
22	15000001	0.785142	0.803002	2
22	16000001	1.88931	1.41397	4
22	17000001	1.41397	1.41397	4
22	18000001	1.0249	1.41397	4
22	19000001	3.16802	3.58341	11
22	20000001	3.58341	3.58341	11
22	21000001	3.97089	3.58341	11
22	22000001	5.26235	5.26235	16
22	23000001	2.85499	2.85499	9
22	24000001	0.770034	0.757902	2
22	25000001	0.745771	0.757902	2
22	26000001	0.667155	0.703768	2
22	27000001	0.770023	0.703768	2
22	28000001	0.626256	0.703768	2
22	29000001	0.559133	0.703768	2
22	30000001	0.570622	0.703768	2
22	31000001	0.621237	0.703768	2
22	32000001	0.742898	0.703768	2
22	33000001	0.547884	0.703768	2
22	34000001	0.528242	0.703768	2
22	35000001	0.731491	0.703768	2
22	36000001	0.816398	0.703768	2
22	37000001	0.610918	0.703768	2
22	38000001	0.592541	0.703768	2
22	39000001	0.703768	0.703768	2
22	40000001	0.842882	0.703768	2
22	41000001	0.649619	0.703768	2
22	42000001	0.809415	0.703768	2
22	43000001	0.80389	0.703768	2
22	44000001	0.707291	0.703768	2
22	45000001	0.724644	0.703768	2
22	46000001	0.764762	0.703768	2
22	47000001	0.842869	0.703768	2
22	48000001	0.392793	0.703768	2
22	49000001	0.515638	0.703768	2
22	50000001	0.839883	0.703768	2
3	1	0.599635	0.678505	2
3	1000001	0.757374	0.678505	2
3	2000001	1.13005	1.11723	3
3	3000001	0.937312	1.11723	3
3	4000001	1.20899	1.11723	3
3	5000001	1.11723	1.11723	3
3	6000001	1.68938	1.11723	3
3	7000001	1.03708	1.11723	3
3	8000001	1.02088	1.11723	3
3	9000001	1.40066	1.40066	4
3	10000001	1.58097	1.40066	4
3	11000001	1.55601	1.40066	4
3	12000001	1.34002	1.40066	4
3	13000001	1.36581	1.40066	4
3	14000001	1.6199	1.40066	4
3	15000001	1.64077	1.40066	4
3	16000001	1.24581	1.40066	4
3	17000001	1.27688	1.40066	4
3	18000001	0.720271	0.971308	3
3	19000001	1.41594	0.971308	3
3	20000001	1.15424	0.971308	3
3	21000001	0.993653	0.971308	3
3	22000001	1.21111	0.971308	3
3	23000001	0.867417	0.971308	3
3	24000001	1.02472	0.971308	3
3	25000001	0.90567	0.971308	3
3	26000001	0.473746	0.971308	3
3	27000001	0.875701	0.971308	3
3	28000001	0.759281	0.971308	3
3	29000001	0.583619	0.971308	3
3	30000001	0.778161	0.971308	3
3	31000001	0.720115	0.971308	3
3	32000001	1.14216	0.971308	3
3	33000001	1.35925	0.971308	3
3	34000001	0.669999	0.971308	3
3	35000001	0.748614	0.971308	3
3	36000001	0.948963	0.971308	3
3	37000001	1.14433	0.971308	3
3	38000001	1.17624	0.971308	3
3	39000001	1.09845	0.971308	3
3	40000001	1.17368	0.971308	3
3	41000001	1.02747	0.971308	3
3	42000001	1.31731	1.46242	4
3	43000001	1.45407	1.46242	4
3	44000001	1.40768	1.46242	4
3	45000001	1.47076	1.46242	4
3	46000001	1.63773	1.46242	4
3	47000001	1.51705	1.46242	4
3	48000001	0.760654	0.670285	2
3	49000001	0.759239	0.670285	2
3	50000001	0.73399	0.670285	2
3	51000001	0.71567	0.670285	2
3	52000001	0.849677	0.670285	2
3	53000001	0.588314	0.670285	2
3	54000001	0.45928	0.670285	2
3	55000001	0.573636	0.670285	2
3	56000001	0.762972	0.670285	2
3	57000001	1.02099	0.670285	2
3	58000001	0.744988	0.670285	2
3	59000001	0.691944	0.670285	2
3	60000001	0.398294	0.670285	2
3	61000001	0.595365	0.670285	2
3	62000001	0.59868	0.670285	2
3	63000001	0.417001	0.670285	2
3	64000001	0.739108	0.670285	2
3	65000001	0.700368	0.670285	2
3	66000001	0.437781	0.670285	2
3	67000001	0.651727	0.670285	2
3	68000001	0.404135	0.670285	2
3	69000001	0.774905	0.670285	2
3	70000001	0.619681	0.670285	2
3	71000001	0.697879	0.670285	2
3	72000001	0.525449	0.670285	2
3	73000001	0.511614	0.670285	2
3	74000001	0.456273	0.670285	2
3	75000001	0.808162	0.670285	2
3	76000001	0.465133	0.670285	2
3	77000001	0.688844	0.670285	2
3	78000001	0.361063	0.430154	1
3	79000001	0.207035	0.430154	1
3	80000001	0.356998	0.430154	1
3	81000001	0.303097	0.430154	1
3	82000001	0.406539	0.430154	1
3	83000001	0.391032	0.430154	1
3	84000001	0.331896	0.430154	1
3	85000001	0.363764	0.430154	1
3	86000001	0.305759	0.430154	1
3	87000001	0.539593	0.430154	1
3	88000001	0.670902	0.430154	1
3	89000001	0.433348	0.430154	1
3	90000001	0.505517	0.430154	1
3	91000001	0.430154	0.430154	1
3	92000001	0.464018	0.430154	1
3	93000001	0.630646	0.430154	1
3	94000001	0.569079	0.430154	1
3	95000001	0.551785	0.430154	1
3	96000001	0.335271	0.430154	1
3	97000001	0.411387	0.430154	1
3	98000001	0.228571	0.430154	1
3	99000001	0.627749	0.430154	1
3	100000001	0.530192	0.430154	1
3	101000001	0.545611	0.430154	1
3	102000001	0.416171	0.430154	1
3	103000001	0.341531	0.430154	1
3	104000001	0.486221	0.430154	1
3	105000001	0.538883	0.430154	1
3	106000001	0.663718	0.430154	1
3	107000001	0.846666	0.430154	1
3	108000001	0.612564	0.430154	1
3	109000001	0.42258	0.430154	1
3	110000001	0.354557	0.430154	1
3	111000001	0.417564	0.430154	1
3	112000001	0.565061	0.430154	1
3	113000001	0.884167	0.633807	2
3	114000001	0.349836	0.633807	2
3	115000001	0.618397	0.633807	2
3	116000001	0.646506	0.633807	2
3	117000001	0.507307	0.633807	2
3	118000001	0.493788	0.633807	2
3	119000001	0.941245	0.633807	2
3	120000001	0.599159	0.633807	2
3	121000001	0.586321	0.633807	2
3	122000001	0.632613	0.633807	2
3	123000001	0.812002	0.633807	2
3	124000001	0.581763	0.633807	2
3	125000001	0.723514	0.633807	2
3	126000001	0.673894	0.633807	2
3	127000001	0.678224	0.633807	2
3	128000001	0.566006	0.633807	2
3	129000001	0.633807	0.633807	2
3	130000001	0.874106	0.633807	2
3	131000001	0.585203	0.633807	2
3	132000001	0.775201	0.633807	2
3	133000001	0.815495	0.633807	2
3	134000001	0.494289	0.633807	2
3	135000001	0.566298	0.633807	2
3	136000001	0.579375	0.633807	2
3	137000001	0.517231	0.633807	2
3	138000001	0.909802	0.633807	2
3	139000001	0.860318	0.633807	2
3	140000001	0.769107	0.633807	2
3	141000001	1.00303	0.633807	2
3	142000001	1.1044	0.633807	2
3	143000001	0.89316	0.633807	2
3	144000001	0.379938	0.633807	2
3	145000001	0.472664	0.633807	2
3	146000001	0.79628	0.633807	2
3	147000001	0.431697	0.633807	2
3	148000001	0.585921	0.633807	2
3	149000001	0.742499	0.633807	2
3	150000001	0.98541	0.92753	3
3	151000001	0.960382	0.92753	3
3	152000001	0.760079	0.92753	3
3	153000001	1.06525	0.92753	3
3	154000001	0.663122	0.92753	3
3	155000001	0.919194	0.92753	3
3	156000001	0.934866	0.92753	3
3	157000001	1.08446	0.92753	3
3	158000001	1.05792	0.92753	3
3	159000001	0.740188	0.92753	3
3	160000001	0.872624	0.92753	3
3	161000001	0.531903	0.92753	3
3	162000001	0.528517	0.92753	3
3	163000001	0.894622	0.92753	3
3	164000001	1.25151	0.92753	3
3	165000001	0.570853	0.92753	3
3	166000001	0.428712	0.92753	3
3	167000001	0.999687	0.92753	3
3	168000001	0.672678	0.92753	3
3	169000001	0.918351	0.92753	3
3	170000001	0.815333	0.92753	3
3	171000001	1.0622	0.92753	3
3	172000001	1.10471	0.92753	3
3	173000001	0.825923	0.92753	3
3	174000001	0.590749	0.92753	3
3	175000001	0.992738	0.92753	3
3	176000001	0.709334	0.92753	3
3	177000001	1.03649	0.92753	3
3	178000001	1.48035	0.92753	3
3	179000001	1.29231	0.92753	3
3	180000001	1.04292	0.92753	3
3	181000001	0.505277	0.92753	3
3	182000001	1.03981	0.92753	3
3	183000001	1.23169	0.92753	3
3	184000001	0.903845	0.92753	3
3	185000001	1.05848	0.92753	3
3	186000001	1.1053	0.92753	3
3	187000001	1.21738	0.92753	3
3	188000001	0.700703	0.92753	3
3	189000001	0.629017	0.92753	3
3	190000001	0.643604	0.92753	3
3	191000001	0.813174	0.92753	3
3	192000001	0.656463	0.92753	3
3	193000001	1.12421	0.92753	3
3	194000001	0.92753	0.92753	3
3	195000001	1.38482	0.92753	3
3	196000001	0.850553	0.92753	3
3	197000001	1.16316	0.92753	3
3	198000001	1.27274	0.92753	3
4	1	0.939339	0.979671	3
4	1000001	0.854754	0.979671	3
4	2000001	0.979671	0.979671	3
4	3000001	0.974925	0.979671	3
4	4000001	1.17875	0.979671	3
4	5000001	0.692445	0.979671	3
4	6000001	1.07143	0.979671	3
4	7000001	1.17815	0.979671	3
4	8000001	0.924055	0.979671	3
4	9000001	1.00042	0.979671	3
4	10000001	1.18198	0.979671	3
4	11000001	0.561589	0.55075	2
4	12000001	0.5297	0.55075	2
4	13000001	0.552528	0.55075	2
4	14000001	0.650927	0.55075	2
4	15000001	0.83144	0.55075	2
4	16000001	0.69478	0.55075	2
4	17000001	0.736487	0.55075	2
4	18000001	0.78178	0.55075	2
4	19000001	0.733567	0.55075	2
4	20000001	0.364095	0.55075	2
4	21000001	0.40883	0.55075	2
4	22000001	0.513304	0.55075	2
4	23000001	0.50603	0.55075	2
4	24000001	0.773346	0.55075	2
4	25000001	0.799	0.55075	2
4	26000001	0.831484	0.55075	2
4	27000001	0.523495	0.55075	2
4	28000001	0.429243	0.55075	2
4	29000001	0.402906	0.55075	2
4	30000001	0.548971	0.55075	2
4	31000001	0.538883	0.55075	2
4	32000001	0.473172	0.55075	2
4	33000001	0.536208	0.55075	2
4	34000001	0.514425	0.55075	2
4	35000001	0.50056	0.55075	2
4	36000001	0.581838	0.55075	2
4	37000001	0.738136	0.55075	2
4	38000001	0.854984	0.55075	2
4	39000001	1.47231	1.22774	4
4	40000001	0.983162	1.22774	4
4	41000001	0.764736	0.792663	2
4	42000001	0.665981	0.792663	2
4	43000001	1.15112	0.792663	2
4	44000001	0.519421	0.792663	2
4	45000001	0.396127	0.792663	2
4	46000001	0.474072	0.792663	2
4	47000001	1.15762	0.792663	2
4	48000001	0.902312	0.792663	2
4	49000001	1.16321	0.792663	2
4	50000001	0.503092	0.792663	2
4	51000001	0.652623	0.792663	2
4	52000001	0.93756	0.792663	2
4	53000001	1.10668	0.792663	2
4	54000001	0.904818	0.792663	2
4	55000001	0.913138	0.792663	2
4	56000001	0.792663	0.792663	2
4	57000001	0.670664	0.792663	2
4	58000001	0.265736	0.273916	1
4	59000001	0.230879	0.273916	1
4	60000001	0.417728	0.273916	1
4	61000001	0.269878	0.273916	1
4	62000001	0.378428	0.273916	1
4	63000001	0.232204	0.273916	1
4	64000001	0.368183	0.273916	1
4	65000001	0.277955	0.273916	1
4	66000001	0.53611	0.655449	2
4	67000001	0.790788	0.655449	2
4	68000001	0.800071	0.655449	2
4	69000001	0.339915	0.655449	2
4	70000001	0.944848	0.655449	2
4	71000001	0.642597	0.655449	2
4	72000001	0.572427	0.655449	2
4	73000001	0.731049	0.655449	2
4	74000001	0.828676	0.655449	2
4	75000001	0.573111	0.655449	2
4	76000001	0.576291	0.655449	2
4	77000001	0.700434	0.655449	2
4	78000001	0.874854	0.655449	2
4	79000001	0.683442	0.655449	2
4	80000001	0.601788	0.655449	2
4	81000001	0.608644	0.655449	2
4	82000001	0.6683	0.655449	2
4	83000001	0.688149	0.655449	2
4	84000001	0.614297	0.655449	2
4	85000001	0.60697	0.655449	2
4	86000001	0.479662	0.655449	2
4	87000001	1.04266	0.655449	2
4	88000001	0.4389	0.422699	1
4	89000001	0.391774	0.422699	1
4	90000001	0.662859	0.422699	1
4	91000001	0.406499	0.422699	1
4	92000001	0.395135	0.422699	1
4	93000001	0.385095	0.422699	1
4	94000001	0.686626	0.422699	1
4	95000001	0.271132	0.422699	1
4	96000001	0.313377	0.422699	1
4	97000001	0.301073	0.422699	1
4	98000001	0.452425	0.422699	1
4	99000001	0.624938	0.422699	1
4	100000001	0.342144	0.422699	1
4	101000001	0.481047	0.422699	1
4	102000001	0.442699	0.422699	1
4	103000001	0.495308	0.422699	1
4	104000001	1.44377	1.44377	4
4	105000001	0.431694	0.472696	1
4	106000001	0.317598	0.472696	1
4	107000001	0.780853	0.472696	1
4	108000001	0.648389	0.472696	1
4	109000001	0.795331	0.472696	1
4	110000001	0.853369	0.472696	1
4	111000001	0.494895	0.472696	1
4	112000001	0.623433	0.472696	1
4	113000001	0.396823	0.472696	1
4	114000001	0.522153	0.472696	1
4	115000001	0.353521	0.472696	1
4	116000001	0.348874	0.472696	1
4	117000001	0.273932	0.472696	1
4	118000001	0.258843	0.472696	1
4	119000001	0.416335	0.472696	1
4	120000001	0.338958	0.472696	1
4	121000001	0.499647	0.472696	1
4	122000001	0.713124	0.472696	1
4	123000001	0.580098	0.472696	1
4	124000001	0.396448	0.472696	1
4	125000001	0.424305	0.472696	1
4	126000001	0.552226	0.472696	1
4	127000001	0.672845	0.472696	1
4	128000001	0.708878	0.472696	1
4	129000001	0.651241	0.472696	1
4	130000001	0.3887	0.472696	1
4	131000001	0.387677	0.472696	1
4	132000001	0.445789	0.472696	1
4	133000001	0.446825	0.472696	1
4	134000001	0.32977	0.472696	1
4	135000001	0.555812	0.472696	1
4	136000001	0.34467	0.472696	1
4	137000001	0.405902	0.472696	1
4	138000001	0.713283	0.472696	1
4	139000001	0.849967	0.472696	1
4	140000001	0.579938	0.472696	1
4	141000001	0.447421	0.472696	1
4	142000001	0.574939	0.472696	1
4	143000001	0.813965	0.472696	1
4	144000001	0.582385	0.472696	1
4	145000001	0.404866	0.472696	1
4	146000001	0.580173	0.472696	1
4	147000001	0.448247	0.472696	1
4	148000001	0.336952	0.472696	1
4	149000001	0.418267	0.472696	1
4	150000001	0.566783	0.472696	1
4	151000001	0.816751	0.472696	1
4	152000001	0.683772	0.472696	1
4	153000001	0.759008	0.472696	1
4	154000001	0.507023	0.472696	1
4	155000001	0.395025	0.472696	1
4	156000001	0.389861	0.472696	1
4	157000001	0.226975	0.472696	1
4	158000001	0.647669	0.472696	1
4	159000001	0.469379	0.472696	1
4	160000001	0.465142	0.472696	1
4	161000001	0.113379	0.472696	1
4	162000001	0.281668	0.472696	1
4	163000001	0.402874	0.472696	1
4	164000001	0.467486	0.472696	1
4	165000001	0.546969	0.472696	1
4	166000001	0.362421	0.472696	1
4	167000001	0.327899	0.472696	1
4	168000001	0.46497	0.472696	1
4	169000001	0.651511	0.472696	1
4	170000001	0.503588	0.472696	1
4	171000001	0.544161	0.472696	1
4	172000001	0.779398	0.472696	1
4	173000001	0.774775	0.472696	1
4	174000001	0.662479	0.472696	1
4	175000001	0.476013	0.472696	1
4	176000001	0.594742	0.472696	1
4	177000001	0.284187	0.472696	1
4	178000001	0.441486	0.472696	1
4	179000001	0.212348	0.472696	1
4	180000001	0.282832	0.472696	1
4	181000001	0.440257	0.472696	1
4	182000001	0.53098	0.472696	1
4	183000001	0.550745	0.472696	1
4	184000001	0.637354	0.472696	1
4	185000001	0.727138	0.472696	1
4	186000001	0.646374	0.472696	1
4	187000001	0.445622	0.472696	1
4	188000001	0.414878	0.472696	1
4	189000001	0.343285	0.472696	1
4	190000001	1.76827	0.472696	1
5	1	0.854233	0.700252	2
5	1000001	0.864733	0.700252	2
5	2000001	0.626088	0.700252	2
5	3000001	0.451284	0.700252	2
5	4000001	0.607483	0.700252	2
5	5000001	0.961859	0.700252	2
5	6000001	0.99059	0.700252	2
5	7000001	0.65594	0.700252	2
5	8000001	0.470804	0.700252	2
5	9000001	0.700252	0.700252	2
5	10000001	0.941117	0.700252	2
5	11000001	0.8009	0.700252	2
5	12000001	0.686124	0.700252	2
5	13000001	0.585192	0.600028	2
5	14000001	0.629272	0.600028	2
5	15000001	0.584134	0.600028	2
5	16000001	0.497508	0.600028	2
5	17000001	0.630444	0.600028	2
5	18000001	0.526034	0.600028	2
5	19000001	0.600028	0.600028	2
5	20000001	0.760797	0.600028	2
5	21000001	0.756146	0.600028	2
5	22000001	0.665635	0.600028	2
5	23000001	0.594846	0.600028	2
5	24000001	0.423138	0.509846	2
5	25000001	0.531434	0.509846	2
5	26000001	0.509846	0.509846	2
5	27000001	0.568028	0.509846	2
5	28000001	0.396815	0.509846	2
5	29000001	0.529871	0.509846	2
5	30000001	0.458885	0.509846	2
5	31000001	0.821435	0.829179	2
5	32000001	1.00293	0.829179	2
5	33000001	0.817554	0.829179	2
5	34000001	0.829907	0.829179	2
5	35000001	0.789976	0.829179	2
5	36000001	0.950937	0.829179	2
5	37000001	0.983015	0.829179	2
5	38000001	0.886997	0.829179	2
5	39000001	1.04531	0.829179	2
5	40000001	0.984034	0.829179	2
5	41000001	0.816948	0.829179	2
5	42000001	0.828451	0.829179	2
5	43000001	1.30414	0.829179	2
5	44000001	0.790733	0.829179	2
5	45000001	0.715722	0.829179	2
5	46000001	0.596023	0.829179	2
5	47000001	1.10873	1.10873	3
5	48000001	1.1797	1.10873	3
5	49000001	1.09561	1.10873	3
5	50000001	0.794839	0.848468	3
5	51000001	0.59493	0.848468	3
5	52000001	0.474216	0.848468	3
5	53000001	0.848468	0.848468	3
5	54000001	0.869113	0.848468	3
5	55000001	1.0026	0.848468	3
5	56000001	0.886683	0.848468	3
5	57000001	1.01137	0.848468	3
5	58000001	0.536869	0.848468	3
5	59000001	0.534002	0.848468	3
5	60000001	0.906624	0.848468	3
5	61000001	0.855873	0.848468	3
5	62000001	0.993565	0.848468	3
5	63000001	0.503481	0.848468	3
5	64000001	0.683268	0.848468	3
5	65000001	1.12039	0.97561	3
5	66000001	0.999825	0.97561	3
5	67000001	0.671633	0.97561	3
5	68000001	0.961426	0.97561	3
5	69000001	0.854643	0.97561	3
5	70000001	1.04252	0.97561	3
5	71000001	0.99867	0.97561	3
5	72000001	1.11026	0.97561	3
5	73000001	1.02653	0.97561	3
5	74000001	0.933025	0.97561	3
5	75000001	0.913696	0.97561	3
5	76000001	1.22376	0.97561	3
5	77000001	0.920067	0.97561	3
5	78000001	0.808853	0.97561	3
5	79000001	0.928036	0.97561	3
5	80000001	1.38472	0.97561	3
5	81000001	0.852148	0.97561	3
5	82000001	0.989795	0.97561	3
5	83000001	0.762522	0.709773	2
5	84000001	0.446646	0.709773	2
5	85000001	0.709773	0.709773	2
5	86000001	1.57078	0.893102	3
5	87000001	0.65272	0.893102	3
5	88000001	0.893102	0.893102	3
5	89000001	1.12366	0.893102	3
5	90000001	1.05012	0.893102	3
5	91000001	0.843633	0.893102	3
5	92000001	0.771261	0.893102	3
5	93000001	0.642263	0.893102	3
5	94000001	1.00877	0.893102	3
5	95000001	0.84413	0.893102	3
5	96000001	1.46401	0.893102	3
5	97000001	0.868373	0.893102	3
5	98000001	0.898431	0.893102	3
5	99000001	0.793895	0.681553	2
5	100000001	0.691015	0.681553	2
5	101000001	0.577787	0.681553	2
5	102000001	0.461876	0.681553	2
5	103000001	0.763252	0.681553	2
5	104000001	0.618713	0.681553	2
5	105000001	0.517744	0.681553	2
5	106000001	0.681553	0.681553	2
5	107000001	0.708866	0.681553	2
5	108000001	1.21477	1.05712	3
5	109000001	1.1572	1.05712	3
5	110000001	0.952219	1.05712	3
5	111000001	0.876152	1.05712	3
5	112000001	1.05821	1.05712	3
5	113000001	1.05604	1.05712	3
5	114000001	0.561743	0.688364	2
5	115000001	0.743517	0.688364	2
5	116000001	0.583521	0.688364	2
5	117000001	0.640637	0.688364	2
5	118000001	0.857855	0.688364	2
5	119000001	0.947546	0.688364	2
5	120000001	0.736091	0.688364	2
5	121000001	0.549408	0.688364	2
5	122000001	1.09501	0.983292	3
5	123000001	0.987818	0.983292	3
5	124000001	0.876971	0.983292	3
5	125000001	0.563909	0.983292	3
5	126000001	1.07778	0.983292	3
5	127000001	0.929718	0.983292	3
5	128000001	0.821552	0.983292	3
5	129000001	1.11042	0.983292	3
5	130000001	0.978766	0.983292	3
5	131000001	0.999177	0.983292	3
5	132000001	0.858144	0.983292	3
5	133000001	1.33703	0.983292	3
5	134000001	1.28027	0.983292	3
5	135000001	0.877869	0.983292	3
5	136000001	0.813879	0.983292	3
5	137000001	0.837081	0.983292	3
5	138000001	1.16037	0.983292	3
5	139000001	0.89921	0.983292	3
5	140000001	0.701636	0.983292	3
5	141000001	1.03512	0.983292	3
5	142000001	0.995387	0.983292	3
5	143000001	1.08354	0.983292	3
5	144000001	0.565416	0.797876	2
5	145000001	0.958116	0.797876	2
5	146000001	1.0393	0.797876	2
5	147000001	0.666695	0.797876	2
5	148000001	0.797876	0.797876	2
5	149000001	1.03415	0.797876	2
5	150000001	0.843886	0.797876	2
5	151000001	0.970538	0.797876	2
5	152000001	0.750025	0.797876	2
5	153000001	0.51262	0.797876	2
5	154000001	1.02453	0.797876	2
5	155000001	0.64997	0.797876	2
5	156000001	0.623017	0.797876	2
5	157000001	1.14139	1.07397	3
5	158000001	1.00655	1.07397	3
5	159000001	1.17927	1.07397	3
5	160000001	0.939054	1.07397	3
5	161000001	0.620945	0.727474	2
5	162000001	0.535624	0.727474	2
5	163000001	0.875381	0.727474	2
5	164000001	0.872575	0.727474	2
5	165000001	0.543882	0.727474	2
5	166000001	0.69283	0.727474	2
5	167000001	0.727474	0.727474	2
5	168000001	0.971231	0.727474	2
5	169000001	0.763467	0.727474	2
5	170000001	1.03917	1.12866	3
5	171000001	0.955743	1.12866	3
5	172000001	1.30103	1.12866	3
5	173000001	1.09734	1.12866	3
5	174000001	1.09308	1.12866	3
5	175000001	1.31339	1.12866	3
5	176000001	1.15998	1.12866	3
5	177000001	1.20966	1.12866	3
5	178000001	1.05559	1.12866	3
5	179000001	0.936878	1.12866	3
5	180000001	1.16681	1.12866	3
5	181000001	1.20175	1.12866	3
6	1	0.895402	1.14142	3
6	1000001	0.897741	1.14142	3
6	2000001	1.43901	1.14142	3
6	3000001	1.19258	1.14142	3
6	4000001	1.2706	1.14142	3
6	5000001	1.23793	1.14142	3
6	6000001	1.12264	1.14142	3
6	7000001	1.2004	1.14142	3
6	8000001	0.729583	1.14142	3
6	9000001	0.637847	1.14142	3
6	10000001	1.0988	1.14142	3
6	11000001	1.49896	1.14142	3
6	12000001	1.13047	1.14142	3
6	13000001	1.48195	1.14142	3
6	14000001	1.29612	1.14142	3
6	15000001	1.22861	1.14142	3
6	16000001	1.32959	1.14142	3
6	17000001	1.14142	1.14142	3
6	18000001	1.41575	1.14142	3
6	19000001	0.711505	1.14142	3
6	20000001	1.07767	1.14142	3
6	21000001	1.16466	1.14142	3
6	22000001	0.800834	1.14142	3
6	23000001	0.532298	1.14142	3
6	24000001	1.23331	1.14142	3
6	25000001	0.937827	1.14142	3
6	26000001	1.00407	1.14142	3
6	27000001	1.22491	1.26401	4
6	28000001	1.27837	1.26401	4
6	29000001	1.37434	1.26401	4
6	30000001	1.38526	1.26401	4
6	31000001	1.36	1.26401	4
6	32000001	1.46726	1.26401	4
6	33000001	1.20945	1.26401	4
6	34000001	1.34172	1.26401	4
6	35000001	1.49366	1.26401	4
6	36000001	1.22401	1.26401	4
6	37000001	1.27958	1.26401	4
6	38000001	1.36602	1.26401	4
6	39000001	0.988729	1.26401	4
6	40000001	0.760917	1.26401	4
6	41000001	1.26401	1.26401	4
6	42000001	1.15012	1.26401	4
6	43000001	1.19818	1.26401	4
6	44000001	1.25716	1.26401	4
6	45000001	1.24475	1.26401	4
6	46000001	0.759766	0.777482	2
6	47000001	1.09569	0.777482	2
6	48000001	0.590789	0.777482	2
6	49000001	1.13819	0.777482	2
6	50000001	0.906707	0.777482	2
6	51000001	0.843155	0.777482	2
6	52000001	1.00274	0.777482	2
6	53000001	0.918869	0.777482	2
6	54000001	0.505981	0.777482	2
6	55000001	1.11812	0.777482	2
6	56000001	1.00637	0.777482	2
6	57000001	0.955576	0.777482	2
6	58000001	0.661025	0.777482	2
6	59000001	0.565772	0.777482	2
6	60000001	0.496746	0.777482	2
6	61000001	0.613334	0.777482	2
6	62000001	0.583108	0.777482	2
6	63000001	0.781048	0.777482	2
6	64000001	0.53407	0.777482	2
6	65000001	0.685471	0.777482	2
6	66000001	0.48751	0.777482	2
6	67000001	0.839779	0.777482	2
6	68000001	0.880617	0.777482	2
6	69000001	0.572919	0.777482	2
6	70000001	1.09794	0.777482	2
6	71000001	0.659591	0.777482	2
6	72000001	0.951186	0.777482	2
6	73000001	1.07428	0.777482	2
6	74000001	0.605045	0.777482	2
6	75000001	0.885032	0.777482	2
6	76000001	0.454715	0.777482	2
6	77000001	0.576021	0.777482	2
6	78000001	0.556967	0.777482	2
6	79000001	1.04182	0.777482	2
6	80000001	0.694861	0.777482	2
6	81000001	0.707206	0.777482	2
6	82000001	0.849099	0.777482	2
6	83000001	1.17632	0.777482	2
6	84000001	0.902287	0.777482	2
6	85000001	0.773916	0.777482	2
6	86000001	0.587491	0.777482	2
6	87000001	0.980059	0.777482	2
6	88000001	0.71491	0.777482	2
6	89000001	0.867412	0.777482	2
6	90000001	1.04638	0.777482	2
6	91000001	0.76204	0.777482	2
6	92000001	0.709115	0.777482	2
6	93000001	0.279642	0.777482	2
6	94000001	0.541752	0.777482	2
6	95000001	0.514751	0.777482	2
6	96000001	0.6445	0.777482	2
6	97000001	0.691989	0.777482	2
6	98000001	0.556448	0.777482	2
6	99000001	1.19164	0.777482	2
6	100000001	0.686936	0.777482	2
6	101000001	0.683944	0.777482	2
6	102000001	0.493921	0.777482	2
6	103000001	0.510626	0.777482	2
6	104000001	0.974859	0.777482	2
6	105000001	0.938347	0.777482	2
6	106000001	1.07304	0.777482	2
6	107000001	0.952258	0.777482	2
6	108000001	1.10431	0.777482	2
6	109000001	0.932242	0.777482	2
6	110000001	0.937839	0.777482	2
6	111000001	0.762998	0.777482	2
6	112000001	0.650149	0.777482	2
6	113000001	0.786673	0.777482	2
6	114000001	0.661327	0.777482	2
6	115000001	0.730458	0.777482	2
6	116000001	0.934686	0.777482	2
6	117000001	0.71365	0.777482	2
6	118000001	1.01453	0.777482	2
6	119000001	1.20798	0.777482	2
6	120000001	0.699367	0.777482	2
6	121000001	0.496168	0.777482	2
6	122000001	0.681351	0.777482	2
6	123000001	0.694263	0.777482	2
6	124000001	0.869116	0.777482	2
6	125000001	1.10108	0.777482	2
6	126000001	0.969151	0.777482	2
6	127000001	0.795737	0.777482	2
6	128000001	0.527366	0.777482	2
6	129000001	0.840003	0.777482	2
6	130000001	0.809345	0.777482	2
6	131000001	0.982134	0.777482	2
6	132000001	0.969844	0.777482	2
6	133000001	0.786824	0.777482	2
6	134000001	1.17736	1.11157	3
6	135000001	1.23462	1.11157	3
6	136000001	1.1397	1.11157	3
6	137000001	1.47969	1.11157	3
6	138000001	1.32021	1.11157	3
6	139000001	0.88527	1.11157	3
6	140000001	0.683874	1.11157	3
6	141000001	0.822264	1.11157	3
6	142000001	0.951409	1.11157	3
6	143000001	1.22682	1.11157	3
6	144000001	1.09402	1.11157	3
6	145000001	0.784492	1.11157	3
6	146000001	1.29635	1.11157	3
6	147000001	1.02626	1.11157	3
6	148000001	1.12121	1.11157	3
6	149000001	1.48717	1.11157	3
6	150000001	1.3562	1.11157	3
6	151000001	1.17635	1.11157	3
6	152000001	0.649144	1.11157	3
6	153000001	0.797285	1.11157	3
6	154000001	1.09868	1.11157	3
6	155000001	1.07026	1.11157	3
6	156000001	1.15069	1.11157	3
6	157000001	1.23595	1.11157	3
6	158000001	1.27048	1.11157	3
6	159000001	1.08124	1.11157	3
6	160000001	1.38379	1.11157	3
6	161000001	1.37929	1.11157	3
6	162000001	0.702882	1.11157	3
6	163000001	0.914377	1.11157	3
6	164000001	0.827658	1.11157	3
6	165000001	0.790814	1.11157	3
6	166000001	1.22173	1.11157	3
6	167000001	1.11157	1.11157	3
6	168000001	0.88787	1.11157	3
6	169000001	1.04094	1.11157	3
6	170000001	1.55688	1.11157	3
7	1	1.03602	0.957358	3
7	1000001	0.907939	0.957358	3
7	2000001	0.979093	0.957358	3
7	3000001	0.935624	0.957358	3
7	4000001	1.19316	1.22737	4
7	5000001	1.1864	1.22737	4
7	6000001	1.29362	1.22737	4
7	7000001	1.62586	1.22737	4
7	8000001	1.22737	1.22737	4
7	9000001	1.12685	1.22737	4
7	10000001	1.08843	1.22737	4
7	11000001	1.13467	1.22737	4
7	12000001	1.43942	1.22737	4
7	13000001	1.45142	1.22737	4
7	14000001	1.0593	1.22737	4
7	15000001	1.12749	1.22737	4
7	16000001	1.51766	1.22737	4
7	17000001	1.23802	1.22737	4
7	18000001	1.30488	1.22737	4
7	19000001	0.837411	0.742899	2
7	20000001	0.742899	0.742899	2
7	21000001	0.711917	0.742899	2
7	22000001	1.47903	1.15234	3
7	23000001	1.24179	1.15234	3
7	24000001	1.25969	1.15234	3
7	25000001	1.15461	1.15234	3
7	26000001	1.15006	1.15234	3
7	27000001	1.15999	1.15234	3
7	28000001	1.11119	1.15234	3
7	29000001	1.08749	1.15234	3
7	30000001	0.931664	1.15234	3
7	31000001	1.17097	1.15234	3
7	32000001	1.12641	1.15234	3
7	33000001	1.04834	1.15234	3
7	34000001	0.664287	0.974597	3
7	35000001	0.88418	0.974597	3
7	36000001	0.999152	0.974597	3
7	37000001	0.754933	0.974597	3
7	38000001	1.10488	0.974597	3
7	39000001	1.06548	0.974597	3
7	40000001	0.666794	0.974597	3
7	41000001	0.577665	0.974597	3
7	42000001	1.0261	0.974597	3
7	43000001	0.950041	0.974597	3
7	44000001	1.13596	0.974597	3
7	45000001	1.17757	0.974597	3
7	46000001	0.685754	0.73185	2
7	47000001	0.834742	0.73185	2
7	48000001	0.563067	0.73185	2
7	49000001	0.717802	0.73185	2
7	50000001	1.02395	0.73185	2
7	51000001	0.614678	0.73185	2
7	52000001	0.548351	0.73185	2
7	53000001	0.464993	0.73185	2
7	54000001	0.83546	0.73185	2
7	55000001	0.856563	0.73185	2
7	56000001	0.745899	0.73185	2
7	57000001	0.687693	0.73185	2
7	58000001	0.8165	0.73185	2
7	59000001	0.939013	0.73185	2
7	60000001	0.925463	0.73185	2
7	61000001	0.575224	0.73185	2
7	62000001	0.784394	0.73185	2
7	63000001	0.675356	0.73185	2
7	64000001	0.932686	1.01042	3
7	65000001	1.05891	1.01042	3
7	66000001	1.46465	1.01042	3
7	67000001	1.27548	1.01042	3
7	68000001	0.640228	1.01042	3
7	69000001	0.737611	1.01042	3
7	70000001	0.96193	1.01042	3
7	71000001	1.07457	1.01042	3
7	72000001	1.5357	1.34955	4
7	73000001	1.34955	1.34955	4
7	74000001	1.60397	1.34955	4
7	75000001	1.30589	1.34955	4
7	76000001	1.31832	1.34955	4
7	77000001	1.52955	1.34955	4
7	78000001	1.29249	1.34955	4
7	79000001	0.816215	0.908063	3
7	80000001	0.834468	0.908063	3
7	81000001	1.2685	0.908063	3
7	82000001	0.8275	0.908063	3
7	83000001	0.884617	0.908063	3
7	84000001	1.10457	0.908063	3
7	85000001	1.02872	0.908063	3
7	86000001	1.07848	0.908063	3
7	87000001	1.20701	0.908063	3
7	88000001	0.931509	0.908063	3
7	89000001	0.765158	0.908063	3
7	90000001	0.879587	0.908063	3
7	91000001	1.17108	1.13926	3
7	92000001	1.13926	1.13926	3
7	93000001	1.26297	1.13926	3
7	94000001	0.797857	1.13926	3
7	95000001	1.09175	1.13926	3
7	96000001	0.948348	1.13926	3
7	97000001	1.065	1.13926	3
7	98000001	1.15366	1.13926	3
7	99000001	1.26127	1.13926	3
7	100000001	1.84025	1.54519	5
7	101000001	1.52666	1.54519	5
7	102000001	1.13132	1.54519	5
7	103000001	1.54555	1.54519	5
7	104000001	1.63971	1.54519	5
7	105000001	1.81924	1.54519	5
7	106000001	1.54519	1.54519	5
7	107000001	1.35731	1.54519	5
7	108000001	1.4819	1.54519	5
7	109000001	0.961019	1.05532	3
7	110000001	1.03108	1.05532	3
7	111000001	1.54575	1.05532	3
7	112000001	1.30202	1.05532	3
7	113000001	1.12564	1.05532	3
7	114000001	0.876759	1.05532	3
7	115000001	1.05532	1.05532	3
7	116000001	1.91878	1.42531	4
7	117000001	1.37762	1.42531	4
7	118000001	0.796223	1.42531	4
7	119000001	1.5654	1.42531	4
7	120000001	1.71737	1.42531	4
7	121000001	1.36063	1.42531	4
7	122000001	1.20234	1.42531	4
7	123000001	1.79747	1.42531	4
7	124000001	1.30531	1.42531	4
7	125000001	1.2174	1.42531	4
7	126000001	1.17281	1.42531	4
7	127000001	1.63155	1.42531	4
7	128000001	1.59623	1.42531	4
7	129000001	1.4646	1.42531	4
7	130000001	1.78436	1.42531	4
7	131000001	1.36683	1.42531	4
7	132000001	1.19323	1.42531	4
7	133000001	1.49493	1.42531	4
7	134000001	1.38603	1.42531	4
7	135000001	1.6482	1.42531	4
7	136000001	1.48661	1.42531	4
7	137000001	1.29931	1.42531	4
7	138000001	1.832	1.70177	5
7	139000001	1.81359	1.70177	5
7	140000001	1.58995	1.70177	5
7	141000001	1.58408	1.70177	5
7	142000001	1.08181	1.11892	3
7	143000001	1.38477	1.11892	3
7	144000001	1.21967	1.11892	3
7	145000001	1.15602	1.11892	3
7	146000001	0.982056	1.11892	3
7	147000001	1.00239	1.11892	3
7	148000001	1.62939	1.58355	5
7	149000001	1.63595	1.58355	5
7	150000001	1.66611	1.58355	5
7	151000001	1.92001	1.58355	5
7	152000001	1.48436	1.58355	5
7	153000001	1.52364	1.58355	5
7	154000001	1.12023	1.58355	5
7	155000001	1.59335	1.58355	5
7	156000001	1.50063	1.58355	5
7	157000001	1.78487	1.58355	5
7	158000001	1.57376	1.58355	5
7	159000001	1.29062	1.58355	5
8	1	1.07125	0.994021	3
8	1000001	1.23602	0.994021	3
8	2000001	0.989799	0.994021	3
8	3000001	0.693989	0.994021	3
8	4000001	0.994021	0.994021	3
8	5000001	0.887904	0.994021	3
8	6000001	0.999794	0.994021	3
8	7000001	1.36111	1.25139	4
8	8000001	1.45224	1.25139	4
8	9000001	1.18205	1.25139	4
8	10000001	1.22898	1.25139	4
8	11000001	1.18398	1.25139	4
8	12000001	1.2738	1.25139	4
8	13000001	0.80214	0.737684	2
8	14000001	0.663128	0.737684	2
8	15000001	0.962222	0.737684	2
8	16000001	0.673228	0.737684	2
8	17000001	1.0323	1.08284	3
8	18000001	1.21928	1.08284	3
8	19000001	0.99738	1.08284	3
8	20000001	0.84134	1.08284	3
8	21000001	1.13324	1.08284	3
8	22000001	1.02523	1.08284	3
8	23000001	1.37783	1.08284	3
8	24000001	0.83703	1.08284	3
8	25000001	0.906658	1.08284	3
8	26000001	1.26847	1.08284	3
8	27000001	1.21787	1.08284	3
8	28000001	1.06034	1.08284	3
8	29000001	1.28402	1.08284	3
8	30000001	1.16775	1.08284	3
8	31000001	1.08284	1.08284	3
8	32000001	0.838902	0.838902	3
8	33000001	0.715159	0.838902	3
8	34000001	0.894888	0.838902	3
8	35000001	0.792121	0.838902	3
8	36000001	0.788291	0.838902	3
8	37000001	1.11003	0.838902	3
8	38000001	1.00648	0.838902	3
8	39000001	0.909827	0.838902	3
8	40000001	0.828102	0.838902	3
8	41000001	1.20401	1.32716	4
8	42000001	1.45031	1.32716	4
8	43000001	0.994582	0.927433	3
8	44000001	0.860285	0.927433	3
8	45000001	0.773141	0.927433	3
8	46000001	1.02812	0.927433	3
8	47000001	1.37251	1.37251	4
8	48000001	1.40109	1.37251	4
8	49000001	1.09189	1.37251	4
8	50000001	0.799032	0.771588	2
8	51000001	0.771588	0.771588	2
8	52000001	0.762288	0.771588	2
8	53000001	1.12974	1.11977	3
8	54000001	0.998312	1.11977	3
8	55000001	1.25158	1.11977	3
8	56000001	1.16761	1.11977	3
8	57000001	0.921506	1.11977	3
8	58000001	1.05041	1.11977	3
8	59000001	1.11977	1.11977	3
8	60000001	1.17714	1.11977	3
8	61000001	1.11883	1.11977	3
8	62000001	1.01046	1.11977	3
8	63000001	0.977821	1.11977	3
8	64000001	0.950299	1.11977	3
8	65000001	1.24872	1.11977	3
8	66000001	1.25026	1.11977	3
8	67000001	1.14997	1.11977	3
8	68000001	0.779831	0.799982	2
8	69000001	0.902389	0.799982	2
8	70000001	0.703588	0.799982	2
8	71000001	0.820132	0.799982	2
8	72000001	0.990171	0.938199	3
8	73000001	1.13561	0.938199	3
8	74000001	0.938199	0.938199	3
8	75000001	1.10134	0.938199	3
8	76000001	0.794127	0.938199	3
8	77000001	0.625606	0.938199	3
8	78000001	1.03029	0.938199	3
8	79000001	1.37899	0.938199	3
8	80000001	0.86638	0.938199	3
8	81000001	1.04045	0.938199	3
8	82000001	0.929528	0.938199	3
8	83000001	0.932472	0.938199	3
8	84000001	0.771268	0.938199	3
8	85000001	1.09232	0.938199	3
8	86000001	1.09342	0.938199	3
8	87000001	0.831625	0.938199	3
8	88000001	0.881673	0.938199	3
8	89000001	1.1879	1.20886	4
8	90000001	1.34664	1.20886	4
8	91000001	1.24115	1.20886	4
8	92000001	0.946464	1.20886	4
8	93000001	1.20886	1.20886	4
8	94000001	1.10713	1.20886	4
8	95000001	1.20864	1.20886	4
8	96000001	1.21872	1.20886	4
8	97000001	1.58815	1.20886	4
8	98000001	1.08626	1.20886	4
8	99000001	1.65752	1.20886	4
8	100000001	1.3157	1.20886	4
8	101000001	1.20092	1.20886	4
8	102000001	1.07342	1.20886	4
8	103000001	1.07258	1.20886	4
8	104000001	1.39547	1.20886	4
8	105000001	1.24827	1.20886	4
8	106000001	0.899541	0.932968	3
8	107000001	0.941222	0.932968	3
8	108000001	0.78128	0.932968	3
8	109000001	0.924714	0.932968	3
8	110000001	0.7243	0.932968	3
8	111000001	0.797218	0.932968	3
8	112000001	0.97251	0.932968	3
8	113000001	0.47951	0.932968	3
8	114000001	0.993087	0.932968	3
8	115000001	1.22686	0.932968	3
8	116000001	1.17139	0.932968	3
8	117000001	1.14321	0.932968	3
8	118000001	0.97979	0.932968	3
8	119000001	0.56993	0.932968	3
8	120000001	0.754876	0.932968	3
8	121000001	0.946716	0.932968	3
8	122000001	0.81842	0.932968	3
8	123000001	0.99454	0.932968	3
8	124000001	1.19503	0.932968	3
8	125000001	1.11669	0.932968	3
8	126000001	1.06877	0.932968	3
8	127000001	1.24807	0.932968	3
8	128000001	1.18977	0.932968	3
8	129000001	1.45876	0.932968	3
8	130000001	1.20799	0.932968	3
8	131000001	0.567858	0.932968	3
8	132000001	0.884021	0.932968	3
8	133000001	0.793424	0.932968	3
8	134000001	0.603565	0.932968	3
8	135000001	0.658787	0.932968	3
8	136000001	0.605907	0.932968	3
8	137000001	0.767645	0.932968	3
8	138000001	1.3092	1.13391	3
8	139000001	1.13148	1.13391	3
8	140000001	1.03799	1.13391	3
8	141000001	1.07104	1.13391	3
8	142000001	1.10455	1.13391	3
8	143000001	1.13634	1.13391	3
8	144000001	1.21613	1.13391	3
8	145000001	2.79429	1.13391	3
9	1	0.683994	0.584977	2
9	1000001	0.564429	0.584977	2
9	2000001	0.472784	0.584977	2
9	3000001	0.64836	0.584977	2
9	4000001	0.726612	0.584977	2
9	5000001	0.64379	0.584977	2
9	6000001	0.695546	0.584977	2
9	7000001	0.553299	0.584977	2
9	8000001	0.542852	0.584977	2
9	9000001	0.404649	0.584977	2
9	10000001	0.551121	0.584977	2
9	11000001	0.493003	0.584977	2
9	12000001	0.462197	0.584977	2
9	13000001	0.584977	0.584977	2
9	14000001	0.770625	0.584977	2
9	15000001	0.708355	0.584977	2
9	16000001	0.925466	0.584977	2
9	17000001	0.523716	0.584977	2
9	18000001	0.612877	0.584977	2
9	19000001	0.903774	0.584977	2
9	20000001	0.446	0.584977	2
9	21000001	0.0558085	0.109197	0
9	22000001	0.109197	0.109197	0
9	23000001	0.0695298	0.109197	0
9	24000001	0.0636972	0.109197	0
9	25000001	0.0541133	0.109197	0
9	26000001	0.162197	0.109197	0
9	27000001	0.282837	0.109197	0
9	28000001	0.102857	0.109197	0
9	29000001	0.370008	0.109197	0
9	30000001	0.138396	0.109197	0
9	31000001	0.362999	0.109197	0
9	32000001	0.671799	0.673111	2
9	33000001	0.586926	0.673111	2
9	34000001	0.717629	0.673111	2
9	35000001	0.649242	0.673111	2
9	36000001	0.563412	0.673111	2
9	37000001	1.27969	0.673111	2
9	38000001	0.967245	0.673111	2
9	39000001	0.520399	0.673111	2
9	40000001	0.674424	0.673111	2
9	41000001	0.747715	0.673111	2
9	42000001	0.623852	0.673111	2
9	43000001	0.937353	0.673111	2
9	44000001	1.16142	1.2876	4
9	45000001	1.41379	1.2876	4
9	46000001	-1	-1	2
9	47000001	-1	-1	2
9	48000001	-1	-1	2
9	49000001	-1	-1	2
9	50000001	-1	-1	2
9	51000001	-1	-1	2
9	52000001	-1	-1	2
9	53000001	-1	-1	2
9	54000001	-1	-1	2
9	55000001	-1	-1	2
9	56000001	-1	-1	2
9	57000001	-1	-1	2
9	58000001	-1	-1	2
9	59000001	-1	-1	2
9	60000001	0.618039	0.554326	2
9	61000001	0.53965	0.554326	2
9	62000001	0.545241	0.554326	2
9	63000001	0.810615	0.554326	2
9	64000001	0.635245	0.554326	2
9	65000001	0.64658	0.554326	2
9	66000001	0.419164	0.554326	2
9	67000001	0.365026	0.554326	2
9	68000001	0.582834	0.554326	2
9	69000001	0.832549	0.554326	2
9	70000001	0.808158	0.554326	2
9	71000001	0.76102	0.554326	2
9	72000001	0.715079	0.554326	2
9	73000001	0.464372	0.554326	2
9	74000001	0.488125	0.554326	2
9	75000001	0.356463	0.554326	2
9	76000001	0.535357	0.554326	2
9	77000001	0.797496	0.554326	2
9	78000001	0.668086	0.554326	2
9	79000001	0.41923	0.554326	2
9	80000001	0.554326	0.554326	2
9	81000001	0.336501	0.554326	2
9	82000001	0.414401	0.554326	2
9	83000001	0.637073	0.554326	2
9	84000001	0.416695	0.554326	2
9	85000001	0.653605	0.554326	2
9	86000001	0.45969	0.554326	2
9	87000001	0.763549	0.554326	2
9	88000001	0.485265	0.554326	2
9	89000001	0.772644	0.887791	3
9	90000001	0.715796	0.887791	3
9	91000001	0.790414	0.887791	3
9	92000001	0.960504	0.887791	3
9	93000001	0.944725	0.887791	3
9	94000001	1.11601	0.887791	3
9	95000001	0.911062	0.887791	3
9	96000001	1.14724	0.887791	3
9	97000001	0.80296	0.887791	3
9	98000001	1.12301	0.887791	3
9	99000001	1.08595	0.887791	3
9	100000001	0.713161	0.887791	3
9	101000001	1.05994	0.887791	3
9	102000001	0.568775	0.887791	3
9	103000001	0.670222	0.887791	3
9	104000001	0.562797	0.887791	3
9	105000001	0.926066	0.887791	3
9	106000001	0.680184	0.887791	3
9	107000001	0.941254	0.887791	3
9	108000001	0.802855	0.887791	3
9	109000001	0.889583	0.887791	3
9	110000001	0.562219	0.887791	3
9	111000001	0.926077	0.887791	3
9	112000001	0.967029	0.887791	3
9	113000001	0.881678	0.887791	3
9	114000001	1.05615	0.887791	3
9	115000001	0.895309	0.887791	3
9	116000001	0.887791	0.887791	3
9	117000001	0.555032	0.887791	3
9	118000001	0.592779	0.887791	3
9	119000001	0.675415	0.887791	3
9	120000001	1.47246	1.05636	3
9	121000001	1.15978	1.05636	3
9	122000001	1.07003	1.05636	3
9	123000001	0.919485	1.05636	3
9	124000001	1.21099	1.05636	3
9	125000001	0.826963	1.05636	3
9	126000001	1.0427	1.05636	3
9	127000001	0.881788	1.05636	3
9	128000001	1.51858	1.42288	4
9	129000001	1.32717	1.42288	4
9	130000001	2.8546	2.81008	8
9	131000001	2.76555	2.81008	8
9	132000001	1.02504	1.11499	3
9	133000001	1.03885	1.11499	3
9	134000001	1.12449	1.11499	3
9	135000001	1.29394	1.11499	3
9	136000001	1.11499	1.11499	3
9	137000001	0.996058	1.11499	3
9	138000001	1.23184	1.11499	3
X	1	0.323483	0.396823	1
X	1000001	0.372092	0.396823	1
X	2000001	0.405571	0.396823	1
X	3000001	0.48745	0.396823	1
X	4000001	0.251612	0.396823	1
X	5000001	0.339391	0.396823	1
X	6000001	0.295896	0.396823	1
X	7000001	0.406167	0.396823	1
X	8000001	0.396823	0.396823	1
X	9000001	0.578373	0.396823	1
X	10000001	0.625483	0.396823	1
X	11000001	1.34968	1.34968	4
X	12000001	0.627688	0.562683	2
X	13000001	0.702078	0.562683	2
X	14000001	0.382404	0.562683	2
X	15000001	0.562683	0.562683	2
X	16000001	0.744898	0.562683	2
X	17000001	0.523676	0.562683	2
X	18000001	0.33828	0.562683	2
X	19000001	0.513376	0.562683	2
X	20000001	0.396812	0.562683	2
X	21000001	0.662815	0.562683	2
X	22000001	0.525395	0.562683	2
X	23000001	0.660561	0.562683	2
X	24000001	0.729857	0.562683	2
X	25000001	0.315978	0.326727	1
X	26000001	0.244883	0.326727	1
X	27000001	0.326727	0.326727	1
X	28000001	0.318525	0.326727	1
X	29000001	0.325753	0.326727	1
X	30000001	0.514337	0.326727	1
X	31000001	0.545401	0.326727	1
X	32000001	0.295302	0.326727	1
X	33000001	0.266259	0.326727	1
X	34000001	0.38924	0.326727	1
X	35000001	0.427594	0.326727	1
X	36000001	0.340745	0.326727	1
X	37000001	0.358739	0.326727	1
X	38000001	0.712684	0.60556	2
X	39000001	0.60556	0.60556	2
X	40000001	0.670647	0.60556	2
X	41000001	0.69635	0.60556	2
X	42000001	0.340825	0.60556	2
X	43000001	0.473234	0.60556	2
X	44000001	0.672312	0.60556	2
X	45000001	0.46455	0.60556	2
X	46000001	0.314379	0.60556	2
X	47000001	0.641888	0.60556	2
X	48000001	0.589992	0.60556	2
X	49000001	0.626589	0.60556	2
X	50000001	0.702657	0.60556	2
X	51000001	0.577129	0.60556	2
X	52000001	0.586602	0.60556	2
X	53000001	0.551167	0.60556	2
X	54000001	0.65255	0.60556	2
X	55000001	0.425262	0.366317	1
X	56000001	0.402965	0.366317	1
X	57000001	0.280766	0.366317	1
X	58000001	0.365869	0.366317	1
X	59000001	0.294576	0.366317	1
X	60000001	0.381034	0.366317	1
X	61000001	0.486321	0.366317	1
X	62000001	0.366766	0.366317	1
X	63000001	0.250756	0.366317	1
X	64000001	0.301598	0.366317	1
X	65000001	0.753099	0.679366	2
X	66000001	0.534932	0.679366	2
X	67000001	0.411471	0.679366	2
X	68000001	0.515814	0.679366	2
X	69000001	0.725303	0.679366	2
X	70000001	0.737163	0.679366	2
X	71000001	0.794482	0.679366	2
X	72000001	0.633428	0.679366	2
X	73000001	0.331899	0.382638	1
X	74000001	0.507635	0.382638	1
X	75000001	0.262654	0.382638	1
X	76000001	0.300526	0.382638	1
X	77000001	0.643606	0.382638	1
X	78000001	0.498149	0.382638	1
X	79000001	0.307895	0.382638	1
X	80000001	0.413466	0.382638	1
X	81000001	0.330225	0.382638	1
X	82000001	0.285978	0.382638	1
X	83000001	0.293181	0.382638	1
X	84000001	0.38665	0.382638	1
X	85000001	0.302844	0.382638	1
X	86000001	0.440736	0.382638	1
X	87000001	0.431021	0.382638	1
X	88000001	0.482862	0.382638	1
X	89000001	0.386479	0.382638	1
X	90000001	0.278542	0.382638	1
X	91000001	0.384588	0.382638	1
X	92000001	0.396326	0.382638	1
X	93000001	0.354596	0.382638	1
X	94000001	0.449055	0.382638	1
X	95000001	0.382638	0.382638	1
X	96000001	0.388064	0.382638	1
X	97000001	0.300685	0.382638	1
X	98000001	0.293612	0.382638	1
X	99000001	0.30496	0.382638	1
X	100000001	0.476504	0.522356	2
X	101000001	0.499664	0.522356	2
X	102000001	0.550447	0.522356	2
X	103000001	0.574042	0.522356	2
X	104000001	0.457214	0.522356	2
X	105000001	0.337928	0.522356	2
X	106000001	0.379818	0.522356	2
X	107000001	0.680347	0.522356	2
X	108000001	0.386096	0.522356	2
X	109000001	0.508972	0.522356	2
X	110000001	0.707988	0.522356	2
X	111000001	0.357156	0.522356	2
X	112000001	0.358497	0.522356	2
X	113000001	0.329437	0.522356	2
X	114000001	0.56798	0.522356	2
X	115000001	0.324757	0.522356	2
X	116000001	0.342207	0.522356	2
X	117000001	0.475138	0.522356	2
X	118000001	0.594045	0.522356	2
X	119000001	0.60475	0.522356	2
X	120000001	0.777025	0.522356	2
X	121000001	0.631724	0.522356	2
X	122000001	0.49067	0.522356	2
X	123000001	0.541929	0.522356	2
X	124000001	0.488811	0.522356	2
X	125000001	0.34322	0.522356	2
X	126000001	0.540397	0.522356	2
X	127000001	0.317012	0.522356	2
X	128000001	0.332341	0.522356	2
X	129000001	0.543788	0.522356	2
X	130000001	0.562978	0.522356	2
X	131000001	0.561327	0.522356	2
X	132000001	0.428989	0.522356	2
X	133000001	0.363888	0.522356	2
X	134000001	0.607749	0.522356	2
X	135000001	0.678419	0.522356	2
X	136000001	0.567475	0.522356	2
X	137000001	0.55726	0.522356	2
X	138000001	0.53574	0.522356	2
X	139000001	0.624277	0.522356	2
X	140000001	0.371083	0.359238	1
X	141000001	0.347172	0.359238	1
X	142000001	0.392091	0.359238	1
X	143000001	0.289937	0.359238	1
X	144000001	0.347392	0.359238	1
X	145000001	0.45767	0.359238	1
X	146000001	0.286035	0.359238	1
X	147000001	0.345157	0.359238	1
X	148000001	0.463661	0.359238	1
X	149000001	0.481051	0.359238	1
X	150000001	0.549167	0.683729	2
X	151000001	0.688002	0.683729	2
X	152000001	0.668653	0.683729	2
X	153000001	0.78266	0.683729	2
X	154000001	0.683729	0.683729	2
X	155000001	0.359953	0.683729	2
X	156000001	0.804584	0.683729	2
Y	1	-1	-1	0
Y	1000001	-1	-1	0
Y	2000001	0.0663519	0.075616	0
Y	3000001	0.0848801	0.075616	0
Y	4000001	0.139546	0.075616	0
Y	5000001	0.110395	0.075616	0
Y	6000001	0.013538	0.075616	0
Y	7000001	0.104161	0.075616	0
Y	8000001	0.0192802	0.075616	0
Y	9000001	0.0276417	0.075616	0
Y	10000001	0.754716	0.68259	2
Y	11000001	0.610464	0.68259	2
Y	12000001	0.0921604	0.0628077	0
Y	13000001	0.0383111	0.0628077	0
Y	14000001	0.06037	0.0628077	0
Y	15000001	0.200402	0.0628077	0
Y	16000001	0.025927	0.0628077	0
Y	17000001	0.0638561	0.0628077	0
Y	18000001	0.0601468	0.0628077	0
Y	19000001	0.0628077	0.0628077	0
Y	20000001	0.0739126	0.0628077	0
Y	21000001	0.280468	0.170292	1
Y	22000001	0.253255	0.170292	1
Y	23000001	0.0802539	0.170292	1
Y	24000001	0.108311	0.170292	1
Y	25000001	0.162827	0.170292	1
Y	26000001	0.170292	0.170292	1
Y	27000001	-1	0.170292	1
Y	28000001	-1	0.170292	1
Y	29000001	-1	0.170292	1
Y	30000001	-1	0.170292	1
Y	31000001	-1	0.170292	1
Y	32000001	-1	0.170292	1
Y	33000001	-1	0.170292	1
Y	34000001	-1	0.170292	1
Y	35000001	-1	0.170292	1
Y	36000001	-1	0.170292	1
Y	37000001	-1	0.170292	1
Y	38000001	-1	0.170292	1
Y	39000001	-1	0.170292	1
Y	40000001	-1	0.170292	1
Y	41000001	-1	0.170292	1
Y	42000001	-1	0.170292	1
Y	43000001	-1	0.170292	1
Y	44000001	-1	0.170292	1
Y	45000001	-1	0.170292	1
Y	46000001	-1	0.170292	1
Y	47000001	-1	0.170292	1
Y	48000001	-1	0.170292	1
Y	49000001	-1	0.170292	1
Y	50000001	-1	0.170292	1
Y	51000001	-1	0.170292	1
Y	52000001	-1	0.170292	1
Y	53000001	-1	0.170292	1
Y	54000001	-1	0.170292	1
Y	55000001	-1	0.170292	1
Y	56000001	0.301722	0.170292	1
Y	57000001	-1	-1	1
