Chromosome	Start	Ratio	MedianRatio	CopyNumber
1	1	1.44165	1.32301	4
1	1000001	1.20438	1.32301	4
1	2000001	2.03954	2.03954	6
1	3000001	1.35488	1.32377	4
1	4000001	1.03315	1.32377	4
1	5000001	1.19142	1.32377	4
1	6000001	1.4248	1.32377	4
1	7000001	1.53172	1.32377	4
1	8000001	1.1874	1.32377	4
1	9000001	1.31079	1.32377	4
1	10000001	1.43288	1.32377	4
1	11000001	1.2088	1.32377	4
1	12000001	1.27643	1.32377	4
1	13000001	1.51982	1.32377	4
1	14000001	1.25368	1.32377	4
1	15000001	1.18639	1.32377	4
1	16000001	1.42358	1.32377	4
1	17000001	1.48386	1.32377	4
1	18000001	1.23378	1.32377	4
1	19000001	1.193	1.32377	4
1	20000001	1.20372	1.32377	4
1	21000001	1.17397	1.32377	4
1	22000001	1.32581	1.32377	4
1	23000001	1.40972	1.32377	4
1	24000001	1.54673	1.32377	4
1	25000001	1.21857	1.32377	4
1	26000001	1.25285	1.32377	4
1	27000001	1.50523	1.32377	4
1	28000001	1.42124	1.32377	4
1	29000001	1.41562	1.32377	4
1	30000001	1.22932	1.32377	4
1	31000001	1.43075	1.32377	4
1	32000001	1.36411	1.32377	4
1	33000001	1.32791	1.32377	4
1	34000001	1.30851	1.32377	4
1	35000001	1.38887	1.32377	4
1	36000001	1.26532	1.32377	4
1	37000001	1.32096	1.32377	4
1	38000001	1.37716	1.32377	4
1	39000001	1.14765	1.32377	4
1	40000001	1.25452	1.32377	4
1	41000001	1.50626	1.32377	4
1	42000001	1.39515	1.32377	4
1	43000001	1.32173	1.32377	4
1	44000001	1.35758	1.32377	4
1	45000001	1.65751	1.32377	4
1	46000001	1.13714	1.32377	4
1	47000001	1.36108	1.32377	4
1	48000001	1.27079	1.32377	4
1	49000001	1.27389	1.32377	4
1	50000001	1.12253	1.32377	4
1	51000001	1.5515	1.32377	4
1	52000001	1.394	1.32377	4
1	53000001	1.3079	1.32377	4
1	54000001	1.44557	1.32377	4
1	55000001	1.06966	1.02135	3
1	56000001	0.933351	1.02135	3
1	57000001	1.11254	1.02135	3
1	58000001	0.953771	1.02135	3
1	59000001	1.02135	1.02135	3
1	60000001	0.936422	1.02135	3
1	61000001	1.07423	1.02135	3
1	62000001	1.11587	1.02135	3
1	63000001	0.951865	1.02135	3
1	64000001	1.09118	1.02135	3
1	65000001	0.902157	1.02135	3
1	66000001	0.893141	1.02135	3
1	67000001	1.04973	1.02135	3
1	68000001	1.00518	1.02135	3
1	69000001	1.02646	1.02135	3
1	70000001	1.09431	1.02135	3
1	71000001	0.963589	1.02135	3
1	72000001	0.874607	1.02135	3
1	73000001	0.957373	1.02135	3
1	74000001	0.938456	1.02135	3
1	75000001	1.0301	1.02135	3
1	76000001	1.04796	1.02135	3
1	77000001	1.09299	1.02135	3
1	78000001	1.03463	1.02135	3
1	79000001	0.823457	1.02135	3
1	80000001	0.430469	0.461918	1
1	81000001	0.493367	0.461918	1
1	82000001	0.807837	0.973474	3
1	83000001	1.01067	0.973474	3
1	84000001	0.947491	0.973474	3
1	85000001	0.86248	0.973474	3
1	86000001	0.905577	0.973474	3
1	87000001	1.11651	0.973474	3
1	88000001	1.09089	0.973474	3
1	89000001	1.06039	0.973474	3
1	90000001	0.824989	0.973474	3
1	91000001	0.846123	0.973474	3
1	92000001	0.969507	0.973474	3
1	93000001	1.02734	0.973474	3
1	94000001	1.01262	0.973474	3
1	95000001	0.853071	0.973474	3
1	96000001	1.09384	0.973474	3
1	97000001	0.977441	0.973474	3
1	98000001	0.959722	0.973474	3
1	99000001	1.34162	0.973474	3
1	100000001	1.05018	0.973474	3
1	101000001	0.954275	0.973474	3
1	102000001	0.678337	0.640412	2
1	103000001	0.640412	0.640412	2
1	104000001	0.6153	0.640412	2
1	105000001	0.602717	0.640412	2
1	106000001	0.807972	0.640412	2
1	107000001	1.17568	1.31073	4
1	108000001	1.28594	1.31073	4
1	109000001	1.3655	1.31073	4
1	110000001	1.30285	1.31073	4
1	111000001	1.24176	1.31073	4
1	112000001	1.49273	1.31073	4
1	113000001	1.58595	1.31073	4
1	114000001	1.22251	1.31073	4
1	115000001	1.3186	1.31073	4
1	116000001	1.60044	1.31073	4
1	117000001	1.1906	1.31073	4
1	118000001	1.36792	1.31073	4
1	119000001	1.44688	1.31073	4
1	120000001	1.26784	1.31073	4
1	121000001	2.19444	2.19444	7
1	122000001	1.36069	1.46914	4
1	123000001	1.60518	1.46914	4
1	124000001	1.46914	1.46914	4
1	125000001	5.29768	-1	3
1	126000001	-1	-1	3
1	127000001	-1	-1	3
1	128000001	-1	-1	3
1	129000001	-1	-1	3
1	130000001	-1	-1	3
1	131000001	-1	-1	3
1	132000001	-1	-1	3
1	133000001	-1	-1	3
1	134000001	-1	-1	3
1	135000001	-1	-1	3
1	136000001	-1	-1	3
1	137000001	-1	-1	3
1	138000001	-1	-1	3
1	139000001	-1	-1	3
1	140000001	-1	-1	3
1	141000001	-1	-1	3
1	142000001	-1	-1	3
1	143000001	5.00043	-1	3
1	144000001	0.954574	1.00124	3
1	145000001	0.926899	1.00124	3
1	146000001	0.963898	1.00124	3
1	147000001	1.17183	1.00124	3
1	148000001	0.94238	1.00124	3
1	149000001	1.00958	1.00124	3
1	150000001	0.983967	1.00124	3
1	151000001	1.10722	1.00124	3
1	152000001	1.01017	1.00124	3
1	153000001	1.0645	1.00124	3
1	154000001	1.10839	1.00124	3
1	155000001	0.992896	1.00124	3
1	156000001	1.0662	1.00124	3
1	157000001	1.03225	1.00124	3
1	158000001	0.936678	1.00124	3
1	159000001	1.21372	1.00124	3
1	160000001	0.927642	1.00124	3
1	161000001	0.894203	1.00124	3
1	162000001	1.25605	1.32383	4
1	163000001	1.4739	1.32383	4
1	164000001	1.49812	1.32383	4
1	165000001	1.25697	1.32383	4
1	166000001	1.44738	1.32383	4
1	167000001	1.44433	1.32383	4
1	168000001	1.32383	1.32383	4
1	169000001	1.50987	1.32383	4
1	170000001	1.53311	1.32383	4
1	171000001	1.11861	1.32383	4
1	172000001	1.41214	1.32383	4
1	173000001	1.28574	1.32383	4
1	174000001	1.22032	1.32383	4
1	175000001	1.22743	1.32383	4
1	176000001	1.38328	1.32383	4
1	177000001	1.30857	1.32383	4
1	178000001	1.43763	1.32383	4
1	179000001	1.12323	1.32383	4
1	180000001	1.23438	1.32383	4
1	181000001	1.36013	1.32383	4
1	182000001	1.31137	1.32383	4
1	183000001	1.21916	1.32383	4
1	184000001	1.40982	1.32383	4
1	185000001	1.28111	1.32383	4
1	186000001	1.51941	1.32383	4
1	187000001	1.11816	0.925123	3
1	188000001	0.885619	0.925123	3
1	189000001	0.847741	0.925123	3
1	190000001	0.964627	0.925123	3
1	191000001	1.21814	1.29385	4
1	192000001	1.31432	1.29385	4
1	193000001	1.23956	1.29385	4
1	194000001	1.21711	1.29385	4
1	195000001	1.15966	1.29385	4
1	196000001	1.30726	1.29385	4
1	197000001	1.32757	1.29385	4
1	198000001	1.23423	1.29385	4
1	199000001	1.43785	1.29385	4
1	200000001	1.29385	1.29385	4
1	201000001	1.31496	1.29385	4
1	202000001	1.39382	1.29385	4
1	203000001	1.35944	1.29385	4
1	204000001	1.28679	1.29385	4
1	205000001	1.294	1.29385	4
1	206000001	1.27675	1.29385	4
1	207000001	1.4231	1.29385	4
1	208000001	1.62513	1.29385	4
1	209000001	1.31829	1.29385	4
1	210000001	1.25114	1.29385	4
1	211000001	1.36795	1.29385	4
1	212000001	1.1736	1.29385	4
1	213000001	1.11883	1.29385	4
1	214000001	1.2239	1.29385	4
1	215000001	1.24206	1.29385	4
1	216000001	0.654086	0.78571	2
1	217000001	0.917335	0.78571	2
1	218000001	1.32872	1.37003	4
1	219000001	1.52522	1.37003	4
1	220000001	1.26672	1.37003	4
1	221000001	1.51369	1.37003	4
1	222000001	1.3336	1.37003	4
1	223000001	1.41549	1.37003	4
1	224000001	1.21598	1.37003	4
1	225000001	1.33091	1.37003	4
1	226000001	1.37405	1.37003	4
1	227000001	1.28571	1.37003	4
1	228000001	1.58449	1.37003	4
1	229000001	1.47742	1.37003	4
1	230000001	1.45226	1.37003	4
1	231000001	1.43259	1.37003	4
1	232000001	1.36079	1.37003	4
1	233000001	1.366	1.37003	4
1	234000001	1.17728	1.28331	4
1	235000001	1.25723	1.28331	4
1	236000001	1.31587	1.28331	4
1	237000001	1.20003	1.28331	4
1	238000001	1.05786	1.28331	4
1	239000001	1.09909	1.28331	4
1	240000001	1.4474	1.28331	4
1	241000001	1.41492	1.28331	4
1	242000001	1.10133	1.28331	4
1	243000001	1.38395	1.28331	4
1	244000001	1.37	1.28331	4
1	245000001	1.34916	1.28331	4
1	246000001	1.40905	1.28331	4
1	247000001	1.28331	1.28331	4
1	248000001	1.14164	1.28331	4
10	1	1.24969	0.971044	3
10	1000001	0.978231	0.971044	3
10	2000001	0.959781	0.971044	3
10	3000001	0.942391	0.971044	3
10	4000001	0.987042	0.971044	3
10	5000001	1.05669	0.971044	3
10	6000001	0.996038	0.971044	3
10	7000001	0.904518	0.971044	3
10	8000001	0.904986	0.971044	3
10	9000001	0.97362	0.971044	3
10	10000001	1.14166	0.971044	3
10	11000001	0.885551	0.971044	3
10	12000001	1.16417	0.971044	3
10	13000001	1.14468	0.971044	3
10	14000001	1.14119	0.971044	3
10	15000001	1.06821	0.971044	3
10	16000001	0.965655	0.971044	3
10	17000001	0.99125	0.971044	3
10	18000001	1.08647	0.971044	3
10	19000001	0.85695	0.971044	3
10	20000001	0.895731	0.971044	3
10	21000001	1.13077	0.971044	3
10	22000001	1.01151	0.971044	3
10	23000001	0.894679	0.971044	3
10	24000001	0.919558	0.971044	3
10	25000001	1.28031	0.971044	3
10	26000001	0.894608	0.971044	3
10	27000001	0.968468	0.971044	3
10	28000001	1.11613	0.971044	3
10	29000001	0.9114	0.971044	3
10	30000001	1.06398	0.971044	3
10	31000001	0.766239	0.971044	3
10	32000001	0.959615	0.971044	3
10	33000001	1.16605	0.971044	3
10	34000001	0.814922	0.971044	3
10	35000001	1.07388	0.971044	3
10	36000001	0.942746	0.971044	3
10	37000001	0.760056	0.971044	3
10	38000001	0.836183	0.971044	3
10	39000001	0.955273	0.971044	3
10	40000001	1.84635	1.84635	6
10	41000001	1.03198	1.37302	4
10	42000001	1.45944	1.37302	4
10	43000001	1.31287	1.37302	4
10	44000001	1.42567	1.37302	4
10	45000001	1.37302	1.37302	4
10	46000001	1.54786	1.37302	4
10	47000001	1.25789	1.37302	4
10	48000001	1.47598	1.37302	4
10	49000001	1.36384	1.37302	4
10	50000001	1.45621	1.37302	4
10	51000001	1.08936	1.37302	4
10	52000001	1.00825	0.740426	2
10	53000001	0.740426	0.740426	2
10	54000001	0.758833	0.740426	2
10	55000001	0.717534	0.740426	2
10	56000001	0.700479	0.740426	2
10	57000001	1.12473	1.30449	4
10	58000001	1.34627	1.30449	4
10	59000001	1.28622	1.30449	4
10	60000001	1.46065	1.30449	4
10	61000001	1.37158	1.30449	4
10	62000001	1.50279	1.30449	4
10	63000001	1.20994	1.30449	4
10	64000001	1.27692	1.30449	4
10	65000001	1.11048	1.30449	4
10	66000001	1.06358	1.30449	4
10	67000001	1.41655	1.30449	4
10	68000001	1.30449	1.30449	4
10	69000001	1.39276	1.30449	4
10	70000001	1.37507	1.30449	4
10	71000001	1.32073	1.30449	4
10	72000001	1.35841	1.30449	4
10	73000001	1.20397	1.30449	4
10	74000001	1.33246	1.30449	4
10	75000001	1.09058	1.30449	4
10	76000001	1.18408	1.30449	4
10	77000001	1.41042	1.30449	4
10	78000001	1.44594	1.30449	4
10	79000001	1.25461	1.30449	4
10	80000001	1.16466	1.30449	4
10	81000001	0.986559	1.30449	4
10	82000001	0.944764	1.30449	4
10	83000001	1.15573	1.30449	4
10	84000001	1.36867	1.30449	4
10	85000001	1.3239	1.30449	4
10	86000001	0.649887	0.684523	2
10	87000001	0.73182	0.684523	2
10	88000001	0.619213	0.684523	2
10	89000001	0.660891	0.684523	2
10	90000001	0.74211	0.684523	2
10	91000001	0.681693	0.684523	2
10	92000001	0.666813	0.684523	2
10	93000001	0.720077	0.684523	2
10	94000001	0.705455	0.684523	2
10	95000001	0.687519	0.684523	2
10	96000001	0.67733	0.684523	2
10	97000001	0.754675	0.684523	2
10	98000001	0.65313	0.684523	2
10	99000001	0.78726	0.684523	2
10	100000001	0.646432	0.684523	2
10	101000001	0.512646	0.684523	2
10	102000001	0.623109	0.684523	2
10	103000001	0.597301	0.684523	2
10	104000001	0.70137	0.684523	2
10	105000001	0.671985	0.684523	2
10	106000001	0.670409	0.684523	2
10	107000001	0.690359	0.684523	2
10	108000001	0.57568	0.684523	2
10	109000001	0.650266	0.684523	2
10	110000001	0.785172	0.684523	2
10	111000001	0.637246	0.684523	2
10	112000001	0.627117	0.684523	2
10	113000001	0.656747	0.684523	2
10	114000001	0.758486	0.684523	2
10	115000001	0.687353	0.684523	2
10	116000001	0.716267	0.684523	2
10	117000001	0.74636	0.684523	2
10	118000001	0.649959	0.684523	2
10	119000001	0.783492	0.684523	2
10	120000001	0.746739	0.684523	2
10	121000001	0.706832	0.684523	2
10	122000001	0.847182	0.684523	2
10	123000001	0.597225	0.684523	2
10	124000001	0.714326	0.684523	2
10	125000001	0.855986	0.684523	2
10	126000001	1.56922	1.56922	5
10	127000001	0.754038	0.705591	2
10	128000001	0.637828	0.705591	2
10	129000001	0.570976	0.705591	2
10	130000001	0.541606	0.705591	2
10	131000001	0.771964	0.705591	2
10	132000001	0.705591	0.705591	2
10	133000001	1.64521	0.705591	2
11	1	0.979521	0.97543	3
11	1000001	1.21571	0.97543	3
11	2000001	0.961437	0.97543	3
11	3000001	1.02644	0.97543	3
11	4000001	0.916475	0.97543	3
11	5000001	0.826504	0.97543	3
11	6000001	0.971339	0.97543	3
11	7000001	1.00547	0.97543	3
11	8000001	1.11952	0.97543	3
11	9000001	0.90315	0.97543	3
11	10000001	1.22533	1.22533	4
11	11000001	1.37055	1.22533	4
11	12000001	1.15653	1.22533	4
11	13000001	1.04803	0.958112	3
11	14000001	0.896816	0.958112	3
11	15000001	1.18666	0.958112	3
11	16000001	0.914046	0.958112	3
11	17000001	0.969808	0.958112	3
11	18000001	0.946416	0.958112	3
11	19000001	1.01067	0.958112	3
11	20000001	1.00524	0.958112	3
11	21000001	0.76035	0.958112	3
11	22000001	0.927661	0.958112	3
11	23000001	0.672651	0.579714	2
11	24000001	0.579714	0.579714	2
11	25000001	0.549842	0.579714	2
11	26000001	0.863338	0.990456	3
11	27000001	0.911638	0.990456	3
11	28000001	1.06384	0.990456	3
11	29000001	0.862933	0.990456	3
11	30000001	0.961073	0.990456	3
11	31000001	0.966164	0.990456	3
11	32000001	0.999576	0.990456	3
11	33000001	1.13077	0.990456	3
11	34000001	0.951733	0.990456	3
11	35000001	1.13999	0.990456	3
11	36000001	1.06849	0.990456	3
11	37000001	0.999486	0.990456	3
11	38000001	0.878714	0.990456	3
11	39000001	0.881773	0.990456	3
11	40000001	0.857947	0.990456	3
11	41000001	0.73199	0.990456	3
11	42000001	1.10576	0.990456	3
11	43000001	0.931805	0.990456	3
11	44000001	0.985726	0.990456	3
11	45000001	0.991995	0.990456	3
11	46000001	0.916099	0.990456	3
11	47000001	0.934459	0.990456	3
11	48000001	1.02739	0.990456	3
11	49000001	0.920658	0.990456	3
11	50000001	0.810956	0.990456	3
11	51000001	1.02401	0.990456	3
11	52000001	1.0396	0.990456	3
11	53000001	1.05219	0.990456	3
11	54000001	1.12117	0.990456	3
11	55000001	1.02087	0.990456	3
11	56000001	1.22903	0.990456	3
11	57000001	1.00227	0.990456	3
11	58000001	1.03858	0.990456	3
11	59000001	0.973287	0.990456	3
11	60000001	0.936734	0.990456	3
11	61000001	0.992275	0.990456	3
11	62000001	1.05352	0.990456	3
11	63000001	0.990819	0.990456	3
11	64000001	0.94769	0.990456	3
11	65000001	0.940758	0.990456	3
11	66000001	1.08258	0.990456	3
11	67000001	1.11113	0.990456	3
11	68000001	0.93234	0.990456	3
11	69000001	1.25062	0.990456	3
11	70000001	0.922969	0.990456	3
11	71000001	1.05693	0.990456	3
11	72000001	1.01606	0.990456	3
11	73000001	0.995768	0.990456	3
11	74000001	0.963192	0.990456	3
11	75000001	0.954315	0.990456	3
11	76000001	1.01591	0.990456	3
11	77000001	0.891889	0.990456	3
11	78000001	1.02239	0.990456	3
11	79000001	1.06352	0.990456	3
11	80000001	0.714248	0.990456	3
11	81000001	0.795259	0.990456	3
11	82000001	1.09243	0.990456	3
11	83000001	0.967886	0.990456	3
11	84000001	0.968129	0.990456	3
11	85000001	1.04996	0.990456	3
11	86000001	1.09749	0.990456	3
11	87000001	1.07258	0.990456	3
11	88000001	0.787833	0.990456	3
11	89000001	1.00313	0.990456	3
11	90000001	1.08073	0.990456	3
11	91000001	0.862378	0.990456	3
11	92000001	1.01995	0.990456	3
11	93000001	1.07289	0.990456	3
11	94000001	0.990093	0.990456	3
11	95000001	0.887664	0.990456	3
11	96000001	0.86583	0.990456	3
11	97000001	0.922592	0.990456	3
11	98000001	1.21262	0.990456	3
11	99000001	0.852258	0.990456	3
11	100000001	0.864172	0.990456	3
11	101000001	1.07514	0.990456	3
11	102000001	0.877548	0.990456	3
11	103000001	1.00169	0.990456	3
11	104000001	1.01159	0.990456	3
11	105000001	0.748894	0.990456	3
11	106000001	0.888221	0.990456	3
11	107000001	1.0529	0.990456	3
11	108000001	0.909254	0.990456	3
11	109000001	0.961219	0.990456	3
11	110000001	1.14856	0.990456	3
11	111000001	0.864766	0.990456	3
11	112000001	1.40024	1.40024	4
11	113000001	0.941376	1.00211	3
11	114000001	0.871272	1.00211	3
11	115000001	0.911364	1.00211	3
11	116000001	1.00126	1.00211	3
11	117000001	1.03567	1.00211	3
11	118000001	1.15565	1.00211	3
11	119000001	1.02211	1.00211	3
11	120000001	0.906422	1.00211	3
11	121000001	1.10377	1.00211	3
11	122000001	1.23263	1.00211	3
11	123000001	0.876858	1.00211	3
11	124000001	0.901514	1.00211	3
11	125000001	1.05882	1.00211	3
11	126000001	1.10478	1.00211	3
11	127000001	0.953276	1.00211	3
11	128000001	0.995797	1.00211	3
11	129000001	1.00296	1.00211	3
11	130000001	1.05679	1.00211	3
11	131000001	0.925167	0.89226	3
11	132000001	0.963553	0.89226	3
11	133000001	0.89226	0.89226	3
11	134000001	0.88994	0.89226	3
11	135000001	0.832373	0.89226	3
12	1	0.631457	0.672928	2
12	1000001	0.708501	0.672928	2
12	2000001	0.675555	0.672928	2
12	3000001	0.672928	0.672928	2
12	4000001	0.767436	0.672928	2
12	5000001	0.703745	0.672928	2
12	6000001	0.528118	0.672928	2
12	7000001	0.726599	0.672928	2
12	8000001	0.599621	0.672928	2
12	9000001	0.526941	0.672928	2
12	10000001	0.614225	0.672928	2
12	11000001	0.686396	0.672928	2
12	12000001	0.492119	0.672928	2
12	13000001	0.83878	0.73173	2
12	14000001	0.697643	0.73173	2
12	15000001	0.773003	0.73173	2
12	16000001	0.778702	0.73173	2
12	17000001	0.663618	0.73173	2
12	18000001	0.74955	0.73173	2
12	19000001	0.636872	0.73173	2
12	20000001	0.73173	0.73173	2
12	21000001	0.723322	0.73173	2
12	22000001	0.938285	1.01925	3
12	23000001	0.988789	1.01925	3
12	24000001	0.957872	1.01925	3
12	25000001	1.0997	1.01925	3
12	26000001	0.969049	1.01925	3
12	27000001	0.985255	1.01925	3
12	28000001	1.16108	1.01925	3
12	29000001	1.11107	1.01925	3
12	30000001	1.20757	1.01925	3
12	31000001	1.05058	1.01925	3
12	32000001	0.862685	1.01925	3
12	33000001	0.897891	1.01925	3
12	34000001	1.1459	1.01925	3
12	35000001	1.18203	1.01925	3
12	36000001	1.14937	1.01925	3
12	37000001	0.872141	1.01925	3
12	38000001	0.845592	1.01925	3
12	39000001	0.970513	1.01925	3
12	40000001	1.18173	1.01925	3
12	41000001	1.09921	1.01925	3
12	42000001	1.04251	1.01925	3
12	43000001	1.15046	1.01925	3
12	44000001	0.92037	1.01925	3
12	45000001	0.878912	1.01925	3
12	46000001	0.954415	1.01925	3
12	47000001	1.01574	1.01925	3
12	48000001	1.41182	1.01925	3
12	49000001	1.01925	1.01925	3
12	50000001	0.820608	1.01925	3
12	51000001	1.0529	1.01925	3
12	52000001	1.18476	1.01925	3
12	53000001	0.862972	1.01925	3
12	54000001	0.844121	1.01925	3
12	55000001	1.01759	1.01925	3
12	56000001	1.00633	1.01925	3
12	57000001	0.970666	1.01925	3
12	58000001	0.988506	1.01925	3
12	59000001	1.0644	1.01925	3
12	60000001	0.965187	1.01925	3
12	61000001	1.08097	1.01925	3
12	62000001	1.13919	1.01925	3
12	63000001	1.13071	1.01925	3
12	64000001	1.10144	1.01925	3
12	65000001	0.99552	1.01925	3
12	66000001	0.914411	1.01925	3
12	67000001	1.04117	1.01925	3
12	68000001	1.17632	1.01925	3
12	69000001	1.10359	1.01925	3
12	70000001	1.05915	1.01925	3
12	71000001	0.922721	1.01925	3
12	72000001	1.08274	1.01925	3
12	73000001	0.949888	0.949888	3
12	74000001	0.978635	0.949888	3
12	75000001	0.95955	0.949888	3
12	76000001	0.962954	0.949888	3
12	77000001	0.967229	0.949888	3
12	78000001	0.76181	0.949888	3
12	79000001	1.03907	0.949888	3
12	80000001	1.07096	0.949888	3
12	81000001	0.831218	0.949888	3
12	82000001	0.920688	0.949888	3
12	83000001	0.814294	0.949888	3
12	84000001	0.71185	0.949888	3
12	85000001	0.540661	0.949888	3
12	86000001	0.844843	1.0097	3
12	87000001	1.0707	1.0097	3
12	88000001	1.08945	1.0097	3
12	89000001	0.844644	1.0097	3
12	90000001	1.02737	1.0097	3
12	91000001	1.08479	1.0097	3
12	92000001	0.897648	1.0097	3
12	93000001	0.940668	1.0097	3
12	94000001	1.02561	1.0097	3
12	95000001	1.04034	1.0097	3
12	96000001	0.898073	1.0097	3
12	97000001	0.992381	1.0097	3
12	98000001	0.900026	1.0097	3
12	99000001	1.06876	1.0097	3
12	100000001	0.941115	1.0097	3
12	101000001	1.11661	1.0097	3
12	102000001	1.30775	1.0097	3
12	103000001	1.0596	1.0097	3
12	104000001	0.887133	1.0097	3
12	105000001	1.03564	1.0097	3
12	106000001	0.95215	1.0097	3
12	107000001	0.983855	1.0097	3
12	108000001	1.06477	1.0097	3
12	109000001	0.99514	1.0097	3
12	110000001	0.924401	1.0097	3
12	111000001	1.0017	1.0097	3
12	112000001	1.04025	1.0097	3
12	113000001	0.99069	1.0097	3
12	114000001	0.964748	1.0097	3
12	115000001	1.08698	1.0097	3
12	116000001	0.962484	1.0097	3
12	117000001	1.04226	1.0097	3
12	118000001	0.94035	1.0097	3
12	119000001	1.01213	1.0097	3
12	120000001	1.03434	1.0097	3
12	121000001	0.939478	1.0097	3
12	122000001	1.00728	1.0097	3
12	123000001	1.02003	1.0097	3
12	124000001	1.08231	1.0097	3
12	125000001	0.972265	1.0097	3
12	126000001	0.858207	1.0097	3
12	127000001	0.947311	1.0097	3
12	128000001	0.910694	1.0097	3
12	129000001	1.13732	1.0097	3
12	130000001	1.03025	1.0097	3
12	131000001	1.14756	1.0097	3
12	132000001	1.0188	1.0097	3
12	133000001	1.13132	1.0097	3
13	1	-1	-1	2
13	1000001	-1	-1	2
13	2000001	-1	-1	2
13	3000001	-1	-1	2
13	4000001	-1	-1	2
13	5000001	-1	-1	2
13	6000001	-1	-1	2
13	7000001	-1	-1	2
13	8000001	-1	-1	2
13	9000001	-1	-1	2
13	10000001	-1	-1	2
13	11000001	-1	-1	2
13	12000001	-1	-1	2
13	13000001	-1	-1	2
13	14000001	-1	-1	2
13	15000001	-1	-1	2
13	16000001	0.742017	0.678039	2
13	17000001	0.784358	0.678039	2
13	18000001	0.801265	0.678039	2
13	19000001	0.604998	0.678039	2
13	20000001	0.739927	0.678039	2
13	21000001	0.678735	0.678039	2
13	22000001	0.664917	0.678039	2
13	23000001	0.59922	0.678039	2
13	24000001	0.76236	0.678039	2
13	25000001	0.636718	0.678039	2
13	26000001	0.685545	0.678039	2
13	27000001	0.697516	0.678039	2
13	28000001	0.55078	0.678039	2
13	29000001	0.753539	0.678039	2
13	30000001	0.658836	0.678039	2
13	31000001	0.690658	0.678039	2
13	32000001	0.818886	0.678039	2
13	33000001	0.690469	0.678039	2
13	34000001	0.663619	0.678039	2
13	35000001	0.888511	0.678039	2
13	36000001	0.697274	0.678039	2
13	37000001	0.798502	0.678039	2
13	38000001	0.776949	0.678039	2
13	39000001	0.734184	0.678039	2
13	40000001	0.587233	0.678039	2
13	41000001	0.997675	0.678039	2
13	42000001	0.818585	0.678039	2
13	43000001	0.769163	0.678039	2
13	44000001	0.616526	0.678039	2
13	45000001	0.886914	0.678039	2
13	46000001	0.85331	0.678039	2
13	47000001	0.870244	0.678039	2
13	48000001	0.792744	0.678039	2
13	49000001	0.629259	0.678039	2
13	50000001	0.581542	0.678039	2
13	51000001	0.649725	0.678039	2
13	52000001	0.673392	0.678039	2
13	53000001	0.523033	0.678039	2
13	54000001	0.542221	0.678039	2
13	55000001	0.29572	0.678039	2
13	56000001	0.31995	0.678039	2
13	57000001	0.421087	0.678039	2
13	58000001	0.532877	0.678039	2
13	59000001	0.681831	0.678039	2
13	60000001	0.724841	0.678039	2
13	61000001	0.587495	0.678039	2
13	62000001	0.353975	0.678039	2
13	63000001	0.580403	0.678039	2
13	64000001	0.445218	0.678039	2
13	65000001	0.513342	0.678039	2
13	66000001	0.603036	0.678039	2
13	67000001	0.694064	0.678039	2
13	68000001	0.435199	0.678039	2
13	69000001	0.334025	0.678039	2
13	70000001	0.551978	0.678039	2
13	71000001	1.20707	0.678039	2
13	72000001	0.677342	0.678039	2
13	73000001	0.759906	0.678039	2
13	74000001	0.800327	0.678039	2
13	75000001	0.642186	0.678039	2
13	76000001	0.600746	0.678039	2
13	77000001	0.693779	0.678039	2
13	78000001	0.737062	0.678039	2
13	79000001	0.588363	0.678039	2
13	80000001	2.4153	2.4153	7
13	81000001	0.414774	0.468899	1
13	82000001	0.468899	0.468899	1
13	83000001	0.461395	0.468899	1
13	84000001	0.343098	0.468899	1
13	85000001	0.490692	0.468899	1
13	86000001	0.642761	0.468899	1
13	87000001	0.500233	0.468899	1
13	88000001	0.309475	0.468899	1
13	89000001	1.02266	0.468899	1
13	90000001	3.91428	3.91428	12
13	91000001	3.06056	3.06056	9
13	92000001	1.92679	1.63011	5
13	93000001	1.33343	1.63011	5
13	94000001	0.626255	0.649309	2
13	95000001	0.584373	0.649309	2
13	96000001	0.59579	0.649309	2
13	97000001	0.648459	0.649309	2
13	98000001	0.860824	0.649309	2
13	99000001	0.699913	0.649309	2
13	100000001	0.537436	0.649309	2
13	101000001	0.795183	0.649309	2
13	102000001	0.7704	0.649309	2
13	103000001	0.486129	0.649309	2
13	104000001	0.433325	0.649309	2
13	105000001	0.479256	0.649309	2
13	106000001	0.411457	0.649309	2
13	107000001	1.25157	0.649309	2
13	108000001	0.707716	0.649309	2
13	109000001	0.745883	0.649309	2
13	110000001	0.649309	0.649309	2
13	111000001	0.795913	0.649309	2
13	112000001	0.728133	0.649309	2
13	113000001	0.839384	0.649309	2
13	114000001	0.494801	0.649309	2
14	1	-1	-1	3
14	1000001	-1	-1	3
14	2000001	-1	-1	3
14	3000001	-1	-1	3
14	4000001	-1	-1	3
14	5000001	-1	-1	3
14	6000001	-1	-1	3
14	7000001	-1	-1	3
14	8000001	-1	-1	3
14	9000001	-1	-1	3
14	10000001	-1	-1	3
14	11000001	-1	-1	3
14	12000001	-1	-1	3
14	13000001	-1	-1	3
14	14000001	-1	-1	3
14	15000001	-1	-1	3
14	16000001	0.982063	0.896281	3
14	17000001	0.810499	0.896281	3
14	18000001	0.797818	0.896281	3
14	19000001	1.39021	0.896281	3
14	20000001	0.634942	0.687255	2
14	21000001	0.668259	0.687255	2
14	22000001	0.818614	0.687255	2
14	23000001	0.689118	0.687255	2
14	24000001	0.68945	0.687255	2
14	25000001	0.731618	0.687255	2
14	26000001	0.591179	0.687255	2
14	27000001	0.709098	0.687255	2
14	28000001	0.739015	0.687255	2
14	29000001	0.669607	0.687255	2
14	30000001	0.479505	0.687255	2
14	31000001	0.702508	0.687255	2
14	32000001	0.605245	0.687255	2
14	33000001	0.716345	0.687255	2
14	34000001	0.651305	0.687255	2
14	35000001	0.682371	0.687255	2
14	36000001	0.732155	0.687255	2
14	37000001	0.787803	0.687255	2
14	38000001	0.685392	0.687255	2
14	39000001	0.657411	0.687255	2
14	40000001	0.508006	0.529573	2
14	41000001	0.55114	0.529573	2
14	42000001	0.704689	0.529573	2
14	43000001	0.361463	0.529573	2
14	44000001	0.64281	0.529573	2
14	45000001	0.692016	0.529573	2
14	46000001	0.473946	0.529573	2
14	47000001	0.506401	0.529573	2
14	48000001	0.702259	0.659999	2
14	49000001	0.647161	0.659999	2
14	50000001	0.755366	0.659999	2
14	51000001	0.611799	0.659999	2
14	52000001	0.663806	0.659999	2
14	53000001	0.660479	0.659999	2
14	54000001	0.658208	0.659999	2
14	55000001	0.65952	0.659999	2
14	56000001	0.790507	0.748432	2
14	57000001	0.755589	0.748432	2
14	58000001	0.741274	0.748432	2
14	59000001	0.651016	0.748432	2
14	60000001	1.22005	1.22005	4
14	61000001	0.698201	0.680815	2
14	62000001	0.656983	0.680815	2
14	63000001	0.640405	0.680815	2
14	64000001	0.737938	0.680815	2
14	65000001	0.700952	0.680815	2
14	66000001	0.60236	0.680815	2
14	67000001	0.743329	0.680815	2
14	68000001	0.581174	0.680815	2
14	69000001	0.594414	0.680815	2
14	70000001	0.863898	0.680815	2
14	71000001	0.757741	0.680815	2
14	72000001	0.522883	0.680815	2
14	73000001	0.594027	0.680815	2
14	74000001	0.709027	0.680815	2
14	75000001	0.66343	0.680815	2
14	76000001	0.717159	0.680815	2
14	77000001	0.640191	0.680815	2
14	78000001	0.703461	0.680815	2
14	79000001	0.631747	0.680815	2
14	80000001	0.775567	0.680815	2
14	81000001	0.597895	0.565714	2
14	82000001	0.571884	0.565714	2
14	83000001	0.506361	0.565714	2
14	84000001	0.559544	0.565714	2
14	85000001	0.67131	0.565714	2
14	86000001	0.538086	0.565714	2
14	87000001	0.781298	0.691709	2
14	88000001	0.492673	0.691709	2
14	89000001	0.762684	0.691709	2
14	90000001	0.682554	0.691709	2
14	91000001	0.785288	0.691709	2
14	92000001	0.758204	0.691709	2
14	93000001	0.523743	0.691709	2
14	94000001	0.73534	0.691709	2
14	95000001	0.765219	0.691709	2
14	96000001	0.678374	0.691709	2
14	97000001	0.726823	0.691709	2
14	98000001	0.619448	0.691709	2
14	99000001	0.700865	0.691709	2
14	100000001	0.619985	0.691709	2
14	101000001	0.654722	0.691709	2
14	102000001	0.585707	0.691709	2
14	103000001	0.622226	0.691709	2
14	104000001	0.819797	0.691709	2
14	105000001	0.659211	0.691709	2
14	106000001	0.703886	0.691709	2
14	107000001	-1	-1	2
15	1	-1	-1	4
15	1000001	-1	-1	4
15	2000001	-1	-1	4
15	3000001	-1	-1	4
15	4000001	-1	-1	4
15	5000001	-1	-1	4
15	6000001	-1	-1	4
15	7000001	-1	-1	4
15	8000001	-1	-1	4
15	9000001	-1	-1	4
15	10000001	-1	-1	4
15	11000001	-1	-1	4
15	12000001	-1	-1	4
15	13000001	-1	-1	4
15	14000001	-1	-1	4
15	15000001	-1	-1	4
15	16000001	-1	-1	4
15	17000001	0.884054	1.18539	4
15	18000001	1.18539	1.18539	4
15	19000001	1.25741	1.18539	4
15	20000001	0.94974	0.955306	3
15	21000001	0.956367	0.955306	3
15	22000001	1.06731	0.955306	3
15	23000001	0.954244	0.955306	3
15	24000001	0.801088	0.841636	3
15	25000001	0.911995	0.841636	3
15	26000001	0.838973	0.841636	3
15	27000001	0.844298	0.841636	3
15	28000001	0.945177	1.03038	3
15	29000001	1.08802	1.03038	3
15	30000001	1.05919	1.03038	3
15	31000001	1.05445	1.03038	3
15	32000001	1.03038	1.03038	3
15	33000001	0.904461	1.03038	3
15	34000001	1.02083	1.03038	3
15	35000001	1.02422	1.03038	3
15	36000001	1.14611	1.03038	3
15	37000001	0.940848	1.03038	3
15	38000001	1.03636	1.03038	3
15	39000001	0.791588	0.808445	2
15	40000001	0.825303	0.808445	2
15	41000001	1.01985	1.01985	3
15	42000001	1.08545	1.13459	3
15	43000001	1.05231	1.13459	3
15	44000001	1.18372	1.13459	3
15	45000001	1.20234	1.13459	3
15	46000001	0.997766	0.981482	3
15	47000001	1.01939	0.981482	3
15	48000001	0.890008	0.981482	3
15	49000001	1.08151	0.981482	3
15	50000001	1.0269	0.981482	3
15	51000001	0.899021	0.981482	3
15	52000001	0.862221	0.981482	3
15	53000001	0.965198	0.981482	3
15	54000001	1.11056	1.07395	3
15	55000001	1.08294	1.07395	3
15	56000001	1.06497	1.07395	3
15	57000001	1.09302	1.07395	3
15	58000001	1.04093	1.07395	3
15	59000001	1.06021	1.07395	3
15	60000001	1.02638	1.07395	3
15	61000001	1.06089	1.07395	3
15	62000001	1.09903	1.07395	3
15	63000001	0.935107	1.07395	3
15	64000001	1.12955	1.07395	3
15	65000001	1.11804	1.07395	3
15	66000001	1.08931	1.07395	3
15	67000001	1.02244	1.07395	3
15	68000001	0.782584	0.992256	3
15	69000001	0.857051	0.992256	3
15	70000001	1.17427	0.992256	3
15	71000001	1.01604	0.992256	3
15	72000001	1.02368	0.992256	3
15	73000001	0.973188	0.992256	3
15	74000001	0.992283	0.992256	3
15	75000001	0.926364	0.992256	3
15	76000001	0.903694	0.992256	3
15	77000001	1.00968	0.992256	3
15	78000001	1.02775	0.992256	3
15	79000001	1.05074	0.992256	3
15	80000001	0.992228	0.992256	3
15	81000001	0.871598	0.992256	3
15	82000001	1.10757	1.02266	3
15	83000001	1.22415	1.02266	3
15	84000001	1.02266	1.02266	3
15	85000001	1.13406	1.02266	3
15	86000001	0.88654	1.02266	3
15	87000001	1.11051	1.02266	3
15	88000001	1.00611	1.02266	3
15	89000001	1.1344	1.02266	3
15	90000001	0.921048	1.02266	3
15	91000001	0.996273	1.02266	3
15	92000001	1.00297	1.02266	3
15	93000001	0.973669	1.02266	3
15	94000001	1.05935	1.02266	3
15	95000001	1.05192	1.02266	3
15	96000001	0.869692	1.02266	3
15	97000001	1.15117	1.15117	3
15	98000001	1.1873	1.15117	3
15	99000001	1.1099	1.15117	3
15	100000001	1.1765	1.15117	3
15	101000001	0.953457	1.15117	3
16	1	0.953256	0.980638	3
16	1000001	1.10281	0.980638	3
16	2000001	0.797725	0.980638	3
16	3000001	0.872725	0.980638	3
16	4000001	1.05632	0.980638	3
16	5000001	1.05244	0.980638	3
16	6000001	0.89964	0.980638	3
16	7000001	0.918682	0.980638	3
16	8000001	1.04648	0.980638	3
16	9000001	0.962757	0.980638	3
16	10000001	1.26255	0.980638	3
16	11000001	1.05849	0.980638	3
16	12000001	1.10675	0.980638	3
16	13000001	0.986896	0.980638	3
16	14000001	0.980638	0.980638	3
16	15000001	0.923563	0.980638	3
16	16000001	0.878602	0.980638	3
16	17000001	1.03208	0.980638	3
16	18000001	0.937561	0.980638	3
16	19000001	0.925081	0.980638	3
16	20000001	1.0166	0.980638	3
16	21000001	0.914456	0.980638	3
16	22000001	0.953433	0.980638	3
16	23000001	1.26762	0.980638	3
16	24000001	1.09229	0.980638	3
16	25000001	1.05343	0.980638	3
16	26000001	0.749489	0.980638	3
16	27000001	0.88665	0.980638	3
16	28000001	1.03285	0.980638	3
16	29000001	1.00295	0.980638	3
16	30000001	0.958691	0.980638	3
16	31000001	1.00892	0.980638	3
16	32000001	0.854244	0.980638	3
16	33000001	1.28009	1.38406	4
16	34000001	1.48804	1.38406	4
16	35000001	0.589371	1.03613	3
16	36000001	1.05105	1.03613	3
16	37000001	1.0212	1.03613	3
16	38000001	1.1577	1.03613	3
16	39000001	-1	-1	3
16	40000001	-1	-1	3
16	41000001	-1	-1	3
16	42000001	-1	-1	3
16	43000001	-1	-1	3
16	44000001	-1	-1	3
16	45000001	-1	-1	3
16	46000001	2.77323	2.77323	8
16	47000001	1.15752	1.05769	3
16	48000001	1.08646	1.05769	3
16	49000001	0.996992	1.05769	3
16	50000001	0.984726	1.05769	3
16	51000001	1.03232	1.05769	3
16	52000001	0.802091	1.05769	3
16	53000001	1.08305	1.05769	3
16	54000001	1.11773	1.05769	3
16	55000001	1.16504	1.05769	3
16	56000001	0.995758	1.05769	3
16	57000001	0.782568	0.876511	3
16	58000001	0.90973	0.876511	3
16	59000001	0.876511	0.876511	3
16	60000001	0.459128	0.611959	2
16	61000001	0.611959	0.611959	2
16	62000001	0.523827	0.611959	2
16	63000001	0.680844	0.611959	2
16	64000001	0.658253	0.611959	2
16	65000001	0.973585	0.96275	3
16	66000001	0.899375	0.96275	3
16	67000001	0.945098	0.96275	3
16	68000001	0.968389	0.96275	3
16	69000001	0.864948	0.96275	3
16	70000001	0.96275	0.96275	3
16	71000001	1.14865	0.96275	3
16	72000001	1.1625	0.96275	3
16	73000001	0.946422	0.96275	3
16	74000001	1.38382	0.96275	3
16	75000001	0.953032	0.96275	3
16	76000001	0.90869	0.96275	3
16	77000001	1.11878	0.96275	3
16	78000001	1.23144	1.23144	4
16	79000001	1.38906	1.23144	4
16	80000001	1.35347	1.23144	4
16	81000001	1.52072	1.23144	4
16	82000001	1.06562	1.23144	4
16	83000001	1.38571	1.23144	4
16	84000001	1.65301	1.23144	4
16	85000001	1.13631	1.23144	4
16	86000001	1.09598	1.23144	4
16	87000001	1.1701	1.23144	4
16	88000001	1.06353	1.23144	4
16	89000001	0.998271	1.23144	4
16	90000001	1.37022	1.23144	4
17	1	0.888584	0.699106	2
17	1000001	0.678223	0.699106	2
17	2000001	0.706194	0.699106	2
17	3000001	0.743124	0.699106	2
17	4000001	0.692019	0.699106	2
17	5000001	0.766605	0.699106	2
17	6000001	0.67147	0.699106	2
17	7000001	0.617598	0.699106	2
17	8000001	0.886136	0.699106	2
17	9000001	0.791933	0.699106	2
17	10000001	0.774081	0.699106	2
17	11000001	0.613509	0.699106	2
17	12000001	0.64176	0.699106	2
17	13000001	0.717352	0.699106	2
17	14000001	0.673082	0.699106	2
17	15000001	0.642584	0.699106	2
17	16000001	0.646926	0.699106	2
17	17000001	0.712599	0.699106	2
17	18000001	0.664106	0.699106	2
17	19000001	0.76672	0.699106	2
17	20000001	0.855079	0.699106	2
17	21000001	0.559288	0.699106	2
17	22000001	0.939022	0.699106	2
17	23000001	0.686598	0.699106	2
17	24000001	0.999856	0.999856	3
17	25000001	1.18473	1.36081	4
17	26000001	1.53689	1.36081	4
17	27000001	0.83927	1.02721	3
17	28000001	1.09952	1.02721	3
17	29000001	1.0516	1.02721	3
17	30000001	1.0369	1.02721	3
17	31000001	0.912711	1.02721	3
17	32000001	0.981245	1.02721	3
17	33000001	1.02985	1.02721	3
17	34000001	1.0012	1.02721	3
17	35000001	1.15831	1.02721	3
17	36000001	1.02963	1.02721	3
17	37000001	0.944915	1.02721	3
17	38000001	1.22714	1.02721	3
17	39000001	0.84268	1.02721	3
17	40000001	1.08504	1.02721	3
17	41000001	0.953948	1.02721	3
17	42000001	1.03785	1.02721	3
17	43000001	1.08788	1.02721	3
17	44000001	0.994662	1.02721	3
17	45000001	0.964084	1.02721	3
17	46000001	0.717402	1.02721	3
17	47000001	0.943352	1.02721	3
17	48000001	0.94235	1.02721	3
17	49000001	0.989538	1.02721	3
17	50000001	0.919394	1.02721	3
17	51000001	1.02908	1.02721	3
17	52000001	1.17577	1.02721	3
17	53000001	1.00528	1.02721	3
17	54000001	1.01996	1.02721	3
17	55000001	0.977075	1.02721	3
17	56000001	1.06801	1.02721	3
17	57000001	1.02533	1.02721	3
17	58000001	1.09475	1.02721	3
17	59000001	1.17071	1.02721	3
17	60000001	1.30792	1.02721	3
17	61000001	1.01223	1.02721	3
17	62000001	1.31133	1.02721	3
17	63000001	1.03811	1.02721	3
17	64000001	1.03652	1.02721	3
17	65000001	1.02988	1.02721	3
17	66000001	0.99036	1.02721	3
17	67000001	1.04512	1.02721	3
17	68000001	0.971743	1.02721	3
17	69000001	1.10294	1.02721	3
17	70000001	0.759374	1.02721	3
17	71000001	0.762222	1.02721	3
17	72000001	1.09081	1.02721	3
17	73000001	0.963621	1.02721	3
17	74000001	1.06208	1.02721	3
17	75000001	1.1683	1.02721	3
17	76000001	0.941925	1.02721	3
17	77000001	1.50716	1.11447	3
17	78000001	1.11447	1.11447	3
17	79000001	1.17413	1.11447	3
17	80000001	1.06393	1.11447	3
17	81000001	1.83564	1.11447	3
17	82000001	0.918271	1.11447	3
17	83000001	0.909288	1.11447	3
18	1	2.31978	2.31978	7
18	1000001	1.10715	1.32744	4
18	2000001	1.25269	1.32744	4
18	3000001	1.32211	1.32744	4
18	4000001	1.33277	1.32744	4
18	5000001	1.16932	1.32744	4
18	6000001	1.37934	1.32744	4
18	7000001	1.50267	1.32744	4
18	8000001	1.23892	1.32744	4
18	9000001	1.35777	1.32744	4
18	10000001	1.4103	1.32744	4
18	11000001	1.11425	1.08632	3
18	12000001	1.08632	1.08632	3
18	13000001	0.874192	1.08632	3
18	14000001	0.713946	1.08632	3
18	15000001	1.15209	1.08632	3
18	16000001	1.86236	1.8539	6
18	17000001	1.65793	1.8539	6
18	18000001	1.90051	1.8539	6
18	19000001	1.84544	1.8539	6
18	20000001	1.61409	1.45148	4
18	21000001	1.16904	1.45148	4
18	22000001	1.40393	1.45148	4
18	23000001	1.45148	1.45148	4
18	24000001	1.62979	1.45148	4
18	25000001	2.19959	2.19959	7
18	26000001	1.39653	1.21551	4
18	27000001	1.16153	1.21551	4
18	28000001	0.902334	1.21551	4
18	29000001	1.00956	1.21551	4
18	30000001	0.945583	1.21551	4
18	31000001	1.39669	1.21551	4
18	32000001	1.3623	1.21551	4
18	33000001	1.31454	1.21551	4
18	34000001	1.17334	1.21551	4
18	35000001	1.25767	1.21551	4
18	36000001	1.45313	1.21551	4
18	37000001	1.09244	1.21551	4
18	38000001	0.704503	0.724228	2
18	39000001	0.804919	0.724228	2
18	40000001	0.810098	0.724228	2
18	41000001	0.958814	0.724228	2
18	42000001	0.597799	0.724228	2
18	43000001	0.390412	0.724228	2
18	44000001	0.75565	0.724228	2
18	45000001	0.821213	0.724228	2
18	46000001	0.76612	0.724228	2
18	47000001	0.620132	0.724228	2
18	48000001	0.665691	0.724228	2
18	49000001	0.754322	0.724228	2
18	50000001	0.595935	0.724228	2
18	51000001	0.71749	0.724228	2
18	52000001	0.892887	0.724228	2
18	53000001	0.719296	0.724228	2
18	54000001	0.812654	0.724228	2
18	55000001	0.699905	0.724228	2
18	56000001	0.745024	0.724228	2
18	57000001	0.855127	0.724228	2
18	58000001	0.669714	0.724228	2
18	59000001	0.613746	0.724228	2
18	60000001	0.671956	0.724228	2
18	61000001	0.978687	0.724228	2
18	62000001	0.720679	0.724228	2
18	63000001	0.727777	0.724228	2
18	64000001	0.359385	0.372352	1
18	65000001	0.297207	0.372352	1
18	66000001	0.38532	0.372352	1
18	67000001	0.390341	0.372352	1
18	68000001	0.623604	0.623604	2
18	69000001	0.640403	0.623604	2
18	70000001	0.72703	0.623604	2
18	71000001	0.565061	0.623604	2
18	72000001	0.508741	0.623604	2
18	73000001	0.742501	0.721164	2
18	74000001	0.766833	0.721164	2
18	75000001	0.689945	0.721164	2
18	76000001	0.697784	0.721164	2
18	77000001	1.06912	0.721164	2
18	78000001	0.618346	0.721164	2
18	79000001	0.707661	0.721164	2
18	80000001	0.734666	0.721164	2
19	1	0.924336	0.868936	3
19	1000001	0.861677	0.868936	3
19	2000001	0.99277	0.868936	3
19	3000001	0.876195	0.868936	3
19	4000001	0.812525	0.868936	3
19	5000001	0.832119	0.868936	3
19	6000001	1.05758	0.996885	3
19	7000001	0.994507	0.996885	3
19	8000001	0.996885	0.996885	3
19	9000001	1.11177	1.08375	3
19	10000001	1.10828	1.08375	3
19	11000001	1.02181	1.08375	3
19	12000001	1.05601	1.08375	3
19	13000001	0.90706	1.08375	3
19	14000001	1.07842	1.08375	3
19	15000001	1.08908	1.08375	3
19	16000001	1.26831	1.08375	3
19	17000001	0.961515	0.971687	3
19	18000001	0.966539	0.971687	3
19	19000001	1.05701	0.971687	3
19	20000001	0.874962	0.971687	3
19	21000001	1.01673	0.971687	3
19	22000001	0.983405	0.971687	3
19	23000001	0.885003	0.971687	3
19	24000001	0.976834	0.971687	3
19	25000001	1.66607	1.70791	5
19	26000001	1.74975	1.70791	5
19	27000001	1.23263	1.23263	4
19	28000001	0.828139	0.969639	3
19	29000001	1.11117	0.969639	3
19	30000001	0.908073	0.969639	3
19	31000001	0.994951	0.969639	3
19	32000001	0.878839	0.969639	3
19	33000001	1.0637	0.969639	3
19	34000001	0.995101	0.969639	3
19	35000001	0.944328	0.969639	3
19	36000001	1.14593	1.14593	3
19	37000001	1.14871	1.14593	3
19	38000001	1.11787	1.14593	3
19	39000001	1.23583	1.14593	3
19	40000001	1.05917	1.14593	3
19	41000001	0.977128	1.02766	3
19	42000001	1.0918	1.02766	3
19	43000001	0.924046	1.02766	3
19	44000001	1.05808	1.02766	3
19	45000001	0.961093	1.02766	3
19	46000001	1.03915	1.02766	3
19	47000001	0.997887	1.02766	3
19	48000001	0.8738	1.02766	3
19	49000001	1.05405	1.02766	3
19	50000001	0.966437	1.02766	3
19	51000001	1.07505	1.02766	3
19	52000001	1.12004	1.02766	3
19	53000001	1.025	1.02766	3
19	54000001	1.03031	1.02766	3
19	55000001	1.0227	1.02766	3
19	56000001	1.06875	1.02766	3
19	57000001	1.06946	1.02766	3
19	58000001	0.947893	1.02766	3
2	1	0.857328	0.970538	3
2	1000001	0.928209	0.970538	3
2	2000001	0.944674	0.970538	3
2	3000001	1.00721	0.970538	3
2	4000001	0.843937	0.970538	3
2	5000001	0.9312	0.970538	3
2	6000001	1.10139	0.970538	3
2	7000001	0.874114	0.970538	3
2	8000001	1.11352	0.970538	3
2	9000001	0.952982	0.970538	3
2	10000001	0.921217	0.970538	3
2	11000001	0.828907	0.970538	3
2	12000001	1.02249	0.970538	3
2	13000001	1.00564	0.970538	3
2	14000001	1.05586	0.970538	3
2	15000001	1.06305	0.970538	3
2	16000001	0.956794	0.970538	3
2	17000001	1.01495	0.970538	3
2	18000001	0.801206	0.970538	3
2	19000001	0.949399	0.970538	3
2	20000001	0.890256	0.970538	3
2	21000001	0.854077	0.970538	3
2	22000001	0.917493	0.970538	3
2	23000001	0.921881	0.970538	3
2	24000001	0.925527	0.970538	3
2	25000001	0.987132	0.970538	3
2	26000001	1.13322	0.970538	3
2	27000001	1.06267	0.970538	3
2	28000001	0.874584	0.970538	3
2	29000001	1.06998	0.970538	3
2	30000001	0.961151	0.970538	3
2	31000001	0.988201	0.970538	3
2	32000001	0.948605	0.970538	3
2	33000001	1.03197	0.970538	3
2	34000001	1.02386	0.970538	3
2	35000001	0.9776	0.970538	3
2	36000001	1.15473	0.970538	3
2	37000001	0.982213	0.970538	3
2	38000001	0.909502	0.970538	3
2	39000001	0.81787	0.970538	3
2	40000001	1.05808	0.970538	3
2	41000001	1.08714	0.970538	3
2	42000001	0.990034	0.970538	3
2	43000001	0.986359	0.970538	3
2	44000001	0.926779	0.970538	3
2	45000001	1.04749	0.970538	3
2	46000001	0.961702	0.970538	3
2	47000001	0.915269	0.970538	3
2	48000001	0.934155	0.970538	3
2	49000001	0.945854	0.970538	3
2	50000001	0.78742	0.970538	3
2	51000001	0.871156	0.970538	3
2	52000001	0.93667	0.970538	3
2	53000001	1.02144	0.970538	3
2	54000001	1.1081	0.970538	3
2	55000001	0.973461	0.970538	3
2	56000001	1.02902	0.970538	3
2	57000001	1.31876	0.970538	3
2	58000001	1.10107	0.970538	3
2	59000001	1.00129	0.970538	3
2	60000001	0.978029	0.970538	3
2	61000001	0.850362	0.970538	3
2	62000001	0.821778	0.970538	3
2	63000001	1.115	0.970538	3
2	64000001	1.10734	0.970538	3
2	65000001	0.902391	0.970538	3
2	66000001	1.01262	0.970538	3
2	67000001	0.978885	0.970538	3
2	68000001	0.923232	0.970538	3
2	69000001	0.864804	0.970538	3
2	70000001	1.00339	0.970538	3
2	71000001	1.10917	0.970538	3
2	72000001	1.06196	0.970538	3
2	73000001	1.0034	0.970538	3
2	74000001	0.871985	0.970538	3
2	75000001	0.895331	0.970538	3
2	76000001	0.940057	0.970538	3
2	77000001	0.974723	0.970538	3
2	78000001	1.01728	0.970538	3
2	79000001	1.01003	0.970538	3
2	80000001	0.794251	0.970538	3
2	81000001	0.778702	0.970538	3
2	82000001	0.87093	0.970538	3
2	83000001	1.47507	0.970538	3
2	84000001	1.10529	0.970538	3
2	85000001	0.993118	0.970538	3
2	86000001	0.930902	0.970538	3
2	87000001	0.961615	0.970538	3
2	88000001	0.967616	0.970538	3
2	89000001	0.839261	0.970538	3
2	90000001	1.34213	0.970538	3
2	91000001	0.816479	0.970538	3
2	92000001	1.47043	1.3763	4
2	93000001	1.28217	1.3763	4
2	94000001	0.914371	0.990303	3
2	95000001	1.03827	0.990303	3
2	96000001	0.926979	0.990303	3
2	97000001	0.990303	0.990303	3
2	98000001	1.03084	0.990303	3
2	99000001	1.65481	1.65481	5
2	100000001	1.01511	1.00633	3
2	101000001	1.11065	1.00633	3
2	102000001	1.01081	1.00633	3
2	103000001	0.957807	1.00633	3
2	104000001	1.11372	1.00633	3
2	105000001	1.04577	1.00633	3
2	106000001	1.29008	1.00633	3
2	107000001	0.877454	1.00633	3
2	108000001	0.936491	1.00633	3
2	109000001	1.03395	1.00633	3
2	110000001	0.961362	1.00633	3
2	111000001	1.07965	1.00633	3
2	112000001	1.10784	1.00633	3
2	113000001	1.17696	1.00633	3
2	114000001	0.970396	1.00633	3
2	115000001	1.00051	1.00633	3
2	116000001	0.900946	1.00633	3
2	117000001	0.836658	1.00633	3
2	118000001	0.866304	1.00633	3
2	119000001	0.888825	1.00633	3
2	120000001	1.11883	1.00633	3
2	121000001	1.0213	1.00633	3
2	122000001	1.05136	1.00633	3
2	123000001	1.00633	1.00633	3
2	124000001	1.36334	1.00633	3
2	125000001	0.801997	1.00633	3
2	126000001	0.879168	1.00633	3
2	127000001	0.824987	1.00633	3
2	128000001	1.10366	1.00633	3
2	129000001	1.02677	1.00633	3
2	130000001	1.00867	1.00633	3
2	131000001	0.929722	1.00633	3
2	132000001	1.02812	1.00633	3
2	133000001	1.05349	1.00633	3
2	134000001	0.974932	1.00633	3
2	135000001	0.859221	1.00633	3
2	136000001	0.945424	1.00633	3
2	137000001	0.914072	1.00633	3
2	138000001	0.881251	1.00633	3
2	139000001	0.925867	1.00633	3
2	140000001	0.930176	1.00633	3
2	141000001	0.810664	1.00633	3
2	142000001	1.06913	1.00633	3
2	143000001	1.06253	1.00633	3
2	144000001	1.02944	1.00633	3
2	145000001	0.957969	1.00633	3
2	146000001	1.13544	1.00633	3
2	147000001	0.992049	1.00633	3
2	148000001	1.22784	1.00633	3
2	149000001	1.73492	1.67964	5
2	150000001	1.62435	1.67964	5
2	151000001	1.48402	1.31773	4
2	152000001	1.2831	1.31773	4
2	153000001	1.29243	1.31773	4
2	154000001	1.28317	1.31773	4
2	155000001	1.24078	1.31773	4
2	156000001	1.21199	1.31773	4
2	157000001	1.31773	1.31773	4
2	158000001	1.3436	1.31773	4
2	159000001	1.37109	1.31773	4
2	160000001	1.41768	1.31773	4
2	161000001	1.4228	1.31773	4
2	162000001	1.01412	0.952183	3
2	163000001	0.656326	0.952183	3
2	164000001	0.952183	0.952183	3
2	165000001	1.34865	1.32357	4
2	166000001	1.44703	1.32357	4
2	167000001	1.21216	1.32357	4
2	168000001	1.32625	1.32357	4
2	169000001	1.50222	1.32357	4
2	170000001	1.38014	1.32357	4
2	171000001	1.32802	1.32357	4
2	172000001	1.29597	1.32357	4
2	173000001	1.3242	1.32357	4
2	174000001	1.19071	1.32357	4
2	175000001	1.23666	1.32357	4
2	176000001	1.32693	1.32357	4
2	177000001	1.27234	1.32357	4
2	178000001	1.55846	1.32357	4
2	179000001	1.35853	1.32357	4
2	180000001	1.11102	1.32357	4
2	181000001	1.30338	1.32357	4
2	182000001	1.32293	1.32357	4
2	183000001	1.22587	1.32357	4
2	184000001	1.39122	1.32357	4
2	185000001	1.10656	1.32357	4
2	186000001	1.31501	1.32357	4
2	187000001	1.00333	1.00333	3
2	188000001	0.597887	0.634778	2
2	189000001	0.671668	0.634778	2
2	190000001	0.51399	0.634778	2
2	191000001	0.72205	0.634778	2
2	192000001	0.72148	0.634778	2
2	193000001	0.522782	0.634778	2
2	194000001	1.20663	1.20663	4
2	195000001	0.55277	0.668932	2
2	196000001	0.591679	0.668932	2
2	197000001	0.838541	0.668932	2
2	198000001	0.589398	0.668932	2
2	199000001	0.622292	0.668932	2
2	200000001	0.653447	0.668932	2
2	201000001	0.709807	0.668932	2
2	202000001	0.566818	0.668932	2
2	203000001	0.71232	0.668932	2
2	204000001	0.676326	0.668932	2
2	205000001	0.684014	0.668932	2
2	206000001	0.672867	0.668932	2
2	207000001	0.626691	0.668932	2
2	208000001	0.797607	0.668932	2
2	209000001	0.664996	0.668932	2
2	210000001	0.711793	0.668932	2
2	211000001	0.478043	0.668932	2
2	212000001	0.649438	0.668932	2
2	213000001	0.63835	0.668932	2
2	214000001	0.699253	0.668932	2
2	215000001	0.83615	0.668932	2
2	216000001	0.822929	0.668932	2
2	217000001	0.662981	0.668932	2
2	218000001	0.692056	0.668932	2
2	219000001	0.656071	0.668932	2
2	220000001	0.733598	0.668932	2
2	221000001	0.804762	0.668932	2
2	222000001	0.712524	0.668932	2
2	223000001	0.622037	0.668932	2
2	224000001	0.568376	0.668932	2
2	225000001	1.1892	1.1892	4
2	226000001	0.704291	0.750034	2
2	227000001	0.619299	0.750034	2
2	228000001	0.759083	0.750034	2
2	229000001	0.687843	0.750034	2
2	230000001	0.666712	0.750034	2
2	231000001	0.757977	0.750034	2
2	232000001	0.677363	0.750034	2
2	233000001	0.750034	0.750034	2
2	234000001	0.622201	0.750034	2
2	235000001	0.814452	0.750034	2
2	236000001	0.579308	0.750034	2
2	237000001	0.782691	0.750034	2
2	238000001	0.923222	0.750034	2
2	239000001	0.616806	0.750034	2
2	240000001	0.775613	0.750034	2
2	241000001	0.793928	0.750034	2
2	242000001	0.807441	0.750034	2
20	1	1.7814	1.7814	5
20	1000001	0.796291	0.677249	2
20	2000001	0.552456	0.677249	2
20	3000001	0.622724	0.677249	2
20	4000001	0.633523	0.677249	2
20	5000001	0.714935	0.677249	2
20	6000001	0.608932	0.677249	2
20	7000001	0.603098	0.677249	2
20	8000001	0.728691	0.677249	2
20	9000001	0.632008	0.677249	2
20	10000001	0.643954	0.677249	2
20	11000001	0.617646	0.677249	2
20	12000001	0.492138	0.677249	2
20	13000001	0.812509	0.677249	2
20	14000001	0.690691	0.677249	2
20	15000001	0.899703	0.677249	2
20	16000001	0.690418	0.677249	2
20	17000001	0.669597	0.677249	2
20	18000001	0.607776	0.677249	2
20	19000001	0.771557	0.677249	2
20	20000001	0.677249	0.677249	2
20	21000001	0.690623	0.677249	2
20	22000001	0.727255	0.677249	2
20	23000001	0.594836	0.677249	2
20	24000001	0.827876	0.677249	2
20	25000001	0.727197	0.677249	2
20	26000001	1.03417	0.889905	3
20	27000001	0.968413	0.889905	3
20	28000001	0.754916	0.889905	3
20	29000001	0.836512	0.889905	3
20	30000001	0.845518	0.889905	3
20	31000001	0.934291	0.889905	3
20	32000001	0.9812	1.04963	3
20	33000001	1.11832	1.04963	3
20	34000001	1.12887	1.04963	3
20	35000001	1.07925	1.04963	3
20	36000001	1.02281	1.04963	3
20	37000001	1.01514	1.04963	3
20	38000001	1.13837	1.04963	3
20	39000001	1.02804	1.04963	3
20	40000001	0.941903	1.04963	3
20	41000001	1.04963	1.04963	3
20	42000001	0.794173	1.04963	3
20	43000001	0.959746	1.04963	3
20	44000001	1.16081	1.04963	3
20	45000001	1.11309	1.04963	3
20	46000001	1.17667	1.04963	3
20	47000001	1.04262	1.04963	3
20	48000001	1.12006	1.04963	3
20	49000001	0.96842	1.04963	3
20	50000001	1.18416	1.04963	3
20	51000001	0.978262	1.04963	3
20	52000001	1.20051	1.04963	3
20	53000001	0.983545	1.04963	3
20	54000001	1.14955	1.04963	3
20	55000001	0.930319	1.04963	3
20	56000001	1.02634	1.04963	3
20	57000001	1.05469	1.04963	3
20	58000001	0.914006	1.04963	3
20	59000001	1.06002	1.04963	3
20	60000001	0.889926	1.04963	3
20	61000001	1.08391	1.04963	3
20	62000001	0.938605	1.04963	3
20	63000001	1.13928	1.04963	3
20	64000001	1.08663	1.04963	3
21	1	-1	-1	5
21	1000001	-1	-1	5
21	2000001	-1	-1	5
21	3000001	-1	-1	5
21	4000001	-1	-1	5
21	5000001	1.76508	1.60088	5
21	6000001	1.13092	1.60088	5
21	7000001	1.70434	1.60088	5
21	8000001	1.54437	1.60088	5
21	9000001	1.28039	1.60088	5
21	10000001	1.6574	1.60088	5
21	11000001	0.728631	0.927652	3
21	12000001	0.795221	0.927652	3
21	13000001	0.949378	0.927652	3
21	14000001	0.950329	0.927652	3
21	15000001	1.10365	0.927652	3
21	16000001	0.99865	0.927652	3
21	17000001	1.02143	0.927652	3
21	18000001	0.752162	0.927652	3
21	19000001	0.817979	0.927652	3
21	20000001	0.905925	0.927652	3
21	21000001	0.812135	0.927652	3
21	22000001	0.990898	0.927652	3
21	23000001	1.06126	0.927652	3
21	24000001	0.854273	0.927652	3
21	25000001	1.01436	1.06037	3
21	26000001	1.10637	1.06037	3
21	27000001	1.30388	1.36203	4
21	28000001	1.31864	1.36203	4
21	29000001	1.47919	1.36203	4
21	30000001	1.23302	1.36203	4
21	31000001	1.38991	1.36203	4
21	32000001	1.17159	1.36203	4
21	33000001	1.32582	1.36203	4
21	34000001	1.42576	1.36203	4
21	35000001	1.30857	1.36203	4
21	36000001	1.22194	1.36203	4
21	37000001	1.37174	1.36203	4
21	38000001	1.41807	1.36203	4
21	39000001	1.24826	1.36203	4
21	40000001	1.39714	1.36203	4
21	41000001	1.16447	1.36203	4
21	42000001	1.38638	1.36203	4
21	43000001	1.37388	1.36203	4
21	44000001	1.45105	1.36203	4
21	45000001	1.3631	1.36203	4
21	46000001	1.36097	1.36203	4
22	1	-1	-1	4
22	1000001	-1	-1	4
22	2000001	-1	-1	4
22	3000001	-1	-1	4
22	4000001	-1	-1	4
22	5000001	-1	-1	4
22	6000001	-1	-1	4
22	7000001	-1	-1	4
22	8000001	-1	-1	4
22	9000001	-1	-1	4
22	10000001	0.763033	1.30285	4
22	11000001	1.30285	1.30285	4
22	12000001	1.41152	1.30285	4
22	13000001	0.723352	0.723352	2
22	14000001	0.707521	0.723352	2
22	15000001	1.02934	0.723352	2
22	16000001	2.45267	2.45267	7
22	17000001	1.23212	1.22712	4
22	18000001	1.22212	1.22712	4
22	19000001	2.97234	3.27491	10
22	20000001	3.27491	3.27491	10
22	21000001	3.84158	3.27491	10
22	22000001	5.57278	5.57278	17
22	23000001	2.64341	2.64341	8
22	24000001	0.90358	0.684741	2
22	25000001	0.591109	0.684741	2
22	26000001	0.53408	0.684741	2
22	27000001	0.665907	0.684741	2
22	28000001	0.790802	0.684741	2
22	29000001	0.631942	0.684741	2
22	30000001	0.775212	0.684741	2
22	31000001	0.560926	0.684741	2
22	32000001	0.640109	0.684741	2
22	33000001	0.862136	0.684741	2
22	34000001	0.608883	0.684741	2
22	35000001	0.875887	0.684741	2
22	36000001	0.716477	0.684741	2
22	37000001	0.681512	0.684741	2
22	38000001	0.684741	0.684741	2
22	39000001	0.638533	0.684741	2
22	40000001	0.772356	0.684741	2
22	41000001	0.678117	0.684741	2
22	42000001	0.739135	0.684741	2
22	43000001	0.616353	0.684741	2
22	44000001	0.748815	0.684741	2
22	45000001	0.610835	0.684741	2
22	46000001	0.706033	0.684741	2
22	47000001	0.756856	0.684741	2
22	48000001	0.752487	0.684741	2
22	49000001	0.630173	0.684741	2
22	50000001	1.00557	0.684741	2
3	1	1.0082	1.03243	3
3	1000001	0.844244	1.03243	3
3	2000001	1.05666	1.03243	3
3	3000001	1.22772	1.03243	3
3	4000001	1.43915	1.49634	4
3	5000001	1.49634	1.49634	4
3	6000001	1.73655	1.49634	4
3	7000001	1.28189	1.29929	4
3	8000001	1.00815	1.29929	4
3	9000001	1.31388	1.29929	4
3	10000001	1.14493	1.29929	4
3	11000001	1.54324	1.29929	4
3	12000001	1.182	1.29929	4
3	13000001	1.29929	1.29929	4
3	14000001	1.47376	1.29929	4
3	15000001	1.47532	1.29929	4
3	16000001	1.10564	1.29929	4
3	17000001	1.65962	1.29929	4
3	18000001	1.23474	1.29929	4
3	19000001	1.44567	1.29929	4
3	20000001	1.45334	1.29929	4
3	21000001	1.27265	1.29929	4
3	22000001	1.09048	1.29929	4
3	23000001	1.50331	1.29929	4
3	24000001	1.44153	1.29929	4
3	25000001	1.35459	1.29929	4
3	26000001	1.24644	1.29929	4
3	27000001	1.35643	1.29929	4
3	28000001	1.15053	1.29929	4
3	29000001	1.12831	1.29929	4
3	30000001	1.37567	1.29929	4
3	31000001	1.2924	1.29929	4
3	32000001	1.44226	1.29929	4
3	33000001	1.33454	1.29929	4
3	34000001	1.09009	1.29929	4
3	35000001	1.27722	1.29929	4
3	36000001	1.27939	1.29929	4
3	37000001	1.21648	1.29929	4
3	38000001	1.38069	1.29929	4
3	39000001	1.18598	1.29929	4
3	40000001	1.23705	1.29929	4
3	41000001	1.21678	1.29929	4
3	42000001	1.33365	1.29929	4
3	43000001	1.45601	1.29929	4
3	44000001	1.31264	1.29929	4
3	45000001	1.44054	1.29929	4
3	46000001	1.55303	1.29929	4
3	47000001	1.27037	1.29929	4
3	48000001	0.73239	0.667439	2
3	49000001	0.650169	0.667439	2
3	50000001	0.755578	0.667439	2
3	51000001	0.680586	0.667439	2
3	52000001	0.579489	0.667439	2
3	53000001	0.775578	0.667439	2
3	54000001	0.689018	0.667439	2
3	55000001	0.622555	0.667439	2
3	56000001	0.714078	0.667439	2
3	57000001	0.66529	0.667439	2
3	58000001	0.749395	0.667439	2
3	59000001	0.658826	0.667439	2
3	60000001	0.826578	0.667439	2
3	61000001	0.790348	0.667439	2
3	62000001	0.55142	0.667439	2
3	63000001	0.791954	0.667439	2
3	64000001	0.766933	0.667439	2
3	65000001	0.707509	0.667439	2
3	66000001	0.748712	0.667439	2
3	67000001	0.654357	0.667439	2
3	68000001	0.568355	0.667439	2
3	69000001	0.708874	0.667439	2
3	70000001	0.567871	0.667439	2
3	71000001	0.561536	0.667439	2
3	72000001	0.691359	0.667439	2
3	73000001	0.775245	0.667439	2
3	74000001	0.483519	0.667439	2
3	75000001	0.905839	0.667439	2
3	76000001	0.632094	0.667439	2
3	77000001	0.679808	0.667439	2
3	78000001	0.561904	0.667439	2
3	79000001	0.698987	0.667439	2
3	80000001	0.545581	0.667439	2
3	81000001	0.524893	0.667439	2
3	82000001	0.50651	0.667439	2
3	83000001	0.432386	0.667439	2
3	84000001	0.517289	0.667439	2
3	85000001	0.800143	0.667439	2
3	86000001	0.580314	0.667439	2
3	87000001	0.674667	0.667439	2
3	88000001	0.750035	0.667439	2
3	89000001	0.601929	0.667439	2
3	90000001	0.507557	0.667439	2
3	91000001	0.520758	0.667439	2
3	92000001	0.544673	0.667439	2
3	93000001	0.670606	0.667439	2
3	94000001	0.59257	0.667439	2
3	95000001	0.497025	0.667439	2
3	96000001	0.555892	0.667439	2
3	97000001	0.554108	0.667439	2
3	98000001	0.712609	0.667439	2
3	99000001	0.867992	0.667439	2
3	100000001	0.643581	0.667439	2
3	101000001	0.667768	0.667439	2
3	102000001	0.589494	0.667439	2
3	103000001	0.490566	0.667439	2
3	104000001	0.471916	0.667439	2
3	105000001	0.66414	0.667439	2
3	106000001	0.679192	0.667439	2
3	107000001	0.671409	0.667439	2
3	108000001	0.63701	0.667439	2
3	109000001	0.743101	0.667439	2
3	110000001	0.923708	0.667439	2
3	111000001	0.836493	0.667439	2
3	112000001	0.695934	0.667439	2
3	113000001	0.705773	0.667439	2
3	114000001	0.590555	0.667439	2
3	115000001	0.76668	0.667439	2
3	116000001	0.700424	0.667439	2
3	117000001	0.517709	0.667439	2
3	118000001	0.634097	0.667439	2
3	119000001	0.633894	0.667439	2
3	120000001	0.767394	0.667439	2
3	121000001	0.602511	0.667439	2
3	122000001	0.624201	0.667439	2
3	123000001	0.550846	0.667439	2
3	124000001	0.662042	0.667439	2
3	125000001	0.690658	0.667439	2
3	126000001	0.552538	0.667439	2
3	127000001	0.667109	0.667439	2
3	128000001	0.806614	0.667439	2
3	129000001	0.653834	0.667439	2
3	130000001	0.755213	0.667439	2
3	131000001	0.770077	0.667439	2
3	132000001	1.0002	0.667439	2
3	133000001	0.553497	0.667439	2
3	134000001	0.761477	0.667439	2
3	135000001	0.711912	0.667439	2
3	136000001	0.704506	0.667439	2
3	137000001	0.739153	0.667439	2
3	138000001	0.922225	0.988077	3
3	139000001	0.982121	0.988077	3
3	140000001	0.981409	0.988077	3
3	141000001	1.11316	0.988077	3
3	142000001	1.04753	0.988077	3
3	143000001	1.121	0.988077	3
3	144000001	0.99993	0.988077	3
3	145000001	0.903473	0.988077	3
3	146000001	0.963292	0.988077	3
3	147000001	0.809205	0.988077	3
3	148000001	1.04836	0.988077	3
3	149000001	1.04661	0.988077	3
3	150000001	1.04225	0.988077	3
3	151000001	0.965724	0.988077	3
3	152000001	0.964585	0.988077	3
3	153000001	1.05028	0.988077	3
3	154000001	0.988077	0.988077	3
3	155000001	0.974994	0.988077	3
3	156000001	0.906789	0.988077	3
3	157000001	1.25142	0.988077	3
3	158000001	0.831663	0.988077	3
3	159000001	0.960752	0.988077	3
3	160000001	1.20785	0.988077	3
3	161000001	1.03061	0.988077	3
3	162000001	0.980644	0.988077	3
3	163000001	0.677807	0.988077	3
3	164000001	0.597294	0.988077	3
3	165000001	1.12499	0.988077	3
3	166000001	0.843609	0.988077	3
3	167000001	0.90508	0.988077	3
3	168000001	0.987452	0.988077	3
3	169000001	1.06024	0.988077	3
3	170000001	1.03748	0.988077	3
3	171000001	0.963087	0.988077	3
3	172000001	1.06224	0.988077	3
3	173000001	0.975076	0.988077	3
3	174000001	1.03369	0.988077	3
3	175000001	0.997288	0.988077	3
3	176000001	1.09212	0.988077	3
3	177000001	1.15433	0.988077	3
3	178000001	1.03973	0.988077	3
3	179000001	0.803047	0.988077	3
3	180000001	0.852873	0.988077	3
3	181000001	1.19487	0.988077	3
3	182000001	0.940284	0.988077	3
3	183000001	0.950151	0.988077	3
3	184000001	0.957063	0.988077	3
3	185000001	1.02278	0.988077	3
3	186000001	1.17754	0.988077	3
3	187000001	0.904673	0.988077	3
3	188000001	1.13416	0.988077	3
3	189000001	0.836799	0.988077	3
3	190000001	0.965398	0.988077	3
3	191000001	1.12235	0.988077	3
3	192000001	1.10968	0.988077	3
3	193000001	0.906201	0.988077	3
3	194000001	1.16579	0.988077	3
3	195000001	1.04813	0.988077	3
3	196000001	1.12457	0.988077	3
3	197000001	0.913227	0.988077	3
3	198000001	1.10945	0.988077	3
4	1	1.14554	0.984364	3
4	1000001	1.04244	0.984364	3
4	2000001	0.97831	0.984364	3
4	3000001	0.938409	0.984364	3
4	4000001	1.1066	0.984364	3
4	5000001	0.969106	0.984364	3
4	6000001	0.992154	0.984364	3
4	7000001	1.14963	0.984364	3
4	8000001	0.89897	0.984364	3
4	9000001	0.980297	0.984364	3
4	10000001	0.984364	0.984364	3
4	11000001	0.874943	0.984364	3
4	12000001	0.864644	0.984364	3
4	13000001	0.925373	0.984364	3
4	14000001	1.01536	0.984364	3
4	15000001	1.01116	0.984364	3
4	16000001	0.893652	0.984364	3
4	17000001	1.10832	0.984364	3
4	18000001	1.07768	0.984364	3
4	19000001	0.751339	0.841449	3
4	20000001	0.864844	0.841449	3
4	21000001	0.642963	0.841449	3
4	22000001	0.752715	0.841449	3
4	23000001	1.02711	0.841449	3
4	24000001	0.950363	0.841449	3
4	25000001	0.818054	0.841449	3
4	26000001	1.08165	0.841449	3
4	27000001	0.882961	0.841449	3
4	28000001	0.769157	0.841449	3
4	29000001	0.494231	0.537739	2
4	30000001	0.623889	0.537739	2
4	31000001	0.609703	0.537739	2
4	32000001	0.57172	0.537739	2
4	33000001	0.503758	0.537739	2
4	34000001	0.502347	0.537739	2
4	35000001	0.72301	0.826088	2
4	36000001	0.730121	0.826088	2
4	37000001	0.922054	0.826088	2
4	38000001	0.947168	0.826088	2
4	39000001	2.01226	2.01226	6
4	40000001	1.09485	1.09162	3
4	41000001	1.00097	1.09162	3
4	42000001	0.980087	1.09162	3
4	43000001	1.40085	1.09162	3
4	44000001	0.768336	1.09162	3
4	45000001	0.810092	1.09162	3
4	46000001	1.16853	1.09162	3
4	47000001	1.25225	1.09162	3
4	48000001	1.09849	1.09162	3
4	49000001	0.982523	1.09162	3
4	50000001	0.985704	1.09162	3
4	51000001	1.00881	1.09162	3
4	52000001	1.38868	1.09162	3
4	53000001	1.17967	1.09162	3
4	54000001	1.12143	1.09162	3
4	55000001	1.0298	1.09162	3
4	56000001	1.08839	1.09162	3
4	57000001	1.16089	1.09162	3
4	58000001	0.651938	0.651938	2
4	59000001	0.573365	0.651938	2
4	60000001	0.670491	0.651938	2
4	61000001	0.721963	0.651938	2
4	62000001	0.592543	0.651938	2
4	63000001	0.61575	0.651938	2
4	64000001	0.572983	0.651938	2
4	65000001	0.74357	0.651938	2
4	66000001	0.832058	0.651938	2
4	67000001	1.06084	1.05735	3
4	68000001	1.04434	1.05735	3
4	69000001	0.902601	1.05735	3
4	70000001	1.31241	1.05735	3
4	71000001	1.05387	1.05735	3
4	72000001	0.943833	1.05735	3
4	73000001	1.23084	1.05735	3
4	74000001	1.07458	1.05735	3
4	75000001	1.12172	1.05735	3
4	76000001	1.14383	1.05735	3
4	77000001	0.925008	1.05735	3
4	78000001	0.879525	1.05735	3
4	79000001	0.875958	1.05735	3
4	80000001	1.12203	1.05735	3
4	81000001	1.07599	1.05735	3
4	82000001	1.11624	1.05735	3
4	83000001	0.940517	1.05735	3
4	84000001	1.06194	1.05735	3
4	85000001	1.12547	1.05735	3
4	86000001	0.926601	1.05735	3
4	87000001	0.975407	1.05735	3
4	88000001	0.918995	1.05735	3
4	89000001	0.904612	1.05735	3
4	90000001	1.23752	1.05735	3
4	91000001	0.701516	0.929025	3
4	92000001	0.728473	0.929025	3
4	93000001	0.896648	0.929025	3
4	94000001	0.998823	0.929025	3
4	95000001	0.876469	0.929025	3
4	96000001	0.821108	0.929025	3
4	97000001	0.967017	0.929025	3
4	98000001	0.976398	0.929025	3
4	99000001	0.930982	0.929025	3
4	100000001	1.08874	0.929025	3
4	101000001	0.929025	0.929025	3
4	102000001	0.894425	0.929025	3
4	103000001	0.968947	0.929025	3
4	104000001	1.98495	1.98495	6
4	105000001	1.06886	1.01697	3
4	106000001	0.966623	1.01697	3
4	107000001	1.0028	1.01697	3
4	108000001	1.01697	1.01697	3
4	109000001	1.22903	1.01697	3
4	110000001	0.941891	1.01697	3
4	111000001	1.04154	1.01697	3
4	112000001	1.21009	1.01697	3
4	113000001	0.925081	1.01697	3
4	114000001	0.748829	0.632562	2
4	115000001	0.520383	0.632562	2
4	116000001	0.564927	0.632562	2
4	117000001	0.700197	0.632562	2
4	118000001	1.02258	1.03244	3
4	119000001	1.04231	1.03244	3
4	120000001	1.11943	1.03244	3
4	121000001	0.887804	1.03244	3
4	122000001	0.872286	1.03244	3
4	123000001	1.16752	1.03244	3
4	124000001	1.00123	1.03244	3
4	125000001	0.996277	1.03244	3
4	126000001	0.907784	1.03244	3
4	127000001	1.17763	1.03244	3
4	128000001	1.04691	1.03244	3
4	129000001	1.0701	1.03244	3
4	130000001	0.740018	0.777378	2
4	131000001	0.881167	0.777378	2
4	132000001	0.884958	0.777378	2
4	133000001	0.777378	0.777378	2
4	134000001	0.809036	0.777378	2
4	135000001	0.754144	0.777378	2
4	136000001	0.614763	0.777378	2
4	137000001	0.967276	0.973783	3
4	138000001	0.980291	0.973783	3
4	139000001	1.0508	0.973783	3
4	140000001	1.03585	0.973783	3
4	141000001	1.07243	0.973783	3
4	142000001	0.880421	0.973783	3
4	143000001	0.899606	0.973783	3
4	144000001	1.18104	0.973783	3
4	145000001	0.963496	0.973783	3
4	146000001	1.07312	0.973783	3
4	147000001	0.987965	0.973783	3
4	148000001	0.741787	0.973783	3
4	149000001	0.993399	0.973783	3
4	150000001	0.881209	0.973783	3
4	151000001	0.922375	0.973783	3
4	152000001	1.05181	0.973783	3
4	153000001	0.899184	0.973783	3
4	154000001	0.989061	0.973783	3
4	155000001	0.907368	0.973783	3
4	156000001	0.735851	0.973783	3
4	157000001	0.981958	0.973783	3
4	158000001	0.965052	0.973783	3
4	159000001	0.648857	0.648857	2
4	160000001	0.418197	0.418197	1
4	161000001	0.131716	0.418197	1
4	162000001	0.601911	0.418197	1
4	163000001	1.18395	0.847868	3
4	164000001	1.06464	0.847868	3
4	165000001	0.886747	0.847868	3
4	166000001	0.657131	0.847868	3
4	167000001	0.670563	0.847868	3
4	168000001	0.847868	0.847868	3
4	169000001	0.915865	0.847868	3
4	170000001	0.841348	0.847868	3
4	171000001	0.707496	0.847868	3
4	172000001	1.32256	0.847868	3
4	173000001	0.976326	0.847868	3
4	174000001	0.750353	0.847868	3
4	175000001	0.884613	0.847868	3
4	176000001	1.16185	0.847868	3
4	177000001	0.886887	0.847868	3
4	178000001	0.684538	0.847868	3
4	179000001	0.599663	0.847868	3
4	180000001	0.70968	0.847868	3
4	181000001	0.718079	0.847868	3
4	182000001	1.05981	1.05981	3
4	183000001	0.997378	1.05981	3
4	184000001	1.07666	1.05981	3
4	185000001	1.13681	1.05981	3
4	186000001	0.852971	1.05981	3
4	187000001	1.09144	1.05981	3
4	188000001	0.946874	1.05981	3
4	189000001	0.910959	1.05981	3
4	190000001	2.17974	1.05981	3
5	1	1.38618	1.2408	4
5	1000001	1.27807	1.2408	4
5	2000001	1.36687	1.2408	4
5	3000001	1.03869	1.2408	4
5	4000001	1.07213	1.2408	4
5	5000001	1.15984	1.2408	4
5	6000001	1.34468	1.2408	4
5	7000001	1.1345	1.2408	4
5	8000001	0.997989	1.2408	4
5	9000001	1.41478	1.2408	4
5	10000001	1.17766	1.2408	4
5	11000001	1.29876	1.2408	4
5	12000001	1.12988	1.2408	4
5	13000001	1.07365	1.2408	4
5	14000001	1.28846	1.2408	4
5	15000001	1.5203	1.2408	4
5	16000001	1.39522	1.2408	4
5	17000001	1.2408	1.2408	4
5	18000001	1.12797	1.2408	4
5	19000001	0.703911	0.793193	2
5	20000001	0.794874	0.793193	2
5	21000001	1.02478	0.793193	2
5	22000001	0.655886	0.793193	2
5	23000001	0.916143	0.793193	2
5	24000001	0.656089	0.793193	2
5	25000001	0.761274	0.793193	2
5	26000001	0.666798	0.793193	2
5	27000001	0.839076	0.793193	2
5	28000001	0.793193	0.793193	2
5	29000001	0.9893	0.793193	2
5	30000001	1.19754	1.36902	4
5	31000001	1.43084	1.36902	4
5	32000001	1.40914	1.36902	4
5	33000001	1.34032	1.36902	4
5	34000001	1.34957	1.36902	4
5	35000001	1.50828	1.36902	4
5	36000001	1.38848	1.36902	4
5	37000001	1.15854	1.36902	4
5	38000001	1.40353	1.36902	4
5	39000001	1.56059	1.36902	4
5	40000001	1.39503	1.36902	4
5	41000001	1.33211	1.36902	4
5	42000001	1.4982	1.36902	4
5	43000001	1.29797	1.36902	4
5	44000001	1.1897	1.36902	4
5	45000001	1.11265	1.36902	4
5	46000001	0.630198	0.630198	2
5	47000001	1.44687	1.44687	4
5	48000001	1.67738	1.44687	4
5	49000001	1.27297	1.44687	4
5	50000001	1.07682	0.995054	3
5	51000001	0.66011	0.995054	3
5	52000001	0.884777	0.995054	3
5	53000001	1.06561	0.995054	3
5	54000001	1.00446	0.995054	3
5	55000001	0.8903	0.995054	3
5	56000001	1.002	0.995054	3
5	57000001	1.09241	0.995054	3
5	58000001	0.936389	0.995054	3
5	59000001	1.01024	0.995054	3
5	60000001	1.34933	0.995054	3
5	61000001	0.988113	0.995054	3
5	62000001	1.05275	0.995054	3
5	63000001	0.935487	0.995054	3
5	64000001	0.982569	0.995054	3
5	65000001	0.976642	0.995054	3
5	66000001	1.02204	0.995054	3
5	67000001	0.945882	0.995054	3
5	68000001	1.00206	0.995054	3
5	69000001	1.00561	0.995054	3
5	70000001	0.82169	0.995054	3
5	71000001	0.952805	0.995054	3
5	72000001	1.18824	0.995054	3
5	73000001	1.07751	0.995054	3
5	74000001	1.24607	0.995054	3
5	75000001	1.0611	0.995054	3
5	76000001	0.983549	0.995054	3
5	77000001	0.965196	0.995054	3
5	78000001	1.00481	0.995054	3
5	79000001	0.984373	0.995054	3
5	80000001	1.11316	0.995054	3
5	81000001	0.947748	0.995054	3
5	82000001	0.859277	0.995054	3
5	83000001	1.14531	0.995054	3
5	84000001	0.774217	0.995054	3
5	85000001	0.812035	0.995054	3
5	86000001	1.6901	1.6901	5
5	87000001	0.918116	0.924546	3
5	88000001	0.915877	0.924546	3
5	89000001	0.887719	0.924546	3
5	90000001	0.915393	0.924546	3
5	91000001	1.08016	0.924546	3
5	92000001	0.931368	0.924546	3
5	93000001	0.968833	0.924546	3
5	94000001	1.04187	0.924546	3
5	95000001	0.924546	0.924546	3
5	96000001	0.983111	0.924546	3
5	97000001	0.765715	0.924546	3
5	98000001	0.977091	0.924546	3
5	99000001	1.06638	0.924546	3
5	100000001	0.889465	0.924546	3
5	101000001	0.809617	0.924546	3
5	102000001	1.0477	0.924546	3
5	103000001	1.03639	0.924546	3
5	104000001	0.763915	0.924546	3
5	105000001	0.955522	0.924546	3
5	106000001	0.875381	0.924546	3
5	107000001	0.779855	0.924546	3
5	108000001	0.970413	0.924546	3
5	109000001	0.914871	0.924546	3
5	110000001	1.07351	1.03522	3
5	111000001	1.17144	1.03522	3
5	112000001	0.949331	1.03522	3
5	113000001	1.05064	1.03522	3
5	114000001	1.07894	1.03522	3
5	115000001	0.953641	1.03522	3
5	116000001	1.04458	1.03522	3
5	117000001	1.04659	1.03522	3
5	118000001	0.780689	1.03522	3
5	119000001	0.924759	1.03522	3
5	120000001	0.934029	1.03522	3
5	121000001	0.890937	1.03522	3
5	122000001	1.03758	1.03522	3
5	123000001	0.976197	1.03522	3
5	124000001	1.01247	1.03522	3
5	125000001	1.11774	1.03522	3
5	126000001	1.03858	1.03522	3
5	127000001	1.06578	1.03522	3
5	128000001	1.12386	1.03522	3
5	129000001	0.969567	1.03522	3
5	130000001	0.963819	1.03522	3
5	131000001	1.00936	1.03522	3
5	132000001	0.917229	1.03522	3
5	133000001	1.07766	1.03522	3
5	134000001	1.12795	1.03522	3
5	135000001	0.881572	1.03522	3
5	136000001	0.98454	1.03522	3
5	137000001	1.15661	1.03522	3
5	138000001	0.993114	1.03522	3
5	139000001	1.10376	1.03522	3
5	140000001	0.938105	1.03522	3
5	141000001	0.961537	1.03522	3
5	142000001	1.29961	1.03522	3
5	143000001	0.963239	1.03522	3
5	144000001	0.88617	1.03522	3
5	145000001	1.17575	1.03522	3
5	146000001	1.03698	1.03522	3
5	147000001	1.0144	1.03522	3
5	148000001	1.03345	1.03522	3
5	149000001	1.1125	1.03522	3
5	150000001	0.938243	1.03522	3
5	151000001	1.16426	1.03522	3
5	152000001	0.926044	1.03522	3
5	153000001	1.04663	1.03522	3
5	154000001	1.12408	1.03522	3
5	155000001	1.09942	1.03522	3
5	156000001	0.854144	1.03522	3
5	157000001	1.07864	1.03522	3
5	158000001	1.1585	1.03522	3
5	159000001	1.09584	1.03522	3
5	160000001	1.03052	1.03522	3
5	161000001	0.940915	1.03522	3
5	162000001	1.06908	1.03522	3
5	163000001	1.11158	1.03522	3
5	164000001	0.860731	1.03522	3
5	165000001	0.966235	1.03522	3
5	166000001	0.90403	1.03522	3
5	167000001	1.09267	1.03522	3
5	168000001	0.902643	1.03522	3
5	169000001	1.09639	1.03522	3
5	170000001	1.09635	1.03522	3
5	171000001	1.03254	1.03522	3
5	172000001	1.07295	1.03522	3
5	173000001	1.0763	1.03522	3
5	174000001	1.08529	1.03522	3
5	175000001	0.998213	1.03522	3
5	176000001	0.861908	1.03522	3
5	177000001	0.983024	1.03522	3
5	178000001	1.16743	1.2122	4
5	179000001	1.25698	1.2122	4
5	180000001	1.02361	1.2122	4
5	181000001	1.3044	1.2122	4
6	1	1.25001	1.34238	4
6	1000001	1.40185	1.34238	4
6	2000001	1.42773	1.34238	4
6	3000001	1.15768	1.34238	4
6	4000001	1.40997	1.34238	4
6	5000001	1.08206	1.34238	4
6	6000001	1.33876	1.34238	4
6	7000001	1.31192	1.34238	4
6	8000001	1.18357	1.34238	4
6	9000001	1.46931	1.34238	4
6	10000001	1.3383	1.34238	4
6	11000001	1.29064	1.34238	4
6	12000001	1.13786	1.34238	4
6	13000001	1.39013	1.34238	4
6	14000001	1.16469	1.34238	4
6	15000001	1.29285	1.34238	4
6	16000001	1.65128	1.34238	4
6	17000001	1.34941	1.34238	4
6	18000001	1.41394	1.34238	4
6	19000001	1.52014	1.34238	4
6	20000001	1.2943	1.34238	4
6	21000001	1.46039	1.34238	4
6	22000001	1.58911	1.34238	4
6	23000001	1.20988	1.34238	4
6	24000001	1.346	1.34238	4
6	25000001	1.20178	1.34238	4
6	26000001	1.45448	1.34238	4
6	27000001	1.17594	1.34238	4
6	28000001	1.18379	1.34238	4
6	29000001	1.47552	1.34238	4
6	30000001	1.39677	1.34238	4
6	31000001	1.39441	1.34238	4
6	32000001	1.5121	1.34238	4
6	33000001	1.42618	1.34238	4
6	34000001	1.11591	1.34238	4
6	35000001	1.37611	1.34238	4
6	36000001	1.35538	1.34238	4
6	37000001	1.32539	1.34238	4
6	38000001	1.29781	1.34238	4
6	39000001	1.33073	1.34238	4
6	40000001	1.30062	1.34238	4
6	41000001	1.36112	1.34238	4
6	42000001	1.22499	1.34238	4
6	43000001	1.21749	1.34238	4
6	44000001	1.26731	1.34238	4
6	45000001	1.42457	1.34238	4
6	46000001	1.3896	1.34238	4
6	47000001	1.34711	1.34238	4
6	48000001	1.44644	1.34238	4
6	49000001	1.19872	1.34238	4
6	50000001	1.37393	1.34238	4
6	51000001	1.28632	1.34238	4
6	52000001	0.936447	0.991779	3
6	53000001	1.01604	0.991779	3
6	54000001	0.967515	0.991779	3
6	55000001	1.36076	0.991779	3
6	56000001	1.10869	0.991779	3
6	57000001	1.13161	0.991779	3
6	58000001	0.891121	0.991779	3
6	59000001	0.925351	0.991779	3
6	60000001	0.677444	0.677444	2
6	61000001	0.683244	0.677444	2
6	62000001	0.489368	0.677444	2
6	63000001	0.825242	0.677444	2
6	64000001	0.662563	0.677444	2
6	65000001	0.967547	0.988047	3
6	66000001	0.842142	0.988047	3
6	67000001	0.866986	0.988047	3
6	68000001	1.04476	0.988047	3
6	69000001	0.858331	0.988047	3
6	70000001	1.01671	0.988047	3
6	71000001	1.1148	0.988047	3
6	72000001	0.907501	0.988047	3
6	73000001	0.988047	0.988047	3
6	74000001	1.18939	0.988047	3
6	75000001	1.08181	0.988047	3
6	76000001	0.763116	0.988047	3
6	77000001	0.770394	0.988047	3
6	78000001	1.12949	0.988047	3
6	79000001	0.930668	0.988047	3
6	80000001	0.928794	0.988047	3
6	81000001	1.23143	0.988047	3
6	82000001	1.02851	0.988047	3
6	83000001	0.792208	0.988047	3
6	84000001	1.09775	0.988047	3
6	85000001	1.1289	0.988047	3
6	86000001	1.10955	0.988047	3
6	87000001	0.940549	0.988047	3
6	88000001	1.0833	0.988047	3
6	89000001	0.978234	0.988047	3
6	90000001	0.943479	0.988047	3
6	91000001	1.09769	0.988047	3
6	92000001	0.626802	0.613325	2
6	93000001	0.42939	0.613325	2
6	94000001	0.613325	0.613325	2
6	95000001	0.89074	0.912806	3
6	96000001	0.8057	0.912806	3
6	97000001	1.00804	0.912806	3
6	98000001	0.935406	0.912806	3
6	99000001	0.912806	0.912806	3
6	100000001	1.10933	1.04469	3
6	101000001	1.24467	1.04469	3
6	102000001	1.04469	1.04469	3
6	103000001	0.919118	1.04469	3
6	104000001	1.05331	1.04469	3
6	105000001	1.11569	1.04469	3
6	106000001	0.946456	1.04469	3
6	107000001	1.13981	1.04469	3
6	108000001	1.03642	1.04469	3
6	109000001	0.895431	1.04469	3
6	110000001	0.947401	1.04469	3
6	111000001	0.911283	1.04469	3
6	112000001	1.13529	1.04469	3
6	113000001	1.02317	1.04469	3
6	114000001	1.13875	1.04469	3
6	115000001	1.10686	1.04469	3
6	116000001	0.981984	1.04469	3
6	117000001	1.24203	1.04469	3
6	118000001	0.94017	1.04469	3
6	119000001	0.919846	1.04469	3
6	120000001	1.12315	1.04469	3
6	121000001	0.970557	1.04469	3
6	122000001	0.874324	1.04469	3
6	123000001	1.12716	1.04469	3
6	124000001	1.03088	1.04469	3
6	125000001	0.824961	1.04469	3
6	126000001	1.14969	1.04469	3
6	127000001	1.17837	1.04469	3
6	128000001	1.23401	1.04469	3
6	129000001	1.01642	1.04469	3
6	130000001	1.08723	1.04469	3
6	131000001	1.03684	1.04469	3
6	132000001	1.02212	1.04469	3
6	133000001	1.15487	1.04469	3
6	134000001	1.04597	1.04469	3
6	135000001	1.31595	1.34342	4
6	136000001	1.19965	1.34342	4
6	137000001	1.35104	1.34342	4
6	138000001	1.22324	1.34342	4
6	139000001	1.41228	1.34342	4
6	140000001	1.35737	1.34342	4
6	141000001	1.54263	1.34342	4
6	142000001	1.60487	1.34342	4
6	143000001	1.2181	1.34342	4
6	144000001	1.34071	1.34342	4
6	145000001	1.39774	1.34342	4
6	146000001	1.31411	1.34342	4
6	147000001	1.22352	1.34342	4
6	148000001	1.30331	1.34342	4
6	149000001	1.45446	1.34342	4
6	150000001	1.36654	1.34342	4
6	151000001	1.24532	1.34342	4
6	152000001	1.48281	1.34342	4
6	153000001	1.47343	1.34342	4
6	154000001	1.26718	1.34342	4
6	155000001	1.44156	1.34342	4
6	156000001	1.33842	1.34342	4
6	157000001	1.41482	1.34342	4
6	158000001	1.36122	1.34342	4
6	159000001	1.24874	1.34342	4
6	160000001	1.16491	1.34342	4
6	161000001	1.44965	1.34342	4
6	162000001	1.34613	1.34342	4
6	163000001	1.31478	1.34342	4
6	164000001	1.07679	1.34342	4
6	165000001	1.26368	1.34342	4
6	166000001	1.38918	1.34342	4
6	167000001	1.19046	1.34342	4
6	168000001	1.54174	1.34342	4
6	169000001	1.31679	1.34342	4
6	170000001	1.37998	1.34342	4
7	1	1.07062	1.00249	3
7	1000001	0.925534	1.00249	3
7	2000001	1.11323	1.00249	3
7	3000001	1.03049	1.00249	3
7	4000001	1.01171	1.00249	3
7	5000001	1.18223	1.00249	3
7	6000001	1.10078	1.00249	3
7	7000001	1.04048	1.00249	3
7	8000001	0.984612	1.00249	3
7	9000001	0.92128	1.00249	3
7	10000001	1.01188	1.00249	3
7	11000001	1.04029	1.00249	3
7	12000001	1.07168	1.00249	3
7	13000001	0.959036	1.00249	3
7	14000001	1.00391	1.00249	3
7	15000001	0.992691	1.00249	3
7	16000001	0.920785	1.00249	3
7	17000001	1.04075	1.00249	3
7	18000001	1.17116	1.00249	3
7	19000001	0.960504	1.00249	3
7	20000001	1.03013	1.00249	3
7	21000001	0.90315	1.00249	3
7	22000001	0.920407	1.00249	3
7	23000001	0.841223	1.00249	3
7	24000001	0.944271	1.00249	3
7	25000001	1.01233	1.00249	3
7	26000001	0.865333	1.00249	3
7	27000001	1.14078	1.00249	3
7	28000001	0.989937	1.00249	3
7	29000001	1.06425	1.00249	3
7	30000001	0.961497	1.00249	3
7	31000001	0.96851	1.00249	3
7	32000001	1.00106	1.00249	3
7	33000001	0.980169	1.00249	3
7	34000001	0.884579	1.00249	3
7	35000001	0.935063	1.00249	3
7	36000001	1.08902	1.00249	3
7	37000001	0.966245	1.00249	3
7	38000001	1.03582	1.00249	3
7	39000001	0.977415	1.00249	3
7	40000001	0.931657	1.00249	3
7	41000001	1.03646	1.00249	3
7	42000001	0.899964	1.00249	3
7	43000001	1.11848	1.00249	3
7	44000001	1.00019	1.00249	3
7	45000001	1.02407	1.00249	3
7	46000001	1.1587	1.00249	3
7	47000001	1.01307	1.00249	3
7	48000001	0.81579	1.00249	3
7	49000001	0.98979	1.00249	3
7	50000001	1.05977	1.00249	3
7	51000001	1.01379	1.00249	3
7	52000001	0.643136	1.00249	3
7	53000001	0.582275	1.00249	3
7	54000001	1.01218	1.00249	3
7	55000001	1.18171	1.00249	3
7	56000001	1.01889	1.00249	3
7	57000001	0.955936	1.00249	3
7	58000001	1.33558	1.25052	4
7	59000001	1.38519	1.25052	4
7	60000001	1.28215	1.25052	4
7	61000001	1.12586	1.25052	4
7	62000001	1.13199	1.25052	4
7	63000001	1.12329	1.25052	4
7	64000001	1.4705	1.25052	4
7	65000001	1.18886	1.25052	4
7	66000001	1.25052	1.25052	4
7	67000001	1.41467	1.25052	4
7	68000001	1.12284	1.25052	4
7	69000001	1.08931	1.25052	4
7	70000001	1.3935	1.25052	4
7	71000001	1.22198	1.25052	4
7	72000001	1.16842	1.25052	4
7	73000001	1.41252	1.25052	4
7	74000001	1.42599	1.25052	4
7	75000001	1.51102	1.25052	4
7	76000001	1.18653	1.25052	4
7	77000001	1.5287	1.25052	4
7	78000001	1.17606	1.25052	4
7	79000001	1.02619	0.930357	3
7	80000001	0.930357	0.930357	3
7	81000001	0.868412	0.930357	3
7	82000001	0.905599	0.930357	3
7	83000001	0.952853	0.930357	3
7	84000001	1.25191	1.32272	4
7	85000001	1.14746	1.32272	4
7	86000001	1.22003	1.32272	4
7	87000001	1.41456	1.32272	4
7	88000001	1.34022	1.32272	4
7	89000001	1.34008	1.32272	4
7	90000001	1.30081	1.32272	4
7	91000001	1.35365	1.32272	4
7	92000001	1.39813	1.32272	4
7	93000001	1.25307	1.32272	4
7	94000001	1.50899	1.32272	4
7	95000001	1.30537	1.32272	4
7	96000001	1.04132	1.32272	4
7	97000001	1.17672	1.32272	4
7	98000001	1.1392	1.32272	4
7	99000001	1.37582	1.32272	4
7	100000001	1.63816	1.32272	4
7	101000001	1.41933	1.32272	4
7	102000001	1.15094	1.32272	4
7	103000001	1.42013	1.32272	4
7	104000001	1.51189	1.55891	5
7	105000001	1.67425	1.55891	5
7	106000001	1.72942	1.55891	5
7	107000001	1.56095	1.55891	5
7	108000001	1.49701	1.55891	5
7	109000001	1.43649	1.55891	5
7	110000001	1.5908	1.55891	5
7	111000001	1.85937	1.55891	5
7	112000001	1.65461	1.55891	5
7	113000001	1.51467	1.55891	5
7	114000001	1.14297	1.55891	5
7	115000001	1.60429	1.55891	5
7	116000001	1.71643	1.55891	5
7	117000001	1.51736	1.55891	5
7	118000001	1.48494	1.55891	5
7	119000001	1.65739	1.55891	5
7	120000001	1.5497	1.55891	5
7	121000001	1.67784	1.55891	5
7	122000001	1.50273	1.55891	5
7	123000001	1.64799	1.55891	5
7	124000001	1.38369	1.55891	5
7	125000001	1.49545	1.55891	5
7	126000001	1.53635	1.55891	5
7	127000001	1.74679	1.55891	5
7	128000001	1.51502	1.55891	5
7	129000001	1.73654	1.55891	5
7	130000001	1.69712	1.55891	5
7	131000001	1.86471	1.55891	5
7	132000001	1.55891	1.55891	5
7	133000001	1.53814	1.55891	5
7	134000001	1.55732	1.55891	5
7	135000001	1.69383	1.55891	5
7	136000001	1.71903	1.55891	5
7	137000001	1.78195	1.55891	5
7	138000001	1.53514	1.55891	5
7	139000001	1.625	1.55891	5
7	140000001	1.75217	1.55891	5
7	141000001	1.54023	1.55891	5
7	142000001	1.54863	1.55891	5
7	143000001	1.70199	1.55891	5
7	144000001	1.52604	1.55891	5
7	145000001	1.37109	1.55891	5
7	146000001	1.27899	1.55891	5
7	147000001	1.43598	1.55891	5
7	148000001	1.58672	1.55891	5
7	149000001	1.80773	1.70061	5
7	150000001	1.70032	1.70061	5
7	151000001	1.66382	1.70061	5
7	152000001	1.79613	1.70061	5
7	153000001	1.73857	1.70061	5
7	154000001	1.70061	1.70061	5
7	155000001	1.57724	1.70061	5
7	156000001	1.71027	1.70061	5
7	157000001	1.69947	1.70061	5
7	158000001	1.85716	1.70061	5
7	159000001	1.61017	1.70061	5
8	1	1.07349	1.05862	3
8	1000001	1.05862	1.05862	3
8	2000001	0.9751	1.05862	3
8	3000001	0.912845	0.869499	3
8	4000001	0.616187	0.869499	3
8	5000001	0.869499	0.869499	3
8	6000001	0.9684	1.05036	3
8	7000001	1.02773	1.05036	3
8	8000001	1.07155	1.05036	3
8	9000001	1.06314	1.05036	3
8	10000001	1.15609	1.05036	3
8	11000001	1.05651	1.05036	3
8	12000001	1.07745	1.05036	3
8	13000001	0.893303	1.05036	3
8	14000001	0.937844	1.05036	3
8	15000001	1.09242	1.05036	3
8	16000001	0.997766	1.05036	3
8	17000001	1.12901	1.05036	3
8	18000001	0.95478	1.05036	3
8	19000001	1.01148	1.05036	3
8	20000001	1.05259	1.05036	3
8	21000001	0.880405	1.05036	3
8	22000001	1.04813	1.05036	3
8	23000001	1.18179	1.05036	3
8	24000001	1.03582	1.05036	3
8	25000001	1.05775	1.05036	3
8	26000001	0.871495	0.946775	3
8	27000001	0.994897	0.946775	3
8	28000001	0.924057	0.946775	3
8	29000001	0.969493	0.946775	3
8	30000001	1.09423	0.946775	3
8	31000001	0.829095	0.946775	3
8	32000001	1.21405	1.21405	4
8	33000001	1.04354	1.21405	4
8	34000001	1.33429	1.21405	4
8	35000001	0.924756	0.945001	3
8	36000001	0.965246	0.945001	3
8	37000001	0.90182	0.945001	3
8	38000001	0.924597	0.945001	3
8	39000001	0.906794	0.945001	3
8	40000001	1.14433	0.945001	3
8	41000001	0.924629	0.945001	3
8	42000001	1.00546	0.945001	3
8	43000001	0.998559	0.945001	3
8	44000001	0.886241	0.945001	3
8	45000001	0.823555	0.945001	3
8	46000001	1.2431	0.945001	3
8	47000001	0.999283	0.945001	3
8	48000001	0.968093	0.945001	3
8	49000001	0.861735	0.783202	2
8	50000001	0.734623	0.783202	2
8	51000001	0.783202	0.783202	2
8	52000001	1.19649	1.00527	3
8	53000001	0.83759	1.00527	3
8	54000001	1.01607	1.00527	3
8	55000001	0.898751	1.00527	3
8	56000001	1.09791	1.00527	3
8	57000001	0.807215	1.00527	3
8	58000001	1.09287	1.00527	3
8	59000001	0.967583	1.00527	3
8	60000001	0.938367	1.00527	3
8	61000001	1.09044	1.00527	3
8	62000001	1.01662	1.00527	3
8	63000001	0.87709	1.00527	3
8	64000001	1.00527	1.00527	3
8	65000001	0.960329	1.00527	3
8	66000001	0.981447	1.00527	3
8	67000001	1.02797	1.00527	3
8	68000001	0.946299	1.00527	3
8	69000001	0.951224	1.00527	3
8	70000001	1.01321	1.00527	3
8	71000001	0.945734	1.00527	3
8	72000001	1.03778	1.00527	3
8	73000001	1.01598	1.00527	3
8	74000001	1.05169	1.00527	3
8	75000001	0.849329	0.842485	3
8	76000001	0.957655	0.842485	3
8	77000001	0.659867	0.842485	3
8	78000001	0.835642	0.842485	3
8	79000001	1.09259	1.01848	3
8	80000001	1.06051	1.01848	3
8	81000001	0.934752	1.01848	3
8	82000001	0.995141	1.01848	3
8	83000001	0.749925	1.01848	3
8	84000001	0.955364	1.01848	3
8	85000001	1.24067	1.01848	3
8	86000001	0.98917	1.01848	3
8	87000001	0.760516	1.01848	3
8	88000001	0.924919	1.01848	3
8	89000001	1.04595	1.01848	3
8	90000001	1.16181	1.01848	3
8	91000001	1.09922	1.01848	3
8	92000001	1.17384	1.01848	3
8	93000001	1.09118	1.01848	3
8	94000001	0.949834	1.01848	3
8	95000001	0.994319	1.01848	3
8	96000001	1.16801	1.01848	3
8	97000001	0.934032	1.01848	3
8	98000001	1.07879	1.01848	3
8	99000001	0.871037	1.01848	3
8	100000001	0.941133	1.01848	3
8	101000001	1.02902	1.01848	3
8	102000001	0.960114	1.01848	3
8	103000001	0.939303	1.01848	3
8	104000001	1.03352	1.01848	3
8	105000001	1.00794	1.01848	3
8	106000001	1.05411	1.01848	3
8	107000001	1.03852	1.01848	3
8	108000001	0.826387	1.01848	3
8	109000001	1.08511	1.01848	3
8	110000001	1.07063	1.01848	3
8	111000001	0.780179	0.855831	3
8	112000001	0.702549	0.855831	3
8	113000001	0.833617	0.855831	3
8	114000001	1.07344	0.855831	3
8	115000001	1.04195	0.855831	3
8	116000001	0.77096	0.855831	3
8	117000001	0.938325	0.855831	3
8	118000001	0.994362	0.855831	3
8	119000001	0.855831	0.855831	3
8	120000001	1.13985	1.03787	3
8	121000001	0.975496	1.03787	3
8	122000001	1.06042	1.03787	3
8	123000001	0.997347	1.03787	3
8	124000001	1.03631	1.03787	3
8	125000001	1.13928	1.03787	3
8	126000001	1.03785	1.03787	3
8	127000001	1.1032	1.03787	3
8	128000001	1.26474	1.03787	3
8	129000001	0.97826	1.03787	3
8	130000001	1.10355	1.03787	3
8	131000001	0.91451	1.03787	3
8	132000001	0.989953	1.03787	3
8	133000001	1.08145	1.03787	3
8	134000001	1.03789	1.03787	3
8	135000001	0.987965	1.03787	3
8	136000001	0.776877	0.725045	2
8	137000001	0.673212	0.725045	2
8	138000001	1.91968	1.91968	6
8	139000001	0.870986	1.00615	3
8	140000001	1.01383	1.00615	3
8	141000001	1.12445	1.00615	3
8	142000001	0.935237	1.00615	3
8	143000001	0.900337	1.00615	3
8	144000001	1.00615	1.00615	3
8	145000001	1.81464	1.00615	3
9	1	0.711907	0.665981	2
9	1000001	0.839654	0.665981	2
9	2000001	0.6476	0.665981	2
9	3000001	0.723019	0.665981	2
9	4000001	0.710085	0.665981	2
9	5000001	0.599202	0.665981	2
9	6000001	0.680906	0.665981	2
9	7000001	0.566925	0.665981	2
9	8000001	0.633481	0.665981	2
9	9000001	0.352	0.665981	2
9	10000001	0.436659	0.665981	2
9	11000001	0.438266	0.665981	2
9	12000001	0.578562	0.665981	2
9	13000001	0.665981	0.665981	2
9	14000001	0.833434	0.665981	2
9	15000001	0.728058	0.665981	2
9	16000001	0.503719	0.665981	2
9	17000001	0.702652	0.665981	2
9	18000001	0.740599	0.665981	2
9	19000001	0.776841	0.665981	2
9	20000001	0.552141	0.665981	2
9	21000001	0.0322157	0.0499311	0
9	22000001	0.0424272	0.0499311	0
9	23000001	0.0175597	0.0499311	0
9	24000001	0.0229809	0.0499311	0
9	25000001	0.0364433	0.0499311	0
9	26000001	0.13798	0.0499311	0
9	27000001	0.323315	0.0499311	0
9	28000001	0.18892	0.0499311	0
9	29000001	0.142393	0.0499311	0
9	30000001	0.0499311	0.0499311	0
9	31000001	0.230254	0.0499311	0
9	32000001	0.675076	0.721813	2
9	33000001	0.649806	0.721813	2
9	34000001	0.665435	0.721813	2
9	35000001	0.72371	0.721813	2
9	36000001	0.653592	0.721813	2
9	37000001	1.19632	0.721813	2
9	38000001	1.05528	0.721813	2
9	39000001	0.632097	0.721813	2
9	40000001	0.825819	0.721813	2
9	41000001	0.85605	0.721813	2
9	42000001	0.721813	0.721813	2
9	43000001	1.25855	-1	2
9	44000001	1.38031	-1	2
9	45000001	1.35909	-1	2
9	46000001	-1	-1	2
9	47000001	-1	-1	2
9	48000001	-1	-1	2
9	49000001	-1	-1	2
9	50000001	-1	-1	2
9	51000001	-1	-1	2
9	52000001	-1	-1	2
9	53000001	-1	-1	2
9	54000001	-1	-1	2
9	55000001	-1	-1	2
9	56000001	-1	-1	2
9	57000001	-1	-1	2
9	58000001	-1	-1	2
9	59000001	-1	-1	2
9	60000001	1.39593	-1	2
9	61000001	0.652045	0.7884	2
9	62000001	0.7884	0.7884	2
9	63000001	1.10403	0.7884	2
9	64000001	0.732777	0.7884	2
9	65000001	0.985488	0.7884	2
9	66000001	0.65868	0.675818	2
9	67000001	0.81944	0.675818	2
9	68000001	0.704429	0.675818	2
9	69000001	0.623268	0.675818	2
9	70000001	0.653951	0.675818	2
9	71000001	0.677487	0.675818	2
9	72000001	0.678854	0.675818	2
9	73000001	0.69833	0.675818	2
9	74000001	0.474494	0.675818	2
9	75000001	0.693379	0.675818	2
9	76000001	0.715271	0.675818	2
9	77000001	0.636021	0.675818	2
9	78000001	0.757202	0.675818	2
9	79000001	0.67415	0.675818	2
9	80000001	0.713519	0.675818	2
9	81000001	0.584517	0.675818	2
9	82000001	0.44793	0.675818	2
9	83000001	0.721951	0.675818	2
9	84000001	0.713953	0.675818	2
9	85000001	0.611957	0.675818	2
9	86000001	0.602996	0.675818	2
9	87000001	0.685981	0.675818	2
9	88000001	0.671124	0.675818	2
9	89000001	0.667896	0.675818	2
9	90000001	0.58209	0.675818	2
9	91000001	0.830931	0.675818	2
9	92000001	1.03242	1.0194	3
9	93000001	1.11417	1.0194	3
9	94000001	1.0454	1.0194	3
9	95000001	0.876174	1.0194	3
9	96000001	1.01586	1.0194	3
9	97000001	0.886374	1.0194	3
9	98000001	1.017	1.0194	3
9	99000001	0.944034	1.0194	3
9	100000001	1.03466	1.0194	3
9	101000001	0.930099	1.0194	3
9	102000001	1.05475	1.0194	3
9	103000001	0.850774	1.0194	3
9	104000001	1.14999	1.0194	3
9	105000001	1.01537	1.0194	3
9	106000001	0.99026	1.0194	3
9	107000001	1.01668	1.0194	3
9	108000001	0.977593	1.0194	3
9	109000001	1.09285	1.0194	3
9	110000001	0.984928	1.0194	3
9	111000001	1.17151	1.0194	3
9	112000001	1.0355	1.0194	3
9	113000001	0.92375	1.0194	3
9	114000001	0.993336	1.0194	3
9	115000001	1.1503	1.0194	3
9	116000001	1.14859	1.0194	3
9	117000001	1.07117	1.0194	3
9	118000001	1.0218	1.0194	3
9	119000001	1.03549	1.0194	3
9	120000001	0.987141	1.0194	3
9	121000001	0.92823	1.0194	3
9	122000001	0.907101	1.0194	3
9	123000001	0.975303	1.0194	3
9	124000001	1.01662	1.0194	3
9	125000001	1.05766	1.0194	3
9	126000001	1.03021	1.0194	3
9	127000001	1.07223	1.0194	3
9	128000001	1.30603	1.0194	3
9	129000001	1.14238	1.0194	3
9	130000001	2.73672	2.66636	8
9	131000001	2.596	2.66636	8
9	132000001	1.07622	1.05845	3
9	133000001	1.18359	1.05845	3
9	134000001	1.16584	1.05845	3
9	135000001	0.934686	1.05845	3
9	136000001	1.02551	1.05845	3
9	137000001	1.02581	1.05845	3
9	138000001	1.05845	1.05845	3
X	1	0.397923	0.397923	1
X	1000001	0.389034	0.397923	1
X	2000001	0.370994	0.397923	1
X	3000001	0.612523	0.397923	1
X	4000001	0.425471	0.397923	1
X	5000001	0.556258	0.619698	2
X	6000001	0.619698	0.619698	2
X	7000001	0.615463	0.619698	2
X	8000001	0.589739	0.619698	2
X	9000001	0.64854	0.619698	2
X	10000001	0.593332	0.619698	2
X	11000001	1.07568	0.619698	2
X	12000001	0.583204	0.619698	2
X	13000001	0.564165	0.619698	2
X	14000001	0.536961	0.619698	2
X	15000001	0.664491	0.619698	2
X	16000001	0.648833	0.619698	2
X	17000001	0.498495	0.619698	2
X	18000001	0.661646	0.619698	2
X	19000001	0.6467	0.619698	2
X	20000001	0.595392	0.619698	2
X	21000001	0.864594	0.619698	2
X	22000001	0.646854	0.619698	2
X	23000001	0.778512	0.619698	2
X	24000001	0.568334	0.619698	2
X	25000001	0.648587	0.619698	2
X	26000001	0.432915	0.438794	1
X	27000001	0.297858	0.438794	1
X	28000001	0.421144	0.438794	1
X	29000001	0.553444	0.438794	1
X	30000001	0.487107	0.438794	1
X	31000001	0.61065	0.438794	1
X	32000001	0.591814	0.438794	1
X	33000001	0.439324	0.438794	1
X	34000001	0.438263	0.438794	1
X	35000001	0.4278	0.438794	1
X	36000001	0.573698	0.601437	2
X	37000001	0.593012	0.601437	2
X	38000001	0.57596	0.601437	2
X	39000001	0.611735	0.601437	2
X	40000001	0.671211	0.601437	2
X	41000001	0.602379	0.601437	2
X	42000001	0.674546	0.601437	2
X	43000001	0.599533	0.601437	2
X	44000001	0.588348	0.601437	2
X	45000001	0.718238	0.601437	2
X	46000001	0.576011	0.601437	2
X	47000001	0.57673	0.601437	2
X	48000001	0.796435	0.601437	2
X	49000001	0.494031	0.601437	2
X	50000001	0.678196	0.601437	2
X	51000001	0.635418	0.601437	2
X	52000001	0.726523	0.601437	2
X	53000001	0.599253	0.601437	2
X	54000001	0.6087	0.601437	2
X	55000001	0.641571	0.601437	2
X	56000001	0.554637	0.601437	2
X	57000001	0.600496	0.601437	2
X	58000001	0.702238	0.699379	2
X	59000001	0.892738	0.699379	2
X	60000001	0.77465	0.699379	2
X	61000001	0.869975	0.699379	2
X	62000001	0.6467	0.699379	2
X	63000001	0.677464	0.699379	2
X	64000001	0.698646	0.699379	2
X	65000001	0.795118	0.699379	2
X	66000001	0.545343	0.699379	2
X	67000001	0.550319	0.699379	2
X	68000001	0.731983	0.699379	2
X	69000001	0.750757	0.699379	2
X	70000001	0.955585	0.699379	2
X	71000001	0.657233	0.699379	2
X	72000001	0.635887	0.699379	2
X	73000001	0.699379	0.699379	2
X	74000001	0.577616	0.699379	2
X	75000001	0.801099	0.699379	2
X	76000001	0.573696	0.699379	2
X	77000001	1.01166	0.699379	2
X	78000001	0.837792	0.699379	2
X	79000001	0.694863	0.699379	2
X	80000001	0.635602	0.699379	2
X	81000001	0.512093	0.509208	2
X	82000001	0.343922	0.509208	2
X	83000001	0.37844	0.509208	2
X	84000001	0.506323	0.509208	2
X	85000001	0.689974	0.509208	2
X	86000001	0.671435	0.509208	2
X	87000001	0.560874	0.509208	2
X	88000001	0.490796	0.509208	2
X	89000001	0.407033	0.336851	1
X	90000001	0.285185	0.336851	1
X	91000001	0.296879	0.336851	1
X	92000001	0.310489	0.336851	1
X	93000001	0.304861	0.336851	1
X	94000001	0.413841	0.336851	1
X	95000001	0.363213	0.336851	1
X	96000001	0.372019	0.336851	1
X	97000001	0.640724	0.336851	1
X	98000001	0.307199	0.336851	1
X	99000001	0.513448	0.607596	2
X	100000001	0.619836	0.607596	2
X	101000001	0.722864	0.607596	2
X	102000001	0.604553	0.607596	2
X	103000001	0.620353	0.607596	2
X	104000001	0.659344	0.607596	2
X	105000001	0.602852	0.607596	2
X	106000001	0.503593	0.607596	2
X	107000001	0.706735	0.607596	2
X	108000001	0.598978	0.607596	2
X	109000001	0.709542	0.607596	2
X	110000001	0.64122	0.607596	2
X	111000001	0.658665	0.607596	2
X	112000001	0.627299	0.607596	2
X	113000001	0.567923	0.607596	2
X	114000001	0.84327	0.607596	2
X	115000001	0.781779	0.607596	2
X	116000001	0.580508	0.607596	2
X	117000001	0.541519	0.607596	2
X	118000001	0.606921	0.607596	2
X	119000001	0.607596	0.607596	2
X	120000001	0.688917	0.607596	2
X	121000001	0.457943	0.607596	2
X	122000001	0.518804	0.607596	2
X	123000001	0.511437	0.607596	2
X	124000001	0.627362	0.607596	2
X	125000001	0.423202	0.607596	2
X	126000001	0.718867	0.607596	2
X	127000001	0.678612	0.607596	2
X	128000001	0.503593	0.607596	2
X	129000001	0.639881	0.607596	2
X	130000001	0.498427	0.607596	2
X	131000001	0.582131	0.607596	2
X	132000001	0.541703	0.607596	2
X	133000001	0.612663	0.607596	2
X	134000001	0.676071	0.690371	2
X	135000001	0.75205	0.690371	2
X	136000001	0.800995	0.690371	2
X	137000001	0.669707	0.690371	2
X	138000001	0.751275	0.690371	2
X	139000001	0.643781	0.690371	2
X	140000001	0.565589	0.690371	2
X	141000001	0.704671	0.690371	2
X	142000001	0.502446	0.425171	1
X	143000001	0.431829	0.425171	1
X	144000001	0.284646	0.425171	1
X	145000001	0.419956	0.425171	1
X	146000001	0.425171	0.425171	1
X	147000001	0.608245	0.606549	2
X	148000001	0.529816	0.606549	2
X	149000001	0.642356	0.606549	2
X	150000001	0.533429	0.606549	2
X	151000001	0.706048	0.606549	2
X	152000001	0.604853	0.606549	2
X	153000001	0.597754	0.606549	2
X	154000001	0.696226	0.606549	2
X	155000001	0.510471	0.606549	2
X	156000001	0.616597	0.606549	2
Y	1	-1	-1	0
Y	1000001	-1	-1	0
Y	2000001	0.0167571	0.0365091	0
Y	3000001	0.0389752	0.0365091	0
Y	4000001	0.0704844	0.0365091	0
Y	5000001	0.00796574	0.0365091	0
Y	6000001	0.0547042	0.0365091	0
Y	7000001	0.0340429	0.0365091	0
Y	8000001	0.0129845	0.0365091	0
Y	9000001	0.0663183	0.0365091	0
Y	10000001	0.838773	0.732319	2
Y	11000001	0.625865	0.732319	2
Y	12000001	0.100083	0.0373331	0
Y	13000001	0.0322514	0.0373331	0
Y	14000001	0.0304927	0.0373331	0
Y	15000001	0.077604	0.0373331	0
Y	16000001	0.00873045	0.0373331	0
Y	17000001	0.108489	0.0373331	0
Y	18000001	0.10633	0.0373331	0
Y	19000001	0.0253792	0.0373331	0
Y	20000001	0.0373331	0.0373331	0
Y	21000001	0.273444	0.131742	0
Y	22000001	0.230254	0.131742	0
Y	23000001	0.131742	0.131742	0
Y	24000001	0.0911797	0.131742	0
Y	25000001	0.126528	0.131742	0
Y	26000001	0.199191	0.131742	0
Y	27000001	-1	0.131742	0
Y	28000001	-1	0.131742	0
Y	29000001	-1	0.131742	0
Y	30000001	-1	0.131742	0
Y	31000001	-1	0.131742	0
Y	32000001	-1	0.131742	0
Y	33000001	-1	0.131742	0
Y	34000001	-1	0.131742	0
Y	35000001	-1	0.131742	0
Y	36000001	-1	0.131742	0
Y	37000001	-1	0.131742	0
Y	38000001	-1	0.131742	0
Y	39000001	-1	0.131742	0
Y	40000001	-1	0.131742	0
Y	41000001	-1	0.131742	0
Y	42000001	-1	0.131742	0
Y	43000001	-1	0.131742	0
Y	44000001	-1	0.131742	0
Y	45000001	-1	0.131742	0
Y	46000001	-1	0.131742	0
Y	47000001	-1	0.131742	0
Y	48000001	-1	0.131742	0
Y	49000001	-1	0.131742	0
Y	50000001	-1	0.131742	0
Y	51000001	-1	0.131742	0
Y	52000001	-1	0.131742	0
Y	53000001	-1	0.131742	0
Y	54000001	-1	0.131742	0
Y	55000001	-1	0.131742	0
Y	56000001	0.123021	0.131742	0
Y	57000001	-1	-1	0
