Chromosome	Start	Ratio	MedianRatio	CopyNumber
1	1	1.35012	1.21733	4
1	1000001	1.1717	1.21733	4
1	2000001	1.56589	1.21733	4
1	3000001	0.999201	1.21733	4
1	4000001	1.09291	1.21733	4
1	5000001	1.26295	1.21733	4
1	6000001	1.13183	1.21733	4
1	7000001	1.33848	1.21733	4
1	8000001	0.830763	0.982155	3
1	9000001	1.03521	0.982155	3
1	10000001	1.02527	0.982155	3
1	11000001	1.0556	0.982155	3
1	12000001	1.06971	0.982155	3
1	13000001	0.858708	0.982155	3
1	14000001	1.28126	0.982155	3
1	15000001	0.844688	0.982155	3
1	16000001	0.833325	0.982155	3
1	17000001	1.01456	0.982155	3
1	18000001	1.23173	0.982155	3
1	19000001	1.13437	0.982155	3
1	20000001	1.01513	0.982155	3
1	21000001	1.05959	0.982155	3
1	22000001	1.0329	0.982155	3
1	23000001	0.835549	0.982155	3
1	24000001	1.13237	0.982155	3
1	25000001	0.898673	0.982155	3
1	26000001	0.878883	0.982155	3
1	27000001	1.02083	0.982155	3
1	28000001	1.15171	0.982155	3
1	29000001	0.821161	0.982155	3
1	30000001	0.982155	0.982155	3
1	31000001	0.977084	0.982155	3
1	32000001	1.11574	0.982155	3
1	33000001	1.10646	0.982155	3
1	34000001	1.1744	0.982155	3
1	35000001	0.821525	0.982155	3
1	36000001	1.04808	0.982155	3
1	37000001	0.94619	0.982155	3
1	38000001	1.07419	0.982155	3
1	39000001	1.06931	0.982155	3
1	40000001	0.888038	0.982155	3
1	41000001	0.981537	0.982155	3
1	42000001	0.824098	0.982155	3
1	43000001	0.947308	0.982155	3
1	44000001	0.990049	0.982155	3
1	45000001	0.845814	0.982155	3
1	46000001	0.85838	0.982155	3
1	47000001	0.892627	0.982155	3
1	48000001	0.858884	0.982155	3
1	49000001	1.09753	0.982155	3
1	50000001	0.961554	0.982155	3
1	51000001	1.08277	0.982155	3
1	52000001	0.869737	0.982155	3
1	53000001	0.944069	0.982155	3
1	54000001	0.94494	0.982155	3
1	55000001	0.712649	0.631452	2
1	56000001	0.490318	0.631452	2
1	57000001	0.732795	0.631452	2
1	58000001	0.615114	0.631452	2
1	59000001	0.803953	0.631452	2
1	60000001	0.505505	0.631452	2
1	61000001	0.654785	0.631452	2
1	62000001	0.516676	0.631452	2
1	63000001	0.743279	0.631452	2
1	64000001	0.785602	0.631452	2
1	65000001	0.609638	0.631452	2
1	66000001	0.597143	0.631452	2
1	67000001	0.700431	0.631452	2
1	68000001	0.631452	0.631452	2
1	69000001	0.617723	0.631452	2
1	70000001	0.735282	0.631452	2
1	71000001	0.836218	0.631452	2
1	72000001	0.571713	0.631452	2
1	73000001	0.570692	0.631452	2
1	74000001	0.445717	0.631452	2
1	75000001	0.813634	0.631452	2
1	76000001	0.612115	0.631452	2
1	77000001	0.730079	0.631452	2
1	78000001	0.704145	0.631452	2
1	79000001	0.52135	0.631452	2
1	80000001	0.851201	0.631452	2
1	81000001	0.385602	0.631452	2
1	82000001	0.746656	0.819819	2
1	83000001	0.937706	0.819819	2
1	84000001	1.09886	0.819819	2
1	85000001	0.868229	0.819819	2
1	86000001	0.576847	0.819819	2
1	87000001	0.906593	0.819819	2
1	88000001	0.878699	0.819819	2
1	89000001	0.844199	0.819819	2
1	90000001	0.662364	0.819819	2
1	91000001	0.881743	0.819819	2
1	92000001	0.412276	0.819819	2
1	93000001	0.799344	0.819819	2
1	94000001	0.91361	0.819819	2
1	95000001	0.80789	0.819819	2
1	96000001	0.75785	0.819819	2
1	97000001	0.831747	0.819819	2
1	98000001	0.722602	0.819819	2
1	99000001	0.801273	0.819819	2
1	100000001	0.866885	0.819819	2
1	101000001	0.569018	0.819819	2
1	102000001	0.843036	0.819819	2
1	103000001	0.566594	0.819819	2
1	104000001	0.495341	0.819819	2
1	105000001	0.881454	0.819819	2
1	106000001	0.800139	0.819819	2
1	107000001	0.846482	0.819819	2
1	108000001	0.987175	1.01048	3
1	109000001	1.14584	1.01048	3
1	110000001	1.0433	1.01048	3
1	111000001	1.1418	1.01048	3
1	112000001	0.916765	1.01048	3
1	113000001	1.12835	1.01048	3
1	114000001	0.851262	1.01048	3
1	115000001	1.13236	1.01048	3
1	116000001	1.16088	1.01048	3
1	117000001	1.01048	1.01048	3
1	118000001	0.999041	1.01048	3
1	119000001	0.873528	1.01048	3
1	120000001	0.894482	1.01048	3
1	121000001	2.07914	1.56071	5
1	122000001	1.56321	1.56071	5
1	123000001	1.55821	1.56071	5
1	124000001	1.46435	1.56071	5
1	125000001	5.48272	-1	3
1	126000001	-1	-1	3
1	127000001	-1	-1	3
1	128000001	-1	-1	3
1	129000001	-1	-1	3
1	130000001	-1	-1	3
1	131000001	-1	-1	3
1	132000001	-1	-1	3
1	133000001	-1	-1	3
1	134000001	-1	-1	3
1	135000001	-1	-1	3
1	136000001	-1	-1	3
1	137000001	-1	-1	3
1	138000001	-1	-1	3
1	139000001	-1	-1	3
1	140000001	-1	-1	3
1	141000001	-1	-1	3
1	142000001	-1	-1	3
1	143000001	4.82054	-1	3
1	144000001	0.934764	0.953216	3
1	145000001	1.05275	0.953216	3
1	146000001	0.963442	0.953216	3
1	147000001	0.941541	0.953216	3
1	148000001	1.06992	0.953216	3
1	149000001	0.771661	0.953216	3
1	150000001	0.639272	0.953216	3
1	151000001	1.02351	0.953216	3
1	152000001	0.896497	0.953216	3
1	153000001	1.12581	0.953216	3
1	154000001	0.918779	0.953216	3
1	155000001	0.953216	0.953216	3
1	156000001	1.07047	0.953216	3
1	157000001	1.08293	0.953216	3
1	158000001	1.04118	0.953216	3
1	159000001	0.852795	0.953216	3
1	160000001	0.982755	0.953216	3
1	161000001	0.831055	0.953216	3
1	162000001	0.837713	0.953216	3
1	163000001	1.61869	1.35194	4
1	164000001	1.44024	1.35194	4
1	165000001	1.25749	1.35194	4
1	166000001	1.03832	1.35194	4
1	167000001	1.52647	1.35194	4
1	168000001	1.66818	1.35194	4
1	169000001	1.49637	1.35194	4
1	170000001	1.42018	1.35194	4
1	171000001	1.31204	1.35194	4
1	172000001	1.46603	1.35194	4
1	173000001	1.54084	1.35194	4
1	174000001	1.41234	1.35194	4
1	175000001	1.17988	1.35194	4
1	176000001	1.40197	1.35194	4
1	177000001	1.44223	1.35194	4
1	178000001	1.13596	1.35194	4
1	179000001	1.35044	1.35194	4
1	180000001	1.09988	1.35194	4
1	181000001	1.48701	1.35194	4
1	182000001	1.4295	1.35194	4
1	183000001	1.32057	1.35194	4
1	184000001	1.14929	1.35194	4
1	185000001	1.19804	1.35194	4
1	186000001	1.69165	1.35194	4
1	187000001	1.40439	1.35194	4
1	188000001	1.41512	1.35194	4
1	189000001	1.34228	1.35194	4
1	190000001	1.34869	1.35194	4
1	191000001	0.981507	1.35194	4
1	192000001	1.38943	1.35194	4
1	193000001	1.5034	1.35194	4
1	194000001	1.37134	1.35194	4
1	195000001	1.47538	1.35194	4
1	196000001	1.2185	1.35194	4
1	197000001	1.17349	1.35194	4
1	198000001	1.39588	1.35194	4
1	199000001	1.29235	1.35194	4
1	200000001	1.41135	1.35194	4
1	201000001	1.26521	1.35194	4
1	202000001	1.21883	1.35194	4
1	203000001	1.41349	1.35194	4
1	204000001	1.52951	1.35194	4
1	205000001	1.48304	1.35194	4
1	206000001	1.45534	1.35194	4
1	207000001	1.19243	1.35194	4
1	208000001	1.2806	1.35194	4
1	209000001	1.55785	1.35194	4
1	210000001	1.16752	1.35194	4
1	211000001	1.28929	1.35194	4
1	212000001	1.51661	1.35194	4
1	213000001	1.17482	1.35194	4
1	214000001	1.68044	1.35194	4
1	215000001	1.27108	1.35194	4
1	216000001	1.22359	1.35194	4
1	217000001	1.22149	1.35194	4
1	218000001	1.42987	1.35194	4
1	219000001	1.21857	1.35194	4
1	220000001	1.4841	1.35194	4
1	221000001	1.44055	1.35194	4
1	222000001	1.35343	1.35194	4
1	223000001	1.402	1.35194	4
1	224000001	1.21983	1.35194	4
1	225000001	1.14372	1.35194	4
1	226000001	1.42474	1.35194	4
1	227000001	1.42173	1.35194	4
1	228000001	1.48297	1.35194	4
1	229000001	1.21907	1.35194	4
1	230000001	1.42011	1.35194	4
1	231000001	1.09398	1.35194	4
1	232000001	1.41455	1.35194	4
1	233000001	1.1573	1.35194	4
1	234000001	1.33228	1.35194	4
1	235000001	1.31834	1.35194	4
1	236000001	1.31413	1.35194	4
1	237000001	1.18846	1.35194	4
1	238000001	1.54335	1.35194	4
1	239000001	1.3545	1.35194	4
1	240000001	1.32517	1.35194	4
1	241000001	1.18644	1.35194	4
1	242000001	1.32412	1.35194	4
1	243000001	1.70563	1.35194	4
1	244000001	1.29163	1.35194	4
1	245000001	1.09962	1.35194	4
1	246000001	1.57429	1.35194	4
1	247000001	1.20719	1.35194	4
1	248000001	1.08703	1.35194	4
10	1	1.18744	1.03928	3
10	1000001	0.958029	1.03928	3
10	2000001	0.988331	1.03928	3
10	3000001	1.29558	1.03928	3
10	4000001	0.966298	1.03928	3
10	5000001	1.11378	1.03928	3
10	6000001	0.861143	1.03928	3
10	7000001	0.986912	1.03928	3
10	8000001	0.97518	1.03928	3
10	9000001	1.06611	1.03928	3
10	10000001	1.09454	1.03928	3
10	11000001	0.826321	1.03928	3
10	12000001	1.22678	1.03928	3
10	13000001	1.0626	1.03928	3
10	14000001	1.18732	1.03928	3
10	15000001	0.905354	1.03928	3
10	16000001	1.03083	1.03928	3
10	17000001	1.00921	1.03928	3
10	18000001	0.773333	1.03928	3
10	19000001	1.04262	1.03928	3
10	20000001	0.737417	1.03928	3
10	21000001	1.00279	1.03928	3
10	22000001	0.771818	1.03928	3
10	23000001	1.00189	1.03928	3
10	24000001	1.08663	1.03928	3
10	25000001	1.12016	1.03928	3
10	26000001	1.11538	1.03928	3
10	27000001	1.2289	1.03928	3
10	28000001	1.21858	1.03928	3
10	29000001	0.819175	1.03928	3
10	30000001	1.03928	1.03928	3
10	31000001	1.3886	1.03928	3
10	32000001	1.29265	1.03928	3
10	33000001	1.07493	1.03928	3
10	34000001	1.10108	1.03928	3
10	35000001	1.02239	1.03928	3
10	36000001	0.974518	1.03928	3
10	37000001	0.808667	1.03928	3
10	38000001	1.06952	1.03928	3
10	39000001	1.37103	1.37103	4
10	40000001	2.05979	2.05979	6
10	41000001	0.938211	1.30034	4
10	42000001	1.24249	1.30034	4
10	43000001	1.46463	1.30034	4
10	44000001	1.30078	1.30034	4
10	45000001	1.29023	1.30034	4
10	46000001	1.46308	1.30034	4
10	47000001	1.42567	1.30034	4
10	48000001	1.44299	1.30034	4
10	49000001	1.22756	1.30034	4
10	50000001	1.48384	1.30034	4
10	51000001	1.23073	1.30034	4
10	52000001	1.49448	1.30034	4
10	53000001	0.992415	1.30034	4
10	54000001	1.05168	1.30034	4
10	55000001	1.08619	1.30034	4
10	56000001	1.49238	1.30034	4
10	57000001	1.06885	1.30034	4
10	58000001	0.911691	1.30034	4
10	59000001	1.44539	1.30034	4
10	60000001	1.44783	1.30034	4
10	61000001	1.52671	1.30034	4
10	62000001	1.34831	1.30034	4
10	63000001	1.3354	1.30034	4
10	64000001	1.39698	1.30034	4
10	65000001	1.2032	1.30034	4
10	66000001	1.33922	1.30034	4
10	67000001	1.12583	1.30034	4
10	68000001	1.51416	1.30034	4
10	69000001	1.36769	1.30034	4
10	70000001	1.30034	1.30034	4
10	71000001	1.29066	1.30034	4
10	72000001	1.11385	1.30034	4
10	73000001	1.05081	1.30034	4
10	74000001	1.20555	1.30034	4
10	75000001	1.45484	1.30034	4
10	76000001	1.12049	1.30034	4
10	77000001	1.51312	1.30034	4
10	78000001	1.27397	1.30034	4
10	79000001	0.95506	1.30034	4
10	80000001	1.48208	1.30034	4
10	81000001	1.8518	1.30034	4
10	82000001	1.04966	1.30034	4
10	83000001	1.18858	1.30034	4
10	84000001	1.22921	1.30034	4
10	85000001	1.4908	1.30034	4
10	86000001	0.806538	0.68699	2
10	87000001	0.837606	0.68699	2
10	88000001	0.480165	0.68699	2
10	89000001	0.719135	0.68699	2
10	90000001	0.684904	0.68699	2
10	91000001	0.630627	0.68699	2
10	92000001	0.564645	0.68699	2
10	93000001	0.599911	0.68699	2
10	94000001	0.68664	0.68699	2
10	95000001	0.935721	0.68699	2
10	96000001	0.520219	0.68699	2
10	97000001	0.625655	0.68699	2
10	98000001	0.700327	0.68699	2
10	99000001	0.573243	0.68699	2
10	100000001	0.771218	0.68699	2
10	101000001	0.494314	0.68699	2
10	102000001	0.670408	0.68699	2
10	103000001	0.868705	0.68699	2
10	104000001	0.677571	0.68699	2
10	105000001	0.687339	0.68699	2
10	106000001	0.803427	0.68699	2
10	107000001	0.45025	0.68699	2
10	108000001	0.516185	0.68699	2
10	109000001	0.888125	0.68699	2
10	110000001	0.826638	0.68699	2
10	111000001	0.685579	0.68699	2
10	112000001	0.756457	0.68699	2
10	113000001	0.667285	0.68699	2
10	114000001	0.791236	0.68699	2
10	115000001	0.607502	0.68699	2
10	116000001	0.694012	0.68699	2
10	117000001	0.698297	0.68699	2
10	118000001	0.654119	0.68699	2
10	119000001	0.781847	0.68699	2
10	120000001	0.709471	0.68699	2
10	121000001	0.576184	0.68699	2
10	122000001	0.99852	0.68699	2
10	123000001	0.77906	0.68699	2
10	124000001	0.463344	0.68699	2
10	125000001	0.773932	0.68699	2
10	126000001	2.85665	2.85665	9
10	127000001	0.887933	0.733806	2
10	128000001	0.733806	0.733806	2
10	129000001	0.705	0.733806	2
10	130000001	0.908181	0.733806	2
10	131000001	0.541069	0.733806	2
10	132000001	0.588751	0.733806	2
10	133000001	1.76816	0.733806	2
11	1	0.97973	0.967215	3
11	1000001	1.01893	0.967215	3
11	2000001	0.91232	0.967215	3
11	3000001	0.954699	0.967215	3
11	4000001	0.86062	0.967215	3
11	5000001	1.22129	0.967215	3
11	6000001	1.25093	0.967215	3
11	7000001	1.01863	0.967215	3
11	8000001	0.832287	0.967215	3
11	9000001	0.883713	0.967215	3
11	10000001	1.21429	1.21429	4
11	11000001	1.82337	1.82337	5
11	12000001	0.939929	0.935276	3
11	13000001	0.807409	0.935276	3
11	14000001	0.897788	0.935276	3
11	15000001	0.968246	0.935276	3
11	16000001	0.847473	0.935276	3
11	17000001	1.04007	0.935276	3
11	18000001	0.740856	0.935276	3
11	19000001	1.17912	0.935276	3
11	20000001	0.882554	0.935276	3
11	21000001	1.10647	0.935276	3
11	22000001	1.23204	0.935276	3
11	23000001	0.962858	0.935276	3
11	24000001	0.723445	0.935276	3
11	25000001	1.00202	0.935276	3
11	26000001	0.930624	0.935276	3
11	27000001	0.971127	0.935276	3
11	28000001	0.68735	0.935276	3
11	29000001	0.958742	0.935276	3
11	30000001	0.94791	0.935276	3
11	31000001	0.880185	0.935276	3
11	32000001	0.725491	0.935276	3
11	33000001	1.20146	0.935276	3
11	34000001	0.948337	0.935276	3
11	35000001	0.979097	0.935276	3
11	36000001	0.887807	0.935276	3
11	37000001	0.808152	0.935276	3
11	38000001	0.747334	0.935276	3
11	39000001	1.1801	0.935276	3
11	40000001	0.919039	0.935276	3
11	41000001	1.11152	0.935276	3
11	42000001	0.848098	0.935276	3
11	43000001	0.916682	0.935276	3
11	44000001	0.73241	0.935276	3
11	45000001	1.10303	0.935276	3
11	46000001	0.969844	0.935276	3
11	47000001	0.810701	0.935276	3
11	48000001	1.05427	1.08526	3
11	49000001	1.07088	1.08526	3
11	50000001	1.50985	1.08526	3
11	51000001	0.92593	1.08526	3
11	52000001	1.09964	1.08526	3
11	53000001	1.00314	1.08526	3
11	54000001	1.15022	1.08526	3
11	55000001	1.14186	1.08526	3
11	56000001	0.909574	0.959109	3
11	57000001	0.931216	0.959109	3
11	58000001	1.2319	0.959109	3
11	59000001	0.755695	0.959109	3
11	60000001	0.963306	0.959109	3
11	61000001	1.26436	0.959109	3
11	62000001	0.814749	0.959109	3
11	63000001	0.92737	0.959109	3
11	64000001	1.07406	0.959109	3
11	65000001	0.949127	0.959109	3
11	66000001	0.947854	0.959109	3
11	67000001	0.926564	0.959109	3
11	68000001	0.955901	0.959109	3
11	69000001	1.4133	0.959109	3
11	70000001	0.968472	0.959109	3
11	71000001	1.18909	0.959109	3
11	72000001	0.961019	0.959109	3
11	73000001	0.864837	0.959109	3
11	74000001	0.875102	0.959109	3
11	75000001	0.917377	0.959109	3
11	76000001	1.26482	0.959109	3
11	77000001	1.02207	0.959109	3
11	78000001	1.14738	0.959109	3
11	79000001	1.08908	0.959109	3
11	80000001	0.882881	0.959109	3
11	81000001	0.869656	0.959109	3
11	82000001	0.959109	0.959109	3
11	83000001	1.1501	0.959109	3
11	84000001	0.935278	0.959109	3
11	85000001	1.00479	0.959109	3
11	86000001	0.796304	0.959109	3
11	87000001	1.08151	0.959109	3
11	88000001	1.0371	0.959109	3
11	89000001	0.642868	0.727146	2
11	90000001	0.811423	0.727146	2
11	91000001	1.00119	1.00119	3
11	92000001	1.35196	1.00119	3
11	93000001	1.12504	1.00119	3
11	94000001	1.07021	1.00119	3
11	95000001	0.867163	1.00119	3
11	96000001	1.11514	1.00119	3
11	97000001	0.952083	1.00119	3
11	98000001	0.958722	1.00119	3
11	99000001	1.09609	1.00119	3
11	100000001	0.970907	1.00119	3
11	101000001	1.04444	1.00119	3
11	102000001	0.918484	1.00119	3
11	103000001	0.966726	1.00119	3
11	104000001	1.5918	1.5918	5
11	105000001	0.852927	0.855843	3
11	106000001	0.855843	0.855843	3
11	107000001	1.00159	0.855843	3
11	108000001	0.761799	0.855843	3
11	109000001	0.896449	0.855843	3
11	110000001	1.10497	1.05304	3
11	111000001	1.04076	1.05304	3
11	112000001	1.02489	1.05304	3
11	113000001	1.06591	1.05304	3
11	114000001	1.08836	1.05304	3
11	115000001	1.00945	1.05304	3
11	116000001	1.10211	1.05304	3
11	117000001	1.05162	1.05304	3
11	118000001	0.871744	1.05304	3
11	119000001	0.99506	1.05304	3
11	120000001	1.24332	1.05304	3
11	121000001	0.884793	1.05304	3
11	122000001	1.05446	1.05304	3
11	123000001	1.19621	1.05304	3
11	124000001	1.09351	1.05304	3
11	125000001	0.999742	1.05304	3
11	126000001	0.951075	1.05304	3
11	127000001	1.1786	1.05304	3
11	128000001	1.08188	1.05304	3
11	129000001	0.931518	1.05304	3
11	130000001	0.987154	1.05304	3
11	131000001	1.28832	1.05304	3
11	132000001	1.07106	1.05304	3
11	133000001	0.861082	1.05304	3
11	134000001	0.906823	1.05304	3
11	135000001	1.17889	1.05304	3
12	1	0.682422	0.682422	2
12	1000001	0.730047	0.682422	2
12	2000001	0.63899	0.682422	2
12	3000001	0.756433	0.682422	2
12	4000001	0.66285	0.682422	2
12	5000001	0.850775	0.682422	2
12	6000001	0.632903	0.682422	2
12	7000001	0.972017	0.682422	2
12	8000001	0.941316	0.682422	2
12	9000001	0.755877	0.682422	2
12	10000001	0.810771	0.682422	2
12	11000001	0.624981	0.682422	2
12	12000001	0.616569	0.682422	2
12	13000001	0.59029	0.682422	2
12	14000001	0.807562	0.682422	2
12	15000001	0.519674	0.682422	2
12	16000001	0.669994	0.682422	2
12	17000001	0.630033	0.682422	2
12	18000001	0.670997	0.682422	2
12	19000001	0.753812	0.682422	2
12	20000001	0.876914	0.682422	2
12	21000001	0.392141	0.682422	2
12	22000001	0.773061	0.682422	2
12	23000001	1.04101	1.15528	3
12	24000001	1.15364	1.15528	3
12	25000001	1.15693	1.15528	3
12	26000001	1.31796	1.15528	3
12	27000001	0.918354	0.988364	3
12	28000001	1.07035	0.988364	3
12	29000001	1.18813	0.988364	3
12	30000001	0.892561	0.988364	3
12	31000001	0.877374	0.988364	3
12	32000001	1.1048	0.988364	3
12	33000001	0.974877	0.988364	3
12	34000001	0.886195	0.988364	3
12	35000001	1.09999	0.988364	3
12	36000001	0.829124	0.988364	3
12	37000001	0.934404	0.988364	3
12	38000001	1.04547	0.988364	3
12	39000001	0.988364	0.988364	3
12	40000001	1.06069	0.988364	3
12	41000001	1.07685	0.988364	3
12	42000001	0.953863	0.988364	3
12	43000001	0.9545	0.988364	3
12	44000001	1.15596	0.988364	3
12	45000001	1.07375	0.988364	3
12	46000001	1.03904	0.988364	3
12	47000001	0.90488	0.988364	3
12	48000001	1.69514	1.69514	5
12	49000001	0.885497	1.03003	3
12	50000001	1.02582	1.03003	3
12	51000001	1.0731	1.03003	3
12	52000001	0.867828	1.03003	3
12	53000001	0.869821	1.03003	3
12	54000001	1.08942	1.03003	3
12	55000001	1.1799	1.03003	3
12	56000001	0.962005	1.03003	3
12	57000001	1.14554	1.03003	3
12	58000001	0.990435	1.03003	3
12	59000001	1.21323	1.03003	3
12	60000001	0.893074	1.03003	3
12	61000001	0.772191	1.03003	3
12	62000001	1.19589	1.03003	3
12	63000001	1.1586	1.03003	3
12	64000001	1.06559	1.03003	3
12	65000001	1.0256	1.03003	3
12	66000001	1.02279	1.03003	3
12	67000001	0.932174	1.03003	3
12	68000001	0.90222	1.03003	3
12	69000001	1.17226	1.03003	3
12	70000001	1.08355	1.03003	3
12	71000001	1.04011	1.03003	3
12	72000001	1.01355	1.03003	3
12	73000001	1.10614	1.03003	3
12	74000001	0.920289	1.03003	3
12	75000001	0.836317	1.03003	3
12	76000001	1.02684	1.03003	3
12	77000001	1.30983	1.03003	3
12	78000001	1.3099	1.03003	3
12	79000001	0.950469	1.03003	3
12	80000001	1.18733	1.03003	3
12	81000001	0.996142	1.03003	3
12	82000001	1.00218	1.03003	3
12	83000001	0.869678	1.03003	3
12	84000001	1.04345	1.03003	3
12	85000001	1.17806	1.03003	3
12	86000001	1.03003	1.03003	3
12	87000001	0.795662	1.03003	3
12	88000001	0.808498	1.03003	3
12	89000001	0.769532	1.03003	3
12	90000001	1.13569	1.03003	3
12	91000001	0.947805	1.03003	3
12	92000001	1.14484	1.03003	3
12	93000001	0.804552	1.03003	3
12	94000001	0.866058	1.03003	3
12	95000001	0.953122	1.03003	3
12	96000001	0.988044	1.03003	3
12	97000001	1.13397	1.03003	3
12	98000001	1.07372	1.03003	3
12	99000001	1.14058	1.03003	3
12	100000001	1.05073	1.03003	3
12	101000001	1.093	1.03003	3
12	102000001	0.957749	1.03003	3
12	103000001	0.990656	1.03003	3
12	104000001	0.921701	1.03003	3
12	105000001	1.26369	1.03003	3
12	106000001	1.06731	1.03003	3
12	107000001	1.01408	1.03003	3
12	108000001	1.30093	1.03003	3
12	109000001	1.25237	1.03003	3
12	110000001	0.927281	1.03003	3
12	111000001	1.2231	1.03003	3
12	112000001	1.03002	1.03003	3
12	113000001	1.06853	1.03003	3
12	114000001	0.998129	1.03003	3
12	115000001	1.12779	1.03003	3
12	116000001	1.1491	1.03003	3
12	117000001	0.899325	1.03003	3
12	118000001	0.826413	1.03003	3
12	119000001	1.13099	1.03003	3
12	120000001	1.06622	1.03003	3
12	121000001	1.08006	1.03003	3
12	122000001	1.3815	1.03003	3
12	123000001	0.920249	1.03003	3
12	124000001	0.962326	1.03003	3
12	125000001	1.18355	1.03003	3
12	126000001	1.15344	1.03003	3
12	127000001	0.762558	1.03003	3
12	128000001	0.853599	1.03003	3
12	129000001	1.31901	1.03003	3
12	130000001	1.19573	1.03003	3
12	131000001	1.2955	1.03003	3
12	132000001	1.27166	1.03003	3
12	133000001	0.506559	1.03003	3
13	1	-1	-1	2
13	1000001	-1	-1	2
13	2000001	-1	-1	2
13	3000001	-1	-1	2
13	4000001	-1	-1	2
13	5000001	-1	-1	2
13	6000001	-1	-1	2
13	7000001	-1	-1	2
13	8000001	-1	-1	2
13	9000001	-1	-1	2
13	10000001	-1	-1	2
13	11000001	-1	-1	2
13	12000001	-1	-1	2
13	13000001	-1	-1	2
13	14000001	-1	-1	2
13	15000001	-1	-1	2
13	16000001	0.780602	0.697263	2
13	17000001	0.811355	0.697263	2
13	18000001	0.53832	0.697263	2
13	19000001	0.604197	0.697263	2
13	20000001	0.720993	0.697263	2
13	21000001	0.850947	0.697263	2
13	22000001	0.691326	0.697263	2
13	23000001	0.670238	0.697263	2
13	24000001	0.512239	0.697263	2
13	25000001	0.667669	0.697263	2
13	26000001	0.678684	0.697263	2
13	27000001	0.483725	0.697263	2
13	28000001	0.608568	0.697263	2
13	29000001	0.741791	0.697263	2
13	30000001	0.747559	0.697263	2
13	31000001	0.811621	0.697263	2
13	32000001	0.726936	0.697263	2
13	33000001	0.678947	0.697263	2
13	34000001	0.751711	0.697263	2
13	35000001	0.885677	0.697263	2
13	36000001	0.632073	0.697263	2
13	37000001	0.545089	0.697263	2
13	38000001	0.842895	0.697263	2
13	39000001	0.764636	0.697263	2
13	40000001	0.917545	0.697263	2
13	41000001	1.03137	0.697263	2
13	42000001	0.675444	0.697263	2
13	43000001	1.17813	0.697263	2
13	44000001	0.78683	0.697263	2
13	45000001	0.740439	0.697263	2
13	46000001	0.765595	0.697263	2
13	47000001	0.769874	0.697263	2
13	48000001	0.708834	0.697263	2
13	49000001	0.818186	0.697263	2
13	50000001	0.611691	0.697263	2
13	51000001	0.471633	0.697263	2
13	52000001	0.743529	0.697263	2
13	53000001	0.861863	0.697263	2
13	54000001	0.459344	0.697263	2
13	55000001	0.618579	0.697263	2
13	56000001	0.792008	0.697263	2
13	57000001	0.578346	0.697263	2
13	58000001	0.660627	0.697263	2
13	59000001	0.689267	0.697263	2
13	60000001	0.7032	0.697263	2
13	61000001	0.622194	0.697263	2
13	62000001	0.649568	0.697263	2
13	63000001	0.637057	0.697263	2
13	64000001	0.70696	0.697263	2
13	65000001	0.475906	0.697263	2
13	66000001	0.635963	0.697263	2
13	67000001	0.733534	0.697263	2
13	68000001	0.577932	0.697263	2
13	69000001	0.671471	0.697263	2
13	70000001	1.029	0.697263	2
13	71000001	1.25951	0.697263	2
13	72000001	0.568214	0.697263	2
13	73000001	0.591653	0.697263	2
13	74000001	0.732233	0.697263	2
13	75000001	0.6404	0.697263	2
13	76000001	0.454117	0.697263	2
13	77000001	0.615033	0.697263	2
13	78000001	0.816218	0.697263	2
13	79000001	0.724688	0.697263	2
13	80000001	2.18623	2.18623	7
13	81000001	0.645546	0.694233	2
13	82000001	0.695728	0.694233	2
13	83000001	0.539118	0.694233	2
13	84000001	0.588977	0.694233	2
13	85000001	0.71359	0.694233	2
13	86000001	0.764751	0.694233	2
13	87000001	0.692738	0.694233	2
13	88000001	0.741757	0.694233	2
13	89000001	1.45038	1.45038	4
13	90000001	4.44796	4.44796	13
13	91000001	3.44446	3.44446	10
13	92000001	1.95961	1.83035	5
13	93000001	1.70109	1.83035	5
13	94000001	0.833901	0.702874	2
13	95000001	0.655995	0.702874	2
13	96000001	0.673202	0.702874	2
13	97000001	0.702874	0.702874	2
13	98000001	0.789636	0.702874	2
13	99000001	0.71655	0.702874	2
13	100000001	0.616467	0.702874	2
13	101000001	0.555892	0.702874	2
13	102000001	0.608388	0.702874	2
13	103000001	0.795449	0.702874	2
13	104000001	0.588125	0.702874	2
13	105000001	0.612636	0.702874	2
13	106000001	0.804822	0.702874	2
13	107000001	1.31241	0.702874	2
13	108000001	0.606614	0.702874	2
13	109000001	0.56281	0.702874	2
13	110000001	0.770799	0.702874	2
13	111000001	0.714481	0.702874	2
13	112000001	0.901119	0.702874	2
13	113000001	0.760264	0.702874	2
13	114000001	0.634735	0.702874	2
14	1	-1	-1	3
14	1000001	-1	-1	3
14	2000001	-1	-1	3
14	3000001	-1	-1	3
14	4000001	-1	-1	3
14	5000001	-1	-1	3
14	6000001	-1	-1	3
14	7000001	-1	-1	3
14	8000001	-1	-1	3
14	9000001	-1	-1	3
14	10000001	-1	-1	3
14	11000001	-1	-1	3
14	12000001	-1	-1	3
14	13000001	-1	-1	3
14	14000001	-1	-1	3
14	15000001	-1	-1	3
14	16000001	1.13011	0.888359	3
14	17000001	0.667777	0.888359	3
14	18000001	0.888359	0.888359	3
14	19000001	1.48819	1.48819	4
14	20000001	0.468893	0.647537	2
14	21000001	0.63225	0.647537	2
14	22000001	0.758449	0.647537	2
14	23000001	0.909435	0.647537	2
14	24000001	0.532263	0.647537	2
14	25000001	0.673083	0.647537	2
14	26000001	0.657871	0.647537	2
14	27000001	0.614743	0.647537	2
14	28000001	0.644105	0.647537	2
14	29000001	0.845345	0.647537	2
14	30000001	0.745485	0.647537	2
14	31000001	0.602719	0.647537	2
14	32000001	0.745205	0.647537	2
14	33000001	0.64936	0.647537	2
14	34000001	0.645713	0.647537	2
14	35000001	0.710285	0.647537	2
14	36000001	0.626053	0.647537	2
14	37000001	0.540898	0.647537	2
14	38000001	0.733061	0.834927	3
14	39000001	0.766323	0.834927	3
14	40000001	0.834927	0.834927	3
14	41000001	0.900141	0.834927	3
14	42000001	0.868297	0.834927	3
14	43000001	0.638942	0.584853	2
14	44000001	0.543777	0.584853	2
14	45000001	0.569534	0.584853	2
14	46000001	0.584853	0.584853	2
14	47000001	0.606877	0.584853	2
14	48000001	0.735064	0.735634	2
14	49000001	0.732952	0.735634	2
14	50000001	0.644408	0.735634	2
14	51000001	0.777474	0.735634	2
14	52000001	0.993339	0.735634	2
14	53000001	0.600797	0.735634	2
14	54000001	0.608129	0.735634	2
14	55000001	0.824741	0.735634	2
14	56000001	0.761598	0.735634	2
14	57000001	0.806802	0.735634	2
14	58000001	0.736204	0.735634	2
14	59000001	0.647199	0.735634	2
14	60000001	2.01301	2.01301	6
14	61000001	0.667506	0.748519	2
14	62000001	0.751779	0.748519	2
14	63000001	0.748519	0.748519	2
14	64000001	0.6676	0.748519	2
14	65000001	0.878801	0.748519	2
14	66000001	0.640664	0.748519	2
14	67000001	0.781108	0.748519	2
14	68000001	0.492543	0.661749	2
14	69000001	0.642666	0.661749	2
14	70000001	0.722684	0.661749	2
14	71000001	0.889554	0.661749	2
14	72000001	0.638757	0.661749	2
14	73000001	0.636513	0.661749	2
14	74000001	0.810924	0.661749	2
14	75000001	0.558235	0.661749	2
14	76000001	0.682313	0.661749	2
14	77000001	0.864995	0.661749	2
14	78000001	0.629961	0.661749	2
14	79000001	0.694476	0.661749	2
14	80000001	0.755815	0.661749	2
14	81000001	0.565678	0.661749	2
14	82000001	0.497433	0.661749	2
14	83000001	0.627284	0.661749	2
14	84000001	0.814704	0.661749	2
14	85000001	0.777142	0.661749	2
14	86000001	0.440647	0.661749	2
14	87000001	0.577842	0.661749	2
14	88000001	0.66857	0.661749	2
14	89000001	0.547564	0.661749	2
14	90000001	0.644946	0.661749	2
14	91000001	0.78827	0.661749	2
14	92000001	0.652357	0.661749	2
14	93000001	0.62766	0.661749	2
14	94000001	0.661749	0.661749	2
14	95000001	0.640266	0.661749	2
14	96000001	1.00947	0.661749	2
14	97000001	0.755145	0.661749	2
14	98000001	0.746645	0.661749	2
14	99000001	0.606444	0.661749	2
14	100000001	0.66494	0.661749	2
14	101000001	0.784627	0.661749	2
14	102000001	0.686181	0.661749	2
14	103000001	0.548478	0.661749	2
14	104000001	0.7272	0.661749	2
14	105000001	0.687486	0.661749	2
14	106000001	0.589575	0.661749	2
14	107000001	-1	-1	2
15	1	-1	-1	3
15	1000001	-1	-1	3
15	2000001	-1	-1	3
15	3000001	-1	-1	3
15	4000001	-1	-1	3
15	5000001	-1	-1	3
15	6000001	-1	-1	3
15	7000001	-1	-1	3
15	8000001	-1	-1	3
15	9000001	-1	-1	3
15	10000001	-1	-1	3
15	11000001	-1	-1	3
15	12000001	-1	-1	3
15	13000001	-1	-1	3
15	14000001	-1	-1	3
15	15000001	-1	-1	3
15	16000001	-1	-1	3
15	17000001	0.809476	1.0515	3
15	18000001	1.17037	1.0515	3
15	19000001	1.16899	1.0515	3
15	20000001	1.01004	1.0515	3
15	21000001	1.14612	1.0515	3
15	22000001	0.96981	1.0515	3
15	23000001	0.897921	1.0515	3
15	24000001	1.0131	1.0515	3
15	25000001	1.12547	1.0515	3
15	26000001	0.939578	1.0515	3
15	27000001	0.981614	1.0515	3
15	28000001	0.786937	1.0515	3
15	29000001	1.26788	1.0515	3
15	30000001	1.15568	1.0515	3
15	31000001	0.814596	1.0515	3
15	32000001	1.08989	1.0515	3
15	33000001	1.2278	1.0515	3
15	34000001	1.10009	1.0515	3
15	35000001	0.826156	0.911428	3
15	36000001	0.843275	0.911428	3
15	37000001	0.852996	0.911428	3
15	38000001	1.07285	0.911428	3
15	39000001	0.852825	0.911428	3
15	40000001	0.864221	0.911428	3
15	41000001	0.976339	0.911428	3
15	42000001	1.07224	0.911428	3
15	43000001	1.00241	0.911428	3
15	44000001	0.958635	0.911428	3
15	45000001	1.25739	1.20672	4
15	46000001	1.19573	1.20672	4
15	47000001	1.19544	1.20672	4
15	48000001	0.971553	1.20672	4
15	49000001	1.36184	1.20672	4
15	50000001	1.2177	1.20672	4
15	51000001	0.883113	1.04003	3
15	52000001	1.20625	1.04003	3
15	53000001	0.994452	1.04003	3
15	54000001	0.966277	1.04003	3
15	55000001	1.17398	1.04003	3
15	56000001	1.06438	1.04003	3
15	57000001	0.985938	1.04003	3
15	58000001	1.07059	1.04003	3
15	59000001	0.724728	1.04003	3
15	60000001	1.05002	1.04003	3
15	61000001	0.861602	1.04003	3
15	62000001	0.978161	1.04003	3
15	63000001	1.05839	1.04003	3
15	64000001	1.18218	1.04003	3
15	65000001	0.92432	1.04003	3
15	66000001	1.01646	1.04003	3
15	67000001	0.900574	1.04003	3
15	68000001	1.10452	1.04003	3
15	69000001	1.0922	1.04003	3
15	70000001	0.996526	1.04003	3
15	71000001	1.12128	1.04003	3
15	72000001	1.05597	1.04003	3
15	73000001	1.03438	1.04003	3
15	74000001	1.0036	1.04003	3
15	75000001	1.11017	1.04003	3
15	76000001	0.899844	1.04003	3
15	77000001	0.920845	1.04003	3
15	78000001	1.35549	1.04003	3
15	79000001	1.13929	1.04003	3
15	80000001	1.04003	1.04003	3
15	81000001	1.03637	1.04003	3
15	82000001	0.849178	1.04003	3
15	83000001	0.760999	1.04003	3
15	84000001	0.998607	1.04003	3
15	85000001	1.02806	1.04003	3
15	86000001	1.16526	1.04003	3
15	87000001	1.08812	1.04003	3
15	88000001	1.10044	1.04003	3
15	89000001	1.45615	1.04003	3
15	90000001	0.949192	1.04003	3
15	91000001	1.08541	1.04003	3
15	92000001	1.05651	1.04003	3
15	93000001	0.912121	1.04003	3
15	94000001	0.901913	1.04003	3
15	95000001	0.876965	1.04003	3
15	96000001	0.912616	1.04003	3
15	97000001	1.04258	1.04003	3
15	98000001	1.11679	1.04003	3
15	99000001	1.08669	1.04003	3
15	100000001	1.08179	1.04003	3
15	101000001	1.05315	1.04003	3
16	1	0.670869	0.709334	2
16	1000001	0.695153	0.709334	2
16	2000001	0.800375	0.709334	2
16	3000001	0.772912	0.709334	2
16	4000001	0.767389	0.709334	2
16	5000001	0.674853	0.709334	2
16	6000001	0.870077	0.709334	2
16	7000001	0.626408	0.709334	2
16	8000001	0.564159	0.709334	2
16	9000001	0.70703	0.709334	2
16	10000001	1.09189	0.709334	2
16	11000001	0.743836	0.709334	2
16	12000001	0.697694	0.709334	2
16	13000001	0.803519	0.709334	2
16	14000001	0.606291	0.709334	2
16	15000001	0.80852	0.709334	2
16	16000001	0.582647	0.709334	2
16	17000001	0.603347	0.709334	2
16	18000001	0.778722	0.709334	2
16	19000001	0.861319	0.709334	2
16	20000001	0.655362	0.709334	2
16	21000001	0.881396	0.709334	2
16	22000001	0.694525	0.709334	2
16	23000001	1.15291	0.709334	2
16	24000001	0.419556	0.709334	2
16	25000001	0.709334	0.709334	2
16	26000001	0.856857	0.709334	2
16	27000001	0.629908	0.709334	2
16	28000001	0.766711	0.709334	2
16	29000001	0.583804	0.709334	2
16	30000001	0.728444	0.709334	2
16	31000001	0.732439	0.709334	2
16	32000001	0.626285	0.709334	2
16	33000001	1.40569	1.40569	4
16	34000001	2.08784	2.08784	6
16	35000001	1.24553	0.744477	2
16	36000001	0.769961	0.744477	2
16	37000001	0.718993	0.744477	2
16	38000001	0.670831	0.744477	2
16	39000001	-1	-1	2
16	40000001	-1	-1	2
16	41000001	-1	-1	2
16	42000001	-1	-1	2
16	43000001	-1	-1	2
16	44000001	-1	-1	2
16	45000001	-1	-1	2
16	46000001	4.15096	4.15096	12
16	47000001	1.22494	1.00345	3
16	48000001	1.00752	1.00345	3
16	49000001	0.885043	1.00345	3
16	50000001	1.1337	1.00345	3
16	51000001	1.18175	1.00345	3
16	52000001	1.21079	1.00345	3
16	53000001	0.809913	1.00345	3
16	54000001	0.887202	1.00345	3
16	55000001	1.16873	1.00345	3
16	56000001	1.06698	1.00345	3
16	57000001	0.956228	1.00345	3
16	58000001	1.00809	1.00345	3
16	59000001	0.728864	1.00345	3
16	60000001	0.999387	1.00345	3
16	61000001	0.985854	1.00345	3
16	62000001	0.772629	1.00345	3
16	63000001	1.21496	1.00345	3
16	64000001	0.871277	1.00345	3
16	65000001	1.08287	1.00345	3
16	66000001	1.10594	1.00345	3
16	67000001	0.877523	1.00345	3
16	68000001	0.89429	1.00345	3
16	69000001	1.12037	1.00345	3
16	70000001	0.854883	1.00345	3
16	71000001	0.983847	1.00345	3
16	72000001	1.00928	1.00345	3
16	73000001	0.98267	1.00345	3
16	74000001	1.44919	1.00345	3
16	75000001	0.815804	1.00345	3
16	76000001	1.10703	1.00345	3
16	77000001	1.16837	1.22766	4
16	78000001	1.36439	1.22766	4
16	79000001	1.25075	1.22766	4
16	80000001	1.19151	1.22766	4
16	81000001	1.20456	1.22766	4
16	82000001	1.41722	1.22766	4
16	83000001	1.41772	1.22766	4
16	84000001	1.82861	1.22766	4
16	85000001	1.17854	1.22766	4
16	86000001	1.32926	1.22766	4
16	87000001	1.11847	1.22766	4
16	88000001	1.42531	1.22766	4
16	89000001	0.98439	1.22766	4
16	90000001	0.813513	1.22766	4
17	1	1.16685	1.0326	3
17	1000001	0.898348	1.0326	3
17	2000001	0.570619	0.720993	2
17	3000001	1.01351	0.720993	2
17	4000001	0.665755	0.720993	2
17	5000001	0.522957	0.720993	2
17	6000001	0.77251	0.720993	2
17	7000001	0.745207	0.720993	2
17	8000001	0.720843	0.720993	2
17	9000001	0.720993	0.720993	2
17	10000001	0.657587	0.720993	2
17	11000001	0.731387	0.720993	2
17	12000001	0.611568	0.720993	2
17	13000001	0.691589	0.720993	2
17	14000001	0.762092	0.720993	2
17	15000001	0.566113	0.720993	2
17	16000001	0.62169	0.720993	2
17	17000001	0.580066	0.720993	2
17	18000001	0.487793	0.720993	2
17	19000001	0.793193	0.720993	2
17	20000001	0.773537	0.720993	2
17	21000001	0.748056	0.720993	2
17	22000001	0.928001	0.720993	2
17	23000001	0.723521	0.720993	2
17	24000001	0.847536	0.720993	2
17	25000001	1.04817	1.04819	3
17	26000001	1.68054	1.04819	3
17	27000001	1.19854	1.04819	3
17	28000001	0.960668	1.04819	3
17	29000001	1.01789	1.04819	3
17	30000001	1.15867	1.04819	3
17	31000001	1.00363	1.04819	3
17	32000001	0.881952	1.04819	3
17	33000001	0.93679	1.04819	3
17	34000001	1.09931	1.04819	3
17	35000001	1.0684	1.04819	3
17	36000001	1.13798	1.04819	3
17	37000001	1.37231	1.04819	3
17	38000001	1.00498	1.04819	3
17	39000001	1.00988	1.04819	3
17	40000001	0.988113	1.04819	3
17	41000001	1.27997	1.04819	3
17	42000001	1.14616	1.04819	3
17	43000001	1.21789	1.04819	3
17	44000001	1.11679	1.04819	3
17	45000001	0.938024	1.04819	3
17	46000001	0.744452	1.04819	3
17	47000001	1.10208	1.04819	3
17	48000001	0.812185	1.04819	3
17	49000001	0.95372	1.04819	3
17	50000001	0.956291	1.04819	3
17	51000001	1.16648	1.04819	3
17	52000001	0.799008	1.04819	3
17	53000001	0.799408	1.04819	3
17	54000001	0.916753	1.04819	3
17	55000001	0.900016	1.04819	3
17	56000001	1.38658	1.04819	3
17	57000001	1.01491	1.04819	3
17	58000001	0.97597	1.04819	3
17	59000001	1.09476	1.04819	3
17	60000001	1.22148	1.04819	3
17	61000001	1.12186	1.04819	3
17	62000001	1.44897	1.04819	3
17	63000001	0.889169	1.04819	3
17	64000001	1.01058	1.04819	3
17	65000001	1.27591	1.04819	3
17	66000001	1.16296	1.04819	3
17	67000001	0.93936	1.04819	3
17	68000001	0.722558	1.04819	3
17	69000001	0.881185	1.04819	3
17	70000001	0.831397	1.04819	3
17	71000001	1.20192	1.04819	3
17	72000001	1.37644	1.04819	3
17	73000001	0.940737	1.04819	3
17	74000001	1.0482	1.04819	3
17	75000001	1.2138	1.04819	3
17	76000001	1.05006	1.04819	3
17	77000001	1.70262	1.04819	3
17	78000001	1.01788	1.04819	3
17	79000001	1.15372	1.04819	3
17	80000001	1.12115	1.04819	3
17	81000001	2.98797	2.98797	9
17	82000001	0.956723	1.10545	3
17	83000001	1.25419	1.10545	3
18	1	2.50004	2.50004	8
18	1000001	1.15981	1.27644	4
18	2000001	1.37868	1.27644	4
18	3000001	1.58939	1.27644	4
18	4000001	1.46411	1.27644	4
18	5000001	1.10845	1.27644	4
18	6000001	1.49398	1.27644	4
18	7000001	1.65382	1.27644	4
18	8000001	1.09537	1.27644	4
18	9000001	1.36682	1.27644	4
18	10000001	1.18605	1.27644	4
18	11000001	1.15847	1.27644	4
18	12000001	0.935712	1.27644	4
18	13000001	1.477	1.27644	4
18	14000001	0.96624	1.27644	4
18	15000001	1.39298	1.40777	4
18	16000001	1.75676	1.40777	4
18	17000001	1.51382	1.40777	4
18	18000001	1.43298	1.40777	4
18	19000001	1.72315	1.40777	4
18	20000001	1.86386	1.40777	4
18	21000001	1.18624	1.40777	4
18	22000001	1.28559	1.40777	4
18	23000001	1.26586	1.40777	4
18	24000001	1.40777	1.40777	4
18	25000001	1.88897	1.40777	4
18	26000001	1.5648	1.40777	4
18	27000001	1.42548	1.40777	4
18	28000001	1.30242	1.40777	4
18	29000001	1.3493	1.40777	4
18	30000001	1.51093	1.40777	4
18	31000001	1.43162	1.40777	4
18	32000001	1.55097	1.40777	4
18	33000001	1.12351	1.40777	4
18	34000001	1.28298	1.40777	4
18	35000001	1.36939	1.40777	4
18	36000001	1.59096	1.40777	4
18	37000001	1.4569	1.40777	4
18	38000001	1.14917	1.40777	4
18	39000001	1.12091	1.40777	4
18	40000001	1.36441	1.40777	4
18	41000001	1.26875	1.40777	4
18	42000001	0.857435	0.727922	2
18	43000001	0.503864	0.727922	2
18	44000001	1.229	0.727922	2
18	45000001	0.573721	0.727922	2
18	46000001	0.816917	0.727922	2
18	47000001	0.891808	0.727922	2
18	48000001	0.825494	0.727922	2
18	49000001	0.644583	0.727922	2
18	50000001	0.772991	0.727922	2
18	51000001	0.649663	0.727922	2
18	52000001	0.59447	0.727922	2
18	53000001	0.727922	0.727922	2
18	54000001	0.663533	0.727922	2
18	55000001	0.809446	0.727922	2
18	56000001	0.678111	0.727922	2
18	57000001	0.901479	0.727922	2
18	58000001	0.744675	0.727922	2
18	59000001	0.609307	0.727922	2
18	60000001	0.739665	0.727922	2
18	61000001	1.52431	0.727922	2
18	62000001	0.725057	0.727922	2
18	63000001	0.771188	0.727922	2
18	64000001	0.532697	0.727922	2
18	65000001	0.569882	0.727922	2
18	66000001	0.639376	0.727922	2
18	67000001	0.764276	0.727922	2
18	68000001	0.638631	0.727922	2
18	69000001	0.638424	0.727922	2
18	70000001	0.817739	0.727922	2
18	71000001	0.804944	0.727922	2
18	72000001	0.615718	0.727922	2
18	73000001	0.535056	0.727922	2
18	74000001	0.722991	0.727922	2
18	75000001	0.717804	0.727922	2
18	76000001	0.75808	0.727922	2
18	77000001	1.5193	0.727922	2
18	78000001	0.729271	0.727922	2
18	79000001	0.73698	0.727922	2
18	80000001	0.699522	0.727922	2
19	1	0.986127	0.910237	3
19	1000001	0.865131	0.910237	3
19	2000001	0.935966	0.910237	3
19	3000001	0.840964	0.910237	3
19	4000001	0.866539	0.910237	3
19	5000001	1.02228	0.910237	3
19	6000001	0.910237	0.910237	3
19	7000001	1.37089	1.03629	3
19	8000001	1.21085	1.03629	3
19	9000001	1.00748	1.03629	3
19	10000001	0.787457	1.03629	3
19	11000001	0.931524	1.03629	3
19	12000001	0.969612	1.03629	3
19	13000001	1.07522	1.03629	3
19	14000001	0.906216	1.03629	3
19	15000001	1.0651	1.03629	3
19	16000001	1.54272	1.03629	3
19	17000001	0.956903	0.908822	3
19	18000001	0.837549	0.908822	3
19	19000001	0.881873	0.908822	3
19	20000001	0.935772	0.908822	3
19	21000001	0.837691	0.908822	3
19	22000001	0.965268	0.908822	3
19	23000001	1.15418	1.22643	4
19	24000001	1.29869	1.22643	4
19	25000001	1.78701	1.69355	5
19	26000001	1.60009	1.69355	5
19	27000001	1.11569	1.15891	3
19	28000001	1.20212	1.15891	3
19	29000001	0.950762	1.05903	3
19	30000001	1.13498	1.05903	3
19	31000001	1.05903	1.05903	3
19	32000001	0.937791	1.05903	3
19	33000001	0.958695	1.05903	3
19	34000001	1.02992	1.05903	3
19	35000001	1.06828	1.05903	3
19	36000001	1.24955	1.05903	3
19	37000001	1.2159	1.05903	3
19	38000001	0.864465	0.961848	3
19	39000001	0.945586	0.961848	3
19	40000001	0.83673	0.961848	3
19	41000001	0.974153	0.961848	3
19	42000001	1.03809	0.961848	3
19	43000001	0.966089	0.961848	3
19	44000001	1.23754	0.961848	3
19	45000001	1.02549	0.961848	3
19	46000001	0.86335	0.961848	3
19	47000001	0.846237	0.961848	3
19	48000001	0.961848	0.961848	3
19	49000001	0.906547	0.961848	3
19	50000001	0.883255	0.961848	3
19	51000001	1.04014	0.961848	3
19	52000001	0.876739	0.961848	3
19	53000001	0.861454	0.961848	3
19	54000001	1.0903	0.961848	3
19	55000001	0.796289	0.961848	3
19	56000001	1.19984	0.961848	3
19	57000001	1.06639	0.961848	3
19	58000001	1.25171	0.961848	3
2	1	1.29456	0.985071	3
2	1000001	1.10956	0.985071	3
2	2000001	0.945498	0.985071	3
2	3000001	0.995617	0.985071	3
2	4000001	0.936467	0.985071	3
2	5000001	0.96279	0.985071	3
2	6000001	0.947636	0.985071	3
2	7000001	1.2943	0.985071	3
2	8000001	1.06601	0.985071	3
2	9000001	1.21366	0.985071	3
2	10000001	0.779642	0.985071	3
2	11000001	0.875028	0.985071	3
2	12000001	0.97235	0.985071	3
2	13000001	0.935519	0.985071	3
2	14000001	0.840277	0.985071	3
2	15000001	0.81898	0.985071	3
2	16000001	1.195	0.985071	3
2	17000001	0.85093	0.985071	3
2	18000001	1.07096	0.985071	3
2	19000001	1.18797	0.985071	3
2	20000001	1.0934	0.985071	3
2	21000001	1.06638	0.985071	3
2	22000001	0.925924	0.985071	3
2	23000001	0.845469	0.985071	3
2	24000001	0.807437	0.985071	3
2	25000001	1.14808	0.985071	3
2	26000001	1.01065	0.985071	3
2	27000001	0.877079	0.985071	3
2	28000001	0.931655	0.985071	3
2	29000001	1.34977	0.985071	3
2	30000001	0.936842	0.985071	3
2	31000001	1.13412	0.985071	3
2	32000001	0.866149	0.985071	3
2	33000001	1.07842	0.985071	3
2	34000001	0.851164	0.985071	3
2	35000001	1.08226	0.985071	3
2	36000001	0.838692	0.985071	3
2	37000001	0.794185	0.985071	3
2	38000001	1.12215	0.985071	3
2	39000001	0.985071	0.985071	3
2	40000001	1.00437	0.985071	3
2	41000001	1.13291	0.985071	3
2	42000001	1.08383	0.985071	3
2	43000001	1.0132	0.985071	3
2	44000001	0.96415	0.985071	3
2	45000001	1.19863	0.985071	3
2	46000001	1.10702	0.985071	3
2	47000001	1.0732	0.985071	3
2	48000001	0.932918	0.985071	3
2	49000001	1.07553	0.985071	3
2	50000001	0.976649	0.985071	3
2	51000001	0.841595	0.985071	3
2	52000001	0.832305	0.985071	3
2	53000001	1.32392	0.985071	3
2	54000001	0.935605	0.985071	3
2	55000001	0.840798	0.985071	3
2	56000001	0.990435	0.985071	3
2	57000001	1.73518	1.73518	5
2	58000001	0.748926	0.980734	3
2	59000001	1.23832	0.980734	3
2	60000001	0.897579	0.980734	3
2	61000001	0.9752	0.980734	3
2	62000001	1.1565	0.980734	3
2	63000001	1.03194	0.980734	3
2	64000001	0.980262	0.980734	3
2	65000001	0.949554	0.980734	3
2	66000001	1.08703	0.980734	3
2	67000001	1.04936	0.980734	3
2	68000001	1.07928	0.980734	3
2	69000001	0.79937	0.980734	3
2	70000001	0.935687	0.980734	3
2	71000001	1.52628	0.980734	3
2	72000001	0.95757	0.980734	3
2	73000001	0.620638	0.980734	3
2	74000001	1.14346	0.980734	3
2	75000001	0.979674	0.980734	3
2	76000001	1.10395	0.980734	3
2	77000001	0.628532	0.980734	3
2	78000001	0.891762	0.980734	3
2	79000001	0.85739	0.980734	3
2	80000001	0.795718	0.980734	3
2	81000001	1.03812	0.980734	3
2	82000001	0.81113	0.980734	3
2	83000001	1.72483	0.980734	3
2	84000001	1.03205	0.980734	3
2	85000001	0.896044	0.980734	3
2	86000001	1.01338	0.980734	3
2	87000001	0.843631	0.980734	3
2	88000001	0.8655	0.980734	3
2	89000001	0.897816	0.980734	3
2	90000001	1.24259	0.980734	3
2	91000001	0.812322	0.980734	3
2	92000001	1.13737	0.980734	3
2	93000001	1.55309	0.980734	3
2	94000001	1.19328	0.980734	3
2	95000001	1.19957	0.980734	3
2	96000001	0.744449	0.980734	3
2	97000001	0.981205	0.980734	3
2	98000001	0.950289	0.980734	3
2	99000001	1.43622	0.980734	3
2	100000001	0.945268	0.980734	3
2	101000001	1.00038	0.980734	3
2	102000001	1.01922	0.980734	3
2	103000001	0.802477	0.980734	3
2	104000001	0.796974	0.980734	3
2	105000001	0.962178	0.980734	3
2	106000001	1.1741	0.980734	3
2	107000001	0.895579	0.980734	3
2	108000001	0.813883	0.980734	3
2	109000001	1.17479	0.980734	3
2	110000001	0.893021	0.980734	3
2	111000001	1.16921	0.980734	3
2	112000001	0.885097	0.980734	3
2	113000001	1.00473	0.980734	3
2	114000001	0.75541	0.980734	3
2	115000001	0.897896	0.980734	3
2	116000001	1.05052	0.980734	3
2	117000001	1.01095	0.980734	3
2	118000001	0.977594	0.980734	3
2	119000001	1.02659	0.980734	3
2	120000001	1.13032	0.980734	3
2	121000001	1.33857	0.980734	3
2	122000001	1.07874	0.980734	3
2	123000001	0.99559	0.980734	3
2	124000001	1.86859	1.86859	6
2	125000001	0.808329	0.963624	3
2	126000001	0.857936	0.963624	3
2	127000001	0.995012	0.963624	3
2	128000001	0.785788	0.963624	3
2	129000001	1.12119	0.963624	3
2	130000001	1.13436	0.963624	3
2	131000001	0.963624	0.963624	3
2	132000001	0.885475	0.963624	3
2	133000001	1.23905	0.963624	3
2	134000001	1.11273	0.963624	3
2	135000001	0.876775	0.963624	3
2	136000001	0.854943	0.963624	3
2	137000001	1.03939	0.963624	3
2	138000001	0.786688	0.963624	3
2	139000001	0.705573	0.963624	3
2	140000001	1.04592	0.963624	3
2	141000001	0.99218	0.963624	3
2	142000001	0.955124	0.963624	3
2	143000001	1.1157	0.963624	3
2	144000001	1.07181	0.963624	3
2	145000001	1.08206	0.963624	3
2	146000001	0.93339	0.963624	3
2	147000001	0.887835	0.963624	3
2	148000001	1.4761	1.59729	5
2	149000001	1.59729	1.59729	5
2	150000001	1.86676	1.59729	5
2	151000001	1.25412	1.26376	4
2	152000001	1.30191	1.26376	4
2	153000001	1.11662	1.26376	4
2	154000001	1.2017	1.26376	4
2	155000001	1.14292	1.26376	4
2	156000001	1.21819	1.26376	4
2	157000001	1.32145	1.26376	4
2	158000001	1.45011	1.26376	4
2	159000001	1.15118	1.26376	4
2	160000001	1.37059	1.26376	4
2	161000001	1.10416	1.26376	4
2	162000001	1.56818	1.26376	4
2	163000001	1.3214	1.26376	4
2	164000001	1.29892	1.26376	4
2	165000001	1.2734	1.26376	4
2	166000001	1.53757	1.26376	4
2	167000001	1.1561	1.26376	4
2	168000001	1.13938	1.26376	4
2	169000001	2.03537	2.03537	6
2	170000001	1.23697	1.61246	5
2	171000001	1.61246	1.61246	5
2	172000001	1.69178	1.61246	5
2	173000001	1.32601	1.30162	4
2	174000001	1.09212	1.30162	4
2	175000001	1.30037	1.30162	4
2	176000001	1.14931	1.30162	4
2	177000001	1.18649	1.30162	4
2	178000001	1.44449	1.30162	4
2	179000001	1.30846	1.30162	4
2	180000001	1.33146	1.30162	4
2	181000001	1.45785	1.30162	4
2	182000001	1.40926	1.30162	4
2	183000001	1.58997	1.30162	4
2	184000001	1.10315	1.30162	4
2	185000001	1.29716	1.30162	4
2	186000001	1.30162	1.30162	4
2	187000001	1.05285	1.30162	4
2	188000001	0.610596	0.628444	2
2	189000001	0.591864	0.628444	2
2	190000001	0.605874	0.628444	2
2	191000001	0.663952	0.628444	2
2	192000001	0.748487	0.628444	2
2	193000001	0.646292	0.628444	2
2	194000001	2.07713	2.07713	6
2	195000001	0.561755	0.6745	2
2	196000001	0.877416	0.6745	2
2	197000001	0.576986	0.6745	2
2	198000001	0.738448	0.6745	2
2	199000001	0.569679	0.6745	2
2	200000001	0.692924	0.6745	2
2	201000001	0.795625	0.6745	2
2	202000001	0.639324	0.6745	2
2	203000001	0.956961	0.6745	2
2	204000001	0.706604	0.6745	2
2	205000001	0.691339	0.6745	2
2	206000001	0.806372	0.6745	2
2	207000001	0.787291	0.6745	2
2	208000001	0.602711	0.6745	2
2	209000001	0.717246	0.6745	2
2	210000001	0.74771	0.6745	2
2	211000001	0.614236	0.6745	2
2	212000001	0.582139	0.6745	2
2	213000001	0.44929	0.6745	2
2	214000001	0.446205	0.6745	2
2	215000001	0.751539	0.6745	2
2	216000001	0.867863	0.6745	2
2	217000001	0.6978	0.6745	2
2	218000001	0.616631	0.6745	2
2	219000001	0.566827	0.6745	2
2	220000001	0.50526	0.6745	2
2	221000001	0.915728	0.6745	2
2	222000001	0.566012	0.6745	2
2	223000001	0.640328	0.6745	2
2	224000001	0.657661	0.6745	2
2	225000001	1.53993	1.53993	5
2	226000001	0.722002	0.800327	2
2	227000001	0.926474	0.800327	2
2	228000001	0.593695	0.800327	2
2	229000001	0.802278	0.800327	2
2	230000001	0.825503	0.800327	2
2	231000001	0.681277	0.800327	2
2	232000001	0.528288	0.800327	2
2	233000001	0.818408	0.800327	2
2	234000001	0.798376	0.800327	2
2	235000001	0.877742	0.800327	2
2	236000001	0.805035	0.800327	2
2	237000001	0.537962	0.800327	2
2	238000001	1.487	1.487	4
2	239000001	0.578679	0.763247	2
2	240000001	0.733617	0.763247	2
2	241000001	0.792878	0.763247	2
2	242000001	1.04828	0.763247	2
20	1	2.18156	2.18156	7
20	1000001	0.682124	0.690479	2
20	2000001	0.46057	0.690479	2
20	3000001	0.68033	0.690479	2
20	4000001	0.523602	0.690479	2
20	5000001	1.01331	0.690479	2
20	6000001	0.84971	0.690479	2
20	7000001	0.659158	0.690479	2
20	8000001	0.696407	0.690479	2
20	9000001	0.569398	0.690479	2
20	10000001	0.396016	0.690479	2
20	11000001	0.745598	0.690479	2
20	12000001	0.690479	0.690479	2
20	13000001	0.588089	0.690479	2
20	14000001	0.698549	0.690479	2
20	15000001	0.798678	0.690479	2
20	16000001	0.765128	0.690479	2
20	17000001	0.691222	0.690479	2
20	18000001	1.16842	0.690479	2
20	19000001	0.62774	0.690479	2
20	20000001	0.535036	0.690479	2
20	21000001	0.76077	0.690479	2
20	22000001	0.684208	0.690479	2
20	23000001	0.962359	0.690479	2
20	24000001	0.824546	0.690479	2
20	25000001	0.6071	0.690479	2
20	26000001	1.15004	0.953032	3
20	27000001	1.17233	0.953032	3
20	28000001	0.929601	0.953032	3
20	29000001	0.820966	0.953032	3
20	30000001	0.973206	0.953032	3
20	31000001	0.944353	0.953032	3
20	32000001	0.874052	0.953032	3
20	33000001	1.05823	0.953032	3
20	34000001	1.05045	0.953032	3
20	35000001	0.881524	0.953032	3
20	36000001	0.821194	0.953032	3
20	37000001	0.941171	0.953032	3
20	38000001	0.992767	0.953032	3
20	39000001	1.04763	0.953032	3
20	40000001	0.961711	0.953032	3
20	41000001	0.873123	0.953032	3
20	42000001	1.04506	1.04725	3
20	43000001	1.10783	1.04725	3
20	44000001	1.4268	1.04725	3
20	45000001	1.01765	1.04725	3
20	46000001	1.18183	1.04725	3
20	47000001	0.854917	1.04725	3
20	48000001	1.4491	1.04725	3
20	49000001	1.04725	1.04725	3
20	50000001	1.06434	1.04725	3
20	51000001	0.898445	1.04725	3
20	52000001	0.916439	1.04725	3
20	53000001	0.935318	1.04725	3
20	54000001	1.10628	1.04725	3
20	55000001	0.923358	1.04725	3
20	56000001	0.961904	1.04725	3
20	57000001	1.22121	1.04725	3
20	58000001	1.13944	1.04725	3
20	59000001	1.24346	1.04725	3
20	60000001	0.932253	1.04725	3
20	61000001	1.2849	1.04725	3
20	62000001	1.01598	1.04725	3
20	63000001	1.08937	1.04725	3
20	64000001	0.763974	1.04725	3
21	1	-1	-1	5
21	1000001	-1	-1	5
21	2000001	-1	-1	5
21	3000001	-1	-1	5
21	4000001	-1	-1	5
21	5000001	1.64095	1.68002	5
21	6000001	1.44275	1.68002	5
21	7000001	1.74993	1.68002	5
21	8000001	1.71909	1.68002	5
21	9000001	1.41185	1.68002	5
21	10000001	1.85426	1.68002	5
21	11000001	0.6808	0.907592	3
21	12000001	0.759689	0.907592	3
21	13000001	0.90853	0.907592	3
21	14000001	1.12559	0.907592	3
21	15000001	0.957956	0.907592	3
21	16000001	1.23916	0.907592	3
21	17000001	1.03386	0.907592	3
21	18000001	1.01847	0.907592	3
21	19000001	0.75603	0.907592	3
21	20000001	0.881764	0.907592	3
21	21000001	0.801519	0.907592	3
21	22000001	0.811266	0.907592	3
21	23000001	0.907592	0.907592	3
21	24000001	1.33025	1.28633	4
21	25000001	1.2424	1.28633	4
21	26000001	1.76051	1.82508	5
21	27000001	1.88964	1.82508	5
21	28000001	1.30266	1.25882	4
21	29000001	1.31024	1.25882	4
21	30000001	1.21497	1.25882	4
21	31000001	1.42548	1.25882	4
21	32000001	1.05825	1.25882	4
21	33000001	1.16663	1.25882	4
21	34000001	1.63281	1.37094	4
21	35000001	1.37272	1.37094	4
21	36000001	1.11323	1.37094	4
21	37000001	1.44731	1.37094	4
21	38000001	1.35779	1.37094	4
21	39000001	1.2811	1.37094	4
21	40000001	1.33948	1.37094	4
21	41000001	1.46927	1.37094	4
21	42000001	1.32599	1.37094	4
21	43000001	1.37094	1.37094	4
21	44000001	1.34889	1.37094	4
21	45000001	1.44413	1.37094	4
21	46000001	1.44978	1.37094	4
22	1	-1	-1	3
22	1000001	-1	-1	3
22	2000001	-1	-1	3
22	3000001	-1	-1	3
22	4000001	-1	-1	3
22	5000001	-1	-1	3
22	6000001	-1	-1	3
22	7000001	-1	-1	3
22	8000001	-1	-1	3
22	9000001	-1	-1	3
22	10000001	0.993762	1.11192	3
22	11000001	1.33307	1.11192	3
22	12000001	1.46136	1.11192	3
22	13000001	0.585942	1.11192	3
22	14000001	0.732429	1.11192	3
22	15000001	1.23008	1.11192	3
22	16000001	2.20575	1.52786	5
22	17000001	1.31325	1.52786	5
22	18000001	1.52786	1.52786	5
22	19000001	2.80431	3.84199	12
22	20000001	3.84199	3.84199	12
22	21000001	3.96792	3.84199	12
22	22000001	5.25629	3.84199	12
22	23000001	2.67237	3.84199	12
22	24000001	0.801488	0.672301	2
22	25000001	0.583382	0.672301	2
22	26000001	0.655287	0.672301	2
22	27000001	0.543791	0.672301	2
22	28000001	0.673925	0.672301	2
22	29000001	0.663499	0.672301	2
22	30000001	0.780141	0.672301	2
22	31000001	0.638942	0.672301	2
22	32000001	0.641466	0.672301	2
22	33000001	0.748321	0.672301	2
22	34000001	0.672301	0.672301	2
22	35000001	0.631662	0.672301	2
22	36000001	0.617723	0.672301	2
22	37000001	0.544488	0.672301	2
22	38000001	0.407584	0.672301	2
22	39000001	0.725781	0.672301	2
22	40000001	0.857874	0.672301	2
22	41000001	0.489346	0.672301	2
22	42000001	0.692022	0.672301	2
22	43000001	0.743636	0.672301	2
22	44000001	0.827242	0.672301	2
22	45000001	0.76689	0.672301	2
22	46000001	0.70467	0.672301	2
22	47000001	0.72562	0.672301	2
22	48000001	0.659741	0.672301	2
22	49000001	0.611151	0.672301	2
22	50000001	0.828494	0.672301	2
3	1	1.47176	1.30784	4
3	1000001	1.38062	1.30784	4
3	2000001	1.19848	1.30784	4
3	3000001	1.30784	1.30784	4
3	4000001	1.53212	1.30784	4
3	5000001	1.23912	1.30784	4
3	6000001	1.63259	1.30784	4
3	7000001	1.14324	1.30784	4
3	8000001	1.16461	1.30784	4
3	9000001	1.30383	1.30784	4
3	10000001	1.26119	1.30784	4
3	11000001	1.15924	1.30784	4
3	12000001	1.15538	1.30784	4
3	13000001	1.5378	1.30784	4
3	14000001	1.07506	1.30784	4
3	15000001	1.23292	1.30784	4
3	16000001	1.423	1.30784	4
3	17000001	1.70337	1.30784	4
3	18000001	1.0041	1.30784	4
3	19000001	1.32001	1.30784	4
3	20000001	1.40733	1.30784	4
3	21000001	1.21369	1.30784	4
3	22000001	1.45558	1.30784	4
3	23000001	1.28134	1.30784	4
3	24000001	1.45586	1.30784	4
3	25000001	1.09643	1.30784	4
3	26000001	1.30971	1.30784	4
3	27000001	1.44382	1.30784	4
3	28000001	1.54983	1.30784	4
3	29000001	1.29128	1.30784	4
3	30000001	1.22688	1.30784	4
3	31000001	1.40043	1.30784	4
3	32000001	1.65006	1.30784	4
3	33000001	1.14634	1.24536	4
3	34000001	0.935909	1.24536	4
3	35000001	1.2386	1.24536	4
3	36000001	1.15748	1.24536	4
3	37000001	1.39341	1.24536	4
3	38000001	1.24349	1.24536	4
3	39000001	1.32982	1.24536	4
3	40000001	1.37983	1.24536	4
3	41000001	1.53804	1.24536	4
3	42000001	1.29532	1.24536	4
3	43000001	0.965103	1.24536	4
3	44000001	1.24536	1.24536	4
3	45000001	1.40122	1.24536	4
3	46000001	1.41347	1.24536	4
3	47000001	1.11162	1.24536	4
3	48000001	0.425903	0.662535	2
3	49000001	0.765965	0.662535	2
3	50000001	0.565028	0.662535	2
3	51000001	0.657279	0.662535	2
3	52000001	0.563927	0.662535	2
3	53000001	0.576908	0.662535	2
3	54000001	0.663902	0.662535	2
3	55000001	0.600616	0.662535	2
3	56000001	0.760675	0.662535	2
3	57000001	0.82088	0.662535	2
3	58000001	0.718467	0.662535	2
3	59000001	0.616231	0.662535	2
3	60000001	0.62894	0.662535	2
3	61000001	0.674565	0.662535	2
3	62000001	0.554244	0.662535	2
3	63000001	0.595704	0.662535	2
3	64000001	0.787801	0.662535	2
3	65000001	0.65836	0.662535	2
3	66000001	0.762444	0.662535	2
3	67000001	0.702403	0.662535	2
3	68000001	0.566004	0.662535	2
3	69000001	0.614992	0.662535	2
3	70000001	0.739488	0.662535	2
3	71000001	0.893994	0.662535	2
3	72000001	0.479057	0.662535	2
3	73000001	0.485971	0.662535	2
3	74000001	0.736503	0.662535	2
3	75000001	1.00037	0.662535	2
3	76000001	0.884878	0.662535	2
3	77000001	0.692808	0.662535	2
3	78000001	0.661578	0.662535	2
3	79000001	0.685969	0.662535	2
3	80000001	0.731404	0.662535	2
3	81000001	0.720773	0.662535	2
3	82000001	0.579665	0.662535	2
3	83000001	0.537368	0.662535	2
3	84000001	0.482164	0.662535	2
3	85000001	0.610856	0.662535	2
3	86000001	0.661804	0.662535	2
3	87000001	0.428359	0.662535	2
3	88000001	0.69309	0.662535	2
3	89000001	0.572318	0.662535	2
3	90000001	0.679165	0.662535	2
3	91000001	0.49596	0.662535	2
3	92000001	0.561755	0.662535	2
3	93000001	0.843846	0.662535	2
3	94000001	0.423966	0.662535	2
3	95000001	0.76821	0.662535	2
3	96000001	0.829426	0.662535	2
3	97000001	0.767808	0.662535	2
3	98000001	0.753809	0.662535	2
3	99000001	0.579479	0.662535	2
3	100000001	0.755746	0.662535	2
3	101000001	0.838369	0.662535	2
3	102000001	0.514782	0.662535	2
3	103000001	0.684806	0.662535	2
3	104000001	0.680969	0.662535	2
3	105000001	0.769818	0.662535	2
3	106000001	0.636553	0.662535	2
3	107000001	0.656	0.662535	2
3	108000001	0.861552	0.662535	2
3	109000001	0.805277	0.662535	2
3	110000001	0.76811	0.662535	2
3	111000001	0.873943	0.662535	2
3	112000001	0.449806	0.662535	2
3	113000001	0.726343	0.662535	2
3	114000001	0.534976	0.662535	2
3	115000001	0.465071	0.662535	2
3	116000001	0.635219	0.662535	2
3	117000001	0.827238	0.662535	2
3	118000001	0.739645	0.662535	2
3	119000001	0.56975	0.662535	2
3	120000001	1.07941	0.662535	2
3	121000001	0.62823	0.662535	2
3	122000001	0.650091	0.662535	2
3	123000001	0.760596	0.662535	2
3	124000001	0.610959	0.662535	2
3	125000001	0.554474	0.662535	2
3	126000001	0.597907	0.662535	2
3	127000001	0.826481	0.662535	2
3	128000001	0.76476	0.662535	2
3	129000001	0.663265	0.662535	2
3	130000001	0.631219	0.662535	2
3	131000001	0.885582	0.662535	2
3	132000001	1.04998	0.662535	2
3	133000001	0.578475	0.662535	2
3	134000001	0.568482	0.662535	2
3	135000001	0.670343	0.662535	2
3	136000001	0.649453	0.662535	2
3	137000001	0.656721	0.662535	2
3	138000001	0.882656	0.882656	3
3	139000001	1.10173	0.882656	3
3	140000001	0.849429	0.882656	3
3	141000001	1.1972	0.882656	3
3	142000001	0.714437	0.882656	3
3	143000001	1.56459	1.56459	5
3	144000001	1.05308	0.91303	3
3	145000001	0.695642	0.91303	3
3	146000001	0.880692	0.91303	3
3	147000001	0.905885	0.91303	3
3	148000001	1.07001	0.91303	3
3	149000001	0.951153	0.91303	3
3	150000001	1.08081	0.91303	3
3	151000001	0.832001	0.91303	3
3	152000001	0.920175	0.91303	3
3	153000001	0.897575	0.91303	3
3	154000001	0.903145	0.91303	3
3	155000001	1.15917	0.91303	3
3	156000001	1.03162	0.91303	3
3	157000001	1.02001	0.91303	3
3	158000001	0.625931	0.91303	3
3	159000001	0.989871	0.91303	3
3	160000001	0.975162	0.91303	3
3	161000001	1.02397	0.91303	3
3	162000001	0.900998	0.91303	3
3	163000001	0.64748	0.91303	3
3	164000001	0.787385	0.91303	3
3	165000001	1.08762	0.91303	3
3	166000001	0.832581	0.91303	3
3	167000001	0.867727	0.91303	3
3	168000001	1.15793	1.09068	3
3	169000001	1.082	1.09068	3
3	170000001	0.92063	1.09068	3
3	171000001	1.0962	1.09068	3
3	172000001	1.17889	1.09068	3
3	173000001	1.10831	1.09068	3
3	174000001	1.00891	1.09068	3
3	175000001	1.09501	1.09068	3
3	176000001	1.08636	1.09068	3
3	177000001	1.17252	1.09068	3
3	178000001	0.911988	1.09068	3
3	179000001	1.08075	1.09068	3
3	180000001	0.801642	1.09068	3
3	181000001	1.33463	1.09068	3
3	182000001	1.12685	1.09068	3
3	183000001	1.03023	1.09068	3
3	184000001	1.21287	1.09068	3
3	185000001	1.01214	1.09068	3
3	186000001	1.63035	1.63035	5
3	187000001	0.92324	1.06111	3
3	188000001	1.01217	1.06111	3
3	189000001	0.922389	1.06111	3
3	190000001	1.34583	1.06111	3
3	191000001	1.08748	1.06111	3
3	192000001	0.847717	1.06111	3
3	193000001	1.03473	1.06111	3
3	194000001	1.1229	1.06111	3
3	195000001	1.25351	1.06111	3
3	196000001	1.15085	1.06111	3
3	197000001	0.926611	1.06111	3
3	198000001	1.61538	1.06111	3
4	1	1.06035	1.04729	3
4	1000001	0.906853	1.04729	3
4	2000001	0.95208	1.04729	3
4	3000001	0.859596	1.04729	3
4	4000001	1.09082	1.04729	3
4	5000001	1.25162	1.04729	3
4	6000001	1.04729	1.04729	3
4	7000001	1.06862	1.04729	3
4	8000001	0.92281	1.04729	3
4	9000001	1.09002	1.04729	3
4	10000001	1.1669	1.04729	3
4	11000001	0.995876	1.04729	3
4	12000001	0.664732	1.04729	3
4	13000001	0.774524	1.04729	3
4	14000001	1.38292	1.04729	3
4	15000001	1.27042	1.04729	3
4	16000001	1.22256	1.04729	3
4	17000001	1.03868	1.04729	3
4	18000001	1.15348	1.04729	3
4	19000001	1.17177	1.04729	3
4	20000001	1.0007	1.04729	3
4	21000001	0.843651	1.04729	3
4	22000001	0.99227	1.04729	3
4	23000001	1.04372	1.04729	3
4	24000001	1.41883	1.04729	3
4	25000001	0.880151	0.964555	3
4	26000001	1.00662	0.964555	3
4	27000001	1.15435	0.964555	3
4	28000001	0.952699	0.964555	3
4	29000001	0.877987	0.964555	3
4	30000001	0.754067	0.964555	3
4	31000001	1.12211	0.964555	3
4	32000001	0.92103	0.964555	3
4	33000001	0.999691	0.964555	3
4	34000001	0.954927	0.964555	3
4	35000001	1.00999	0.964555	3
4	36000001	0.924513	0.964555	3
4	37000001	1.17226	0.964555	3
4	38000001	0.974183	0.964555	3
4	39000001	3.18578	3.18578	10
4	40000001	1.00281	1.00281	3
4	41000001	1.06518	1.00281	3
4	42000001	0.995379	1.00281	3
4	43000001	1.73295	1.73295	5
4	44000001	0.965699	0.997089	3
4	45000001	1.01761	0.997089	3
4	46000001	0.952718	0.997089	3
4	47000001	1.03941	0.997089	3
4	48000001	0.989666	0.997089	3
4	49000001	1.10724	0.997089	3
4	50000001	0.997089	0.997089	3
4	51000001	0.994419	0.997089	3
4	52000001	1.24241	0.997089	3
4	53000001	0.365395	0.704031	2
4	54000001	0.598328	0.704031	2
4	55000001	0.705215	0.704031	2
4	56000001	0.782605	0.704031	2
4	57000001	0.802804	0.704031	2
4	58000001	0.643415	0.704031	2
4	59000001	0.582311	0.704031	2
4	60000001	0.516953	0.704031	2
4	61000001	0.72605	0.704031	2
4	62000001	0.629937	0.704031	2
4	63000001	0.571011	0.704031	2
4	64000001	0.542108	0.704031	2
4	65000001	0.548372	0.704031	2
4	66000001	0.849641	0.704031	2
4	67000001	0.566176	0.704031	2
4	68000001	0.60945	0.704031	2
4	69000001	0.728963	0.704031	2
4	70000001	1.62934	0.704031	2
4	71000001	0.749135	0.704031	2
4	72000001	0.63724	0.704031	2
4	73000001	0.488292	0.704031	2
4	74000001	0.665599	0.704031	2
4	75000001	0.650462	0.704031	2
4	76000001	0.864725	0.704031	2
4	77000001	0.68014	0.704031	2
4	78000001	0.78416	0.704031	2
4	79000001	0.879108	0.704031	2
4	80000001	0.755526	0.704031	2
4	81000001	0.716929	0.704031	2
4	82000001	0.93778	0.704031	2
4	83000001	0.548862	0.704031	2
4	84000001	0.754161	0.704031	2
4	85000001	0.705811	0.704031	2
4	86000001	0.64182	0.704031	2
4	87000001	0.808924	0.704031	2
4	88000001	0.656937	0.704031	2
4	89000001	0.575927	0.704031	2
4	90000001	0.822793	0.704031	2
4	91000001	0.922725	0.704031	2
4	92000001	0.88497	0.704031	2
4	93000001	0.750482	0.704031	2
4	94000001	0.698251	0.704031	2
4	95000001	0.645541	0.704031	2
4	96000001	0.545363	0.704031	2
4	97000001	0.719631	0.704031	2
4	98000001	0.587553	0.704031	2
4	99000001	0.833184	0.704031	2
4	100000001	0.724867	0.704031	2
4	101000001	0.662303	0.704031	2
4	102000001	0.780411	0.704031	2
4	103000001	0.513973	0.704031	2
4	104000001	1.61701	0.704031	2
4	105000001	0.737819	0.704031	2
4	106000001	0.443647	0.704031	2
4	107000001	0.533002	0.704031	2
4	108000001	0.516421	0.704031	2
4	109000001	0.819855	0.704031	2
4	110000001	0.717441	0.704031	2
4	111000001	0.721182	0.704031	2
4	112000001	1.04586	0.704031	2
4	113000001	0.726767	0.704031	2
4	114000001	0.699864	0.704031	2
4	115000001	0.868196	0.704031	2
4	116000001	0.645959	0.704031	2
4	117000001	0.613013	0.704031	2
4	118000001	0.6603	0.704031	2
4	119000001	0.624556	0.704031	2
4	120000001	0.894359	0.704031	2
4	121000001	0.604888	0.704031	2
4	122000001	0.873732	0.704031	2
4	123000001	0.907567	0.704031	2
4	124000001	0.680862	0.704031	2
4	125000001	0.624741	0.704031	2
4	126000001	0.656387	0.704031	2
4	127000001	0.606189	0.704031	2
4	128000001	0.578345	0.704031	2
4	129000001	0.97803	0.704031	2
4	130000001	0.579165	0.704031	2
4	131000001	0.800001	0.704031	2
4	132000001	0.702846	0.704031	2
4	133000001	0.625086	0.704031	2
4	134000001	0.547516	0.704031	2
4	135000001	0.712465	0.704031	2
4	136000001	0.547665	0.704031	2
4	137000001	0.604797	0.704031	2
4	138000001	0.722949	0.704031	2
4	139000001	0.754597	0.704031	2
4	140000001	0.722441	0.704031	2
4	141000001	0.866658	0.704031	2
4	142000001	0.784425	0.704031	2
4	143000001	0.624419	0.704031	2
4	144000001	0.820809	0.704031	2
4	145000001	0.848325	0.704031	2
4	146000001	0.722161	0.704031	2
4	147000001	0.517995	0.704031	2
4	148000001	0.908209	0.704031	2
4	149000001	0.474046	0.589673	2
4	150000001	0.589673	0.589673	2
4	151000001	0.65297	0.589673	2
4	152000001	0.649067	0.589673	2
4	153000001	0.77687	0.589673	2
4	154000001	0.465655	0.589673	2
4	155000001	0.546547	0.589673	2
4	156000001	0.707966	0.589673	2
4	157000001	0.764615	0.589673	2
4	158000001	0.637072	0.589673	2
4	159000001	0.528368	0.589673	2
4	160000001	0.427968	0.589673	2
4	161000001	0.329425	0.589673	2
4	162000001	0.603301	0.589673	2
4	163000001	0.554241	0.589673	2
4	164000001	0.456734	0.589673	2
4	165000001	0.779661	0.589673	2
4	166000001	0.495009	0.589673	2
4	167000001	0.65838	0.589673	2
4	168000001	0.801427	0.720921	2
4	169000001	0.798243	0.720921	2
4	170000001	0.844143	0.720921	2
4	171000001	0.866171	0.720921	2
4	172000001	0.975368	0.720921	2
4	173000001	0.628534	0.720921	2
4	174000001	0.54683	0.720921	2
4	175000001	0.826359	0.720921	2
4	176000001	1.1012	0.720921	2
4	177000001	0.589793	0.720921	2
4	178000001	0.720921	0.720921	2
4	179000001	0.747856	0.720921	2
4	180000001	0.828399	0.720921	2
4	181000001	0.699548	0.720921	2
4	182000001	0.964231	0.720921	2
4	183000001	0.658618	0.720921	2
4	184000001	0.574413	0.720921	2
4	185000001	0.555425	0.720921	2
4	186000001	0.535779	0.720921	2
4	187000001	0.681989	0.720921	2
4	188000001	0.613879	0.720921	2
4	189000001	0.700924	0.720921	2
4	190000001	2.53995	0.720921	2
5	1	1.63614	1.26773	4
5	1000001	1.3561	1.26773	4
5	2000001	1.40317	1.26773	4
5	3000001	1.05543	1.26773	4
5	4000001	1.31514	1.26773	4
5	5000001	1.15626	1.26773	4
5	6000001	1.24694	1.26773	4
5	7000001	1.23527	1.26773	4
5	8000001	1.39222	1.26773	4
5	9000001	1.39788	1.26773	4
5	10000001	1.1908	1.26773	4
5	11000001	1.25537	1.26773	4
5	12000001	1.59301	1.26773	4
5	13000001	1.3023	1.26773	4
5	14000001	1.36799	1.26773	4
5	15000001	1.54202	1.26773	4
5	16000001	1.49226	1.26773	4
5	17000001	1.24574	1.26773	4
5	18000001	1.526	1.26773	4
5	19000001	1.13648	1.26773	4
5	20000001	1.16077	1.26773	4
5	21000001	1.29608	1.26773	4
5	22000001	1.17573	1.26773	4
5	23000001	1.19236	1.26773	4
5	24000001	0.976874	1.26773	4
5	25000001	1.01252	1.26773	4
5	26000001	0.892786	1.26773	4
5	27000001	1.58294	1.26773	4
5	28000001	1.155	1.26773	4
5	29000001	1.38605	1.26773	4
5	30000001	1.16895	1.26773	4
5	31000001	1.17104	1.26773	4
5	32000001	1.26548	1.26773	4
5	33000001	1.7111	1.26773	4
5	34000001	1.02105	1.26773	4
5	35000001	1.32935	1.26773	4
5	36000001	0.996446	1.26773	4
5	37000001	1.40225	1.26773	4
5	38000001	1.50146	1.26773	4
5	39000001	1.43347	1.26773	4
5	40000001	1.93211	1.26773	4
5	41000001	1.18253	1.26773	4
5	42000001	1.20891	1.26773	4
5	43000001	1.26773	1.26773	4
5	44000001	1.29335	1.26773	4
5	45000001	1.55003	1.26773	4
5	46000001	1.12564	1.26773	4
5	47000001	1.6721	1.5809	5
5	48000001	1.89049	1.5809	5
5	49000001	1.48969	1.5809	5
5	50000001	1.40236	1.5809	5
5	51000001	1.03904	1.03904	3
5	52000001	1.2888	1.03904	3
5	53000001	0.925389	1.03904	3
5	54000001	1.22159	1.03904	3
5	55000001	0.949484	1.03904	3
5	56000001	1.08254	1.03904	3
5	57000001	1.00777	1.03904	3
5	58000001	0.974926	1.03904	3
5	59000001	1.2812	1.03904	3
5	60000001	1.29029	1.03904	3
5	61000001	0.888125	1.03904	3
5	62000001	0.660206	1.03904	3
5	63000001	1.20817	1.03904	3
5	64000001	0.934233	1.03904	3
5	65000001	1.15948	1.03904	3
5	66000001	1.09514	1.03904	3
5	67000001	1.21487	1.03904	3
5	68000001	0.775954	1.03904	3
5	69000001	1.03466	1.03904	3
5	70000001	1.10955	1.03904	3
5	71000001	1.18835	1.03904	3
5	72000001	0.75195	1.03904	3
5	73000001	0.718467	1.03904	3
5	74000001	1.24442	1.03904	3
5	75000001	0.853563	1.03904	3
5	76000001	1.04359	1.03904	3
5	77000001	0.847296	1.03904	3
5	78000001	1.08508	1.03904	3
5	79000001	1.04861	1.03904	3
5	80000001	1.31435	1.03904	3
5	81000001	1.00188	1.03904	3
5	82000001	0.655307	1.03904	3
5	83000001	0.716643	1.03904	3
5	84000001	0.528434	1.03904	3
5	85000001	1.14915	1.03904	3
5	86000001	1.97096	1.97096	6
5	87000001	0.980251	1.03258	3
5	88000001	1.24504	1.03258	3
5	89000001	0.895265	1.03258	3
5	90000001	0.717675	1.03258	3
5	91000001	1.10446	1.03258	3
5	92000001	1.13763	1.03258	3
5	93000001	1.0087	1.03258	3
5	94000001	1.19391	1.03258	3
5	95000001	0.828301	1.03258	3
5	96000001	1.20891	1.03258	3
5	97000001	1.18492	1.03258	3
5	98000001	0.999479	1.03258	3
5	99000001	0.908306	1.03258	3
5	100000001	1.11542	1.03258	3
5	101000001	1.0041	1.03258	3
5	102000001	1.02682	1.03258	3
5	103000001	1.23602	1.03258	3
5	104000001	0.951153	1.03258	3
5	105000001	1.25359	1.03258	3
5	106000001	1.00192	1.03258	3
5	107000001	0.963977	1.03258	3
5	108000001	1.03258	1.03258	3
5	109000001	0.883205	1.03258	3
5	110000001	1.16201	1.03258	3
5	111000001	0.935909	1.03258	3
5	112000001	1.16637	1.03258	3
5	113000001	0.871688	1.03258	3
5	114000001	1.02904	1.03258	3
5	115000001	0.950693	1.03258	3
5	116000001	1.09081	1.03258	3
5	117000001	0.811929	1.03258	3
5	118000001	1.06541	1.03258	3
5	119000001	0.894371	1.03258	3
5	120000001	1.03241	1.03258	3
5	121000001	1.21357	1.03258	3
5	122000001	0.97626	1.03258	3
5	123000001	1.39346	1.03258	3
5	124000001	1.02124	1.03258	3
5	125000001	0.899904	1.03258	3
5	126000001	1.0642	1.03258	3
5	127000001	1.04725	1.03258	3
5	128000001	1.0464	1.03258	3
5	129000001	1.12547	1.03258	3
5	130000001	0.945948	1.03258	3
5	131000001	0.981732	1.03258	3
5	132000001	1.0389	1.03258	3
5	133000001	0.805881	1.03258	3
5	134000001	1.4483	1.03258	3
5	135000001	0.874117	1.03258	3
5	136000001	1.20058	1.03258	3
5	137000001	0.778891	1.03258	3
5	138000001	1.15504	1.03258	3
5	139000001	1.03388	1.03258	3
5	140000001	0.82444	1.03258	3
5	141000001	1.05869	1.03258	3
5	142000001	1.32631	1.03258	3
5	143000001	1.19633	1.03258	3
5	144000001	1.00663	1.03258	3
5	145000001	1.39347	1.03258	3
5	146000001	1.10351	1.03258	3
5	147000001	1.05623	1.03258	3
5	148000001	0.80335	1.03258	3
5	149000001	1.22789	1.03258	3
5	150000001	1.20299	1.03258	3
5	151000001	0.947314	1.03258	3
5	152000001	1.08227	1.03258	3
5	153000001	0.81289	1.03258	3
5	154000001	1.00212	1.03258	3
5	155000001	1.01562	1.03258	3
5	156000001	0.852197	1.03258	3
5	157000001	1.27482	1.03258	3
5	158000001	0.868977	1.03258	3
5	159000001	1.0799	1.03258	3
5	160000001	1.3495	1.03258	3
5	161000001	0.924265	1.03258	3
5	162000001	0.836701	1.03258	3
5	163000001	0.970624	1.03258	3
5	164000001	0.820237	1.03258	3
5	165000001	0.930899	1.03258	3
5	166000001	1.0834	1.03258	3
5	167000001	1.17041	1.03258	3
5	168000001	1.3169	1.03258	3
5	169000001	1.30486	1.03258	3
5	170000001	0.997509	1.03258	3
5	171000001	1.20526	1.03258	3
5	172000001	0.982673	1.03258	3
5	173000001	1.00408	1.03258	3
5	174000001	1.00572	1.03258	3
5	175000001	1.04252	1.03258	3
5	176000001	0.95168	1.03258	3
5	177000001	1.0544	1.03258	3
5	178000001	1.18103	1.03258	3
5	179000001	1.32916	1.03258	3
5	180000001	1.21432	1.03258	3
5	181000001	1.48582	1.03258	3
6	1	1.43781	1.40736	4
6	1000001	1.41594	1.40736	4
6	2000001	1.33325	1.40736	4
6	3000001	1.36106	1.40736	4
6	4000001	1.37508	1.40736	4
6	5000001	1.2833	1.40736	4
6	6000001	1.40736	1.40736	4
6	7000001	1.34276	1.40736	4
6	8000001	1.52751	1.40736	4
6	9000001	1.57949	1.40736	4
6	10000001	1.51893	1.40736	4
6	11000001	1.18472	1.27708	4
6	12000001	1.29916	1.27708	4
6	13000001	1.33078	1.27708	4
6	14000001	1.36842	1.27708	4
6	15000001	1.04472	1.27708	4
6	16000001	1.08888	1.27708	4
6	17000001	1.29172	1.27708	4
6	18000001	1.4218	1.27708	4
6	19000001	1.51482	1.27708	4
6	20000001	1.15004	1.27708	4
6	21000001	1.20292	1.27708	4
6	22000001	1.2696	1.27708	4
6	23000001	1.25765	1.27708	4
6	24000001	1.59973	1.27708	4
6	25000001	1.53484	1.27708	4
6	26000001	1.57105	1.27708	4
6	27000001	1.40435	1.27708	4
6	28000001	1.03176	1.27708	4
6	29000001	1.27688	1.27708	4
6	30000001	1.24365	1.27708	4
6	31000001	1.23074	1.27708	4
6	32000001	1.27493	1.27708	4
6	33000001	1.37062	1.27708	4
6	34000001	1.4167	1.27708	4
6	35000001	1.35982	1.27708	4
6	36000001	1.22535	1.27708	4
6	37000001	1.19217	1.27708	4
6	38000001	1.28953	1.27708	4
6	39000001	1.27727	1.27708	4
6	40000001	1.37511	1.27708	4
6	41000001	1.36746	1.27708	4
6	42000001	1.52859	1.27708	4
6	43000001	1.25224	1.27708	4
6	44000001	1.23419	1.27708	4
6	45000001	1.26849	1.27708	4
6	46000001	1.10376	1.27708	4
6	47000001	1.55269	1.27708	4
6	48000001	1.27151	1.27708	4
6	49000001	1.12384	1.12739	3
6	50000001	1.13095	1.12739	3
6	51000001	1.23948	1.12739	3
6	52000001	1.02181	1.12739	3
6	53000001	0.831803	1.12739	3
6	54000001	1.1923	1.12739	3
6	55000001	1.52417	1.12739	3
6	56000001	1.09363	1.12739	3
6	57000001	1.01103	1.12739	3
6	58000001	0.877524	1.12739	3
6	59000001	1.00295	1.12739	3
6	60000001	1.33305	1.12739	3
6	61000001	1.09852	1.12739	3
6	62000001	1.15121	1.12739	3
6	63000001	1.34115	1.12739	3
6	64000001	1.19104	1.12739	3
6	65000001	0.636599	0.957851	3
6	66000001	1.02694	0.957851	3
6	67000001	1.19542	0.957851	3
6	68000001	0.917344	0.957851	3
6	69000001	1.03451	0.957851	3
6	70000001	1.07878	0.957851	3
6	71000001	0.706384	0.957851	3
6	72000001	0.62811	0.957851	3
6	73000001	1.14527	0.957851	3
6	74000001	0.871065	0.957851	3
6	75000001	1.0393	0.957851	3
6	76000001	0.958922	0.957851	3
6	77000001	1.07058	0.957851	3
6	78000001	1.24792	0.957851	3
6	79000001	0.865158	0.957851	3
6	80000001	1.09769	0.957851	3
6	81000001	1.03641	0.957851	3
6	82000001	0.91373	0.957851	3
6	83000001	1.06564	0.957851	3
6	84000001	0.759886	0.957851	3
6	85000001	0.904619	0.957851	3
6	86000001	0.850389	0.957851	3
6	87000001	0.938405	0.957851	3
6	88000001	0.884105	0.957851	3
6	89000001	1.00485	0.957851	3
6	90000001	0.732846	0.957851	3
6	91000001	0.854213	0.957851	3
6	92000001	0.881068	0.957851	3
6	93000001	0.947921	0.957851	3
6	94000001	0.93856	0.957851	3
6	95000001	0.888599	0.957851	3
6	96000001	1.07285	0.957851	3
6	97000001	0.886308	0.957851	3
6	98000001	0.957851	0.957851	3
6	99000001	0.936279	0.957851	3
6	100000001	0.831626	0.957851	3
6	101000001	0.925416	0.957851	3
6	102000001	1.04642	0.957851	3
6	103000001	1.02281	0.957851	3
6	104000001	0.810742	0.957851	3
6	105000001	1.1762	0.957851	3
6	106000001	0.872496	0.957851	3
6	107000001	1.04627	0.957851	3
6	108000001	1.00268	0.957851	3
6	109000001	1.0731	0.957851	3
6	110000001	0.977168	0.957851	3
6	111000001	0.856355	0.957851	3
6	112000001	1.06819	0.957851	3
6	113000001	0.892847	0.957851	3
6	114000001	1.0311	0.957851	3
6	115000001	0.86375	0.957851	3
6	116000001	0.780776	0.957851	3
6	117000001	1.14569	0.957851	3
6	118000001	1.09626	0.957851	3
6	119000001	1.00818	0.957851	3
6	120000001	0.976933	0.957851	3
6	121000001	1.23412	0.957851	3
6	122000001	0.936333	0.957851	3
6	123000001	1.06863	0.957851	3
6	124000001	1.01671	0.957851	3
6	125000001	0.910885	0.957851	3
6	126000001	0.990295	0.957851	3
6	127000001	1.06187	0.957851	3
6	128000001	0.794799	0.957851	3
6	129000001	0.927533	0.957851	3
6	130000001	1.09448	0.957851	3
6	131000001	0.878362	0.957851	3
6	132000001	1.25315	0.957851	3
6	133000001	1.1991	0.957851	3
6	134000001	0.930016	0.957851	3
6	135000001	0.929754	0.957851	3
6	136000001	1.1691	1.26481	4
6	137000001	1.22048	1.26481	4
6	138000001	1.65937	1.26481	4
6	139000001	1.14601	1.26481	4
6	140000001	1.27103	1.26481	4
6	141000001	1.35098	1.26481	4
6	142000001	1.06488	1.26481	4
6	143000001	1.08849	1.26481	4
6	144000001	1.16162	1.26481	4
6	145000001	1.3985	1.26481	4
6	146000001	1.10076	1.26481	4
6	147000001	1.26481	1.26481	4
6	148000001	1.5805	1.26481	4
6	149000001	1.03259	1.26481	4
6	150000001	1.20627	1.26481	4
6	151000001	1.29732	1.26481	4
6	152000001	1.41926	1.26481	4
6	153000001	1.1242	1.26481	4
6	154000001	1.18347	1.26481	4
6	155000001	1.40126	1.26481	4
6	156000001	1.40287	1.26481	4
6	157000001	1.5038	1.26481	4
6	158000001	1.27397	1.26481	4
6	159000001	1.21338	1.26481	4
6	160000001	1.44821	1.26481	4
6	161000001	1.52644	1.26481	4
6	162000001	1.04594	1.26481	4
6	163000001	1.06234	1.26481	4
6	164000001	1.23477	1.26481	4
6	165000001	1.4883	1.26481	4
6	166000001	1.35524	1.26481	4
6	167000001	1.23402	1.26481	4
6	168000001	1.55132	1.26481	4
6	169000001	1.21518	1.26481	4
6	170000001	1.4301	1.26481	4
7	1	0.970593	0.953595	3
7	1000001	0.955286	0.953595	3
7	2000001	1.04645	0.953595	3
7	3000001	0.7158	0.953595	3
7	4000001	1.09807	0.953595	3
7	5000001	1.09834	0.953595	3
7	6000001	0.88181	0.953595	3
7	7000001	1.2517	0.953595	3
7	8000001	1.02701	0.953595	3
7	9000001	0.797707	0.953595	3
7	10000001	0.620647	0.953595	3
7	11000001	1.1428	0.953595	3
7	12000001	0.961825	0.953595	3
7	13000001	0.552558	0.953595	3
7	14000001	0.951904	0.953595	3
7	15000001	0.80145	0.953595	3
7	16000001	0.739278	0.953595	3
7	17000001	1.2158	0.953595	3
7	18000001	1.09366	0.953595	3
7	19000001	0.813148	0.953595	3
7	20000001	1.12846	0.953595	3
7	21000001	0.851847	0.953595	3
7	22000001	0.860658	0.953595	3
7	23000001	0.972758	0.953595	3
7	24000001	0.874217	0.953595	3
7	25000001	0.923081	0.953595	3
7	26000001	0.758565	0.953595	3
7	27000001	0.930016	0.953595	3
7	28000001	0.921542	0.953595	3
7	29000001	0.969127	0.953595	3
7	30000001	1.11398	0.953595	3
7	31000001	0.903731	0.953595	3
7	32000001	0.828556	0.953595	3
7	33000001	0.981122	0.953595	3
7	34000001	1.19717	0.953595	3
7	35000001	1.06205	0.953595	3
7	36000001	0.827624	0.953595	3
7	37000001	1.0293	0.953595	3
7	38000001	0.962668	0.953595	3
7	39000001	0.853612	0.953595	3
7	40000001	0.901594	0.953595	3
7	41000001	1.23167	0.953595	3
7	42000001	0.857044	0.953595	3
7	43000001	0.933956	0.953595	3
7	44000001	1.09162	0.953595	3
7	45000001	0.960732	0.953595	3
7	46000001	0.968561	0.953595	3
7	47000001	1.10881	0.953595	3
7	48000001	1.07632	0.953595	3
7	49000001	1.11231	0.953595	3
7	50000001	1.12555	0.953595	3
7	51000001	0.645434	0.953595	3
7	52000001	0.945143	0.953595	3
7	53000001	0.91477	0.953595	3
7	54000001	1.39337	0.953595	3
7	55000001	0.820299	0.953595	3
7	56000001	0.857574	0.953595	3
7	57000001	0.901347	0.953595	3
7	58000001	1.59678	1.32801	4
7	59000001	1.6412	1.32801	4
7	60000001	1.4325	1.32801	4
7	61000001	1.29605	1.32801	4
7	62000001	1.47416	1.32801	4
7	63000001	1.31313	1.32801	4
7	64000001	1.35497	1.32801	4
7	65000001	1.18041	1.32801	4
7	66000001	1.32801	1.32801	4
7	67000001	1.27351	1.32801	4
7	68000001	1.39945	1.32801	4
7	69000001	1.47979	1.32801	4
7	70000001	1.18072	1.32801	4
7	71000001	1.24277	1.32801	4
7	72000001	1.34926	1.32801	4
7	73000001	1.49814	1.32801	4
7	74000001	1.44324	1.32801	4
7	75000001	1.01632	1.32801	4
7	76000001	1.37269	1.32801	4
7	77000001	1.41833	1.32801	4
7	78000001	1.7143	1.32801	4
7	79000001	1.43924	1.32801	4
7	80000001	1.21967	1.32801	4
7	81000001	1.28186	1.32801	4
7	82000001	1.28436	1.32801	4
7	83000001	1.22578	1.32801	4
7	84000001	0.793636	1.32801	4
7	85000001	1.40108	1.32801	4
7	86000001	0.97114	1.32801	4
7	87000001	1.5281	1.32801	4
7	88000001	1.23023	1.32801	4
7	89000001	1.14784	1.32801	4
7	90000001	1.39103	1.32801	4
7	91000001	1.08148	1.32801	4
7	92000001	1.19604	1.32801	4
7	93000001	1.17951	1.32801	4
7	94000001	1.32008	1.32801	4
7	95000001	1.35269	1.32801	4
7	96000001	1.05825	1.32801	4
7	97000001	1.33768	1.32801	4
7	98000001	1.14526	1.32801	4
7	99000001	1.42657	1.32801	4
7	100000001	1.62487	1.32801	4
7	101000001	1.37462	1.32801	4
7	102000001	1.31154	1.32801	4
7	103000001	1.26398	1.32801	4
7	104000001	1.38582	1.32801	4
7	105000001	1.95978	1.71406	5
7	106000001	1.65639	1.71406	5
7	107000001	1.65249	1.71406	5
7	108000001	1.66446	1.71406	5
7	109000001	1.73097	1.71406	5
7	110000001	1.69082	1.71406	5
7	111000001	1.94705	1.71406	5
7	112000001	1.92003	1.71406	5
7	113000001	1.71406	1.71406	5
7	114000001	1.29394	1.57305	5
7	115000001	1.48847	1.57305	5
7	116000001	1.97558	1.57305	5
7	117000001	1.48487	1.57305	5
7	118000001	1.43354	1.57305	5
7	119000001	1.72505	1.57305	5
7	120000001	1.35492	1.57305	5
7	121000001	1.32914	1.57305	5
7	122000001	1.20059	1.57305	5
7	123000001	1.54697	1.57305	5
7	124000001	1.35153	1.57305	5
7	125000001	1.57994	1.57305	5
7	126000001	1.51219	1.57305	5
7	127000001	2.00897	1.57305	5
7	128000001	1.56617	1.57305	5
7	129000001	1.43179	1.57305	5
7	130000001	1.27166	1.57305	5
7	131000001	1.70339	1.57305	5
7	132000001	1.88905	1.57305	5
7	133000001	1.60872	1.57305	5
7	134000001	1.65228	1.57305	5
7	135000001	1.56346	1.57305	5
7	136000001	1.44344	1.57305	5
7	137000001	1.97925	1.57305	5
7	138000001	1.64854	1.57305	5
7	139000001	1.62356	1.57305	5
7	140000001	1.74152	1.57305	5
7	141000001	1.55817	1.57305	5
7	142000001	1.56416	1.57305	5
7	143000001	1.76959	1.57305	5
7	144000001	1.79505	1.57305	5
7	145000001	1.40988	1.57305	5
7	146000001	1.59687	1.57305	5
7	147000001	1.34952	1.57305	5
7	148000001	1.70512	1.57305	5
7	149000001	1.42291	1.57305	5
7	150000001	1.79883	1.57305	5
7	151000001	1.61939	1.57305	5
7	152000001	1.65637	1.57305	5
7	153000001	1.3415	1.57305	5
7	154000001	1.53601	1.57305	5
7	155000001	1.41037	1.57305	5
7	156000001	1.79008	1.57305	5
7	157000001	1.86496	1.57305	5
7	158000001	1.716	1.57305	5
7	159000001	1.76559	1.57305	5
8	1	1.35237	1.31712	4
8	1000001	1.05596	1.31712	4
8	2000001	1.31712	1.31712	4
8	3000001	0.997696	0.899506	3
8	4000001	0.711096	0.899506	3
8	5000001	1.07492	0.899506	3
8	6000001	0.726229	0.899506	3
8	7000001	1.31992	0.899506	3
8	8000001	0.891217	0.899506	3
8	9000001	0.923246	0.899506	3
8	10000001	1.07152	0.899506	3
8	11000001	0.907795	0.899506	3
8	12000001	1.09939	0.899506	3
8	13000001	0.760497	0.899506	3
8	14000001	0.852206	0.899506	3
8	15000001	0.55573	0.899506	3
8	16000001	0.879375	0.899506	3
8	17000001	1.11547	0.986176	3
8	18000001	0.941133	0.986176	3
8	19000001	1.10369	0.986176	3
8	20000001	1.02639	0.986176	3
8	21000001	1.16288	0.986176	3
8	22000001	0.936845	0.986176	3
8	23000001	1.12515	0.986176	3
8	24000001	0.982935	0.986176	3
8	25000001	0.971352	0.986176	3
8	26000001	1.06505	0.986176	3
8	27000001	1.06818	0.986176	3
8	28000001	0.985361	0.986176	3
8	29000001	0.737175	0.986176	3
8	30000001	0.906725	0.986176	3
8	31000001	0.863545	0.986176	3
8	32000001	1.33512	0.986176	3
8	33000001	0.937944	0.986176	3
8	34000001	0.7917	0.986176	3
8	35000001	0.787076	0.986176	3
8	36000001	0.973609	0.986176	3
8	37000001	1.24429	0.986176	3
8	38000001	1.12709	0.986176	3
8	39000001	1.07196	0.986176	3
8	40000001	1.00253	0.986176	3
8	41000001	1.1304	0.986176	3
8	42000001	0.955358	0.986176	3
8	43000001	1.13759	0.986176	3
8	44000001	0.85908	0.986176	3
8	45000001	0.806247	0.986176	3
8	46000001	1.08496	0.986176	3
8	47000001	0.860741	0.986176	3
8	48000001	1.39515	0.986176	3
8	49000001	0.908788	0.986176	3
8	50000001	0.815168	0.986176	3
8	51000001	0.826326	0.986176	3
8	52000001	0.992311	0.986176	3
8	53000001	0.935793	0.986176	3
8	54000001	1.16315	0.986176	3
8	55000001	1.16835	0.986176	3
8	56000001	0.969034	0.986176	3
8	57000001	0.842553	0.986176	3
8	58000001	1.10863	0.986176	3
8	59000001	1.18757	0.986176	3
8	60000001	1.16333	0.986176	3
8	61000001	1.02063	0.986176	3
8	62000001	0.97466	0.986176	3
8	63000001	1.10214	0.986176	3
8	64000001	0.933393	0.986176	3
8	65000001	0.83877	0.986176	3
8	66000001	1.09905	0.986176	3
8	67000001	0.871368	0.986176	3
8	68000001	0.886521	0.986176	3
8	69000001	1.10196	0.986176	3
8	70000001	0.842723	0.986176	3
8	71000001	0.824276	0.986176	3
8	72000001	1.10883	0.986176	3
8	73000001	1.15016	0.986176	3
8	74000001	1.25537	0.986176	3
8	75000001	0.928561	0.986176	3
8	76000001	1.02148	0.986176	3
8	77000001	0.74624	0.986176	3
8	78000001	1.17535	0.986176	3
8	79000001	1.18934	0.986176	3
8	80000001	0.992171	0.986176	3
8	81000001	0.929213	0.986176	3
8	82000001	0.990767	0.986176	3
8	83000001	0.778159	0.986176	3
8	84000001	0.800332	0.986176	3
8	85000001	1.3361	0.986176	3
8	86000001	1.20519	0.986176	3
8	87000001	0.911411	0.986176	3
8	88000001	1.14949	0.986176	3
8	89000001	0.796786	0.986176	3
8	90000001	1.04298	0.986176	3
8	91000001	0.699828	0.986176	3
8	92000001	0.986992	0.986176	3
8	93000001	1.06692	0.986176	3
8	94000001	0.955968	0.986176	3
8	95000001	0.823609	0.986176	3
8	96000001	0.955237	0.986176	3
8	97000001	0.860367	0.986176	3
8	98000001	1.0396	0.986176	3
8	99000001	0.901977	0.986176	3
8	100000001	1.13247	0.986176	3
8	101000001	0.934631	0.986176	3
8	102000001	1.02878	0.986176	3
8	103000001	1.30783	0.986176	3
8	104000001	0.711828	0.986176	3
8	105000001	1.00746	0.986176	3
8	106000001	0.849429	0.986176	3
8	107000001	0.97353	0.986176	3
8	108000001	1.14614	0.986176	3
8	109000001	1.16472	0.986176	3
8	110000001	1.04449	0.986176	3
8	111000001	1.00133	0.986176	3
8	112000001	1.20473	0.986176	3
8	113000001	0.945016	0.986176	3
8	114000001	0.817538	0.986176	3
8	115000001	0.854365	0.986176	3
8	116000001	0.827238	0.986176	3
8	117000001	1.27206	1.13753	3
8	118000001	1.17518	1.13753	3
8	119000001	1.13753	1.13753	3
8	120000001	1.02931	1.13753	3
8	121000001	1.10028	1.13753	3
8	122000001	1.23204	1.13753	3
8	123000001	0.799751	1.13753	3
8	124000001	1.15913	1.13753	3
8	125000001	1.22656	1.13753	3
8	126000001	1.02964	1.13753	3
8	127000001	1.1885	1.13753	3
8	128000001	1.22384	1.13753	3
8	129000001	1.00773	1.13753	3
8	130000001	1.03814	1.13753	3
8	131000001	0.856841	1.13753	3
8	132000001	1.05363	1.13753	3
8	133000001	1.03823	1.13753	3
8	134000001	1.3054	1.13753	3
8	135000001	1.34021	1.13753	3
8	136000001	1.2075	1.13753	3
8	137000001	1.11316	1.13753	3
8	138000001	2.96294	2.96294	9
8	139000001	1.0109	1.0109	3
8	140000001	0.62074	1.0109	3
8	141000001	0.904902	1.0109	3
8	142000001	1.15633	1.0109	3
8	143000001	1.02888	1.0109	3
8	144000001	0.926181	1.0109	3
8	145000001	1.06318	1.0109	3
9	1	0.552043	0.679855	2
9	1000001	0.496106	0.679855	2
9	2000001	0.93131	0.679855	2
9	3000001	0.927637	0.679855	2
9	4000001	0.860536	0.679855	2
9	5000001	0.718091	0.679855	2
9	6000001	0.633707	0.679855	2
9	7000001	0.507165	0.679855	2
9	8000001	0.679855	0.679855	2
9	9000001	0.802859	0.679855	2
9	10000001	0.771864	0.679855	2
9	11000001	0.704276	0.679855	2
9	12000001	0.681192	0.679855	2
9	13000001	0.573298	0.679855	2
9	14000001	0.768306	0.679855	2
9	15000001	0.777783	0.679855	2
9	16000001	0.676102	0.679855	2
9	17000001	0.604307	0.679855	2
9	18000001	0.619872	0.679855	2
9	19000001	0.633447	0.679855	2
9	20000001	0.539941	0.679855	2
9	21000001	0.0386077	0.106653	0
9	22000001	0.11186	0.106653	0
9	23000001	0.0420875	0.106653	0
9	24000001	0.0330487	0.106653	0
9	25000001	0.0436741	0.106653	0
9	26000001	0.206696	0.106653	0
9	27000001	0.342411	0.106653	0
9	28000001	0.135842	0.106653	0
9	29000001	0.106653	0.106653	0
9	30000001	0.0239352	0.106653	0
9	31000001	0.153299	0.106653	0
9	32000001	0.547908	0.67758	2
9	33000001	0.689019	0.67758	2
9	34000001	0.868783	0.67758	2
9	35000001	0.67758	0.67758	2
9	36000001	0.637111	0.67758	2
9	37000001	1.36949	0.776353	2
9	38000001	1.06949	0.776353	2
9	39000001	0.795014	0.776353	2
9	40000001	0.754624	0.776353	2
9	41000001	0.757691	0.776353	2
9	42000001	0.658652	0.776353	2
9	43000001	1.39335	-1	2
9	44000001	1.61282	-1	2
9	45000001	1.49072	-1	2
9	46000001	-1	-1	2
9	47000001	-1	-1	2
9	48000001	-1	-1	2
9	49000001	-1	-1	2
9	50000001	-1	-1	2
9	51000001	-1	-1	2
9	52000001	-1	-1	2
9	53000001	-1	-1	2
9	54000001	-1	-1	2
9	55000001	-1	-1	2
9	56000001	-1	-1	2
9	57000001	-1	-1	2
9	58000001	-1	-1	2
9	59000001	-1	-1	2
9	60000001	1.41173	-1	2
9	61000001	0.717368	0.659348	2
9	62000001	0.569486	0.659348	2
9	63000001	0.823638	0.659348	2
9	64000001	0.706692	0.659348	2
9	65000001	0.947564	0.659348	2
9	66000001	0.662507	0.659348	2
9	67000001	0.785622	0.659348	2
9	68000001	0.705597	0.659348	2
9	69000001	0.683938	0.659348	2
9	70000001	0.858579	0.659348	2
9	71000001	0.529756	0.659348	2
9	72000001	0.594515	0.659348	2
9	73000001	0.523853	0.659348	2
9	74000001	0.579789	0.659348	2
9	75000001	0.670273	0.659348	2
9	76000001	0.752654	0.659348	2
9	77000001	0.59961	0.659348	2
9	78000001	0.700307	0.659348	2
9	79000001	0.507533	0.659348	2
9	80000001	0.562844	0.659348	2
9	81000001	0.645844	0.659348	2
9	82000001	0.732463	0.659348	2
9	83000001	0.62294	0.659348	2
9	84000001	0.593487	0.659348	2
9	85000001	0.63688	0.659348	2
9	86000001	0.656189	0.659348	2
9	87000001	0.598571	0.659348	2
9	88000001	0.664408	0.659348	2
9	89000001	0.627777	0.659348	2
9	90000001	0.701917	0.659348	2
9	91000001	0.910221	1.00184	3
9	92000001	0.999738	1.00184	3
9	93000001	0.965682	1.00184	3
9	94000001	0.835213	1.00184	3
9	95000001	0.917663	1.00184	3
9	96000001	0.934493	1.00184	3
9	97000001	0.972088	1.00184	3
9	98000001	1.03683	1.00184	3
9	99000001	1.06427	1.00184	3
9	100000001	1.17566	1.00184	3
9	101000001	1.07658	1.00184	3
9	102000001	1.0427	1.00184	3
9	103000001	0.875449	1.00184	3
9	104000001	0.763925	1.00184	3
9	105000001	1.13024	1.00184	3
9	106000001	1.07533	1.00184	3
9	107000001	0.894078	1.00184	3
9	108000001	0.885179	1.00184	3
9	109000001	1.14997	1.00184	3
9	110000001	0.896032	1.00184	3
9	111000001	0.737324	1.00184	3
9	112000001	1.09579	1.00184	3
9	113000001	0.84781	1.00184	3
9	114000001	1.07075	1.00184	3
9	115000001	1.14703	1.00184	3
9	116000001	1.16907	1.00184	3
9	117000001	0.822372	1.00184	3
9	118000001	1.32136	1.00184	3
9	119000001	1.11589	1.00184	3
9	120000001	1.24782	1.00184	3
9	121000001	1.06492	1.00184	3
9	122000001	0.772699	1.00184	3
9	123000001	1.00184	1.00184	3
9	124000001	1.22851	1.00184	3
9	125000001	0.991963	1.00184	3
9	126000001	0.997545	1.00184	3
9	127000001	0.751217	1.00184	3
9	128000001	1.46854	1.00184	3
9	129000001	1.01252	1.00184	3
9	130000001	2.8072	2.87407	9
9	131000001	2.94094	2.87407	9
9	132000001	0.857511	1.06723	3
9	133000001	1.15591	1.06723	3
9	134000001	1.25198	1.06723	3
9	135000001	0.965637	1.06723	3
9	136000001	1.06723	1.06723	3
9	137000001	1.09623	1.06723	3
9	138000001	0.908494	1.06723	3
X	1	0.498424	0.433005	1
X	1000001	0.40783	0.433005	1
X	2000001	0.433005	0.433005	1
X	3000001	0.844403	0.681202	2
X	4000001	0.609219	0.681202	2
X	5000001	0.570196	0.681202	2
X	6000001	0.882447	0.681202	2
X	7000001	0.837743	0.681202	2
X	8000001	0.415736	0.681202	2
X	9000001	0.819229	0.681202	2
X	10000001	0.674118	0.681202	2
X	11000001	1.18236	0.681202	2
X	12000001	0.591032	0.681202	2
X	13000001	0.772688	0.681202	2
X	14000001	0.824052	0.681202	2
X	15000001	0.681202	0.681202	2
X	16000001	0.64414	0.681202	2
X	17000001	0.593339	0.681202	2
X	18000001	0.435673	0.681202	2
X	19000001	0.696389	0.681202	2
X	20000001	0.593427	0.681202	2
X	21000001	0.693357	0.681202	2
X	22000001	0.645998	0.681202	2
X	23000001	0.791096	0.681202	2
X	24000001	0.598262	0.681202	2
X	25000001	0.846456	0.681202	2
X	26000001	0.405166	0.589308	2
X	27000001	0.665675	0.589308	2
X	28000001	0.725866	0.589308	2
X	29000001	0.573625	0.589308	2
X	30000001	0.49694	0.589308	2
X	31000001	0.737312	0.589308	2
X	32000001	0.542018	0.589308	2
X	33000001	0.709152	0.589308	2
X	34000001	0.726473	0.589308	2
X	35000001	0.756578	0.589308	2
X	36000001	0.589308	0.589308	2
X	37000001	0.552745	0.589308	2
X	38000001	0.578581	0.589308	2
X	39000001	0.542783	0.589308	2
X	40000001	0.654035	0.589308	2
X	41000001	0.707363	0.589308	2
X	42000001	0.496819	0.589308	2
X	43000001	0.629264	0.589308	2
X	44000001	0.700351	0.589308	2
X	45000001	0.596692	0.589308	2
X	46000001	0.5	0.589308	2
X	47000001	0.605233	0.589308	2
X	48000001	0.518314	0.589308	2
X	49000001	0.536548	0.589308	2
X	50000001	0.648522	0.589308	2
X	51000001	0.588783	0.589308	2
X	52000001	0.535051	0.589308	2
X	53000001	0.463689	0.589308	2
X	54000001	0.516046	0.589308	2
X	55000001	0.724834	0.589308	2
X	56000001	0.658586	0.589308	2
X	57000001	0.626699	0.589308	2
X	58000001	0.49988	0.589308	2
X	59000001	0.555912	0.589308	2
X	60000001	0.657341	0.589308	2
X	61000001	0.601022	0.589308	2
X	62000001	0.524749	0.589308	2
X	63000001	0.303573	0.350532	1
X	64000001	0.27699	0.350532	1
X	65000001	0.303908	0.350532	1
X	66000001	0.398069	0.350532	1
X	67000001	0.26661	0.350532	1
X	68000001	0.398465	0.350532	1
X	69000001	0.340099	0.350532	1
X	70000001	0.592875	0.350532	1
X	71000001	0.204482	0.350532	1
X	72000001	0.32591	0.350532	1
X	73000001	0.301355	0.350532	1
X	74000001	0.357929	0.350532	1
X	75000001	0.385242	0.350532	1
X	76000001	0.27287	0.350532	1
X	77000001	0.467501	0.350532	1
X	78000001	0.622956	0.350532	1
X	79000001	0.237923	0.350532	1
X	80000001	0.282922	0.350532	1
X	81000001	0.357698	0.350532	1
X	82000001	0.313242	0.350532	1
X	83000001	0.30761	0.350532	1
X	84000001	0.41608	0.350532	1
X	85000001	0.319828	0.350532	1
X	86000001	0.430297	0.350532	1
X	87000001	0.389144	0.350532	1
X	88000001	0.606218	0.350532	1
X	89000001	0.338469	0.350532	1
X	90000001	0.218732	0.350532	1
X	91000001	0.272328	0.350532	1
X	92000001	0.186047	0.350532	1
X	93000001	0.31968	0.350532	1
X	94000001	0.352889	0.350532	1
X	95000001	0.47122	0.350532	1
X	96000001	0.354748	0.350532	1
X	97000001	0.341267	0.350532	1
X	98000001	0.253897	0.350532	1
X	99000001	0.298871	0.350532	1
X	100000001	0.316093	0.350532	1
X	101000001	0.22404	0.350532	1
X	102000001	0.402932	0.350532	1
X	103000001	0.290911	0.350532	1
X	104000001	0.352968	0.350532	1
X	105000001	0.348176	0.350532	1
X	106000001	0.495742	0.350532	1
X	107000001	0.419595	0.350532	1
X	108000001	0.28379	0.350532	1
X	109000001	0.320412	0.350532	1
X	110000001	0.376834	0.350532	1
X	111000001	0.372051	0.350532	1
X	112000001	0.387507	0.350532	1
X	113000001	0.433507	0.350532	1
X	114000001	0.500083	0.350532	1
X	115000001	0.510273	0.350532	1
X	116000001	0.273585	0.350532	1
X	117000001	0.361354	0.350532	1
X	118000001	0.359584	0.350532	1
X	119000001	0.429728	0.350532	1
X	120000001	0.430316	0.350532	1
X	121000001	0.453206	0.350532	1
X	122000001	0.269289	0.350532	1
X	123000001	0.371201	0.350532	1
X	124000001	0.291034	0.350532	1
X	125000001	0.311635	0.350532	1
X	126000001	0.401601	0.350532	1
X	127000001	0.31982	0.350532	1
X	128000001	0.416711	0.350532	1
X	129000001	0.325546	0.297532	1
X	130000001	0.29866	0.297532	1
X	131000001	0.296403	0.297532	1
X	132000001	0.251018	0.297532	1
X	133000001	0.241862	0.297532	1
X	134000001	0.359121	0.297532	1
X	135000001	0.668681	0.668681	2
X	136000001	0.37644	0.326495	1
X	137000001	0.317932	0.326495	1
X	138000001	0.247486	0.326495	1
X	139000001	0.346394	0.326495	1
X	140000001	0.417719	0.326495	1
X	141000001	0.373598	0.326495	1
X	142000001	0.369193	0.326495	1
X	143000001	0.225004	0.326495	1
X	144000001	0.420563	0.326495	1
X	145000001	0.249331	0.326495	1
X	146000001	0.326495	0.326495	1
X	147000001	0.287857	0.326495	1
X	148000001	0.349676	0.326495	1
X	149000001	0.307923	0.326495	1
X	150000001	0.380719	0.326495	1
X	151000001	0.284249	0.326495	1
X	152000001	0.257566	0.326495	1
X	153000001	0.411962	0.326495	1
X	154000001	0.297988	0.326495	1
X	155000001	0.245819	0.326495	1
X	156000001	1.37711	0.326495	1
Y	1	-1	-1	0
Y	1000001	-1	-1	0
Y	2000001	0.0401638	0.0452595	0
Y	3000001	0.0560501	0.0452595	0
Y	4000001	0.0537532	0.0452595	0
Y	5000001	0.0286387	0.0452595	0
Y	6000001	0.0491687	0.0452595	0
Y	7000001	0.0445063	0.0452595	0
Y	8000001	0.0233412	0.0452595	0
Y	9000001	0.0460128	0.0452595	0
Y	10000001	0.937016	0.814386	2
Y	11000001	0.691757	0.814386	2
Y	12000001	0.184094	0.184094	1
Y	13000001	0.0231903	0.106143	0
Y	14000001	0.0274072	0.106143	0
Y	15000001	0.0889581	0.106143	0
Y	16000001	0.0209254	0.106143	0
Y	17000001	0.217863	0.106143	0
Y	18000001	0.163835	0.106143	0
Y	19000001	0.0380185	0.106143	0
Y	20000001	0.0315815	0.106143	0
Y	21000001	0.268476	0.106143	0
Y	22000001	0.199289	0.106143	0
Y	23000001	0.170026	0.106143	0
Y	24000001	0.0874166	0.106143	0
Y	25000001	0.106143	0.106143	0
Y	26000001	0.222437	0.106143	0
Y	27000001	-1	0.106143	0
Y	28000001	-1	0.106143	0
Y	29000001	-1	0.106143	0
Y	30000001	-1	0.106143	0
Y	31000001	-1	0.106143	0
Y	32000001	-1	0.106143	0
Y	33000001	-1	0.106143	0
Y	34000001	-1	0.106143	0
Y	35000001	-1	0.106143	0
Y	36000001	-1	0.106143	0
Y	37000001	-1	0.106143	0
Y	38000001	-1	0.106143	0
Y	39000001	-1	0.106143	0
Y	40000001	-1	0.106143	0
Y	41000001	-1	0.106143	0
Y	42000001	-1	0.106143	0
Y	43000001	-1	0.106143	0
Y	44000001	-1	0.106143	0
Y	45000001	-1	0.106143	0
Y	46000001	-1	0.106143	0
Y	47000001	-1	0.106143	0
Y	48000001	-1	0.106143	0
Y	49000001	-1	0.106143	0
Y	50000001	-1	0.106143	0
Y	51000001	-1	0.106143	0
Y	52000001	-1	0.106143	0
Y	53000001	-1	0.106143	0
Y	54000001	-1	0.106143	0
Y	55000001	-1	0.106143	0
Y	56000001	0.135547	0.106143	0
Y	57000001	-1	-1	0
