Chromosome	Start	Ratio	MedianRatio	CopyNumber
1	1	1.31576	1.34169	4
1	1000001	1.36762	1.34169	4
1	2000001	1.83937	1.34169	4
1	3000001	1.28068	1.34169	4
1	4000001	1.05679	1.06383	3
1	5000001	0.807244	1.06383	3
1	6000001	1.29133	1.06383	3
1	7000001	1.26973	1.06383	3
1	8000001	1.0687	1.06383	3
1	9000001	1.06855	1.06383	3
1	10000001	1.11165	1.06383	3
1	11000001	1.03312	1.06383	3
1	12000001	0.949582	1.06383	3
1	13000001	0.875338	1.06383	3
1	14000001	0.898574	1.06383	3
1	15000001	1.13437	1.06383	3
1	16000001	1.14089	1.06383	3
1	17000001	1.2956	1.06383	3
1	18000001	1.06383	1.06383	3
1	19000001	0.85043	1.06383	3
1	20000001	1.09407	1.06383	3
1	21000001	1.02135	1.06383	3
1	22000001	1.14825	1.06383	3
1	23000001	0.893133	1.06383	3
1	24000001	1.14082	1.06383	3
1	25000001	1.22886	1.06383	3
1	26000001	1.2215	1.06383	3
1	27000001	0.89544	1.06383	3
1	28000001	1.05378	1.06383	3
1	29000001	1.01242	1.06383	3
1	30000001	1.21615	1.06383	3
1	31000001	1.14969	1.06383	3
1	32000001	0.928891	1.06383	3
1	33000001	1.08582	1.06383	3
1	34000001	0.931304	1.06383	3
1	35000001	1.02898	1.06383	3
1	36000001	0.949274	1.06383	3
1	37000001	0.983835	1.06383	3
1	38000001	0.958723	1.06383	3
1	39000001	1.20216	1.06383	3
1	40000001	1.03725	1.06383	3
1	41000001	1.2974	1.06383	3
1	42000001	0.856886	1.06383	3
1	43000001	1.15664	1.06383	3
1	44000001	1.21307	1.06383	3
1	45000001	0.910094	1.06383	3
1	46000001	1.10733	1.06383	3
1	47000001	0.948372	0.928978	3
1	48000001	0.949828	0.928978	3
1	49000001	0.719222	0.928978	3
1	50000001	0.716282	0.928978	3
1	51000001	1.09582	0.928978	3
1	52000001	0.965949	0.928978	3
1	53000001	1.00117	0.928978	3
1	54000001	0.805728	0.928978	3
1	55000001	0.820578	0.928978	3
1	56000001	0.750155	0.928978	3
1	57000001	1.06774	0.928978	3
1	58000001	0.770525	0.928978	3
1	59000001	0.765425	0.928978	3
1	60000001	1.04433	0.928978	3
1	61000001	0.85083	0.928978	3
1	62000001	1.02195	0.928978	3
1	63000001	0.966384	0.928978	3
1	64000001	0.794481	0.928978	3
1	65000001	0.945518	0.928978	3
1	66000001	0.709202	0.928978	3
1	67000001	0.840432	0.928978	3
1	68000001	1.08188	0.928978	3
1	69000001	0.8337	0.928978	3
1	70000001	0.69079	0.928978	3
1	71000001	1.14613	0.928978	3
1	72000001	0.955697	0.928978	3
1	73000001	1.04583	0.928978	3
1	74000001	0.853224	0.928978	3
1	75000001	1.10188	0.928978	3
1	76000001	0.902783	0.928978	3
1	77000001	0.909752	0.928978	3
1	78000001	1.00472	0.928978	3
1	79000001	1.05182	0.928978	3
1	80000001	0.91589	0.928978	3
1	81000001	1.141	0.928978	3
1	82000001	1.01106	0.928978	3
1	83000001	0.87384	0.928978	3
1	84000001	0.886775	0.928978	3
1	85000001	0.909189	0.928978	3
1	86000001	1.1125	0.928978	3
1	87000001	1.15472	0.928978	3
1	88000001	0.683165	0.928978	3
1	89000001	1.0219	0.928978	3
1	90000001	1.02189	0.928978	3
1	91000001	0.931503	0.928978	3
1	92000001	0.831765	0.928978	3
1	93000001	0.756288	0.928978	3
1	94000001	1.12454	0.928978	3
1	95000001	0.998071	0.928978	3
1	96000001	0.966963	0.928978	3
1	97000001	0.839023	0.928978	3
1	98000001	1.26347	0.928978	3
1	99000001	1.27624	0.928978	3
1	100000001	0.783861	0.928978	3
1	101000001	0.819351	0.928978	3
1	102000001	1.05937	0.928978	3
1	103000001	0.8646	0.928978	3
1	104000001	0.890329	0.928978	3
1	105000001	0.899045	0.928978	3
1	106000001	0.926454	0.928978	3
1	107000001	1.34824	1.28296	4
1	108000001	1.52248	1.28296	4
1	109000001	1.22923	1.28296	4
1	110000001	1.55033	1.28296	4
1	111000001	1.12414	1.28296	4
1	112000001	1.42728	1.28296	4
1	113000001	1.26884	1.28296	4
1	114000001	1.17146	1.28296	4
1	115000001	1.24796	1.28296	4
1	116000001	1.58854	1.28296	4
1	117000001	1.11748	1.28296	4
1	118000001	1.24598	1.28296	4
1	119000001	1.29708	1.28296	4
1	120000001	1.3547	1.28296	4
1	121000001	2.43836	1.94551	6
1	122000001	1.86222	1.94551	6
1	123000001	2.02881	1.94551	6
1	124000001	1.71511	1.94551	6
1	125000001	4.97539	-1	3
1	126000001	-1	-1	3
1	127000001	-1	-1	3
1	128000001	-1	-1	3
1	129000001	-1	-1	3
1	130000001	-1	-1	3
1	131000001	-1	-1	3
1	132000001	-1	-1	3
1	133000001	-1	-1	3
1	134000001	-1	-1	3
1	135000001	-1	-1	3
1	136000001	-1	-1	3
1	137000001	-1	-1	3
1	138000001	-1	-1	3
1	139000001	-1	-1	3
1	140000001	-1	-1	3
1	141000001	-1	-1	3
1	142000001	-1	-1	3
1	143000001	4.23582	-1	3
1	144000001	1.27162	1.00546	3
1	145000001	0.980751	1.00546	3
1	146000001	1.00757	1.00546	3
1	147000001	0.959437	1.00546	3
1	148000001	0.903397	1.00546	3
1	149000001	0.93025	1.00546	3
1	150000001	0.871438	1.00546	3
1	151000001	1.15046	1.00546	3
1	152000001	1.00335	1.00546	3
1	153000001	1.11591	1.00546	3
1	154000001	1.04608	1.00546	3
1	155000001	1.19311	1.00546	3
1	156000001	1.04172	1.00546	3
1	157000001	1.06529	1.00546	3
1	158000001	0.964956	1.00546	3
1	159000001	1.11914	1.00546	3
1	160000001	0.776207	1.00546	3
1	161000001	0.930982	1.00546	3
1	162000001	1.30981	1.18328	4
1	163000001	1.09445	1.18328	4
1	164000001	1.2976	1.18328	4
1	165000001	1.67722	1.18328	4
1	166000001	1.16919	1.18328	4
1	167000001	1.07788	1.18328	4
1	168000001	1.26295	1.18328	4
1	169000001	1.13049	1.18328	4
1	170000001	1.31439	1.18328	4
1	171000001	1.14431	1.18328	4
1	172000001	1.34983	1.18328	4
1	173000001	1.29348	1.18328	4
1	174000001	1.05887	1.18328	4
1	175000001	1.03986	1.18328	4
1	176000001	1.10845	1.18328	4
1	177000001	1.12882	1.18328	4
1	178000001	1.6119	1.18328	4
1	179000001	1.11793	1.18328	4
1	180000001	1.18346	1.18328	4
1	181000001	1.41925	1.18328	4
1	182000001	1.20376	1.18328	4
1	183000001	1.12616	1.18328	4
1	184000001	1.18114	1.18328	4
1	185000001	0.869319	1.18328	4
1	186000001	1.42204	1.18328	4
1	187000001	0.868892	1.18328	4
1	188000001	1.33233	1.18328	4
1	189000001	1.27203	1.18328	4
1	190000001	0.899589	1.18328	4
1	191000001	1.1831	1.18328	4
1	192000001	1.29526	1.18328	4
1	193000001	1.24213	1.18328	4
1	194000001	1.3783	1.18328	4
1	195000001	1.0418	1.18328	4
1	196000001	1.62087	1.28007	4
1	197000001	1.13823	1.28007	4
1	198000001	1.17814	1.28007	4
1	199000001	1.32104	1.28007	4
1	200000001	1.01499	1.28007	4
1	201000001	1.40846	1.28007	4
1	202000001	1.534	1.28007	4
1	203000001	1.41381	1.28007	4
1	204000001	1.32574	1.28007	4
1	205000001	1.28007	1.28007	4
1	206000001	1.59345	1.28007	4
1	207000001	1.201	1.28007	4
1	208000001	1.22721	1.28007	4
1	209000001	1.43475	1.28007	4
1	210000001	1.89728	1.28007	4
1	211000001	1.32985	1.28007	4
1	212000001	1.19655	1.28007	4
1	213000001	1.55264	1.28007	4
1	214000001	1.11311	1.28007	4
1	215000001	1.36767	1.28007	4
1	216000001	1.15201	1.28007	4
1	217000001	1.01391	1.28007	4
1	218000001	1.08397	1.28007	4
1	219000001	1.37028	1.28007	4
1	220000001	1.00197	1.28007	4
1	221000001	0.93863	1.28007	4
1	222000001	1.11545	1.28007	4
1	223000001	1.16266	1.28007	4
1	224000001	1.23545	1.28007	4
1	225000001	0.973208	1.28007	4
1	226000001	1.36931	1.28007	4
1	227000001	1.48512	1.28007	4
1	228000001	1.60358	1.28007	4
1	229000001	1.39203	1.28007	4
1	230000001	1.49481	1.28007	4
1	231000001	1.33393	1.28007	4
1	232000001	1.15608	1.28007	4
1	233000001	1.4049	1.28007	4
1	234000001	1.11139	1.28007	4
1	235000001	1.33169	1.28007	4
1	236000001	1.35744	1.28007	4
1	237000001	1.16057	1.28007	4
1	238000001	1.08373	1.28007	4
1	239000001	1.40292	1.28007	4
1	240000001	1.33025	1.28007	4
1	241000001	1.26248	1.28007	4
1	242000001	1.1375	1.28007	4
1	243000001	1.14	1.28007	4
1	244000001	1.26256	1.28007	4
1	245000001	1.55786	1.28007	4
1	246000001	1.39111	1.28007	4
1	247000001	1.22109	1.28007	4
1	248000001	0.925632	1.28007	4
10	1	1.12515	1.01809	3
10	1000001	1.23599	1.01809	3
10	2000001	0.673819	1.01809	3
10	3000001	1.11432	1.01809	3
10	4000001	1.03973	1.01809	3
10	5000001	0.972695	1.01809	3
10	6000001	0.970165	1.01809	3
10	7000001	0.750739	1.01809	3
10	8000001	0.912001	1.01809	3
10	9000001	0.822111	1.01809	3
10	10000001	1.02495	1.01809	3
10	11000001	1.08525	1.01809	3
10	12000001	1.1906	1.01809	3
10	13000001	1.15975	1.01809	3
10	14000001	1.04333	1.01809	3
10	15000001	1.03701	1.01809	3
10	16000001	0.910357	1.01809	3
10	17000001	1.04349	1.01809	3
10	18000001	0.942485	1.01809	3
10	19000001	0.883461	1.01809	3
10	20000001	0.873809	1.01809	3
10	21000001	1.12274	1.01809	3
10	22000001	1.01123	1.01809	3
10	23000001	1.07093	1.01809	3
10	24000001	0.992729	1.01809	3
10	25000001	0.987528	1.01809	3
10	26000001	0.876829	1.01809	3
10	27000001	0.771335	1.01809	3
10	28000001	1.02949	1.01809	3
10	29000001	0.837358	1.01809	3
10	30000001	1.13471	1.01809	3
10	31000001	0.990466	1.01809	3
10	32000001	0.949642	1.01809	3
10	33000001	1.04922	1.01809	3
10	34000001	1.02765	1.01809	3
10	35000001	1.006	1.01809	3
10	36000001	0.924708	1.01809	3
10	37000001	1.45578	1.01809	3
10	38000001	1.17081	1.01809	3
10	39000001	1.12855	1.01809	3
10	40000001	1.8159	1.8159	5
10	41000001	0.724744	1.24764	4
10	42000001	1.44988	1.24764	4
10	43000001	1.4297	1.24764	4
10	44000001	1.31624	1.24764	4
10	45000001	1.14006	1.24764	4
10	46000001	1.41564	1.24764	4
10	47000001	1.35169	1.24764	4
10	48000001	1.38362	1.24764	4
10	49000001	1.33569	1.24764	4
10	50000001	1.01671	1.24764	4
10	51000001	0.956071	1.24764	4
10	52000001	1.24026	1.24764	4
10	53000001	1.451	1.24764	4
10	54000001	1.22813	1.24764	4
10	55000001	1.32527	1.24764	4
10	56000001	1.27021	1.24764	4
10	57000001	0.90836	1.24764	4
10	58000001	1.4384	1.24764	4
10	59000001	0.831999	1.24764	4
10	60000001	0.84278	1.24764	4
10	61000001	1.07917	1.24764	4
10	62000001	1.43783	1.24764	4
10	63000001	1.0857	1.24764	4
10	64000001	1.20481	1.24764	4
10	65000001	1.02002	1.24764	4
10	66000001	1.10919	1.24764	4
10	67000001	1.07308	1.24764	4
10	68000001	1.37268	1.24764	4
10	69000001	1.38619	1.24764	4
10	70000001	1.24764	1.24764	4
10	71000001	1.22158	1.24764	4
10	72000001	1.49351	1.24764	4
10	73000001	1.14807	1.24764	4
10	74000001	1.42518	1.24764	4
10	75000001	1.35468	1.24764	4
10	76000001	1.20124	1.24764	4
10	77000001	1.53678	1.24764	4
10	78000001	1.19863	1.24764	4
10	79000001	1.43136	1.24764	4
10	80000001	1.36441	1.24764	4
10	81000001	1.34113	1.24764	4
10	82000001	1.14212	1.24764	4
10	83000001	1.00674	1.24764	4
10	84000001	1.53135	1.24764	4
10	85000001	1.12242	1.24764	4
10	86000001	0.616095	0.716964	2
10	87000001	0.819088	0.716964	2
10	88000001	0.440332	0.716964	2
10	89000001	0.690134	0.716964	2
10	90000001	0.783702	0.716964	2
10	91000001	0.508915	0.716964	2
10	92000001	0.648747	0.716964	2
10	93000001	0.55116	0.716964	2
10	94000001	0.734205	0.716964	2
10	95000001	0.788537	0.716964	2
10	96000001	0.579056	0.716964	2
10	97000001	0.849835	0.716964	2
10	98000001	0.944154	0.716964	2
10	99000001	0.648933	0.716964	2
10	100000001	0.644799	0.716964	2
10	101000001	0.769327	0.716964	2
10	102000001	0.803492	0.716964	2
10	103000001	0.852468	0.716964	2
10	104000001	0.671385	0.716964	2
10	105000001	0.579517	0.716964	2
10	106000001	0.720404	0.716964	2
10	107000001	0.635864	0.716964	2
10	108000001	0.592798	0.716964	2
10	109000001	0.730769	0.716964	2
10	110000001	0.553547	0.716964	2
10	111000001	0.616291	0.716964	2
10	112000001	0.713524	0.716964	2
10	113000001	0.635151	0.716964	2
10	114000001	0.532105	0.716964	2
10	115000001	0.739534	0.716964	2
10	116000001	0.62639	0.716964	2
10	117000001	0.753476	0.716964	2
10	118000001	0.757081	0.716964	2
10	119000001	1.02013	0.716964	2
10	120000001	0.741702	0.716964	2
10	121000001	0.735639	0.716964	2
10	122000001	0.892333	0.716964	2
10	123000001	0.638923	0.716964	2
10	124000001	0.738716	0.716964	2
10	125000001	0.872029	0.716964	2
10	126000001	2.43928	2.43928	7
10	127000001	0.798997	0.798997	2
10	128000001	0.663461	0.798997	2
10	129000001	0.808778	0.798997	2
10	130000001	0.819855	0.798997	2
10	131000001	0.783616	0.798997	2
10	132000001	0.720653	0.798997	2
10	133000001	2.27399	0.798997	2
11	1	1.13313	1.09656	3
11	1000001	1.19782	1.09656	3
11	2000001	1.08215	1.09656	3
11	3000001	1.13591	1.09656	3
11	4000001	0.926025	1.09656	3
11	5000001	0.892451	1.09656	3
11	6000001	0.953419	1.09656	3
11	7000001	0.815348	1.09656	3
11	8000001	1.2842	1.09656	3
11	9000001	0.844009	1.09656	3
11	10000001	1.11097	1.09656	3
11	11000001	2.02033	1.09656	3
11	12000001	0.944937	1.02673	3
11	13000001	1.02673	1.02673	3
11	14000001	0.905641	1.02673	3
11	15000001	1.15113	1.02673	3
11	16000001	0.756665	1.02673	3
11	17000001	0.957633	1.02673	3
11	18000001	1.0663	1.02673	3
11	19000001	1.11337	1.02673	3
11	20000001	1.16804	1.02673	3
11	21000001	0.954201	1.02673	3
11	22000001	1.06416	1.02673	3
11	23000001	0.749919	0.922892	3
11	24000001	0.796959	0.922892	3
11	25000001	0.922892	0.922892	3
11	26000001	0.927721	0.922892	3
11	27000001	0.963948	0.922892	3
11	28000001	1.03781	0.922892	3
11	29000001	0.808477	0.922892	3
11	30000001	0.855441	0.922892	3
11	31000001	0.930165	0.922892	3
11	32000001	1.06202	1.05845	3
11	33000001	1.13493	1.05845	3
11	34000001	1.05488	1.05845	3
11	35000001	1.02901	1.05845	3
11	36000001	1.21247	1.05845	3
11	37000001	0.962738	1.05845	3
11	38000001	0.776716	0.776716	2
11	39000001	0.883079	0.776716	2
11	40000001	0.750933	0.776716	2
11	41000001	1.10805	1.01014	3
11	42000001	0.987733	1.01014	3
11	43000001	1.01549	1.01014	3
11	44000001	1.15351	1.01014	3
11	45000001	1.05333	1.01014	3
11	46000001	0.970501	1.01014	3
11	47000001	0.953629	1.01014	3
11	48000001	0.978412	1.01014	3
11	49000001	0.81182	1.01014	3
11	50000001	1.26747	1.01014	3
11	51000001	0.965313	1.01014	3
11	52000001	1.01014	1.01014	3
11	53000001	1.01381	1.01014	3
11	54000001	0.813224	0.813224	2
11	55000001	1.00666	0.813224	2
11	56000001	0.759048	0.813224	2
11	57000001	1.07278	1.02235	3
11	58000001	0.94615	1.02235	3
11	59000001	1.0142	1.02235	3
11	60000001	1.0712	1.02235	3
11	61000001	1.0924	1.02235	3
11	62000001	1.09918	1.02235	3
11	63000001	1.01639	1.02235	3
11	64000001	0.985547	1.02235	3
11	65000001	1.02831	1.02235	3
11	66000001	0.989611	1.02235	3
11	67000001	1.19548	1.19548	4
11	68000001	1.08304	1.19548	4
11	69000001	1.34239	1.19548	4
11	70000001	1.09418	1.19548	4
11	71000001	1.35826	1.19548	4
11	72000001	1.03112	0.941608	3
11	73000001	0.935972	0.941608	3
11	74000001	0.941608	0.941608	3
11	75000001	0.779805	0.941608	3
11	76000001	0.998875	0.941608	3
11	77000001	0.789954	0.941608	3
11	78000001	1.05821	0.941608	3
11	79000001	1.08269	0.941608	3
11	80000001	0.947082	0.941608	3
11	81000001	0.903702	0.941608	3
11	82000001	0.820439	0.941608	3
11	83000001	0.737741	0.941608	3
11	84000001	1.03183	0.941608	3
11	85000001	0.825739	0.941608	3
11	86000001	1.03252	0.941608	3
11	87000001	0.894235	0.941608	3
11	88000001	1.01853	0.941608	3
11	89000001	0.747063	0.768822	2
11	90000001	0.822719	0.768822	2
11	91000001	0.790581	0.768822	2
11	92000001	0.694973	0.768822	2
11	93000001	0.976171	1.00887	3
11	94000001	1.05767	1.00887	3
11	95000001	1.04156	1.00887	3
11	96000001	1.10685	1.00887	3
11	97000001	0.958347	1.00887	3
11	98000001	0.830695	1.00887	3
11	99000001	0.934801	0.926319	3
11	100000001	0.917838	0.926319	3
11	101000001	1.15795	0.926319	3
11	102000001	0.592972	0.926319	3
11	103000001	1.2088	1.33176	4
11	104000001	1.45473	1.33176	4
11	105000001	0.770497	0.851956	3
11	106000001	0.742463	0.851956	3
11	107000001	0.847902	0.851956	3
11	108000001	0.856009	0.851956	3
11	109000001	1.04898	0.851956	3
11	110000001	0.937831	0.851956	3
11	111000001	0.804299	0.851956	3
11	112000001	0.914449	0.851956	3
11	113000001	1.06111	0.851956	3
11	114000001	0.741067	0.851956	3
11	115000001	0.754528	0.851956	3
11	116000001	0.894661	0.851956	3
11	117000001	1.02628	0.932551	3
11	118000001	0.98149	0.932551	3
11	119000001	0.929803	0.932551	3
11	120000001	0.903019	0.932551	3
11	121000001	1.07104	0.932551	3
11	122000001	0.881613	0.932551	3
11	123000001	1.05919	0.932551	3
11	124000001	0.804802	0.932551	3
11	125000001	1.15433	0.932551	3
11	126000001	1.07121	0.932551	3
11	127000001	0.759235	0.932551	3
11	128000001	0.906402	0.932551	3
11	129000001	0.897231	0.932551	3
11	130000001	1.01895	0.932551	3
11	131000001	0.932551	0.932551	3
11	132000001	1.11419	1.08111	3
11	133000001	1.04803	1.08111	3
11	134000001	0.948124	1.08111	3
11	135000001	1.46364	1.08111	3
12	1	0.697934	0.675855	2
12	1000001	0.691607	0.675855	2
12	2000001	0.775998	0.675855	2
12	3000001	0.716384	0.675855	2
12	4000001	0.541606	0.675855	2
12	5000001	0.716425	0.675855	2
12	6000001	0.846524	0.675855	2
12	7000001	0.648232	0.675855	2
12	8000001	0.644337	0.675855	2
12	9000001	0.841634	0.675855	2
12	10000001	0.550982	0.675855	2
12	11000001	0.689784	0.675855	2
12	12000001	0.620159	0.675855	2
12	13000001	0.621343	0.675855	2
12	14000001	0.559696	0.675855	2
12	15000001	0.619947	0.675855	2
12	16000001	0.675855	0.675855	2
12	17000001	0.625126	0.675855	2
12	18000001	0.724902	0.675855	2
12	19000001	0.646346	0.675855	2
12	20000001	0.840356	0.675855	2
12	21000001	0.541308	0.675855	2
12	22000001	0.74539	0.675855	2
12	23000001	0.87584	0.965787	3
12	24000001	0.949418	0.965787	3
12	25000001	0.909285	0.965787	3
12	26000001	0.985132	0.965787	3
12	27000001	0.961	0.965787	3
12	28000001	1.26974	0.965787	3
12	29000001	0.983613	0.965787	3
12	30000001	0.972049	0.965787	3
12	31000001	1.12578	0.965787	3
12	32000001	0.858855	0.965787	3
12	33000001	0.764458	0.965787	3
12	34000001	0.944445	0.965787	3
12	35000001	0.975425	0.965787	3
12	36000001	0.744646	0.965787	3
12	37000001	0.746289	0.965787	3
12	38000001	0.932498	0.965787	3
12	39000001	0.926514	0.965787	3
12	40000001	1.16639	0.965787	3
12	41000001	0.902763	0.965787	3
12	42000001	0.970574	0.965787	3
12	43000001	0.979492	0.965787	3
12	44000001	1.18162	0.965787	3
12	45000001	1.01506	0.965787	3
12	46000001	1.10899	0.965787	3
12	47000001	1.22865	1.5461	5
12	48000001	1.86354	1.5461	5
12	49000001	1.02375	0.937002	3
12	50000001	0.978346	0.937002	3
12	51000001	0.913765	0.937002	3
12	52000001	0.859905	0.937002	3
12	53000001	0.93961	0.937002	3
12	54000001	1.05043	0.937002	3
12	55000001	0.817976	0.937002	3
12	56000001	1.10262	0.937002	3
12	57000001	0.824382	0.937002	3
12	58000001	1.12839	0.937002	3
12	59000001	1.05228	0.937002	3
12	60000001	0.677293	0.937002	3
12	61000001	0.877339	0.937002	3
12	62000001	0.845511	0.937002	3
12	63000001	0.959381	0.937002	3
12	64000001	0.991628	0.937002	3
12	65000001	0.937448	0.937002	3
12	66000001	1.04437	0.937002	3
12	67000001	1.0422	0.937002	3
12	68000001	0.769459	0.937002	3
12	69000001	0.760044	0.937002	3
12	70000001	0.749503	0.937002	3
12	71000001	0.936556	0.937002	3
12	72000001	1.0696	0.937002	3
12	73000001	1.00532	0.937002	3
12	74000001	0.833242	0.937002	3
12	75000001	0.974865	0.937002	3
12	76000001	0.805849	0.937002	3
12	77000001	0.888652	0.937002	3
12	78000001	0.77947	0.937002	3
12	79000001	0.864119	0.937002	3
12	80000001	1.07681	0.937002	3
12	81000001	0.906947	0.937002	3
12	82000001	1.05761	0.937002	3
12	83000001	1.23228	1.20557	4
12	84000001	1.10378	1.20557	4
12	85000001	1.17886	1.20557	4
12	86000001	1.51133	1.20557	4
12	87000001	0.967669	0.980936	3
12	88000001	1.17266	0.980936	3
12	89000001	1.00317	0.980936	3
12	90000001	0.856542	0.980936	3
12	91000001	0.764877	0.980936	3
12	92000001	0.95574	0.980936	3
12	93000001	1.0645	0.980936	3
12	94000001	0.875399	0.980936	3
12	95000001	0.955633	0.980936	3
12	96000001	1.06076	0.980936	3
12	97000001	1.11599	0.980936	3
12	98000001	0.834982	0.980936	3
12	99000001	0.920443	0.980936	3
12	100000001	0.754584	0.980936	3
12	101000001	1.16233	0.980936	3
12	102000001	0.858779	0.980936	3
12	103000001	0.937546	0.980936	3
12	104000001	0.994203	0.980936	3
12	105000001	0.939669	0.980936	3
12	106000001	1.00837	0.980936	3
12	107000001	1.17558	0.980936	3
12	108000001	1.14027	0.980936	3
12	109000001	1.06653	0.980936	3
12	110000001	1.28472	0.980936	3
12	111000001	1.04971	0.980936	3
12	112000001	0.877404	0.980936	3
12	113000001	0.828767	0.980936	3
12	114000001	0.939736	0.980936	3
12	115000001	0.945403	0.980936	3
12	116000001	1.0327	0.980936	3
12	117000001	1.06559	0.980936	3
12	118000001	0.848799	0.980936	3
12	119000001	1.01853	0.980936	3
12	120000001	0.934339	0.980936	3
12	121000001	0.919149	0.980936	3
12	122000001	1.04992	0.980936	3
12	123000001	1.02529	0.980936	3
12	124000001	1.07204	0.980936	3
12	125000001	1.04411	0.980936	3
12	126000001	0.892041	0.980936	3
12	127000001	0.795158	0.980936	3
12	128000001	1.00868	0.980936	3
12	129000001	1.2584	1.19695	4
12	130000001	1.13551	1.19695	4
12	131000001	1.59802	1.59802	5
12	132000001	1.23674	1.59802	5
12	133000001	1.73136	1.59802	5
13	1	-1	-1	2
13	1000001	-1	-1	2
13	2000001	-1	-1	2
13	3000001	-1	-1	2
13	4000001	-1	-1	2
13	5000001	-1	-1	2
13	6000001	-1	-1	2
13	7000001	-1	-1	2
13	8000001	-1	-1	2
13	9000001	-1	-1	2
13	10000001	-1	-1	2
13	11000001	-1	-1	2
13	12000001	-1	-1	2
13	13000001	-1	-1	2
13	14000001	-1	-1	2
13	15000001	-1	-1	2
13	16000001	0.603967	0.670965	2
13	17000001	0.633469	0.670965	2
13	18000001	0.90994	0.670965	2
13	19000001	0.728128	0.670965	2
13	20000001	0.662093	0.670965	2
13	21000001	0.59919	0.670965	2
13	22000001	0.616625	0.670965	2
13	23000001	0.604101	0.670965	2
13	24000001	0.660168	0.670965	2
13	25000001	0.580793	0.670965	2
13	26000001	0.612556	0.670965	2
13	27000001	0.472548	0.670965	2
13	28000001	0.453335	0.670965	2
13	29000001	0.709239	0.670965	2
13	30000001	0.664285	0.670965	2
13	31000001	0.875464	0.670965	2
13	32000001	0.586636	0.670965	2
13	33000001	0.676325	0.670965	2
13	34000001	0.527504	0.670965	2
13	35000001	0.795047	0.670965	2
13	36000001	0.907772	0.670965	2
13	37000001	0.713593	0.670965	2
13	38000001	0.703943	0.670965	2
13	39000001	0.7354	0.670965	2
13	40000001	0.697323	0.670965	2
13	41000001	1.36253	0.670965	2
13	42000001	0.683515	0.670965	2
13	43000001	0.369734	0.670965	2
13	44000001	0.851789	0.670965	2
13	45000001	0.995888	0.670965	2
13	46000001	0.679617	0.670965	2
13	47000001	0.939155	0.670965	2
13	48000001	0.746814	0.670965	2
13	49000001	0.596634	0.670965	2
13	50000001	0.695943	0.670965	2
13	51000001	0.675038	0.670965	2
13	52000001	0.607344	0.670965	2
13	53000001	0.532932	0.670965	2
13	54000001	0.614803	0.670965	2
13	55000001	0.540791	0.670965	2
13	56000001	0.791328	0.670965	2
13	57000001	0.475876	0.670965	2
13	58000001	0.559781	0.670965	2
13	59000001	0.780526	0.670965	2
13	60000001	0.876257	0.670965	2
13	61000001	0.563772	0.670965	2
13	62000001	0.673971	0.670965	2
13	63000001	0.535087	0.670965	2
13	64000001	0.645867	0.670965	2
13	65000001	0.627603	0.670965	2
13	66000001	0.478229	0.670965	2
13	67000001	0.613102	0.670965	2
13	68000001	0.489141	0.670965	2
13	69000001	0.573138	0.670965	2
13	70000001	0.747358	0.670965	2
13	71000001	1.35859	0.670965	2
13	72000001	0.907738	0.670965	2
13	73000001	0.842581	0.670965	2
13	74000001	0.474393	0.670965	2
13	75000001	0.607469	0.670965	2
13	76000001	0.563114	0.670965	2
13	77000001	0.670965	0.670965	2
13	78000001	0.703802	0.670965	2
13	79000001	0.489986	0.670965	2
13	80000001	1.53025	0.670965	2
13	81000001	0.67724	0.670965	2
13	82000001	0.917757	0.670965	2
13	83000001	0.557778	0.670965	2
13	84000001	0.600855	0.670965	2
13	85000001	0.7145	0.670965	2
13	86000001	0.849703	0.670965	2
13	87000001	0.741801	0.670965	2
13	88000001	0.903146	0.670965	2
13	89000001	1.53329	1.53329	5
13	90000001	4.26316	3.64949	11
13	91000001	3.03582	3.64949	11
13	92000001	2.17568	2.17568	7
13	93000001	1.23758	1.23758	4
13	94000001	0.663984	0.776061	2
13	95000001	0.629541	0.776061	2
13	96000001	0.839603	0.776061	2
13	97000001	0.822866	0.776061	2
13	98000001	0.733163	0.776061	2
13	99000001	0.897995	0.776061	2
13	100000001	0.683117	0.776061	2
13	101000001	0.613397	0.776061	2
13	102000001	0.887188	0.776061	2
13	103000001	0.66905	0.776061	2
13	104000001	0.414026	0.776061	2
13	105000001	0.813694	0.776061	2
13	106000001	0.667785	0.776061	2
13	107000001	1.13477	0.776061	2
13	108000001	0.806828	0.776061	2
13	109000001	0.794827	0.776061	2
13	110000001	0.776061	0.776061	2
13	111000001	0.697668	0.776061	2
13	112000001	0.79624	0.776061	2
13	113000001	0.959947	0.776061	2
13	114000001	0.48527	0.776061	2
14	1	-1	-1	3
14	1000001	-1	-1	3
14	2000001	-1	-1	3
14	3000001	-1	-1	3
14	4000001	-1	-1	3
14	5000001	-1	-1	3
14	6000001	-1	-1	3
14	7000001	-1	-1	3
14	8000001	-1	-1	3
14	9000001	-1	-1	3
14	10000001	-1	-1	3
14	11000001	-1	-1	3
14	12000001	-1	-1	3
14	13000001	-1	-1	3
14	14000001	-1	-1	3
14	15000001	-1	-1	3
14	16000001	1.10087	1.00002	3
14	17000001	0.762073	1.00002	3
14	18000001	0.899167	1.00002	3
14	19000001	1.38257	1.00002	3
14	20000001	0.723598	0.626978	2
14	21000001	0.707511	0.626978	2
14	22000001	0.731819	0.626978	2
14	23000001	0.696137	0.626978	2
14	24000001	0.639308	0.626978	2
14	25000001	0.500295	0.626978	2
14	26000001	0.500272	0.626978	2
14	27000001	0.418277	0.626978	2
14	28000001	0.701719	0.626978	2
14	29000001	0.583324	0.626978	2
14	30000001	0.72694	0.626978	2
14	31000001	0.424629	0.626978	2
14	32000001	0.914096	0.626978	2
14	33000001	0.639497	0.626978	2
14	34000001	0.830307	0.626978	2
14	35000001	0.497778	0.626978	2
14	36000001	0.543498	0.626978	2
14	37000001	0.626978	0.626978	2
14	38000001	0.648599	0.626978	2
14	39000001	0.687907	0.626978	2
14	40000001	0.477264	0.626978	2
14	41000001	0.603771	0.626978	2
14	42000001	0.48954	0.626978	2
14	43000001	0.585541	0.626978	2
14	44000001	0.68262	0.626978	2
14	45000001	0.628943	0.626978	2
14	46000001	0.56274	0.626978	2
14	47000001	0.576175	0.626978	2
14	48000001	0.46424	0.626978	2
14	49000001	0.570858	0.626978	2
14	50000001	0.858472	0.626978	2
14	51000001	0.50829	0.626978	2
14	52000001	0.59782	0.626978	2
14	53000001	0.684935	0.626978	2
14	54000001	0.711245	0.626978	2
14	55000001	0.760646	0.626978	2
14	56000001	0.727036	0.626978	2
14	57000001	0.484853	0.626978	2
14	58000001	0.554507	0.626978	2
14	59000001	0.865711	0.865711	3
14	60000001	1.61781	1.61781	5
14	61000001	0.637307	0.661993	2
14	62000001	0.500105	0.661993	2
14	63000001	0.604053	0.661993	2
14	64000001	0.783639	0.661993	2
14	65000001	0.716143	0.661993	2
14	66000001	0.553424	0.661993	2
14	67000001	0.694096	0.661993	2
14	68000001	0.639696	0.661993	2
14	69000001	0.581116	0.661993	2
14	70000001	0.674945	0.661993	2
14	71000001	0.702913	0.661993	2
14	72000001	0.652501	0.661993	2
14	73000001	0.696151	0.661993	2
14	74000001	0.671486	0.661993	2
14	75000001	0.737173	0.661993	2
14	76000001	0.566509	0.661993	2
14	77000001	0.673769	0.661993	2
14	78000001	0.732662	0.661993	2
14	79000001	0.75338	0.661993	2
14	80000001	0.519275	0.661993	2
14	81000001	0.677143	0.661993	2
14	82000001	0.499555	0.661993	2
14	83000001	0.58325	0.661993	2
14	84000001	0.697924	0.661993	2
14	85000001	0.503488	0.661993	2
14	86000001	0.693856	0.661993	2
14	87000001	0.492224	0.661993	2
14	88000001	0.560555	0.661993	2
14	89000001	0.938151	0.705975	2
14	90000001	0.67915	0.705975	2
14	91000001	0.681571	0.705975	2
14	92000001	0.789677	0.705975	2
14	93000001	0.893218	0.705975	2
14	94000001	0.682078	0.705975	2
14	95000001	0.667396	0.705975	2
14	96000001	0.96389	0.705975	2
14	97000001	0.693872	0.705975	2
14	98000001	0.616392	0.705975	2
14	99000001	0.734099	0.705975	2
14	100000001	0.709252	0.705975	2
14	101000001	0.742692	0.705975	2
14	102000001	0.787438	0.705975	2
14	103000001	0.606739	0.705975	2
14	104000001	0.856562	0.705975	2
14	105000001	0.6862	0.705975	2
14	106000001	0.702699	0.705975	2
14	107000001	-1	-1	2
15	1	-1	-1	4
15	1000001	-1	-1	4
15	2000001	-1	-1	4
15	3000001	-1	-1	4
15	4000001	-1	-1	4
15	5000001	-1	-1	4
15	6000001	-1	-1	4
15	7000001	-1	-1	4
15	8000001	-1	-1	4
15	9000001	-1	-1	4
15	10000001	-1	-1	4
15	11000001	-1	-1	4
15	12000001	-1	-1	4
15	13000001	-1	-1	4
15	14000001	-1	-1	4
15	15000001	-1	-1	4
15	16000001	-1	-1	4
15	17000001	0.992678	1.22971	4
15	18000001	1.0943	1.22971	4
15	19000001	1.26029	1.22971	4
15	20000001	1.39905	1.22971	4
15	21000001	1.19914	1.22971	4
15	22000001	1.33109	1.22971	4
15	23000001	0.833997	0.963525	3
15	24000001	1.06674	0.963525	3
15	25000001	1.01326	0.963525	3
15	26000001	0.822014	0.963525	3
15	27000001	0.847002	0.963525	3
15	28000001	0.872401	0.963525	3
15	29000001	1.27315	0.963525	3
15	30000001	0.955564	0.963525	3
15	31000001	0.820317	0.963525	3
15	32000001	1.20703	0.963525	3
15	33000001	1.24628	0.963525	3
15	34000001	0.77297	0.963525	3
15	35000001	0.971487	0.963525	3
15	36000001	0.979538	0.963525	3
15	37000001	0.799138	0.963525	3
15	38000001	1.07638	0.963525	3
15	39000001	0.850619	0.963525	3
15	40000001	1.09005	0.963525	3
15	41000001	0.747646	0.963525	3
15	42000001	0.91896	0.963525	3
15	43000001	1.20037	0.963525	3
15	44000001	0.984603	0.963525	3
15	45000001	1.50287	1.50287	5
15	46000001	1.02772	0.826675	2
15	47000001	0.693917	0.826675	2
15	48000001	0.826653	0.826675	2
15	49000001	1.18995	0.826675	2
15	50000001	0.9548	0.826675	2
15	51000001	0.826698	0.826675	2
15	52000001	0.794501	0.826675	2
15	53000001	0.751835	0.826675	2
15	54000001	1.11082	1.00447	3
15	55000001	1.10284	1.00447	3
15	56000001	0.755558	1.00447	3
15	57000001	1.06087	1.00447	3
15	58000001	0.833912	1.00447	3
15	59000001	1.17711	1.00447	3
15	60000001	0.774732	1.00447	3
15	61000001	0.924255	1.00447	3
15	62000001	1.17714	1.00447	3
15	63000001	0.940245	1.00447	3
15	64000001	1.1248	1.00447	3
15	65000001	0.921436	1.00447	3
15	66000001	1.1634	1.00447	3
15	67000001	0.859535	1.00447	3
15	68000001	1.13923	1.00447	3
15	69000001	0.957284	1.00447	3
15	70000001	1.05415	1.00447	3
15	71000001	0.954352	1.00447	3
15	72000001	1.04641	1.00447	3
15	73000001	1.00281	1.00447	3
15	74000001	1.0166	1.00447	3
15	75000001	1.16923	1.00447	3
15	76000001	0.925388	1.00447	3
15	77000001	0.933431	1.00447	3
15	78000001	1.00447	1.00447	3
15	79000001	1.12372	1.00447	3
15	80000001	1.0743	1.00447	3
15	81000001	0.915377	1.00447	3
15	82000001	0.90754	1.00447	3
15	83000001	0.928011	1.00447	3
15	84000001	1.00568	1.00447	3
15	85000001	1.09362	1.00447	3
15	86000001	0.933446	1.00447	3
15	87000001	0.965921	1.00447	3
15	88000001	1.05799	1.00447	3
15	89000001	1.48717	1.48717	4
15	90000001	0.945889	0.999389	3
15	91000001	1.04437	0.999389	3
15	92000001	0.988521	0.999389	3
15	93000001	1.04775	0.999389	3
15	94000001	0.751576	0.999389	3
15	95000001	0.894466	0.999389	3
15	96000001	1.05451	0.999389	3
15	97000001	0.84986	0.999389	3
15	98000001	1.03477	0.999389	3
15	99000001	1.01026	0.999389	3
15	100000001	1.0476	0.999389	3
15	101000001	0.877665	0.999389	3
16	1	1.07041	1.21817	4
16	1000001	1.36048	1.21817	4
16	2000001	1.11956	1.21817	4
16	3000001	1.31678	1.21817	4
16	4000001	0.980906	0.980906	3
16	5000001	1.00461	0.980906	3
16	6000001	1.02575	0.980906	3
16	7000001	0.942087	0.980906	3
16	8000001	0.922856	0.980906	3
16	9000001	0.934233	0.980906	3
16	10000001	1.48034	0.980906	3
16	11000001	0.846815	0.980906	3
16	12000001	0.879746	0.980906	3
16	13000001	0.969015	0.980906	3
16	14000001	0.985255	0.980906	3
16	15000001	1.17825	0.980906	3
16	16000001	1.08145	0.980906	3
16	17000001	0.966844	0.980906	3
16	18000001	1.04139	0.980906	3
16	19000001	0.887779	0.980906	3
16	20000001	0.949264	0.980906	3
16	21000001	0.944184	0.980906	3
16	22000001	1.06672	0.980906	3
16	23000001	1.55979	0.980906	3
16	24000001	0.805823	0.980906	3
16	25000001	0.981311	0.980906	3
16	26000001	0.685417	0.980906	3
16	27000001	0.91911	0.980906	3
16	28000001	1.1693	0.980906	3
16	29000001	1.11316	0.980906	3
16	30000001	1.02442	0.980906	3
16	31000001	1.04611	0.980906	3
16	32000001	0.939546	0.980906	3
16	33000001	1.63309	1.77338	5
16	34000001	1.91366	1.77338	5
16	35000001	1.20127	1.00214	3
16	36000001	0.995377	1.00214	3
16	37000001	0.790094	1.00214	3
16	38000001	1.0089	1.00214	3
16	39000001	-1	-1	3
16	40000001	-1	-1	3
16	41000001	-1	-1	3
16	42000001	-1	-1	3
16	43000001	-1	-1	3
16	44000001	-1	-1	3
16	45000001	-1	-1	3
16	46000001	3.82953	3.82953	11
16	47000001	0.962337	0.914268	3
16	48000001	0.90688	0.914268	3
16	49000001	1.04753	0.914268	3
16	50000001	0.84534	0.914268	3
16	51000001	0.715255	0.914268	3
16	52000001	0.648916	0.914268	3
16	53000001	1.19826	0.914268	3
16	54000001	1.00376	0.914268	3
16	55000001	1.14572	0.914268	3
16	56000001	0.798735	0.914268	3
16	57000001	1.22959	0.914268	3
16	58000001	0.855711	0.914268	3
16	59000001	0.614141	0.914268	3
16	60000001	0.897121	0.914268	3
16	61000001	0.795583	0.914268	3
16	62000001	0.796707	0.914268	3
16	63000001	0.884348	0.914268	3
16	64000001	0.921656	0.914268	3
16	65000001	0.978495	0.914268	3
16	66000001	0.998379	0.914268	3
16	67000001	0.897551	0.914268	3
16	68000001	1.21751	0.914268	3
16	69000001	1.11059	0.914268	3
16	70000001	0.788445	0.914268	3
16	71000001	0.927402	0.914268	3
16	72000001	1.00941	0.914268	3
16	73000001	1.07464	1.11307	3
16	74000001	1.44352	1.11307	3
16	75000001	0.940503	1.11307	3
16	76000001	1.00019	1.11307	3
16	77000001	0.989245	1.11307	3
16	78000001	1.08608	1.11307	3
16	79000001	1.14006	1.11307	3
16	80000001	1.05279	1.11307	3
16	81000001	1.27428	1.11307	3
16	82000001	1.27566	1.11307	3
16	83000001	1.01555	1.11307	3
16	84000001	1.49044	1.11307	3
16	85000001	1.22282	1.11307	3
16	86000001	1.47711	1.11307	3
16	87000001	1.16305	1.11307	3
16	88000001	1.65265	1.11307	3
16	89000001	0.957843	1.11307	3
16	90000001	0.851023	1.11307	3
17	1	1.07878	0.735626	2
17	1000001	0.876	0.735626	2
17	2000001	0.626057	0.735626	2
17	3000001	0.735626	0.735626	2
17	4000001	0.85221	0.735626	2
17	5000001	0.621632	0.735626	2
17	6000001	0.784463	0.735626	2
17	7000001	0.728202	0.735626	2
17	8000001	0.773894	0.735626	2
17	9000001	0.854949	0.735626	2
17	10000001	0.663339	0.735626	2
17	11000001	0.633718	0.735626	2
17	12000001	0.762735	0.735626	2
17	13000001	0.728645	0.735626	2
17	14000001	0.670916	0.735626	2
17	15000001	0.67856	0.735626	2
17	16000001	0.655165	0.735626	2
17	17000001	0.472447	0.735626	2
17	18000001	0.714782	0.735626	2
17	19000001	0.868261	0.735626	2
17	20000001	0.624243	0.735626	2
17	21000001	0.857225	0.735626	2
17	22000001	0.899535	0.735626	2
17	23000001	0.847198	0.735626	2
17	24000001	0.825468	0.735626	2
17	25000001	1.46106	1.6442	5
17	26000001	1.82735	1.6442	5
17	27000001	0.967218	1.02991	3
17	28000001	1.03717	1.02991	3
17	29000001	1.09525	1.02991	3
17	30000001	1.02991	1.02991	3
17	31000001	0.917499	1.02991	3
17	32000001	0.969313	1.02991	3
17	33000001	1.01398	1.02991	3
17	34000001	1.00614	1.02991	3
17	35000001	1.20833	1.02991	3
17	36000001	1.05717	1.02991	3
17	37000001	1.06873	1.02991	3
17	38000001	1.1949	1.02991	3
17	39000001	0.915583	1.02991	3
17	40000001	0.996757	1.02991	3
17	41000001	1.10356	1.02991	3
17	42000001	1.11299	1.02991	3
17	43000001	1.16035	1.02991	3
17	44000001	1.05068	1.02991	3
17	45000001	1.06162	1.02991	3
17	46000001	0.871916	1.02991	3
17	47000001	0.751669	1.02991	3
17	48000001	0.873909	1.02991	3
17	49000001	1.06333	1.02991	3
17	50000001	0.989821	1.02991	3
17	51000001	0.747328	1.02991	3
17	52000001	0.871348	1.02991	3
17	53000001	0.826845	1.02991	3
17	54000001	1.05578	1.02991	3
17	55000001	0.970885	1.02991	3
17	56000001	1.04007	1.02991	3
17	57000001	1.01209	1.02991	3
17	58000001	1.0652	1.02991	3
17	59000001	0.986399	1.02991	3
17	60000001	1.16496	1.02991	3
17	61000001	0.920057	1.02991	3
17	62000001	1.36711	1.02991	3
17	63000001	1.2904	1.02991	3
17	64000001	1.03981	1.02991	3
17	65000001	0.834494	1.02991	3
17	66000001	1.11207	1.02991	3
17	67000001	0.938553	1.02991	3
17	68000001	0.930484	1.02991	3
17	69000001	1.2602	1.02991	3
17	70000001	0.680002	0.918415	3
17	71000001	0.752677	0.918415	3
17	72000001	0.918415	0.918415	3
17	73000001	0.983031	0.918415	3
17	74000001	0.951145	0.918415	3
17	75000001	1.01143	0.918415	3
17	76000001	0.889766	0.918415	3
17	77000001	1.70835	1.17654	4
17	78000001	1.16329	1.17654	4
17	79000001	1.18663	1.17654	4
17	80000001	1.16644	1.17654	4
17	81000001	2.81265	2.81265	8
17	82000001	0.935616	0.874317	3
17	83000001	0.813019	0.874317	3
18	1	2.7277	2.7277	8
18	1000001	1.31784	1.26379	4
18	2000001	1.19501	1.26379	4
18	3000001	1.45098	1.26379	4
18	4000001	1.25058	1.26379	4
18	5000001	1.27996	1.26379	4
18	6000001	1.39232	1.26379	4
18	7000001	1.34204	1.26379	4
18	8000001	1.26379	1.26379	4
18	9000001	1.34313	1.26379	4
18	10000001	1.01184	1.26379	4
18	11000001	0.884925	1.26379	4
18	12000001	0.787949	1.26379	4
18	13000001	1.12541	1.26379	4
18	14000001	1.02975	1.26379	4
18	15000001	1.19687	1.26379	4
18	16000001	1.50792	1.26379	4
18	17000001	1.40344	1.26379	4
18	18000001	1.5087	1.26379	4
18	19000001	1.9052	1.26379	4
18	20000001	1.1123	1.26379	4
18	21000001	1.02331	1.26379	4
18	22000001	1.2185	1.26379	4
18	23000001	1.36206	1.26379	4
18	24000001	1.41444	1.26379	4
18	25000001	1.20573	1.26379	4
18	26000001	1.34642	1.26379	4
18	27000001	1.15808	1.26379	4
18	28000001	1.11855	1.26379	4
18	29000001	1.54621	1.26379	4
18	30000001	0.977125	0.914681	3
18	31000001	0.781793	0.914681	3
18	32000001	0.848145	0.914681	3
18	33000001	1.07421	0.914681	3
18	34000001	0.770308	0.914681	3
18	35000001	0.990277	0.914681	3
18	36000001	1.04794	0.914681	3
18	37000001	0.818126	0.914681	3
18	38000001	0.766503	0.914681	3
18	39000001	1.08722	0.914681	3
18	40000001	1.10108	0.914681	3
18	41000001	0.917626	0.914681	3
18	42000001	0.664635	0.914681	3
18	43000001	0.619608	0.914681	3
18	44000001	1.2412	0.914681	3
18	45000001	0.911737	0.914681	3
18	46000001	0.764264	0.914681	3
18	47000001	0.927165	0.914681	3
18	48000001	0.517029	0.702955	2
18	49000001	0.628019	0.702955	2
18	50000001	0.59668	0.702955	2
18	51000001	0.693896	0.702955	2
18	52000001	0.7292	0.702955	2
18	53000001	0.664725	0.702955	2
18	54000001	0.673655	0.702955	2
18	55000001	0.59642	0.702955	2
18	56000001	1.07623	0.702955	2
18	57000001	0.542187	0.702955	2
18	58000001	0.527502	0.702955	2
18	59000001	0.864005	0.702955	2
18	60000001	0.712439	0.702955	2
18	61000001	1.66065	0.702955	2
18	62000001	0.748609	0.702955	2
18	63000001	0.548258	0.702955	2
18	64000001	0.823185	0.702955	2
18	65000001	0.494386	0.702955	2
18	66000001	0.584772	0.702955	2
18	67000001	0.691207	0.702955	2
18	68000001	0.756613	0.702955	2
18	69000001	0.71252	0.702955	2
18	70000001	0.738475	0.702955	2
18	71000001	0.546479	0.702955	2
18	72000001	0.759939	0.702955	2
18	73000001	0.675844	0.702955	2
18	74000001	0.702955	0.702955	2
18	75000001	0.806574	0.702955	2
18	76000001	0.775749	0.702955	2
18	77000001	1.38992	0.702955	2
18	78000001	0.579028	0.702955	2
18	79000001	0.844008	0.702955	2
18	80000001	1.07063	0.702955	2
19	1	1.22404	1.14456	3
19	1000001	0.985637	1.14456	3
19	2000001	1.17244	1.14456	3
19	3000001	1.10235	1.14456	3
19	4000001	1.12104	1.14456	3
19	5000001	1.05953	1.14456	3
19	6000001	1.06465	1.14456	3
19	7000001	1.15914	1.14456	3
19	8000001	1.10396	1.14456	3
19	9000001	0.966218	1.14456	3
19	10000001	1.19893	1.14456	3
19	11000001	1.30932	1.14456	3
19	12000001	0.970472	1.14456	3
19	13000001	0.924908	1.14456	3
19	14000001	1.22163	1.14456	3
19	15000001	1.14456	1.14456	3
19	16000001	1.50213	1.14456	3
19	17000001	1.20078	1.14456	3
19	18000001	1.00666	1.14456	3
19	19000001	1.24234	1.14456	3
19	20000001	1.23389	1.14456	3
19	21000001	0.87404	1.14456	3
19	22000001	0.863509	1.14456	3
19	23000001	1.18316	1.14456	3
19	24000001	1.16613	1.14456	3
19	25000001	1.86503	1.82579	5
19	26000001	1.78655	1.82579	5
19	27000001	1.44359	1.44359	4
19	28000001	0.812187	1.08366	3
19	29000001	1.19712	1.08366	3
19	30000001	0.926702	1.08366	3
19	31000001	1.18665	1.08366	3
19	32000001	1.36805	1.08366	3
19	33000001	1.19025	1.08366	3
19	34000001	1.05533	1.08366	3
19	35000001	1.10616	1.08366	3
19	36000001	1.37374	1.08366	3
19	37000001	1.11093	1.08366	3
19	38000001	0.930162	1.08366	3
19	39000001	0.919381	1.08366	3
19	40000001	1.14377	1.08366	3
19	41000001	1.01424	1.08366	3
19	42000001	1.28278	1.08366	3
19	43000001	1.08724	1.08366	3
19	44000001	1.19548	1.08366	3
19	45000001	1.10479	1.08366	3
19	46000001	1.00248	1.08366	3
19	47000001	1.08366	1.08366	3
19	48000001	0.964002	1.08366	3
19	49000001	1.0101	1.08366	3
19	50000001	0.925922	1.08366	3
19	51000001	1.03493	1.08366	3
19	52000001	0.951718	1.08366	3
19	53000001	0.932072	1.08366	3
19	54000001	1.10172	1.08366	3
19	55000001	1.04133	1.08366	3
19	56000001	0.980146	1.08366	3
19	57000001	1.09576	1.08366	3
19	58000001	1.2246	1.08366	3
2	1	1.1221	1.27465	4
2	1000001	1.42721	1.27465	4
2	2000001	0.92867	0.960413	3
2	3000001	0.786183	0.960413	3
2	4000001	0.793514	0.960413	3
2	5000001	1.17252	0.960413	3
2	6000001	0.959828	0.960413	3
2	7000001	0.849127	0.960413	3
2	8000001	0.929343	0.960413	3
2	9000001	0.907889	0.960413	3
2	10000001	1.06142	0.960413	3
2	11000001	1.1171	0.960413	3
2	12000001	0.800698	0.960413	3
2	13000001	0.97701	0.960413	3
2	14000001	0.925409	0.960413	3
2	15000001	1.1082	0.960413	3
2	16000001	1.12969	0.960413	3
2	17000001	1.05832	0.960413	3
2	18000001	0.894069	0.960413	3
2	19000001	1.06671	0.960413	3
2	20000001	0.962587	0.960413	3
2	21000001	0.622375	0.960413	3
2	22000001	0.976479	0.960413	3
2	23000001	1.04351	0.960413	3
2	24000001	0.898522	0.960413	3
2	25000001	0.951541	0.960413	3
2	26000001	1.00816	0.960413	3
2	27000001	0.945623	0.960413	3
2	28000001	1.24054	0.960413	3
2	29000001	0.961111	0.960413	3
2	30000001	1.16503	0.960413	3
2	31000001	0.965045	0.960413	3
2	32000001	0.77841	0.960413	3
2	33000001	0.926175	0.960413	3
2	34000001	1.07047	0.960413	3
2	35000001	0.669873	0.960413	3
2	36000001	0.837568	0.960413	3
2	37000001	0.709574	0.960413	3
2	38000001	1.25444	0.960413	3
2	39000001	0.898294	0.960413	3
2	40000001	1.00302	0.960413	3
2	41000001	1.1636	0.960413	3
2	42000001	1.00055	0.960413	3
2	43000001	0.960413	0.960413	3
2	44000001	0.793323	0.960413	3
2	45000001	1.10454	0.960413	3
2	46000001	0.979029	0.960413	3
2	47000001	0.636814	0.960413	3
2	48000001	0.941079	0.960413	3
2	49000001	0.876459	0.960413	3
2	50000001	0.852058	0.960413	3
2	51000001	1.11761	0.960413	3
2	52000001	1.11356	0.960413	3
2	53000001	1.31431	0.960413	3
2	54000001	0.70632	0.960413	3
2	55000001	0.72093	0.960413	3
2	56000001	1.06571	0.960413	3
2	57000001	1.46841	0.960413	3
2	58000001	0.79625	0.960413	3
2	59000001	0.87551	0.960413	3
2	60000001	0.970481	0.960413	3
2	61000001	0.975861	0.960413	3
2	62000001	1.3489	0.960413	3
2	63000001	0.761593	0.960413	3
2	64000001	1.20153	0.960413	3
2	65000001	0.957861	0.960413	3
2	66000001	1.1041	0.960413	3
2	67000001	0.878789	0.960413	3
2	68000001	1.26511	0.960413	3
2	69000001	0.967635	0.960413	3
2	70000001	0.942312	0.960413	3
2	71000001	1.04998	0.960413	3
2	72000001	1.03695	0.960413	3
2	73000001	1.08708	0.960413	3
2	74000001	0.943278	0.960413	3
2	75000001	0.918596	0.960413	3
2	76000001	0.890889	0.960413	3
2	77000001	0.976167	0.960413	3
2	78000001	0.746979	0.960413	3
2	79000001	0.789594	0.960413	3
2	80000001	0.885994	0.960413	3
2	81000001	1.03384	0.960413	3
2	82000001	0.914487	0.960413	3
2	83000001	1.80051	1.80051	5
2	84000001	1.06895	1.18383	4
2	85000001	1.14814	1.18383	4
2	86000001	1.21952	1.18383	4
2	87000001	1.27262	1.18383	4
2	88000001	0.935797	1.18383	4
2	89000001	1.04553	1.18383	4
2	90000001	1.43544	1.18383	4
2	91000001	1.13975	1.18383	4
2	92000001	1.39845	1.18383	4
2	93000001	1.4	1.18383	4
2	94000001	0.874862	0.940261	3
2	95000001	0.992099	0.940261	3
2	96000001	1.08977	0.940261	3
2	97000001	0.799372	0.940261	3
2	98000001	0.865042	0.940261	3
2	99000001	1.42857	0.940261	3
2	100000001	1.08786	0.940261	3
2	101000001	1.06729	0.940261	3
2	102000001	0.748349	0.940261	3
2	103000001	0.868929	0.940261	3
2	104000001	0.914367	0.940261	3
2	105000001	0.939601	0.940261	3
2	106000001	0.940261	0.940261	3
2	107000001	1.01507	0.940261	3
2	108000001	0.815817	0.940261	3
2	109000001	0.968811	0.940261	3
2	110000001	0.756255	0.940261	3
2	111000001	0.867231	0.940261	3
2	112000001	1.15184	0.940261	3
2	113000001	0.823286	0.940261	3
2	114000001	0.874316	0.940261	3
2	115000001	0.998535	0.940261	3
2	116000001	0.847771	0.940261	3
2	117000001	0.849268	0.940261	3
2	118000001	1.34963	0.940261	3
2	119000001	1.13367	0.940261	3
2	120000001	0.926129	0.940261	3
2	121000001	1.05635	0.940261	3
2	122000001	0.96804	0.940261	3
2	123000001	0.778591	0.940261	3
2	124000001	1.43217	0.940261	3
2	125000001	0.946659	0.940261	3
2	126000001	0.892771	0.940261	3
2	127000001	1.04847	0.940261	3
2	128000001	0.822916	0.940261	3
2	129000001	0.92187	0.940261	3
2	130000001	0.97836	0.940261	3
2	131000001	0.885649	0.940261	3
2	132000001	0.825364	0.940261	3
2	133000001	1.09839	0.940261	3
2	134000001	0.949287	0.940261	3
2	135000001	0.929696	0.940261	3
2	136000001	0.957875	0.940261	3
2	137000001	0.94569	0.940261	3
2	138000001	0.956632	0.940261	3
2	139000001	0.808175	0.940261	3
2	140000001	0.977331	0.940261	3
2	141000001	0.967498	0.940261	3
2	142000001	0.930579	0.940261	3
2	143000001	1.35055	0.940261	3
2	144000001	0.65772	0.940261	3
2	145000001	0.734784	0.940261	3
2	146000001	0.843996	0.940261	3
2	147000001	1.08708	0.940261	3
2	148000001	1.24365	0.940261	3
2	149000001	1.49064	1.70213	5
2	150000001	1.91363	1.70213	5
2	151000001	1.29999	1.22137	4
2	152000001	1.183	1.22137	4
2	153000001	1.01738	1.22137	4
2	154000001	1.37247	1.22137	4
2	155000001	1.00704	1.22137	4
2	156000001	1.10071	1.22137	4
2	157000001	0.990779	1.22137	4
2	158000001	1.28422	1.22137	4
2	159000001	1.53245	1.22137	4
2	160000001	1.02158	1.22137	4
2	161000001	1.19859	1.22137	4
2	162000001	1.18115	1.22137	4
2	163000001	1.04606	1.22137	4
2	164000001	1.24416	1.22137	4
2	165000001	1.41299	1.22137	4
2	166000001	1.57217	1.22137	4
2	167000001	1.25748	1.22137	4
2	168000001	1.25945	1.22137	4
2	169000001	2.31307	2.31307	7
2	170000001	1.1041	1.13992	3
2	171000001	1.14071	1.13992	3
2	172000001	1.55177	1.13992	3
2	173000001	1.13913	1.13992	3
2	174000001	1.53818	1.13992	3
2	175000001	1.20371	1.13992	3
2	176000001	1.38324	1.13992	3
2	177000001	1.02871	1.13992	3
2	178000001	1.24766	1.13992	3
2	179000001	1.33804	1.13992	3
2	180000001	1.01985	1.13992	3
2	181000001	1.10085	1.13992	3
2	182000001	1.24927	1.13992	3
2	183000001	1.12553	1.13992	3
2	184000001	1.35559	1.13992	3
2	185000001	1.08419	1.13992	3
2	186000001	1.03304	1.13992	3
2	187000001	1.08137	1.13992	3
2	188000001	0.553086	0.670694	2
2	189000001	0.754661	0.670694	2
2	190000001	0.586727	0.670694	2
2	191000001	0.79932	0.670694	2
2	192000001	0.583199	0.670694	2
2	193000001	0.798301	0.670694	2
2	194000001	1.87675	1.87675	6
2	195000001	0.581637	0.694137	2
2	196000001	0.691607	0.694137	2
2	197000001	0.737242	0.694137	2
2	198000001	0.829114	0.694137	2
2	199000001	0.543317	0.694137	2
2	200000001	0.444287	0.694137	2
2	201000001	0.580593	0.694137	2
2	202000001	0.733592	0.694137	2
2	203000001	0.860023	0.694137	2
2	204000001	0.846957	0.694137	2
2	205000001	0.653551	0.694137	2
2	206000001	0.74261	0.694137	2
2	207000001	0.71058	0.694137	2
2	208000001	0.645982	0.694137	2
2	209000001	0.588004	0.694137	2
2	210000001	0.560908	0.694137	2
2	211000001	0.619609	0.694137	2
2	212000001	0.60255	0.694137	2
2	213000001	0.705553	0.694137	2
2	214000001	0.667477	0.694137	2
2	215000001	0.67927	0.694137	2
2	216000001	0.821336	0.694137	2
2	217000001	0.808444	0.694137	2
2	218000001	0.696668	0.694137	2
2	219000001	0.649253	0.694137	2
2	220000001	0.587152	0.694137	2
2	221000001	0.754714	0.694137	2
2	222000001	0.732408	0.694137	2
2	223000001	0.740409	0.694137	2
2	224000001	0.818842	0.694137	2
2	225000001	1.59778	1.59778	5
2	226000001	0.582655	0.732267	2
2	227000001	0.586875	0.732267	2
2	228000001	0.710939	0.732267	2
2	229000001	0.910681	0.732267	2
2	230000001	0.629509	0.732267	2
2	231000001	0.713761	0.732267	2
2	232000001	0.790266	0.732267	2
2	233000001	0.750772	0.732267	2
2	234000001	0.83879	0.732267	2
2	235000001	0.95767	0.732267	2
2	236000001	0.518537	0.732267	2
2	237000001	0.818177	0.732267	2
2	238000001	1.45715	1.45715	4
2	239000001	0.719237	0.776517	2
2	240000001	0.833798	0.776517	2
2	241000001	0.863798	0.776517	2
2	242000001	0.520593	0.776517	2
20	1	2.52325	2.52325	8
20	1000001	0.789567	0.64095	2
20	2000001	0.650439	0.64095	2
20	3000001	0.767515	0.64095	2
20	4000001	0.621745	0.64095	2
20	5000001	0.764557	0.64095	2
20	6000001	0.621177	0.64095	2
20	7000001	0.643926	0.64095	2
20	8000001	0.829617	0.64095	2
20	9000001	0.381474	0.64095	2
20	10000001	0.614584	0.64095	2
20	11000001	0.462172	0.64095	2
20	12000001	0.580433	0.64095	2
20	13000001	0.73911	0.64095	2
20	14000001	0.64095	0.64095	2
20	15000001	0.635324	0.64095	2
20	16000001	1.08414	0.74984	2
20	17000001	0.743753	0.74984	2
20	18000001	0.955159	0.74984	2
20	19000001	0.732494	0.74984	2
20	20000001	0.783046	0.74984	2
20	21000001	0.431782	0.74984	2
20	22000001	0.755926	0.74984	2
20	23000001	0.728682	0.74984	2
20	24000001	0.833111	0.74984	2
20	25000001	0.542609	0.74984	2
20	26000001	1.16685	0.942117	3
20	27000001	0.938468	0.942117	3
20	28000001	0.937733	0.942117	3
20	29000001	0.732432	0.942117	3
20	30000001	0.891632	0.942117	3
20	31000001	1.20727	0.942117	3
20	32000001	0.908339	0.942117	3
20	33000001	0.853988	0.942117	3
20	34000001	1.06606	0.942117	3
20	35000001	0.921306	0.942117	3
20	36000001	1.111	0.942117	3
20	37000001	1.23774	0.942117	3
20	38000001	0.976249	0.942117	3
20	39000001	0.75751	0.942117	3
20	40000001	1.08522	0.942117	3
20	41000001	0.830005	0.942117	3
20	42000001	0.945765	0.942117	3
20	43000001	1.04207	0.942117	3
20	44000001	1.35554	1.12128	3
20	45000001	0.893375	1.12128	3
20	46000001	1.1163	1.12128	3
20	47000001	1.2501	1.12128	3
20	48000001	1.41169	1.12128	3
20	49000001	1.04064	1.12128	3
20	50000001	1.26717	1.12128	3
20	51000001	1.02567	1.12128	3
20	52000001	1.12128	1.12128	3
20	53000001	0.878033	0.815554	2
20	54000001	0.699051	0.815554	2
20	55000001	0.753075	0.815554	2
20	56000001	1.00531	0.815554	2
20	57000001	1.30087	1.1575	3
20	58000001	0.979734	1.1575	3
20	59000001	1.1011	1.1575	3
20	60000001	0.920848	1.1575	3
20	61000001	1.34345	1.1575	3
20	62000001	0.845922	1.1575	3
20	63000001	1.21389	1.1575	3
20	64000001	1.31712	1.1575	3
21	1	-1	-1	5
21	1000001	-1	-1	5
21	2000001	-1	-1	5
21	3000001	-1	-1	5
21	4000001	-1	-1	5
21	5000001	1.676	1.60538	5
21	6000001	1.53476	1.60538	5
21	7000001	2.21979	1.60538	5
21	8000001	1.46434	1.60538	5
21	9000001	1.31084	1.60538	5
21	10000001	2.44175	1.60538	5
21	11000001	0.752445	0.872588	3
21	12000001	0.656858	0.872588	3
21	13000001	1.03587	0.872588	3
21	14000001	0.872588	0.872588	3
21	15000001	0.825778	0.872588	3
21	16000001	1.4188	0.872588	3
21	17000001	1.04124	0.872588	3
21	18000001	0.746322	0.872588	3
21	19000001	0.920342	0.872588	3
21	20000001	0.925056	0.872588	3
21	21000001	0.616023	0.872588	3
21	22000001	0.768549	0.872588	3
21	23000001	0.886619	0.872588	3
21	24000001	1.18928	1.3417	4
21	25000001	1.49528	1.3417	4
21	26000001	1.82031	1.3417	4
21	27000001	1.46629	1.3417	4
21	28000001	1.53379	1.3417	4
21	29000001	1.3417	1.3417	4
21	30000001	1.58113	1.3417	4
21	31000001	1.38551	1.3417	4
21	32000001	1.41885	1.3417	4
21	33000001	1.27871	1.3417	4
21	34000001	1.11606	1.3417	4
21	35000001	1.21997	1.3417	4
21	36000001	1.29631	1.3417	4
21	37000001	1.26925	1.3417	4
21	38000001	1.18057	1.3417	4
21	39000001	1.29862	1.3417	4
21	40000001	1.47518	1.3417	4
21	41000001	1.71903	1.5999	5
21	42000001	1.51772	1.5999	5
21	43000001	2.09881	1.5999	5
21	44000001	1.52722	1.5999	5
21	45000001	1.67258	1.5999	5
21	46000001	1.38778	1.5999	5
22	1	-1	-1	4
22	1000001	-1	-1	4
22	2000001	-1	-1	4
22	3000001	-1	-1	4
22	4000001	-1	-1	4
22	5000001	-1	-1	4
22	6000001	-1	-1	4
22	7000001	-1	-1	4
22	8000001	-1	-1	4
22	9000001	-1	-1	4
22	10000001	1.29392	1.29276	4
22	11000001	1.31914	1.29276	4
22	12000001	1.44588	1.29276	4
22	13000001	0.842069	1.29276	4
22	14000001	0.644318	1.29276	4
22	15000001	1.2916	1.29276	4
22	16000001	2.81189	1.86125	6
22	17000001	1.25487	1.86125	6
22	18000001	1.86125	1.86125	6
22	19000001	3.36549	4.03717	12
22	20000001	3.92803	4.03717	12
22	21000001	4.14631	4.03717	12
22	22000001	5.36044	4.03717	12
22	23000001	2.84894	2.84894	9
22	24000001	0.87616	0.732394	2
22	25000001	0.678159	0.732394	2
22	26000001	0.799372	0.732394	2
22	27000001	0.843481	0.732394	2
22	28000001	0.741004	0.732394	2
22	29000001	0.676064	0.732394	2
22	30000001	0.692049	0.732394	2
22	31000001	0.725098	0.732394	2
22	32000001	0.800508	0.732394	2
22	33000001	0.597031	0.732394	2
22	34000001	0.767503	0.732394	2
22	35000001	1.0145	0.732394	2
22	36000001	0.837482	0.732394	2
22	37000001	0.893448	0.732394	2
22	38000001	0.732394	0.732394	2
22	39000001	0.471109	0.732394	2
22	40000001	0.634004	0.732394	2
22	41000001	0.874424	0.732394	2
22	42000001	0.661217	0.732394	2
22	43000001	0.559837	0.732394	2
22	44000001	0.573887	0.732394	2
22	45000001	0.693895	0.732394	2
22	46000001	0.879982	0.732394	2
22	47000001	0.544401	0.732394	2
22	48000001	0.802072	0.732394	2
22	49000001	0.697522	0.732394	2
22	50000001	1.17384	0.732394	2
3	1	1.43649	1.25405	4
3	1000001	1.28426	1.25405	4
3	2000001	1.10404	1.25405	4
3	3000001	0.830368	1.25405	4
3	4000001	1.20879	1.25405	4
3	5000001	1.08447	1.25405	4
3	6000001	1.65773	1.25405	4
3	7000001	1.41684	1.25405	4
3	8000001	1.00377	1.25405	4
3	9000001	1.25917	1.25405	4
3	10000001	1.24793	1.25405	4
3	11000001	1.39094	1.25405	4
3	12000001	1.22615	1.25405	4
3	13000001	1.39272	1.25405	4
3	14000001	1.24893	1.25405	4
3	15000001	1.28516	1.25405	4
3	16000001	1.34777	1.25405	4
3	17000001	1.41435	1.25405	4
3	18000001	1.1586	1.25405	4
3	19000001	1.12443	1.25405	4
3	20000001	1.33708	1.25405	4
3	21000001	1.2308	1.25405	4
3	22000001	1.55192	1.25405	4
3	23000001	1.21286	1.25405	4
3	24000001	1.04249	1.25405	4
3	25000001	1.21985	1.25405	4
3	26000001	1.13983	1.25405	4
3	27000001	1.19776	1.25405	4
3	28000001	1.30246	1.25405	4
3	29000001	1.30749	1.25405	4
3	30000001	1.20225	1.25405	4
3	31000001	0.987944	1.25405	4
3	32000001	1.57709	1.25405	4
3	33000001	1.037	1.25405	4
3	34000001	1.15809	1.25405	4
3	35000001	1.36524	1.25405	4
3	36000001	1.1223	1.25405	4
3	37000001	1.33248	1.25405	4
3	38000001	1.27864	1.25405	4
3	39000001	1.34004	1.25405	4
3	40000001	1.23283	1.25405	4
3	41000001	1.29546	1.25405	4
3	42000001	1.21392	1.25405	4
3	43000001	1.32091	1.25405	4
3	44000001	1.3356	1.25405	4
3	45000001	1.39317	1.25405	4
3	46000001	1.58454	1.25405	4
3	47000001	1.16359	1.25405	4
3	48000001	0.687406	0.63608	2
3	49000001	0.878174	0.63608	2
3	50000001	0.728783	0.63608	2
3	51000001	0.843854	0.63608	2
3	52000001	0.728984	0.63608	2
3	53000001	0.793182	0.63608	2
3	54000001	0.616133	0.63608	2
3	55000001	0.749764	0.63608	2
3	56000001	0.884256	0.63608	2
3	57000001	0.487318	0.63608	2
3	58000001	0.727836	0.63608	2
3	59000001	0.512837	0.63608	2
3	60000001	0.634442	0.63608	2
3	61000001	0.574201	0.63608	2
3	62000001	0.533288	0.63608	2
3	63000001	0.65184	0.63608	2
3	64000001	0.572964	0.63608	2
3	65000001	0.692293	0.63608	2
3	66000001	0.72034	0.63608	2
3	67000001	0.450365	0.63608	2
3	68000001	0.518698	0.63608	2
3	69000001	0.933712	0.63608	2
3	70000001	0.605414	0.63608	2
3	71000001	0.570819	0.63608	2
3	72000001	0.551377	0.63608	2
3	73000001	0.768977	0.63608	2
3	74000001	0.48073	0.63608	2
3	75000001	1.04683	0.63608	2
3	76000001	0.768193	0.63608	2
3	77000001	0.548741	0.63608	2
3	78000001	0.600629	0.63608	2
3	79000001	0.69197	0.63608	2
3	80000001	0.617071	0.63608	2
3	81000001	0.528784	0.63608	2
3	82000001	0.653139	0.63608	2
3	83000001	0.516256	0.63608	2
3	84000001	0.778212	0.63608	2
3	85000001	0.619065	0.63608	2
3	86000001	0.6427	0.63608	2
3	87000001	0.587665	0.63608	2
3	88000001	0.436971	0.63608	2
3	89000001	0.635056	0.63608	2
3	90000001	0.74684	0.63608	2
3	91000001	0.720429	0.63608	2
3	92000001	0.695965	0.63608	2
3	93000001	0.656661	0.63608	2
3	94000001	0.598744	0.63608	2
3	95000001	0.557051	0.63608	2
3	96000001	0.541173	0.63608	2
3	97000001	0.686606	0.63608	2
3	98000001	0.893233	0.63608	2
3	99000001	0.735955	0.63608	2
3	100000001	0.601531	0.63608	2
3	101000001	0.656061	0.63608	2
3	102000001	0.459623	0.63608	2
3	103000001	0.573492	0.63608	2
3	104000001	0.577483	0.63608	2
3	105000001	0.526476	0.63608	2
3	106000001	0.783177	0.63608	2
3	107000001	0.636923	0.63608	2
3	108000001	0.563258	0.63608	2
3	109000001	0.596339	0.63608	2
3	110000001	0.546939	0.63608	2
3	111000001	0.857387	0.63608	2
3	112000001	0.635237	0.63608	2
3	113000001	0.462756	0.63608	2
3	114000001	0.638593	0.63608	2
3	115000001	0.476005	0.63608	2
3	116000001	0.494313	0.63608	2
3	117000001	0.536087	0.63608	2
3	118000001	0.923956	0.63608	2
3	119000001	0.661815	0.63608	2
3	120000001	0.773518	0.63608	2
3	121000001	0.658416	0.63608	2
3	122000001	0.416823	0.63608	2
3	123000001	0.579056	0.63608	2
3	124000001	0.568369	0.63608	2
3	125000001	0.849524	0.63608	2
3	126000001	0.757586	0.63608	2
3	127000001	0.653891	0.63608	2
3	128000001	0.567787	0.63608	2
3	129000001	0.713671	0.63608	2
3	130000001	0.591794	0.63608	2
3	131000001	0.677049	0.63608	2
3	132000001	0.592385	0.63608	2
3	133000001	0.591316	0.63608	2
3	134000001	0.664	0.63608	2
3	135000001	0.639323	0.63608	2
3	136000001	0.642905	0.63608	2
3	137000001	0.727172	0.63608	2
3	138000001	0.968	0.961169	3
3	139000001	1.29235	0.961169	3
3	140000001	1.13369	0.961169	3
3	141000001	1.01445	0.961169	3
3	142000001	0.815406	0.961169	3
3	143000001	1.39483	0.961169	3
3	144000001	1.15264	0.961169	3
3	145000001	0.823964	0.961169	3
3	146000001	1.05647	0.961169	3
3	147000001	0.984102	0.961169	3
3	148000001	0.902307	0.961169	3
3	149000001	0.944712	0.961169	3
3	150000001	1.04501	0.961169	3
3	151000001	0.964095	0.961169	3
3	152000001	0.816838	0.961169	3
3	153000001	1.00742	0.961169	3
3	154000001	0.80172	0.961169	3
3	155000001	0.995318	0.961169	3
3	156000001	1.12349	0.961169	3
3	157000001	1.1084	0.961169	3
3	158000001	0.784887	0.961169	3
3	159000001	0.798824	0.961169	3
3	160000001	0.99189	0.961169	3
3	161000001	1.01376	0.961169	3
3	162000001	0.706029	0.961169	3
3	163000001	0.684019	0.961169	3
3	164000001	1.00127	0.961169	3
3	165000001	0.850279	0.961169	3
3	166000001	0.977297	0.961169	3
3	167000001	0.958243	0.961169	3
3	168000001	0.903638	0.961169	3
3	169000001	0.905218	0.961169	3
3	170000001	1.07995	0.961169	3
3	171000001	0.927164	0.961169	3
3	172000001	0.911392	0.961169	3
3	173000001	0.806907	0.961169	3
3	174000001	0.752353	0.961169	3
3	175000001	0.635812	0.961169	3
3	176000001	0.993582	0.961169	3
3	177000001	0.854919	0.961169	3
3	178000001	0.607606	0.961169	3
3	179000001	0.980145	0.961169	3
3	180000001	1.06742	1.06742	3
3	181000001	1.31638	1.06742	3
3	182000001	0.958519	1.06742	3
3	183000001	0.984543	1.06742	3
3	184000001	1.00006	1.06742	3
3	185000001	1.02662	1.06742	3
3	186000001	1.30328	1.06742	3
3	187000001	0.854418	1.06742	3
3	188000001	1.30691	1.06742	3
3	189000001	0.900164	1.06742	3
3	190000001	1.31474	1.06742	3
3	191000001	1.12701	1.06742	3
3	192000001	0.923543	1.06742	3
3	193000001	0.579253	1.06742	3
3	194000001	1.0853	1.06742	3
3	195000001	1.19891	1.06742	3
3	196000001	1.13036	1.06742	3
3	197000001	1.04806	1.06742	3
3	198000001	1.52422	1.06742	3
4	1	1.0872	1.07109	3
4	1000001	1.22984	1.07109	3
4	2000001	1.41372	1.07109	3
4	3000001	1.07109	1.07109	3
4	4000001	1.04308	1.07109	3
4	5000001	1.05234	1.07109	3
4	6000001	1.01574	1.07109	3
4	7000001	1.12252	1.07109	3
4	8000001	1.29621	1.07109	3
4	9000001	1.06046	1.07109	3
4	10000001	1.05166	1.07109	3
4	11000001	0.880946	0.930581	3
4	12000001	1.06656	0.930581	3
4	13000001	0.731581	0.930581	3
4	14000001	1.24694	0.930581	3
4	15000001	0.906935	0.930581	3
4	16000001	0.765605	0.930581	3
4	17000001	1.09042	0.930581	3
4	18000001	0.922902	0.930581	3
4	19000001	0.985432	0.930581	3
4	20000001	0.730653	0.930581	3
4	21000001	0.944077	0.930581	3
4	22000001	0.962529	0.930581	3
4	23000001	0.961294	0.930581	3
4	24000001	1.03595	0.930581	3
4	25000001	0.956416	0.930581	3
4	26000001	0.942622	0.930581	3
4	27000001	0.821961	0.930581	3
4	28000001	0.81875	0.930581	3
4	29000001	0.652301	0.930581	3
4	30000001	0.887011	0.930581	3
4	31000001	0.842362	0.930581	3
4	32000001	0.960812	0.930581	3
4	33000001	0.953431	0.930581	3
4	34000001	0.871141	0.930581	3
4	35000001	0.918013	0.930581	3
4	36000001	0.763844	0.930581	3
4	37000001	0.938259	0.930581	3
4	38000001	0.975685	0.930581	3
4	39000001	2.83778	2.83778	9
4	40000001	1.15717	0.979988	3
4	41000001	0.899768	0.979988	3
4	42000001	0.979988	0.979988	3
4	43000001	2.12104	2.12104	6
4	44000001	0.98774	0.917055	3
4	45000001	1.1327	0.917055	3
4	46000001	0.796631	0.917055	3
4	47000001	0.885923	0.917055	3
4	48000001	0.979487	0.917055	3
4	49000001	1.13496	0.917055	3
4	50000001	0.887888	0.917055	3
4	51000001	1.09381	0.917055	3
4	52000001	1.13259	0.917055	3
4	53000001	1.01099	0.917055	3
4	54000001	0.906271	0.917055	3
4	55000001	1.02286	0.917055	3
4	56000001	1.08268	0.917055	3
4	57000001	0.853999	0.917055	3
4	58000001	0.871573	0.917055	3
4	59000001	0.855262	0.917055	3
4	60000001	0.94319	0.917055	3
4	61000001	0.722636	0.917055	3
4	62000001	1.07217	0.917055	3
4	63000001	0.907431	0.917055	3
4	64000001	0.923569	0.917055	3
4	65000001	0.844839	0.917055	3
4	66000001	0.828504	0.917055	3
4	67000001	1.08826	0.917055	3
4	68000001	0.922172	0.917055	3
4	69000001	0.692643	0.917055	3
4	70000001	1.90522	0.917055	3
4	71000001	0.860322	0.917055	3
4	72000001	1.24063	0.917055	3
4	73000001	0.927662	0.917055	3
4	74000001	0.980859	0.917055	3
4	75000001	1.00785	0.917055	3
4	76000001	0.911939	0.917055	3
4	77000001	1.02646	0.917055	3
4	78000001	0.756091	0.917055	3
4	79000001	0.809595	0.917055	3
4	80000001	1.24119	0.917055	3
4	81000001	0.86784	0.917055	3
4	82000001	1.07582	0.917055	3
4	83000001	0.7514	0.917055	3
4	84000001	0.726947	0.917055	3
4	85000001	1.10016	0.917055	3
4	86000001	0.929017	0.917055	3
4	87000001	1.08322	0.917055	3
4	88000001	0.935553	0.917055	3
4	89000001	1.0389	0.917055	3
4	90000001	0.885324	0.917055	3
4	91000001	0.943208	0.917055	3
4	92000001	0.858933	0.917055	3
4	93000001	0.853398	0.917055	3
4	94000001	0.82287	0.917055	3
4	95000001	0.759351	0.917055	3
4	96000001	0.908917	0.917055	3
4	97000001	0.776835	0.917055	3
4	98000001	0.90009	0.917055	3
4	99000001	0.834676	0.917055	3
4	100000001	0.961016	0.917055	3
4	101000001	0.820147	0.917055	3
4	102000001	0.705669	0.917055	3
4	103000001	1.13679	0.917055	3
4	104000001	1.78767	1.78767	5
4	105000001	1.10814	0.910857	3
4	106000001	0.875166	0.910857	3
4	107000001	0.88461	0.910857	3
4	108000001	0.925186	0.910857	3
4	109000001	1.18476	0.910857	3
4	110000001	1.06531	0.910857	3
4	111000001	0.967002	0.910857	3
4	112000001	1.22686	0.910857	3
4	113000001	0.775373	0.910857	3
4	114000001	0.72876	0.910857	3
4	115000001	0.848654	0.910857	3
4	116000001	0.801982	0.910857	3
4	117000001	1.00562	0.910857	3
4	118000001	1.03863	0.910857	3
4	119000001	0.910765	0.910857	3
4	120000001	1.02743	0.910857	3
4	121000001	0.985005	0.910857	3
4	122000001	1.07444	0.910857	3
4	123000001	0.924225	0.910857	3
4	124000001	0.765634	0.910857	3
4	125000001	0.806664	0.910857	3
4	126000001	1.02998	0.910857	3
4	127000001	0.863732	0.910857	3
4	128000001	0.963558	0.910857	3
4	129000001	1.03088	0.910857	3
4	130000001	0.895822	0.910857	3
4	131000001	1.23955	0.910857	3
4	132000001	0.921693	0.910857	3
4	133000001	0.81487	0.910857	3
4	134000001	0.552305	0.910857	3
4	135000001	0.766611	0.910857	3
4	136000001	0.989159	0.910857	3
4	137000001	0.904964	0.910857	3
4	138000001	0.875128	0.910857	3
4	139000001	0.688044	0.910857	3
4	140000001	1.0839	0.910857	3
4	141000001	0.842449	0.910857	3
4	142000001	0.748936	0.910857	3
4	143000001	0.732237	0.910857	3
4	144000001	0.849219	0.910857	3
4	145000001	0.950829	0.910857	3
4	146000001	0.878166	0.910857	3
4	147000001	0.776325	0.910857	3
4	148000001	0.97516	0.910857	3
4	149000001	1.04333	0.910857	3
4	150000001	0.899818	0.910857	3
4	151000001	0.948502	0.910857	3
4	152000001	0.91095	0.910857	3
4	153000001	0.910063	0.910857	3
4	154000001	1.06756	0.910857	3
4	155000001	0.882125	0.910857	3
4	156000001	0.872026	0.910857	3
4	157000001	0.964129	0.910857	3
4	158000001	0.980775	0.910857	3
4	159000001	0.59534	0.499595	1
4	160000001	0.445344	0.499595	1
4	161000001	0.553845	0.499595	1
4	162000001	0.370439	0.499595	1
4	163000001	0.796143	0.818803	2
4	164000001	0.937484	0.818803	2
4	165000001	0.818803	0.818803	2
4	166000001	0.726311	0.818803	2
4	167000001	0.914169	0.818803	2
4	168000001	0.731444	0.818803	2
4	169000001	0.820563	0.818803	2
4	170000001	1.03697	0.818803	2
4	171000001	0.758069	0.818803	2
4	172000001	1.36891	1.03542	3
4	173000001	0.686706	1.03542	3
4	174000001	1.02968	1.03542	3
4	175000001	0.912559	1.03542	3
4	176000001	1.1621	1.03542	3
4	177000001	1.04117	1.03542	3
4	178000001	0.772366	1.03542	3
4	179000001	0.792118	1.03542	3
4	180000001	0.775479	1.03542	3
4	181000001	1.10218	1.03542	3
4	182000001	0.878537	1.03542	3
4	183000001	1.10238	1.03542	3
4	184000001	1.16234	1.03542	3
4	185000001	1.04868	1.03542	3
4	186000001	0.870435	0.870435	3
4	187000001	0.878939	0.870435	3
4	188000001	0.863195	0.870435	3
4	189000001	0.630718	0.870435	3
4	190000001	2.71076	0.870435	3
5	1	1.29233	1.20414	4
5	1000001	1.33352	1.20414	4
5	2000001	1.36489	1.20414	4
5	3000001	1.13731	1.20414	4
5	4000001	1.2638	1.20414	4
5	5000001	1.45589	1.20414	4
5	6000001	1.45717	1.20414	4
5	7000001	1.1069	1.20414	4
5	8000001	1.10844	1.20414	4
5	9000001	1.12809	1.20414	4
5	10000001	1.09148	1.20414	4
5	11000001	1.13663	1.20414	4
5	12000001	1.22128	1.20414	4
5	13000001	0.975285	1.20414	4
5	14000001	1.44772	1.20414	4
5	15000001	1.21271	1.20414	4
5	16000001	1.23327	1.20414	4
5	17000001	1.21062	1.20414	4
5	18000001	1.09572	1.20414	4
5	19000001	1.05897	1.20414	4
5	20000001	1.10983	1.20414	4
5	21000001	1.7993	1.20414	4
5	22000001	1.10872	1.20414	4
5	23000001	1.2671	1.20414	4
5	24000001	1.00945	1.20414	4
5	25000001	1.36183	1.20414	4
5	26000001	1.25416	1.20414	4
5	27000001	1.20414	1.20414	4
5	28000001	1.0723	1.20414	4
5	29000001	1.26645	1.20414	4
5	30000001	1.0741	1.20414	4
5	31000001	1.37254	1.20414	4
5	32000001	1.03504	1.20414	4
5	33000001	1.67869	1.20414	4
5	34000001	1.16017	1.20414	4
5	35000001	1.28117	1.20414	4
5	36000001	1.17106	1.20414	4
5	37000001	1.22095	1.20414	4
5	38000001	1.16566	1.20414	4
5	39000001	1.09355	1.20414	4
5	40000001	0.961378	1.20414	4
5	41000001	1.0931	1.20414	4
5	42000001	1.44532	1.20414	4
5	43000001	1.48751	1.20414	4
5	44000001	1.0273	1.20414	4
5	45000001	1.33633	1.20414	4
5	46000001	0.90839	1.20414	4
5	47000001	1.9372	1.6554	5
5	48000001	1.63887	1.6554	5
5	49000001	1.6554	1.6554	5
5	50000001	1.13772	0.919212	3
5	51000001	0.800386	0.919212	3
5	52000001	0.784769	0.919212	3
5	53000001	0.813998	0.919212	3
5	54000001	0.863495	0.919212	3
5	55000001	0.821527	0.919212	3
5	56000001	0.851586	0.919212	3
5	57000001	0.965282	0.919212	3
5	58000001	0.999845	0.919212	3
5	59000001	0.891646	0.919212	3
5	60000001	1.53485	0.919212	3
5	61000001	0.99778	0.919212	3
5	62000001	0.722544	0.919212	3
5	63000001	0.852022	0.919212	3
5	64000001	1.13089	0.919212	3
5	65000001	0.971009	0.919212	3
5	66000001	0.914787	0.919212	3
5	67000001	1.08075	0.919212	3
5	68000001	0.946745	0.919212	3
5	69000001	0.825478	0.919212	3
5	70000001	1.00733	0.919212	3
5	71000001	1.09243	0.919212	3
5	72000001	0.728187	0.919212	3
5	73000001	0.767846	0.919212	3
5	74000001	0.617995	0.919212	3
5	75000001	1.06135	0.919212	3
5	76000001	0.872252	0.919212	3
5	77000001	1.03717	0.919212	3
5	78000001	0.847184	0.919212	3
5	79000001	1.00489	0.919212	3
5	80000001	1.32109	0.919212	3
5	81000001	1.06468	0.919212	3
5	82000001	0.967006	0.919212	3
5	83000001	1.01943	0.919212	3
5	84000001	0.793386	0.919212	3
5	85000001	0.743559	0.919212	3
5	86000001	1.98221	0.919212	3
5	87000001	0.920214	0.919212	3
5	88000001	1.07525	0.919212	3
5	89000001	0.703711	0.919212	3
5	90000001	0.769459	0.919212	3
5	91000001	0.82421	0.919212	3
5	92000001	0.970029	0.919212	3
5	93000001	1.1532	0.919212	3
5	94000001	1.19149	0.919212	3
5	95000001	0.894144	0.919212	3
5	96000001	0.992121	0.919212	3
5	97000001	0.877139	0.919212	3
5	98000001	0.941007	0.919212	3
5	99000001	0.818234	0.919212	3
5	100000001	1.00903	0.919212	3
5	101000001	0.883145	0.919212	3
5	102000001	0.861463	0.919212	3
5	103000001	1.00715	0.919212	3
5	104000001	0.911499	0.919212	3
5	105000001	0.729553	0.919212	3
5	106000001	1.0844	0.919212	3
5	107000001	0.891771	0.919212	3
5	108000001	0.833289	0.919212	3
5	109000001	0.802862	0.919212	3
5	110000001	0.893084	0.919212	3
5	111000001	0.923116	0.919212	3
5	112000001	0.98755	0.919212	3
5	113000001	0.961383	0.919212	3
5	114000001	0.801551	0.919212	3
5	115000001	0.832502	0.919212	3
5	116000001	0.695841	0.919212	3
5	117000001	0.899713	0.919212	3
5	118000001	1.08376	0.919212	3
5	119000001	1.0591	0.919212	3
5	120000001	0.798074	0.919212	3
5	121000001	0.97935	0.919212	3
5	122000001	1.15273	0.919212	3
5	123000001	0.881156	0.919212	3
5	124000001	0.979177	0.919212	3
5	125000001	0.918211	0.919212	3
5	126000001	0.754255	0.919212	3
5	127000001	0.963602	0.919212	3
5	128000001	0.827719	0.919212	3
5	129000001	1.01758	0.919212	3
5	130000001	1.12498	0.919212	3
5	131000001	0.93373	0.919212	3
5	132000001	0.876249	0.919212	3
5	133000001	0.950504	0.919212	3
5	134000001	1.2795	1.06573	3
5	135000001	1.06573	1.06573	3
5	136000001	1.07578	1.06573	3
5	137000001	0.878637	1.06573	3
5	138000001	1.10846	1.06573	3
5	139000001	1.06991	1.06573	3
5	140000001	1.09543	1.06573	3
5	141000001	0.988038	1.06573	3
5	142000001	1.29051	1.06573	3
5	143000001	1.03319	1.06573	3
5	144000001	1.01544	1.06573	3
5	145000001	0.910928	1.06573	3
5	146000001	0.782332	1.06573	3
5	147000001	1.22228	1.06573	3
5	148000001	0.856685	1.06573	3
5	149000001	1.69037	1.69037	5
5	150000001	0.961053	1.008	3
5	151000001	1.04894	1.008	3
5	152000001	0.725356	1.008	3
5	153000001	0.86056	1.008	3
5	154000001	1.03408	1.008	3
5	155000001	0.97466	1.008	3
5	156000001	1.04344	1.008	3
5	157000001	0.906477	1.008	3
5	158000001	0.846351	1.008	3
5	159000001	0.937946	1.008	3
5	160000001	1.10884	1.008	3
5	161000001	0.895056	1.008	3
5	162000001	1.02126	1.008	3
5	163000001	1.02307	1.008	3
5	164000001	0.601754	1.008	3
5	165000001	0.833686	1.008	3
5	166000001	1.09993	1.008	3
5	167000001	0.981922	1.008	3
5	168000001	0.885612	1.008	3
5	169000001	0.99452	1.008	3
5	170000001	0.84704	1.008	3
5	171000001	1.01803	1.008	3
5	172000001	1.13609	1.008	3
5	173000001	1.08454	1.008	3
5	174000001	1.01909	1.008	3
5	175000001	1.09552	1.008	3
5	176000001	1.08644	1.008	3
5	177000001	0.997971	1.008	3
5	178000001	1.29522	1.008	3
5	179000001	1.03926	1.008	3
5	180000001	1.03995	1.008	3
5	181000001	0.724431	1.008	3
6	1	1.02666	1.29273	4
6	1000001	1.58738	1.29273	4
6	2000001	1.43457	1.29273	4
6	3000001	1.4382	1.29273	4
6	4000001	1.30404	1.29273	4
6	5000001	1.54256	1.29273	4
6	6000001	1.39533	1.29273	4
6	7000001	1.35793	1.29273	4
6	8000001	1.174	1.29273	4
6	9000001	1.42572	1.29273	4
6	10000001	0.966914	1.29273	4
6	11000001	1.33546	1.29273	4
6	12000001	0.976389	1.29273	4
6	13000001	1.52738	1.29273	4
6	14000001	1.30308	1.29273	4
6	15000001	1.36466	1.29273	4
6	16000001	1.2837	1.29273	4
6	17000001	1.301	1.29273	4
6	18000001	0.990216	1.29273	4
6	19000001	1.19849	1.29273	4
6	20000001	1.38042	1.29273	4
6	21000001	1.40043	1.29273	4
6	22000001	1.76039	1.29273	4
6	23000001	1.14074	1.29273	4
6	24000001	1.29098	1.29273	4
6	25000001	1.02652	1.29273	4
6	26000001	1.16604	1.29273	4
6	27000001	1.14916	1.29273	4
6	28000001	1.23407	1.29273	4
6	29000001	1.29273	1.29273	4
6	30000001	1.06952	1.29273	4
6	31000001	1.57589	1.29273	4
6	32000001	1.35834	1.29273	4
6	33000001	1.25268	1.29273	4
6	34000001	1.2714	1.29273	4
6	35000001	1.16742	1.29273	4
6	36000001	1.11534	1.29273	4
6	37000001	1.27317	1.29273	4
6	38000001	1.27897	1.29273	4
6	39000001	1.37238	1.29273	4
6	40000001	1.28748	1.29273	4
6	41000001	1.20863	1.29273	4
6	42000001	1.31295	1.29273	4
6	43000001	1.39923	1.29273	4
6	44000001	1.17145	1.29273	4
6	45000001	1.31615	1.29273	4
6	46000001	1.30484	1.29273	4
6	47000001	1.17834	1.29273	4
6	48000001	1.29867	1.29273	4
6	49000001	1.11198	1.0338	3
6	50000001	1.03794	1.0338	3
6	51000001	1.18518	1.0338	3
6	52000001	0.909177	1.0338	3
6	53000001	0.921976	1.0338	3
6	54000001	1.02397	1.0338	3
6	55000001	1.29021	1.0338	3
6	56000001	1.02965	1.0338	3
6	57000001	0.902194	0.916389	3
6	58000001	0.988752	0.916389	3
6	59000001	0.993627	0.916389	3
6	60000001	0.946352	0.916389	3
6	61000001	1.00963	0.916389	3
6	62000001	0.82385	0.916389	3
6	63000001	1.12903	0.916389	3
6	64000001	0.750623	0.916389	3
6	65000001	1.13755	0.916389	3
6	66000001	0.895418	0.916389	3
6	67000001	0.793397	0.916389	3
6	68000001	0.800319	0.916389	3
6	69000001	0.796902	0.916389	3
6	70000001	1.00271	0.916389	3
6	71000001	0.850946	0.916389	3
6	72000001	1.07009	0.916389	3
6	73000001	0.986887	0.916389	3
6	74000001	0.854721	0.916389	3
6	75000001	0.890595	0.916389	3
6	76000001	0.902823	0.916389	3
6	77000001	0.792618	0.916389	3
6	78000001	0.852762	0.916389	3
6	79000001	0.916888	0.916389	3
6	80000001	0.902392	0.916389	3
6	81000001	1.06366	0.916389	3
6	82000001	0.82955	0.916389	3
6	83000001	0.985059	0.916389	3
6	84000001	0.712876	0.916389	3
6	85000001	0.78217	0.916389	3
6	86000001	1.00444	0.916389	3
6	87000001	1.03584	0.916389	3
6	88000001	1.06645	0.916389	3
6	89000001	0.810914	0.916389	3
6	90000001	0.895556	0.916389	3
6	91000001	0.98347	0.916389	3
6	92000001	0.838639	0.916389	3
6	93000001	0.972606	0.916389	3
6	94000001	0.702663	0.916389	3
6	95000001	0.977861	0.916389	3
6	96000001	0.81856	0.916389	3
6	97000001	0.881813	0.916389	3
6	98000001	0.993837	0.916389	3
6	99000001	0.747866	0.916389	3
6	100000001	0.964146	0.916389	3
6	101000001	1.15952	0.916389	3
6	102000001	0.743931	0.916389	3
6	103000001	0.843543	0.916389	3
6	104000001	1.0518	0.916389	3
6	105000001	0.843728	0.916389	3
6	106000001	0.821453	0.916389	3
6	107000001	1.0476	0.916389	3
6	108000001	0.809163	0.916389	3
6	109000001	0.992898	0.916389	3
6	110000001	0.976328	0.916389	3
6	111000001	0.986143	0.916389	3
6	112000001	0.943697	0.916389	3
6	113000001	1.01834	0.916389	3
6	114000001	1.04747	0.916389	3
6	115000001	1.14514	0.916389	3
6	116000001	0.87664	0.916389	3
6	117000001	1.00036	0.916389	3
6	118000001	0.884679	0.916389	3
6	119000001	1.15335	0.916389	3
6	120000001	0.954819	0.916389	3
6	121000001	0.819658	0.916389	3
6	122000001	0.701646	0.916389	3
6	123000001	0.765486	0.916389	3
6	124000001	0.91589	0.916389	3
6	125000001	1.04884	0.916389	3
6	126000001	0.677554	0.916389	3
6	127000001	1.21913	0.916389	3
6	128000001	0.788608	0.916389	3
6	129000001	0.964956	0.916389	3
6	130000001	1.05989	0.916389	3
6	131000001	1.13241	0.916389	3
6	132000001	0.810854	0.916389	3
6	133000001	1.29324	1.16899	4
6	134000001	1.10131	1.16899	4
6	135000001	1.24419	1.16899	4
6	136000001	1.29195	1.16899	4
6	137000001	1.0723	1.16899	4
6	138000001	1.24874	1.16899	4
6	139000001	1.23311	1.16899	4
6	140000001	1.08218	1.16899	4
6	141000001	0.937222	1.16899	4
6	142000001	1.13119	1.16899	4
6	143000001	1.20678	1.16899	4
6	144000001	1.29662	1.16899	4
6	145000001	1.05279	1.16899	4
6	146000001	0.905903	1.16899	4
6	147000001	1.40911	1.30706	4
6	148000001	1.3805	1.30706	4
6	149000001	1.22502	1.30706	4
6	150000001	1.29794	1.30706	4
6	151000001	1.13352	1.30706	4
6	152000001	1.2116	1.30706	4
6	153000001	1.15465	1.30706	4
6	154000001	1.45371	1.30706	4
6	155000001	1.49485	1.30706	4
6	156000001	1.58338	1.30706	4
6	157000001	1.21963	1.30706	4
6	158000001	1.17228	1.30706	4
6	159000001	1.26406	1.30706	4
6	160000001	1.44602	1.30706	4
6	161000001	1.59254	1.30706	4
6	162000001	1.31617	1.30706	4
6	163000001	1.13106	1.30706	4
6	164000001	1.33134	1.30706	4
6	165000001	1.04653	1.30706	4
6	166000001	1.56001	1.30706	4
6	167000001	1.14005	1.30706	4
6	168000001	1.66921	1.30706	4
6	169000001	1.48914	1.30706	4
6	170000001	1.27838	1.30706	4
7	1	1.1445	0.96613	3
7	1000001	1.33539	0.96613	3
7	2000001	1.06061	0.96613	3
7	3000001	1.02834	0.96613	3
7	4000001	1.12877	0.96613	3
7	5000001	1.16433	0.96613	3
7	6000001	0.973495	0.96613	3
7	7000001	1.24916	0.96613	3
7	8000001	0.952234	0.96613	3
7	9000001	0.709056	0.96613	3
7	10000001	0.870728	0.96613	3
7	11000001	0.670718	0.96613	3
7	12000001	0.93143	0.96613	3
7	13000001	1.07019	0.96613	3
7	14000001	0.704169	0.96613	3
7	15000001	0.788249	0.96613	3
7	16000001	0.982628	0.96613	3
7	17000001	0.92194	0.96613	3
7	18000001	0.951227	0.96613	3
7	19000001	1.13345	0.96613	3
7	20000001	1.36258	0.96613	3
7	21000001	0.792576	0.96613	3
7	22000001	1.12565	0.96613	3
7	23000001	1.1347	0.96613	3
7	24000001	0.744686	0.96613	3
7	25000001	0.723641	0.96613	3
7	26000001	0.813631	0.96613	3
7	27000001	1.08826	0.96613	3
7	28000001	0.948837	0.96613	3
7	29000001	0.619764	0.96613	3
7	30000001	0.780986	0.96613	3
7	31000001	1.22982	0.96613	3
7	32000001	0.842769	0.96613	3
7	33000001	1.00242	0.96613	3
7	34000001	0.966115	0.96613	3
7	35000001	0.931309	0.96613	3
7	36000001	1.01468	0.96613	3
7	37000001	0.780517	0.96613	3
7	38000001	0.891357	0.96613	3
7	39000001	1.12514	0.96613	3
7	40000001	0.719124	0.96613	3
7	41000001	1.00238	0.96613	3
7	42000001	0.878141	0.96613	3
7	43000001	1.03983	0.96613	3
7	44000001	1.00616	0.96613	3
7	45000001	0.925369	0.96613	3
7	46000001	0.821506	0.96613	3
7	47000001	1.26859	0.96613	3
7	48000001	0.709344	0.96613	3
7	49000001	1.05893	0.96613	3
7	50000001	0.920592	0.96613	3
7	51000001	1.01722	0.96613	3
7	52000001	0.88077	0.96613	3
7	53000001	0.747682	0.96613	3
7	54000001	1.47834	0.96613	3
7	55000001	1.01795	0.96613	3
7	56000001	0.99455	0.96613	3
7	57000001	0.966146	0.96613	3
7	58000001	1.60768	1.25656	4
7	59000001	1.79833	1.25656	4
7	60000001	1.50477	1.25656	4
7	61000001	0.96005	1.25656	4
7	62000001	1.26263	1.25656	4
7	63000001	1.21964	1.25656	4
7	64000001	1.00884	1.25656	4
7	65000001	1.78227	1.25656	4
7	66000001	1.05972	1.25656	4
7	67000001	1.37458	1.25656	4
7	68000001	1.12935	1.25656	4
7	69000001	1.19418	1.25656	4
7	70000001	1.58588	1.25656	4
7	71000001	1.19059	1.25656	4
7	72000001	1.43703	1.25656	4
7	73000001	1.08048	1.25656	4
7	74000001	1.32351	1.25656	4
7	75000001	1.25629	1.25656	4
7	76000001	1.38868	1.25656	4
7	77000001	1.18434	1.25656	4
7	78000001	1.19774	1.25656	4
7	79000001	1.29148	1.25656	4
7	80000001	1.38196	1.25656	4
7	81000001	0.870582	1.25656	4
7	82000001	1.28523	1.25656	4
7	83000001	1.23911	1.25656	4
7	84000001	1.123	1.25656	4
7	85000001	1.16207	1.25656	4
7	86000001	1.2191	1.25656	4
7	87000001	1.34878	1.25656	4
7	88000001	1.2318	1.25656	4
7	89000001	1.06443	1.25656	4
7	90000001	1.23094	1.25656	4
7	91000001	1.41548	1.25656	4
7	92000001	1.20868	1.25656	4
7	93000001	1.12813	1.25656	4
7	94000001	1.29048	1.25656	4
7	95000001	1.44993	1.25656	4
7	96000001	1.25684	1.25656	4
7	97000001	1.18355	1.25656	4
7	98000001	1.42014	1.25656	4
7	99000001	1.52727	1.25656	4
7	100000001	1.44128	1.25656	4
7	101000001	1.36101	1.25656	4
7	102000001	1.24978	1.25656	4
7	103000001	1.30114	1.25656	4
7	104000001	1.54151	1.49604	4
7	105000001	1.75476	1.49604	4
7	106000001	1.56947	1.49604	4
7	107000001	1.50587	1.49604	4
7	108000001	1.49604	1.49604	4
7	109000001	1.30529	1.49604	4
7	110000001	1.65754	1.49604	4
7	111000001	1.53635	1.49604	4
7	112000001	1.63742	1.49604	4
7	113000001	1.67536	1.49604	4
7	114000001	1.7213	1.49604	4
7	115000001	1.42141	1.49604	4
7	116000001	1.64684	1.49604	4
7	117000001	1.59772	1.49604	4
7	118000001	1.66549	1.49604	4
7	119000001	1.43133	1.49604	4
7	120000001	1.32907	1.49604	4
7	121000001	1.40264	1.49604	4
7	122000001	1.27754	1.49604	4
7	123000001	1.62292	1.49604	4
7	124000001	1.39272	1.49604	4
7	125000001	1.60803	1.49604	4
7	126000001	1.21102	1.49604	4
7	127000001	1.24658	1.49604	4
7	128000001	1.75314	1.49604	4
7	129000001	1.53836	1.49604	4
7	130000001	1.60513	1.49604	4
7	131000001	1.62992	1.49604	4
7	132000001	1.4572	1.49604	4
7	133000001	1.42188	1.49604	4
7	134000001	1.32648	1.49604	4
7	135000001	1.42204	1.49604	4
7	136000001	1.36391	1.49604	4
7	137000001	1.47956	1.49604	4
7	138000001	1.73496	1.49604	4
7	139000001	1.70395	1.49604	4
7	140000001	1.74163	1.49604	4
7	141000001	1.50248	1.49604	4
7	142000001	1.42758	1.49604	4
7	143000001	1.47315	1.49604	4
7	144000001	1.45639	1.49604	4
7	145000001	1.38039	1.49604	4
7	146000001	1.16639	1.49604	4
7	147000001	1.40987	1.49604	4
7	148000001	1.36929	1.49604	4
7	149000001	1.92932	1.68096	5
7	150000001	1.81813	1.68096	5
7	151000001	1.85803	1.68096	5
7	152000001	1.50693	1.68096	5
7	153000001	1.57652	1.68096	5
7	154000001	1.68096	1.68096	5
7	155000001	1.76005	1.68096	5
7	156000001	1.65403	1.68096	5
7	157000001	2.02091	1.68096	5
7	158000001	1.65206	1.68096	5
7	159000001	1.57614	1.68096	5
8	1	0.934654	0.873902	3
8	1000001	1.18737	0.873902	3
8	2000001	0.879101	0.873902	3
8	3000001	0.868702	0.873902	3
8	4000001	0.838708	0.873902	3
8	5000001	0.832055	0.873902	3
8	6000001	1.09744	1.16381	3
8	7000001	1.26192	1.16381	3
8	8000001	1.16381	1.16381	3
8	9000001	0.77486	0.793179	2
8	10000001	0.826161	0.793179	2
8	11000001	0.793179	0.793179	2
8	12000001	1.38142	1.38142	4
8	13000001	0.745905	0.745905	2
8	14000001	1.03658	0.745905	2
8	15000001	0.65546	0.745905	2
8	16000001	1.03852	0.942911	3
8	17000001	0.941856	0.942911	3
8	18000001	1.11925	0.942911	3
8	19000001	0.943967	0.942911	3
8	20000001	0.967395	0.942911	3
8	21000001	1.10715	0.942911	3
8	22000001	0.852342	0.942911	3
8	23000001	1.21277	0.942911	3
8	24000001	0.924068	0.942911	3
8	25000001	0.791718	0.942911	3
8	26000001	0.892808	0.942911	3
8	27000001	1.20197	0.942911	3
8	28000001	1.13077	0.942911	3
8	29000001	0.866483	0.942911	3
8	30000001	0.763197	0.942911	3
8	31000001	1.13348	0.942911	3
8	32000001	0.828796	0.942911	3
8	33000001	1.15155	0.942911	3
8	34000001	1.0256	0.942911	3
8	35000001	0.766583	0.942911	3
8	36000001	0.995739	0.942911	3
8	37000001	0.9984	0.942911	3
8	38000001	1.12466	0.942911	3
8	39000001	0.928562	0.942911	3
8	40000001	0.969317	0.942911	3
8	41000001	0.972243	0.942911	3
8	42000001	0.805701	0.942911	3
8	43000001	0.929955	0.942911	3
8	44000001	0.783497	0.942911	3
8	45000001	0.688033	0.942911	3
8	46000001	1.13334	0.942911	3
8	47000001	0.83958	0.942911	3
8	48000001	1.05477	0.942911	3
8	49000001	0.883402	0.942911	3
8	50000001	0.833263	0.942911	3
8	51000001	0.964024	0.942911	3
8	52000001	0.912904	0.942911	3
8	53000001	0.761637	0.942911	3
8	54000001	0.747995	0.942911	3
8	55000001	0.964956	0.942911	3
8	56000001	0.911148	0.942911	3
8	57000001	0.736601	0.942911	3
8	58000001	0.982373	0.942911	3
8	59000001	0.89508	0.942911	3
8	60000001	1.04833	0.942911	3
8	61000001	0.916021	0.942911	3
8	62000001	0.922991	0.942911	3
8	63000001	0.996486	0.942911	3
8	64000001	1.12111	0.942911	3
8	65000001	1.0232	0.942911	3
8	66000001	1.15146	0.942911	3
8	67000001	1.14774	0.942911	3
8	68000001	0.891954	0.942911	3
8	69000001	1.02727	0.942911	3
8	70000001	1.07496	0.942911	3
8	71000001	0.808809	0.942911	3
8	72000001	0.798084	0.942911	3
8	73000001	1.17473	0.942911	3
8	74000001	0.94072	0.942911	3
8	75000001	0.883845	0.942911	3
8	76000001	1.08618	0.942911	3
8	77000001	0.790968	0.942911	3
8	78000001	0.890431	0.942911	3
8	79000001	1.03024	0.942911	3
8	80000001	1.09045	0.942911	3
8	81000001	0.841524	0.942911	3
8	82000001	0.819289	0.942911	3
8	83000001	0.840246	0.942911	3
8	84000001	0.977771	0.942911	3
8	85000001	1.2054	0.942911	3
8	86000001	0.860978	0.942911	3
8	87000001	1.14602	0.942911	3
8	88000001	1.11695	0.942911	3
8	89000001	0.878251	0.942911	3
8	90000001	1.07866	0.942911	3
8	91000001	0.764086	0.942911	3
8	92000001	1.01622	0.942911	3
8	93000001	0.906721	0.942911	3
8	94000001	1.01802	0.942911	3
8	95000001	0.820207	0.942911	3
8	96000001	1.1067	0.942911	3
8	97000001	0.843096	0.942911	3
8	98000001	1.03256	0.942911	3
8	99000001	0.891465	0.942911	3
8	100000001	0.86932	0.942911	3
8	101000001	0.893921	0.942911	3
8	102000001	1.01958	0.942911	3
8	103000001	0.972495	0.942911	3
8	104000001	1.04166	0.942911	3
8	105000001	0.78813	0.942911	3
8	106000001	1.08975	0.942911	3
8	107000001	0.982046	0.942911	3
8	108000001	0.844112	0.942911	3
8	109000001	0.775667	0.942911	3
8	110000001	0.832499	0.942911	3
8	111000001	0.817806	0.942911	3
8	112000001	0.762306	0.942911	3
8	113000001	0.936941	0.942911	3
8	114000001	0.960521	0.942911	3
8	115000001	0.912223	0.942911	3
8	116000001	1.02304	0.942911	3
8	117000001	0.780177	0.942911	3
8	118000001	0.966095	0.942911	3
8	119000001	1.08352	0.942911	3
8	120000001	0.791838	0.942911	3
8	121000001	0.786182	0.942911	3
8	122000001	1.00121	0.942911	3
8	123000001	1.12058	0.942911	3
8	124000001	0.963549	0.942911	3
8	125000001	0.881455	0.942911	3
8	126000001	1.08093	0.942911	3
8	127000001	0.780674	0.942911	3
8	128000001	1.0864	0.942911	3
8	129000001	0.869599	0.942911	3
8	130000001	0.801355	0.942911	3
8	131000001	1.10957	0.942911	3
8	132000001	0.964095	0.942911	3
8	133000001	0.860652	0.942911	3
8	134000001	1.02033	0.942911	3
8	135000001	1.16117	0.942911	3
8	136000001	0.938025	0.942911	3
8	137000001	1.12084	0.942911	3
8	138000001	2.76812	2.76812	8
8	139000001	1.1006	1.1006	3
8	140000001	0.89191	1.1006	3
8	141000001	0.954704	1.1006	3
8	142000001	1.22509	1.1006	3
8	143000001	1.14128	1.1006	3
8	144000001	0.899027	1.1006	3
8	145000001	1.24798	1.1006	3
9	1	0.634497	0.596758	2
9	1000001	0.596758	0.596758	2
9	2000001	0.39144	0.596758	2
9	3000001	0.773281	0.596758	2
9	4000001	0.771612	0.596758	2
9	5000001	0.79151	0.596758	2
9	6000001	0.756593	0.596758	2
9	7000001	0.501949	0.596758	2
9	8000001	0.722378	0.596758	2
9	9000001	0.483184	0.596758	2
9	10000001	0.707353	0.596758	2
9	11000001	0.809176	0.596758	2
9	12000001	0.44174	0.596758	2
9	13000001	0.517079	0.596758	2
9	14000001	0.469445	0.596758	2
9	15000001	0.828846	0.596758	2
9	16000001	0.576791	0.596758	2
9	17000001	0.591605	0.596758	2
9	18000001	0.742773	0.596758	2
9	19000001	0.542172	0.596758	2
9	20000001	0.435731	0.596758	2
9	21000001	0.0389454	0.105735	0
9	22000001	0.0574448	0.105735	0
9	23000001	0.0594379	0.105735	0
9	24000001	0.0533405	0.105735	0
9	25000001	0.105735	0.105735	0
9	26000001	0.166803	0.105735	0
9	27000001	0.225423	0.105735	0
9	28000001	0.210113	0.105735	0
9	29000001	0.154924	0.105735	0
9	30000001	0.0965784	0.105735	0
9	31000001	0.26392	0.105735	0
9	32000001	0.525065	0.672571	2
9	33000001	0.584997	0.672571	2
9	34000001	0.669714	0.672571	2
9	35000001	0.672571	0.672571	2
9	36000001	0.816587	0.672571	2
9	37000001	1.4091	0.672571	2
9	38000001	1.32297	0.672571	2
9	39000001	0.556838	0.672571	2
9	40000001	1.08818	0.672571	2
9	41000001	0.941533	0.672571	2
9	42000001	0.63075	0.672571	2
9	43000001	1.22876	-1	2
9	44000001	1.94676	-1	2
9	45000001	1.64857	-1	2
9	46000001	-1	-1	2
9	47000001	-1	-1	2
9	48000001	-1	-1	2
9	49000001	-1	-1	2
9	50000001	-1	-1	2
9	51000001	-1	-1	2
9	52000001	-1	-1	2
9	53000001	-1	-1	2
9	54000001	-1	-1	2
9	55000001	-1	-1	2
9	56000001	-1	-1	2
9	57000001	-1	-1	2
9	58000001	-1	-1	2
9	59000001	-1	-1	2
9	60000001	1.2418	-1	2
9	61000001	0.630603	0.660872	2
9	62000001	0.553578	0.660872	2
9	63000001	1.28221	0.660872	2
9	64000001	0.679327	0.660872	2
9	65000001	1.00295	0.660872	2
9	66000001	0.750774	0.660872	2
9	67000001	0.89816	0.660872	2
9	68000001	0.538911	0.660872	2
9	69000001	0.660872	0.660872	2
9	70000001	0.547852	0.660872	2
9	71000001	0.557624	0.660872	2
9	72000001	0.782787	0.660872	2
9	73000001	0.649589	0.660872	2
9	74000001	0.593859	0.660872	2
9	75000001	0.526089	0.660872	2
9	76000001	0.708622	0.660872	2
9	77000001	0.451078	0.660872	2
9	78000001	0.660664	0.660872	2
9	79000001	0.685416	0.660872	2
9	80000001	0.628912	0.660872	2
9	81000001	0.617416	0.660872	2
9	82000001	0.526318	0.660872	2
9	83000001	0.742098	0.660872	2
9	84000001	0.97385	0.660872	2
9	85000001	0.770941	0.660872	2
9	86000001	0.723932	0.660872	2
9	87000001	0.562534	0.660872	2
9	88000001	0.773222	0.660872	2
9	89000001	0.582607	0.660872	2
9	90000001	0.762254	0.660872	2
9	91000001	0.703156	0.660872	2
9	92000001	1.06999	1.01648	3
9	93000001	1.10583	1.01648	3
9	94000001	0.997807	1.01648	3
9	95000001	1.24612	1.01648	3
9	96000001	1.05856	1.01648	3
9	97000001	0.879369	1.01648	3
9	98000001	1.03066	1.01648	3
9	99000001	0.981556	1.01648	3
9	100000001	1.14147	1.01648	3
9	101000001	0.860023	1.01648	3
9	102000001	1.04785	1.01648	3
9	103000001	0.887415	1.01648	3
9	104000001	1.01637	1.01648	3
9	105000001	0.934167	1.01648	3
9	106000001	0.883426	1.01648	3
9	107000001	0.919583	1.01648	3
9	108000001	1.02248	1.01648	3
9	109000001	1.23737	1.01648	3
9	110000001	1.19589	1.01648	3
9	111000001	0.668378	1.01648	3
9	112000001	1.01279	1.01648	3
9	113000001	0.984434	1.01648	3
9	114000001	1.01658	1.01648	3
9	115000001	0.789774	1.01648	3
9	116000001	1.02713	1.01648	3
9	117000001	0.793146	1.01648	3
9	118000001	0.854908	1.01648	3
9	119000001	0.985916	1.01648	3
9	120000001	1.00699	1.01648	3
9	121000001	1.06739	1.01648	3
9	122000001	1.04539	1.01648	3
9	123000001	1.29614	1.01648	3
9	124000001	1.13929	1.01648	3
9	125000001	1.23783	1.01648	3
9	126000001	1.13299	1.01648	3
9	127000001	0.961765	1.01648	3
9	128000001	1.53708	1.50124	5
9	129000001	1.46541	1.50124	5
9	130000001	2.91524	2.7252	8
9	131000001	2.53515	2.7252	8
9	132000001	0.967689	1.1469	3
9	133000001	1.05763	1.1469	3
9	134000001	1.24771	1.1469	3
9	135000001	1.09444	1.1469	3
9	136000001	1.27237	1.1469	3
9	137000001	1.1469	1.1469	3
9	138000001	1.38331	1.1469	3
X	1	0.545879	0.523071	2
X	1000001	0.525092	0.523071	2
X	2000001	0.467992	0.523071	2
X	3000001	0.836302	0.523071	2
X	4000001	0.448888	0.523071	2
X	5000001	0.521049	0.523071	2
X	6000001	0.493558	0.523071	2
X	7000001	0.595224	0.523071	2
X	8000001	0.738095	0.87191	3
X	9000001	0.904091	0.87191	3
X	10000001	0.87191	0.87191	3
X	11000001	1.20596	1.20596	4
X	12000001	0.590524	0.614373	2
X	13000001	0.576791	0.614373	2
X	14000001	0.612704	0.614373	2
X	15000001	0.418103	0.614373	2
X	16000001	0.608932	0.614373	2
X	17000001	0.754311	0.614373	2
X	18000001	0.478158	0.614373	2
X	19000001	0.610327	0.614373	2
X	20000001	0.678434	0.614373	2
X	21000001	0.836163	0.614373	2
X	22000001	0.665684	0.614373	2
X	23000001	0.548203	0.614373	2
X	24000001	0.5645	0.614373	2
X	25000001	0.761906	0.614373	2
X	26000001	0.542289	0.614373	2
X	27000001	0.467129	0.614373	2
X	28000001	0.585773	0.614373	2
X	29000001	0.597931	0.614373	2
X	30000001	0.700594	0.614373	2
X	31000001	0.83479	0.614373	2
X	32000001	0.642152	0.614373	2
X	33000001	0.832414	0.614373	2
X	34000001	0.586262	0.614373	2
X	35000001	0.723028	0.614373	2
X	36000001	0.634094	0.614373	2
X	37000001	0.597408	0.614373	2
X	38000001	0.688084	0.614373	2
X	39000001	0.614373	0.614373	2
X	40000001	0.479271	0.614373	2
X	41000001	0.828892	0.614373	2
X	42000001	0.706728	0.614373	2
X	43000001	0.651822	0.614373	2
X	44000001	0.534632	0.614373	2
X	45000001	0.603295	0.614373	2
X	46000001	0.602237	0.614373	2
X	47000001	0.711528	0.614373	2
X	48000001	0.622317	0.614373	2
X	49000001	0.821194	0.614373	2
X	50000001	0.462184	0.614373	2
X	51000001	0.462476	0.614373	2
X	52000001	0.628051	0.614373	2
X	53000001	0.593237	0.614373	2
X	54000001	0.591254	0.614373	2
X	55000001	0.639607	0.614373	2
X	56000001	0.620058	0.614373	2
X	57000001	0.510031	0.614373	2
X	58000001	0.541274	0.614373	2
X	59000001	0.609446	0.614373	2
X	60000001	0.567699	0.614373	2
X	61000001	0.663195	0.614373	2
X	62000001	0.690584	0.614373	2
X	63000001	0.683673	0.614373	2
X	64000001	0.589308	0.614373	2
X	65000001	0.689776	0.614373	2
X	66000001	0.580152	0.614373	2
X	67000001	0.549208	0.614373	2
X	68000001	0.700714	0.614373	2
X	69000001	0.494027	0.614373	2
X	70000001	0.649683	0.614373	2
X	71000001	0.623397	0.614373	2
X	72000001	0.843176	0.614373	2
X	73000001	0.461054	0.614373	2
X	74000001	0.615846	0.614373	2
X	75000001	0.631648	0.614373	2
X	76000001	0.487906	0.614373	2
X	77000001	0.860182	0.614373	2
X	78000001	0.689909	0.614373	2
X	79000001	0.51841	0.49536	1
X	80000001	0.439072	0.49536	1
X	81000001	0.520724	0.49536	1
X	82000001	0.472309	0.49536	1
X	83000001	0.751087	0.570636	2
X	84000001	0.510659	0.570636	2
X	85000001	0.465841	0.570636	2
X	86000001	0.611158	0.570636	2
X	87000001	0.606666	0.570636	2
X	88000001	0.687234	0.570636	2
X	89000001	0.554322	0.570636	2
X	90000001	0.581033	0.570636	2
X	91000001	0.602591	0.570636	2
X	92000001	0.624264	0.570636	2
X	93000001	0.604414	0.570636	2
X	94000001	0.777374	0.570636	2
X	95000001	0.522071	0.570636	2
X	96000001	0.433291	0.570636	2
X	97000001	0.771125	0.570636	2
X	98000001	0.573705	0.570636	2
X	99000001	0.673908	0.570636	2
X	100000001	0.567567	0.570636	2
X	101000001	0.52432	0.570636	2
X	102000001	0.468989	0.570636	2
X	103000001	0.808633	0.570636	2
X	104000001	0.543793	0.570636	2
X	105000001	0.463612	0.570636	2
X	106000001	0.504428	0.570636	2
X	107000001	0.52673	0.570636	2
X	108000001	0.471508	0.570636	2
X	109000001	0.483993	0.570636	2
X	110000001	0.59032	0.570636	2
X	111000001	0.730325	0.570636	2
X	112000001	0.531619	0.570636	2
X	113000001	0.552746	0.570636	2
X	114000001	0.765094	0.570636	2
X	115000001	0.74257	0.570636	2
X	116000001	0.529879	0.570636	2
X	117000001	0.601078	0.570636	2
X	118000001	0.560583	0.570636	2
X	119000001	0.687157	0.570636	2
X	120000001	0.541086	0.570636	2
X	121000001	0.54289	0.570636	2
X	122000001	0.562465	0.570636	2
X	123000001	0.529452	0.570636	2
X	124000001	0.39144	0.570636	2
X	125000001	0.409286	0.570636	2
X	126000001	0.679546	0.570636	2
X	127000001	0.619426	0.570636	2
X	128000001	0.458043	0.570636	2
X	129000001	0.531268	0.570636	2
X	130000001	0.512936	0.570636	2
X	131000001	0.542569	0.570636	2
X	132000001	0.495949	0.570636	2
X	133000001	0.592517	0.570636	2
X	134000001	0.728059	0.570636	2
X	135000001	0.774244	0.570636	2
X	136000001	0.630357	0.570636	2
X	137000001	0.707134	0.570636	2
X	138000001	0.640483	0.570636	2
X	139000001	0.590845	0.570636	2
X	140000001	0.597873	0.570636	2
X	141000001	0.697202	0.570636	2
X	142000001	0.468189	0.570636	2
X	143000001	0.479365	0.570636	2
X	144000001	0.527946	0.570636	2
X	145000001	0.581273	0.570636	2
X	146000001	0.566883	0.570636	2
X	147000001	0.644446	0.570636	2
X	148000001	0.70547	0.570636	2
X	149000001	0.788696	0.570636	2
X	150000001	0.577794	0.570636	2
X	151000001	0.560135	0.570636	2
X	152000001	0.522607	0.570636	2
X	153000001	0.646435	0.796153	2
X	154000001	0.94587	0.796153	2
X	155000001	0.40126	0.796153	2
X	156000001	1.03001	0.796153	2
Y	1	-1	-1	0
Y	1000001	-1	-1	0
Y	2000001	0	0.0750505	0
Y	3000001	0.0603097	0.0750505	0
Y	4000001	0.117742	0.0750505	0
Y	5000001	0.100149	0.0750505	0
Y	6000001	0.0529054	0.0750505	0
Y	7000001	0.0897912	0.0750505	0
Y	8000001	0	0.0750505	0
Y	9000001	0.0945184	0.0750505	0
Y	10000001	1.20046	0.993841	3
Y	11000001	0.787225	0.993841	3
Y	12000001	0.198085	0.198085	1
Y	13000001	0.037429	0.14109	0
Y	14000001	0.044235	0.14109	0
Y	15000001	0.0848415	0.14109	0
Y	16000001	0.0168867	0.14109	0
Y	17000001	0.232529	0.14109	0
Y	18000001	0.235048	0.14109	0
Y	19000001	0.036817	0.14109	0
Y	20000001	0.0722109	0.14109	0
Y	21000001	0.32499	0.14109	0
Y	22000001	0.173197	0.14109	0
Y	23000001	0.0980077	0.14109	0
Y	24000001	0.14109	0.14109	0
Y	25000001	0.269209	0.14109	0
Y	26000001	0.315231	0.14109	0
Y	27000001	-1	0.14109	0
Y	28000001	-1	0.14109	0
Y	29000001	-1	0.14109	0
Y	30000001	-1	0.14109	0
Y	31000001	-1	0.14109	0
Y	32000001	-1	0.14109	0
Y	33000001	-1	0.14109	0
Y	34000001	-1	0.14109	0
Y	35000001	-1	0.14109	0
Y	36000001	-1	0.14109	0
Y	37000001	-1	0.14109	0
Y	38000001	-1	0.14109	0
Y	39000001	-1	0.14109	0
Y	40000001	-1	0.14109	0
Y	41000001	-1	0.14109	0
Y	42000001	-1	0.14109	0
Y	43000001	-1	0.14109	0
Y	44000001	-1	0.14109	0
Y	45000001	-1	0.14109	0
Y	46000001	-1	0.14109	0
Y	47000001	-1	0.14109	0
Y	48000001	-1	0.14109	0
Y	49000001	-1	0.14109	0
Y	50000001	-1	0.14109	0
Y	51000001	-1	0.14109	0
Y	52000001	-1	0.14109	0
Y	53000001	-1	0.14109	0
Y	54000001	-1	0.14109	0
Y	55000001	-1	0.14109	0
Y	56000001	0.176865	0.14109	0
Y	57000001	-1	-1	0
