Chromosome	Start	Ratio	MedianRatio	CopyNumber
1	1	2.98588	2.7959	8
1	1000001	2.42598	2.7959	8
1	2000001	3.36788	2.7959	8
1	3000001	2.60592	2.7959	8
1	4000001	1.9367	2.00265	6
1	5000001	2.03788	2.00265	6
1	6000001	2.48689	2.00265	6
1	7000001	2.44444	2.00265	6
1	8000001	1.82215	2.00265	6
1	9000001	2.04831	2.00265	6
1	10000001	2.10391	2.00265	6
1	11000001	2.14874	2.00265	6
1	12000001	2.0416	2.00265	6
1	13000001	1.72515	2.00265	6
1	14000001	1.61523	2.00265	6
1	15000001	1.96525	2.00265	6
1	16000001	2.35765	2.00265	6
1	17000001	1.91887	2.00265	6
1	18000001	2.12372	2.00265	6
1	19000001	2.06539	2.00265	6
1	20000001	2.09077	2.00265	6
1	21000001	1.94891	2.00265	6
1	22000001	1.95512	2.00265	6
1	23000001	1.78781	2.00265	6
1	24000001	1.97703	2.00265	6
1	25000001	1.95071	2.00265	6
1	26000001	1.99096	2.00265	6
1	27000001	2.07141	2.00265	6
1	28000001	2.12054	2.00265	6
1	29000001	1.75192	2.00265	6
1	30000001	2.09745	2.00265	6
1	31000001	2.11158	2.00265	6
1	32000001	2.18665	2.00265	6
1	33000001	1.91873	2.00265	6
1	34000001	2.01282	2.00265	6
1	35000001	2.01657	2.00265	6
1	36000001	2.15242	2.00265	6
1	37000001	1.67734	2.00265	6
1	38000001	1.90496	2.00265	6
1	39000001	1.87424	2.00265	6
1	40000001	1.7067	2.00265	6
1	41000001	2.0681	2.00265	6
1	42000001	1.64351	2.00265	6
1	43000001	2.20727	2.00265	6
1	44000001	1.96927	2.00265	6
1	45000001	1.99248	2.00265	6
1	46000001	1.65644	2.00265	6
1	47000001	2.02604	2.00265	6
1	48000001	1.66881	1.63164	5
1	49000001	1.04462	1.63164	5
1	50000001	1.44949	1.63164	5
1	51000001	1.59448	1.63164	5
1	52000001	1.69381	1.63164	5
1	53000001	1.85331	1.63164	5
1	54000001	1.74479	1.63164	5
1	55000001	1.42174	1.63164	5
1	56000001	0.875321	0.988656	3
1	57000001	0.693739	0.988656	3
1	58000001	1.39908	0.988656	3
1	59000001	1.08192	0.988656	3
1	60000001	1.00416	0.988656	3
1	61000001	1.26439	0.988656	3
1	62000001	1.15913	0.988656	3
1	63000001	1.0756	0.988656	3
1	64000001	1.25883	0.988656	3
1	65000001	1.19655	0.988656	3
1	66000001	1.15197	0.988656	3
1	67000001	1.28781	0.988656	3
1	68000001	1.21557	0.988656	3
1	69000001	0.81411	0.988656	3
1	70000001	1.00985	0.988656	3
1	71000001	0.717331	0.988656	3
1	72000001	0.629608	0.988656	3
1	73000001	0.451516	0.988656	3
1	74000001	0.82766	0.988656	3
1	75000001	0.819597	0.988656	3
1	76000001	0.914625	0.988656	3
1	77000001	1.08206	0.988656	3
1	78000001	1.2173	0.988656	3
1	79000001	0.640625	0.988656	3
1	80000001	0.772345	0.988656	3
1	81000001	0.600769	0.988656	3
1	82000001	0.603827	0.988656	3
1	83000001	0.673949	0.988656	3
1	84000001	1.06492	0.988656	3
1	85000001	0.936022	0.988656	3
1	86000001	1.26622	0.988656	3
1	87000001	0.882796	0.988656	3
1	88000001	0.8452	0.988656	3
1	89000001	1.14124	0.988656	3
1	90000001	1.19036	0.988656	3
1	91000001	1.0108	0.988656	3
1	92000001	1.22261	0.988656	3
1	93000001	1.2928	0.988656	3
1	94000001	1.14124	0.988656	3
1	95000001	1.10233	0.988656	3
1	96000001	0.722998	0.988656	3
1	97000001	0.600686	0.988656	3
1	98000001	0.697771	0.988656	3
1	99000001	1.33976	0.988656	3
1	100000001	1.29671	0.988656	3
1	101000001	0.988656	0.988656	3
1	102000001	0.721226	0.988656	3
1	103000001	0.536675	0.988656	3
1	104000001	0.718028	0.988656	3
1	105000001	0.619896	0.988656	3
1	106000001	0.801719	0.988656	3
1	107000001	1.52922	1.55133	5
1	108000001	1.74629	1.55133	5
1	109000001	1.57343	1.55133	5
1	110000001	2.18246	1.55133	5
1	111000001	1.59362	1.55133	5
1	112000001	1.72615	1.55133	5
1	113000001	1.42295	1.55133	5
1	114000001	1.58803	1.55133	5
1	115000001	1.41532	1.55133	5
1	116000001	1.72429	1.55133	5
1	117000001	1.44405	1.55133	5
1	118000001	1.42827	1.55133	5
1	119000001	1.87982	1.55133	5
1	120000001	1.37809	1.55133	5
1	121000001	2.05897	1.55133	5
1	122000001	1.24583	1.55133	5
1	123000001	1.38044	1.55133	5
1	124000001	1.02643	1.55133	5
1	125000001	3.60209	-1	4
1	126000001	-1	-1	4
1	127000001	-1	-1	4
1	128000001	-1	-1	4
1	129000001	-1	-1	4
1	130000001	-1	-1	4
1	131000001	-1	-1	4
1	132000001	-1	-1	4
1	133000001	-1	-1	4
1	134000001	-1	-1	4
1	135000001	-1	-1	4
1	136000001	-1	-1	4
1	137000001	-1	-1	4
1	138000001	-1	-1	4
1	139000001	-1	-1	4
1	140000001	-1	-1	4
1	141000001	-1	-1	4
1	142000001	-1	-1	4
1	143000001	3.15335	-1	4
1	144000001	1.19196	1.33669	4
1	145000001	1.353	1.33669	4
1	146000001	0.962085	1.33669	4
1	147000001	1.31697	1.33669	4
1	148000001	1.28782	1.33669	4
1	149000001	1.27553	1.33669	4
1	150000001	1.08515	1.33669	4
1	151000001	1.26361	1.33669	4
1	152000001	1.456	1.33669	4
1	153000001	1.42692	1.33669	4
1	154000001	1.77198	1.33669	4
1	155000001	1.35441	1.33669	4
1	156000001	1.48947	1.33669	4
1	157000001	1.34314	1.33669	4
1	158000001	1.21187	1.33669	4
1	159000001	1.16801	1.33669	4
1	160000001	1.33024	1.33669	4
1	161000001	1.39754	1.33669	4
1	162000001	1.56347	1.33669	4
1	163000001	1.35255	1.33669	4
1	164000001	1.08064	1.33669	4
1	165000001	1.25849	1.33669	4
1	166000001	1.65376	1.33669	4
1	167000001	1.61912	1.33669	4
1	168000001	1.5909	1.33669	4
1	169000001	1.26075	1.33669	4
1	170000001	1.22817	1.33669	4
1	171000001	1.22205	1.33669	4
1	172000001	1.57126	1.33669	4
1	173000001	1.57369	1.33669	4
1	174000001	1.37083	1.33669	4
1	175000001	1.59109	1.33669	4
1	176000001	0.834783	1.33669	4
1	177000001	1.24786	1.33669	4
1	178000001	1.56243	1.77313	5
1	179000001	1.77313	1.77313	5
1	180000001	1.80161	1.77313	5
1	181000001	1.90743	1.77313	5
1	182000001	1.78537	1.77313	5
1	183000001	1.67806	1.77313	5
1	184000001	1.60216	1.77313	5
1	185000001	1.29893	0.949454	3
1	186000001	0.949454	0.949454	3
1	187000001	0.83191	0.949454	3
1	188000001	0.669846	0.949454	3
1	189000001	0.959298	0.949454	3
1	190000001	0.770553	0.949454	3
1	191000001	0.762175	0.949454	3
1	192000001	1.14302	0.949454	3
1	193000001	1.49299	0.949454	3
1	194000001	0.91046	0.949454	3
1	195000001	0.891494	0.949454	3
1	196000001	0.612815	0.949454	3
1	197000001	0.977877	0.949454	3
1	198000001	1.18466	0.949454	3
1	199000001	0.975284	0.949454	3
1	200000001	1.63607	1.77163	5
1	201000001	2.0185	1.77163	5
1	202000001	1.81715	1.77163	5
1	203000001	1.71887	1.77163	5
1	204000001	1.90921	1.77163	5
1	205000001	2.00292	1.77163	5
1	206000001	1.81929	1.77163	5
1	207000001	1.7282	1.77163	5
1	208000001	1.69729	1.77163	5
1	209000001	0.964168	1.77163	5
1	210000001	1.25757	1.77163	5
1	211000001	1.89149	1.77163	5
1	212000001	1.81506	1.77163	5
1	213000001	1.47142	1.77163	5
1	214000001	1.02625	1.03013	3
1	215000001	0.857712	1.03013	3
1	216000001	1.03013	1.03013	3
1	217000001	0.804282	1.03013	3
1	218000001	0.875484	1.03013	3
1	219000001	1.14767	1.03013	3
1	220000001	1.17595	1.03013	3
1	221000001	1.07024	1.03013	3
1	222000001	1.28519	1.03013	3
1	223000001	1.82529	1.82529	5
1	224000001	1.74185	1.82529	5
1	225000001	1.62888	1.82529	5
1	226000001	2.03569	1.82529	5
1	227000001	1.85876	1.82529	5
1	228000001	2.25606	1.82529	5
1	229000001	1.7362	1.82529	5
1	230000001	1.73981	1.82529	5
1	231000001	1.96335	1.82529	5
1	232000001	1.45199	1.4673	4
1	233000001	0.977629	1.4673	4
1	234000001	1.79291	1.4673	4
1	235000001	1.58503	1.4673	4
1	236000001	1.80429	1.4673	4
1	237000001	1.02598	1.4673	4
1	238000001	0.888038	1.4673	4
1	239000001	0.799673	1.4673	4
1	240000001	1.2222	1.4673	4
1	241000001	1.48246	1.4673	4
1	242000001	1.29768	1.4673	4
1	243000001	1.11573	1.4673	4
1	244000001	1.55445	1.4673	4
1	245000001	1.72114	1.4673	4
1	246000001	1.92692	1.4673	4
1	247000001	1.78741	1.4673	4
1	248000001	1.4673	1.4673	4
10	1	1.23423	1.09083	3
10	1000001	1.03415	1.09083	3
10	2000001	1.04535	1.09083	3
10	3000001	1.56867	1.09083	3
10	4000001	1.26539	1.09083	3
10	5000001	1.56368	1.09083	3
10	6000001	1.24951	1.09083	3
10	7000001	1.03584	1.09083	3
10	8000001	0.767653	1.09083	3
10	9000001	0.582504	1.09083	3
10	10000001	1.04067	1.09083	3
10	11000001	1.42388	1.09083	3
10	12000001	1.33121	1.09083	3
10	13000001	1.48421	1.09083	3
10	14000001	1.30602	1.09083	3
10	15000001	1.12806	1.09083	3
10	16000001	1.03692	1.09083	3
10	17000001	1.21305	1.09083	3
10	18000001	0.737666	1.09083	3
10	19000001	0.776667	1.09083	3
10	20000001	0.881669	1.09083	3
10	21000001	1.24038	1.09083	3
10	22000001	1.02124	1.09083	3
10	23000001	0.740249	1.09083	3
10	24000001	0.933332	1.09083	3
10	25000001	1.06326	1.09083	3
10	26000001	1.02056	1.09083	3
10	27000001	1.11482	1.09083	3
10	28000001	1.32102	1.09083	3
10	29000001	1.28957	1.09083	3
10	30000001	1.13106	1.09083	3
10	31000001	1.3696	1.09083	3
10	32000001	1.32383	1.09083	3
10	33000001	0.912139	1.09083	3
10	34000001	1.09083	1.09083	3
10	35000001	1.23571	1.09083	3
10	36000001	0.651743	1.09083	3
10	37000001	0.700908	1.09083	3
10	38000001	0.844476	1.09083	3
10	39000001	0.901154	1.09083	3
10	40000001	1.26411	1.09083	3
10	41000001	0.664425	1.09083	3
10	42000001	1.24571	1.09083	3
10	43000001	1.74069	1.63183	5
10	44000001	1.12553	1.63183	5
10	45000001	1.43527	1.63183	5
10	46000001	1.63183	1.63183	5
10	47000001	1.48686	1.63183	5
10	48000001	1.77151	1.63183	5
10	49000001	1.82658	1.63183	5
10	50000001	1.88108	1.63183	5
10	51000001	1.31043	1.63183	5
10	52000001	0.934044	0.768062	2
10	53000001	0.767408	0.768062	2
10	54000001	0.759021	0.768062	2
10	55000001	0.755486	0.768062	2
10	56000001	0.749309	0.768062	2
10	57000001	0.985531	0.768062	2
10	58000001	0.768062	0.768062	2
10	59000001	0.964549	0.768062	2
10	60000001	0.895589	0.768062	2
10	61000001	1.19907	1.19907	4
10	62000001	1.4067	1.19907	4
10	63000001	1.31975	1.19907	4
10	64000001	1.11628	1.19907	4
10	65000001	0.751492	1.19907	4
10	66000001	0.909417	1.19907	4
10	67000001	1.34229	1.19907	4
10	68000001	1.83823	1.86053	6
10	69000001	2.004	1.86053	6
10	70000001	1.81179	1.86053	6
10	71000001	2.09722	1.86053	6
10	72000001	1.86053	1.86053	6
10	73000001	1.60175	1.86053	6
10	74000001	1.48798	1.86053	6
10	75000001	1.62682	1.86053	6
10	76000001	0.987546	1.86053	6
10	77000001	1.95136	1.86053	6
10	78000001	2.11948	1.86053	6
10	79000001	1.96361	1.86053	6
10	80000001	2.11572	1.86053	6
10	81000001	1.14665	1.2194	4
10	82000001	0.918747	1.2194	4
10	83000001	1.28173	1.2194	4
10	84000001	1.68694	1.2194	4
10	85000001	1.57737	1.2194	4
10	86000001	1.15707	1.2194	4
10	87000001	0.882788	0.835543	3
10	88000001	0.711968	0.835543	3
10	89000001	0.757036	0.835543	3
10	90000001	0.826192	0.835543	3
10	91000001	0.949023	0.835543	3
10	92000001	0.834055	0.835543	3
10	93000001	0.88074	0.835543	3
10	94000001	0.977852	0.835543	3
10	95000001	0.810367	0.835543	3
10	96000001	1.01313	0.835543	3
10	97000001	1.03147	0.835543	3
10	98000001	0.938676	0.835543	3
10	99000001	0.845047	0.835543	3
10	100000001	0.835543	0.835543	3
10	101000001	0.656683	0.835543	3
10	102000001	0.837019	0.835543	3
10	103000001	0.974479	0.835543	3
10	104000001	0.847699	0.835543	3
10	105000001	0.59937	0.835543	3
10	106000001	0.516126	0.835543	3
10	107000001	0.400068	0.835543	3
10	108000001	0.521968	0.835543	3
10	109000001	0.746113	0.835543	3
10	110000001	0.890571	0.835543	3
10	111000001	0.819691	0.835543	3
10	112000001	0.703119	0.835543	3
10	113000001	0.616448	0.835543	3
10	114000001	0.467783	0.835543	3
10	115000001	0.416094	0.835543	3
10	116000001	1.04037	0.835543	3
10	117000001	0.912989	0.835543	3
10	118000001	1.11047	0.835543	3
10	119000001	0.971222	0.835543	3
10	120000001	0.804681	0.835543	3
10	121000001	0.619678	0.835543	3
10	122000001	1.17134	0.835543	3
10	123000001	0.826454	0.835543	3
10	124000001	1.1252	0.835543	3
10	125000001	0.974014	0.835543	3
10	126000001	2.81511	2.81511	8
10	127000001	0.474396	0.710329	2
10	128000001	0.866716	0.710329	2
10	129000001	0.652843	0.710329	2
10	130000001	0.627034	0.710329	2
10	131000001	0.710329	0.710329	2
10	132000001	1.14275	0.710329	2
10	133000001	2.06883	0.710329	2
11	1	1.41343	1.42066	4
11	1000001	1.69708	1.42066	4
11	2000001	1.61018	1.42066	4
11	3000001	1.57622	1.42066	4
11	4000001	1.32488	1.42066	4
11	5000001	1.28287	1.42066	4
11	6000001	1.42788	1.42066	4
11	7000001	1.01608	1.42066	4
11	8000001	1.24808	1.42066	4
11	9000001	1.31051	1.42066	4
11	10000001	1.57083	1.42066	4
11	11000001	2.09257	1.42066	4
11	12000001	1.28369	1.25041	4
11	13000001	1.04035	1.25041	4
11	14000001	0.912049	1.25041	4
11	15000001	1.36795	1.25041	4
11	16000001	1.03592	1.25041	4
11	17000001	1.50896	1.25041	4
11	18000001	1.33498	1.25041	4
11	19000001	1.1677	1.25041	4
11	20000001	1.25041	1.25041	4
11	21000001	0.639064	0.741345	2
11	22000001	1.17626	0.741345	2
11	23000001	0.741345	0.741345	2
11	24000001	0.631773	0.741345	2
11	25000001	0.774212	0.741345	2
11	26000001	0.916858	0.741345	2
11	27000001	0.817975	0.741345	2
11	28000001	0.566752	0.741345	2
11	29000001	0.671336	0.741345	2
11	30000001	0.764228	0.741345	2
11	31000001	0.668319	0.741345	2
11	32000001	1.17878	1.35619	4
11	33000001	1.46467	1.35619	4
11	34000001	1.36021	1.35619	4
11	35000001	1.35619	1.35619	4
11	36000001	1.2635	1.35619	4
11	37000001	0.679203	0.694786	2
11	38000001	0.777335	0.694786	2
11	39000001	0.710369	0.694786	2
11	40000001	0.615254	0.694786	2
11	41000001	0.626059	0.694786	2
11	42000001	0.764837	0.694786	2
11	43000001	1.04274	1.04274	3
11	44000001	1.46663	1.4321	4
11	45000001	1.4321	1.4321	4
11	46000001	1.34103	1.4321	4
11	47000001	1.43835	1.4321	4
11	48000001	1.18059	1.4321	4
11	49000001	0.616181	0.809526	2
11	50000001	0.882978	0.809526	2
11	51000001	0.770049	0.809526	2
11	52000001	0.75467	0.809526	2
11	53000001	0.849004	0.809526	2
11	54000001	0.90197	0.809526	2
11	55000001	0.658725	0.809526	2
11	56000001	0.951119	0.809526	2
11	57000001	1.38644	1.44307	4
11	58000001	1.31539	1.44307	4
11	59000001	1.47172	1.44307	4
11	60000001	1.41442	1.44307	4
11	61000001	1.51493	1.44307	4
11	62000001	1.39898	1.44307	4
11	63000001	1.41251	1.44307	4
11	64000001	1.62885	1.44307	4
11	65000001	1.51142	1.44307	4
11	66000001	1.6152	1.44307	4
11	67000001	1.75316	1.75316	5
11	68000001	1.61196	1.75316	5
11	69000001	2.52709	1.75316	5
11	70000001	1.65282	1.75316	5
11	71000001	1.81233	1.75316	5
11	72000001	1.42496	1.30305	4
11	73000001	1.2632	1.30305	4
11	74000001	1.27414	1.30305	4
11	75000001	1.28932	1.30305	4
11	76000001	1.60045	1.30305	4
11	77000001	1.33516	1.30305	4
11	78000001	1.31677	1.30305	4
11	79000001	1.26414	1.30305	4
11	80000001	0.534696	0.989969	3
11	81000001	0.707624	0.989969	3
11	82000001	0.989969	0.989969	3
11	83000001	1.08641	0.989969	3
11	84000001	0.806974	0.989969	3
11	85000001	0.893137	0.989969	3
11	86000001	1.28508	0.989969	3
11	87000001	1.00564	0.989969	3
11	88000001	0.714533	0.989969	3
11	89000001	0.682333	0.989969	3
11	90000001	0.602723	0.989969	3
11	91000001	1.03256	0.989969	3
11	92000001	1.06851	0.989969	3
11	93000001	1.50324	0.989969	3
11	94000001	1.16672	0.989969	3
11	95000001	0.972043	0.989969	3
11	96000001	1.1062	0.989969	3
11	97000001	0.807467	0.771412	2
11	98000001	0.771412	0.771412	2
11	99000001	0.563981	0.771412	2
11	100000001	0.594265	0.771412	2
11	101000001	0.58455	0.771412	2
11	102000001	0.952509	0.771412	2
11	103000001	0.496536	0.771412	2
11	104000001	1.17021	0.771412	2
11	105000001	0.830539	0.771412	2
11	106000001	0.505235	0.771412	2
11	107000001	0.822311	0.771412	2
11	108000001	1.03289	1.15924	3
11	109000001	1.03877	1.15924	3
11	110000001	1.23365	1.15924	3
11	111000001	1.45145	1.15924	3
11	112000001	1.44778	1.15924	3
11	113000001	1.32583	1.15924	3
11	114000001	1.2022	1.15924	3
11	115000001	0.995036	1.15924	3
11	116000001	1.31131	1.15924	3
11	117000001	1.43481	1.15924	3
11	118000001	1.62584	1.15924	3
11	119000001	1.59224	1.15924	3
11	120000001	1.25847	1.15924	3
11	121000001	0.784027	1.15924	3
11	122000001	0.906529	1.15924	3
11	123000001	1.11628	1.15924	3
11	124000001	1.22665	1.15924	3
11	125000001	1.61376	1.15924	3
11	126000001	1.10267	1.15924	3
11	127000001	0.734908	1.15924	3
11	128000001	0.936878	1.15924	3
11	129000001	1.26185	1.15924	3
11	130000001	1.3748	1.15924	3
11	131000001	0.916164	1.15924	3
11	132000001	0.810725	1.15924	3
11	133000001	0.958754	1.15924	3
11	134000001	1.09128	1.15924	3
11	135000001	0.750582	1.15924	3
12	1	1.01979	1.01979	3
12	1000001	0.846106	1.01979	3
12	2000001	1.34109	1.01979	3
12	3000001	1.18705	1.01979	3
12	4000001	0.67369	1.01979	3
12	5000001	0.958112	1.01979	3
12	6000001	1.0243	1.01979	3
12	7000001	1.34745	1.01979	3
12	8000001	1.02709	1.01979	3
12	9000001	0.899082	1.01979	3
12	10000001	0.825847	1.01979	3
12	11000001	1.10976	1.01979	3
12	12000001	0.796162	1.01979	3
12	13000001	0.708082	0.497082	1
12	14000001	0.508824	0.497082	1
12	15000001	0.484032	0.497082	1
12	16000001	0.42523	0.497082	1
12	17000001	0.497836	0.497082	1
12	18000001	0.711345	0.497082	1
12	19000001	0.78449	0.497082	1
12	20000001	0.496327	0.497082	1
12	21000001	0.336629	0.497082	1
12	22000001	0.420378	0.497082	1
12	23000001	0.873492	0.833492	3
12	24000001	0.700706	0.833492	3
12	25000001	0.793492	0.833492	3
12	26000001	0.978305	0.833492	3
12	27000001	1.37577	1.27155	4
12	28000001	1.16733	1.27155	4
12	29000001	0.787915	1.27155	4
12	30000001	0.907104	1.27155	4
12	31000001	1.45666	1.27155	4
12	32000001	1.38176	1.27155	4
12	33000001	0.868687	0.696674	2
12	34000001	0.94198	0.696674	2
12	35000001	0.83136	0.696674	2
12	36000001	0.696674	0.696674	2
12	37000001	0.642542	0.696674	2
12	38000001	0.687612	0.696674	2
12	39000001	0.656196	0.696674	2
12	40000001	0.66965	0.696674	2
12	41000001	0.671907	0.696674	2
12	42000001	0.96416	0.696674	2
12	43000001	0.619631	0.696674	2
12	44000001	0.830146	0.696674	2
12	45000001	1.02565	0.696674	2
12	46000001	1.28103	1.41196	4
12	47000001	1.40211	1.41196	4
12	48000001	1.99323	1.41196	4
12	49000001	1.4218	1.41196	4
12	50000001	1.21353	1.41196	4
12	51000001	1.1278	1.41196	4
12	52000001	1.4307	1.41196	4
12	53000001	1.63396	1.41196	4
12	54000001	1.1676	1.41196	4
12	55000001	1.29929	1.41196	4
12	56000001	1.52053	1.41196	4
12	57000001	1.49209	1.41196	4
12	58000001	1.02117	0.816231	2
12	59000001	0.68454	0.816231	2
12	60000001	0.70723	0.816231	2
12	61000001	0.816231	0.816231	2
12	62000001	1.13358	0.816231	2
12	63000001	0.927078	0.816231	2
12	64000001	1.01892	0.816231	2
12	65000001	0.805057	0.816231	2
12	66000001	0.528457	0.816231	2
12	67000001	1.37574	1.35929	4
12	68000001	1.35774	1.35929	4
12	69000001	1.3854	1.35929	4
12	70000001	1.2611	1.35929	4
12	71000001	1.35929	1.35929	4
12	72000001	0.845954	0.675409	2
12	73000001	0.653583	0.675409	2
12	74000001	0.49178	0.675409	2
12	75000001	0.701259	0.675409	2
12	76000001	1.08244	0.675409	2
12	77000001	0.423267	0.675409	2
12	78000001	0.566897	0.675409	2
12	79000001	0.691211	0.675409	2
12	80000001	0.710218	0.675409	2
12	81000001	0.615573	0.675409	2
12	82000001	0.642764	0.675409	2
12	83000001	0.640061	0.675409	2
12	84000001	0.707122	0.675409	2
12	85000001	0.659606	0.675409	2
12	86000001	0.581279	0.675409	2
12	87000001	0.507424	0.675409	2
12	88000001	0.707485	0.675409	2
12	89000001	0.812738	0.675409	2
12	90000001	0.759646	0.675409	2
12	91000001	0.804443	0.675409	2
12	92000001	1.28297	0.98592	3
12	93000001	1.16604	0.98592	3
12	94000001	0.915732	0.98592	3
12	95000001	0.979665	0.98592	3
12	96000001	0.992175	0.98592	3
12	97000001	0.664316	0.98592	3
12	98000001	1.32593	0.98592	3
12	99000001	0.650906	0.98592	3
12	100000001	0.67584	0.98592	3
12	101000001	1.08421	0.98592	3
12	102000001	1.17754	0.98592	3
12	103000001	0.964652	0.98592	3
12	104000001	1.33738	1.44426	4
12	105000001	1.10307	1.44426	4
12	106000001	1.3815	1.44426	4
12	107000001	1.1442	1.44426	4
12	108000001	1.55469	1.44426	4
12	109000001	1.47995	1.44426	4
12	110000001	1.57016	1.44426	4
12	111000001	1.6258	1.44426	4
12	112000001	1.58806	1.44426	4
12	113000001	1.448	1.44426	4
12	114000001	0.854488	1.44426	4
12	115000001	0.987519	1.44426	4
12	116000001	1.55549	1.44426	4
12	117000001	1.38655	1.44426	4
12	118000001	1.25585	1.44426	4
12	119000001	1.26889	1.44426	4
12	120000001	1.75799	1.44426	4
12	121000001	1.44052	1.44426	4
12	122000001	1.57053	1.44426	4
12	123000001	1.48792	1.44426	4
12	124000001	1.65005	1.44426	4
12	125000001	1.54619	1.44426	4
12	126000001	1.24484	1.44426	4
12	127000001	1.03455	1.44426	4
12	128000001	0.661986	1.44426	4
12	129000001	1.28724	1.44426	4
12	130000001	1.61655	1.44426	4
12	131000001	2.04945	1.44426	4
12	132000001	1.97561	1.44426	4
12	133000001	1.14611	1.44426	4
13	1	-1	-1	2
13	1000001	-1	-1	2
13	2000001	-1	-1	2
13	3000001	-1	-1	2
13	4000001	-1	-1	2
13	5000001	-1	-1	2
13	6000001	-1	-1	2
13	7000001	-1	-1	2
13	8000001	-1	-1	2
13	9000001	-1	-1	2
13	10000001	-1	-1	2
13	11000001	-1	-1	2
13	12000001	-1	-1	2
13	13000001	-1	-1	2
13	14000001	-1	-1	2
13	15000001	-1	-1	2
13	16000001	0.556371	0.772385	2
13	17000001	0.433568	0.772385	2
13	18000001	0.552524	0.772385	2
13	19000001	0.545193	0.772385	2
13	20000001	0.7868	0.772385	2
13	21000001	0.816425	0.772385	2
13	22000001	0.772385	0.772385	2
13	23000001	0.627217	0.772385	2
13	24000001	0.971531	0.772385	2
13	25000001	0.93722	0.772385	2
13	26000001	0.978261	0.772385	2
13	27000001	0.863551	0.772385	2
13	28000001	0.779488	0.772385	2
13	29000001	0.792982	0.772385	2
13	30000001	0.866981	0.772385	2
13	31000001	0.712068	0.772385	2
13	32000001	0.647181	0.772385	2
13	33000001	0.588815	0.772385	2
13	34000001	0.42964	0.772385	2
13	35000001	0.625019	0.772385	2
13	36000001	0.312957	0.772385	2
13	37000001	0.448215	0.772385	2
13	38000001	0.558314	0.772385	2
13	39000001	0.708867	0.772385	2
13	40000001	0.854425	0.772385	2
13	41000001	1.1568	0.772385	2
13	42000001	0.939592	0.772385	2
13	43000001	0.5736	0.772385	2
13	44000001	0.831582	0.772385	2
13	45000001	0.941956	0.772385	2
13	46000001	0.708224	0.772385	2
13	47000001	0.5884	0.772385	2
13	48000001	0.877164	0.772385	2
13	49000001	0.715119	0.772385	2
13	50000001	0.829983	0.772385	2
13	51000001	0.935836	0.772385	2
13	52000001	0.825551	0.772385	2
13	53000001	0.594007	0.464707	1
13	54000001	0.512743	0.464707	1
13	55000001	0.351366	0.464707	1
13	56000001	0.342764	0.464707	1
13	57000001	0.369922	0.464707	1
13	58000001	0.44494	0.464707	1
13	59000001	0.573746	0.464707	1
13	60000001	0.689776	0.464707	1
13	61000001	0.451739	0.464707	1
13	62000001	0.464707	0.464707	1
13	63000001	0.424106	0.464707	1
13	64000001	0.350696	0.464707	1
13	65000001	0.401249	0.464707	1
13	66000001	0.506675	0.464707	1
13	67000001	0.465557	0.464707	1
13	68000001	0.53531	0.464707	1
13	69000001	0.339497	0.464707	1
13	70000001	0.400794	0.464707	1
13	71000001	0.995733	0.464707	1
13	72000001	0.412151	0.464707	1
13	73000001	0.564826	0.464707	1
13	74000001	0.492079	0.464707	1
13	75000001	0.514189	0.464707	1
13	76000001	0.771148	0.464707	1
13	77000001	0.615525	0.464707	1
13	78000001	0.397396	0.464707	1
13	79000001	0.500641	0.464707	1
13	80000001	1.45544	0.464707	1
13	81000001	0.414876	0.464707	1
13	82000001	0.42993	0.464707	1
13	83000001	0.383629	0.464707	1
13	84000001	0.357096	0.464707	1
13	85000001	0.3989	0.464707	1
13	86000001	0.706904	0.464707	1
13	87000001	0.505916	0.464707	1
13	88000001	0.437174	0.464707	1
13	89000001	0.925063	0.464707	1
13	90000001	3.11192	3.11192	9
13	91000001	2.62714	2.62714	8
13	92000001	1.51924	1.51924	5
13	93000001	0.98508	0.897491	3
13	94000001	0.822839	0.897491	3
13	95000001	0.902055	0.897491	3
13	96000001	1.04786	0.897491	3
13	97000001	0.809742	0.897491	3
13	98000001	0.892927	0.897491	3
13	99000001	0.985046	0.897491	3
13	100000001	0.86459	0.897491	3
13	101000001	0.50816	0.480134	1
13	102000001	0.452109	0.480134	1
13	103000001	0.332738	0.480134	1
13	104000001	0.450839	0.480134	1
13	105000001	0.521986	0.480134	1
13	106000001	0.518785	0.480134	1
13	107000001	1.26085	1.00066	3
13	108000001	0.563344	1.00066	3
13	109000001	0.660868	1.00066	3
13	110000001	1.05794	1.00066	3
13	111000001	1.07142	1.00066	3
13	112000001	0.766394	1.00066	3
13	113000001	1.44033	1.00066	3
13	114000001	0.943375	1.00066	3
14	1	-1	-1	2
14	1000001	-1	-1	2
14	2000001	-1	-1	2
14	3000001	-1	-1	2
14	4000001	-1	-1	2
14	5000001	-1	-1	2
14	6000001	-1	-1	2
14	7000001	-1	-1	2
14	8000001	-1	-1	2
14	9000001	-1	-1	2
14	10000001	-1	-1	2
14	11000001	-1	-1	2
14	12000001	-1	-1	2
14	13000001	-1	-1	2
14	14000001	-1	-1	2
14	15000001	-1	-1	2
14	16000001	0.914865	0.678103	2
14	17000001	0.518885	0.678103	2
14	18000001	0.678103	0.678103	2
14	19000001	1.30775	1.03019	3
14	20000001	0.837072	1.03019	3
14	21000001	1.03019	1.03019	3
14	22000001	1.06366	1.03019	3
14	23000001	1.1623	1.03019	3
14	24000001	0.99741	1.03019	3
14	25000001	0.879637	1.03019	3
14	26000001	0.375738	0.44602	1
14	27000001	0.44602	0.44602	1
14	28000001	0.444265	0.44602	1
14	29000001	0.58456	0.44602	1
14	30000001	0.64526	0.44602	1
14	31000001	0.861716	0.706605	2
14	32000001	0.730482	0.706605	2
14	33000001	0.594805	0.706605	2
14	34000001	1.22643	0.706605	2
14	35000001	0.68254	0.706605	2
14	36000001	0.706605	0.706605	2
14	37000001	0.617675	0.706605	2
14	38000001	0.817022	0.706605	2
14	39000001	0.666557	0.706605	2
14	40000001	0.536362	0.536362	2
14	41000001	0.438257	0.536362	2
14	42000001	0.532784	0.536362	2
14	43000001	0.574717	0.536362	2
14	44000001	0.59324	0.536362	2
14	45000001	0.622691	0.536362	2
14	46000001	0.399746	0.536362	2
14	47000001	0.521424	0.536362	2
14	48000001	0.596475	0.536362	2
14	49000001	0.780105	0.780105	2
14	50000001	1.0508	0.780105	2
14	51000001	0.603736	0.780105	2
14	52000001	0.852505	0.780105	2
14	53000001	0.612885	0.780105	2
14	54000001	0.793846	0.780105	2
14	55000001	0.860457	0.780105	2
14	56000001	0.936052	0.780105	2
14	57000001	0.551609	0.780105	2
14	58000001	0.664308	0.780105	2
14	59000001	0.703591	0.780105	2
14	60000001	1.62541	1.62541	5
14	61000001	0.558437	0.558437	2
14	62000001	0.366023	0.558437	2
14	63000001	0.705805	0.558437	2
14	64000001	1.02577	0.875227	3
14	65000001	0.834759	0.875227	3
14	66000001	0.847906	0.875227	3
14	67000001	1.10245	0.875227	3
14	68000001	1.12409	0.875227	3
14	69000001	1.04425	0.875227	3
14	70000001	0.861853	0.875227	3
14	71000001	0.875227	0.875227	3
14	72000001	0.858189	0.875227	3
14	73000001	0.827766	0.875227	3
14	74000001	1.10206	0.875227	3
14	75000001	0.975977	0.875227	3
14	76000001	0.862446	0.875227	3
14	77000001	1.05836	0.875227	3
14	78000001	0.852481	0.875227	3
14	79000001	0.487785	0.646465	2
14	80000001	0.646465	0.646465	2
14	81000001	0.729849	0.646465	2
14	82000001	0.565106	0.439377	1
14	83000001	0.411638	0.439377	1
14	84000001	0.439377	0.439377	1
14	85000001	0.405017	0.439377	1
14	86000001	0.397684	0.439377	1
14	87000001	0.505365	0.439377	1
14	88000001	0.549563	0.439377	1
14	89000001	0.771076	0.956371	3
14	90000001	0.896073	0.956371	3
14	91000001	0.806741	0.956371	3
14	92000001	1.19268	0.956371	3
14	93000001	0.989067	0.956371	3
14	94000001	0.561439	0.956371	3
14	95000001	0.931942	0.956371	3
14	96000001	1.20058	0.956371	3
14	97000001	0.910053	0.956371	3
14	98000001	0.597515	0.956371	3
14	99000001	0.983225	0.956371	3
14	100000001	1.1148	0.956371	3
14	101000001	0.919136	0.956371	3
14	102000001	0.980799	0.956371	3
14	103000001	1.15217	0.956371	3
14	104000001	1.18555	0.956371	3
14	105000001	1.06582	0.956371	3
14	106000001	0.569683	0.956371	3
14	107000001	-1	-1	3
15	1	-1	-1	3
15	1000001	-1	-1	3
15	2000001	-1	-1	3
15	3000001	-1	-1	3
15	4000001	-1	-1	3
15	5000001	-1	-1	3
15	6000001	-1	-1	3
15	7000001	-1	-1	3
15	8000001	-1	-1	3
15	9000001	-1	-1	3
15	10000001	-1	-1	3
15	11000001	-1	-1	3
15	12000001	-1	-1	3
15	13000001	-1	-1	3
15	14000001	-1	-1	3
15	15000001	-1	-1	3
15	16000001	-1	-1	3
15	17000001	0.90028	0.874781	3
15	18000001	0.660209	0.874781	3
15	19000001	0.849282	0.874781	3
15	20000001	1.02206	0.874781	3
15	21000001	1.0235	0.874781	3
15	22000001	1.2232	0.874781	3
15	23000001	0.94034	0.874781	3
15	24000001	0.8033	0.874781	3
15	25000001	0.829867	0.874781	3
15	26000001	0.825133	0.874781	3
15	27000001	1.07349	1.17146	4
15	28000001	1.21908	1.17146	4
15	29000001	1.15743	1.17146	4
15	30000001	0.986981	1.17146	4
15	31000001	0.972873	1.17146	4
15	32000001	1.18548	1.17146	4
15	33000001	1.23293	1.17146	4
15	34000001	1.23743	1.17146	4
15	35000001	0.873425	0.79719	2
15	36000001	0.528764	0.79719	2
15	37000001	0.79719	0.79719	2
15	38000001	0.922336	1.01168	3
15	39000001	1.10103	1.01168	3
15	40000001	1.51788	1.47033	4
15	41000001	1.37749	1.47033	4
15	42000001	1.29096	1.47033	4
15	43000001	1.50745	1.47033	4
15	44000001	1.43321	1.47033	4
15	45000001	1.79687	1.47033	4
15	46000001	0.615306	0.75051	2
15	47000001	0.75051	0.75051	2
15	48000001	1.06945	0.75051	2
15	49000001	1.2575	1.29042	4
15	50000001	1.34972	1.29042	4
15	51000001	1.3157	1.29042	4
15	52000001	1.35596	1.29042	4
15	53000001	0.947962	1.29042	4
15	54000001	1.10069	1.29042	4
15	55000001	1.31732	1.29042	4
15	56000001	1.08922	1.29042	4
15	57000001	1.54524	1.29042	4
15	58000001	1.29178	1.29042	4
15	59000001	1.38014	1.29042	4
15	60000001	0.910473	1.29042	4
15	61000001	0.920838	1.29042	4
15	62000001	1.21567	1.29042	4
15	63000001	1.29042	1.29042	4
15	64000001	1.44605	1.44605	4
15	65000001	1.49757	1.44605	4
15	66000001	1.6852	1.44605	4
15	67000001	1.39129	1.44605	4
15	68000001	1.41918	1.44605	4
15	69000001	0.859275	0.903054	3
15	70000001	0.793342	0.903054	3
15	71000001	0.946833	0.903054	3
15	72000001	1.08496	0.903054	3
15	73000001	1.3993	1.43807	4
15	74000001	1.44807	1.43807	4
15	75000001	1.55435	1.43807	4
15	76000001	1.17864	1.43807	4
15	77000001	1.58011	1.43807	4
15	78000001	1.29453	1.43807	4
15	79000001	1.4727	1.43807	4
15	80000001	1.43807	1.43807	4
15	81000001	1.24358	1.43807	4
15	82000001	1.53459	1.43807	4
15	83000001	1.34208	1.43807	4
15	84000001	1.47466	1.43807	4
15	85000001	1.48645	1.43807	4
15	86000001	0.892719	1.43807	4
15	87000001	0.969902	1.43807	4
15	88000001	1.58418	1.43807	4
15	89000001	1.6062	1.43807	4
15	90000001	1.63149	1.43807	4
15	91000001	1.14228	1.43807	4
15	92000001	1.39034	1.43807	4
15	93000001	1.27626	1.43807	4
15	94000001	0.58231	0.939975	3
15	95000001	1.01999	0.939975	3
15	96000001	1.2522	0.939975	3
15	97000001	0.717829	0.939975	3
15	98000001	0.902203	0.939975	3
15	99000001	0.977748	0.939975	3
15	100000001	1.59062	1.53763	5
15	101000001	1.48464	1.53763	5
16	1	1.59955	1.42225	4
16	1000001	1.75104	1.42225	4
16	2000001	1.64533	1.42225	4
16	3000001	1.47239	1.42225	4
16	4000001	1.93357	1.42225	4
16	5000001	1.31109	1.42225	4
16	6000001	0.961432	1.42225	4
16	7000001	1.09979	1.42225	4
16	8000001	1.35853	1.42225	4
16	9000001	1.27481	1.42225	4
16	10000001	1.66472	1.42225	4
16	11000001	1.57796	1.42225	4
16	12000001	1.34461	1.42225	4
16	13000001	1.2176	1.42225	4
16	14000001	1.43146	1.42225	4
16	15000001	1.53255	1.42225	4
16	16000001	1.54806	1.42225	4
16	17000001	1.37225	1.42225	4
16	18000001	1.48406	1.42225	4
16	19000001	1.34941	1.42225	4
16	20000001	1.41949	1.42225	4
16	21000001	1.35575	1.42225	4
16	22000001	1.2326	1.42225	4
16	23000001	1.7236	1.42225	4
16	24000001	1.33185	1.42225	4
16	25000001	1.16764	1.42225	4
16	26000001	0.980746	1.42225	4
16	27000001	1.42501	1.42225	4
16	28000001	1.60073	1.42225	4
16	29000001	1.63299	1.42225	4
16	30000001	1.54643	1.42225	4
16	31000001	1.2651	1.42225	4
16	32000001	0.764262	0.968793	3
16	33000001	1.31158	0.968793	3
16	34000001	1.21796	0.968793	3
16	35000001	0.968793	0.968793	3
16	36000001	0.767948	0.968793	3
16	37000001	0.919838	0.968793	3
16	38000001	1.02437	0.968793	3
16	39000001	-1	-1	3
16	40000001	-1	-1	3
16	41000001	-1	-1	3
16	42000001	-1	-1	3
16	43000001	-1	-1	3
16	44000001	-1	-1	3
16	45000001	-1	-1	3
16	46000001	2.50775	1.28294	4
16	47000001	1.27573	1.28294	4
16	48000001	1.28294	1.28294	4
16	49000001	1.08876	1.08989	3
16	50000001	1.09103	1.08989	3
16	51000001	0.76416	0.771351	2
16	52000001	0.585003	0.771351	2
16	53000001	0.778543	0.771351	2
16	54000001	0.935907	0.771351	2
16	55000001	1.23734	1.45979	4
16	56000001	1.47985	1.45979	4
16	57000001	1.59366	1.45979	4
16	58000001	1.43972	1.45979	4
16	59000001	0.845416	0.639657	2
16	60000001	0.639657	0.639657	2
16	61000001	0.602912	0.639657	2
16	62000001	0.590384	0.639657	2
16	63000001	0.748119	0.639657	2
16	64000001	0.481528	0.639657	2
16	65000001	0.905934	0.639657	2
16	66000001	1.40242	1.4526	4
16	67000001	1.61707	1.4526	4
16	68000001	1.58542	1.4526	4
16	69000001	1.38733	1.4526	4
16	70000001	1.55223	1.4526	4
16	71000001	1.54169	1.4526	4
16	72000001	1.11299	1.4526	4
16	73000001	1.0776	1.4526	4
16	74000001	1.67095	1.4526	4
16	75000001	1.4526	1.4526	4
16	76000001	0.738179	1.4526	4
16	77000001	0.857941	1.4526	4
16	78000001	1.46867	1.4526	4
16	79000001	1.7305	1.81527	5
16	80000001	1.75306	1.81527	5
16	81000001	2.37627	1.81527	5
16	82000001	1.63024	1.81527	5
16	83000001	1.56277	1.81527	5
16	84000001	2.33853	1.81527	5
16	85000001	2.07823	1.81527	5
16	86000001	2.1162	1.81527	5
16	87000001	1.87749	1.81527	5
16	88000001	2.37734	1.81527	5
16	89000001	1.69008	1.81527	5
16	90000001	1.56965	1.81527	5
17	1	1.65469	1.14779	3
17	1000001	1.31736	1.14779	3
17	2000001	1.03636	1.14779	3
17	3000001	1.13874	1.14779	3
17	4000001	1.15684	1.14779	3
17	5000001	1.02534	1.14779	3
17	6000001	0.883873	1.14779	3
17	7000001	1.32295	1.14779	3
17	8000001	0.930673	0.829519	2
17	9000001	0.888331	0.829519	2
17	10000001	0.57172	0.829519	2
17	11000001	0.727182	0.829519	2
17	12000001	0.622584	0.829519	2
17	13000001	0.664082	0.829519	2
17	14000001	0.549338	0.829519	2
17	15000001	0.830933	0.829519	2
17	16000001	0.982838	0.829519	2
17	17000001	1.10092	0.829519	2
17	18000001	0.828106	0.829519	2
17	19000001	1.13562	0.829519	2
17	20000001	0.927951	0.829519	2
17	21000001	0.810003	0.829519	2
17	22000001	1.38922	0.829519	2
17	23000001	0.476593	0.829519	2
17	24000001	0.668768	0.829519	2
17	25000001	1.01138	0.829519	2
17	26000001	1.45897	1.47017	4
17	27000001	1.40595	1.47017	4
17	28000001	1.75713	1.47017	4
17	29000001	1.46316	1.47017	4
17	30000001	1.29586	1.47017	4
17	31000001	1.43921	1.47017	4
17	32000001	1.26775	1.47017	4
17	33000001	1.50223	1.47017	4
17	34000001	1.39028	1.47017	4
17	35000001	1.44282	1.47017	4
17	36000001	1.62674	1.47017	4
17	37000001	1.49982	1.47017	4
17	38000001	1.69624	1.47017	4
17	39000001	1.57521	1.47017	4
17	40000001	1.56688	1.47017	4
17	41000001	1.47008	1.47017	4
17	42000001	1.61279	1.47017	4
17	43000001	1.64043	1.47017	4
17	44000001	1.66502	1.47017	4
17	45000001	1.50099	1.47017	4
17	46000001	1.12586	1.47017	4
17	47000001	1.22547	1.47017	4
17	48000001	1.28422	1.47017	4
17	49000001	1.49384	1.47017	4
17	50000001	1.47017	1.47017	4
17	51000001	1.19655	0.972896	3
17	52000001	0.87266	0.972896	3
17	53000001	0.663306	0.972896	3
17	54000001	0.757856	0.972896	3
17	55000001	1.07313	0.972896	3
17	56000001	1.15977	0.972896	3
17	57000001	1.31652	1.34659	4
17	58000001	1.25415	1.34659	4
17	59000001	1.42827	1.34659	4
17	60000001	1.6053	1.34659	4
17	61000001	1.16346	1.34659	4
17	62000001	2.34454	1.34659	4
17	63000001	1.51338	1.34659	4
17	64000001	1.23007	1.34659	4
17	65000001	1.3358	1.34659	4
17	66000001	1.35737	1.34659	4
17	67000001	1.50708	1.34659	4
17	68000001	1.29865	1.34659	4
17	69000001	0.727718	0.689329	2
17	70000001	0.650941	0.689329	2
17	71000001	0.631998	0.689329	2
17	72000001	0.984642	0.689329	2
17	73000001	1.35351	1.53674	5
17	74000001	1.59453	1.53674	5
17	75000001	1.52553	1.53674	5
17	76000001	1.54795	1.53674	5
17	77000001	2.53364	1.6893	5
17	78000001	1.7331	1.6893	5
17	79000001	1.64551	1.6893	5
17	80000001	1.56266	1.6893	5
17	81000001	3.18708	1.6177	5
17	82000001	1.6177	1.6177	5
17	83000001	1.52158	1.6177	5
18	1	2.59022	2.59022	8
18	1000001	1.43204	1.43011	4
18	2000001	1.35741	1.43011	4
18	3000001	1.72179	1.43011	4
18	4000001	1.17572	1.43011	4
18	5000001	1.01354	1.43011	4
18	6000001	1.01834	1.43011	4
18	7000001	0.917036	1.43011	4
18	8000001	1.81241	1.43011	4
18	9000001	1.57087	1.43011	4
18	10000001	1.74475	1.43011	4
18	11000001	1.48111	1.43011	4
18	12000001	1.43011	1.43011	4
18	13000001	1.3981	1.43011	4
18	14000001	1.00193	1.09707	3
18	15000001	0.929541	1.09707	3
18	16000001	1.12358	1.09707	3
18	17000001	1.02659	1.09707	3
18	18000001	1.32144	1.09707	3
18	19000001	1.28816	1.09707	3
18	20000001	0.998978	1.09707	3
18	21000001	0.836453	1.09707	3
18	22000001	1.18883	1.09707	3
18	23000001	1.52611	1.09707	3
18	24000001	1.48883	1.09707	3
18	25000001	1.61595	1.09707	3
18	26000001	1.09486	1.09707	3
18	27000001	1.09927	1.09707	3
18	28000001	0.744651	1.09707	3
18	29000001	1.04672	1.09707	3
18	30000001	0.806176	1.09707	3
18	31000001	1.27351	1.09707	3
18	32000001	0.82965	1.09707	3
18	33000001	0.820514	1.09707	3
18	34000001	0.829536	1.09707	3
18	35000001	1.19923	1.09707	3
18	36000001	1.33984	1.09707	3
18	37000001	1.15389	1.09707	3
18	38000001	0.765031	0.801547	2
18	39000001	0.918315	0.801547	2
18	40000001	1.0731	0.801547	2
18	41000001	0.798377	0.801547	2
18	42000001	0.477887	0.801547	2
18	43000001	0.478956	0.801547	2
18	44000001	0.790829	0.801547	2
18	45000001	0.837992	0.801547	2
18	46000001	1.18969	0.801547	2
18	47000001	1.06398	0.801547	2
18	48000001	1.06177	0.801547	2
18	49000001	1.02187	0.801547	2
18	50000001	1.00224	0.801547	2
18	51000001	0.804717	0.801547	2
18	52000001	0.486248	0.801547	2
18	53000001	0.564254	0.801547	2
18	54000001	0.630484	0.801547	2
18	55000001	0.759641	0.801547	2
18	56000001	0.6383	0.801547	2
18	57000001	1.0186	0.801547	2
18	58000001	1.00309	0.801547	2
18	59000001	0.589076	0.801547	2
18	60000001	0.383359	0.801547	2
18	61000001	1.35648	0.801547	2
18	62000001	0.789087	0.801547	2
18	63000001	0.885042	0.801547	2
18	64000001	0.535269	0.416784	1
18	65000001	0.256652	0.416784	1
18	66000001	0.394309	0.416784	1
18	67000001	0.455511	0.416784	1
18	68000001	0.416784	0.416784	1
18	69000001	0.548918	0.416784	1
18	70000001	0.398137	0.416784	1
18	71000001	0.404349	0.416784	1
18	72000001	0.464362	0.416784	1
18	73000001	0.402085	0.416784	1
18	74000001	0.377453	0.416784	1
18	75000001	0.517586	0.416784	1
18	76000001	0.547929	0.416784	1
18	77000001	1.86802	0.849737	3
18	78000001	0.667177	0.849737	3
18	79000001	0.889129	0.849737	3
18	80000001	0.810346	0.849737	3
19	1	1.62337	1.55179	5
19	1000001	1.73853	1.55179	5
19	2000001	1.5258	1.55179	5
19	3000001	1.5292	1.55179	5
19	4000001	1.54623	1.55179	5
19	5000001	1.61028	1.55179	5
19	6000001	1.45013	1.55179	5
19	7000001	1.88612	1.55179	5
19	8000001	1.59084	1.55179	5
19	9000001	1.32938	1.55179	5
19	10000001	1.78917	1.55179	5
19	11000001	1.40867	1.55179	5
19	12000001	1.42544	1.55179	5
19	13000001	1.55323	1.55179	5
19	14000001	1.7072	1.55179	5
19	15000001	1.55034	1.55179	5
19	16000001	1.76573	1.81465	5
19	17000001	1.86357	1.81465	5
19	18000001	1.9413	1.81465	5
19	19000001	1.72986	1.81465	5
19	20000001	1.04952	1.0871	3
19	21000001	1.12468	1.0871	3
19	22000001	0.76506	0.76506	2
19	23000001	0.763178	0.76506	2
19	24000001	0.834161	0.76506	2
19	25000001	1.31656	1.19816	4
19	26000001	1.21303	1.19816	4
19	27000001	1.01357	1.19816	4
19	28000001	1.12633	1.19816	4
19	29000001	1.33851	1.19816	4
19	30000001	1.02392	1.19816	4
19	31000001	1.19816	1.19816	4
19	32000001	1.41191	1.41191	4
19	33000001	1.9004	1.5009	5
19	34000001	1.62309	1.5009	5
19	35000001	1.55561	1.5009	5
19	36000001	1.74871	1.5009	5
19	37000001	1.18058	1.5009	5
19	38000001	1.66878	1.5009	5
19	39000001	1.43662	1.5009	5
19	40000001	1.4494	1.5009	5
19	41000001	1.46219	1.5009	5
19	42000001	1.46625	1.5009	5
19	43000001	1.57428	1.5009	5
19	44000001	1.47515	1.5009	5
19	45000001	1.33307	1.5009	5
19	46000001	1.51505	1.5009	5
19	47000001	1.50742	1.5009	5
19	48000001	1.58618	1.5009	5
19	49000001	1.76326	1.5009	5
19	50000001	1.44821	1.5009	5
19	51000001	1.45019	1.5009	5
19	52000001	1.60546	1.5009	5
19	53000001	1.49438	1.5009	5
19	54000001	1.83072	1.5009	5
19	55000001	1.55077	1.5009	5
19	56000001	1.43713	1.5009	5
19	57000001	1.377	1.5009	5
19	58000001	1.43591	1.5009	5
2	1	0.787031	0.872901	3
2	1000001	0.885738	0.872901	3
2	2000001	1.01154	0.872901	3
2	3000001	1.38647	0.872901	3
2	4000001	0.866292	0.872901	3
2	5000001	0.76706	0.872901	3
2	6000001	0.828603	0.872901	3
2	7000001	0.879511	0.872901	3
2	8000001	1.56841	1.59649	5
2	9000001	1.61668	1.59649	5
2	10000001	1.57631	1.59649	5
2	11000001	1.6692	1.59649	5
2	12000001	1.12073	0.957198	3
2	13000001	0.734129	0.957198	3
2	14000001	1.03481	0.957198	3
2	15000001	1.36136	0.957198	3
2	16000001	1.04727	0.957198	3
2	17000001	0.643379	0.957198	3
2	18000001	0.746179	0.957198	3
2	19000001	0.957198	0.957198	3
2	20000001	1.1744	0.957198	3
2	21000001	0.718529	0.957198	3
2	22000001	0.747934	0.957198	3
2	23000001	1.60158	1.24909	4
2	24000001	1.15867	1.24909	4
2	25000001	1.46919	1.24909	4
2	26000001	1.50694	1.24909	4
2	27000001	1.48264	1.24909	4
2	28000001	1.16802	1.24909	4
2	29000001	1.12492	1.24909	4
2	30000001	1.10293	1.24909	4
2	31000001	1.46496	1.24909	4
2	32000001	1.16928	1.24909	4
2	33000001	1.05975	1.24909	4
2	34000001	0.608161	1.24909	4
2	35000001	0.752017	1.24909	4
2	36000001	1.03105	1.24909	4
2	37000001	1.30271	1.24909	4
2	38000001	1.45991	1.24909	4
2	39000001	1.23259	1.24909	4
2	40000001	1.16138	1.24909	4
2	41000001	0.892567	1.24909	4
2	42000001	1.29924	1.24909	4
2	43000001	1.49556	1.24909	4
2	44000001	1.2656	1.24909	4
2	45000001	1.45107	1.24909	4
2	46000001	1.37699	1.24909	4
2	47000001	1.44075	1.24909	4
2	48000001	1.16733	1.24909	4
2	49000001	0.723867	0.682491	2
2	50000001	0.616873	0.682491	2
2	51000001	0.591288	0.682491	2
2	52000001	0.682491	0.682491	2
2	53000001	0.798059	0.682491	2
2	54000001	1.25391	1.12124	3
2	55000001	1.26391	1.12124	3
2	56000001	1.05899	1.12124	3
2	57000001	1.52524	1.12124	3
2	58000001	0.717692	1.12124	3
2	59000001	0.672267	1.12124	3
2	60000001	1.03949	1.12124	3
2	61000001	1.37218	1.12124	3
2	62000001	1.16573	1.12124	3
2	63000001	1.06067	1.12124	3
2	64000001	1.32824	1.12124	3
2	65000001	1.37838	1.12124	3
2	66000001	1.07675	1.12124	3
2	67000001	0.88204	1.12124	3
2	68000001	1.46487	1.43511	4
2	69000001	1.51152	1.43511	4
2	70000001	1.49093	1.43511	4
2	71000001	1.37353	1.43511	4
2	72000001	1.32693	1.43511	4
2	73000001	1.29797	1.43511	4
2	74000001	1.43511	1.43511	4
2	75000001	0.953958	0.699308	2
2	76000001	0.678469	0.699308	2
2	77000001	0.496555	0.699308	2
2	78000001	0.48364	0.699308	2
2	79000001	0.834884	0.699308	2
2	80000001	1.04455	0.699308	2
2	81000001	0.634484	0.699308	2
2	82000001	0.720147	0.699308	2
2	83000001	1.7088	1.25639	4
2	84000001	1.22652	1.25639	4
2	85000001	1.28214	1.25639	4
2	86000001	1.13826	1.25639	4
2	87000001	1.25639	1.25639	4
2	88000001	0.953244	0.879314	3
2	89000001	0.83275	0.879314	3
2	90000001	0.912087	0.879314	3
2	91000001	0.788752	0.879314	3
2	92000001	0.998187	0.879314	3
2	93000001	1.07793	0.879314	3
2	94000001	0.786033	0.879314	3
2	95000001	0.892384	0.879314	3
2	96000001	1.07893	0.879314	3
2	97000001	0.928151	0.879314	3
2	98000001	1.0771	0.879314	3
2	99000001	1.32127	0.879314	3
2	100000001	0.916454	0.879314	3
2	101000001	0.862677	0.879314	3
2	102000001	0.630461	0.879314	3
2	103000001	0.484674	0.879314	3
2	104000001	0.612428	0.879314	3
2	105000001	0.956606	0.879314	3
2	106000001	0.759276	0.879314	3
2	107000001	0.509525	0.879314	3
2	108000001	0.784177	0.879314	3
2	109000001	0.96025	0.879314	3
2	110000001	0.91789	0.879314	3
2	111000001	0.975273	0.879314	3
2	112000001	0.807512	0.879314	3
2	113000001	0.978353	0.879314	3
2	114000001	0.866244	0.879314	3
2	115000001	0.42117	0.879314	3
2	116000001	0.407285	0.879314	3
2	117000001	0.488171	0.879314	3
2	118000001	0.723784	0.879314	3
2	119000001	0.796704	0.879314	3
2	120000001	1.13715	0.879314	3
2	121000001	0.853355	0.879314	3
2	122000001	0.915968	0.879314	3
2	123000001	0.439754	0.879314	3
2	124000001	1.57724	0.879314	3
2	125000001	0.590333	0.879314	3
2	126000001	0.923355	0.879314	3
2	127000001	0.97198	0.879314	3
2	128000001	0.987118	0.879314	3
2	129000001	0.679775	0.879314	3
2	130000001	1.01138	0.879314	3
2	131000001	0.788458	0.879314	3
2	132000001	0.614926	0.558592	2
2	133000001	0.525569	0.558592	2
2	134000001	0.700422	0.558592	2
2	135000001	0.68003	0.558592	2
2	136000001	0.812296	0.558592	2
2	137000001	0.476286	0.558592	2
2	138000001	0.39876	0.558592	2
2	139000001	0.509749	0.558592	2
2	140000001	0.469032	0.558592	2
2	141000001	0.449522	0.558592	2
2	142000001	0.402645	0.558592	2
2	143000001	0.732146	0.558592	2
2	144000001	0.695782	0.558592	2
2	145000001	0.661749	0.558592	2
2	146000001	0.58585	0.558592	2
2	147000001	0.397485	0.558592	2
2	148000001	0.537878	0.558592	2
2	149000001	0.52135	0.558592	2
2	150000001	0.982572	0.558592	2
2	151000001	1.04749	0.558592	2
2	152000001	0.833511	0.558592	2
2	153000001	0.4472	0.558592	2
2	154000001	0.58012	0.558592	2
2	155000001	0.55646	0.558592	2
2	156000001	0.552555	0.558592	2
2	157000001	0.63882	0.558592	2
2	158000001	0.637254	0.558592	2
2	159000001	0.881439	0.558592	2
2	160000001	0.560725	0.558592	2
2	161000001	0.413897	0.558592	2
2	162000001	0.407204	0.558592	2
2	163000001	0.404397	0.558592	2
2	164000001	0.378265	0.558592	2
2	165000001	0.625948	0.558592	2
2	166000001	1.02508	0.558592	2
2	167000001	0.523719	0.558592	2
2	168000001	0.983609	0.971811	3
2	169000001	1.499	0.971811	3
2	170000001	0.971811	0.971811	3
2	171000001	0.764677	0.971811	3
2	172000001	0.940712	0.971811	3
2	173000001	1.2329	0.971811	3
2	174000001	0.832701	0.971811	3
2	175000001	0.498113	0.634933	2
2	176000001	0.718759	0.634933	2
2	177000001	0.959605	0.634933	2
2	178000001	0.637354	0.634933	2
2	179000001	0.447399	0.634933	2
2	180000001	0.510913	0.634933	2
2	181000001	0.674302	0.634933	2
2	182000001	0.717322	0.634933	2
2	183000001	0.737903	0.634933	2
2	184000001	0.396719	0.634933	2
2	185000001	0.389083	0.634933	2
2	186000001	0.48184	0.634933	2
2	187000001	0.634933	0.634933	2
2	188000001	0.697708	0.634933	2
2	189000001	0.80686	0.634933	2
2	190000001	0.688298	0.634933	2
2	191000001	0.625326	0.634933	2
2	192000001	0.508931	0.634933	2
2	193000001	0.436676	0.634933	2
2	194000001	1.75648	1.75648	5
2	195000001	0.598614	0.746031	2
2	196000001	1.03321	0.746031	2
2	197000001	0.912991	0.746031	2
2	198000001	0.745117	0.746031	2
2	199000001	0.6808	0.746031	2
2	200000001	0.919674	0.746031	2
2	201000001	0.873644	0.746031	2
2	202000001	0.909495	0.746031	2
2	203000001	0.947725	0.746031	2
2	204000001	0.627346	0.746031	2
2	205000001	0.730895	0.746031	2
2	206000001	0.595833	0.746031	2
2	207000001	0.902802	0.746031	2
2	208000001	0.710687	0.746031	2
2	209000001	0.831451	0.746031	2
2	210000001	0.410188	0.746031	2
2	211000001	0.293305	0.746031	2
2	212000001	0.345044	0.746031	2
2	213000001	0.44932	0.746031	2
2	214000001	0.68353	0.746031	2
2	215000001	0.824508	0.746031	2
2	216000001	0.860448	0.746031	2
2	217000001	1.00577	0.746031	2
2	218000001	1.14385	0.746031	2
2	219000001	1.1039	0.746031	2
2	220000001	0.688797	0.746031	2
2	221000001	0.79683	0.746031	2
2	222000001	0.802975	0.746031	2
2	223000001	0.721236	0.746031	2
2	224000001	0.562635	0.746031	2
2	225000001	1.2201	0.746031	2
2	226000001	0.4654	0.746031	2
2	227000001	0.746946	0.746031	2
2	228000001	0.466219	0.746031	2
2	229000001	1.16324	1.02397	3
2	230000001	0.955014	1.02397	3
2	231000001	0.998001	1.02397	3
2	232000001	0.856323	1.02397	3
2	233000001	0.980831	1.02397	3
2	234000001	0.975441	1.02397	3
2	235000001	1.36752	1.02397	3
2	236000001	1.0464	1.02397	3
2	237000001	1.10141	1.02397	3
2	238000001	1.69145	1.02397	3
2	239000001	1.00153	1.02397	3
2	240000001	1.09959	1.02397	3
2	241000001	1.35111	1.02397	3
2	242000001	0.844096	1.02397	3
20	1	2.18048	0.902484	3
20	1000001	0.946009	0.902484	3
20	2000001	0.679729	0.902484	3
20	3000001	1.20665	0.902484	3
20	4000001	0.823056	0.902484	3
20	5000001	0.902484	0.902484	3
20	6000001	0.842007	0.902484	3
20	7000001	0.450425	0.672604	2
20	8000001	0.731946	0.672604	2
20	9000001	0.627681	0.672604	2
20	10000001	0.459778	0.672604	2
20	11000001	0.499801	0.672604	2
20	12000001	0.326839	0.672604	2
20	13000001	0.49755	0.672604	2
20	14000001	0.549761	0.672604	2
20	15000001	0.527734	0.672604	2
20	16000001	0.454823	0.672604	2
20	17000001	0.684683	0.672604	2
20	18000001	0.989991	0.672604	2
20	19000001	0.764078	0.672604	2
20	20000001	0.666693	0.672604	2
20	21000001	0.476229	0.672604	2
20	22000001	0.479857	0.672604	2
20	23000001	1.0499	0.672604	2
20	24000001	0.85186	0.672604	2
20	25000001	1.06791	0.672604	2
20	26000001	0.782807	0.672604	2
20	27000001	0.678515	0.672604	2
20	28000001	0.6789	0.672604	2
20	29000001	0.719073	0.672604	2
20	30000001	0.922575	0.672604	2
20	31000001	1.28147	1.49554	4
20	32000001	1.54914	1.49554	4
20	33000001	1.55802	1.49554	4
20	34000001	1.26697	1.49554	4
20	35000001	1.28758	1.49554	4
20	36000001	1.55518	1.49554	4
20	37000001	1.49689	1.49554	4
20	38000001	1.54289	1.49554	4
20	39000001	1.26088	1.49554	4
20	40000001	1.24201	1.49554	4
20	41000001	1.36177	1.49554	4
20	42000001	1.0467	1.49554	4
20	43000001	1.45323	1.49554	4
20	44000001	1.79037	1.49554	4
20	45000001	1.24202	1.49554	4
20	46000001	1.67717	1.49554	4
20	47000001	1.49419	1.49554	4
20	48000001	1.81302	1.49554	4
20	49000001	1.33558	1.49554	4
20	50000001	1.72413	1.49554	4
20	51000001	1.51856	1.49554	4
20	52000001	1.0795	1.49554	4
20	53000001	1.69607	1.49554	4
20	54000001	0.995939	1.49554	4
20	55000001	0.769992	1.49554	4
20	56000001	1.05182	1.49554	4
20	57000001	1.95021	1.49554	4
20	58000001	1.6643	1.49554	4
20	59000001	1.237	1.49554	4
20	60000001	0.980405	1.49554	4
20	61000001	1.69411	1.49554	4
20	62000001	1.84514	1.49554	4
20	63000001	1.76504	1.49554	4
20	64000001	2.11905	1.49554	4
21	1	-1	-1	5
21	1000001	-1	-1	5
21	2000001	-1	-1	5
21	3000001	-1	-1	5
21	4000001	-1	-1	5
21	5000001	1.48553	1.50589	5
21	6000001	1.77739	1.50589	5
21	7000001	1.42976	1.50589	5
21	8000001	2.35861	1.50589	5
21	9000001	1.48322	1.50589	5
21	10000001	1.52626	1.50589	5
21	11000001	0.544035	0.951623	3
21	12000001	0.584533	0.951623	3
21	13000001	1.06324	0.951623	3
21	14000001	1.21255	0.951623	3
21	15000001	0.969912	0.951623	3
21	16000001	0.933335	0.951623	3
21	17000001	0.821487	0.703526	2
21	18000001	0.512965	0.703526	2
21	19000001	0.76114	0.703526	2
21	20000001	0.536637	0.703526	2
21	21000001	0.464571	0.703526	2
21	22000001	0.457954	0.703526	2
21	23000001	0.703526	0.703526	2
21	24000001	0.793709	0.703526	2
21	25000001	0.954274	0.703526	2
21	26000001	0.84108	0.703526	2
21	27000001	0.695913	0.703526	2
21	28000001	1.38804	1.38804	4
21	29000001	1.53317	1.38804	4
21	30000001	1.20972	1.38804	4
21	31000001	1.23468	1.38804	4
21	32000001	1.54976	1.38804	4
21	33000001	1.73792	1.87869	6
21	34000001	1.75502	1.87869	6
21	35000001	1.79777	1.87869	6
21	36000001	1.97886	1.87869	6
21	37000001	1.60076	1.87869	6
21	38000001	1.85954	1.87869	6
21	39000001	1.89784	1.87869	6
21	40000001	1.49229	1.87869	6
21	41000001	1.31579	1.87869	6
21	42000001	2.32517	1.87869	6
21	43000001	2.54885	1.87869	6
21	44000001	2.03638	1.87869	6
21	45000001	2.09197	1.87869	6
21	46000001	2.24524	1.87869	6
22	1	-1	-1	3
22	1000001	-1	-1	3
22	2000001	-1	-1	3
22	3000001	-1	-1	3
22	4000001	-1	-1	3
22	5000001	-1	-1	3
22	6000001	-1	-1	3
22	7000001	-1	-1	3
22	8000001	-1	-1	3
22	9000001	-1	-1	3
22	10000001	0.817239	0.954772	3
22	11000001	1.29396	0.954772	3
22	12000001	1.38239	0.954772	3
22	13000001	0.504127	0.954772	3
22	14000001	0.558997	0.954772	3
22	15000001	1.09231	0.954772	3
22	16000001	2.2421	1.94361	6
22	17000001	1.94361	1.94361	6
22	18000001	1.9355	1.94361	6
22	19000001	4.97449	5.76392	17
22	20000001	5.63932	5.76392	17
22	21000001	5.88853	5.76392	17
22	22000001	7.38593	5.76392	17
22	23000001	3.82892	3.82892	11
22	24000001	1.19005	1.0268	3
22	25000001	0.997502	1.0268	3
22	26000001	0.916321	1.0268	3
22	27000001	1.06935	1.0268	3
22	28000001	0.861308	1.0268	3
22	29000001	1.00828	1.0268	3
22	30000001	0.968426	1.0268	3
22	31000001	0.923535	1.0268	3
22	32000001	1.04319	1.0268	3
22	33000001	0.94397	1.0268	3
22	34000001	0.654654	1.0268	3
22	35000001	1.14273	1.0268	3
22	36000001	1.05865	1.0268	3
22	37000001	1.06923	1.0268	3
22	38000001	1.24093	1.0268	3
22	39000001	1.15228	1.0268	3
22	40000001	0.923288	1.0268	3
22	41000001	0.935984	1.0268	3
22	42000001	1.15634	1.0268	3
22	43000001	0.967108	1.0268	3
22	44000001	0.944493	1.0268	3
22	45000001	1.0268	1.0268	3
22	46000001	1.14195	1.0268	3
22	47000001	0.990859	1.0268	3
22	48000001	1.09921	1.0268	3
22	49000001	1.09032	1.0268	3
22	50000001	1.40264	1.0268	3
3	1	0.813398	0.813398	2
3	1000001	0.764552	0.813398	2
3	2000001	0.847742	0.813398	2
3	3000001	1.19391	1.54831	5
3	4000001	1.65026	1.54831	5
3	5000001	1.84387	1.54831	5
3	6000001	1.61157	1.54831	5
3	7000001	0.730557	1.54831	5
3	8000001	1.48505	1.54831	5
3	9000001	1.94603	1.94957	6
3	10000001	2.07356	1.94957	6
3	11000001	2.00141	1.94957	6
3	12000001	1.94957	1.94957	6
3	13000001	2.15226	1.94957	6
3	14000001	2.16271	1.94957	6
3	15000001	1.76748	1.94957	6
3	16000001	1.57649	1.94957	6
3	17000001	1.7018	1.94957	6
3	18000001	1.04636	0.988344	3
3	19000001	1.37016	0.988344	3
3	20000001	1.52104	0.988344	3
3	21000001	0.988344	0.988344	3
3	22000001	0.72938	0.988344	3
3	23000001	1.18204	0.988344	3
3	24000001	1.29784	0.988344	3
3	25000001	1.2024	0.988344	3
3	26000001	0.708516	0.988344	3
3	27000001	0.884848	0.988344	3
3	28000001	0.967936	0.988344	3
3	29000001	0.871863	0.988344	3
3	30000001	0.981338	0.988344	3
3	31000001	1.44044	1.68105	5
3	32000001	1.83564	1.68105	5
3	33000001	1.73739	1.68105	5
3	34000001	1.22651	1.68105	5
3	35000001	0.921729	1.68105	5
3	36000001	1.66962	1.68105	5
3	37000001	1.60781	1.68105	5
3	38000001	1.77396	1.68105	5
3	39000001	1.706	1.68105	5
3	40000001	1.66352	1.68105	5
3	41000001	1.62452	1.68105	5
3	42000001	1.91572	1.68105	5
3	43000001	1.80812	1.68105	5
3	44000001	1.58365	1.68105	5
3	45000001	1.68105	1.68105	5
3	46000001	1.93065	1.68105	5
3	47000001	1.81975	1.68105	5
3	48000001	1.23576	0.861636	3
3	49000001	0.997908	0.861636	3
3	50000001	1.12391	0.861636	3
3	51000001	0.989131	0.861636	3
3	52000001	1.1135	0.861636	3
3	53000001	0.905065	0.861636	3
3	54000001	0.804054	0.861636	3
3	55000001	0.712786	0.861636	3
3	56000001	0.771571	0.861636	3
3	57000001	1.07037	0.861636	3
3	58000001	1.02708	0.861636	3
3	59000001	0.773509	0.861636	3
3	60000001	0.78085	0.861636	3
3	61000001	0.818823	0.861636	3
3	62000001	0.41515	0.861636	3
3	63000001	0.560404	0.861636	3
3	64000001	0.857093	0.861636	3
3	65000001	0.981044	0.861636	3
3	66000001	0.896349	0.861636	3
3	67000001	0.534056	0.861636	3
3	68000001	0.719294	0.861636	3
3	69000001	0.872899	0.861636	3
3	70000001	0.86618	0.861636	3
3	71000001	0.918359	0.861636	3
3	72000001	0.814432	0.861636	3
3	73000001	0.760856	0.861636	3
3	74000001	0.353312	0.501672	2
3	75000001	0.883125	0.501672	2
3	76000001	0.372077	0.501672	2
3	77000001	0.368544	0.501672	2
3	78000001	0.57519	0.501672	2
3	79000001	0.436745	0.501672	2
3	80000001	0.49099	0.501672	2
3	81000001	0.293503	0.501672	2
3	82000001	0.654974	0.501672	2
3	83000001	0.429823	0.501672	2
3	84000001	0.430382	0.501672	2
3	85000001	0.269745	0.501672	2
3	86000001	0.46421	0.501672	2
3	87000001	0.401474	0.501672	2
3	88000001	0.316358	0.501672	2
3	89000001	0.458607	0.501672	2
3	90000001	0.512355	0.501672	2
3	91000001	0.567456	0.501672	2
3	92000001	0.377513	0.501672	2
3	93000001	0.586925	0.501672	2
3	94000001	0.619256	0.501672	2
3	95000001	0.574585	0.501672	2
3	96000001	0.614333	0.501672	2
3	97000001	0.747654	0.501672	2
3	98000001	0.483154	0.501672	2
3	99000001	0.777025	0.501672	2
3	100000001	0.922406	0.501672	2
3	101000001	0.915316	0.501672	2
3	102000001	0.725242	0.501672	2
3	103000001	0.459233	0.501672	2
3	104000001	0.449555	0.501672	2
3	105000001	0.482801	0.501672	2
3	106000001	0.462342	0.501672	2
3	107000001	0.703656	0.501672	2
3	108000001	0.738053	0.501672	2
3	109000001	0.627311	0.501672	2
3	110000001	0.390473	0.501672	2
3	111000001	0.625737	0.501672	2
3	112000001	0.552062	0.501672	2
3	113000001	0.618867	0.501672	2
3	114000001	0.482949	0.501672	2
3	115000001	0.701386	0.501672	2
3	116000001	0.552272	0.501672	2
3	117000001	0.421069	0.501672	2
3	118000001	0.873155	0.865415	3
3	119000001	0.748132	0.865415	3
3	120000001	0.857675	0.865415	3
3	121000001	0.977194	0.865415	3
3	122000001	1.01458	0.865415	3
3	123000001	0.964218	0.865415	3
3	124000001	0.830413	0.865415	3
3	125000001	1.08766	0.865415	3
3	126000001	0.982144	0.865415	3
3	127000001	0.902097	0.865415	3
3	128000001	1.06341	0.865415	3
3	129000001	1.08909	0.865415	3
3	130000001	0.781871	0.865415	3
3	131000001	0.853259	0.865415	3
3	132000001	0.728364	0.865415	3
3	133000001	0.687214	0.865415	3
3	134000001	0.808488	0.865415	3
3	135000001	0.738049	0.865415	3
3	136000001	0.914879	0.865415	3
3	137000001	0.840251	0.865415	3
3	138000001	1.33698	1.36401	4
3	139000001	1.36007	1.36401	4
3	140000001	1.36795	1.36401	4
3	141000001	1.44057	1.36401	4
3	142000001	1.26217	1.36401	4
3	143000001	1.89842	1.36401	4
3	144000001	0.648263	0.66509	2
3	145000001	0.611829	0.66509	2
3	146000001	0.712714	0.66509	2
3	147000001	0.718125	0.66509	2
3	148000001	0.638033	0.66509	2
3	149000001	0.681917	0.66509	2
3	150000001	1.13187	0.970513	3
3	151000001	1.07502	0.970513	3
3	152000001	1.24323	0.970513	3
3	153000001	0.944338	0.970513	3
3	154000001	0.742637	0.970513	3
3	155000001	1.22807	0.970513	3
3	156000001	1.22398	0.970513	3
3	157000001	1.11616	0.970513	3
3	158000001	0.970513	0.970513	3
3	159000001	0.816769	0.970513	3
3	160000001	0.974294	0.970513	3
3	161000001	0.863459	0.970513	3
3	162000001	0.737481	0.970513	3
3	163000001	0.727922	0.970513	3
3	164000001	0.592463	0.970513	3
3	165000001	0.63434	0.970513	3
3	166000001	0.631735	0.970513	3
3	167000001	1.01728	0.970513	3
3	168000001	1.14612	0.970513	3
3	169000001	1.06327	0.970513	3
3	170000001	1.10903	0.970513	3
3	171000001	1.27784	0.970513	3
3	172000001	1.36017	0.970513	3
3	173000001	0.809413	0.970513	3
3	174000001	0.56583	0.970513	3
3	175000001	0.715179	0.970513	3
3	176000001	0.725379	0.970513	3
3	177000001	0.946444	0.970513	3
3	178000001	1.0068	0.970513	3
3	179000001	1.27288	0.970513	3
3	180000001	0.902568	0.970513	3
3	181000001	1.02433	0.970513	3
3	182000001	0.775997	0.970513	3
3	183000001	1.30678	1.30727	4
3	184000001	1.45383	1.30727	4
3	185000001	1.28848	1.30727	4
3	186000001	1.90956	1.30727	4
3	187000001	1.30727	1.30727	4
3	188000001	0.980906	0.730106	2
3	189000001	0.689299	0.730106	2
3	190000001	0.632262	0.730106	2
3	191000001	0.730106	0.730106	2
3	192000001	1.10922	0.730106	2
3	193000001	1.37066	1.46356	4
3	194000001	1.4526	1.46356	4
3	195000001	1.73798	1.46356	4
3	196000001	1.47452	1.46356	4
3	197000001	1.44935	1.46356	4
3	198000001	1.76657	1.46356	4
4	1	1.1647	1.596	5
4	1000001	1.81007	1.596	5
4	2000001	1.62108	1.596	5
4	3000001	1.596	1.596	5
4	4000001	1.12038	1.596	5
4	5000001	1.37749	1.596	5
4	6000001	1.69109	1.596	5
4	7000001	1.907	1.596	5
4	8000001	1.76962	1.596	5
4	9000001	1.28843	1.596	5
4	10000001	1.34776	1.596	5
4	11000001	0.871829	0.747047	2
4	12000001	0.830045	0.747047	2
4	13000001	0.968454	0.747047	2
4	14000001	0.895239	0.747047	2
4	15000001	0.99442	0.747047	2
4	16000001	1.14285	0.747047	2
4	17000001	0.79213	0.747047	2
4	18000001	0.676803	0.747047	2
4	19000001	0.642571	0.747047	2
4	20000001	0.707624	0.747047	2
4	21000001	0.421706	0.747047	2
4	22000001	0.624629	0.747047	2
4	23000001	0.707005	0.747047	2
4	24000001	0.770682	0.747047	2
4	25000001	1.25163	0.747047	2
4	26000001	0.975574	0.747047	2
4	27000001	0.881605	0.747047	2
4	28000001	0.692757	0.747047	2
4	29000001	0.515679	0.747047	2
4	30000001	0.547594	0.747047	2
4	31000001	0.514564	0.747047	2
4	32000001	0.896854	0.747047	2
4	33000001	0.600505	0.747047	2
4	34000001	0.552526	0.747047	2
4	35000001	0.905834	0.747047	2
4	36000001	0.723412	0.747047	2
4	37000001	0.683024	0.747047	2
4	38000001	1.01637	0.747047	2
4	39000001	3.03541	3.03541	9
4	40000001	1.35065	1.02683	3
4	41000001	1.30865	1.02683	3
4	42000001	0.644552	1.02683	3
4	43000001	1.49762	1.02683	3
4	44000001	0.699796	1.02683	3
4	45000001	0.6606	1.02683	3
4	46000001	0.748874	1.02683	3
4	47000001	1.25094	1.02683	3
4	48000001	1.15461	1.02683	3
4	49000001	0.956503	1.02683	3
4	50000001	0.652858	1.02683	3
4	51000001	0.829038	1.02683	3
4	52000001	1.02683	1.02683	3
4	53000001	1.15636	1.02683	3
4	54000001	1.19662	1.02683	3
4	55000001	1.0579	1.02683	3
4	56000001	1.02062	1.02683	3
4	57000001	0.577415	0.459094	1
4	58000001	0.464301	0.459094	1
4	59000001	0.533005	0.459094	1
4	60000001	0.486969	0.459094	1
4	61000001	0.347604	0.459094	1
4	62000001	0.373617	0.459094	1
4	63000001	0.521806	0.459094	1
4	64000001	0.387111	0.459094	1
4	65000001	0.394415	0.459094	1
4	66000001	0.453887	0.459094	1
4	67000001	0.857044	0.829936	2
4	68000001	0.815997	0.829936	2
4	69000001	0.503749	0.829936	2
4	70000001	1.62219	0.829936	2
4	71000001	0.65933	0.829936	2
4	72000001	0.829936	0.829936	2
4	73000001	0.866752	0.829936	2
4	74000001	0.906439	0.829936	2
4	75000001	0.814959	0.829936	2
4	76000001	0.741558	0.829936	2
4	77000001	0.847212	0.829936	2
4	78000001	0.803243	0.829936	2
4	79000001	0.916458	0.829936	2
4	80000001	0.884584	0.829936	2
4	81000001	0.736894	0.829936	2
4	82000001	0.810209	0.829936	2
4	83000001	0.868489	0.829936	2
4	84000001	0.586472	0.617463	2
4	85000001	0.574306	0.617463	2
4	86000001	0.644813	0.617463	2
4	87000001	0.921858	0.617463	2
4	88000001	0.757283	0.617463	2
4	89000001	0.571806	0.617463	2
4	90000001	0.6825	0.617463	2
4	91000001	0.419302	0.617463	2
4	92000001	0.687064	0.617463	2
4	93000001	0.470579	0.617463	2
4	94000001	0.98211	0.617463	2
4	95000001	0.484765	0.617463	2
4	96000001	0.409831	0.617463	2
4	97000001	0.51418	0.617463	2
4	98000001	0.518796	0.617463	2
4	99000001	0.638793	0.617463	2
4	100000001	0.599964	0.617463	2
4	101000001	0.494808	0.617463	2
4	102000001	0.682102	0.617463	2
4	103000001	0.63487	0.617463	2
4	104000001	1.43349	0.617463	2
4	105000001	0.439054	0.617463	2
4	106000001	0.374402	0.617463	2
4	107000001	0.49453	0.617463	2
4	108000001	0.678868	0.617463	2
4	109000001	1.18358	0.617463	2
4	110000001	0.717238	0.617463	2
4	111000001	0.702251	0.617463	2
4	112000001	0.908171	0.617463	2
4	113000001	0.557756	0.617463	2
4	114000001	0.401202	0.617463	2
4	115000001	0.381028	0.617463	2
4	116000001	0.423368	0.617463	2
4	117000001	0.352282	0.617463	2
4	118000001	0.392319	0.617463	2
4	119000001	0.442785	0.617463	2
4	120000001	0.48667	0.617463	2
4	121000001	0.567975	0.617463	2
4	122000001	0.921697	0.617463	2
4	123000001	0.846922	0.617463	2
4	124000001	0.358667	0.617463	2
4	125000001	0.682695	0.617463	2
4	126000001	0.917309	0.617463	2
4	127000001	0.80702	0.617463	2
4	128000001	0.849288	0.617463	2
4	129000001	0.680256	0.617463	2
4	130000001	0.52284	0.617463	2
4	131000001	0.410274	0.617463	2
4	132000001	0.482744	0.617463	2
4	133000001	0.316045	0.617463	2
4	134000001	0.410965	0.617463	2
4	135000001	0.346882	0.617463	2
4	136000001	0.399967	0.617463	2
4	137000001	0.472365	0.617463	2
4	138000001	0.645308	0.617463	2
4	139000001	0.834988	0.617463	2
4	140000001	0.792651	0.617463	2
4	141000001	0.441134	0.617463	2
4	142000001	0.693906	0.617463	2
4	143000001	0.945295	0.617463	2
4	144000001	0.737782	0.617463	2
4	145000001	0.601187	0.617463	2
4	146000001	0.765819	0.617463	2
4	147000001	0.608481	0.617463	2
4	148000001	0.670772	0.617463	2
4	149000001	0.53504	0.617463	2
4	150000001	0.803873	0.617463	2
4	151000001	0.908329	0.617463	2
4	152000001	0.741948	0.617463	2
4	153000001	0.837819	0.617463	2
4	154000001	0.669842	0.617463	2
4	155000001	0.626445	0.617463	2
4	156000001	0.423305	0.482395	1
4	157000001	0.349005	0.482395	1
4	158000001	0.639437	0.482395	1
4	159000001	0.68438	0.482395	1
4	160000001	0.383834	0.482395	1
4	161000001	0.240584	0.482395	1
4	162000001	0.427828	0.482395	1
4	163000001	0.572074	0.482395	1
4	164000001	0.488253	0.482395	1
4	165000001	0.488797	0.482395	1
4	166000001	0.476538	0.482395	1
4	167000001	0.49968	0.482395	1
4	168000001	0.348389	0.482395	1
4	169000001	0.430285	0.482395	1
4	170000001	0.566256	0.482395	1
4	171000001	0.463295	0.482395	1
4	172000001	0.614251	0.482395	1
4	173000001	0.710903	0.482395	1
4	174000001	0.567975	0.482395	1
4	175000001	0.39704	0.482395	1
4	176000001	0.922788	0.482395	1
4	177000001	0.556364	0.482395	1
4	178000001	0.665688	0.482395	1
4	179000001	0.426695	0.482395	1
4	180000001	0.354928	0.482395	1
4	181000001	0.45953	0.482395	1
4	182000001	0.777386	0.777386	2
4	183000001	0.779889	0.777386	2
4	184000001	0.830655	0.777386	2
4	185000001	0.581664	0.777386	2
4	186000001	0.998811	0.777386	2
4	187000001	0.540191	0.777386	2
4	188000001	0.611351	0.777386	2
4	189000001	0.510384	0.777386	2
4	190000001	2.60063	0.777386	2
5	1	1.67773	1.14635	3
5	1000001	1.50243	1.14635	3
5	2000001	1.1498	1.14635	3
5	3000001	0.940063	1.14635	3
5	4000001	0.888848	1.14635	3
5	5000001	1.04206	1.14635	3
5	6000001	1.34359	1.14635	3
5	7000001	1.01929	1.14635	3
5	8000001	0.805217	1.14635	3
5	9000001	1.19872	1.14635	3
5	10000001	1.54606	1.14635	3
5	11000001	1.14291	1.14635	3
5	12000001	0.603859	0.655254	2
5	13000001	0.552899	0.655254	2
5	14000001	0.865455	0.655254	2
5	15000001	0.736428	0.655254	2
5	16000001	0.744052	0.655254	2
5	17000001	0.862796	0.655254	2
5	18000001	0.602566	0.655254	2
5	19000001	0.604666	0.655254	2
5	20000001	0.614293	0.655254	2
5	21000001	1.19146	0.655254	2
5	22000001	0.656048	0.655254	2
5	23000001	0.655254	0.655254	2
5	24000001	0.539418	0.655254	2
5	25000001	0.662428	0.655254	2
5	26000001	0.686895	0.655254	2
5	27000001	0.682256	0.655254	2
5	28000001	0.592198	0.655254	2
5	29000001	0.62464	0.655254	2
5	30000001	0.507148	0.655254	2
5	31000001	0.995501	1.0785	3
5	32000001	1.09905	1.0785	3
5	33000001	1.69069	1.0785	3
5	34000001	0.703927	1.0785	3
5	35000001	0.842795	1.0785	3
5	36000001	1.09275	1.0785	3
5	37000001	1.28459	1.0785	3
5	38000001	1.09653	1.0785	3
5	39000001	0.97055	1.0785	3
5	40000001	0.965068	1.0785	3
5	41000001	0.826977	1.0785	3
5	42000001	1.31234	1.0785	3
5	43000001	1.42379	1.0785	3
5	44000001	0.659452	1.0785	3
5	45000001	0.731233	1.0785	3
5	46000001	0.64173	1.0785	3
5	47000001	1.17321	1.0785	3
5	48000001	1.32237	1.0785	3
5	49000001	1.05109	1.0785	3
5	50000001	0.966053	1.0785	3
5	51000001	0.753073	1.0785	3
5	52000001	0.695936	1.0785	3
5	53000001	0.824505	1.0785	3
5	54000001	1.13743	1.0785	3
5	55000001	1.2534	1.0785	3
5	56000001	1.38188	1.0785	3
5	57000001	1.10971	1.0785	3
5	58000001	0.741668	1.0785	3
5	59000001	0.54939	1.0785	3
5	60000001	1.39104	1.0785	3
5	61000001	1.33113	1.0785	3
5	62000001	1.19769	1.0785	3
5	63000001	0.943289	1.0785	3
5	64000001	0.668069	1.0785	3
5	65000001	0.894716	1.0785	3
5	66000001	1.10381	1.0785	3
5	67000001	0.959423	1.0785	3
5	68000001	1.47519	1.0785	3
5	69000001	1.44256	1.0785	3
5	70000001	1.22223	1.0785	3
5	71000001	1.07666	1.0785	3
5	72000001	1.03883	1.0785	3
5	73000001	0.883965	1.0785	3
5	74000001	0.829585	1.0785	3
5	75000001	1.14072	1.0785	3
5	76000001	1.27025	1.0785	3
5	77000001	1.23758	1.0785	3
5	78000001	1.15968	1.0785	3
5	79000001	1.08034	1.0785	3
5	80000001	2.05006	1.0785	3
5	81000001	1.2557	1.0785	3
5	82000001	1.13492	1.0785	3
5	83000001	0.585469	1.0785	3
5	84000001	0.646195	1.0785	3
5	85000001	0.599816	1.0785	3
5	86000001	1.50452	1.0785	3
5	87000001	0.76459	1.0785	3
5	88000001	0.877363	1.0785	3
5	89000001	0.8378	1.0785	3
5	90000001	1.15807	1.0785	3
5	91000001	1.05234	1.0785	3
5	92000001	0.642713	1.0785	3
5	93000001	0.86968	1.0785	3
5	94000001	1.57968	1.0785	3
5	95000001	1.23079	1.0785	3
5	96000001	1.13727	1.0785	3
5	97000001	1.17116	1.0785	3
5	98000001	0.987556	1.0785	3
5	99000001	0.827899	0.749326	2
5	100000001	1.08176	0.749326	2
5	101000001	0.736055	0.749326	2
5	102000001	0.643482	0.749326	2
5	103000001	0.6719	0.749326	2
5	104000001	0.677274	0.749326	2
5	105000001	0.727718	0.749326	2
5	106000001	0.671456	0.749326	2
5	107000001	0.583809	0.749326	2
5	108000001	1.21876	0.749326	2
5	109000001	0.736455	0.749326	2
5	110000001	0.655555	0.749326	2
5	111000001	0.749326	0.749326	2
5	112000001	1.38711	0.749326	2
5	113000001	1.0893	0.749326	2
5	114000001	0.692709	0.749326	2
5	115000001	0.68938	0.749326	2
5	116000001	0.520972	0.749326	2
5	117000001	0.643114	0.749326	2
5	118000001	1.05488	0.749326	2
5	119000001	1.20695	0.749326	2
5	120000001	0.777794	0.749326	2
5	121000001	0.772661	0.749326	2
5	122000001	0.960641	0.749326	2
5	123000001	0.845523	0.749326	2
5	124000001	0.723674	0.749326	2
5	125000001	0.765488	0.749326	2
5	126000001	1.15791	0.749326	2
5	127000001	1.10077	0.749326	2
5	128000001	0.736455	0.749326	2
5	129000001	0.644363	0.749326	2
5	130000001	0.683566	0.749326	2
5	131000001	1.21202	0.749326	2
5	132000001	1.31185	0.749326	2
5	133000001	1.41855	0.749326	2
5	134000001	2.87005	2.87005	9
5	135000001	1.63192	1.18112	4
5	136000001	1.07232	1.18112	4
5	137000001	1.19883	1.18112	4
5	138000001	1.4097	1.18112	4
5	139000001	1.7233	1.18112	4
5	140000001	1.16365	1.18112	4
5	141000001	1.54285	1.18112	4
5	142000001	1.73429	1.18112	4
5	143000001	1.14449	1.18112	4
5	144000001	0.661641	1.18112	4
5	145000001	1.32278	1.18112	4
5	146000001	0.933946	1.18112	4
5	147000001	0.742272	1.18112	4
5	148000001	1.12683	1.18112	4
5	149000001	1.66162	1.18112	4
5	150000001	1.58641	1.18112	4
5	151000001	1.36937	1.18112	4
5	152000001	1.04493	1.18112	4
5	153000001	0.825598	1.18112	4
5	154000001	1.35174	1.18112	4
5	155000001	0.886498	1.18112	4
5	156000001	0.791675	1.18112	4
5	157000001	1.0417	1.18112	4
5	158000001	1.07473	1.18112	4
5	159000001	1.4392	1.18112	4
5	160000001	1.19859	1.18112	4
5	161000001	0.648003	0.712623	2
5	162000001	0.646698	0.712623	2
5	163000001	0.795659	0.712623	2
5	164000001	0.574827	0.712623	2
5	165000001	0.447705	0.712623	2
5	166000001	0.657934	0.712623	2
5	167000001	0.767312	0.712623	2
5	168000001	1.11441	0.712623	2
5	169000001	1.16914	0.712623	2
5	170000001	0.985823	0.712623	2
5	171000001	1.50224	1.50224	5
5	172000001	1.71017	1.50224	5
5	173000001	1.41018	1.50224	5
5	174000001	1.49475	1.50224	5
5	175000001	1.48256	1.50224	5
5	176000001	1.70366	1.50224	5
5	177000001	1.68269	1.50224	5
5	178000001	1.48619	1.50224	5
5	179000001	1.65091	1.50224	5
5	180000001	1.47504	1.50224	5
5	181000001	1.51464	1.50224	5
6	1	1.11052	1.72376	5
6	1000001	1.71043	1.72376	5
6	2000001	1.74831	1.72376	5
6	3000001	1.99898	1.72376	5
6	4000001	1.52811	1.72376	5
6	5000001	1.82199	1.72376	5
6	6000001	1.82461	1.72376	5
6	7000001	1.53922	1.72376	5
6	8000001	0.93596	1.72376	5
6	9000001	0.814588	1.72376	5
6	10000001	1.42853	1.72376	5
6	11000001	1.89524	1.72376	5
6	12000001	1.3568	1.72376	5
6	13000001	1.7326	1.72376	5
6	14000001	1.76778	1.72376	5
6	15000001	1.86648	1.72376	5
6	16000001	1.71491	1.72376	5
6	17000001	1.74046	1.72376	5
6	18000001	1.26121	1.09843	3
6	19000001	0.877324	1.09843	3
6	20000001	1.4304	1.09843	3
6	21000001	1.36817	1.09843	3
6	22000001	0.927208	1.09843	3
6	23000001	0.789438	1.09843	3
6	24000001	0.973587	1.09843	3
6	25000001	1.22328	1.09843	3
6	26000001	1.92622	1.88632	6
6	27000001	1.5444	1.88632	6
6	28000001	1.69988	1.88632	6
6	29000001	1.91026	1.88632	6
6	30000001	1.86238	1.88632	6
6	31000001	2.42084	1.88632	6
6	32000001	1.80292	1.88632	6
6	33000001	2.31553	1.88632	6
6	34000001	1.81656	1.88632	6
6	35000001	2.0531	1.88632	6
6	36000001	1.94587	1.88632	6
6	37000001	2.06802	1.88632	6
6	38000001	1.35154	1.88632	6
6	39000001	1.52448	1.88632	6
6	40000001	1.37476	1.88632	6
6	41000001	2.13684	1.88632	6
6	42000001	1.82373	1.88632	6
6	43000001	1.98906	1.88632	6
6	44000001	2.00507	1.88632	6
6	45000001	1.47666	1.88632	6
6	46000001	0.862655	0.917941	3
6	47000001	1.08138	0.917941	3
6	48000001	0.778673	0.917941	3
6	49000001	1.20377	0.917941	3
6	50000001	0.944712	0.917941	3
6	51000001	1.08017	0.917941	3
6	52000001	1.36918	0.917941	3
6	53000001	1.39549	0.917941	3
6	54000001	0.713643	0.917941	3
6	55000001	1.16761	0.917941	3
6	56000001	1.27978	0.917941	3
6	57000001	1.15015	0.917941	3
6	58000001	0.889422	0.917941	3
6	59000001	0.807898	0.917941	3
6	60000001	0.844226	0.917941	3
6	61000001	0.574463	0.917941	3
6	62000001	0.650385	0.917941	3
6	63000001	0.74223	0.917941	3
6	64000001	0.635113	0.917941	3
6	65000001	0.880021	0.917941	3
6	66000001	0.597691	0.917941	3
6	67000001	1.10964	0.917941	3
6	68000001	0.917407	0.917941	3
6	69000001	1.00736	0.917941	3
6	70000001	1.29901	0.917941	3
6	71000001	0.752639	0.917941	3
6	72000001	1.00238	0.917941	3
6	73000001	1.15773	0.917941	3
6	74000001	1.05543	0.917941	3
6	75000001	0.64686	0.917941	3
6	76000001	0.652761	0.917941	3
6	77000001	0.769902	0.917941	3
6	78000001	0.597784	0.917941	3
6	79000001	0.806924	0.917941	3
6	80000001	0.869087	0.917941	3
6	81000001	0.630754	0.917941	3
6	82000001	0.945354	0.917941	3
6	83000001	0.886737	0.917941	3
6	84000001	1.14228	0.917941	3
6	85000001	1.05783	0.917941	3
6	86000001	0.760316	0.917941	3
6	87000001	1.06607	0.917941	3
6	88000001	0.978705	0.917941	3
6	89000001	1.19004	0.917941	3
6	90000001	1.14177	0.917941	3
6	91000001	0.615525	0.917941	3
6	92000001	0.560961	0.917941	3
6	93000001	0.527451	0.917941	3
6	94000001	0.710218	0.917941	3
6	95000001	0.595579	0.917941	3
6	96000001	0.702788	0.917941	3
6	97000001	0.561569	0.917941	3
6	98000001	0.594473	0.917941	3
6	99000001	0.939612	0.917941	3
6	100000001	0.604496	0.917941	3
6	101000001	0.782556	0.917941	3
6	102000001	0.818804	0.917941	3
6	103000001	1.03426	0.917941	3
6	104000001	1.25414	0.917941	3
6	105000001	1.38027	0.917941	3
6	106000001	1.00063	0.917941	3
6	107000001	1.16974	0.917941	3
6	108000001	1.32381	0.917941	3
6	109000001	1.15302	0.917941	3
6	110000001	1.15542	0.917941	3
6	111000001	1.34451	0.917941	3
6	112000001	1.00183	0.917941	3
6	113000001	0.78247	0.917941	3
6	114000001	0.773701	0.917941	3
6	115000001	0.715917	0.917941	3
6	116000001	0.920051	0.917941	3
6	117000001	0.694977	0.917941	3
6	118000001	1.04772	0.917941	3
6	119000001	0.992509	0.917941	3
6	120000001	0.692327	0.917941	3
6	121000001	0.733795	0.917941	3
6	122000001	0.754369	0.917941	3
6	123000001	0.57875	0.917941	3
6	124000001	1.13392	0.917941	3
6	125000001	1.19525	0.917941	3
6	126000001	0.95906	0.917941	3
6	127000001	0.906078	0.917941	3
6	128000001	0.970592	0.917941	3
6	129000001	1.00656	0.917941	3
6	130000001	1.18247	0.917941	3
6	131000001	1.44463	0.917941	3
6	132000001	0.917941	0.917941	3
6	133000001	0.840251	0.917941	3
6	134000001	1.13693	0.917941	3
6	135000001	1.32937	1.32937	4
6	136000001	1.54353	1.32937	4
6	137000001	1.69162	1.32937	4
6	138000001	1.6406	1.32937	4
6	139000001	1.6584	1.32937	4
6	140000001	0.772123	1.32937	4
6	141000001	0.91163	1.32937	4
6	142000001	0.814726	1.32937	4
6	143000001	1.05001	1.32937	4
6	144000001	1.08355	1.32937	4
6	145000001	1.42277	1.32937	4
6	146000001	1.68209	1.32937	4
6	147000001	1.50409	1.32937	4
6	148000001	1.7925	1.32937	4
6	149000001	1.59846	1.32937	4
6	150000001	1.79861	1.32937	4
6	151000001	1.17303	1.32937	4
6	152000001	1.07363	1.32937	4
6	153000001	1.00623	1.32937	4
6	154000001	1.27988	1.32937	4
6	155000001	1.24766	1.32937	4
6	156000001	1.62397	1.32937	4
6	157000001	1.89264	1.32937	4
6	158000001	1.67925	1.32937	4
6	159000001	1.92984	1.32937	4
6	160000001	1.1413	1.32937	4
6	161000001	1.4371	1.32937	4
6	162000001	0.988272	1.32937	4
6	163000001	1.19962	1.32937	4
6	164000001	1.03482	1.32937	4
6	165000001	1.17803	1.32937	4
6	166000001	1.54407	1.57952	5
6	167000001	1.57952	1.57952	5
6	168000001	1.57283	1.57952	5
6	169000001	1.67358	1.57952	5
6	170000001	2.6066	1.57952	5
7	1	1.83413	1.5084	5
7	1000001	1.89156	1.5084	5
7	2000001	1.66853	1.5084	5
7	3000001	1.17956	1.5084	5
7	4000001	1.44793	1.5084	5
7	5000001	1.55364	1.5084	5
7	6000001	1.46316	1.5084	5
7	7000001	1.46075	1.5084	5
7	8000001	1.15964	0.884031	3
7	9000001	0.709223	0.884031	3
7	10000001	0.943725	0.884031	3
7	11000001	0.854273	0.884031	3
7	12000001	1.07982	0.884031	3
7	13000001	0.90393	0.884031	3
7	14000001	0.682314	0.884031	3
7	15000001	0.481661	0.884031	3
7	16000001	0.958065	0.884031	3
7	17000001	0.918532	0.884031	3
7	18000001	0.609389	0.884031	3
7	19000001	0.71468	0.884031	3
7	20000001	0.884031	0.884031	3
7	21000001	1.07833	1.16047	3
7	22000001	1.37751	1.16047	3
7	23000001	1.28736	1.16047	3
7	24000001	1.22961	1.16047	3
7	25000001	1.1043	1.16047	3
7	26000001	1.40251	1.16047	3
7	27000001	1.46255	1.16047	3
7	28000001	0.964396	1.16047	3
7	29000001	1.25973	1.16047	3
7	30000001	1.41016	1.16047	3
7	31000001	1.31139	1.16047	3
7	32000001	1.23122	1.16047	3
7	33000001	1.18764	1.16047	3
7	34000001	0.880984	1.16047	3
7	35000001	0.826525	1.16047	3
7	36000001	1.07324	1.16047	3
7	37000001	0.652346	1.16047	3
7	38000001	0.641378	1.16047	3
7	39000001	1.0898	1.16047	3
7	40000001	0.770739	1.16047	3
7	41000001	0.752129	1.16047	3
7	42000001	1.24244	1.16047	3
7	43000001	1.38521	1.16047	3
7	44000001	1.52931	1.16047	3
7	45000001	1.47268	1.16047	3
7	46000001	0.654422	1.16047	3
7	47000001	1.03187	1.16047	3
7	48000001	0.602636	1.16047	3
7	49000001	0.994265	1.16047	3
7	50000001	1.2219	1.16047	3
7	51000001	0.746797	1.16047	3
7	52000001	0.624513	1.16047	3
7	53000001	0.662359	1.16047	3
7	54000001	1.39468	1.16047	3
7	55000001	1.16047	1.16047	3
7	56000001	1.29407	1.16047	3
7	57000001	0.69679	1.16047	3
7	58000001	1.16615	1.16047	3
7	59000001	1.21326	1.16047	3
7	60000001	1.06761	1.16047	3
7	61000001	0.965357	1.16047	3
7	62000001	0.986331	1.16047	3
7	63000001	0.993171	1.16047	3
7	64000001	1.12699	1.16047	3
7	65000001	1.25757	1.16047	3
7	66000001	1.79523	1.16047	3
7	67000001	1.9105	1.16047	3
7	68000001	1.16704	1.16047	3
7	69000001	0.786722	1.16047	3
7	70000001	1.30722	1.16047	3
7	71000001	1.19599	1.16047	3
7	72000001	1.70342	1.88039	6
7	73000001	1.94126	1.88039	6
7	74000001	2.05374	1.88039	6
7	75000001	1.95966	1.88039	6
7	76000001	1.81952	1.88039	6
7	77000001	1.60649	1.88039	6
7	78000001	1.28278	1.09803	3
7	79000001	0.888986	1.09803	3
7	80000001	0.947725	1.09803	3
7	81000001	0.815662	1.09803	3
7	82000001	0.694107	1.09803	3
7	83000001	0.772702	1.09803	3
7	84000001	1.03217	1.09803	3
7	85000001	0.669518	1.09803	3
7	86000001	1.36068	1.09803	3
7	87000001	1.51588	1.09803	3
7	88000001	1.1092	1.09803	3
7	89000001	0.730431	1.09803	3
7	90000001	0.985526	1.09803	3
7	91000001	1.27434	1.09803	3
7	92000001	1.33253	1.09803	3
7	93000001	1.15918	1.09803	3
7	94000001	1.08686	1.09803	3
7	95000001	1.15128	1.09803	3
7	96000001	1.23462	1.09803	3
7	97000001	1.17702	1.09803	3
7	98000001	2.05359	2.03386	6
7	99000001	2.08717	2.03386	6
7	100000001	2.65795	2.03386	6
7	101000001	2.40149	2.03386	6
7	102000001	1.96044	2.03386	6
7	103000001	1.67661	2.03386	6
7	104000001	1.96034	2.03386	6
7	105000001	2.05828	2.03386	6
7	106000001	2.01414	2.03386	6
7	107000001	1.77183	2.03386	6
7	108000001	1.64018	1.30083	4
7	109000001	1.10066	1.30083	4
7	110000001	0.97792	1.30083	4
7	111000001	1.30083	1.30083	4
7	112000001	1.35528	1.30083	4
7	113000001	1.10926	1.30083	4
7	114000001	1.23536	1.30083	4
7	115000001	1.27426	1.30083	4
7	116000001	1.58548	1.30083	4
7	117000001	1.46685	1.30083	4
7	118000001	1.00482	1.30083	4
7	119000001	1.20068	1.30083	4
7	120000001	1.50702	1.30083	4
7	121000001	1.46571	1.30083	4
7	122000001	1.44324	1.30083	4
7	123000001	2.10891	1.30083	4
7	124000001	1.63495	1.30083	4
7	125000001	1.05626	1.30083	4
7	126000001	1.04536	1.30083	4
7	127000001	1.95213	2.06902	6
7	128000001	2.31526	2.06902	6
7	129000001	2.33449	2.06902	6
7	130000001	2.27415	2.06902	6
7	131000001	2.0694	2.06902	6
7	132000001	1.97472	2.06902	6
7	133000001	1.29143	2.06902	6
7	134000001	1.9382	2.06902	6
7	135000001	2.31308	2.06902	6
7	136000001	1.7525	2.06902	6
7	137000001	1.9983	2.06902	6
7	138000001	2.06864	2.06902	6
7	139000001	2.49428	2.06902	6
7	140000001	2.11773	2.06902	6
7	141000001	1.59118	1.29881	4
7	142000001	1.35085	1.29881	4
7	143000001	1.48734	1.29881	4
7	144000001	0.996133	1.29881	4
7	145000001	1.10032	1.29881	4
7	146000001	1.04988	1.29881	4
7	147000001	1.29881	1.29881	4
7	148000001	2.0022	2.29456	7
7	149000001	2.33734	2.29456	7
7	150000001	2.5183	2.29456	7
7	151000001	2.64154	2.29456	7
7	152000001	1.97047	2.29456	7
7	153000001	1.66552	2.29456	7
7	154000001	1.40814	2.29456	7
7	155000001	1.84293	2.29456	7
7	156000001	2.25177	2.29456	7
7	157000001	2.59283	2.29456	7
7	158000001	2.81216	2.29456	7
7	159000001	2.50279	2.29456	7
8	1	0.891422	0.742755	2
8	1000001	1.21343	0.742755	2
8	2000001	0.829316	0.742755	2
8	3000001	0.656194	0.742755	2
8	4000001	0.596555	0.742755	2
8	5000001	0.640842	0.742755	2
8	6000001	1.39007	1.44374	4
8	7000001	1.78874	1.44374	4
8	8000001	1.44374	1.44374	4
8	9000001	1.37099	1.44374	4
8	10000001	1.23945	1.44374	4
8	11000001	1.58183	1.44374	4
8	12000001	1.50881	1.44374	4
8	13000001	0.803195	0.61758	2
8	14000001	0.577277	0.61758	2
8	15000001	0.468296	0.61758	2
8	16000001	0.657883	0.61758	2
8	17000001	0.940358	0.939384	3
8	18000001	1.05148	0.939384	3
8	19000001	0.840488	0.939384	3
8	20000001	0.93841	0.939384	3
8	21000001	1.6063	1.56013	5
8	22000001	1.56013	1.56013	5
8	23000001	1.54382	1.56013	5
8	24000001	0.779521	1.06113	3
8	25000001	0.827624	1.06113	3
8	26000001	1.05719	1.06113	3
8	27000001	1.36243	1.06113	3
8	28000001	1.34241	1.06113	3
8	29000001	1.06113	1.06113	3
8	30000001	1.23894	1.06113	3
8	31000001	0.805419	0.642544	2
8	32000001	0.494471	0.642544	2
8	33000001	0.659623	0.642544	2
8	34000001	0.623836	0.642544	2
8	35000001	0.625466	0.642544	2
8	36000001	0.774399	0.642544	2
8	37000001	1.50934	1.33078	4
8	38000001	1.34592	1.33078	4
8	39000001	1.22577	1.33078	4
8	40000001	1.33078	1.33078	4
8	41000001	1.65833	1.33078	4
8	42000001	1.24876	1.33078	4
8	43000001	1.12931	1.33078	4
8	44000001	0.604479	0.777025	2
8	45000001	0.563997	0.777025	2
8	46000001	1.04575	0.777025	2
8	47000001	1.44672	0.777025	2
8	48000001	1.45505	0.777025	2
8	49000001	0.940242	0.777025	2
8	50000001	0.582098	0.777025	2
8	51000001	0.747787	0.777025	2
8	52000001	0.661891	0.777025	2
8	53000001	0.880076	0.777025	2
8	54000001	0.730009	0.777025	2
8	55000001	1.0488	0.777025	2
8	56000001	0.679564	0.777025	2
8	57000001	0.896404	0.777025	2
8	58000001	1.1007	0.777025	2
8	59000001	0.910938	0.777025	2
8	60000001	1.02423	0.777025	2
8	61000001	0.817366	0.777025	2
8	62000001	0.619805	0.777025	2
8	63000001	0.616102	0.777025	2
8	64000001	0.750364	0.777025	2
8	65000001	1.0067	0.777025	2
8	66000001	1.3002	0.777025	2
8	67000001	0.980159	0.777025	2
8	68000001	0.627819	0.777025	2
8	69000001	0.777025	0.777025	2
8	70000001	0.772072	0.777025	2
8	71000001	0.665826	0.777025	2
8	72000001	0.962995	0.777025	2
8	73000001	1.41309	0.777025	2
8	74000001	1.25153	0.777025	2
8	75000001	0.643364	0.777025	2
8	76000001	0.544143	0.777025	2
8	77000001	0.504318	0.777025	2
8	78000001	0.531372	0.777025	2
8	79000001	1.09437	0.777025	2
8	80000001	1.03514	0.777025	2
8	81000001	0.603215	0.777025	2
8	82000001	0.643173	0.777025	2
8	83000001	0.715044	0.777025	2
8	84000001	0.611553	0.777025	2
8	85000001	1.47783	0.777025	2
8	86000001	0.918644	0.777025	2
8	87000001	0.763652	0.777025	2
8	88000001	0.696716	0.777025	2
8	89000001	1.04553	0.777025	2
8	90000001	1.22759	0.777025	2
8	91000001	1.11739	0.777025	2
8	92000001	0.756716	0.777025	2
8	93000001	1.57676	1.28205	4
8	94000001	1.50188	1.28205	4
8	95000001	1.36082	1.28205	4
8	96000001	1.14198	1.28205	4
8	97000001	1.43193	1.28205	4
8	98000001	1.29784	1.28205	4
8	99000001	1.10034	1.28205	4
8	100000001	1.28205	1.28205	4
8	101000001	1.29773	1.28205	4
8	102000001	1.2654	1.28205	4
8	103000001	1.19619	1.28205	4
8	104000001	1.15524	1.28205	4
8	105000001	1.11616	1.28205	4
8	106000001	0.949082	0.713825	2
8	107000001	0.915658	0.713825	2
8	108000001	0.942685	0.713825	2
8	109000001	0.809318	0.713825	2
8	110000001	0.552487	0.713825	2
8	111000001	0.599124	0.713825	2
8	112000001	0.819843	0.713825	2
8	113000001	0.617856	0.713825	2
8	114000001	0.679008	0.713825	2
8	115000001	0.563158	0.713825	2
8	116000001	0.957213	0.713825	2
8	117000001	1.04048	0.713825	2
8	118000001	0.705851	0.713825	2
8	119000001	0.7218	0.713825	2
8	120000001	0.501147	0.713825	2
8	121000001	0.691944	0.713825	2
8	122000001	1.09903	1.31161	4
8	123000001	1.19809	1.31161	4
8	124000001	1.31541	1.31161	4
8	125000001	1.32077	1.31161	4
8	126000001	0.989303	1.31161	4
8	127000001	1.54755	1.31161	4
8	128000001	1.21922	1.31161	4
8	129000001	1.31161	1.31161	4
8	130000001	1.43723	1.31161	4
8	131000001	0.780991	0.780991	2
8	132000001	0.860364	0.780991	2
8	133000001	0.973156	0.780991	2
8	134000001	1.06727	0.780991	2
8	135000001	0.604477	0.780991	2
8	136000001	0.538454	0.780991	2
8	137000001	0.571803	0.780991	2
8	138000001	2.91971	1.69786	5
8	139000001	1.49985	1.69786	5
8	140000001	1.61431	1.69786	5
8	141000001	1.61353	1.69786	5
8	142000001	1.70155	1.69786	5
8	143000001	1.69418	1.69786	5
8	144000001	1.71228	1.69786	5
8	145000001	1.83526	1.69786	5
9	1	0.867414	0.577314	2
9	1000001	0.514985	0.577314	2
9	2000001	0.656531	0.577314	2
9	3000001	0.431792	0.577314	2
9	4000001	0.949674	0.577314	2
9	5000001	0.788779	0.577314	2
9	6000001	0.59594	0.577314	2
9	7000001	0.479876	0.577314	2
9	8000001	0.397206	0.577314	2
9	9000001	0.443895	0.577314	2
9	10000001	0.375802	0.577314	2
9	11000001	0.26153	0.577314	2
9	12000001	0.450104	0.577314	2
9	13000001	0.54183	0.577314	2
9	14000001	0.577136	0.577314	2
9	15000001	0.859321	0.577314	2
9	16000001	0.766513	0.577314	2
9	17000001	0.7862	0.577314	2
9	18000001	0.868819	0.577314	2
9	19000001	0.757007	0.577314	2
9	20000001	0.577314	0.577314	2
9	21000001	0.06579	0.06579	0
9	22000001	0.0445596	0.06579	0
9	23000001	0.0256142	0.06579	0
9	24000001	0.0482719	0.06579	0
9	25000001	0.0372117	0.06579	0
9	26000001	0.11573	0.06579	0
9	27000001	0.333423	0.06579	0
9	28000001	0.18188	0.06579	0
9	29000001	0.114239	0.06579	0
9	30000001	0.0640941	0.06579	0
9	31000001	0.258744	0.06579	0
9	32000001	0.775279	0.890305	3
9	33000001	0.740822	0.890305	3
9	34000001	0.890172	0.890305	3
9	35000001	1.01938	0.890305	3
9	36000001	0.890439	0.890305	3
9	37000001	1.70443	0.890305	3
9	38000001	1.27707	0.890305	3
9	39000001	0.576957	0.890305	3
9	40000001	0.689643	0.890305	3
9	41000001	0.67904	0.890305	3
9	42000001	0.649914	0.890305	3
9	43000001	0.993103	0.890305	3
9	44000001	1.32888	0.890305	3
9	45000001	1.23654	0.890305	3
9	46000001	-1	0.890305	3
9	47000001	-1	0.890305	3
9	48000001	-1	0.890305	3
9	49000001	-1	0.890305	3
9	50000001	-1	0.890305	3
9	51000001	-1	0.890305	3
9	52000001	-1	0.890305	3
9	53000001	-1	0.890305	3
9	54000001	-1	0.890305	3
9	55000001	-1	0.890305	3
9	56000001	-1	0.890305	3
9	57000001	-1	0.890305	3
9	58000001	-1	0.890305	3
9	59000001	-1	0.890305	3
9	60000001	1.12036	0.890305	3
9	61000001	0.735959	0.890305	3
9	62000001	0.787695	0.890305	3
9	63000001	0.981192	0.890305	3
9	64000001	0.678022	0.678022	2
9	65000001	0.782282	0.678022	2
9	66000001	0.700021	0.678022	2
9	67000001	0.6375	0.678022	2
9	68000001	0.815902	0.678022	2
9	69000001	0.753615	0.678022	2
9	70000001	0.661056	0.678022	2
9	71000001	0.756954	0.678022	2
9	72000001	0.776958	0.678022	2
9	73000001	0.634517	0.678022	2
9	74000001	0.569999	0.678022	2
9	75000001	0.621386	0.678022	2
9	76000001	0.564942	0.678022	2
9	77000001	0.692728	0.678022	2
9	78000001	0.691529	0.678022	2
9	79000001	0.453867	0.678022	2
9	80000001	0.432132	0.678022	2
9	81000001	0.532139	0.678022	2
9	82000001	0.454322	0.678022	2
9	83000001	0.813599	0.678022	2
9	84000001	0.669411	0.678022	2
9	85000001	0.60137	0.678022	2
9	86000001	0.865433	0.678022	2
9	87000001	0.94069	0.678022	2
9	88000001	0.977262	0.678022	2
9	89000001	0.537942	0.678022	2
9	90000001	0.793189	0.678022	2
9	91000001	1.16283	1.38738	4
9	92000001	1.40156	1.38738	4
9	93000001	1.82288	1.38738	4
9	94000001	1.38738	1.38738	4
9	95000001	1.33607	1.38738	4
9	96000001	1.39834	1.38738	4
9	97000001	1.32062	1.38738	4
9	98000001	1.4275	1.38738	4
9	99000001	1.3063	1.38738	4
9	100000001	0.997228	0.818971	2
9	101000001	0.698881	0.818971	2
9	102000001	0.818971	0.818971	2
9	103000001	0.753707	0.818971	2
9	104000001	0.779056	0.818971	2
9	105000001	1.18045	0.818971	2
9	106000001	0.830137	0.818971	2
9	107000001	1.2547	1.41839	4
9	108000001	1.43235	1.41839	4
9	109000001	1.54193	1.41839	4
9	110000001	1.43461	1.41839	4
9	111000001	1.27858	1.41839	4
9	112000001	1.45918	1.41839	4
9	113000001	1.45512	1.41839	4
9	114000001	1.43211	1.41839	4
9	115000001	1.0247	1.41839	4
9	116000001	1.41839	1.41839	4
9	117000001	1.1377	1.41839	4
9	118000001	0.626701	1.41839	4
9	119000001	0.880521	1.41839	4
9	120000001	1.81866	1.46347	4
9	121000001	1.41345	1.46347	4
9	122000001	1.22821	1.46347	4
9	123000001	1.29298	1.46347	4
9	124000001	1.5135	1.46347	4
9	125000001	1.3192	1.46347	4
9	126000001	1.64592	1.46347	4
9	127000001	1.5675	1.46347	4
9	128000001	2.01328	1.94051	6
9	129000001	1.86773	1.94051	6
9	130000001	3.41689	3.37107	10
9	131000001	3.32526	3.37107	10
9	132000001	1.64964	1.73687	5
9	133000001	1.85084	1.73687	5
9	134000001	1.73687	1.73687	5
9	135000001	1.85133	1.73687	5
9	136000001	1.7091	1.73687	5
9	137000001	1.62025	1.73687	5
9	138000001	1.91117	1.73687	5
X	1	0.801907	0.747083	2
X	1000001	0.69226	0.747083	2
X	2000001	0.623047	0.747083	2
X	3000001	0.885308	0.747083	2
X	4000001	0.454593	0.454593	1
X	5000001	0.473578	0.454593	1
X	6000001	0.399865	0.454593	1
X	7000001	0.376842	0.454593	1
X	8000001	0.589242	0.454593	1
X	9000001	0.964771	0.824085	2
X	10000001	0.683399	0.824085	2
X	11000001	1.33922	0.931102	3
X	12000001	0.886116	0.931102	3
X	13000001	0.931102	0.931102	3
X	14000001	0.766357	0.684446	2
X	15000001	0.55121	0.684446	2
X	16000001	0.828843	0.684446	2
X	17000001	0.80333	0.684446	2
X	18000001	0.526054	0.684446	2
X	19000001	0.663526	0.684446	2
X	20000001	0.705115	0.684446	2
X	21000001	0.663778	0.684446	2
X	22000001	0.464523	0.684446	2
X	23000001	0.946167	0.684446	2
X	24000001	0.802138	0.684446	2
X	25000001	0.570626	0.684446	2
X	26000001	0.375286	0.374141	1
X	27000001	0.371072	0.374141	1
X	28000001	0.496978	0.374141	1
X	29000001	0.418926	0.374141	1
X	30000001	0.370209	0.374141	1
X	31000001	0.439348	0.374141	1
X	32000001	0.364962	0.374141	1
X	33000001	0.392351	0.374141	1
X	34000001	0.334583	0.374141	1
X	35000001	0.305351	0.374141	1
X	36000001	0.372996	0.374141	1
X	37000001	0.557459	0.374141	1
X	38000001	0.637525	0.73207	2
X	39000001	0.981567	0.73207	2
X	40000001	0.746672	0.73207	2
X	41000001	0.853918	0.73207	2
X	42000001	0.717468	0.73207	2
X	43000001	0.388682	0.73207	2
X	44000001	0.608242	0.73207	2
X	45000001	0.784723	0.73207	2
X	46000001	0.624944	0.73207	2
X	47000001	0.865829	0.73207	2
X	48000001	0.880163	0.73207	2
X	49000001	1.10798	0.73207	2
X	50000001	0.582291	0.73207	2
X	51000001	0.64595	0.73207	2
X	52000001	0.587316	0.73207	2
X	53000001	0.900281	0.73207	2
X	54000001	0.803381	0.73207	2
X	55000001	0.686019	0.73207	2
X	56000001	0.442378	0.440224	1
X	57000001	0.651621	0.440224	1
X	58000001	0.576101	0.440224	1
X	59000001	0.362582	0.440224	1
X	60000001	0.39865	0.440224	1
X	61000001	0.429976	0.440224	1
X	62000001	0.440224	0.440224	1
X	63000001	0.457156	0.440224	1
X	64000001	0.376994	0.440224	1
X	65000001	0.823058	0.794812	2
X	66000001	0.827309	0.794812	2
X	67000001	0.546551	0.794812	2
X	68000001	0.715205	0.794812	2
X	69000001	0.794812	0.794812	2
X	70000001	0.780891	0.794812	2
X	71000001	1.02507	0.794812	2
X	72000001	0.868061	0.794812	2
X	73000001	0.699989	0.794812	2
X	74000001	0.542529	0.526968	2
X	75000001	0.526968	0.526968	2
X	76000001	0.411586	0.526968	2
X	77000001	1.00758	0.945835	3
X	78000001	0.884093	0.945835	3
X	79000001	0.467218	0.450066	1
X	80000001	0.452096	0.450066	1
X	81000001	0.450753	0.450066	1
X	82000001	0.421408	0.450066	1
X	83000001	0.453143	0.450066	1
X	84000001	0.333412	0.450066	1
X	85000001	0.326625	0.450066	1
X	86000001	0.523753	0.450066	1
X	87000001	0.447826	0.450066	1
X	88000001	0.801129	0.450066	1
X	89000001	0.47499	0.450066	1
X	90000001	0.39492	0.450066	1
X	91000001	0.29512	0.450066	1
X	92000001	0.48628	0.450066	1
X	93000001	0.41357	0.450066	1
X	94000001	0.399349	0.450066	1
X	95000001	0.513291	0.450066	1
X	96000001	0.536827	0.450066	1
X	97000001	0.393233	0.450066	1
X	98000001	0.416175	0.450066	1
X	99000001	0.449378	0.450066	1
X	100000001	0.527101	0.450066	1
X	101000001	0.839914	0.654298	2
X	102000001	0.894118	0.654298	2
X	103000001	0.916708	0.654298	2
X	104000001	0.578045	0.654298	2
X	105000001	0.381416	0.654298	2
X	106000001	0.566683	0.654298	2
X	107000001	0.976055	0.654298	2
X	108000001	0.568938	0.654298	2
X	109000001	0.884004	0.654298	2
X	110000001	0.953331	0.654298	2
X	111000001	0.641343	0.654298	2
X	112000001	0.415069	0.654298	2
X	113000001	0.654298	0.654298	2
X	114000001	0.963768	0.654298	2
X	115000001	0.533534	0.654298	2
X	116000001	0.475721	0.654298	2
X	117000001	0.610385	0.654298	2
X	118000001	0.795786	0.654298	2
X	119000001	0.736158	0.654298	2
X	120000001	0.847786	0.654298	2
X	121000001	0.624039	0.654298	2
X	122000001	0.53601	0.654298	2
X	123000001	0.811177	0.654298	2
X	124000001	0.840738	0.654298	2
X	125000001	0.606909	0.654298	2
X	126000001	0.466748	0.654298	2
X	127000001	0.45824	0.654298	2
X	128000001	0.433757	0.654298	2
X	129000001	0.785457	0.654298	2
X	130000001	0.727052	0.654298	2
X	131000001	0.637083	0.654298	2
X	132000001	0.459358	0.654298	2
X	133000001	0.546727	0.654298	2
X	134000001	1.00217	0.654298	2
X	135000001	1.03331	0.654298	2
X	136000001	0.824758	0.654298	2
X	137000001	0.58897	0.654298	2
X	138000001	0.677264	0.654298	2
X	139000001	0.816424	0.654298	2
X	140000001	0.418266	0.450476	1
X	141000001	0.492634	0.450476	1
X	142000001	0.265347	0.450476	1
X	143000001	0.473251	0.450476	1
X	144000001	0.450476	0.450476	1
X	145000001	0.38666	0.450476	1
X	146000001	0.476887	0.450476	1
X	147000001	0.483746	0.450476	1
X	148000001	0.407701	0.450476	1
X	149000001	0.681159	0.896963	3
X	150000001	0.865949	0.896963	3
X	151000001	0.862548	0.896963	3
X	152000001	0.927978	0.896963	3
X	153000001	1.04967	0.896963	3
X	154000001	0.986564	0.896963	3
X	155000001	0.592977	0.896963	3
X	156000001	1.27555	0.896963	3
Y	1	-1	-1	0
Y	1000001	-1	-1	0
Y	2000001	0.0586644	0.0518679	0
Y	3000001	0.0500306	0.0518679	0
Y	4000001	0.0934683	0.0518679	0
Y	5000001	0.055774	0.0518679	0
Y	6000001	0.0518679	0.0518679	0
Y	7000001	0.0469495	0.0518679	0
Y	8000001	0.00757616	0.0518679	0
Y	9000001	0.203659	0.203659	1
Y	10000001	0.853131	0.809414	2
Y	11000001	0.765696	0.809414	2
Y	12000001	0.154817	0.160614	0
Y	13000001	0.0338723	0.160614	0
Y	14000001	0.0311357	0.160614	0
Y	15000001	0.0748108	0.160614	0
Y	16000001	0.0509402	0.160614	0
Y	17000001	0.256626	0.160614	0
Y	18000001	0.389973	0.160614	0
Y	19000001	0.0185103	0.160614	0
Y	20000001	0.0486915	0.160614	0
Y	21000001	0.342165	0.160614	0
Y	22000001	0.253768	0.160614	0
Y	23000001	0.37843	0.160614	0
Y	24000001	0.297927	0.160614	0
Y	25000001	0.324836	0.160614	0
Y	26000001	0.166411	0.160614	0
Y	27000001	-1	0.160614	0
Y	28000001	-1	0.160614	0
Y	29000001	-1	0.160614	0
Y	30000001	-1	0.160614	0
Y	31000001	-1	0.160614	0
Y	32000001	-1	0.160614	0
Y	33000001	-1	0.160614	0
Y	34000001	-1	0.160614	0
Y	35000001	-1	0.160614	0
Y	36000001	-1	0.160614	0
Y	37000001	-1	0.160614	0
Y	38000001	-1	0.160614	0
Y	39000001	-1	0.160614	0
Y	40000001	-1	0.160614	0
Y	41000001	-1	0.160614	0
Y	42000001	-1	0.160614	0
Y	43000001	-1	0.160614	0
Y	44000001	-1	0.160614	0
Y	45000001	-1	0.160614	0
Y	46000001	-1	0.160614	0
Y	47000001	-1	0.160614	0
Y	48000001	-1	0.160614	0
Y	49000001	-1	0.160614	0
Y	50000001	-1	0.160614	0
Y	51000001	-1	0.160614	0
Y	52000001	-1	0.160614	0
Y	53000001	-1	0.160614	0
Y	54000001	-1	0.160614	0
Y	55000001	-1	0.160614	0
Y	56000001	0.111848	0.160614	0
Y	57000001	-1	-1	0
