Chromosome	Start	Ratio	MedianRatio	CopyNumber
1	1	1.16775	1.36982	4
1	1000001	1.4562	1.36982	4
1	2000001	1.8528	1.36982	4
1	3000001	1.52463	1.36982	4
1	4000001	1.25677	1.36982	4
1	5000001	1.36242	1.36982	4
1	6000001	1.46444	1.36982	4
1	7000001	1.53726	1.36982	4
1	8000001	1.18087	1.36982	4
1	9000001	1.4045	1.36982	4
1	10000001	1.63201	1.36982	4
1	11000001	1.51547	1.36982	4
1	12000001	1.21369	1.36982	4
1	13000001	1.39206	1.36982	4
1	14000001	1.29397	1.36982	4
1	15000001	1.43736	1.36982	4
1	16000001	1.1666	1.36982	4
1	17000001	1.36779	1.36982	4
1	18000001	1.18242	1.36982	4
1	19000001	1.38413	1.36982	4
1	20000001	1.33534	1.36982	4
1	21000001	1.22002	1.36982	4
1	22000001	1.41409	1.36982	4
1	23000001	1.36982	1.36982	4
1	24000001	1.59649	1.36982	4
1	25000001	1.5443	1.36982	4
1	26000001	1.41789	1.36982	4
1	27000001	1.50609	1.36982	4
1	28000001	1.45655	1.36982	4
1	29000001	1.46766	1.36982	4
1	30000001	1.51108	1.36982	4
1	31000001	1.23409	1.36982	4
1	32000001	1.36402	1.36982	4
1	33000001	1.32284	1.36982	4
1	34000001	1.18012	1.36982	4
1	35000001	1.15708	1.36982	4
1	36000001	1.38825	1.36982	4
1	37000001	1.32039	1.36982	4
1	38000001	1.29983	1.36982	4
1	39000001	1.40522	1.36982	4
1	40000001	1.35014	1.36982	4
1	41000001	1.28398	1.36982	4
1	42000001	1.31135	1.36982	4
1	43000001	1.45794	1.36982	4
1	44000001	1.4119	1.36982	4
1	45000001	1.49416	1.36982	4
1	46000001	1.31165	1.36982	4
1	47000001	1.52204	1.36982	4
1	48000001	1.29533	1.36982	4
1	49000001	1.24072	1.36982	4
1	50000001	1.25013	1.36982	4
1	51000001	1.38535	1.36982	4
1	52000001	1.18682	1.36982	4
1	53000001	1.48804	1.36982	4
1	54000001	1.32479	1.36982	4
1	55000001	1.12519	0.980395	3
1	56000001	0.863904	0.980395	3
1	57000001	0.967019	0.980395	3
1	58000001	0.953779	0.980395	3
1	59000001	1.02333	0.980395	3
1	60000001	1.0081	0.980395	3
1	61000001	0.903826	0.980395	3
1	62000001	1.1371	0.980395	3
1	63000001	1.17487	0.980395	3
1	64000001	0.903313	0.980395	3
1	65000001	1.05425	0.980395	3
1	66000001	1.0058	0.980395	3
1	67000001	0.991134	0.980395	3
1	68000001	1.16646	0.980395	3
1	69000001	0.98969	0.980395	3
1	70000001	0.859378	0.980395	3
1	71000001	0.880028	0.980395	3
1	72000001	0.959347	0.980395	3
1	73000001	0.918619	0.980395	3
1	74000001	0.844167	0.980395	3
1	75000001	1.05946	0.980395	3
1	76000001	1.07988	0.980395	3
1	77000001	0.975268	0.980395	3
1	78000001	1.12944	0.980395	3
1	79000001	1.0174	0.980395	3
1	80000001	0.983003	0.980395	3
1	81000001	0.811928	0.980395	3
1	82000001	0.977786	0.980395	3
1	83000001	1.0082	0.980395	3
1	84000001	0.950636	0.980395	3
1	85000001	0.971273	0.980395	3
1	86000001	1.06676	0.980395	3
1	87000001	0.798318	0.980395	3
1	88000001	0.934236	0.980395	3
1	89000001	0.848612	0.980395	3
1	90000001	0.945833	0.980395	3
1	91000001	0.824383	0.980395	3
1	92000001	1.01256	0.980395	3
1	93000001	1.16556	0.980395	3
1	94000001	1.32005	0.980395	3
1	95000001	0.989315	0.980395	3
1	96000001	0.989092	0.980395	3
1	97000001	0.86843	0.980395	3
1	98000001	1.13799	0.980395	3
1	99000001	1.27143	0.980395	3
1	100000001	0.937833	0.980395	3
1	101000001	0.896995	0.980395	3
1	102000001	0.955664	0.980395	3
1	103000001	0.795948	0.764027	2
1	104000001	0.764027	0.764027	2
1	105000001	0.690247	0.764027	2
1	106000001	1.04126	1.25368	4
1	107000001	1.28502	1.25368	4
1	108000001	1.21395	1.25368	4
1	109000001	1.35399	1.25368	4
1	110000001	1.18698	1.25368	4
1	111000001	1.60146	1.25368	4
1	112000001	1.35956	1.25368	4
1	113000001	1.10569	1.25368	4
1	114000001	1.25368	1.25368	4
1	115000001	1.26171	1.25368	4
1	116000001	1.35701	1.25368	4
1	117000001	1.25042	1.25368	4
1	118000001	1.10474	1.25368	4
1	119000001	1.60977	1.25368	4
1	120000001	1.13223	1.25368	4
1	121000001	2.15853	1.60965	5
1	122000001	1.52528	1.60965	5
1	123000001	1.69402	1.60965	5
1	124000001	1.50513	1.60965	5
1	125000001	7.16141	-1	4
1	126000001	-1	-1	4
1	127000001	-1	-1	4
1	128000001	-1	-1	4
1	129000001	-1	-1	4
1	130000001	-1	-1	4
1	131000001	-1	-1	4
1	132000001	-1	-1	4
1	133000001	-1	-1	4
1	134000001	-1	-1	4
1	135000001	-1	-1	4
1	136000001	-1	-1	4
1	137000001	-1	-1	4
1	138000001	-1	-1	4
1	139000001	-1	-1	4
1	140000001	-1	-1	4
1	141000001	-1	-1	4
1	142000001	-1	-1	4
1	143000001	6.83825	-1	4
1	144000001	1.02247	1.17391	4
1	145000001	1.29315	1.17391	4
1	146000001	1.32927	1.17391	4
1	147000001	1.15802	1.17391	4
1	148000001	1.35501	1.17391	4
1	149000001	1.01955	1.17391	4
1	150000001	1.09591	1.17391	4
1	151000001	1.18697	1.17391	4
1	152000001	1.39722	1.17391	4
1	153000001	1.25532	1.17391	4
1	154000001	1.22329	1.17391	4
1	155000001	0.839536	1.17391	4
1	156000001	1.04646	1.17391	4
1	157000001	1.38241	1.17391	4
1	158000001	1.33765	1.17391	4
1	159000001	1.16086	1.17391	4
1	160000001	1.08795	1.17391	4
1	161000001	1.08463	1.17391	4
1	162000001	1.53065	1.50892	5
1	163000001	1.65582	1.50892	5
1	164000001	1.6222	1.50892	5
1	165000001	1.6503	1.50892	5
1	166000001	1.57995	1.50892	5
1	167000001	1.35188	1.50892	5
1	168000001	1.5981	1.50892	5
1	169000001	1.4571	1.50892	5
1	170000001	1.59688	1.50892	5
1	171000001	1.39968	1.50892	5
1	172000001	1.61287	1.50892	5
1	173000001	1.49785	1.50892	5
1	174000001	1.59355	1.50892	5
1	175000001	1.44669	1.50892	5
1	176000001	1.60722	1.50892	5
1	177000001	1.64191	1.50892	5
1	178000001	1.41339	1.50892	5
1	179000001	1.45094	1.50892	5
1	180000001	1.50892	1.50892	5
1	181000001	1.25775	1.50892	5
1	182000001	1.69187	1.50892	5
1	183000001	1.64284	1.50892	5
1	184000001	1.31792	1.50892	5
1	185000001	1.19306	1.50892	5
1	186000001	1.88278	1.50892	5
1	187000001	1.28303	1.50892	5
1	188000001	1.25863	1.50892	5
1	189000001	1.35647	1.50892	5
1	190000001	1.26448	1.50892	5
1	191000001	1.53071	1.50892	5
1	192000001	1.48198	1.50892	5
1	193000001	1.29563	1.50892	5
1	194000001	1.42531	1.50892	5
1	195000001	1.59547	1.50892	5
1	196000001	1.67069	1.50892	5
1	197000001	1.4432	1.50892	5
1	198000001	1.80509	1.50892	5
1	199000001	1.55175	1.50892	5
1	200000001	1.30819	1.50892	5
1	201000001	1.35639	1.50892	5
1	202000001	1.44732	1.50892	5
1	203000001	1.40308	1.50892	5
1	204000001	1.64626	1.50892	5
1	205000001	1.4037	1.50892	5
1	206000001	1.40864	1.50892	5
1	207000001	1.39462	1.50892	5
1	208000001	1.61564	1.50892	5
1	209000001	1.69088	1.50892	5
1	210000001	1.69492	1.50892	5
1	211000001	1.60469	1.50892	5
1	212000001	1.40214	1.50892	5
1	213000001	1.46218	1.50892	5
1	214000001	1.66835	1.50892	5
1	215000001	1.61235	1.50892	5
1	216000001	1.65018	1.50892	5
1	217000001	1.38468	1.50892	5
1	218000001	1.58341	1.50892	5
1	219000001	1.29317	1.50892	5
1	220000001	1.347	1.50892	5
1	221000001	1.49852	1.50892	5
1	222000001	1.75387	1.50892	5
1	223000001	1.47596	1.50892	5
1	224000001	1.31209	1.50892	5
1	225000001	1.42974	1.50892	5
1	226000001	1.34928	1.50892	5
1	227000001	1.55601	1.50892	5
1	228000001	1.43652	1.50892	5
1	229000001	1.33345	1.50892	5
1	230000001	1.2974	1.50892	5
1	231000001	1.37985	1.50892	5
1	232000001	1.50986	1.50892	5
1	233000001	1.53883	1.50892	5
1	234000001	1.40666	1.50892	5
1	235000001	1.40458	1.50892	5
1	236000001	1.44984	1.50892	5
1	237000001	1.56934	1.50892	5
1	238000001	1.38644	1.50892	5
1	239000001	1.60911	1.50892	5
1	240000001	1.54673	1.50892	5
1	241000001	1.7814	1.50892	5
1	242000001	1.6278	1.50892	5
1	243000001	1.64429	1.50892	5
1	244000001	1.6715	1.50892	5
1	245000001	1.54358	1.50892	5
1	246000001	1.66209	1.50892	5
1	247000001	1.61439	1.50892	5
1	248000001	1.62419	1.50892	5
10	1	1.19802	0.964921	3
10	1000001	0.977248	0.964921	3
10	2000001	1.06306	0.964921	3
10	3000001	0.827652	0.964921	3
10	4000001	0.863957	0.964921	3
10	5000001	1.05139	0.964921	3
10	6000001	0.92583	0.964921	3
10	7000001	0.789721	0.964921	3
10	8000001	0.9944	0.964921	3
10	9000001	0.921423	0.964921	3
10	10000001	0.954142	0.964921	3
10	11000001	1.11652	0.964921	3
10	12000001	1.05484	0.964921	3
10	13000001	1.09128	0.964921	3
10	14000001	0.987154	0.964921	3
10	15000001	1.02152	0.964921	3
10	16000001	0.88845	0.964921	3
10	17000001	0.834196	0.964921	3
10	18000001	0.918668	0.964921	3
10	19000001	0.881768	0.964921	3
10	20000001	0.998972	0.964921	3
10	21000001	0.872515	0.964921	3
10	22000001	0.8343	0.964921	3
10	23000001	0.945136	0.964921	3
10	24000001	1.03823	0.964921	3
10	25000001	1.12534	0.964921	3
10	26000001	0.878447	0.964921	3
10	27000001	1.15698	0.964921	3
10	28000001	0.998976	0.964921	3
10	29000001	0.978847	0.964921	3
10	30000001	0.952897	0.964921	3
10	31000001	0.879261	0.964921	3
10	32000001	1.00061	0.964921	3
10	33000001	0.876495	0.964921	3
10	34000001	0.909719	0.964921	3
10	35000001	0.973842	0.964921	3
10	36000001	0.956	0.964921	3
10	37000001	1.06237	0.964921	3
10	38000001	1.25749	1.39571	4
10	39000001	1.39571	1.39571	4
10	40000001	1.80123	1.39571	4
10	41000001	1.27032	1.39571	4
10	42000001	1.54816	1.39571	4
10	43000001	1.61938	1.39571	4
10	44000001	1.31241	1.39571	4
10	45000001	1.16382	1.39571	4
10	46000001	1.50033	1.39571	4
10	47000001	1.41534	1.39571	4
10	48000001	1.41348	1.39571	4
10	49000001	1.2817	1.39571	4
10	50000001	1.36415	1.39571	4
10	51000001	1.11088	1.15093	3
10	52000001	1.15093	1.15093	3
10	53000001	1.22514	1.15093	3
10	54000001	0.917206	0.917206	3
10	55000001	0.796568	0.917206	3
10	56000001	1.08343	0.917206	3
10	57000001	1.30364	1.3324	4
10	58000001	1.3102	1.3324	4
10	59000001	1.49331	1.3324	4
10	60000001	1.16474	1.3324	4
10	61000001	1.04136	1.3324	4
10	62000001	1.23181	1.3324	4
10	63000001	1.14977	1.3324	4
10	64000001	1.20807	1.3324	4
10	65000001	1.3324	1.3324	4
10	66000001	1.37989	1.3324	4
10	67000001	1.13383	1.3324	4
10	68000001	1.45261	1.3324	4
10	69000001	1.38064	1.3324	4
10	70000001	1.35457	1.3324	4
10	71000001	1.43908	1.3324	4
10	72000001	1.14955	1.3324	4
10	73000001	1.34613	1.3324	4
10	74000001	1.20352	1.3324	4
10	75000001	1.45224	1.3324	4
10	76000001	1.39193	1.3324	4
10	77000001	1.42187	1.3324	4
10	78000001	1.43732	1.3324	4
10	79000001	1.35617	1.3324	4
10	80000001	1.25824	1.3324	4
10	81000001	1.45258	1.3324	4
10	82000001	1.13905	1.3324	4
10	83000001	1.18459	1.3324	4
10	84000001	1.22727	1.3324	4
10	85000001	1.47394	1.3324	4
10	86000001	0.710329	0.694322	2
10	87000001	0.699638	0.694322	2
10	88000001	0.729224	0.694322	2
10	89000001	0.689971	0.694322	2
10	90000001	0.789824	0.694322	2
10	91000001	0.668417	0.694322	2
10	92000001	0.674483	0.694322	2
10	93000001	0.578187	0.694322	2
10	94000001	0.739327	0.694322	2
10	95000001	0.752195	0.694322	2
10	96000001	0.580622	0.694322	2
10	97000001	0.717926	0.694322	2
10	98000001	0.71831	0.694322	2
10	99000001	0.731531	0.694322	2
10	100000001	0.736315	0.694322	2
10	101000001	0.530861	0.694322	2
10	102000001	0.713836	0.694322	2
10	103000001	0.685705	0.694322	2
10	104000001	0.595515	0.694322	2
10	105000001	0.546273	0.694322	2
10	106000001	0.594193	0.694322	2
10	107000001	0.593511	0.694322	2
10	108000001	0.554498	0.694322	2
10	109000001	0.7682	0.694322	2
10	110000001	0.716185	0.694322	2
10	111000001	0.598023	0.694322	2
10	112000001	0.846235	0.694322	2
10	113000001	0.602926	0.694322	2
10	114000001	0.850719	0.694322	2
10	115000001	0.704175	0.694322	2
10	116000001	0.643577	0.694322	2
10	117000001	0.679942	0.694322	2
10	118000001	0.669489	0.694322	2
10	119000001	0.644671	0.694322	2
10	120000001	0.698672	0.694322	2
10	121000001	0.633022	0.694322	2
10	122000001	0.724193	0.694322	2
10	123000001	0.644784	0.694322	2
10	124000001	0.852514	0.694322	2
10	125000001	0.701339	0.694322	2
10	126000001	1.95156	1.95156	6
10	127000001	0.791722	0.791722	2
10	128000001	0.709416	0.791722	2
10	129000001	0.855167	0.791722	2
10	130000001	0.744659	0.791722	2
10	131000001	0.746517	0.791722	2
10	132000001	0.961269	0.791722	2
10	133000001	1.97362	0.791722	2
11	1	1.10072	1.01912	3
11	1000001	0.96701	1.01912	3
11	2000001	1.09831	1.01912	3
11	3000001	0.875399	1.01912	3
11	4000001	1.03122	1.01912	3
11	5000001	1.01912	1.01912	3
11	6000001	1.37141	1.01912	3
11	7000001	0.964116	1.01912	3
11	8000001	0.924609	1.01912	3
11	9000001	0.922688	1.01912	3
11	10000001	1.14254	1.01912	3
11	11000001	1.54494	1.34841	4
11	12000001	1.15188	1.34841	4
11	13000001	1.11977	0.941826	3
11	14000001	1.00498	0.941826	3
11	15000001	0.974844	0.941826	3
11	16000001	0.81425	0.941826	3
11	17000001	0.907383	0.941826	3
11	18000001	1.18023	0.941826	3
11	19000001	0.954748	0.941826	3
11	20000001	0.893834	0.941826	3
11	21000001	0.900433	0.941826	3
11	22000001	0.96478	0.941826	3
11	23000001	0.981944	0.941826	3
11	24000001	0.743362	0.941826	3
11	25000001	0.852892	0.941826	3
11	26000001	0.937374	0.941826	3
11	27000001	1.02917	0.941826	3
11	28000001	0.856567	0.941826	3
11	29000001	1.06851	0.941826	3
11	30000001	0.941826	0.941826	3
11	31000001	0.82054	0.941826	3
11	32000001	0.92484	0.941826	3
11	33000001	1.00647	0.941826	3
11	34000001	1.29792	1.29792	4
11	35000001	1.33134	1.29792	4
11	36000001	1.18099	1.29792	4
11	37000001	0.813659	0.813659	2
11	38000001	0.833496	0.813659	2
11	39000001	0.800897	0.813659	2
11	40000001	0.875609	0.813659	2
11	41000001	0.785069	0.813659	2
11	42000001	1.19241	0.976931	3
11	43000001	0.965812	0.976931	3
11	44000001	0.90347	0.976931	3
11	45000001	1.12928	0.976931	3
11	46000001	0.959962	0.976931	3
11	47000001	0.896669	0.976931	3
11	48000001	0.90027	0.976931	3
11	49000001	0.976931	0.976931	3
11	50000001	1.21857	0.976931	3
11	51000001	0.735483	0.976931	3
11	52000001	0.861105	0.976931	3
11	53000001	1.12569	0.976931	3
11	54000001	0.983078	0.976931	3
11	55000001	0.961794	0.976931	3
11	56000001	1.04142	0.976931	3
11	57000001	0.937058	0.976931	3
11	58000001	0.944717	0.976931	3
11	59000001	0.866211	0.976931	3
11	60000001	1.00579	0.976931	3
11	61000001	1.01095	0.976931	3
11	62000001	1.03251	0.976931	3
11	63000001	1.05332	0.976931	3
11	64000001	0.973987	0.976931	3
11	65000001	1.11144	0.976931	3
11	66000001	1.08244	0.976931	3
11	67000001	1.13253	1.1851	4
11	68000001	1.14347	1.1851	4
11	69000001	1.42775	1.1851	4
11	70000001	1.22673	1.1851	4
11	71000001	1.0616	1.01541	3
11	72000001	1.04046	1.01541	3
11	73000001	0.955478	1.01541	3
11	74000001	1.08773	1.01541	3
11	75000001	1.13663	1.01541	3
11	76000001	1.13346	1.01541	3
11	77000001	1.04084	1.01541	3
11	78000001	0.911324	1.01541	3
11	79000001	0.964075	1.01541	3
11	80000001	1.04548	1.01541	3
11	81000001	0.845819	1.01541	3
11	82000001	0.981381	1.01541	3
11	83000001	1.11358	1.01541	3
11	84000001	0.877638	1.01541	3
11	85000001	1.01541	1.01541	3
11	86000001	1.03694	1.01541	3
11	87000001	0.976484	1.01541	3
11	88000001	0.970465	1.01541	3
11	89000001	0.986695	1.01541	3
11	90000001	1.17306	1.30591	4
11	91000001	1.43875	1.30591	4
11	92000001	1.00552	0.931189	3
11	93000001	0.878787	0.931189	3
11	94000001	0.866399	0.931189	3
11	95000001	1.00016	0.931189	3
11	96000001	0.846783	0.931189	3
11	97000001	0.924595	0.931189	3
11	98000001	0.937783	0.931189	3
11	99000001	0.903841	0.931189	3
11	100000001	0.999246	0.931189	3
11	101000001	0.95801	0.931189	3
11	102000001	0.973377	0.931189	3
11	103000001	0.804162	0.931189	3
11	104000001	1.25476	1.02323	3
11	105000001	0.923774	1.02323	3
11	106000001	0.966193	1.02323	3
11	107000001	0.943237	1.02323	3
11	108000001	0.850773	1.02323	3
11	109000001	1.02958	1.02323	3
11	110000001	1.0443	1.02323	3
11	111000001	1.16954	1.02323	3
11	112000001	1.03618	1.02323	3
11	113000001	1.06012	1.02323	3
11	114000001	0.909086	1.02323	3
11	115000001	0.993495	1.02323	3
11	116000001	0.926018	1.02323	3
11	117000001	1.03097	1.02323	3
11	118000001	1.03497	1.02323	3
11	119000001	1.14527	1.02323	3
11	120000001	1.17859	1.02323	3
11	121000001	0.905339	1.02323	3
11	122000001	1.14064	1.02323	3
11	123000001	1.02346	1.02323	3
11	124000001	1.02299	1.02323	3
11	125000001	1.02376	1.02323	3
11	126000001	0.985877	1.02323	3
11	127000001	1.02549	1.02323	3
11	128000001	0.89678	1.02323	3
11	129000001	0.952993	1.02323	3
11	130000001	0.978757	1.02323	3
11	131000001	1.1454	1.02323	3
11	132000001	1.04403	1.02323	3
11	133000001	0.873267	1.02323	3
11	134000001	1.0153	1.02323	3
11	135000001	0.52076	1.02323	3
12	1	0.761902	0.749537	2
12	1000001	0.687677	0.749537	2
12	2000001	0.906835	0.749537	2
12	3000001	0.78653	0.749537	2
12	4000001	0.722363	0.749537	2
12	5000001	0.710638	0.749537	2
12	6000001	0.749537	0.749537	2
12	7000001	0.715354	0.749537	2
12	8000001	0.785387	0.749537	2
12	9000001	0.704299	0.749537	2
12	10000001	0.801975	0.749537	2
12	11000001	0.652544	0.626227	2
12	12000001	0.634432	0.626227	2
12	13000001	0.78157	0.626227	2
12	14000001	0.575345	0.626227	2
12	15000001	0.601571	0.626227	2
12	16000001	0.580871	0.626227	2
12	17000001	0.647036	0.626227	2
12	18000001	0.604541	0.626227	2
12	19000001	0.83133	0.626227	2
12	20000001	0.618023	0.626227	2
12	21000001	0.571055	0.626227	2
12	22000001	0.744261	0.626227	2
12	23000001	0.896131	1.02263	3
12	24000001	0.989849	1.02263	3
12	25000001	1.20796	1.02263	3
12	26000001	1.06591	1.02263	3
12	27000001	1.00627	1.02263	3
12	28000001	0.860519	1.02263	3
12	29000001	1.03734	1.02263	3
12	30000001	1.0405	1.02263	3
12	31000001	0.938971	1.02263	3
12	32000001	1.05828	1.02263	3
12	33000001	0.974661	1.02263	3
12	34000001	1.25019	1.02263	3
12	35000001	1.07505	1.02263	3
12	36000001	0.970413	1.02263	3
12	37000001	1.01585	1.02263	3
12	38000001	0.952734	1.02263	3
12	39000001	0.985047	1.02263	3
12	40000001	1.04662	1.02263	3
12	41000001	1.04247	1.02263	3
12	42000001	1.0663	1.02263	3
12	43000001	0.953534	1.02263	3
12	44000001	1.02088	1.02263	3
12	45000001	0.992981	1.02263	3
12	46000001	1.01487	1.02263	3
12	47000001	1.136	1.02263	3
12	48000001	1.63298	1.02263	3
12	49000001	0.963893	1.02263	3
12	50000001	1.06663	1.02263	3
12	51000001	0.764978	1.02263	3
12	52000001	1.03514	1.02263	3
12	53000001	1.07623	1.02263	3
12	54000001	1.07838	1.02263	3
12	55000001	1.02523	1.02263	3
12	56000001	1.02263	1.02263	3
12	57000001	1.10975	1.02263	3
12	58000001	0.998632	1.02263	3
12	59000001	0.982609	1.02263	3
12	60000001	1.02795	1.02263	3
12	61000001	1.06616	1.02263	3
12	62000001	0.795587	1.02263	3
12	63000001	1.14133	1.02263	3
12	64000001	0.987293	1.02263	3
12	65000001	0.999807	1.02263	3
12	66000001	0.860853	0.872745	3
12	67000001	0.709688	0.872745	3
12	68000001	1.033	0.872745	3
12	69000001	0.800283	0.872745	3
12	70000001	0.872745	0.872745	3
12	71000001	0.805913	0.872745	3
12	72000001	0.837298	0.872745	3
12	73000001	1.07083	0.872745	3
12	74000001	0.966736	0.872745	3
12	75000001	0.848946	0.872745	3
12	76000001	0.845897	0.872745	3
12	77000001	1.10739	0.872745	3
12	78000001	1.01539	0.872745	3
12	79000001	0.854208	0.872745	3
12	80000001	0.979954	0.872745	3
12	81000001	0.913399	0.872745	3
12	82000001	0.850185	0.872745	3
12	83000001	0.702142	0.872745	3
12	84000001	0.795017	0.872745	3
12	85000001	0.762613	0.872745	3
12	86000001	0.916581	0.872745	3
12	87000001	0.912659	0.872745	3
12	88000001	0.827045	0.872745	3
12	89000001	0.920902	0.872745	3
12	90000001	0.81453	0.872745	3
12	91000001	1.02973	0.872745	3
12	92000001	0.92741	0.872745	3
12	93000001	0.810732	0.872745	3
12	94000001	0.94079	0.872745	3
12	95000001	0.944898	0.872745	3
12	96000001	0.925695	0.872745	3
12	97000001	0.962584	0.872745	3
12	98000001	0.779657	0.872745	3
12	99000001	1.00541	0.872745	3
12	100000001	0.855511	0.872745	3
12	101000001	1.07721	1.00144	3
12	102000001	1.10605	1.00144	3
12	103000001	1.00144	1.00144	3
12	104000001	1.02429	1.00144	3
12	105000001	0.834064	1.00144	3
12	106000001	0.946772	1.00144	3
12	107000001	0.974768	1.00144	3
12	108000001	1.0301	1.00144	3
12	109000001	1.0382	1.00144	3
12	110000001	1.10098	1.00144	3
12	111000001	1.18245	1.00144	3
12	112000001	0.960222	1.00144	3
12	113000001	1.01339	1.00144	3
12	114000001	0.929251	1.00144	3
12	115000001	0.91738	1.00144	3
12	116000001	0.968003	1.00144	3
12	117000001	1.09921	1.00144	3
12	118000001	0.749556	1.00144	3
12	119000001	1.00973	1.00144	3
12	120000001	0.959574	1.00144	3
12	121000001	1.00126	1.00144	3
12	122000001	1.03631	1.00144	3
12	123000001	0.960835	1.00144	3
12	124000001	1.02115	1.00144	3
12	125000001	0.878842	1.00144	3
12	126000001	1.02367	1.00144	3
12	127000001	0.899068	1.00144	3
12	128000001	0.929442	1.00144	3
12	129000001	1.06808	1.00144	3
12	130000001	0.943612	1.00144	3
12	131000001	1.41153	1.00144	3
12	132000001	1.04593	1.00144	3
12	133000001	0.824462	1.00144	3
13	1	-1	-1	2
13	1000001	-1	-1	2
13	2000001	-1	-1	2
13	3000001	-1	-1	2
13	4000001	-1	-1	2
13	5000001	-1	-1	2
13	6000001	-1	-1	2
13	7000001	-1	-1	2
13	8000001	-1	-1	2
13	9000001	-1	-1	2
13	10000001	-1	-1	2
13	11000001	-1	-1	2
13	12000001	-1	-1	2
13	13000001	-1	-1	2
13	14000001	-1	-1	2
13	15000001	-1	-1	2
13	16000001	0.567159	0.679262	2
13	17000001	0.609526	0.679262	2
13	18000001	0.877272	0.679262	2
13	19000001	0.714957	0.679262	2
13	20000001	0.744138	0.679262	2
13	21000001	0.605383	0.679262	2
13	22000001	0.516669	0.679262	2
13	23000001	0.645268	0.679262	2
13	24000001	0.694482	0.679262	2
13	25000001	0.77407	0.679262	2
13	26000001	0.76456	0.679262	2
13	27000001	0.837335	0.679262	2
13	28000001	0.684285	0.679262	2
13	29000001	0.69453	0.679262	2
13	30000001	0.635824	0.679262	2
13	31000001	0.767709	0.679262	2
13	32000001	0.73731	0.679262	2
13	33000001	0.797502	0.679262	2
13	34000001	0.699553	0.679262	2
13	35000001	0.852006	0.679262	2
13	36000001	0.643171	0.679262	2
13	37000001	0.575453	0.679262	2
13	38000001	0.619119	0.679262	2
13	39000001	0.634313	0.679262	2
13	40000001	0.68363	0.679262	2
13	41000001	0.841544	0.679262	2
13	42000001	0.593292	0.679262	2
13	43000001	0.797277	0.679262	2
13	44000001	0.791476	0.679262	2
13	45000001	0.702436	0.679262	2
13	46000001	0.599521	0.679262	2
13	47000001	0.761768	0.679262	2
13	48000001	0.781212	0.679262	2
13	49000001	0.648423	0.679262	2
13	50000001	0.664844	0.679262	2
13	51000001	0.752587	0.679262	2
13	52000001	0.71005	0.679262	2
13	53000001	0.736261	0.679262	2
13	54000001	0.526393	0.679262	2
13	55000001	0.524761	0.679262	2
13	56000001	0.452847	0.679262	2
13	57000001	0.674895	0.679262	2
13	58000001	0.563306	0.679262	2
13	59000001	0.86476	0.679262	2
13	60000001	0.777402	0.679262	2
13	61000001	0.524267	0.679262	2
13	62000001	0.525963	0.679262	2
13	63000001	0.509046	0.679262	2
13	64000001	0.54316	0.679262	2
13	65000001	0.545373	0.679262	2
13	66000001	0.528191	0.679262	2
13	67000001	0.567576	0.679262	2
13	68000001	0.500398	0.679262	2
13	69000001	0.61345	0.679262	2
13	70000001	0.598582	0.679262	2
13	71000001	1.28902	0.679262	2
13	72000001	0.61749	0.679262	2
13	73000001	0.962958	0.679262	2
13	74000001	0.683767	0.679262	2
13	75000001	0.744893	0.679262	2
13	76000001	0.607137	0.679262	2
13	77000001	0.826481	0.679262	2
13	78000001	0.647917	0.679262	2
13	79000001	0.690187	0.679262	2
13	80000001	2.22442	2.22442	7
13	81000001	0.869481	0.453438	1
13	82000001	0.607672	0.453438	1
13	83000001	0.541245	0.453438	1
13	84000001	0.319079	0.453438	1
13	85000001	0.365632	0.453438	1
13	86000001	0.543892	0.453438	1
13	87000001	0.354691	0.453438	1
13	88000001	0.346474	0.453438	1
13	89000001	1.46134	1.46134	4
13	90000001	4.75471	4.75471	14
13	91000001	3.222	3.222	10
13	92000001	1.87662	1.62453	5
13	93000001	1.37245	1.62453	5
13	94000001	0.748784	0.73935	2
13	95000001	0.749717	0.73935	2
13	96000001	0.777442	0.73935	2
13	97000001	0.713201	0.73935	2
13	98000001	0.824462	0.73935	2
13	99000001	0.73935	0.73935	2
13	100000001	0.758936	0.73935	2
13	101000001	0.627789	0.73935	2
13	102000001	0.735519	0.73935	2
13	103000001	0.766195	0.73935	2
13	104000001	0.718585	0.73935	2
13	105000001	0.546373	0.73935	2
13	106000001	0.680538	0.73935	2
13	107000001	1.46206	0.73935	2
13	108000001	0.59818	0.73935	2
13	109000001	0.669728	0.73935	2
13	110000001	1.02707	0.73935	2
13	111000001	0.727342	0.73935	2
13	112000001	0.649076	0.73935	2
13	113000001	0.901794	0.73935	2
13	114000001	0.889452	0.73935	2
14	1	-1	-1	3
14	1000001	-1	-1	3
14	2000001	-1	-1	3
14	3000001	-1	-1	3
14	4000001	-1	-1	3
14	5000001	-1	-1	3
14	6000001	-1	-1	3
14	7000001	-1	-1	3
14	8000001	-1	-1	3
14	9000001	-1	-1	3
14	10000001	-1	-1	3
14	11000001	-1	-1	3
14	12000001	-1	-1	3
14	13000001	-1	-1	3
14	14000001	-1	-1	3
14	15000001	-1	-1	3
14	16000001	1.09966	1.00614	3
14	17000001	0.647929	1.00614	3
14	18000001	1.00614	1.00614	3
14	19000001	1.36054	1.36054	4
14	20000001	0.695708	0.679943	2
14	21000001	0.682139	0.679943	2
14	22000001	0.783292	0.679943	2
14	23000001	0.722631	0.679943	2
14	24000001	0.801296	0.679943	2
14	25000001	0.670404	0.679943	2
14	26000001	0.614234	0.679943	2
14	27000001	0.698489	0.679943	2
14	28000001	0.57724	0.679943	2
14	29000001	0.748315	0.679943	2
14	30000001	0.7135	0.679943	2
14	31000001	0.649279	0.679943	2
14	32000001	0.679516	0.679943	2
14	33000001	0.856118	0.679943	2
14	34000001	0.626035	0.679943	2
14	35000001	0.512297	0.679943	2
14	36000001	0.658617	0.679943	2
14	37000001	0.682838	0.679943	2
14	38000001	0.714673	0.679943	2
14	39000001	0.791131	0.679943	2
14	40000001	0.684082	0.679943	2
14	41000001	0.665212	0.679943	2
14	42000001	0.720306	0.679943	2
14	43000001	0.712351	0.679943	2
14	44000001	0.725471	0.679943	2
14	45000001	0.558138	0.679943	2
14	46000001	0.640005	0.679943	2
14	47000001	0.534248	0.679943	2
14	48000001	0.545024	0.679943	2
14	49000001	0.538364	0.679943	2
14	50000001	0.742248	0.679943	2
14	51000001	0.580565	0.679943	2
14	52000001	0.562521	0.679943	2
14	53000001	0.746778	0.679943	2
14	54000001	0.745375	0.679943	2
14	55000001	0.635585	0.679943	2
14	56000001	0.669121	0.679943	2
14	57000001	0.537693	0.679943	2
14	58000001	0.645685	0.679943	2
14	59000001	0.680371	0.679943	2
14	60000001	1.332	1.332	4
14	61000001	0.574243	0.646019	2
14	62000001	0.594005	0.646019	2
14	63000001	0.722174	0.646019	2
14	64000001	0.70157	0.646019	2
14	65000001	0.634195	0.646019	2
14	66000001	0.687763	0.646019	2
14	67000001	0.659777	0.646019	2
14	68000001	0.630779	0.646019	2
14	69000001	0.828657	0.646019	2
14	70000001	0.606189	0.646019	2
14	71000001	0.701427	0.646019	2
14	72000001	0.75135	0.646019	2
14	73000001	0.594629	0.646019	2
14	74000001	0.67367	0.646019	2
14	75000001	0.65792	0.646019	2
14	76000001	0.698705	0.646019	2
14	77000001	0.498693	0.646019	2
14	78000001	0.652908	0.646019	2
14	79000001	0.588405	0.646019	2
14	80000001	0.58653	0.646019	2
14	81000001	0.57586	0.646019	2
14	82000001	0.669413	0.646019	2
14	83000001	0.605116	0.646019	2
14	84000001	0.503838	0.646019	2
14	85000001	0.57142	0.646019	2
14	86000001	0.763061	0.646019	2
14	87000001	0.698295	0.646019	2
14	88000001	0.639129	0.646019	2
14	89000001	0.765216	0.646019	2
14	90000001	0.615906	0.646019	2
14	91000001	0.638273	0.646019	2
14	92000001	0.695029	0.646019	2
14	93000001	0.701145	0.646019	2
14	94000001	0.636207	0.646019	2
14	95000001	0.713767	0.725607	2
14	96000001	0.941353	0.725607	2
14	97000001	0.815772	0.725607	2
14	98000001	0.734771	0.725607	2
14	99000001	0.823148	0.725607	2
14	100000001	0.652006	0.725607	2
14	101000001	0.797673	0.725607	2
14	102000001	0.716444	0.725607	2
14	103000001	0.591971	0.725607	2
14	104000001	0.672991	0.725607	2
14	105000001	0.713084	0.725607	2
14	106000001	0.752898	0.725607	2
14	107000001	-1	-1	2
15	1	-1	-1	3
15	1000001	-1	-1	3
15	2000001	-1	-1	3
15	3000001	-1	-1	3
15	4000001	-1	-1	3
15	5000001	-1	-1	3
15	6000001	-1	-1	3
15	7000001	-1	-1	3
15	8000001	-1	-1	3
15	9000001	-1	-1	3
15	10000001	-1	-1	3
15	11000001	-1	-1	3
15	12000001	-1	-1	3
15	13000001	-1	-1	3
15	14000001	-1	-1	3
15	15000001	-1	-1	3
15	16000001	-1	-1	3
15	17000001	1.13105	1.13105	3
15	18000001	1.11243	1.13105	3
15	19000001	1.39695	1.13105	3
15	20000001	0.926698	0.992773	3
15	21000001	0.911033	0.992773	3
15	22000001	1.00062	0.992773	3
15	23000001	0.853499	0.992773	3
15	24000001	1.09304	0.992773	3
15	25000001	1.19889	0.992773	3
15	26000001	0.825154	0.992773	3
15	27000001	0.886938	0.992773	3
15	28000001	0.950284	0.992773	3
15	29000001	1.16208	0.992773	3
15	30000001	1.12258	0.992773	3
15	31000001	1.10132	0.992773	3
15	32000001	0.926106	0.992773	3
15	33000001	0.92641	0.992773	3
15	34000001	0.960471	0.992773	3
15	35000001	0.955013	0.992773	3
15	36000001	1.00053	0.992773	3
15	37000001	1.06464	0.992773	3
15	38000001	1.02429	0.992773	3
15	39000001	0.960472	0.992773	3
15	40000001	0.969176	0.992773	3
15	41000001	0.933829	0.992773	3
15	42000001	0.985015	0.992773	3
15	43000001	1.00442	0.992773	3
15	44000001	0.920032	0.992773	3
15	45000001	1.39091	0.992773	3
15	46000001	0.943966	0.992773	3
15	47000001	0.941593	0.992773	3
15	48000001	1.05851	0.992773	3
15	49000001	1.15713	0.992773	3
15	50000001	0.865634	0.992773	3
15	51000001	1.0281	0.992773	3
15	52000001	1.05572	0.992773	3
15	53000001	0.885297	0.992773	3
15	54000001	1.11359	0.992773	3
15	55000001	1.20182	0.992773	3
15	56000001	1.0856	0.992773	3
15	57000001	1.18138	0.992773	3
15	58000001	0.835924	0.817859	2
15	59000001	0.799793	0.817859	2
15	60000001	1.0128	1.01234	3
15	61000001	1.17387	1.01234	3
15	62000001	1.01234	1.01234	3
15	63000001	0.988986	1.01234	3
15	64000001	1.02479	1.01234	3
15	65000001	1.09079	1.01234	3
15	66000001	0.978047	1.01234	3
15	67000001	0.768508	1.01234	3
15	68000001	0.917807	1.01234	3
15	69000001	0.959117	1.01234	3
15	70000001	1.07211	1.01234	3
15	71000001	1.03353	1.01234	3
15	72000001	1.03769	1.01234	3
15	73000001	1.09087	1.01234	3
15	74000001	0.930525	1.01234	3
15	75000001	0.982311	1.01234	3
15	76000001	0.947845	1.01234	3
15	77000001	0.984908	1.01234	3
15	78000001	1.11248	1.01234	3
15	79000001	1.12693	1.01234	3
15	80000001	0.937491	1.01234	3
15	81000001	0.928715	1.01234	3
15	82000001	1.08233	1.01234	3
15	83000001	0.91816	0.912487	3
15	84000001	0.904778	0.912487	3
15	85000001	0.992085	0.912487	3
15	86000001	0.912487	0.912487	3
15	87000001	0.904517	0.912487	3
15	88000001	1.09933	1.17125	4
15	89000001	1.27434	1.17125	4
15	90000001	1.17125	1.17125	4
15	91000001	0.910979	0.946808	3
15	92000001	1.16305	0.946808	3
15	93000001	0.90516	0.946808	3
15	94000001	0.946808	0.946808	3
15	95000001	1.11912	0.946808	3
15	96000001	0.866242	0.946808	3
15	97000001	0.907136	0.946808	3
15	98000001	1.08831	0.946808	3
15	99000001	1.121	0.946808	3
15	100000001	1.11067	0.946808	3
15	101000001	0.901959	0.946808	3
16	1	1.09671	0.980294	3
16	1000001	1.15608	0.980294	3
16	2000001	0.974954	0.980294	3
16	3000001	1.03437	0.980294	3
16	4000001	0.959141	0.980294	3
16	5000001	0.906424	0.980294	3
16	6000001	0.963748	0.980294	3
16	7000001	0.921595	0.980294	3
16	8000001	0.998982	0.980294	3
16	9000001	0.985635	0.980294	3
16	10000001	1.23125	0.980294	3
16	11000001	1.13723	0.980294	3
16	12000001	1.19134	0.980294	3
16	13000001	0.923796	0.980294	3
16	14000001	0.949547	0.980294	3
16	15000001	1.08186	0.980294	3
16	16000001	0.8343	0.980294	3
16	17000001	1.04843	0.980294	3
16	18000001	0.743375	0.980294	3
16	19000001	0.970538	0.980294	3
16	20000001	0.956217	0.980294	3
16	21000001	0.997637	0.980294	3
16	22000001	0.885002	0.980294	3
16	23000001	1.00903	0.980294	3
16	24000001	0.858598	0.980294	3
16	25000001	1.00512	0.980294	3
16	26000001	0.965278	0.980294	3
16	27000001	1.00979	0.980294	3
16	28000001	1.07189	0.980294	3
16	29000001	0.884448	0.980294	3
16	30000001	0.858439	0.980294	3
16	31000001	1.32919	0.980294	3
16	32000001	0.880259	0.980294	3
16	33000001	1.20641	0.980294	3
16	34000001	2.7659	2.7659	8
16	35000001	1.12205	0.941803	3
16	36000001	0.944409	0.941803	3
16	37000001	0.906434	0.941803	3
16	38000001	0.939196	0.941803	3
16	39000001	-1	-1	3
16	40000001	-1	-1	3
16	41000001	-1	-1	3
16	42000001	-1	-1	3
16	43000001	-1	-1	3
16	44000001	-1	-1	3
16	45000001	-1	-1	3
16	46000001	5.2562	5.2562	16
16	47000001	1.10533	0.934475	3
16	48000001	0.910343	0.934475	3
16	49000001	1.03805	0.934475	3
16	50000001	1.04179	0.934475	3
16	51000001	1.00734	0.934475	3
16	52000001	0.868526	0.934475	3
16	53000001	0.878158	0.934475	3
16	54000001	1.09888	0.934475	3
16	55000001	0.990961	0.934475	3
16	56000001	0.963785	0.934475	3
16	57000001	1.08617	0.934475	3
16	58000001	0.955093	0.934475	3
16	59000001	0.934475	0.934475	3
16	60000001	1.04346	0.934475	3
16	61000001	0.809659	0.934475	3
16	62000001	0.717071	0.934475	3
16	63000001	0.758641	0.934475	3
16	64000001	0.93429	0.934475	3
16	65000001	0.832049	0.934475	3
16	66000001	1.1221	0.934475	3
16	67000001	0.817678	0.934475	3
16	68000001	0.841071	0.934475	3
16	69000001	0.925695	0.934475	3
16	70000001	0.96641	0.934475	3
16	71000001	0.932284	0.934475	3
16	72000001	1.08982	1.03763	3
16	73000001	1.00204	1.03763	3
16	74000001	1.5416	1.03763	3
16	75000001	0.831503	1.03763	3
16	76000001	1.05535	1.03763	3
16	77000001	1.01992	1.03763	3
16	78000001	1.45364	1.32128	4
16	79000001	1.11332	1.32128	4
16	80000001	1.23952	1.32128	4
16	81000001	1.50857	1.32128	4
16	82000001	1.2724	1.32128	4
16	83000001	1.36383	1.32128	4
16	84000001	1.54331	1.32128	4
16	85000001	1.38046	1.32128	4
16	86000001	1.18962	1.32128	4
16	87000001	1.13294	1.32128	4
16	88000001	1.47795	1.32128	4
16	89000001	1.15075	1.32128	4
16	90000001	1.32128	1.32128	4
17	1	0.987658	0.739281	2
17	1000001	0.742558	0.739281	2
17	2000001	0.83343	0.739281	2
17	3000001	0.757652	0.739281	2
17	4000001	0.539315	0.739281	2
17	5000001	0.675148	0.739281	2
17	6000001	0.736005	0.739281	2
17	7000001	0.661627	0.739281	2
17	8000001	0.809754	0.739281	2
17	9000001	0.775836	0.739281	2
17	10000001	0.698849	0.739281	2
17	11000001	0.775701	0.739281	2
17	12000001	0.633703	0.739281	2
17	13000001	0.666931	0.739281	2
17	14000001	0.707866	0.739281	2
17	15000001	0.647581	0.739281	2
17	16000001	0.859115	0.739281	2
17	17000001	0.572002	0.739281	2
17	18000001	0.616529	0.739281	2
17	19000001	0.819975	0.739281	2
17	20000001	0.6328	0.739281	2
17	21000001	0.918512	0.739281	2
17	22000001	0.868695	0.739281	2
17	23000001	0.599901	0.739281	2
17	24000001	0.884915	0.739281	2
17	25000001	1.01481	0.739281	2
17	26000001	2.02578	2.02578	6
17	27000001	1.11967	0.961724	3
17	28000001	1.26396	0.961724	3
17	29000001	0.923611	0.961724	3
17	30000001	1.04321	0.961724	3
17	31000001	0.925097	0.961724	3
17	32000001	0.955929	0.961724	3
17	33000001	0.96258	0.961724	3
17	34000001	0.913332	0.961724	3
17	35000001	1.14401	0.961724	3
17	36000001	1.12255	0.961724	3
17	37000001	0.811606	0.961724	3
17	38000001	1.23818	0.961724	3
17	39000001	1.09022	0.961724	3
17	40000001	1.13558	0.961724	3
17	41000001	1.19935	0.961724	3
17	42000001	1.05863	0.961724	3
17	43000001	0.963502	0.961724	3
17	44000001	0.870003	0.961724	3
17	45000001	1.02418	0.961724	3
17	46000001	0.643152	0.961724	3
17	47000001	1.0282	0.961724	3
17	48000001	0.864157	0.961724	3
17	49000001	1.02199	0.961724	3
17	50000001	0.933349	0.961724	3
17	51000001	0.897173	0.961724	3
17	52000001	0.834247	0.961724	3
17	53000001	0.922834	0.961724	3
17	54000001	0.96217	0.961724	3
17	55000001	0.963682	0.961724	3
17	56000001	0.997637	0.961724	3
17	57000001	0.961277	0.961724	3
17	58000001	1.08166	0.961724	3
17	59000001	0.882253	0.961724	3
17	60000001	1.27089	0.961724	3
17	61000001	0.795174	0.961724	3
17	62000001	1.34352	0.961724	3
17	63000001	1.0298	0.961724	3
17	64000001	0.839725	0.961724	3
17	65000001	0.957779	0.961724	3
17	66000001	0.919007	0.961724	3
17	67000001	0.934085	0.961724	3
17	68000001	0.947045	0.961724	3
17	69000001	0.780294	0.961724	3
17	70000001	0.768354	0.961724	3
17	71000001	0.883467	0.961724	3
17	72000001	1.09191	0.961724	3
17	73000001	1.12389	0.961724	3
17	74000001	1.01121	0.961724	3
17	75000001	0.925448	0.961724	3
17	76000001	0.947143	0.961724	3
17	77000001	1.45857	1.09306	3
17	78000001	1.06891	1.09306	3
17	79000001	1.11721	1.09306	3
17	80000001	1.04722	1.09306	3
17	81000001	2.45865	2.45865	7
17	82000001	0.966932	1.00405	3
17	83000001	1.04116	1.00405	3
18	1	2.79303	2.79303	8
18	1000001	1.18675	1.29076	4
18	2000001	1.30087	1.29076	4
18	3000001	1.21869	1.29076	4
18	4000001	1.36489	1.29076	4
18	5000001	1.26554	1.29076	4
18	6000001	1.33847	1.29076	4
18	7000001	1.34303	1.29076	4
18	8000001	1.30004	1.29076	4
18	9000001	1.28148	1.29076	4
18	10000001	1.2074	1.29076	4
18	11000001	0.863311	0.931921	3
18	12000001	0.866539	0.931921	3
18	13000001	1.03646	0.931921	3
18	14000001	0.997303	0.931921	3
18	15000001	1.24053	1.38346	4
18	16000001	1.36734	1.38346	4
18	17000001	1.29833	1.38346	4
18	18000001	1.70922	1.38346	4
18	19000001	1.73539	1.38346	4
18	20000001	1.74982	1.38346	4
18	21000001	0.95561	1.38346	4
18	22000001	1.22968	1.38346	4
18	23000001	1.35765	1.38346	4
18	24000001	1.54286	1.38346	4
18	25000001	1.98342	1.38346	4
18	26000001	1.79612	1.38346	4
18	27000001	1.38346	1.38346	4
18	28000001	1.12906	1.20025	4
18	29000001	1.13174	1.20025	4
18	30000001	0.972474	1.20025	4
18	31000001	1.03397	1.20025	4
18	32000001	1.36368	1.20025	4
18	33000001	1.38345	1.20025	4
18	34000001	1.20025	1.20025	4
18	35000001	1.4205	1.20025	4
18	36000001	1.42318	1.20025	4
18	37000001	1.45106	1.20025	4
18	38000001	1.19373	1.20025	4
18	39000001	0.748343	0.723691	2
18	40000001	0.725992	0.723691	2
18	41000001	0.812319	0.723691	2
18	42000001	0.801014	0.723691	2
18	43000001	0.626293	0.723691	2
18	44000001	0.761668	0.723691	2
18	45000001	0.755692	0.723691	2
18	46000001	0.758593	0.723691	2
18	47000001	0.754979	0.723691	2
18	48000001	0.639994	0.723691	2
18	49000001	0.640181	0.723691	2
18	50000001	0.578994	0.723691	2
18	51000001	0.798018	0.723691	2
18	52000001	0.769654	0.723691	2
18	53000001	0.695024	0.723691	2
18	54000001	0.78219	0.723691	2
18	55000001	0.655294	0.723691	2
18	56000001	0.672617	0.723691	2
18	57000001	0.745886	0.723691	2
18	58000001	0.730003	0.723691	2
18	59000001	0.618004	0.723691	2
18	60000001	0.803427	0.723691	2
18	61000001	1.19365	0.723691	2
18	62000001	0.679105	0.723691	2
18	63000001	0.690172	0.723691	2
18	64000001	0.532523	0.723691	2
18	65000001	0.55039	0.723691	2
18	66000001	0.407962	0.723691	2
18	67000001	0.509059	0.723691	2
18	68000001	0.617142	0.723691	2
18	69000001	0.737493	0.723691	2
18	70000001	0.711504	0.723691	2
18	71000001	0.733722	0.723691	2
18	72000001	0.636571	0.723691	2
18	73000001	0.710463	0.723691	2
18	74000001	0.572979	0.723691	2
18	75000001	0.924969	0.723691	2
18	76000001	0.718075	0.723691	2
18	77000001	0.964941	0.723691	2
18	78000001	0.785996	0.723691	2
18	79000001	0.721391	0.723691	2
18	80000001	0.730374	0.723691	2
19	1	0.86802	1.05312	3
19	1000001	1.11582	1.05312	3
19	2000001	0.974815	1.05312	3
19	3000001	1.05754	1.05312	3
19	4000001	0.981708	1.05312	3
19	5000001	1.18247	1.05312	3
19	6000001	0.992487	1.05312	3
19	7000001	0.977019	1.05312	3
19	8000001	1.12191	1.05312	3
19	9000001	1.20818	1.05312	3
19	10000001	1.20039	1.05312	3
19	11000001	1.05312	1.05312	3
19	12000001	1.18001	1.05312	3
19	13000001	0.934503	1.05312	3
19	14000001	0.895111	1.05312	3
19	15000001	0.968024	1.05312	3
19	16000001	1.12225	1.05312	3
19	17000001	1.11157	1.05312	3
19	18000001	1.12334	1.05312	3
19	19000001	1.06181	1.05312	3
19	20000001	0.955234	1.05312	3
19	21000001	0.887889	1.05312	3
19	22000001	0.875024	1.05312	3
19	23000001	1.13994	1.13337	3
19	24000001	1.12679	1.13337	3
19	25000001	1.73451	1.69114	5
19	26000001	1.64777	1.69114	5
19	27000001	1.31783	1.31783	4
19	28000001	0.766221	0.72846	2
19	29000001	0.6907	0.72846	2
19	30000001	1.03516	1.13938	3
19	31000001	1.2012	1.13938	3
19	32000001	1.00175	1.13938	3
19	33000001	1.29797	1.13938	3
19	34000001	1.08949	1.13938	3
19	35000001	1.03645	1.13938	3
19	36000001	1.23217	1.13938	3
19	37000001	1.18927	1.13938	3
19	38000001	0.994961	1.01583	3
19	39000001	1.02595	1.01583	3
19	40000001	1.03112	1.01583	3
19	41000001	1.09353	1.01583	3
19	42000001	1.12057	1.01583	3
19	43000001	0.881752	1.01583	3
19	44000001	1.00569	1.01583	3
19	45000001	0.994241	1.01583	3
19	46000001	1.05058	1.01583	3
19	47000001	1.01583	1.01583	3
19	48000001	1.06906	1.01583	3
19	49000001	0.953736	1.01583	3
19	50000001	0.987759	1.01583	3
19	51000001	0.900895	1.01583	3
19	52000001	0.968063	1.01583	3
19	53000001	1.16595	1.01583	3
19	54000001	1.23082	1.01583	3
19	55000001	0.994183	1.01583	3
19	56000001	1.10673	1.01583	3
19	57000001	1.02006	1.01583	3
19	58000001	0.895145	1.01583	3
2	1	1.16929	1.16592	3
2	1000001	1.19672	1.16592	3
2	2000001	1.08462	1.16592	3
2	3000001	1.1541	1.16592	3
2	4000001	1.31999	1.16592	3
2	5000001	1.01896	1.16592	3
2	6000001	1.02982	1.16592	3
2	7000001	0.894444	1.16592	3
2	8000001	0.918045	1.16592	3
2	9000001	1.02158	1.16592	3
2	10000001	1.19929	1.16592	3
2	11000001	1.24687	1.16592	3
2	12000001	1.12401	1.16592	3
2	13000001	1.18363	1.16592	3
2	14000001	1.2902	1.16592	3
2	15000001	1.34311	1.16592	3
2	16000001	1.08432	1.16592	3
2	17000001	1.25429	1.16592	3
2	18000001	1.63874	1.16592	3
2	19000001	1.38449	1.16592	3
2	20000001	1.32497	1.16592	3
2	21000001	1.19294	1.16592	3
2	22000001	1.15901	1.16592	3
2	23000001	0.94952	1.16592	3
2	24000001	1.03828	1.16592	3
2	25000001	1.05698	1.16592	3
2	26000001	1.0369	1.16592	3
2	27000001	0.974371	1.16592	3
2	28000001	0.972744	1.16592	3
2	29000001	1.115	1.16592	3
2	30000001	1.01424	1.16592	3
2	31000001	1.08748	1.16592	3
2	32000001	1.31542	1.16592	3
2	33000001	1.28094	1.16592	3
2	34000001	1.30997	1.16592	3
2	35000001	1.40974	1.16592	3
2	36000001	1.12744	1.16592	3
2	37000001	1.15004	1.16592	3
2	38000001	1.21966	1.16592	3
2	39000001	0.971947	1.16592	3
2	40000001	0.924134	1.16592	3
2	41000001	1.05383	1.16592	3
2	42000001	0.943028	1.16592	3
2	43000001	0.915154	1.16592	3
2	44000001	0.82409	1.16592	3
2	45000001	0.93439	1.16592	3
2	46000001	0.894592	1.16592	3
2	47000001	1.09169	1.16592	3
2	48000001	1.06173	1.16592	3
2	49000001	1.26058	1.16592	3
2	50000001	0.847472	1.16592	3
2	51000001	0.90652	1.16592	3
2	52000001	1.132	1.16592	3
2	53000001	1.33843	1.16592	3
2	54000001	1.36026	1.16592	3
2	55000001	1.1577	1.16592	3
2	56000001	1.35855	1.16592	3
2	57000001	1.62075	1.16592	3
2	58000001	1.10467	1.16592	3
2	59000001	1.13847	1.16592	3
2	60000001	1.12369	1.16592	3
2	61000001	1.24731	1.16592	3
2	62000001	0.910343	1.16592	3
2	63000001	1.17414	1.16592	3
2	64000001	0.830383	1.16592	3
2	65000001	0.812424	1.16592	3
2	66000001	1.19857	1.16592	3
2	67000001	0.961271	1.16592	3
2	68000001	1.03874	1.16592	3
2	69000001	1.00446	1.16592	3
2	70000001	0.880066	1.16592	3
2	71000001	1.2703	1.16592	3
2	72000001	1.44843	1.16592	3
2	73000001	1.30707	1.16592	3
2	74000001	1.18394	1.16592	3
2	75000001	1.29565	1.16592	3
2	76000001	1.5778	1.16592	3
2	77000001	1.05248	1.16592	3
2	78000001	1.1727	1.16592	3
2	79000001	1.27962	1.16592	3
2	80000001	1.46707	1.16592	3
2	81000001	1.23958	1.16592	3
2	82000001	1.13336	1.16592	3
2	83000001	1.63515	1.16592	3
2	84000001	1.34483	1.16592	3
2	85000001	1.04983	1.16592	3
2	86000001	0.942055	1.16592	3
2	87000001	0.984466	1.16592	3
2	88000001	1.20197	1.16592	3
2	89000001	1.18956	1.16592	3
2	90000001	2.02841	1.16592	3
2	91000001	1.09633	1.16592	3
2	92000001	1.73033	1.16592	3
2	93000001	1.34557	1.16592	3
2	94000001	1.34363	1.16592	3
2	95000001	1.19024	1.16592	3
2	96000001	1.16592	1.16592	3
2	97000001	1.17083	1.16592	3
2	98000001	1.31764	1.16592	3
2	99000001	1.70008	1.16592	3
2	100000001	1.22297	1.16592	3
2	101000001	1.08876	1.16592	3
2	102000001	1.12959	1.16592	3
2	103000001	1.45301	1.16592	3
2	104000001	1.22813	1.16592	3
2	105000001	1.16079	1.16592	3
2	106000001	0.977895	1.16592	3
2	107000001	1.28704	1.16592	3
2	108000001	1.51618	1.16592	3
2	109000001	1.02515	1.16592	3
2	110000001	1.3353	1.16592	3
2	111000001	1.10857	1.16592	3
2	112000001	1.13643	1.16592	3
2	113000001	1.02886	1.16592	3
2	114000001	1.20903	1.16592	3
2	115000001	1.39481	1.16592	3
2	116000001	1.09686	1.16592	3
2	117000001	1.30644	1.16592	3
2	118000001	1.40875	1.16592	3
2	119000001	1.35393	1.16592	3
2	120000001	0.98147	1.16592	3
2	121000001	0.980642	1.16592	3
2	122000001	1.23895	1.16592	3
2	123000001	1.41458	1.16592	3
2	124000001	1.68629	1.16592	3
2	125000001	1.30714	1.16592	3
2	126000001	1.19044	1.16592	3
2	127000001	1.18116	1.16592	3
2	128000001	1.27451	1.16592	3
2	129000001	1.24426	1.16592	3
2	130000001	1.43237	1.16592	3
2	131000001	0.981669	1.16592	3
2	132000001	1.12162	1.16592	3
2	133000001	1.3182	1.16592	3
2	134000001	1.07052	1.16592	3
2	135000001	1.00592	1.16592	3
2	136000001	1.22631	1.16592	3
2	137000001	1.04267	1.16592	3
2	138000001	1.31646	1.16592	3
2	139000001	1.08127	1.16592	3
2	140000001	1.08487	1.16592	3
2	141000001	0.812925	1.16592	3
2	142000001	1.5202	1.16592	3
2	143000001	1.36749	1.16592	3
2	144000001	1.11325	1.16592	3
2	145000001	1.16423	1.16592	3
2	146000001	0.798431	1.16592	3
2	147000001	0.863062	1.16592	3
2	148000001	1.38127	1.16592	3
2	149000001	2.11495	1.92227	6
2	150000001	1.7296	1.92227	6
2	151000001	1.26427	1.34542	4
2	152000001	1.47706	1.34542	4
2	153000001	1.7394	1.34542	4
2	154000001	1.16963	1.34542	4
2	155000001	1.41251	1.34542	4
2	156000001	1.08168	1.34542	4
2	157000001	1.79072	1.34542	4
2	158000001	1.41083	1.34542	4
2	159000001	1.2379	1.34542	4
2	160000001	1.4211	1.34542	4
2	161000001	1.71399	1.34542	4
2	162000001	1.07109	1.34542	4
2	163000001	1.4848	1.34542	4
2	164000001	1.31818	1.34542	4
2	165000001	1.50854	1.34542	4
2	166000001	1.34542	1.34542	4
2	167000001	1.63744	1.34542	4
2	168000001	1.51953	1.34542	4
2	169000001	1.58713	1.34542	4
2	170000001	1.21325	1.34542	4
2	171000001	1.19162	1.34542	4
2	172000001	1.38995	1.34542	4
2	173000001	1.20585	1.34542	4
2	174000001	1.39308	1.34542	4
2	175000001	1.2479	1.34542	4
2	176000001	1.2931	1.34542	4
2	177000001	1.2081	1.34542	4
2	178000001	1.26665	1.34542	4
2	179000001	1.13152	1.34542	4
2	180000001	1.18401	1.34542	4
2	181000001	1.34819	1.34542	4
2	182000001	1.30421	1.34542	4
2	183000001	1.46593	1.34542	4
2	184000001	1.45284	1.34542	4
2	185000001	1.25158	1.34542	4
2	186000001	1.26917	1.34542	4
2	187000001	1.43032	1.34542	4
2	188000001	0.696073	0.747812	2
2	189000001	0.642686	0.747812	2
2	190000001	0.622052	0.747812	2
2	191000001	0.590954	0.747812	2
2	192000001	0.747812	0.747812	2
2	193000001	0.681682	0.747812	2
2	194000001	1.47869	0.747812	2
2	195000001	0.829995	0.747812	2
2	196000001	0.926766	0.747812	2
2	197000001	0.873528	0.747812	2
2	198000001	0.938628	0.747812	2
2	199000001	0.800282	0.747812	2
2	200000001	0.79286	0.747812	2
2	201000001	0.570012	0.747812	2
2	202000001	0.6258	0.747812	2
2	203000001	0.87427	0.747812	2
2	204000001	0.58045	0.747812	2
2	205000001	0.752765	0.747812	2
2	206000001	0.931082	0.747812	2
2	207000001	0.64355	0.747812	2
2	208000001	0.707954	0.747812	2
2	209000001	0.695388	0.747812	2
2	210000001	1.0061	0.747812	2
2	211000001	0.419328	0.747812	2
2	212000001	0.680487	0.747812	2
2	213000001	0.748032	0.747812	2
2	214000001	0.517017	0.747812	2
2	215000001	0.68006	0.747812	2
2	216000001	0.700198	0.747812	2
2	217000001	0.739396	0.747812	2
2	218000001	0.872385	0.747812	2
2	219000001	0.747737	0.747812	2
2	220000001	1.30831	0.747812	2
2	221000001	0.823886	0.747812	2
2	222000001	0.973071	0.747812	2
2	223000001	0.778334	0.747812	2
2	224000001	0.735714	0.747812	2
2	225000001	1.4181	0.747812	2
2	226000001	0.817551	0.747812	2
2	227000001	0.852919	0.747812	2
2	228000001	0.669869	0.747812	2
2	229000001	0.879085	0.747812	2
2	230000001	0.72353	0.747812	2
2	231000001	0.826758	0.747812	2
2	232000001	0.713028	0.747812	2
2	233000001	0.639051	0.747812	2
2	234000001	0.739219	0.747812	2
2	235000001	0.923785	0.747812	2
2	236000001	0.774993	0.747812	2
2	237000001	0.651703	0.747812	2
2	238000001	1.09282	0.747812	2
2	239000001	0.628457	0.747812	2
2	240000001	0.673734	0.747812	2
2	241000001	0.873838	0.747812	2
2	242000001	1.01032	0.747812	2
20	1	2.19458	2.19458	7
20	1000001	0.705014	0.676514	2
20	2000001	0.679999	0.676514	2
20	3000001	0.68859	0.676514	2
20	4000001	0.663843	0.676514	2
20	5000001	0.606418	0.676514	2
20	6000001	0.782811	0.676514	2
20	7000001	0.543338	0.676514	2
20	8000001	0.629017	0.676514	2
20	9000001	0.67303	0.676514	2
20	10000001	0.556609	0.676514	2
20	11000001	0.727711	0.676514	2
20	12000001	0.705913	0.676514	2
20	13000001	0.573762	0.676514	2
20	14000001	0.724362	0.676514	2
20	15000001	0.458646	0.676514	2
20	16000001	0.668824	0.676514	2
20	17000001	0.688526	0.676514	2
20	18000001	0.85159	0.676514	2
20	19000001	0.664282	0.676514	2
20	20000001	0.69119	0.676514	2
20	21000001	0.619746	0.676514	2
20	22000001	0.718636	0.676514	2
20	23000001	0.868348	0.8484	3
20	24000001	0.720926	0.8484	3
20	25000001	0.753153	0.8484	3
20	26000001	0.851022	0.8484	3
20	27000001	0.769322	0.8484	3
20	28000001	0.877439	0.8484	3
20	29000001	0.932554	0.8484	3
20	30000001	0.845777	0.8484	3
20	31000001	1.2862	1.08459	3
20	32000001	1.00452	1.08459	3
20	33000001	1.08836	1.08459	3
20	34000001	0.859971	1.08459	3
20	35000001	0.935491	1.08459	3
20	36000001	1.08753	1.08459	3
20	37000001	1.08459	1.08459	3
20	38000001	1.17728	1.08459	3
20	39000001	1.0282	1.08459	3
20	40000001	1.12751	1.08459	3
20	41000001	1.09705	1.08459	3
20	42000001	0.814462	1.08459	3
20	43000001	1.2451	1.08459	3
20	44000001	0.903995	1.08459	3
20	45000001	1.10201	1.08459	3
20	46000001	1.03764	1.08459	3
20	47000001	1.01469	1.08459	3
20	48000001	1.21161	1.08459	3
20	49000001	1.00775	1.08459	3
20	50000001	1.0907	1.08459	3
20	51000001	1.19737	1.08459	3
20	52000001	0.900269	1.08459	3
20	53000001	0.901832	1.08459	3
20	54000001	1.10603	1.10603	3
20	55000001	1.07177	1.10603	3
20	56000001	1.14427	1.10603	3
20	57000001	1.14756	1.10603	3
20	58000001	1.10118	1.10603	3
20	59000001	1.12636	1.10603	3
20	60000001	1.06292	1.10603	3
20	61000001	1.08941	1.10603	3
20	62000001	1.06921	1.10603	3
20	63000001	1.16943	1.10603	3
20	64000001	1.29319	1.10603	3
21	1	-1	-1	5
21	1000001	-1	-1	5
21	2000001	-1	-1	5
21	3000001	-1	-1	5
21	4000001	-1	-1	5
21	5000001	1.88733	1.59415	5
21	6000001	1.30097	1.59415	5
21	7000001	2.27247	2.02277	6
21	8000001	1.77308	2.02277	6
21	9000001	1.47731	2.02277	6
21	10000001	2.3187	2.02277	6
21	11000001	0.645152	0.893298	3
21	12000001	0.694045	0.893298	3
21	13000001	0.913788	0.893298	3
21	14000001	0.916127	0.893298	3
21	15000001	1.00589	0.893298	3
21	16000001	1.06159	0.893298	3
21	17000001	1.03628	0.893298	3
21	18000001	0.83115	0.893298	3
21	19000001	0.983372	0.893298	3
21	20000001	0.840096	0.893298	3
21	21000001	0.757167	0.893298	3
21	22000001	0.859321	0.893298	3
21	23000001	0.872808	0.893298	3
21	24000001	1.06211	0.893298	3
21	25000001	1.17419	1.35682	4
21	26000001	1.35564	1.35682	4
21	27000001	1.45444	1.35682	4
21	28000001	1.42143	1.35682	4
21	29000001	1.08638	1.35682	4
21	30000001	1.2457	1.35682	4
21	31000001	1.27866	1.35682	4
21	32000001	1.34417	1.35682	4
21	33000001	1.24535	1.35682	4
21	34000001	1.26231	1.35682	4
21	35000001	1.54212	1.35682	4
21	36000001	1.50947	1.35682	4
21	37000001	1.32334	1.35682	4
21	38000001	1.42682	1.35682	4
21	39000001	1.358	1.35682	4
21	40000001	1.27515	1.35682	4
21	41000001	1.39545	1.35682	4
21	42000001	1.53616	1.35682	4
21	43000001	1.61384	1.35682	4
21	44000001	1.43465	1.35682	4
21	45000001	1.31003	1.35682	4
21	46000001	1.58216	1.35682	4
22	1	-1	-1	3
22	1000001	-1	-1	3
22	2000001	-1	-1	3
22	3000001	-1	-1	3
22	4000001	-1	-1	3
22	5000001	-1	-1	3
22	6000001	-1	-1	3
22	7000001	-1	-1	3
22	8000001	-1	-1	3
22	9000001	-1	-1	3
22	10000001	1.05503	1.08029	3
22	11000001	1.36243	1.08029	3
22	12000001	1.65471	1.08029	3
22	13000001	0.662068	1.08029	3
22	14000001	0.644166	1.08029	3
22	15000001	1.10555	1.08029	3
22	16000001	2.58759	1.39163	4
22	17000001	1.39163	1.39163	4
22	18000001	1.15833	1.39163	4
22	19000001	3.32628	3.56862	11
22	20000001	3.68331	3.56862	11
22	21000001	3.56862	3.56862	11
22	22000001	5.88756	3.56862	11
22	23000001	2.64094	3.56862	11
22	24000001	0.937731	0.740474	2
22	25000001	0.826651	0.740474	2
22	26000001	0.628497	0.740474	2
22	27000001	0.589895	0.740474	2
22	28000001	0.734432	0.740474	2
22	29000001	0.69976	0.740474	2
22	30000001	0.774132	0.740474	2
22	31000001	0.712292	0.740474	2
22	32000001	0.7319	0.740474	2
22	33000001	0.728053	0.740474	2
22	34000001	0.719072	0.740474	2
22	35000001	0.908458	0.740474	2
22	36000001	0.783634	0.740474	2
22	37000001	0.855122	0.740474	2
22	38000001	0.740474	0.740474	2
22	39000001	0.615018	0.740474	2
22	40000001	0.612854	0.740474	2
22	41000001	0.66299	0.740474	2
22	42000001	0.803467	0.740474	2
22	43000001	0.838964	0.740474	2
22	44000001	0.76018	0.740474	2
22	45000001	0.682426	0.740474	2
22	46000001	0.762601	0.740474	2
22	47000001	0.757623	0.740474	2
22	48000001	0.78948	0.740474	2
22	49000001	0.729262	0.740474	2
22	50000001	0.806054	0.740474	2
3	1	1.14731	1.15541	3
3	1000001	1.15541	1.15541	3
3	2000001	1.3871	1.15541	3
3	3000001	1.58641	1.62707	5
3	4000001	1.63543	1.62707	5
3	5000001	1.72198	1.62707	5
3	6000001	2.05113	1.62707	5
3	7000001	1.44412	1.62707	5
3	8000001	1.60889	1.62707	5
3	9000001	1.60682	1.62707	5
3	10000001	1.8495	1.62707	5
3	11000001	1.45721	1.62707	5
3	12000001	1.70208	1.62707	5
3	13000001	1.67105	1.62707	5
3	14000001	1.63129	1.62707	5
3	15000001	1.69404	1.62707	5
3	16000001	1.77046	1.62707	5
3	17000001	1.88644	1.62707	5
3	18000001	1.41164	1.62707	5
3	19000001	1.62707	1.62707	5
3	20000001	1.64656	1.62707	5
3	21000001	1.65411	1.62707	5
3	22000001	1.62517	1.62707	5
3	23000001	1.63459	1.62707	5
3	24000001	1.39696	1.62707	5
3	25000001	1.60048	1.62707	5
3	26000001	1.77861	1.62707	5
3	27000001	1.65509	1.62707	5
3	28000001	1.45636	1.62707	5
3	29000001	1.64712	1.62707	5
3	30000001	1.57264	1.62707	5
3	31000001	1.70913	1.62707	5
3	32000001	1.73727	1.62707	5
3	33000001	1.694	1.62707	5
3	34000001	1.28663	1.62707	5
3	35000001	1.54557	1.62707	5
3	36000001	1.54223	1.62707	5
3	37000001	1.56419	1.62707	5
3	38000001	1.61593	1.62707	5
3	39000001	1.54275	1.62707	5
3	40000001	1.89947	1.62707	5
3	41000001	1.64098	1.62707	5
3	42000001	1.62149	1.62707	5
3	43000001	1.43492	1.62707	5
3	44000001	1.62108	1.62707	5
3	45000001	1.51556	1.62707	5
3	46000001	1.88649	1.62707	5
3	47000001	1.33306	1.62707	5
3	48000001	1.01557	0.964146	3
3	49000001	1.00658	0.964146	3
3	50000001	0.963077	0.964146	3
3	51000001	1.06371	0.964146	3
3	52000001	1.05493	0.964146	3
3	53000001	1.13406	0.964146	3
3	54000001	0.90547	0.964146	3
3	55000001	0.940658	0.964146	3
3	56000001	0.813134	0.964146	3
3	57000001	0.871861	0.964146	3
3	58000001	1.14917	0.964146	3
3	59000001	0.794207	0.964146	3
3	60000001	0.782542	0.964146	3
3	61000001	0.849038	0.964146	3
3	62000001	1.0906	0.964146	3
3	63000001	1.10691	0.964146	3
3	64000001	1.13735	0.964146	3
3	65000001	0.958188	0.964146	3
3	66000001	1.0679	0.964146	3
3	67000001	0.869007	0.964146	3
3	68000001	1.0417	0.964146	3
3	69000001	0.995823	0.964146	3
3	70000001	0.861621	0.964146	3
3	71000001	0.897522	0.964146	3
3	72000001	0.975771	0.964146	3
3	73000001	0.815827	0.964146	3
3	74000001	0.983849	0.964146	3
3	75000001	1.24249	0.964146	3
3	76000001	0.993897	0.964146	3
3	77000001	0.870715	0.964146	3
3	78000001	1.01146	0.964146	3
3	79000001	0.964146	0.964146	3
3	80000001	0.775232	0.964146	3
3	81000001	0.944123	0.964146	3
3	82000001	0.936394	0.964146	3
3	83000001	0.821563	0.964146	3
3	84000001	1.03083	0.964146	3
3	85000001	0.667462	0.683288	2
3	86000001	0.70856	0.683288	2
3	87000001	0.860959	0.683288	2
3	88000001	0.740618	0.683288	2
3	89000001	0.697152	0.683288	2
3	90000001	0.697429	0.683288	2
3	91000001	0.6214	0.683288	2
3	92000001	0.58653	0.683288	2
3	93000001	0.67653	0.683288	2
3	94000001	0.708263	0.683288	2
3	95000001	0.639347	0.683288	2
3	96000001	0.48828	0.683288	2
3	97000001	0.677087	0.683288	2
3	98000001	0.5878	0.683288	2
3	99000001	0.79349	0.683288	2
3	100000001	0.907979	0.683288	2
3	101000001	0.557037	0.683288	2
3	102000001	0.560358	0.683288	2
3	103000001	0.580102	0.683288	2
3	104000001	0.717027	0.683288	2
3	105000001	0.687973	0.683288	2
3	106000001	0.686418	0.683288	2
3	107000001	0.717038	0.683288	2
3	108000001	0.745829	0.683288	2
3	109000001	0.67758	0.683288	2
3	110000001	0.666357	0.683288	2
3	111000001	0.693311	0.683288	2
3	112000001	0.547918	0.683288	2
3	113000001	0.628655	0.683288	2
3	114000001	0.599299	0.683288	2
3	115000001	0.663234	0.683288	2
3	116000001	0.657313	0.683288	2
3	117000001	0.582358	0.683288	2
3	118000001	0.671765	0.683288	2
3	119000001	0.639944	0.683288	2
3	120000001	0.73932	0.683288	2
3	121000001	0.800754	0.683288	2
3	122000001	0.897268	0.683288	2
3	123000001	0.685508	0.683288	2
3	124000001	0.673344	0.683288	2
3	125000001	0.692197	0.683288	2
3	126000001	0.729296	0.683288	2
3	127000001	0.848831	0.683288	2
3	128000001	0.709058	0.683288	2
3	129000001	0.821516	0.683288	2
3	130000001	0.683288	0.683288	2
3	131000001	0.647247	0.683288	2
3	132000001	0.882855	0.683288	2
3	133000001	0.82545	0.683288	2
3	134000001	0.656033	0.683288	2
3	135000001	0.64821	0.683288	2
3	136000001	0.5696	0.683288	2
3	137000001	0.713591	0.683288	2
3	138000001	0.98066	0.951901	3
3	139000001	0.773167	0.951901	3
3	140000001	1.0276	0.951901	3
3	141000001	1.12947	0.951901	3
3	142000001	0.863167	0.951901	3
3	143000001	1.21023	0.951901	3
3	144000001	0.890991	0.951901	3
3	145000001	0.802469	0.951901	3
3	146000001	0.888468	0.951901	3
3	147000001	0.951901	0.951901	3
3	148000001	1.21135	0.951901	3
3	149000001	0.922166	0.951901	3
3	150000001	1.01137	0.951901	3
3	151000001	1.05246	0.951901	3
3	152000001	0.846668	0.951901	3
3	153000001	0.813284	0.951901	3
3	154000001	0.906305	0.951901	3
3	155000001	1.02633	0.951901	3
3	156000001	1.06666	0.951901	3
3	157000001	1.03336	0.951901	3
3	158000001	0.919979	0.951901	3
3	159000001	1.10424	0.951901	3
3	160000001	0.949232	0.951901	3
3	161000001	0.881755	0.951901	3
3	162000001	1.08389	0.951901	3
3	163000001	0.755931	0.951901	3
3	164000001	0.865709	0.951901	3
3	165000001	0.828033	0.951901	3
3	166000001	0.784629	0.951901	3
3	167000001	0.971563	0.951901	3
3	168000001	1.00307	0.951901	3
3	169000001	0.875795	0.951901	3
3	170000001	1.07519	0.951901	3
3	171000001	0.907936	0.951901	3
3	172000001	1.05505	0.951901	3
3	173000001	1.05656	0.951901	3
3	174000001	0.926733	0.951901	3
3	175000001	1.0457	0.951901	3
3	176000001	0.993838	0.951901	3
3	177000001	1.02556	0.951901	3
3	178000001	0.930066	0.951901	3
3	179000001	0.918851	0.951901	3
3	180000001	1.1718	0.951901	3
3	181000001	1.15156	0.951901	3
3	182000001	0.922157	0.951901	3
3	183000001	0.981307	0.951901	3
3	184000001	1.05301	0.951901	3
3	185000001	0.954982	0.951901	3
3	186000001	1.00369	0.951901	3
3	187000001	0.906474	0.951901	3
3	188000001	0.941062	0.951901	3
3	189000001	0.7391	0.951901	3
3	190000001	0.967609	0.951901	3
3	191000001	1.05775	0.951901	3
3	192000001	0.87404	0.951901	3
3	193000001	0.914906	0.951901	3
3	194000001	0.933846	0.951901	3
3	195000001	1.193	1.12012	3
3	196000001	1.05931	1.12012	3
3	197000001	1.08556	1.12012	3
3	198000001	1.15469	1.12012	3
4	1	0.99213	1.01192	3
4	1000001	0.911489	1.01192	3
4	2000001	1.09348	1.01192	3
4	3000001	1.02539	1.01192	3
4	4000001	1.03361	1.01192	3
4	5000001	1.01507	1.01192	3
4	6000001	1.11856	1.01192	3
4	7000001	1.12497	1.01192	3
4	8000001	1.05895	1.01192	3
4	9000001	1.32778	1.01192	3
4	10000001	1.12943	1.01192	3
4	11000001	0.699864	1.01192	3
4	12000001	0.906346	1.01192	3
4	13000001	1.00626	1.01192	3
4	14000001	0.939753	1.01192	3
4	15000001	0.877501	1.01192	3
4	16000001	0.995655	1.01192	3
4	17000001	1.00772	1.01192	3
4	18000001	1.00878	1.01192	3
4	19000001	1.03027	1.01192	3
4	20000001	0.808503	1.01192	3
4	21000001	0.85737	1.01192	3
4	22000001	1.0308	1.01192	3
4	23000001	0.900226	1.01192	3
4	24000001	1.06823	1.01192	3
4	25000001	1.0509	1.01192	3
4	26000001	0.951864	1.01192	3
4	27000001	1.07528	1.01192	3
4	28000001	0.865533	0.800669	2
4	29000001	0.756649	0.800669	2
4	30000001	0.800669	0.800669	2
4	31000001	0.544929	0.800669	2
4	32000001	0.744693	0.800669	2
4	33000001	0.718447	0.800669	2
4	34000001	0.635795	0.800669	2
4	35000001	0.999031	0.800669	2
4	36000001	1.05722	0.800669	2
4	37000001	1.00826	0.800669	2
4	38000001	0.917249	0.800669	2
4	39000001	1.8063	1.8063	5
4	40000001	0.870896	0.962021	3
4	41000001	0.914674	0.962021	3
4	42000001	0.89378	0.962021	3
4	43000001	1.41358	0.962021	3
4	44000001	0.996566	0.962021	3
4	45000001	0.970897	0.962021	3
4	46000001	0.940805	0.962021	3
4	47000001	1.06696	0.962021	3
4	48000001	0.687251	0.962021	3
4	49000001	1.24559	0.962021	3
4	50000001	0.792337	0.962021	3
4	51000001	0.945827	0.962021	3
4	52000001	1.26117	0.962021	3
4	53000001	0.931065	0.962021	3
4	54000001	0.89863	0.962021	3
4	55000001	1.0199	0.962021	3
4	56000001	1.0214	0.962021	3
4	57000001	1.00014	0.962021	3
4	58000001	0.851737	0.962021	3
4	59000001	0.978869	0.962021	3
4	60000001	0.827229	0.962021	3
4	61000001	0.827561	0.962021	3
4	62000001	0.843077	0.962021	3
4	63000001	0.536575	0.962021	3
4	64000001	0.855314	0.962021	3
4	65000001	0.845822	0.962021	3
4	66000001	0.85015	0.962021	3
4	67000001	1.11243	0.962021	3
4	68000001	1.14766	0.962021	3
4	69000001	1.08643	0.962021	3
4	70000001	1.2082	0.962021	3
4	71000001	1.00279	0.962021	3
4	72000001	1.01465	0.962021	3
4	73000001	1.08869	0.962021	3
4	74000001	1.01222	0.962021	3
4	75000001	0.982503	0.962021	3
4	76000001	0.851563	0.962021	3
4	77000001	1.05598	0.962021	3
4	78000001	1.04204	0.962021	3
4	79000001	0.826092	0.962021	3
4	80000001	0.962581	0.962021	3
4	81000001	0.83172	0.962021	3
4	82000001	0.902344	0.962021	3
4	83000001	0.798203	0.962021	3
4	84000001	0.973342	0.962021	3
4	85000001	0.782368	0.962021	3
4	86000001	0.882865	0.962021	3
4	87000001	1.06271	0.962021	3
4	88000001	0.852344	0.962021	3
4	89000001	0.990422	0.962021	3
4	90000001	1.23029	0.962021	3
4	91000001	1.12399	0.962021	3
4	92000001	0.96146	0.962021	3
4	93000001	0.908241	0.962021	3
4	94000001	0.804265	0.962021	3
4	95000001	0.953897	0.962021	3
4	96000001	0.885071	0.962021	3
4	97000001	1.04899	0.962021	3
4	98000001	1.01378	0.962021	3
4	99000001	1.04492	0.962021	3
4	100000001	1.01632	0.962021	3
4	101000001	1.05515	0.962021	3
4	102000001	0.927728	0.962021	3
4	103000001	0.909308	0.962021	3
4	104000001	2.02502	2.02502	6
4	105000001	0.909452	0.940398	3
4	106000001	1.06539	0.940398	3
4	107000001	1.13927	0.940398	3
4	108000001	1.06761	0.940398	3
4	109000001	0.97048	0.940398	3
4	110000001	1.12362	0.940398	3
4	111000001	1.05998	0.940398	3
4	112000001	1.05822	0.940398	3
4	113000001	1.15752	0.940398	3
4	114000001	1.03717	0.940398	3
4	115000001	0.766045	0.940398	3
4	116000001	0.843061	0.940398	3
4	117000001	0.949581	0.940398	3
4	118000001	0.940652	0.940398	3
4	119000001	1.08684	0.940398	3
4	120000001	0.994226	0.940398	3
4	121000001	0.907876	0.940398	3
4	122000001	0.874256	0.940398	3
4	123000001	0.925032	0.940398	3
4	124000001	0.926489	0.940398	3
4	125000001	0.884222	0.940398	3
4	126000001	0.736101	0.940398	3
4	127000001	0.993889	0.940398	3
4	128000001	0.978825	0.940398	3
4	129000001	1.01596	0.940398	3
4	130000001	0.812577	0.940398	3
4	131000001	0.679364	0.940398	3
4	132000001	0.701083	0.940398	3
4	133000001	0.878574	0.940398	3
4	134000001	0.940862	0.940398	3
4	135000001	0.89542	0.940398	3
4	136000001	0.755618	0.940398	3
4	137000001	0.868273	0.940398	3
4	138000001	0.995961	0.940398	3
4	139000001	0.992521	0.940398	3
4	140000001	0.961471	0.940398	3
4	141000001	0.853467	0.940398	3
4	142000001	0.940144	0.940398	3
4	143000001	0.870976	0.940398	3
4	144000001	1.06577	0.940398	3
4	145000001	0.861136	0.940398	3
4	146000001	1.10003	0.940398	3
4	147000001	1.07739	0.940398	3
4	148000001	0.799595	0.940398	3
4	149000001	1.02365	0.940398	3
4	150000001	0.677248	0.940398	3
4	151000001	0.939866	0.940398	3
4	152000001	0.89868	0.940398	3
4	153000001	0.98993	0.940398	3
4	154000001	1.04973	0.940398	3
4	155000001	0.885699	0.940398	3
4	156000001	1.05691	0.940398	3
4	157000001	0.898129	0.940398	3
4	158000001	0.86472	0.940398	3
4	159000001	0.676577	0.534468	2
4	160000001	0.452722	0.534468	2
4	161000001	0.157646	0.534468	2
4	162000001	0.616215	0.534468	2
4	163000001	0.86224	0.943883	3
4	164000001	0.943388	0.943883	3
4	165000001	0.853077	0.943883	3
4	166000001	0.898597	0.943883	3
4	167000001	0.773344	0.943883	3
4	168000001	0.901523	0.943883	3
4	169000001	1.00212	0.943883	3
4	170000001	0.959717	0.943883	3
4	171000001	0.910742	0.943883	3
4	172000001	1.37261	0.943883	3
4	173000001	0.878372	0.943883	3
4	174000001	1.0277	0.943883	3
4	175000001	0.987684	0.943883	3
4	176000001	1.03368	0.943883	3
4	177000001	1.01351	0.943883	3
4	178000001	1.03174	0.943883	3
4	179000001	0.695435	0.943883	3
4	180000001	0.576623	0.943883	3
4	181000001	0.904305	0.943883	3
4	182000001	0.930979	0.943883	3
4	183000001	0.967826	0.943883	3
4	184000001	0.944378	0.943883	3
4	185000001	1.07231	0.943883	3
4	186000001	0.894319	0.943883	3
4	187000001	0.97245	0.943883	3
4	188000001	1.03427	0.943883	3
4	189000001	0.845174	0.943883	3
4	190000001	2.95382	0.943883	3
5	1	1.38195	1.33674	4
5	1000001	1.31333	1.33674	4
5	2000001	1.34732	1.33674	4
5	3000001	1.11494	1.33674	4
5	4000001	1.46348	1.33674	4
5	5000001	1.34852	1.33674	4
5	6000001	1.24857	1.33674	4
5	7000001	1.36094	1.33674	4
5	8000001	1.41948	1.33674	4
5	9000001	1.28533	1.33674	4
5	10000001	1.33158	1.33674	4
5	11000001	1.21483	1.33674	4
5	12000001	1.37814	1.33674	4
5	13000001	1.31079	1.33674	4
5	14000001	1.30431	1.33674	4
5	15000001	1.24085	1.33674	4
5	16000001	1.46891	1.33674	4
5	17000001	1.3419	1.33674	4
5	18000001	1.04129	0.922474	3
5	19000001	0.636119	0.922474	3
5	20000001	0.889211	0.922474	3
5	21000001	1.45261	0.922474	3
5	22000001	1.22069	0.922474	3
5	23000001	0.776553	0.922474	3
5	24000001	0.659241	0.922474	3
5	25000001	0.836929	0.922474	3
5	26000001	0.978194	0.922474	3
5	27000001	0.894115	0.922474	3
5	28000001	0.77372	0.922474	3
5	29000001	0.950834	0.922474	3
5	30000001	1.06945	0.922474	3
5	31000001	1.02376	0.922474	3
5	32000001	1.26773	1.27627	4
5	33000001	1.51508	1.27627	4
5	34000001	1.18122	1.27627	4
5	35000001	1.54775	1.27627	4
5	36000001	1.20706	1.27627	4
5	37000001	1.27627	1.27627	4
5	38000001	1.42381	1.27627	4
5	39000001	1.1576	1.27627	4
5	40000001	1.21248	1.27627	4
5	41000001	1.31886	1.27627	4
5	42000001	1.31833	1.27627	4
5	43000001	1.44545	1.27627	4
5	44000001	1.2866	1.27627	4
5	45000001	1.26656	1.27627	4
5	46000001	1.06479	1.27627	4
5	47000001	1.48995	1.50548	5
5	48000001	1.68942	1.50548	5
5	49000001	1.50548	1.50548	5
5	50000001	1.03196	0.978668	3
5	51000001	0.918434	0.978668	3
5	52000001	0.996994	0.978668	3
5	53000001	0.951709	0.978668	3
5	54000001	0.92169	0.978668	3
5	55000001	0.889158	0.978668	3
5	56000001	0.873835	0.978668	3
5	57000001	1.03255	0.978668	3
5	58000001	1.06564	0.978668	3
5	59000001	0.981806	0.978668	3
5	60000001	1.53528	0.978668	3
5	61000001	1.0773	0.978668	3
5	62000001	0.906507	0.978668	3
5	63000001	1.0569	0.978668	3
5	64000001	0.868748	0.978668	3
5	65000001	0.816597	0.978668	3
5	66000001	1.1635	0.978668	3
5	67000001	1.02375	0.978668	3
5	68000001	1.01272	0.978668	3
5	69000001	0.975943	0.978668	3
5	70000001	0.832659	0.978668	3
5	71000001	0.86314	0.978668	3
5	72000001	0.981392	0.978668	3
5	73000001	0.968104	0.978668	3
5	74000001	0.859537	0.978668	3
5	75000001	1.06854	0.978668	3
5	76000001	0.846398	0.978668	3
5	77000001	0.944305	0.978668	3
5	78000001	0.9303	0.978668	3
5	79000001	1.09974	0.978668	3
5	80000001	1.10114	0.978668	3
5	81000001	1.13928	0.978668	3
5	82000001	1.01654	0.978668	3
5	83000001	0.913118	0.978668	3
5	84000001	1.03932	0.978668	3
5	85000001	0.870146	0.978668	3
5	86000001	1.89243	1.89243	6
5	87000001	1.04437	0.954132	3
5	88000001	1.00347	0.954132	3
5	89000001	0.959028	0.954132	3
5	90000001	0.738623	0.954132	3
5	91000001	0.892777	0.954132	3
5	92000001	0.812411	0.954132	3
5	93000001	1.00931	0.954132	3
5	94000001	1.15141	0.954132	3
5	95000001	0.780595	0.954132	3
5	96000001	1.06433	0.954132	3
5	97000001	0.874395	0.954132	3
5	98000001	0.782669	0.954132	3
5	99000001	0.898742	0.954132	3
5	100000001	0.9439	0.954132	3
5	101000001	0.954149	0.954132	3
5	102000001	0.881042	0.954132	3
5	103000001	0.845738	0.954132	3
5	104000001	0.906206	0.954132	3
5	105000001	0.925026	0.954132	3
5	106000001	0.929189	0.954132	3
5	107000001	1.03718	0.954132	3
5	108000001	0.892987	0.954132	3
5	109000001	0.906258	0.954132	3
5	110000001	1.25177	0.954132	3
5	111000001	0.890325	0.954132	3
5	112000001	0.973251	0.954132	3
5	113000001	0.935414	0.954132	3
5	114000001	0.976327	0.954132	3
5	115000001	0.934543	0.954132	3
5	116000001	0.759279	0.954132	3
5	117000001	1.06284	0.954132	3
5	118000001	0.84598	0.954132	3
5	119000001	0.954116	0.954132	3
5	120000001	0.93611	0.954132	3
5	121000001	0.871127	0.954132	3
5	122000001	0.992492	0.954132	3
5	123000001	0.901182	0.954132	3
5	124000001	0.944875	0.954132	3
5	125000001	0.934193	0.954132	3
5	126000001	1.01451	0.954132	3
5	127000001	0.92993	0.954132	3
5	128000001	0.930288	0.954132	3
5	129000001	0.973814	0.954132	3
5	130000001	0.998064	0.954132	3
5	131000001	0.928934	0.954132	3
5	132000001	0.885267	0.954132	3
5	133000001	1.10392	0.954132	3
5	134000001	1.11954	0.954132	3
5	135000001	1.11621	0.954132	3
5	136000001	0.864507	0.954132	3
5	137000001	0.900688	0.954132	3
5	138000001	0.880041	0.954132	3
5	139000001	0.933428	0.954132	3
5	140000001	0.995572	0.954132	3
5	141000001	1.07906	0.954132	3
5	142000001	0.997059	0.954132	3
5	143000001	1.02448	0.954132	3
5	144000001	1.12986	0.954132	3
5	145000001	0.971304	0.954132	3
5	146000001	1.0768	0.954132	3
5	147000001	0.951959	0.954132	3
5	148000001	1.04848	0.954132	3
5	149000001	1.06837	0.954132	3
5	150000001	1.00989	0.954132	3
5	151000001	1.12711	0.954132	3
5	152000001	0.924109	0.954132	3
5	153000001	0.898936	0.954132	3
5	154000001	1.0506	0.954132	3
5	155000001	0.840685	0.954132	3
5	156000001	1.15058	0.954132	3
5	157000001	1.01457	0.954132	3
5	158000001	0.88123	0.954132	3
5	159000001	0.941199	0.954132	3
5	160000001	1.04182	0.954132	3
5	161000001	0.855659	0.954132	3
5	162000001	0.939122	0.954132	3
5	163000001	0.90485	0.954132	3
5	164000001	0.8629	0.954132	3
5	165000001	1.03122	0.954132	3
5	166000001	1.192	0.954132	3
5	167000001	0.895345	0.954132	3
5	168000001	1.22357	0.954132	3
5	169000001	0.95558	0.954132	3
5	170000001	1.13866	0.954132	3
5	171000001	1.22906	0.954132	3
5	172000001	1.00054	0.954132	3
5	173000001	1.05643	0.954132	3
5	174000001	0.975068	0.954132	3
5	175000001	1.04151	0.954132	3
5	176000001	0.975476	0.954132	3
5	177000001	1.14848	1.14848	3
5	178000001	1.1098	1.14848	3
5	179000001	1.3261	1.14848	3
5	180000001	1.11586	1.14848	3
5	181000001	1.48671	1.14848	3
6	1	1.20648	1.26208	4
6	1000001	1.54632	1.26208	4
6	2000001	1.33637	1.26208	4
6	3000001	1.25228	1.26208	4
6	4000001	1.05044	1.26208	4
6	5000001	1.26494	1.26208	4
6	6000001	1.5324	1.26208	4
6	7000001	1.38423	1.26208	4
6	8000001	1.226	1.26208	4
6	9000001	1.2216	1.26208	4
6	10000001	1.16235	1.26208	4
6	11000001	1.4235	1.26208	4
6	12000001	1.19078	1.26208	4
6	13000001	1.43579	1.26208	4
6	14000001	1.26208	1.26208	4
6	15000001	1.45131	1.26208	4
6	16000001	1.33956	1.26208	4
6	17000001	1.08732	1.26208	4
6	18000001	1.15405	1.26208	4
6	19000001	1.15263	1.26208	4
6	20000001	1.39752	1.26208	4
6	21000001	1.44128	1.26208	4
6	22000001	1.31355	1.26208	4
6	23000001	1.25343	1.26208	4
6	24000001	1.21096	1.26208	4
6	25000001	1.24032	1.26208	4
6	26000001	1.44877	1.26208	4
6	27000001	1.2766	1.26208	4
6	28000001	1.15902	1.26208	4
6	29000001	1.48671	1.37338	4
6	30000001	1.2821	1.37338	4
6	31000001	1.49348	1.37338	4
6	32000001	1.36107	1.37338	4
6	33000001	1.39084	1.37338	4
6	34000001	1.1317	1.37338	4
6	35000001	1.44623	1.37338	4
6	36000001	1.34262	1.37338	4
6	37000001	1.43854	1.37338	4
6	38000001	1.02779	1.37338	4
6	39000001	1.45553	1.37338	4
6	40000001	1.47409	1.37338	4
6	41000001	1.37338	1.37338	4
6	42000001	1.14565	1.37338	4
6	43000001	1.47607	1.37338	4
6	44000001	1.34538	1.37338	4
6	45000001	1.43398	1.37338	4
6	46000001	1.21309	1.37338	4
6	47000001	1.26688	1.37338	4
6	48000001	1.16683	1.04888	3
6	49000001	1.13769	1.04888	3
6	50000001	1.13452	1.04888	3
6	51000001	1.15821	1.04888	3
6	52000001	1.00761	1.04888	3
6	53000001	0.946967	1.04888	3
6	54000001	0.947937	1.04888	3
6	55000001	1.46341	1.04888	3
6	56000001	0.936532	1.04888	3
6	57000001	0.862765	1.04888	3
6	58000001	0.789453	1.04888	3
6	59000001	0.772617	1.04888	3
6	60000001	0.847663	1.04888	3
6	61000001	0.85492	1.04888	3
6	62000001	0.856127	1.04888	3
6	63000001	1.07289	1.04888	3
6	64000001	0.746139	1.04888	3
6	65000001	1.24033	1.04888	3
6	66000001	0.985959	1.04888	3
6	67000001	1.0615	1.04888	3
6	68000001	1.04193	1.04888	3
6	69000001	0.871475	1.04888	3
6	70000001	1.03584	1.04888	3
6	71000001	0.839084	1.04888	3
6	72000001	0.850126	1.04888	3
6	73000001	0.790428	1.04888	3
6	74000001	1.10585	1.04888	3
6	75000001	0.794278	1.04888	3
6	76000001	0.917779	1.04888	3
6	77000001	1.04088	1.04888	3
6	78000001	1.06654	1.04888	3
6	79000001	1.01215	1.04888	3
6	80000001	1.13004	1.04888	3
6	81000001	0.964499	1.04888	3
6	82000001	1.118	1.04888	3
6	83000001	1.24919	1.04888	3
6	84000001	0.907451	1.04888	3
6	85000001	1.05836	1.04888	3
6	86000001	1.04126	1.04888	3
6	87000001	1.05863	1.04888	3
6	88000001	1.09314	1.04888	3
6	89000001	0.997184	1.04888	3
6	90000001	1.15868	1.04888	3
6	91000001	0.987021	1.04888	3
6	92000001	0.908132	1.04888	3
6	93000001	1.08163	1.04888	3
6	94000001	0.808757	1.04888	3
6	95000001	0.831396	1.04888	3
6	96000001	1.04888	1.04888	3
6	97000001	1.06484	1.04888	3
6	98000001	0.96163	1.04888	3
6	99000001	0.942659	1.04888	3
6	100000001	1.00894	1.04888	3
6	101000001	0.921733	1.04888	3
6	102000001	0.98852	1.04888	3
6	103000001	0.968164	1.04888	3
6	104000001	0.792923	1.04888	3
6	105000001	1.10737	1.04888	3
6	106000001	0.951464	1.04888	3
6	107000001	1.04184	1.04888	3
6	108000001	1.00918	1.04888	3
6	109000001	0.859635	1.04888	3
6	110000001	0.971681	1.04888	3
6	111000001	1.10007	1.04888	3
6	112000001	0.980295	1.04888	3
6	113000001	0.888721	1.04888	3
6	114000001	1.20324	1.04888	3
6	115000001	1.03068	1.04888	3
6	116000001	1.11648	1.04888	3
6	117000001	0.857947	1.04888	3
6	118000001	0.943242	1.04888	3
6	119000001	1.09892	1.04888	3
6	120000001	1.12769	1.04888	3
6	121000001	0.872333	1.04888	3
6	122000001	1.03	1.04888	3
6	123000001	0.965322	1.04888	3
6	124000001	0.789993	1.04888	3
6	125000001	0.893067	1.04888	3
6	126000001	0.938441	1.04888	3
6	127000001	0.988686	1.04888	3
6	128000001	1.34001	1.04888	3
6	129000001	0.845927	1.04888	3
6	130000001	1.01215	1.04888	3
6	131000001	0.984205	1.04888	3
6	132000001	0.884067	1.04888	3
6	133000001	0.836604	1.04888	3
6	134000001	0.849654	1.04888	3
6	135000001	1.28411	1.04888	3
6	136000001	1.00622	1.04888	3
6	137000001	1.41818	1.04888	3
6	138000001	1.24893	1.04888	3
6	139000001	1.13562	1.04888	3
6	140000001	1.37579	1.04888	3
6	141000001	1.32395	1.04888	3
6	142000001	1.49758	1.04888	3
6	143000001	1.25864	1.04888	3
6	144000001	1.34887	1.04888	3
6	145000001	1.28583	1.04888	3
6	146000001	1.21758	1.04888	3
6	147000001	1.21541	1.04888	3
6	148000001	1.36385	1.04888	3
6	149000001	1.373	1.04888	3
6	150000001	1.37754	1.04888	3
6	151000001	1.4411	1.04888	3
6	152000001	1.28591	1.04888	3
6	153000001	1.27455	1.04888	3
6	154000001	1.2466	1.04888	3
6	155000001	1.18749	1.04888	3
6	156000001	1.30598	1.04888	3
6	157000001	1.21292	1.04888	3
6	158000001	1.13956	1.04888	3
6	159000001	1.15557	1.04888	3
6	160000001	1.24939	1.04888	3
6	161000001	1.54974	1.04888	3
6	162000001	1.08744	1.04888	3
6	163000001	1.14647	1.04888	3
6	164000001	1.23639	1.04888	3
6	165000001	1.35401	1.04888	3
6	166000001	1.49761	1.04888	3
6	167000001	1.19808	1.04888	3
6	168000001	1.47111	1.04888	3
6	169000001	1.45087	1.04888	3
6	170000001	1.66547	1.04888	3
7	1	1.16148	1.21195	4
7	1000001	1.26242	1.21195	4
7	2000001	1.03823	0.963588	3
7	3000001	0.915733	0.963588	3
7	4000001	1.10214	0.963588	3
7	5000001	0.949997	0.963588	3
7	6000001	1.11221	0.963588	3
7	7000001	1.0126	0.963588	3
7	8000001	0.878379	0.963588	3
7	9000001	0.802712	0.963588	3
7	10000001	1.00692	0.963588	3
7	11000001	0.831625	0.963588	3
7	12000001	0.956987	0.963588	3
7	13000001	0.790391	0.963588	3
7	14000001	1.02149	0.963588	3
7	15000001	0.895634	0.963588	3
7	16000001	0.970529	0.963588	3
7	17000001	1.07791	0.963588	3
7	18000001	1.17361	0.963588	3
7	19000001	1.20185	0.963588	3
7	20000001	0.96119	0.963588	3
7	21000001	1.00452	0.963588	3
7	22000001	0.986412	0.963588	3
7	23000001	0.877161	0.963588	3
7	24000001	0.968554	0.963588	3
7	25000001	0.904129	0.963588	3
7	26000001	0.867213	0.963588	3
7	27000001	0.956468	0.963588	3
7	28000001	0.82947	0.963588	3
7	29000001	0.959366	0.963588	3
7	30000001	1.06134	0.963588	3
7	31000001	1.04072	0.963588	3
7	32000001	0.847076	0.963588	3
7	33000001	0.902218	0.963588	3
7	34000001	1.27382	0.963588	3
7	35000001	0.951727	0.963588	3
7	36000001	1.076	0.963588	3
7	37000001	0.954254	0.963588	3
7	38000001	0.904612	0.963588	3
7	39000001	0.8566	0.963588	3
7	40000001	0.974195	0.963588	3
7	41000001	1.16066	0.963588	3
7	42000001	0.914952	0.963588	3
7	43000001	0.884855	0.963588	3
7	44000001	0.941422	0.963588	3
7	45000001	1.10341	0.963588	3
7	46000001	1.10415	0.963588	3
7	47000001	1.19069	0.963588	3
7	48000001	1.13783	0.963588	3
7	49000001	0.979905	0.963588	3
7	50000001	1.10373	0.963588	3
7	51000001	0.959317	0.963588	3
7	52000001	0.922214	0.963588	3
7	53000001	1.07757	0.963588	3
7	54000001	0.900958	0.963588	3
7	55000001	1.1312	0.963588	3
7	56000001	0.963588	0.963588	3
7	57000001	1.26797	1.49186	4
7	58000001	1.64735	1.49186	4
7	59000001	1.57996	1.49186	4
7	60000001	1.40377	1.49186	4
7	61000001	1.10074	1.19808	4
7	62000001	1.16146	1.19808	4
7	63000001	1.13822	1.19808	4
7	64000001	1.35578	1.19808	4
7	65000001	1.04363	1.19808	4
7	66000001	1.38658	1.19808	4
7	67000001	1.25488	1.19808	4
7	68000001	1.09026	1.19808	4
7	69000001	1.31418	1.19808	4
7	70000001	1.2919	1.19808	4
7	71000001	1.23687	1.19808	4
7	72000001	1.19582	1.19808	4
7	73000001	1.37331	1.19808	4
7	74000001	1.35963	1.19808	4
7	75000001	1.26748	1.19808	4
7	76000001	1.27208	1.19808	4
7	77000001	1.1878	1.19808	4
7	78000001	1.15923	1.19808	4
7	79000001	1.22796	1.19808	4
7	80000001	1.1191	1.19808	4
7	81000001	1.07336	1.19808	4
7	82000001	1.04598	1.19808	4
7	83000001	0.949777	1.19808	4
7	84000001	1.08972	1.19808	4
7	85000001	1.3816	1.19808	4
7	86000001	1.27873	1.19808	4
7	87000001	1.2016	1.19808	4
7	88000001	1.11798	1.19808	4
7	89000001	1.27205	1.19808	4
7	90000001	1.16691	1.19808	4
7	91000001	1.20035	1.19808	4
7	92000001	1.32755	1.19808	4
7	93000001	1.16881	1.19808	4
7	94000001	1.14298	1.19808	4
7	95000001	1.14821	1.19808	4
7	96000001	1.39679	1.19808	4
7	97000001	1.27888	1.19808	4
7	98000001	1.17754	1.19808	4
7	99000001	1.36598	1.53469	5
7	100000001	1.63165	1.53469	5
7	101000001	1.51062	1.53469	5
7	102000001	1.14452	1.53469	5
7	103000001	1.17944	1.53469	5
7	104000001	1.24652	1.53469	5
7	105000001	1.37876	1.53469	5
7	106000001	1.71224	1.53469	5
7	107000001	1.37642	1.53469	5
7	108000001	1.48291	1.53469	5
7	109000001	1.30364	1.53469	5
7	110000001	1.66468	1.53469	5
7	111000001	1.62069	1.53469	5
7	112000001	1.72457	1.53469	5
7	113000001	1.32835	1.53469	5
7	114000001	1.33517	1.53469	5
7	115000001	1.53469	1.53469	5
7	116000001	1.52436	1.53469	5
7	117000001	1.44925	1.53469	5
7	118000001	1.43225	1.53469	5
7	119000001	1.49037	1.53469	5
7	120000001	1.56712	1.53469	5
7	121000001	1.47078	1.53469	5
7	122000001	1.37002	1.53469	5
7	123000001	1.65289	1.53469	5
7	124000001	1.24832	1.53469	5
7	125000001	1.40341	1.53469	5
7	126000001	1.6753	1.53469	5
7	127000001	1.50708	1.53469	5
7	128000001	1.54622	1.53469	5
7	129000001	1.72526	1.53469	5
7	130000001	1.71926	1.53469	5
7	131000001	1.58796	1.53469	5
7	132000001	1.74032	1.53469	5
7	133000001	1.57469	1.53469	5
7	134000001	1.31398	1.53469	5
7	135000001	1.60536	1.53469	5
7	136000001	1.49757	1.53469	5
7	137000001	1.46833	1.53469	5
7	138000001	1.88982	1.53469	5
7	139000001	1.71712	1.53469	5
7	140000001	1.54863	1.53469	5
7	141000001	1.48505	1.53469	5
7	142000001	1.47437	1.53469	5
7	143000001	1.64828	1.53469	5
7	144000001	1.57696	1.53469	5
7	145000001	1.3963	1.53469	5
7	146000001	1.40564	1.53469	5
7	147000001	1.33804	1.53469	5
7	148000001	1.39197	1.53469	5
7	149000001	1.87715	1.53469	5
7	150000001	1.70266	1.53469	5
7	151000001	2.02725	1.53469	5
7	152000001	1.39088	1.53469	5
7	153000001	1.60201	1.53469	5
7	154000001	1.62331	1.53469	5
7	155000001	1.53583	1.53469	5
7	156000001	1.86556	1.53469	5
7	157000001	1.72381	1.53469	5
7	158000001	2.00274	1.53469	5
7	159000001	1.84346	1.53469	5
8	1	1.10065	0.992122	3
8	1000001	1.14695	0.992122	3
8	2000001	1.01848	0.992122	3
8	3000001	0.671621	0.992122	3
8	4000001	0.98804	0.992122	3
8	5000001	0.853201	0.992122	3
8	6000001	1.01101	0.992122	3
8	7000001	1.21135	0.992122	3
8	8000001	1.03203	0.992122	3
8	9000001	0.963964	0.992122	3
8	10000001	1.17579	0.992122	3
8	11000001	1.17588	0.992122	3
8	12000001	1.04003	0.992122	3
8	13000001	0.842901	0.992122	3
8	14000001	0.818866	0.992122	3
8	15000001	0.942889	0.992122	3
8	16000001	0.934954	0.992122	3
8	17000001	0.992122	0.992122	3
8	18000001	1.01884	0.992122	3
8	19000001	1.01448	0.992122	3
8	20000001	1.08392	0.992122	3
8	21000001	1.03	0.992122	3
8	22000001	1.11835	0.992122	3
8	23000001	1.10494	0.992122	3
8	24000001	0.952224	0.992122	3
8	25000001	0.938128	0.992122	3
8	26000001	1.1465	0.992122	3
8	27000001	1.03675	0.992122	3
8	28000001	1.1704	0.992122	3
8	29000001	0.861715	0.992122	3
8	30000001	1.0027	0.992122	3
8	31000001	0.955945	0.992122	3
8	32000001	0.959119	0.992122	3
8	33000001	0.903979	0.992122	3
8	34000001	0.962573	0.992122	3
8	35000001	0.925693	0.992122	3
8	36000001	1.00648	0.992122	3
8	37000001	0.961382	0.992122	3
8	38000001	1.02572	0.992122	3
8	39000001	0.924141	0.992122	3
8	40000001	1.03687	0.992122	3
8	41000001	1.02496	0.992122	3
8	42000001	1.04243	0.992122	3
8	43000001	1.16848	0.992122	3
8	44000001	0.850891	0.992122	3
8	45000001	0.778912	0.992122	3
8	46000001	0.980425	0.992122	3
8	47000001	0.910425	0.992122	3
8	48000001	1.14618	0.992122	3
8	49000001	1.0513	0.992122	3
8	50000001	1.17455	0.992122	3
8	51000001	1.04564	0.992122	3
8	52000001	0.973911	0.992122	3
8	53000001	0.968713	0.992122	3
8	54000001	0.906094	0.992122	3
8	55000001	0.986387	0.992122	3
8	56000001	0.88182	0.992122	3
8	57000001	1.0019	0.992122	3
8	58000001	1.09511	0.992122	3
8	59000001	1.14637	0.992122	3
8	60000001	0.986891	0.992122	3
8	61000001	0.746948	0.992122	3
8	62000001	0.981302	0.992122	3
8	63000001	1.15075	0.992122	3
8	64000001	0.679925	0.992122	3
8	65000001	1.00815	0.992122	3
8	66000001	0.961303	0.992122	3
8	67000001	0.878426	0.992122	3
8	68000001	1.09993	0.992122	3
8	69000001	1.12576	0.992122	3
8	70000001	1.0975	0.992122	3
8	71000001	0.875299	0.992122	3
8	72000001	1.01171	0.992122	3
8	73000001	1.02732	0.992122	3
8	74000001	0.925839	0.992122	3
8	75000001	1.01302	0.992122	3
8	76000001	0.872048	0.992122	3
8	77000001	0.703563	0.992122	3
8	78000001	0.813948	0.992122	3
8	79000001	0.88293	0.992122	3
8	80000001	0.957001	0.992122	3
8	81000001	1.00253	0.992122	3
8	82000001	0.989764	0.992122	3
8	83000001	1.05851	0.992122	3
8	84000001	0.95169	0.992122	3
8	85000001	1.13748	0.992122	3
8	86000001	0.881872	0.992122	3
8	87000001	1.05119	0.992122	3
8	88000001	0.851151	0.992122	3
8	89000001	1.12615	0.992122	3
8	90000001	1.18942	0.992122	3
8	91000001	0.848893	0.992122	3
8	92000001	1.09567	0.992122	3
8	93000001	0.911884	0.992122	3
8	94000001	1.00842	0.992122	3
8	95000001	0.864507	0.992122	3
8	96000001	0.824555	0.992122	3
8	97000001	1.09997	0.992122	3
8	98000001	0.955571	0.992122	3
8	99000001	1.11635	0.992122	3
8	100000001	0.999766	0.992122	3
8	101000001	0.944227	0.992122	3
8	102000001	1.06473	0.992122	3
8	103000001	0.955861	0.992122	3
8	104000001	0.951324	0.992122	3
8	105000001	0.80502	0.992122	3
8	106000001	0.949429	0.992122	3
8	107000001	0.831654	0.992122	3
8	108000001	1.08631	0.992122	3
8	109000001	1.19247	0.992122	3
8	110000001	1.10402	0.992122	3
8	111000001	0.875441	0.87393	3
8	112000001	0.771871	0.87393	3
8	113000001	0.87393	0.87393	3
8	114000001	1.14231	1.29003	4
8	115000001	1.29003	1.29003	4
8	116000001	1.31802	1.29003	4
8	117000001	1.06253	1.03978	3
8	118000001	1.0034	1.03978	3
8	119000001	0.973521	1.03978	3
8	120000001	1.06969	1.03978	3
8	121000001	1.0411	1.03978	3
8	122000001	1.12446	1.03978	3
8	123000001	0.945136	1.03978	3
8	124000001	0.859916	1.03978	3
8	125000001	1.04228	1.03978	3
8	126000001	0.970399	1.03978	3
8	127000001	0.884992	1.03978	3
8	128000001	0.884644	1.03978	3
8	129000001	0.974043	1.03978	3
8	130000001	1.13106	1.03978	3
8	131000001	1.05587	1.03978	3
8	132000001	0.939849	1.03978	3
8	133000001	1.03978	1.03978	3
8	134000001	1.12724	1.03978	3
8	135000001	1.11602	1.03978	3
8	136000001	1.01332	1.03978	3
8	137000001	1.10894	1.03978	3
8	138000001	2.11181	2.11181	6
8	139000001	0.98054	0.953345	3
8	140000001	0.810146	0.953345	3
8	141000001	1.04297	0.953345	3
8	142000001	1.1989	0.953345	3
8	143000001	0.933436	0.953345	3
8	144000001	0.953345	0.953345	3
8	145000001	0.908241	0.953345	3
9	1	0.742321	0.648256	2
9	1000001	0.679245	0.648256	2
9	2000001	0.648256	0.648256	2
9	3000001	0.596031	0.648256	2
9	4000001	0.743749	0.648256	2
9	5000001	0.69033	0.648256	2
9	6000001	0.59821	0.648256	2
9	7000001	0.62445	0.648256	2
9	8000001	0.786738	0.648256	2
9	9000001	0.554109	0.648256	2
9	10000001	0.498569	0.648256	2
9	11000001	0.305352	0.648256	2
9	12000001	0.571528	0.648256	2
9	13000001	0.663135	0.648256	2
9	14000001	0.951169	0.648256	2
9	15000001	0.728795	0.648256	2
9	16000001	0.54961	0.648256	2
9	17000001	0.718879	0.648256	2
9	18000001	0.598179	0.648256	2
9	19000001	0.686437	0.648256	2
9	20000001	0.486376	0.648256	2
9	21000001	0.0403104	0.12741	0
9	22000001	0.12741	0.12741	0
9	23000001	0.0494366	0.12741	0
9	24000001	0.0402574	0.12741	0
9	25000001	0.0513003	0.12741	0
9	26000001	0.18344	0.12741	0
9	27000001	0.348104	0.12741	0
9	28000001	0.224569	0.12741	0
9	29000001	0.339639	0.12741	0
9	30000001	0.0624771	0.12741	0
9	31000001	0.176066	0.12741	0
9	32000001	0.648051	0.759604	2
9	33000001	0.783105	0.759604	2
9	34000001	0.74125	0.759604	2
9	35000001	0.728687	0.759604	2
9	36000001	0.833469	0.759604	2
9	37000001	1.21094	0.759604	2
9	38000001	1.28375	0.759604	2
9	39000001	0.610811	0.759604	2
9	40000001	0.778219	0.759604	2
9	41000001	0.759604	0.759604	2
9	42000001	0.710624	0.759604	2
9	43000001	1.33107	1.51124	5
9	44000001	1.51124	1.51124	5
9	45000001	2.16177	1.51124	5
9	46000001	-1	-1	2
9	47000001	-1	-1	2
9	48000001	-1	-1	2
9	49000001	-1	-1	2
9	50000001	-1	-1	2
9	51000001	-1	-1	2
9	52000001	-1	-1	2
9	53000001	-1	-1	2
9	54000001	-1	-1	2
9	55000001	-1	-1	2
9	56000001	-1	-1	2
9	57000001	-1	-1	2
9	58000001	-1	-1	2
9	59000001	-1	-1	2
9	60000001	0.994945	0.707071	2
9	61000001	0.742319	0.707071	2
9	62000001	0.878389	0.707071	2
9	63000001	1.00329	0.707071	2
9	64000001	0.830092	0.707071	2
9	65000001	1.12199	0.707071	2
9	66000001	0.713802	0.707071	2
9	67000001	0.657925	0.707071	2
9	68000001	0.565693	0.707071	2
9	69000001	0.704706	0.707071	2
9	70000001	0.55246	0.707071	2
9	71000001	0.709437	0.707071	2
9	72000001	0.745971	0.707071	2
9	73000001	0.540286	0.707071	2
9	74000001	0.587897	0.707071	2
9	75000001	0.838842	0.707071	2
9	76000001	0.698533	0.707071	2
9	77000001	0.732166	0.707071	2
9	78000001	0.700297	0.707071	2
9	79000001	0.675914	0.707071	2
9	80000001	0.711982	0.707071	2
9	81000001	0.658767	0.707071	2
9	82000001	0.529051	0.707071	2
9	83000001	0.629766	0.707071	2
9	84000001	0.640317	0.707071	2
9	85000001	0.715345	0.707071	2
9	86000001	0.481325	0.707071	2
9	87000001	0.692214	0.707071	2
9	88000001	0.72292	0.707071	2
9	89000001	0.848825	0.707071	2
9	90000001	0.696683	0.707071	2
9	91000001	0.791971	0.707071	2
9	92000001	1.19189	0.966612	3
9	93000001	1.07868	0.966612	3
9	94000001	0.940445	0.966612	3
9	95000001	1.10554	0.966612	3
9	96000001	0.966756	0.966612	3
9	97000001	0.908553	0.966612	3
9	98000001	0.921247	0.966612	3
9	99000001	0.966468	0.966612	3
9	100000001	0.935018	0.966612	3
9	101000001	0.868593	0.966612	3
9	102000001	1.00652	0.966612	3
9	103000001	0.969794	0.966612	3
9	104000001	1.00241	0.966612	3
9	105000001	1.01354	0.966612	3
9	106000001	0.935631	0.966612	3
9	107000001	1.34535	0.966612	3
9	108000001	0.955931	0.966612	3
9	109000001	1.00057	0.966612	3
9	110000001	0.917559	0.966612	3
9	111000001	0.833118	0.966612	3
9	112000001	0.889869	0.966612	3
9	113000001	0.983911	0.966612	3
9	114000001	1.06866	0.966612	3
9	115000001	0.917439	0.966612	3
9	116000001	0.954846	0.966612	3
9	117000001	0.958119	0.966612	3
9	118000001	0.933635	0.966612	3
9	119000001	1.01947	0.966612	3
9	120000001	1.13366	0.966612	3
9	121000001	1.07648	0.966612	3
9	122000001	1.07175	0.966612	3
9	123000001	0.933952	0.966612	3
9	124000001	0.953159	0.966612	3
9	125000001	0.930223	0.966612	3
9	126000001	1.08333	0.966612	3
9	127000001	1.02024	0.966612	3
9	128000001	1.4872	1.42356	4
9	129000001	1.35993	1.42356	4
9	130000001	2.67118	2.66155	8
9	131000001	2.65192	2.66155	8
9	132000001	1.1137	1.03063	3
9	133000001	1.15377	1.03063	3
9	134000001	1.39578	1.03063	3
9	135000001	1.03063	1.03063	3
9	136000001	0.885228	1.03063	3
9	137000001	0.899315	1.03063	3
9	138000001	0.939613	1.03063	3
X	1	0.427476	0.447	1
X	1000001	0.446139	0.447	1
X	2000001	0.409718	0.447	1
X	3000001	0.621158	0.447	1
X	4000001	0.373356	0.447	1
X	5000001	0.468396	0.447	1
X	6000001	0.447	0.447	1
X	7000001	0.584711	0.447	1
X	8000001	0.506416	0.447	1
X	9000001	0.745699	0.715132	2
X	10000001	0.684565	0.715132	2
X	11000001	1.18307	1.18307	4
X	12000001	0.75913	0.717398	2
X	13000001	0.675667	0.717398	2
X	14000001	0.623545	0.564885	2
X	15000001	0.375658	0.564885	2
X	16000001	0.590883	0.564885	2
X	17000001	0.538887	0.564885	2
X	18000001	0.823346	0.690054	2
X	19000001	0.594191	0.690054	2
X	20000001	0.601159	0.690054	2
X	21000001	0.988295	0.690054	2
X	22000001	0.690054	0.690054	2
X	23000001	0.502774	0.690054	2
X	24000001	0.816847	0.690054	2
X	25000001	0.586359	0.588123	2
X	26000001	0.588123	0.588123	2
X	27000001	0.649706	0.588123	2
X	28000001	0.621698	0.588123	2
X	29000001	0.474148	0.588123	2
X	30000001	0.484475	0.588123	2
X	31000001	0.50556	0.588123	2
X	32000001	0.596025	0.588123	2
X	33000001	0.740428	0.588123	2
X	34000001	0.60476	0.588123	2
X	35000001	0.498913	0.588123	2
X	36000001	0.615299	0.588123	2
X	37000001	0.556512	0.588123	2
X	38000001	0.609398	0.619234	2
X	39000001	0.699203	0.619234	2
X	40000001	0.572991	0.619234	2
X	41000001	0.698092	0.619234	2
X	42000001	0.619839	0.619234	2
X	43000001	0.740369	0.619234	2
X	44000001	0.652186	0.619234	2
X	45000001	0.590783	0.619234	2
X	46000001	0.615553	0.619234	2
X	47000001	0.635826	0.619234	2
X	48000001	0.752364	0.619234	2
X	49000001	0.618164	0.619234	2
X	50000001	0.532026	0.619234	2
X	51000001	0.594259	0.619234	2
X	52000001	0.650064	0.619234	2
X	53000001	0.705544	0.619234	2
X	54000001	0.618629	0.619234	2
X	55000001	0.682537	0.619234	2
X	56000001	0.865907	0.619234	2
X	57000001	0.682064	0.619234	2
X	58000001	0.607813	0.619234	2
X	59000001	0.564002	0.619234	2
X	60000001	0.559903	0.619234	2
X	61000001	0.614722	0.619234	2
X	62000001	0.539463	0.619234	2
X	63000001	0.633923	0.619234	2
X	64000001	0.555408	0.619234	2
X	65000001	0.647845	0.619234	2
X	66000001	0.589319	0.619234	2
X	67000001	0.629991	0.619234	2
X	68000001	0.856916	0.664225	2
X	69000001	0.613352	0.664225	2
X	70000001	0.700473	0.664225	2
X	71000001	0.664225	0.664225	2
X	72000001	0.660552	0.664225	2
X	73000001	0.648958	0.664225	2
X	74000001	0.606406	0.664225	2
X	75000001	0.753388	0.664225	2
X	76000001	0.664777	0.664225	2
X	77000001	0.930682	0.927216	3
X	78000001	0.92375	0.927216	3
X	79000001	0.691426	0.636173	2
X	80000001	0.613523	0.636173	2
X	81000001	0.60415	0.636173	2
X	82000001	0.602473	0.636173	2
X	83000001	0.658824	0.636173	2
X	84000001	0.597342	0.636173	2
X	85000001	0.720809	0.636173	2
X	86000001	0.777246	0.636173	2
X	87000001	0.526352	0.526352	2
X	88000001	0.542533	0.526352	2
X	89000001	0.602854	0.526352	2
X	90000001	0.642316	0.526352	2
X	91000001	0.504472	0.526352	2
X	92000001	0.506078	0.526352	2
X	93000001	0.514974	0.526352	2
X	94000001	0.433181	0.526352	2
X	95000001	0.533698	0.526352	2
X	96000001	0.590628	0.633255	2
X	97000001	0.688882	0.633255	2
X	98000001	0.658319	0.633255	2
X	99000001	0.798487	0.633255	2
X	100000001	0.589936	0.633255	2
X	101000001	0.639385	0.633255	2
X	102000001	0.614874	0.633255	2
X	103000001	0.662324	0.633255	2
X	104000001	0.649124	0.633255	2
X	105000001	0.545297	0.633255	2
X	106000001	0.551363	0.633255	2
X	107000001	0.673377	0.633255	2
X	108000001	0.657975	0.633255	2
X	109000001	0.69482	0.633255	2
X	110000001	0.686615	0.633255	2
X	111000001	0.624685	0.633255	2
X	112000001	0.627126	0.633255	2
X	113000001	0.529572	0.633255	2
X	114000001	0.804964	0.633255	2
X	115000001	0.672522	0.633255	2
X	116000001	0.61211	0.633255	2
X	117000001	0.508188	0.633255	2
X	118000001	0.563165	0.633255	2
X	119000001	0.610704	0.633255	2
X	120000001	0.720961	0.633255	2
X	121000001	0.539737	0.633255	2
X	122000001	0.574736	0.633255	2
X	123000001	0.599385	0.633255	2
X	124000001	0.673578	0.633255	2
X	125000001	0.433839	0.633255	2
X	126000001	0.757469	0.633255	2
X	127000001	0.758487	0.633255	2
X	128000001	0.461345	0.495733	1
X	129000001	0.487195	0.495733	1
X	130000001	0.495733	0.495733	1
X	131000001	0.532148	0.495733	1
X	132000001	0.492546	0.495733	1
X	133000001	0.514076	0.495733	1
X	134000001	0.544148	0.495733	1
X	135000001	0.698172	0.621297	2
X	136000001	0.555172	0.621297	2
X	137000001	0.54651	0.621297	2
X	138000001	0.668278	0.621297	2
X	139000001	0.661694	0.621297	2
X	140000001	0.621297	0.621297	2
X	141000001	0.548542	0.621297	2
X	142000001	0.4589	0.428701	1
X	143000001	0.366487	0.428701	1
X	144000001	0.414717	0.428701	1
X	145000001	0.443521	0.428701	1
X	146000001	0.428701	0.428701	1
X	147000001	0.678667	0.63932	2
X	148000001	0.667745	0.63932	2
X	149000001	0.534674	0.63932	2
X	150000001	0.655596	0.63932	2
X	151000001	0.583218	0.63932	2
X	152000001	0.68768	0.63932	2
X	153000001	0.635637	0.63932	2
X	154000001	0.643002	0.63932	2
X	155000001	0.449156	0.63932	2
X	156000001	0.508506	0.63932	2
Y	1	-1	-1	0
Y	1000001	-1	-1	0
Y	2000001	0	0.0495871	0
Y	3000001	0.0829063	0.0495871	0
Y	4000001	0.0521151	0.0495871	0
Y	5000001	0.05482	0.0495871	0
Y	6000001	0.0470591	0.0495871	0
Y	7000001	0.120045	0.0495871	0
Y	8000001	0.0203088	0.0495871	0
Y	9000001	0.0458584	0.0495871	0
Y	10000001	1.26575	1.26575	4
Y	11000001	0.8325	0.8325	2
Y	12000001	0.0844574	0.0873697	0
Y	13000001	0.0605326	0.0873697	0
Y	14000001	0.0333852	0.0873697	0
Y	15000001	0.164653	0.0873697	0
Y	16000001	0.0273103	0.0873697	0
Y	17000001	0.0843845	0.0873697	0
Y	18000001	0.090282	0.0873697	0
Y	19000001	0.0436647	0.0873697	0
Y	20000001	0.098923	0.0873697	0
Y	21000001	0.210238	0.0873697	0
Y	22000001	0.128048	0.0873697	0
Y	23000001	0.164845	0.0873697	0
Y	24000001	0.034227	0.0873697	0
Y	25000001	0.0712443	0.0873697	0
Y	26000001	0.22375	0.0873697	0
Y	27000001	-1	0.0873697	0
Y	28000001	-1	0.0873697	0
Y	29000001	-1	0.0873697	0
Y	30000001	-1	0.0873697	0
Y	31000001	-1	0.0873697	0
Y	32000001	-1	0.0873697	0
Y	33000001	-1	0.0873697	0
Y	34000001	-1	0.0873697	0
Y	35000001	-1	0.0873697	0
Y	36000001	-1	0.0873697	0
Y	37000001	-1	0.0873697	0
Y	38000001	-1	0.0873697	0
Y	39000001	-1	0.0873697	0
Y	40000001	-1	0.0873697	0
Y	41000001	-1	0.0873697	0
Y	42000001	-1	0.0873697	0
Y	43000001	-1	0.0873697	0
Y	44000001	-1	0.0873697	0
Y	45000001	-1	0.0873697	0
Y	46000001	-1	0.0873697	0
Y	47000001	-1	0.0873697	0
Y	48000001	-1	0.0873697	0
Y	49000001	-1	0.0873697	0
Y	50000001	-1	0.0873697	0
Y	51000001	-1	0.0873697	0
Y	52000001	-1	0.0873697	0
Y	53000001	-1	0.0873697	0
Y	54000001	-1	0.0873697	0
Y	55000001	-1	0.0873697	0
Y	56000001	0.171853	0.0873697	0
Y	57000001	-1	-1	0
