Chromosome	Start	Ratio	MedianRatio	CopyNumber
1	1	0.996906	1.04255	3
1	1000001	0.983374	1.04255	3
1	2000001	1.26112	1.04255	3
1	3000001	1.17865	1.04255	3
1	4000001	0.970915	1.04255	3
1	5000001	1.01329	1.04255	3
1	6000001	1.09426	1.04255	3
1	7000001	1.26077	1.04255	3
1	8000001	1.22028	1.04255	3
1	9000001	0.988569	1.04255	3
1	10000001	1.04055	1.04255	3
1	11000001	1.04456	1.04255	3
1	12000001	0.902647	1.04255	3
1	13000001	1.24521	1.04255	3
1	14000001	0.974298	1.04255	3
1	15000001	1.01733	1.04255	3
1	16000001	0.971415	1.04255	3
1	17000001	1.43414	1.04255	3
1	18000001	1.08171	1.04255	3
1	19000001	0.885152	1.04255	3
1	20000001	1.19917	1.04255	3
1	21000001	0.901033	1.04255	3
1	22000001	1.02691	1.04255	3
1	23000001	1.1866	1.04255	3
1	24000001	1.11673	1.04255	3
1	25000001	1.08017	1.04255	3
1	26000001	0.966551	0.976809	3
1	27000001	1.0489	0.976809	3
1	28000001	0.945414	0.976809	3
1	29000001	0.970214	0.976809	3
1	30000001	0.936145	0.976809	3
1	31000001	0.938911	0.976809	3
1	32000001	1.07673	0.976809	3
1	33000001	0.973058	0.976809	3
1	34000001	0.875221	0.976809	3
1	35000001	0.866526	0.976809	3
1	36000001	0.974757	0.976809	3
1	37000001	1.04265	0.976809	3
1	38000001	1.06375	0.976809	3
1	39000001	0.881326	0.976809	3
1	40000001	0.976809	0.976809	3
1	41000001	0.979677	0.976809	3
1	42000001	1.25021	0.976809	3
1	43000001	1.15884	0.976809	3
1	44000001	1.32919	0.976809	3
1	45000001	1.12163	0.976809	3
1	46000001	0.76723	0.976809	3
1	47000001	0.982952	0.976809	3
1	48000001	0.805272	0.976809	3
1	49000001	1.03964	0.976809	3
1	50000001	0.816461	0.976809	3
1	51000001	1.2174	0.976809	3
1	52000001	1.0494	0.976809	3
1	53000001	1.01182	0.976809	3
1	54000001	0.944657	0.976809	3
1	55000001	0.956768	0.976809	3
1	56000001	1.11854	0.976809	3
1	57000001	1.0186	0.976809	3
1	58000001	1.2215	0.976809	3
1	59000001	0.999774	0.976809	3
1	60000001	0.970166	0.976809	3
1	61000001	1.09764	0.976809	3
1	62000001	0.972163	0.976809	3
1	63000001	1.02709	0.976809	3
1	64000001	0.989386	0.976809	3
1	65000001	0.824353	0.976809	3
1	66000001	1.048	0.976809	3
1	67000001	0.884387	0.976809	3
1	68000001	1.15527	0.976809	3
1	69000001	0.808833	0.976809	3
1	70000001	0.736525	0.976809	3
1	71000001	1.26589	0.976809	3
1	72000001	0.721231	0.976809	3
1	73000001	0.944925	0.976809	3
1	74000001	0.695663	0.976809	3
1	75000001	1.00204	0.976809	3
1	76000001	1.06244	0.976809	3
1	77000001	0.992349	0.976809	3
1	78000001	0.847102	0.976809	3
1	79000001	0.81116	0.976809	3
1	80000001	0.820003	0.976809	3
1	81000001	1.03667	0.976809	3
1	82000001	0.81208	0.976809	3
1	83000001	1.07122	0.976809	3
1	84000001	0.905675	0.976809	3
1	85000001	1.42388	0.976809	3
1	86000001	0.995768	0.976809	3
1	87000001	1.02886	0.976809	3
1	88000001	1.09138	0.976809	3
1	89000001	0.951685	0.976809	3
1	90000001	0.894574	0.976809	3
1	91000001	0.906054	0.976809	3
1	92000001	0.783299	0.976809	3
1	93000001	0.832988	0.976809	3
1	94000001	1.11917	0.976809	3
1	95000001	1.26831	0.976809	3
1	96000001	0.753642	0.976809	3
1	97000001	1.02013	0.976809	3
1	98000001	0.857901	0.976809	3
1	99000001	1.14206	0.976809	3
1	100000001	0.910016	0.976809	3
1	101000001	0.939281	0.976809	3
1	102000001	0.971342	0.976809	3
1	103000001	0.843001	0.976809	3
1	104000001	1.12006	0.976809	3
1	105000001	1.04505	0.976809	3
1	106000001	0.785086	0.976809	3
1	107000001	1.12781	0.976809	3
1	108000001	1.1817	0.976809	3
1	109000001	1.36934	1.42678	4
1	110000001	1.2623	1.42678	4
1	111000001	1.6043	1.42678	4
1	112000001	1.48062	1.42678	4
1	113000001	1.39389	1.42678	4
1	114000001	1.17111	1.42678	4
1	115000001	1.31337	1.42678	4
1	116000001	1.54019	1.42678	4
1	117000001	1.45967	1.42678	4
1	118000001	1.65216	1.42678	4
1	119000001	1.47078	1.42678	4
1	120000001	1.10368	1.42678	4
1	121000001	2.35787	1.93345	6
1	122000001	1.92821	1.93345	6
1	123000001	1.9387	1.93345	6
1	124000001	1.68391	1.93345	6
1	125000001	5.47464	-1	3
1	126000001	-1	-1	3
1	127000001	-1	-1	3
1	128000001	-1	-1	3
1	129000001	-1	-1	3
1	130000001	-1	-1	3
1	131000001	-1	-1	3
1	132000001	-1	-1	3
1	133000001	-1	-1	3
1	134000001	-1	-1	3
1	135000001	-1	-1	3
1	136000001	-1	-1	3
1	137000001	-1	-1	3
1	138000001	-1	-1	3
1	139000001	-1	-1	3
1	140000001	-1	-1	3
1	141000001	-1	-1	3
1	142000001	-1	-1	3
1	143000001	4.71916	-1	3
1	144000001	1.15827	0.979292	3
1	145000001	0.975223	0.979292	3
1	146000001	0.9376	0.979292	3
1	147000001	0.817354	0.979292	3
1	148000001	1.30641	0.979292	3
1	149000001	0.88614	0.979292	3
1	150000001	0.737438	0.979292	3
1	151000001	1.14486	0.979292	3
1	152000001	0.835972	0.979292	3
1	153000001	0.983361	0.979292	3
1	154000001	1.17823	0.979292	3
1	155000001	1.35139	0.979292	3
1	156000001	1.05342	0.979292	3
1	157000001	0.907436	0.979292	3
1	158000001	0.933804	0.979292	3
1	159000001	0.95249	0.979292	3
1	160000001	1.04633	0.979292	3
1	161000001	1.03966	0.979292	3
1	162000001	1.26889	1.33444	4
1	163000001	1.47448	1.33444	4
1	164000001	1.37056	1.33444	4
1	165000001	1.43433	1.33444	4
1	166000001	1.29836	1.33444	4
1	167000001	1.241	1.33444	4
1	168000001	1.48324	1.33444	4
1	169000001	1.19332	1.33444	4
1	170000001	1.65462	1.33444	4
1	171000001	1.18021	1.33444	4
1	172000001	1.43073	1.33444	4
1	173000001	1.47015	1.33444	4
1	174000001	1.4859	1.33444	4
1	175000001	1.5583	1.33444	4
1	176000001	1.30496	1.33444	4
1	177000001	1.38611	1.33444	4
1	178000001	1.4434	1.33444	4
1	179000001	1.17971	1.33444	4
1	180000001	1.16954	1.33444	4
1	181000001	1.46044	1.33444	4
1	182000001	1.13951	1.33444	4
1	183000001	1.39497	1.33444	4
1	184000001	1.41103	1.33444	4
1	185000001	1.25057	1.33444	4
1	186000001	1.9503	1.33444	4
1	187000001	1.68112	1.33444	4
1	188000001	1.32678	1.33444	4
1	189000001	1.17445	1.33444	4
1	190000001	1.46645	1.33444	4
1	191000001	1.45554	1.33444	4
1	192000001	1.19876	1.33444	4
1	193000001	1.32059	1.33444	4
1	194000001	1.41649	1.33444	4
1	195000001	0.946126	1.33444	4
1	196000001	1.19032	1.33444	4
1	197000001	1.39498	1.33444	4
1	198000001	1.33444	1.33444	4
1	199000001	1.46459	1.33444	4
1	200000001	1.32827	1.33444	4
1	201000001	1.33673	1.33444	4
1	202000001	1.28265	1.33444	4
1	203000001	1.53927	1.33444	4
1	204000001	1.35252	1.33444	4
1	205000001	1.50702	1.33444	4
1	206000001	1.44494	1.33444	4
1	207000001	1.42033	1.33444	4
1	208000001	1.36645	1.33444	4
1	209000001	1.31092	1.33444	4
1	210000001	1.28522	1.33444	4
1	211000001	1.31698	1.33444	4
1	212000001	1.41159	1.33444	4
1	213000001	1.22288	1.33444	4
1	214000001	1.28094	1.33444	4
1	215000001	1.58849	1.33444	4
1	216000001	1.14805	1.33444	4
1	217000001	1.30809	1.33444	4
1	218000001	1.42848	1.33444	4
1	219000001	1.2466	1.33444	4
1	220000001	1.49616	1.33444	4
1	221000001	0.986276	1.33444	4
1	222000001	1.03977	1.33444	4
1	223000001	1.48202	1.33444	4
1	224000001	1.1519	1.33444	4
1	225000001	1.29168	1.33444	4
1	226000001	1.43727	1.33444	4
1	227000001	1.54227	1.33444	4
1	228000001	1.84748	1.33444	4
1	229000001	1.18149	1.33444	4
1	230000001	1.3631	1.33444	4
1	231000001	1.28808	1.33444	4
1	232000001	1.17753	1.33444	4
1	233000001	1.18794	1.33444	4
1	234000001	1.21615	1.33444	4
1	235000001	1.15099	1.33444	4
1	236000001	1.44414	1.33444	4
1	237000001	1.24058	1.33444	4
1	238000001	1.29798	1.33444	4
1	239000001	1.13646	1.33444	4
1	240000001	1.57298	1.33444	4
1	241000001	1.16824	1.33444	4
1	242000001	1.1718	1.33444	4
1	243000001	1.18893	1.33444	4
1	244000001	1.37086	1.33444	4
1	245000001	1.03578	1.33444	4
1	246000001	1.33585	1.33444	4
1	247000001	1.62582	1.33444	4
1	248000001	1.35051	1.33444	4
10	1	1.12714	1.03398	3
10	1000001	1.03895	1.03398	3
10	2000001	0.822606	1.03398	3
10	3000001	0.853049	1.03398	3
10	4000001	1.22275	1.03398	3
10	5000001	0.862287	1.03398	3
10	6000001	0.878407	1.03398	3
10	7000001	1.09534	1.03398	3
10	8000001	0.981874	1.03398	3
10	9000001	0.899606	1.03398	3
10	10000001	0.978714	1.03398	3
10	11000001	0.648621	1.03398	3
10	12000001	0.9724	1.03398	3
10	13000001	1.06654	1.03398	3
10	14000001	1.04589	1.03398	3
10	15000001	1.08318	1.03398	3
10	16000001	1.0248	1.03398	3
10	17000001	1.06449	1.03398	3
10	18000001	1.03133	1.03398	3
10	19000001	1.09871	1.03398	3
10	20000001	1.09905	1.03398	3
10	21000001	1.06902	1.03398	3
10	22000001	1.02102	1.03398	3
10	23000001	1.0503	1.03398	3
10	24000001	1.06217	1.03398	3
10	25000001	1.00303	1.03398	3
10	26000001	1.10383	1.03398	3
10	27000001	0.952255	1.03398	3
10	28000001	1.0873	1.03398	3
10	29000001	0.948442	1.03398	3
10	30000001	0.894621	1.03398	3
10	31000001	1.23414	1.03398	3
10	32000001	0.865966	1.03398	3
10	33000001	1.03663	1.03398	3
10	34000001	1.02024	1.03398	3
10	35000001	0.955639	1.03398	3
10	36000001	0.907851	1.03398	3
10	37000001	1.05154	1.03398	3
10	38000001	1.30308	1.03398	3
10	39000001	1.11386	1.03398	3
10	40000001	1.91575	1.91575	6
10	41000001	1.23168	1.42047	4
10	42000001	1.3457	1.42047	4
10	43000001	1.18606	1.42047	4
10	44000001	1.42047	1.42047	4
10	45000001	1.18263	1.42047	4
10	46000001	1.42384	1.42047	4
10	47000001	1.52268	1.42047	4
10	48000001	1.47522	1.42047	4
10	49000001	1.47784	1.42047	4
10	50000001	1.1098	1.25773	4
10	51000001	1.32721	1.25773	4
10	52000001	1.42269	1.25773	4
10	53000001	1.13413	1.25773	4
10	54000001	1.1363	1.25773	4
10	55000001	1.0886	1.25773	4
10	56000001	1.11196	1.25773	4
10	57000001	1.26406	1.25773	4
10	58000001	1.3388	1.25773	4
10	59000001	1.38052	1.25773	4
10	60000001	1.13182	1.25773	4
10	61000001	0.99064	1.25773	4
10	62000001	1.31539	1.25773	4
10	63000001	1.53713	1.25773	4
10	64000001	1.28071	1.25773	4
10	65000001	1.07324	1.25773	4
10	66000001	1.51459	1.25773	4
10	67000001	1.20555	1.25773	4
10	68000001	1.30816	1.25773	4
10	69000001	1.2631	1.25773	4
10	70000001	1.25236	1.25773	4
10	71000001	1.15381	1.25773	4
10	72000001	1.38209	1.25773	4
10	73000001	1.32291	1.25773	4
10	74000001	1.23268	1.25773	4
10	75000001	1.31296	1.25773	4
10	76000001	1.09781	1.25773	4
10	77000001	1.42962	1.25773	4
10	78000001	1.17654	1.25773	4
10	79000001	1.10523	1.25773	4
10	80000001	1.24948	1.25773	4
10	81000001	1.0175	1.25773	4
10	82000001	1.36782	1.25773	4
10	83000001	1.40525	1.25773	4
10	84000001	1.1895	1.25773	4
10	85000001	1.36306	1.25773	4
10	86000001	0.811905	0.669949	2
10	87000001	0.614936	0.669949	2
10	88000001	0.674575	0.669949	2
10	89000001	0.520623	0.669949	2
10	90000001	0.91475	0.669949	2
10	91000001	0.613139	0.669949	2
10	92000001	0.591584	0.669949	2
10	93000001	0.69005	0.669949	2
10	94000001	0.651827	0.669949	2
10	95000001	0.62887	0.669949	2
10	96000001	0.665323	0.669949	2
10	97000001	0.751249	0.669949	2
10	98000001	0.887639	0.669949	2
10	99000001	0.599957	0.669949	2
10	100000001	0.589006	0.669949	2
10	101000001	0.573703	0.669949	2
10	102000001	0.570524	0.669949	2
10	103000001	0.846908	0.669949	2
10	104000001	0.823036	0.669949	2
10	105000001	0.736817	0.669949	2
10	106000001	0.617512	0.669949	2
10	107000001	0.68255	0.669949	2
10	108000001	0.730493	0.669949	2
10	109000001	0.62537	0.669949	2
10	110000001	0.761041	0.669949	2
10	111000001	0.638623	0.669949	2
10	112000001	0.705597	0.669949	2
10	113000001	0.62955	0.669949	2
10	114000001	0.687625	0.669949	2
10	115000001	0.727412	0.669949	2
10	116000001	0.58598	0.669949	2
10	117000001	0.651287	0.669949	2
10	118000001	0.815779	0.669949	2
10	119000001	0.843136	0.669949	2
10	120000001	0.588542	0.669949	2
10	121000001	0.739167	0.669949	2
10	122000001	0.88768	0.669949	2
10	123000001	0.65254	0.669949	2
10	124000001	0.701901	0.669949	2
10	125000001	0.627557	0.669949	2
10	126000001	2.37938	2.37938	7
10	127000001	0.754037	0.719546	2
10	128000001	0.604001	0.719546	2
10	129000001	0.655116	0.719546	2
10	130000001	0.718918	0.719546	2
10	131000001	0.719546	0.719546	2
10	132000001	0.772302	0.719546	2
10	133000001	1.92491	0.719546	2
11	1	0.975475	1.03402	3
11	1000001	1.08333	1.03402	3
11	2000001	1.09502	1.03402	3
11	3000001	1.03402	1.03402	3
11	4000001	0.960238	1.03402	3
11	5000001	1.01904	1.03402	3
11	6000001	1.28468	1.03402	3
11	7000001	1.08235	1.03402	3
11	8000001	1.02699	1.03402	3
11	9000001	0.949821	1.03402	3
11	10000001	1.1014	1.03402	3
11	11000001	1.84445	1.84445	6
11	12000001	1.14421	1.14421	3
11	13000001	0.773015	0.836924	3
11	14000001	1.03167	0.836924	3
11	15000001	0.900834	0.836924	3
11	16000001	0.711224	0.836924	3
11	17000001	1.089	0.987395	3
11	18000001	0.885792	0.987395	3
11	19000001	1.10499	1.20456	4
11	20000001	1.30412	1.20456	4
11	21000001	0.734416	0.966835	3
11	22000001	1.12197	0.966835	3
11	23000001	1.12051	0.966835	3
11	24000001	0.905886	0.966835	3
11	25000001	0.884854	0.966835	3
11	26000001	1.08285	0.966835	3
11	27000001	0.994784	0.966835	3
11	28000001	1.01163	0.966835	3
11	29000001	0.837123	0.966835	3
11	30000001	0.948079	0.966835	3
11	31000001	0.980834	0.966835	3
11	32000001	0.998236	0.966835	3
11	33000001	1.21724	0.966835	3
11	34000001	1.12163	0.966835	3
11	35000001	1.05451	0.966835	3
11	36000001	0.990045	0.966835	3
11	37000001	0.934547	0.966835	3
11	38000001	0.853266	0.966835	3
11	39000001	0.808426	0.966835	3
11	40000001	0.967127	0.966835	3
11	41000001	0.923807	0.966835	3
11	42000001	0.896445	0.966835	3
11	43000001	0.946863	0.966835	3
11	44000001	1.02927	0.966835	3
11	45000001	0.966835	0.966835	3
11	46000001	0.831317	0.966835	3
11	47000001	1.22553	0.966835	3
11	48000001	0.975326	0.966835	3
11	49000001	0.878793	0.966835	3
11	50000001	0.95528	0.966835	3
11	51000001	0.993712	0.966835	3
11	52000001	1.04337	0.966835	3
11	53000001	1.0873	0.966835	3
11	54000001	0.958796	0.966835	3
11	55000001	0.819103	0.966835	3
11	56000001	1.18048	0.966835	3
11	57000001	0.88589	0.966835	3
11	58000001	0.995326	0.966835	3
11	59000001	0.875268	0.966835	3
11	60000001	0.808244	0.966835	3
11	61000001	0.960176	0.966835	3
11	62000001	1.1497	1.05955	3
11	63000001	1.09929	1.05955	3
11	64000001	1.07025	1.05955	3
11	65000001	1.04961	1.05955	3
11	66000001	0.875384	1.05955	3
11	67000001	0.934175	1.05955	3
11	68000001	0.954068	1.05955	3
11	69000001	1.33762	1.05955	3
11	70000001	1.1403	1.05955	3
11	71000001	1.10923	1.05955	3
11	72000001	1.05438	1.05955	3
11	73000001	1.08143	1.05955	3
11	74000001	1.06471	1.05955	3
11	75000001	0.712894	1.05955	3
11	76000001	1.14281	1.05955	3
11	77000001	0.872894	1.05955	3
11	78000001	1.05182	1.05955	3
11	79000001	1.22656	1.05955	3
11	80000001	1.12193	1.05955	3
11	81000001	1.02396	1.05955	3
11	82000001	0.959888	1.05955	3
11	83000001	1.01272	1.05955	3
11	84000001	0.780612	0.862945	3
11	85000001	0.83574	0.862945	3
11	86000001	1.09034	0.862945	3
11	87000001	0.777604	0.862945	3
11	88000001	0.892788	0.862945	3
11	89000001	0.900746	0.862945	3
11	90000001	0.851278	0.862945	3
11	91000001	0.874611	0.862945	3
11	92000001	1.01943	0.985404	3
11	93000001	0.98104	0.985404	3
11	94000001	0.931375	0.985404	3
11	95000001	0.985404	0.985404	3
11	96000001	1.22172	0.985404	3
11	97000001	1.11498	0.985404	3
11	98000001	1.04565	0.985404	3
11	99000001	0.960591	0.985404	3
11	100000001	0.843769	0.985404	3
11	101000001	1.16079	0.985404	3
11	102000001	0.908415	0.985404	3
11	103000001	1.08196	1.24227	4
11	104000001	1.40257	1.24227	4
11	105000001	0.974281	0.951785	3
11	106000001	0.875432	0.951785	3
11	107000001	0.93072	0.951785	3
11	108000001	0.845869	0.951785	3
11	109000001	1.18744	0.951785	3
11	110000001	0.908471	0.951785	3
11	111000001	1.0281	0.951785	3
11	112000001	0.951785	0.951785	3
11	113000001	0.952727	0.951785	3
11	114000001	0.760866	0.951785	3
11	115000001	1.00832	0.951785	3
11	116000001	0.794714	0.951785	3
11	117000001	0.964646	0.951785	3
11	118000001	0.807059	0.951785	3
11	119000001	0.986619	0.951785	3
11	120000001	0.91302	0.951785	3
11	121000001	1.04699	0.951785	3
11	122000001	1.03463	0.951785	3
11	123000001	1.08079	0.951785	3
11	124000001	0.782815	0.951785	3
11	125000001	0.846622	0.951785	3
11	126000001	1.13593	1.06884	3
11	127000001	1.08339	1.06884	3
11	128000001	1.11825	1.06884	3
11	129000001	0.981807	1.06884	3
11	130000001	0.846947	1.06884	3
11	131000001	1.21811	1.06884	3
11	132000001	1.14779	1.06884	3
11	133000001	0.893361	1.06884	3
11	134000001	1.05429	1.06884	3
11	135000001	0.800804	1.06884	3
12	1	0.592682	0.758196	2
12	1000001	0.583951	0.758196	2
12	2000001	0.766972	0.758196	2
12	3000001	0.846479	0.758196	2
12	4000001	0.795091	0.758196	2
12	5000001	0.831867	0.758196	2
12	6000001	0.758996	0.758196	2
12	7000001	0.854384	0.758196	2
12	8000001	0.875778	0.758196	2
12	9000001	0.563284	0.758196	2
12	10000001	0.640602	0.758196	2
12	11000001	0.725047	0.758196	2
12	12000001	0.836437	0.758196	2
12	13000001	0.614441	0.758196	2
12	14000001	0.760676	0.758196	2
12	15000001	0.758196	0.758196	2
12	16000001	0.69026	0.758196	2
12	17000001	0.595886	0.758196	2
12	18000001	0.949333	0.758196	2
12	19000001	0.604649	0.758196	2
12	20000001	0.53561	0.758196	2
12	21000001	0.716876	0.758196	2
12	22000001	0.833385	0.758196	2
12	23000001	1.04968	1.02467	3
12	24000001	0.853994	1.02467	3
12	25000001	0.971308	1.02467	3
12	26000001	1.16385	1.02467	3
12	27000001	0.926823	1.02467	3
12	28000001	1.02711	1.02467	3
12	29000001	1.01905	1.02467	3
12	30000001	1.04582	1.02467	3
12	31000001	0.950399	1.02467	3
12	32000001	0.924897	1.02467	3
12	33000001	0.952928	1.02467	3
12	34000001	1.08325	1.02467	3
12	35000001	1.04667	1.02467	3
12	36000001	1.2754	1.02467	3
12	37000001	1.09452	1.02467	3
12	38000001	1.32274	1.02467	3
12	39000001	1.10495	1.02467	3
12	40000001	1.0842	1.02467	3
12	41000001	0.88015	1.02467	3
12	42000001	0.885053	1.02467	3
12	43000001	0.998981	1.02467	3
12	44000001	1.04915	1.02467	3
12	45000001	0.903044	1.02467	3
12	46000001	0.966875	1.02467	3
12	47000001	1.17535	1.02467	3
12	48000001	1.46868	1.02467	3
12	49000001	0.776409	1.02467	3
12	50000001	0.958271	1.02467	3
12	51000001	1.26785	1.02467	3
12	52000001	0.966832	1.02467	3
12	53000001	1.02415	1.02467	3
12	54000001	1.05366	1.02467	3
12	55000001	0.969672	1.02467	3
12	56000001	0.984948	1.02467	3
12	57000001	0.990737	1.02467	3
12	58000001	1.12615	1.02467	3
12	59000001	0.740944	1.02467	3
12	60000001	1.00719	1.02467	3
12	61000001	0.885271	1.02467	3
12	62000001	1.00932	1.02467	3
12	63000001	1.05575	1.02467	3
12	64000001	1.07945	1.02467	3
12	65000001	1.14596	1.02467	3
12	66000001	1.09366	1.02467	3
12	67000001	0.914638	1.02467	3
12	68000001	0.88726	1.02467	3
12	69000001	1.11482	1.02467	3
12	70000001	1.06316	1.02467	3
12	71000001	1.06996	1.02467	3
12	72000001	0.970441	1.02467	3
12	73000001	1.17595	1.02467	3
12	74000001	0.984465	1.02467	3
12	75000001	1.25823	1.02467	3
12	76000001	1.33658	1.02467	3
12	77000001	1.10549	1.02467	3
12	78000001	0.833472	1.02467	3
12	79000001	1.06244	1.02467	3
12	80000001	1.0252	1.02467	3
12	81000001	1.1804	1.02467	3
12	82000001	0.941726	1.02467	3
12	83000001	1.08947	1.02467	3
12	84000001	1.27009	1.02467	3
12	85000001	0.880798	1.02467	3
12	86000001	0.764879	1.02467	3
12	87000001	0.930236	1.02467	3
12	88000001	1.15134	1.02467	3
12	89000001	1.23365	1.02467	3
12	90000001	1.09975	1.02467	3
12	91000001	1.05565	1.02467	3
12	92000001	1.09231	1.02467	3
12	93000001	0.875702	1.02467	3
12	94000001	0.911567	1.02467	3
12	95000001	0.912521	1.02467	3
12	96000001	0.955608	1.02467	3
12	97000001	0.75442	1.02467	3
12	98000001	1.00564	1.02467	3
12	99000001	0.946665	1.02467	3
12	100000001	1.12933	1.02467	3
12	101000001	1.00428	1.02467	3
12	102000001	1.01947	1.02467	3
12	103000001	1.04978	1.02467	3
12	104000001	1.09061	1.02467	3
12	105000001	0.913997	1.02467	3
12	106000001	1.11364	1.02467	3
12	107000001	1.01395	1.02467	3
12	108000001	1.08835	1.02467	3
12	109000001	0.929948	1.02467	3
12	110000001	0.772959	1.02467	3
12	111000001	1.06294	1.02467	3
12	112000001	1.18871	1.02467	3
12	113000001	0.94708	1.02467	3
12	114000001	1.06749	1.02467	3
12	115000001	1.08084	1.02467	3
12	116000001	0.99936	1.02467	3
12	117000001	1.03368	1.02467	3
12	118000001	0.751894	1.02467	3
12	119000001	1.10489	1.02467	3
12	120000001	0.912663	1.02467	3
12	121000001	1.22545	1.02467	3
12	122000001	0.86858	1.02467	3
12	123000001	1.13204	1.02467	3
12	124000001	1.00991	1.02467	3
12	125000001	0.943456	1.02467	3
12	126000001	1.04686	1.02467	3
12	127000001	0.887767	1.02467	3
12	128000001	1.04453	1.02467	3
12	129000001	1.29765	1.11337	3
12	130000001	1.01826	1.11337	3
12	131000001	1.32151	1.11337	3
12	132000001	1.11337	1.11337	3
12	133000001	0.929738	1.11337	3
13	1	-1	-1	2
13	1000001	-1	-1	2
13	2000001	-1	-1	2
13	3000001	-1	-1	2
13	4000001	-1	-1	2
13	5000001	-1	-1	2
13	6000001	-1	-1	2
13	7000001	-1	-1	2
13	8000001	-1	-1	2
13	9000001	-1	-1	2
13	10000001	-1	-1	2
13	11000001	-1	-1	2
13	12000001	-1	-1	2
13	13000001	-1	-1	2
13	14000001	-1	-1	2
13	15000001	-1	-1	2
13	16000001	0.975952	0.686831	2
13	17000001	1.01356	0.686831	2
13	18000001	0.766593	0.686831	2
13	19000001	0.682941	0.686831	2
13	20000001	0.756218	0.686831	2
13	21000001	0.613925	0.686831	2
13	22000001	0.865395	0.686831	2
13	23000001	0.532936	0.686831	2
13	24000001	0.832671	0.686831	2
13	25000001	0.484951	0.686831	2
13	26000001	0.862187	0.686831	2
13	27000001	0.70944	0.686831	2
13	28000001	0.672448	0.686831	2
13	29000001	0.560118	0.686831	2
13	30000001	0.687344	0.686831	2
13	31000001	0.794776	0.686831	2
13	32000001	0.715298	0.686831	2
13	33000001	0.761937	0.686831	2
13	34000001	0.673434	0.686831	2
13	35000001	0.890497	0.686831	2
13	36000001	0.889278	0.686831	2
13	37000001	1.01262	0.686831	2
13	38000001	0.669324	0.686831	2
13	39000001	0.684476	0.686831	2
13	40000001	0.629325	0.686831	2
13	41000001	1.1469	0.686831	2
13	42000001	0.631179	0.686831	2
13	43000001	0.802752	0.686831	2
13	44000001	0.655283	0.686831	2
13	45000001	0.885873	0.686831	2
13	46000001	0.624563	0.686831	2
13	47000001	0.864308	0.686831	2
13	48000001	0.782437	0.686831	2
13	49000001	0.59194	0.686831	2
13	50000001	0.619862	0.686831	2
13	51000001	0.576268	0.686831	2
13	52000001	0.758012	0.686831	2
13	53000001	0.711664	0.686831	2
13	54000001	0.573822	0.686831	2
13	55000001	0.576595	0.686831	2
13	56000001	0.547677	0.686831	2
13	57000001	0.787777	0.686831	2
13	58000001	0.797285	0.686831	2
13	59000001	0.602126	0.686831	2
13	60000001	0.60271	0.686831	2
13	61000001	0.571932	0.686831	2
13	62000001	0.780426	0.686831	2
13	63000001	0.635278	0.686831	2
13	64000001	0.698896	0.686831	2
13	65000001	0.806349	0.686831	2
13	66000001	0.6552	0.686831	2
13	67000001	0.686318	0.686831	2
13	68000001	0.655577	0.686831	2
13	69000001	0.775403	0.686831	2
13	70000001	0.891366	0.686831	2
13	71000001	1.22603	0.686831	2
13	72000001	0.689511	0.686831	2
13	73000001	0.621501	0.686831	2
13	74000001	0.582862	0.686831	2
13	75000001	0.535754	0.686831	2
13	76000001	0.684662	0.686831	2
13	77000001	0.750976	0.686831	2
13	78000001	0.658244	0.686831	2
13	79000001	0.645715	0.686831	2
13	80000001	2.22609	2.22609	7
13	81000001	0.729679	0.681988	2
13	82000001	0.669512	0.681988	2
13	83000001	0.504561	0.681988	2
13	84000001	0.752357	0.681988	2
13	85000001	0.599031	0.681988	2
13	86000001	0.965687	0.681988	2
13	87000001	0.674478	0.681988	2
13	88000001	0.689498	0.681988	2
13	89000001	1.28932	1.28932	4
13	90000001	4.48165	4.08176	12
13	91000001	3.68187	4.08176	12
13	92000001	1.8958	1.6914	5
13	93000001	1.48701	1.6914	5
13	94000001	0.883671	0.626173	2
13	95000001	0.668009	0.626173	2
13	96000001	0.618504	0.626173	2
13	97000001	0.576976	0.626173	2
13	98000001	0.589834	0.626173	2
13	99000001	0.625319	0.626173	2
13	100000001	0.574175	0.626173	2
13	101000001	0.687915	0.626173	2
13	102000001	0.534107	0.626173	2
13	103000001	0.659565	0.626173	2
13	104000001	0.626173	0.626173	2
13	105000001	0.668737	0.626173	2
13	106000001	0.840844	0.626173	2
13	107000001	1.72463	1.72463	5
13	108000001	0.661336	0.769863	2
13	109000001	0.769863	0.769863	2
13	110000001	0.544535	0.769863	2
13	111000001	0.879104	0.769863	2
13	112000001	0.799108	0.769863	2
13	113000001	0.867752	0.769863	2
13	114000001	0.560515	0.769863	2
14	1	-1	-1	4
14	1000001	-1	-1	4
14	2000001	-1	-1	4
14	3000001	-1	-1	4
14	4000001	-1	-1	4
14	5000001	-1	-1	4
14	6000001	-1	-1	4
14	7000001	-1	-1	4
14	8000001	-1	-1	4
14	9000001	-1	-1	4
14	10000001	-1	-1	4
14	11000001	-1	-1	4
14	12000001	-1	-1	4
14	13000001	-1	-1	4
14	14000001	-1	-1	4
14	15000001	-1	-1	4
14	16000001	1.23613	1.23613	4
14	17000001	0.865678	0.975063	3
14	18000001	0.975063	0.975063	3
14	19000001	1.17528	0.975063	3
14	20000001	0.678001	0.652952	2
14	21000001	0.605467	0.652952	2
14	22000001	0.761977	0.652952	2
14	23000001	0.527523	0.652952	2
14	24000001	0.644918	0.652952	2
14	25000001	0.656945	0.652952	2
14	26000001	0.633082	0.652952	2
14	27000001	0.716718	0.652952	2
14	28000001	0.688867	0.652952	2
14	29000001	0.952056	0.652952	2
14	30000001	0.700984	0.652952	2
14	31000001	0.799772	0.652952	2
14	32000001	0.725337	0.652952	2
14	33000001	0.647944	0.652952	2
14	34000001	0.651668	0.652952	2
14	35000001	0.638235	0.652952	2
14	36000001	0.737131	0.652952	2
14	37000001	0.654236	0.652952	2
14	38000001	0.717538	0.652952	2
14	39000001	0.63363	0.652952	2
14	40000001	0.921623	0.652952	2
14	41000001	0.640039	0.652952	2
14	42000001	0.658229	0.652952	2
14	43000001	0.873441	0.652952	2
14	44000001	0.598759	0.652952	2
14	45000001	0.717642	0.652952	2
14	46000001	0.63565	0.652952	2
14	47000001	0.532412	0.652952	2
14	48000001	0.62089	0.652952	2
14	49000001	0.571986	0.652952	2
14	50000001	0.499807	0.652952	2
14	51000001	0.64311	0.652952	2
14	52000001	0.649218	0.652952	2
14	53000001	0.640022	0.652952	2
14	54000001	0.845742	0.652952	2
14	55000001	0.61848	0.652952	2
14	56000001	0.831111	0.652952	2
14	57000001	0.555822	0.652952	2
14	58000001	0.687681	0.652952	2
14	59000001	0.782906	0.652952	2
14	60000001	1.58987	1.58987	5
14	61000001	0.785938	0.730267	2
14	62000001	0.765547	0.730267	2
14	63000001	0.702829	0.730267	2
14	64000001	0.729903	0.730267	2
14	65000001	0.664454	0.730267	2
14	66000001	0.632154	0.730267	2
14	67000001	0.883529	0.730267	2
14	68000001	0.480256	0.730267	2
14	69000001	0.7886	0.730267	2
14	70000001	0.707496	0.730267	2
14	71000001	0.796448	0.730267	2
14	72000001	0.83301	0.730267	2
14	73000001	0.69521	0.730267	2
14	74000001	0.730632	0.730267	2
14	75000001	0.761848	0.730267	2
14	76000001	0.699089	0.730267	2
14	77000001	0.646505	0.730267	2
14	78000001	0.719917	0.730267	2
14	79000001	0.757372	0.730267	2
14	80000001	0.685476	0.730267	2
14	81000001	0.666043	0.730267	2
14	82000001	0.793936	0.730267	2
14	83000001	0.73858	0.730267	2
14	84000001	0.796918	0.730267	2
14	85000001	0.579946	0.730267	2
14	86000001	0.797225	0.730267	2
14	87000001	0.529173	0.730267	2
14	88000001	0.72074	0.730267	2
14	89000001	0.922439	0.730267	2
14	90000001	0.722334	0.730267	2
14	91000001	0.66295	0.730267	2
14	92000001	0.713238	0.730267	2
14	93000001	0.750942	0.730267	2
14	94000001	0.698159	0.730267	2
14	95000001	0.706749	0.730267	2
14	96000001	0.784825	0.730267	2
14	97000001	0.849512	0.730267	2
14	98000001	0.742704	0.730267	2
14	99000001	0.971099	0.730267	2
14	100000001	0.636546	0.730267	2
14	101000001	0.840486	0.730267	2
14	102000001	0.756042	0.730267	2
14	103000001	0.678445	0.730267	2
14	104000001	0.745953	0.730267	2
14	105000001	0.860943	0.730267	2
14	106000001	0.68884	0.730267	2
14	107000001	-1	-1	2
15	1	-1	-1	4
15	1000001	-1	-1	4
15	2000001	-1	-1	4
15	3000001	-1	-1	4
15	4000001	-1	-1	4
15	5000001	-1	-1	4
15	6000001	-1	-1	4
15	7000001	-1	-1	4
15	8000001	-1	-1	4
15	9000001	-1	-1	4
15	10000001	-1	-1	4
15	11000001	-1	-1	4
15	12000001	-1	-1	4
15	13000001	-1	-1	4
15	14000001	-1	-1	4
15	15000001	-1	-1	4
15	16000001	-1	-1	4
15	17000001	1.13064	1.19147	4
15	18000001	1.30674	1.19147	4
15	19000001	1.34414	1.19147	4
15	20000001	1.19147	1.19147	4
15	21000001	1.13247	1.19147	4
15	22000001	1.03398	1.02874	3
15	23000001	0.75303	1.02874	3
15	24000001	1.04516	1.02874	3
15	25000001	1.16047	1.02874	3
15	26000001	1.02874	1.02874	3
15	27000001	1.00908	1.02874	3
15	28000001	0.893802	1.02874	3
15	29000001	1.14083	1.02874	3
15	30000001	1.01497	1.02874	3
15	31000001	0.852556	1.02874	3
15	32000001	1.01706	1.02874	3
15	33000001	0.909174	1.02874	3
15	34000001	1.02728	1.02874	3
15	35000001	1.14644	1.02874	3
15	36000001	1.07563	1.02874	3
15	37000001	1.06783	1.02874	3
15	38000001	1.12664	1.02874	3
15	39000001	0.767207	0.938634	3
15	40000001	1.00625	0.938634	3
15	41000001	1.03629	0.938634	3
15	42000001	0.871018	0.938634	3
15	43000001	1.27069	1.2364	4
15	44000001	1.08312	1.2364	4
15	45000001	1.2364	1.2364	4
15	46000001	0.995824	0.991684	3
15	47000001	0.932184	0.991684	3
15	48000001	0.820647	0.991684	3
15	49000001	0.995254	0.991684	3
15	50000001	0.915157	0.991684	3
15	51000001	1.0606	0.991684	3
15	52000001	1.08087	0.991684	3
15	53000001	0.887414	0.991684	3
15	54000001	1.25578	0.991684	3
15	55000001	0.988114	0.991684	3
15	56000001	1.05596	0.991684	3
15	57000001	0.961863	0.991684	3
15	58000001	1.07968	0.991684	3
15	59000001	0.869515	0.991684	3
15	60000001	1.12446	1.132	3
15	61000001	1.132	1.132	3
15	62000001	1.33861	1.132	3
15	63000001	0.98437	0.964495	3
15	64000001	1.01817	0.964495	3
15	65000001	0.786516	0.964495	3
15	66000001	0.907378	0.964495	3
15	67000001	0.907423	0.964495	3
15	68000001	0.996526	0.964495	3
15	69000001	1.22211	0.964495	3
15	70000001	1.04649	0.964495	3
15	71000001	0.835451	0.964495	3
15	72000001	0.964495	0.964495	3
15	73000001	0.964516	0.964495	3
15	74000001	0.993954	0.964495	3
15	75000001	1.21852	0.964495	3
15	76000001	0.829785	0.964495	3
15	77000001	1.02803	0.964495	3
15	78000001	1.02051	0.964495	3
15	79000001	0.953124	0.964495	3
15	80000001	0.94699	0.964495	3
15	81000001	0.980046	0.964495	3
15	82000001	0.927784	0.964495	3
15	83000001	0.905976	0.964495	3
15	84000001	0.801672	0.964495	3
15	85000001	1.06374	0.964495	3
15	86000001	0.907944	0.964495	3
15	87000001	0.960884	0.964495	3
15	88000001	1.04375	0.964495	3
15	89000001	1.1845	0.964495	3
15	90000001	0.897469	0.964495	3
15	91000001	0.91425	0.964495	3
15	92000001	1.2079	0.964495	3
15	93000001	1.19973	0.964495	3
15	94000001	0.946508	0.964495	3
15	95000001	0.874809	0.964495	3
15	96000001	1.1478	0.964495	3
15	97000001	0.65098	0.964495	3
15	98000001	0.964289	0.964495	3
15	99000001	0.951948	0.964495	3
15	100000001	1.12937	0.964495	3
15	101000001	1.03739	0.964495	3
16	1	1.07652	0.973975	3
16	1000001	1.17382	0.973975	3
16	2000001	1.0183	0.973975	3
16	3000001	1.2459	0.973975	3
16	4000001	1.07172	0.973975	3
16	5000001	0.825447	0.973975	3
16	6000001	1.09572	0.973975	3
16	7000001	0.949874	0.973975	3
16	8000001	1.07717	0.973975	3
16	9000001	0.933104	0.973975	3
16	10000001	1.43255	0.973975	3
16	11000001	0.699867	0.973975	3
16	12000001	0.894218	0.973975	3
16	13000001	0.940769	0.973975	3
16	14000001	1.0219	0.973975	3
16	15000001	1.10447	0.973975	3
16	16000001	0.901631	0.973975	3
16	17000001	0.893069	0.973975	3
16	18000001	1.06752	0.973975	3
16	19000001	0.973975	0.973975	3
16	20000001	0.890353	0.973975	3
16	21000001	0.973491	0.973975	3
16	22000001	0.786976	0.973975	3
16	23000001	1.21374	0.973975	3
16	24000001	1.13125	0.973975	3
16	25000001	0.899816	0.973975	3
16	26000001	0.814189	0.973975	3
16	27000001	1.00013	0.973975	3
16	28000001	1.02133	0.973975	3
16	29000001	0.879449	0.973975	3
16	30000001	0.961747	0.973975	3
16	31000001	0.923991	0.973975	3
16	32000001	1.03757	0.973975	3
16	33000001	1.45525	1.66696	5
16	34000001	1.87867	1.66696	5
16	35000001	1.15355	1.01736	3
16	36000001	1.0474	1.01736	3
16	37000001	0.963638	1.01736	3
16	38000001	0.987317	1.01736	3
16	39000001	-1	-1	3
16	40000001	-1	-1	3
16	41000001	-1	-1	3
16	42000001	-1	-1	3
16	43000001	-1	-1	3
16	44000001	-1	-1	3
16	45000001	-1	-1	3
16	46000001	3.79384	3.79384	11
16	47000001	1.13663	1.05203	3
16	48000001	1.02202	1.05203	3
16	49000001	0.837131	1.05203	3
16	50000001	1.03431	1.05203	3
16	51000001	1.08705	1.05203	3
16	52000001	0.854279	1.05203	3
16	53000001	1.06365	1.05203	3
16	54000001	0.998529	1.05203	3
16	55000001	1.27912	1.05203	3
16	56000001	1.17363	1.05203	3
16	57000001	1.12589	1.05203	3
16	58000001	1.2441	1.05203	3
16	59000001	0.914975	1.05203	3
16	60000001	0.925497	1.05203	3
16	61000001	1.13246	1.05203	3
16	62000001	0.99184	1.05203	3
16	63000001	0.8485	1.05203	3
16	64000001	0.998138	1.05203	3
16	65000001	0.929314	1.05203	3
16	66000001	1.31687	1.05203	3
16	67000001	1.1023	1.05203	3
16	68000001	1.11324	1.05203	3
16	69000001	1.12699	1.05203	3
16	70000001	0.855199	1.05203	3
16	71000001	1.09513	1.05203	3
16	72000001	0.837943	1.05203	3
16	73000001	0.870469	1.05203	3
16	74000001	1.52783	1.05203	3
16	75000001	1.05203	1.05203	3
16	76000001	0.935084	1.05203	3
16	77000001	1.09377	1.05203	3
16	78000001	1.39337	1.36326	4
16	79000001	1.52034	1.36326	4
16	80000001	1.36195	1.36326	4
16	81000001	1.34847	1.36326	4
16	82000001	1.08188	1.36326	4
16	83000001	1.55673	1.36326	4
16	84000001	1.64349	1.36326	4
16	85000001	1.23606	1.36326	4
16	86000001	1.36326	1.36326	4
16	87000001	1.0876	1.36326	4
16	88000001	1.52144	1.36326	4
16	89000001	0.920582	1.04564	3
16	90000001	1.17071	1.04564	3
17	1	0.967048	0.821643	2
17	1000001	0.887744	0.821643	2
17	2000001	0.736028	0.821643	2
17	3000001	0.755541	0.821643	2
17	4000001	0.621695	0.666866	2
17	5000001	0.690631	0.666866	2
17	6000001	0.792086	0.666866	2
17	7000001	0.85355	0.666866	2
17	8000001	0.719913	0.666866	2
17	9000001	0.744967	0.666866	2
17	10000001	0.608347	0.666866	2
17	11000001	0.639067	0.666866	2
17	12000001	0.709166	0.666866	2
17	13000001	0.64465	0.666866	2
17	14000001	0.59432	0.666866	2
17	15000001	0.666556	0.666866	2
17	16000001	0.848252	0.666866	2
17	17000001	0.667175	0.666866	2
17	18000001	0.57434	0.666866	2
17	19000001	0.614911	0.666866	2
17	20000001	0.66196	0.666866	2
17	21000001	0.910727	0.666866	2
17	22000001	0.81321	0.666866	2
17	23000001	0.643095	0.666866	2
17	24000001	0.567777	0.666866	2
17	25000001	0.92	0.666866	2
17	26000001	1.8344	1.45361	4
17	27000001	1.07283	1.45361	4
17	28000001	0.966798	0.964556	3
17	29000001	1.07008	0.964556	3
17	30000001	1.00836	0.964556	3
17	31000001	0.94167	0.964556	3
17	32000001	1.03349	0.964556	3
17	33000001	1.03297	0.964556	3
17	34000001	1.17202	0.964556	3
17	35000001	0.886079	0.964556	3
17	36000001	0.899754	0.964556	3
17	37000001	0.92654	0.964556	3
17	38000001	1.09257	0.964556	3
17	39000001	1.11933	0.964556	3
17	40000001	0.828136	0.964556	3
17	41000001	1.01116	0.964556	3
17	42000001	1.0418	0.964556	3
17	43000001	1.11496	0.964556	3
17	44000001	1.06285	0.964556	3
17	45000001	0.899052	0.964556	3
17	46000001	0.787332	0.964556	3
17	47000001	0.841361	0.964556	3
17	48000001	0.979056	0.964556	3
17	49000001	1.1451	0.964556	3
17	50000001	0.927082	0.964556	3
17	51000001	0.938343	0.964556	3
17	52000001	0.947129	0.964556	3
17	53000001	0.91473	0.964556	3
17	54000001	1.04568	0.964556	3
17	55000001	0.827216	0.964556	3
17	56000001	1.13026	0.964556	3
17	57000001	0.904775	0.964556	3
17	58000001	0.974879	0.964556	3
17	59000001	1.06374	0.964556	3
17	60000001	0.950422	0.964556	3
17	61000001	0.912819	0.964556	3
17	62000001	1.27742	0.964556	3
17	63000001	0.690622	0.964556	3
17	64000001	0.882498	0.964556	3
17	65000001	0.952433	0.964556	3
17	66000001	0.956636	0.964556	3
17	67000001	1.21136	0.964556	3
17	68000001	1.07702	0.964556	3
17	69000001	0.879931	0.964556	3
17	70000001	0.992137	0.964556	3
17	71000001	0.962314	0.964556	3
17	72000001	1.1408	1.1408	3
17	73000001	1.1893	1.1408	3
17	74000001	1.19721	1.1408	3
17	75000001	1.03032	1.1408	3
17	76000001	0.982225	1.1408	3
17	77000001	1.77866	1.1408	3
17	78000001	1.26775	1.1408	3
17	79000001	0.958887	1.1408	3
17	80000001	0.967404	1.1408	3
17	81000001	2.35592	2.35592	7
17	82000001	0.849014	0.981299	3
17	83000001	1.11358	0.981299	3
18	1	2.64925	2.64925	8
18	1000001	1.19626	1.25763	4
18	2000001	1.06416	1.25763	4
18	3000001	1.26319	1.25763	4
18	4000001	1.18657	1.25763	4
18	5000001	1.25206	1.25763	4
18	6000001	1.26538	1.25763	4
18	7000001	1.53075	1.25763	4
18	8000001	1.39551	1.25763	4
18	9000001	1.35753	1.25763	4
18	10000001	1.1521	1.25763	4
18	11000001	1.05685	1.0313	3
18	12000001	0.651458	1.0313	3
18	13000001	1.0313	1.0313	3
18	14000001	1.28966	1.3318	4
18	15000001	1.13362	1.3318	4
18	16000001	1.44321	1.3318	4
18	17000001	1.37394	1.3318	4
18	18000001	1.77104	1.77104	5
18	19000001	1.83717	1.77104	5
18	20000001	1.60442	1.77104	5
18	21000001	1.16192	1.3123	4
18	22000001	1.16828	1.3123	4
18	23000001	1.32822	1.3123	4
18	24000001	1.27334	1.3123	4
18	25000001	1.35081	1.3123	4
18	26000001	1.5069	1.3123	4
18	27000001	1.3123	1.3123	4
18	28000001	0.949647	1.04587	3
18	29000001	1.19682	1.04587	3
18	30000001	0.80421	1.04587	3
18	31000001	1.15966	1.04587	3
18	32000001	1.12933	1.04587	3
18	33000001	1.02089	1.04587	3
18	34000001	0.912409	1.04587	3
18	35000001	1.03651	1.04587	3
18	36000001	0.987244	1.04587	3
18	37000001	1.05928	1.04587	3
18	38000001	0.807692	1.04587	3
18	39000001	1.14846	1.04587	3
18	40000001	1.10446	1.04587	3
18	41000001	0.894904	1.04587	3
18	42000001	1.16233	1.04587	3
18	43000001	1.05234	1.04587	3
18	44000001	1.19319	1.04587	3
18	45000001	1.20553	1.04587	3
18	46000001	1.08954	1.04587	3
18	47000001	1.0595	1.04587	3
18	48000001	0.602034	1.04587	3
18	49000001	1.04587	1.04587	3
18	50000001	1.08326	1.04587	3
18	51000001	0.92804	1.04587	3
18	52000001	0.930927	1.04587	3
18	53000001	1.03751	1.04587	3
18	54000001	0.982876	1.04587	3
18	55000001	0.863282	1.04587	3
18	56000001	1.16437	1.04587	3
18	57000001	1.14153	1.04587	3
18	58000001	0.886541	1.04587	3
18	59000001	0.917265	1.04587	3
18	60000001	1.13077	1.04587	3
18	61000001	1.73493	1.73493	5
18	62000001	0.929027	0.897207	3
18	63000001	0.897207	0.897207	3
18	64000001	0.847402	0.897207	3
18	65000001	1.29166	1.04306	3
18	66000001	0.970299	1.04306	3
18	67000001	1.00073	1.04306	3
18	68000001	1.14391	1.04306	3
18	69000001	1.10355	1.04306	3
18	70000001	1.04306	1.04306	3
18	71000001	1.00794	1.04306	3
18	72000001	1.27935	1.17324	4
18	73000001	1.11618	1.17324	4
18	74000001	1.1487	1.17324	4
18	75000001	1.16076	1.17324	4
18	76000001	1.17324	1.17324	4
18	77000001	1.5498	1.17324	4
18	78000001	1.00062	1.17324	4
18	79000001	1.17719	1.17324	4
18	80000001	1.27805	1.17324	4
19	1	1.03873	1.03873	3
19	1000001	0.978682	1.03873	3
19	2000001	0.945772	1.03873	3
19	3000001	1.17344	1.03873	3
19	4000001	0.936138	1.03873	3
19	5000001	1.02075	1.03873	3
19	6000001	1.16331	1.03873	3
19	7000001	1.31034	1.03873	3
19	8000001	1.12368	1.03873	3
19	9000001	1.01002	1.03873	3
19	10000001	0.988984	1.03873	3
19	11000001	0.97332	1.03873	3
19	12000001	0.885888	1.03873	3
19	13000001	1.01905	1.03873	3
19	14000001	1.17613	1.03873	3
19	15000001	0.896697	1.03873	3
19	16000001	1.52462	1.03873	3
19	17000001	1.10309	1.03873	3
19	18000001	1.05697	1.03873	3
19	19000001	1.10736	1.03873	3
19	20000001	1.17066	1.03873	3
19	21000001	1.02617	1.03873	3
19	22000001	0.938299	1.03873	3
19	23000001	1.06513	1.03873	3
19	24000001	1.34246	1.03873	3
19	25000001	2.09791	1.97589	6
19	26000001	1.85388	1.97589	6
19	27000001	1.31364	1.13132	3
19	28000001	1.05745	1.13132	3
19	29000001	1.02167	1.13132	3
19	30000001	0.935448	1.13132	3
19	31000001	1.40392	1.13132	3
19	32000001	1.10843	1.13132	3
19	33000001	1.13499	1.13132	3
19	34000001	1.17676	1.13132	3
19	35000001	1.07403	1.13132	3
19	36000001	1.46059	1.13132	3
19	37000001	1.13132	1.13132	3
19	38000001	1.01189	1.02813	3
19	39000001	1.09659	1.02813	3
19	40000001	1.08907	1.02813	3
19	41000001	1.02813	1.02813	3
19	42000001	1.04403	1.02813	3
19	43000001	1.0369	1.02813	3
19	44000001	1.16282	1.02813	3
19	45000001	1.02305	1.02813	3
19	46000001	1.03116	1.02813	3
19	47000001	1.15151	1.02813	3
19	48000001	1.07771	1.02813	3
19	49000001	0.937354	1.02813	3
19	50000001	0.955853	1.02813	3
19	51000001	1.01245	1.02813	3
19	52000001	0.954645	1.02813	3
19	53000001	1.04059	1.02813	3
19	54000001	0.910692	1.02813	3
19	55000001	0.943219	1.02813	3
19	56000001	0.845031	1.02813	3
19	57000001	1.12301	1.02813	3
19	58000001	1.01449	1.02813	3
2	1	1.03633	0.99035	3
2	1000001	1.01464	0.99035	3
2	2000001	0.83494	0.99035	3
2	3000001	0.850838	0.99035	3
2	4000001	0.876583	0.99035	3
2	5000001	0.736849	0.99035	3
2	6000001	0.865292	0.99035	3
2	7000001	0.970283	0.99035	3
2	8000001	1.08566	0.99035	3
2	9000001	1.22026	0.99035	3
2	10000001	1.12819	0.99035	3
2	11000001	1.10628	0.99035	3
2	12000001	0.806082	0.99035	3
2	13000001	0.777532	0.99035	3
2	14000001	1.19888	0.99035	3
2	15000001	0.939938	0.99035	3
2	16000001	1.02512	0.99035	3
2	17000001	1.07263	0.99035	3
2	18000001	1.14684	0.99035	3
2	19000001	1.22144	0.99035	3
2	20000001	1.12745	0.99035	3
2	21000001	0.86882	0.99035	3
2	22000001	0.811461	0.99035	3
2	23000001	0.957833	0.99035	3
2	24000001	0.99573	0.99035	3
2	25000001	0.895099	0.99035	3
2	26000001	0.851155	0.99035	3
2	27000001	1.07813	0.99035	3
2	28000001	1.13809	0.99035	3
2	29000001	1.16389	0.99035	3
2	30000001	0.890587	0.99035	3
2	31000001	0.944735	0.99035	3
2	32000001	1.03141	0.99035	3
2	33000001	1.04843	0.99035	3
2	34000001	1.09329	0.99035	3
2	35000001	0.995915	0.99035	3
2	36000001	1.10476	0.99035	3
2	37000001	0.957358	0.99035	3
2	38000001	1.07758	0.99035	3
2	39000001	1.18304	0.99035	3
2	40000001	1.01996	0.99035	3
2	41000001	0.976185	0.99035	3
2	42000001	1.04894	0.99035	3
2	43000001	0.918394	0.99035	3
2	44000001	0.8848	0.99035	3
2	45000001	1.0537	0.99035	3
2	46000001	1.00436	0.99035	3
2	47000001	0.994163	0.99035	3
2	48000001	1.1314	0.99035	3
2	49000001	0.88769	0.99035	3
2	50000001	1.25094	0.99035	3
2	51000001	0.783952	0.99035	3
2	52000001	0.805903	0.99035	3
2	53000001	1.2186	0.99035	3
2	54000001	0.983153	0.99035	3
2	55000001	1.0271	0.99035	3
2	56000001	0.817458	0.99035	3
2	57000001	1.52953	0.99035	3
2	58000001	0.76983	0.99035	3
2	59000001	0.999974	0.99035	3
2	60000001	0.938837	0.99035	3
2	61000001	1.14823	0.99035	3
2	62000001	0.925523	0.99035	3
2	63000001	1.00214	0.99035	3
2	64000001	0.920082	0.99035	3
2	65000001	0.9731	0.99035	3
2	66000001	0.965441	0.99035	3
2	67000001	1.03739	0.99035	3
2	68000001	0.99035	0.99035	3
2	69000001	1.11631	0.99035	3
2	70000001	0.924155	0.99035	3
2	71000001	1.20787	0.99035	3
2	72000001	1.01183	0.99035	3
2	73000001	0.963268	0.99035	3
2	74000001	0.804065	0.99035	3
2	75000001	0.889837	0.99035	3
2	76000001	0.926924	0.99035	3
2	77000001	0.747031	0.99035	3
2	78000001	0.684483	0.99035	3
2	79000001	0.766042	0.99035	3
2	80000001	1.03177	0.99035	3
2	81000001	0.877725	0.99035	3
2	82000001	0.877799	0.99035	3
2	83000001	1.83384	1.83384	6
2	84000001	1.16253	1.06554	3
2	85000001	1.16375	1.06554	3
2	86000001	1.14084	1.06554	3
2	87000001	0.921898	1.06554	3
2	88000001	1.0438	1.06554	3
2	89000001	1.0638	1.06554	3
2	90000001	1.2254	1.06554	3
2	91000001	1.05427	1.06554	3
2	92000001	1.31043	1.06554	3
2	93000001	1.45902	1.06554	3
2	94000001	0.785149	1.06554	3
2	95000001	1.01324	1.06554	3
2	96000001	0.981853	1.06554	3
2	97000001	1.06727	1.06554	3
2	98000001	0.966725	1.06554	3
2	99000001	1.57798	1.06554	3
2	100000001	0.929099	0.958742	3
2	101000001	1.03314	0.958742	3
2	102000001	0.998408	0.958742	3
2	103000001	0.938877	0.958742	3
2	104000001	0.729221	0.958742	3
2	105000001	0.999612	0.958742	3
2	106000001	0.817839	0.958742	3
2	107000001	0.870833	0.958742	3
2	108000001	0.983505	0.958742	3
2	109000001	1.04499	0.958742	3
2	110000001	0.869731	0.958742	3
2	111000001	1.09829	0.958742	3
2	112000001	0.962332	0.958742	3
2	113000001	0.996442	0.958742	3
2	114000001	0.889439	0.958742	3
2	115000001	0.599513	0.958742	3
2	116000001	1.05939	0.958742	3
2	117000001	0.936641	0.958742	3
2	118000001	0.818098	0.958742	3
2	119000001	1.00879	0.958742	3
2	120000001	1.1747	0.958742	3
2	121000001	1.0362	0.958742	3
2	122000001	0.975463	0.958742	3
2	123000001	1.16015	0.958742	3
2	124000001	1.29907	0.958742	3
2	125000001	0.858894	0.958742	3
2	126000001	0.77977	0.958742	3
2	127000001	0.955151	0.958742	3
2	128000001	0.882831	0.958742	3
2	129000001	0.892533	0.958742	3
2	130000001	1.21041	0.958742	3
2	131000001	0.752457	0.958742	3
2	132000001	1.1234	0.958742	3
2	133000001	0.873122	0.958742	3
2	134000001	1.12767	0.958742	3
2	135000001	0.936306	0.958742	3
2	136000001	0.884468	0.958742	3
2	137000001	0.911854	0.958742	3
2	138000001	0.894545	0.958742	3
2	139000001	1.02505	0.958742	3
2	140000001	0.931725	0.958742	3
2	141000001	1.26557	0.958742	3
2	142000001	0.850298	0.958742	3
2	143000001	1.06377	0.958742	3
2	144000001	1.21596	0.958742	3
2	145000001	0.87785	0.958742	3
2	146000001	1.21154	0.958742	3
2	147000001	1.22559	0.958742	3
2	148000001	1.8801	1.84917	6
2	149000001	1.84917	1.84917	6
2	150000001	1.82669	1.84917	6
2	151000001	1.53391	1.31921	4
2	152000001	1.36995	1.31921	4
2	153000001	1.29883	1.31921	4
2	154000001	1.14512	1.31921	4
2	155000001	1.27705	1.31921	4
2	156000001	1.40369	1.31921	4
2	157000001	1.18625	1.31921	4
2	158000001	1.44685	1.31921	4
2	159000001	1.39597	1.31921	4
2	160000001	1.31119	1.31921	4
2	161000001	1.4784	1.31921	4
2	162000001	1.14631	1.31921	4
2	163000001	1.71885	1.31921	4
2	164000001	1.27925	1.31921	4
2	165000001	1.2975	1.31921	4
2	166000001	1.37835	1.31921	4
2	167000001	1.33163	1.31921	4
2	168000001	1.20062	1.31921	4
2	169000001	1.67982	1.31921	4
2	170000001	1.02613	1.31921	4
2	171000001	1.2205	1.31921	4
2	172000001	1.62186	1.31921	4
2	173000001	1.34975	1.31921	4
2	174000001	1.68014	1.31921	4
2	175000001	1.54234	1.31921	4
2	176000001	1.54571	1.31921	4
2	177000001	1.16032	1.31921	4
2	178000001	1.42839	1.31921	4
2	179000001	1.06432	1.31921	4
2	180000001	1.38834	1.31921	4
2	181000001	1.21382	1.31921	4
2	182000001	1.42674	1.31921	4
2	183000001	1.31921	1.31921	4
2	184000001	1.2177	1.31921	4
2	185000001	0.865929	1.31921	4
2	186000001	1.30457	1.31921	4
2	187000001	1.26078	1.31921	4
2	188000001	0.88766	0.675182	2
2	189000001	0.613251	0.675182	2
2	190000001	0.838211	0.675182	2
2	191000001	0.583111	0.675182	2
2	192000001	0.615382	0.675182	2
2	193000001	0.652252	0.675182	2
2	194000001	1.6792	0.675182	2
2	195000001	0.761262	0.675182	2
2	196000001	0.750794	0.675182	2
2	197000001	0.656713	0.675182	2
2	198000001	0.793862	0.675182	2
2	199000001	0.71344	0.675182	2
2	200000001	0.787926	0.675182	2
2	201000001	0.4086	0.675182	2
2	202000001	0.511639	0.675182	2
2	203000001	0.659405	0.675182	2
2	204000001	0.526101	0.675182	2
2	205000001	0.639572	0.675182	2
2	206000001	0.848914	0.675182	2
2	207000001	0.774513	0.675182	2
2	208000001	0.826074	0.675182	2
2	209000001	0.650134	0.675182	2
2	210000001	0.601382	0.675182	2
2	211000001	0.431149	0.675182	2
2	212000001	0.707776	0.675182	2
2	213000001	0.643385	0.675182	2
2	214000001	0.756024	0.675182	2
2	215000001	0.814091	0.675182	2
2	216000001	0.64562	0.675182	2
2	217000001	0.675182	0.675182	2
2	218000001	0.686105	0.675182	2
2	219000001	0.609986	0.675182	2
2	220000001	0.832869	0.675182	2
2	221000001	0.630863	0.675182	2
2	222000001	0.608985	0.675182	2
2	223000001	0.635785	0.675182	2
2	224000001	0.757754	0.675182	2
2	225000001	1.48093	0.675182	2
2	226000001	0.772278	0.675182	2
2	227000001	0.627534	0.675182	2
2	228000001	0.625746	0.675182	2
2	229000001	0.721443	0.675182	2
2	230000001	0.575156	0.675182	2
2	231000001	0.619206	0.675182	2
2	232000001	0.819246	0.675182	2
2	233000001	0.609466	0.675182	2
2	234000001	0.589735	0.675182	2
2	235000001	0.793709	0.675182	2
2	236000001	0.7696	0.675182	2
2	237000001	0.730859	0.675182	2
2	238000001	1.14377	0.675182	2
2	239000001	0.668918	0.675182	2
2	240000001	0.856996	0.675182	2
2	241000001	0.855758	0.675182	2
2	242000001	0.617138	0.675182	2
20	1	1.9669	1.9669	6
20	1000001	0.782869	0.610073	2
20	2000001	0.610073	0.610073	2
20	3000001	0.6253	0.610073	2
20	4000001	0.391919	0.610073	2
20	5000001	0.771152	0.610073	2
20	6000001	0.564972	0.610073	2
20	7000001	0.524214	0.610073	2
20	8000001	0.982659	0.719975	2
20	9000001	0.721021	0.719975	2
20	10000001	0.675507	0.719975	2
20	11000001	0.916055	0.719975	2
20	12000001	0.711365	0.719975	2
20	13000001	0.720809	0.719975	2
20	14000001	0.653485	0.719975	2
20	15000001	0.819477	0.719975	2
20	16000001	0.502818	0.719975	2
20	17000001	0.832572	0.719975	2
20	18000001	0.92013	0.719975	2
20	19000001	0.719141	0.719975	2
20	20000001	0.69403	0.719975	2
20	21000001	0.580761	0.719975	2
20	22000001	0.925486	0.719975	2
20	23000001	0.633001	0.719975	2
20	24000001	0.785355	0.719975	2
20	25000001	0.680227	0.719975	2
20	26000001	1.08458	1.03177	3
20	27000001	1.05049	1.03177	3
20	28000001	0.864879	1.03177	3
20	29000001	0.86705	1.03177	3
20	30000001	0.943664	1.03177	3
20	31000001	1.09814	1.03177	3
20	32000001	1.04394	1.03177	3
20	33000001	1.12661	1.03177	3
20	34000001	1.09627	1.03177	3
20	35000001	0.978376	1.03177	3
20	36000001	1.07354	1.03177	3
20	37000001	1.03839	1.03177	3
20	38000001	0.936676	1.03177	3
20	39000001	1.04108	1.03177	3
20	40000001	0.993199	1.03177	3
20	41000001	1.03239	1.03177	3
20	42000001	0.975591	1.03177	3
20	43000001	0.934676	1.03177	3
20	44000001	1.0767	1.03177	3
20	45000001	0.874365	1.03177	3
20	46000001	1.03177	1.03177	3
20	47000001	1.11845	1.03177	3
20	48000001	0.98226	1.03177	3
20	49000001	1.11803	1.03177	3
20	50000001	1.1062	1.03177	3
20	51000001	0.782638	1.03177	3
20	52000001	0.800577	1.03177	3
20	53000001	1.02261	1.03177	3
20	54000001	1.14896	1.03177	3
20	55000001	0.983094	1.03177	3
20	56000001	1.0026	1.03177	3
20	57000001	0.877106	1.03177	3
20	58000001	1.13797	1.03177	3
20	59000001	0.92593	1.03177	3
20	60000001	1.00546	1.03177	3
20	61000001	1.09048	1.03177	3
20	62000001	1.00636	1.03177	3
20	63000001	1.06393	1.03177	3
20	64000001	1.4515	1.03177	3
21	1	-1	-1	5
21	1000001	-1	-1	5
21	2000001	-1	-1	5
21	3000001	-1	-1	5
21	4000001	-1	-1	5
21	5000001	1.60757	1.66992	5
21	6000001	1.60865	1.66992	5
21	7000001	2.11193	1.66992	5
21	8000001	1.73119	1.66992	5
21	9000001	1.39892	1.66992	5
21	10000001	2.10492	1.66992	5
21	11000001	1.07605	0.978706	3
21	12000001	0.842566	0.978706	3
21	13000001	0.775306	0.978706	3
21	14000001	0.996584	0.978706	3
21	15000001	0.922846	0.978706	3
21	16000001	1.07244	0.978706	3
21	17000001	0.978706	0.978706	3
21	18000001	0.895929	0.978706	3
21	19000001	1.1014	0.978706	3
21	20000001	0.986301	0.978706	3
21	21000001	0.621662	0.978706	3
21	22000001	1.01058	0.978706	3
21	23000001	0.87177	0.978706	3
21	24000001	1.28219	1.23584	4
21	25000001	1.23584	1.23584	4
21	26000001	1.45101	1.23584	4
21	27000001	1.1909	1.23584	4
21	28000001	1.17549	1.23584	4
21	29000001	1.36122	1.40383	4
21	30000001	1.37898	1.40383	4
21	31000001	1.67376	1.40383	4
21	32000001	1.506	1.40383	4
21	33000001	1.31212	1.40383	4
21	34000001	1.42875	1.40383	4
21	35000001	1.58559	1.40383	4
21	36000001	1.58785	1.40383	4
21	37000001	1.41844	1.40383	4
21	38000001	1.32022	1.40383	4
21	39000001	1.513	1.40383	4
21	40000001	1.33129	1.40383	4
21	41000001	1.33742	1.40383	4
21	42000001	1.56437	1.40383	4
21	43000001	1.3768	1.40383	4
21	44000001	1.55562	1.40383	4
21	45000001	1.37235	1.40383	4
21	46000001	1.38921	1.40383	4
22	1	-1	-1	3
22	1000001	-1	-1	3
22	2000001	-1	-1	3
22	3000001	-1	-1	3
22	4000001	-1	-1	3
22	5000001	-1	-1	3
22	6000001	-1	-1	3
22	7000001	-1	-1	3
22	8000001	-1	-1	3
22	9000001	-1	-1	3
22	10000001	0.939014	1.05995	3
22	11000001	1.30744	1.05995	3
22	12000001	1.65583	1.05995	3
22	13000001	0.822214	1.05995	3
22	14000001	0.92065	1.05995	3
22	15000001	1.18088	1.05995	3
22	16000001	2.65709	1.66717	5
22	17000001	1.55779	1.66717	5
22	18000001	1.66717	1.66717	5
22	19000001	3.2351	3.59415	11
22	20000001	3.48594	3.59415	11
22	21000001	3.70235	3.59415	11
22	22000001	5.36958	3.59415	11
22	23000001	2.84754	2.84754	9
22	24000001	1.05078	0.724065	2
22	25000001	0.6828	0.724065	2
22	26000001	0.663893	0.724065	2
22	27000001	0.760845	0.724065	2
22	28000001	0.724065	0.724065	2
22	29000001	0.568161	0.724065	2
22	30000001	0.736249	0.724065	2
22	31000001	0.568149	0.724065	2
22	32000001	0.681308	0.724065	2
22	33000001	0.881093	0.724065	2
22	34000001	0.762624	0.724065	2
22	35000001	0.966127	0.724065	2
22	36000001	0.752779	0.724065	2
22	37000001	0.715889	0.724065	2
22	38000001	0.62067	0.724065	2
22	39000001	0.690454	0.724065	2
22	40000001	0.579469	0.724065	2
22	41000001	0.610464	0.724065	2
22	42000001	0.694213	0.724065	2
22	43000001	0.878514	0.724065	2
22	44000001	0.771808	0.724065	2
22	45000001	0.742203	0.724065	2
22	46000001	0.741882	0.724065	2
22	47000001	0.600725	0.724065	2
22	48000001	0.665825	0.724065	2
22	49000001	0.742714	0.724065	2
22	50000001	0.875724	0.724065	2
3	1	1.42261	1.28927	4
3	1000001	1.26572	1.28927	4
3	2000001	1.29797	1.28927	4
3	3000001	1.24549	1.28927	4
3	4000001	1.24967	1.28927	4
3	5000001	1.1867	1.28927	4
3	6000001	1.8536	1.28927	4
3	7000001	1.11773	1.28927	4
3	8000001	1.37124	1.28927	4
3	9000001	1.31286	1.28927	4
3	10000001	1.55212	1.28927	4
3	11000001	1.25267	1.28927	4
3	12000001	1.28583	1.28927	4
3	13000001	1.31399	1.28927	4
3	14000001	1.43968	1.28927	4
3	15000001	1.23493	1.28927	4
3	16000001	1.17384	1.28927	4
3	17000001	1.69838	1.28927	4
3	18000001	1.0941	1.28927	4
3	19000001	1.06313	1.28927	4
3	20000001	1.29272	1.28927	4
3	21000001	1.22036	1.28927	4
3	22000001	1.30727	1.28927	4
3	23000001	1.31017	1.28927	4
3	24000001	1.09248	1.28927	4
3	25000001	1.22203	1.28927	4
3	26000001	1.33546	1.28927	4
3	27000001	1.31958	1.28927	4
3	28000001	1.59199	1.28927	4
3	29000001	1.40564	1.28927	4
3	30000001	1.67672	1.28927	4
3	31000001	1.45235	1.28927	4
3	32000001	1.18849	1.28927	4
3	33000001	1.33341	1.28927	4
3	34000001	1.28562	1.28927	4
3	35000001	1.19159	1.28927	4
3	36000001	1.32217	1.28927	4
3	37000001	1.28027	1.28927	4
3	38000001	1.15319	1.28927	4
3	39000001	1.27995	1.28927	4
3	40000001	1.51344	1.28927	4
3	41000001	1.32604	1.28927	4
3	42000001	1.20536	1.28927	4
3	43000001	1.27724	1.28927	4
3	44000001	1.36503	1.28927	4
3	45000001	1.22142	1.28927	4
3	46000001	1.20112	1.28927	4
3	47000001	1.36101	1.28927	4
3	48000001	0.918231	0.691274	2
3	49000001	0.665515	0.691274	2
3	50000001	0.662436	0.691274	2
3	51000001	0.601529	0.691274	2
3	52000001	0.624021	0.691274	2
3	53000001	0.733775	0.691274	2
3	54000001	0.786581	0.691274	2
3	55000001	0.845302	0.691274	2
3	56000001	0.847658	0.691274	2
3	57000001	0.744335	0.691274	2
3	58000001	0.719951	0.691274	2
3	59000001	0.589522	0.691274	2
3	60000001	0.506029	0.691274	2
3	61000001	0.440645	0.691274	2
3	62000001	0.571008	0.691274	2
3	63000001	0.677621	0.691274	2
3	64000001	0.658465	0.691274	2
3	65000001	0.72819	0.691274	2
3	66000001	0.799191	0.691274	2
3	67000001	0.634432	0.691274	2
3	68000001	0.655132	0.691274	2
3	69000001	0.429555	0.691274	2
3	70000001	0.744505	0.691274	2
3	71000001	0.647761	0.691274	2
3	72000001	0.665769	0.691274	2
3	73000001	0.583415	0.691274	2
3	74000001	0.695018	0.691274	2
3	75000001	1.1002	0.691274	2
3	76000001	0.599869	0.691274	2
3	77000001	0.944132	0.691274	2
3	78000001	0.653769	0.691274	2
3	79000001	0.714484	0.691274	2
3	80000001	0.802458	0.691274	2
3	81000001	0.771506	0.691274	2
3	82000001	0.579492	0.691274	2
3	83000001	0.700501	0.691274	2
3	84000001	0.89212	0.691274	2
3	85000001	0.577062	0.691274	2
3	86000001	0.614135	0.691274	2
3	87000001	0.598929	0.691274	2
3	88000001	0.682177	0.691274	2
3	89000001	0.80723	0.691274	2
3	90000001	0.773303	0.691274	2
3	91000001	0.74941	0.691274	2
3	92000001	0.619503	0.691274	2
3	93000001	0.76883	0.691274	2
3	94000001	0.648945	0.691274	2
3	95000001	0.616115	0.691274	2
3	96000001	0.664911	0.691274	2
3	97000001	0.800195	0.691274	2
3	98000001	0.893172	0.691274	2
3	99000001	0.715849	0.691274	2
3	100000001	0.908119	0.691274	2
3	101000001	0.633151	0.691274	2
3	102000001	0.664151	0.691274	2
3	103000001	0.661782	0.691274	2
3	104000001	0.638714	0.691274	2
3	105000001	0.683644	0.691274	2
3	106000001	0.767924	0.691274	2
3	107000001	0.64567	0.691274	2
3	108000001	0.828224	0.691274	2
3	109000001	0.613511	0.691274	2
3	110000001	0.751444	0.691274	2
3	111000001	0.650693	0.691274	2
3	112000001	0.562714	0.691274	2
3	113000001	0.748313	0.691274	2
3	114000001	0.577403	0.691274	2
3	115000001	0.754601	0.691274	2
3	116000001	0.781313	0.691274	2
3	117000001	0.708372	0.691274	2
3	118000001	0.608421	0.691274	2
3	119000001	0.691167	0.691274	2
3	120000001	0.691381	0.691274	2
3	121000001	0.672449	0.691274	2
3	122000001	0.943686	0.691274	2
3	123000001	0.616744	0.691274	2
3	124000001	0.604462	0.691274	2
3	125000001	0.733276	0.691274	2
3	126000001	0.565825	0.691274	2
3	127000001	0.747331	0.691274	2
3	128000001	0.615906	0.691274	2
3	129000001	0.761804	0.691274	2
3	130000001	0.748678	0.691274	2
3	131000001	0.828677	0.691274	2
3	132000001	0.919004	0.691274	2
3	133000001	0.721978	0.691274	2
3	134000001	0.902735	0.691274	2
3	135000001	0.686134	0.691274	2
3	136000001	0.647431	0.691274	2
3	137000001	0.782232	0.691274	2
3	138000001	0.808315	0.691274	2
3	139000001	0.804551	0.691274	2
3	140000001	1.00495	1.03976	3
3	141000001	1.14783	1.03976	3
3	142000001	0.841197	1.03976	3
3	143000001	1.48532	1.03976	3
3	144000001	0.940629	1.03976	3
3	145000001	1.07007	1.03976	3
3	146000001	1.32421	1.03976	3
3	147000001	0.779447	1.03976	3
3	148000001	1.08999	1.03976	3
3	149000001	1.0953	1.03976	3
3	150000001	1.1105	1.03976	3
3	151000001	0.97962	1.03976	3
3	152000001	1.22564	1.03976	3
3	153000001	0.904985	1.03976	3
3	154000001	1.12837	1.03976	3
3	155000001	1.02636	1.03976	3
3	156000001	0.990593	1.03976	3
3	157000001	1.1772	1.03976	3
3	158000001	0.963753	1.03976	3
3	159000001	1.04282	1.03976	3
3	160000001	1.1422	1.03976	3
3	161000001	1.05649	1.03976	3
3	162000001	1.0993	1.03976	3
3	163000001	0.928692	1.03976	3
3	164000001	0.842807	1.03976	3
3	165000001	0.947105	1.03976	3
3	166000001	0.891184	1.03976	3
3	167000001	1.12923	1.03976	3
3	168000001	0.846488	1.03976	3
3	169000001	1.12788	1.03976	3
3	170000001	0.905174	1.03976	3
3	171000001	1.0549	1.03976	3
3	172000001	1.20143	1.03976	3
3	173000001	1.03545	1.03976	3
3	174000001	1.16536	1.03976	3
3	175000001	1.05345	1.03976	3
3	176000001	1.00501	1.03976	3
3	177000001	1.21707	1.03976	3
3	178000001	1.1175	1.03976	3
3	179000001	0.993763	1.03976	3
3	180000001	0.867184	1.03976	3
3	181000001	1.0367	1.03976	3
3	182000001	0.908426	1.03976	3
3	183000001	0.978925	1.03976	3
3	184000001	1.05165	1.03976	3
3	185000001	0.994925	1.03976	3
3	186000001	1.12279	1.03976	3
3	187000001	0.957399	1.03976	3
3	188000001	1.37335	1.13275	3
3	189000001	0.940818	1.13275	3
3	190000001	1.25102	1.13275	3
3	191000001	1.21977	1.13275	3
3	192000001	1.0106	1.13275	3
3	193000001	1.11405	1.13275	3
3	194000001	1.14533	1.13275	3
3	195000001	1.13275	1.13275	3
3	196000001	0.953875	1.13275	3
3	197000001	1.1039	1.13275	3
3	198000001	1.50696	1.13275	3
4	1	1.0585	1.11824	3
4	1000001	0.952559	1.11824	3
4	2000001	1.14022	1.11824	3
4	3000001	1.10126	1.11824	3
4	4000001	1.1436	1.11824	3
4	5000001	1.21322	1.11824	3
4	6000001	1.00685	1.11824	3
4	7000001	0.959266	1.11824	3
4	8000001	1.13523	1.11824	3
4	9000001	0.859177	1.11824	3
4	10000001	1.27866	1.11824	3
4	11000001	1.13875	1.11824	3
4	12000001	0.929999	0.984486	3
4	13000001	0.984486	0.984486	3
4	14000001	0.832336	0.984486	3
4	15000001	1.08735	0.984486	3
4	16000001	0.840653	0.984486	3
4	17000001	1.03899	0.984486	3
4	18000001	1.07955	0.984486	3
4	19000001	1.16909	0.984486	3
4	20000001	0.939795	0.984486	3
4	21000001	0.801291	0.984486	3
4	22000001	0.932299	0.984486	3
4	23000001	0.981782	0.984486	3
4	24000001	1.20463	0.984486	3
4	25000001	0.902925	0.984486	3
4	26000001	1.079	0.984486	3
4	27000001	0.986055	0.984486	3
4	28000001	1.04889	0.984486	3
4	29000001	0.910697	0.984486	3
4	30000001	1.1813	0.984486	3
4	31000001	0.975537	0.984486	3
4	32000001	1.08444	0.984486	3
4	33000001	1.01655	0.984486	3
4	34000001	0.659948	0.984486	3
4	35000001	1.07027	0.984486	3
4	36000001	0.745135	0.984486	3
4	37000001	0.865486	0.984486	3
4	38000001	1.12142	0.984486	3
4	39000001	2.49277	2.49277	7
4	40000001	1.10348	1.10348	3
4	41000001	1.14282	1.10348	3
4	42000001	0.82625	1.10348	3
4	43000001	1.81087	1.81087	5
4	44000001	1.18993	1.01151	3
4	45000001	1.04667	1.01151	3
4	46000001	1.06769	1.01151	3
4	47000001	1.13444	1.01151	3
4	48000001	0.791496	1.01151	3
4	49000001	1.2951	1.01151	3
4	50000001	0.841462	1.01151	3
4	51000001	0.918238	1.01151	3
4	52000001	1.11519	1.01151	3
4	53000001	0.916789	1.01151	3
4	54000001	1.2193	1.01151	3
4	55000001	1.00426	1.01151	3
4	56000001	0.943398	1.01151	3
4	57000001	0.886164	1.01151	3
4	58000001	0.919911	1.01151	3
4	59000001	0.946167	1.01151	3
4	60000001	1.10488	1.01151	3
4	61000001	1.0116	1.01151	3
4	62000001	1.01141	1.01151	3
4	63000001	0.972283	1.01151	3
4	64000001	0.971622	1.01151	3
4	65000001	0.895129	1.01151	3
4	66000001	1.06291	1.01151	3
4	67000001	1.18175	1.01151	3
4	68000001	1.05715	1.01151	3
4	69000001	1.09364	1.01151	3
4	70000001	1.74224	1.74224	5
4	71000001	0.949901	0.963489	3
4	72000001	0.994151	0.963489	3
4	73000001	0.826459	0.963489	3
4	74000001	0.885914	0.963489	3
4	75000001	0.98542	0.963489	3
4	76000001	0.93716	0.963489	3
4	77000001	0.962018	0.963489	3
4	78000001	0.971253	0.963489	3
4	79000001	1.01682	0.963489	3
4	80000001	1.13844	0.963489	3
4	81000001	0.943785	0.963489	3
4	82000001	1.15288	0.963489	3
4	83000001	1.11362	0.963489	3
4	84000001	0.961966	0.963489	3
4	85000001	1.09287	0.963489	3
4	86000001	0.899637	0.963489	3
4	87000001	0.894883	0.963489	3
4	88000001	1.3138	0.963489	3
4	89000001	0.870908	0.963489	3
4	90000001	1.22592	0.963489	3
4	91000001	0.826902	0.963489	3
4	92000001	0.865975	0.963489	3
4	93000001	0.970661	0.963489	3
4	94000001	0.965687	0.963489	3
4	95000001	0.908226	0.963489	3
4	96000001	0.893391	0.963489	3
4	97000001	1.11691	0.963489	3
4	98000001	0.94976	0.963489	3
4	99000001	1.10505	0.963489	3
4	100000001	1.04856	0.963489	3
4	101000001	0.833593	0.963489	3
4	102000001	1.02405	0.963489	3
4	103000001	0.76206	0.963489	3
4	104000001	1.82688	0.963489	3
4	105000001	0.953186	0.963489	3
4	106000001	0.754522	0.963489	3
4	107000001	1.03608	0.963489	3
4	108000001	1.10665	0.963489	3
4	109000001	1.42553	0.963489	3
4	110000001	1.07	0.963489	3
4	111000001	0.986306	0.963489	3
4	112000001	0.901354	0.963489	3
4	113000001	1.12403	0.963489	3
4	114000001	0.93701	0.963489	3
4	115000001	0.950248	0.963489	3
4	116000001	0.892206	0.963489	3
4	117000001	0.95251	0.963489	3
4	118000001	0.889461	0.963489	3
4	119000001	0.851479	0.963489	3
4	120000001	0.656602	0.963489	3
4	121000001	1.0238	0.963489	3
4	122000001	0.936901	0.963489	3
4	123000001	1.05587	0.963489	3
4	124000001	0.95937	0.963489	3
4	125000001	0.87453	0.963489	3
4	126000001	1.04477	0.963489	3
4	127000001	1.16541	0.963489	3
4	128000001	0.966521	0.963489	3
4	129000001	0.851918	0.963489	3
4	130000001	0.916335	0.963489	3
4	131000001	1.05497	0.963489	3
4	132000001	1.16005	0.963489	3
4	133000001	0.735992	0.963489	3
4	134000001	1.18187	0.963489	3
4	135000001	1.02529	0.963489	3
4	136000001	1.12078	0.963489	3
4	137000001	1.09783	0.963489	3
4	138000001	0.90442	0.963489	3
4	139000001	0.980791	0.963489	3
4	140000001	1.20405	0.963489	3
4	141000001	0.904468	0.963489	3
4	142000001	0.865064	0.963489	3
4	143000001	0.96496	0.963489	3
4	144000001	0.867319	0.963489	3
4	145000001	0.965546	0.963489	3
4	146000001	1.12401	0.963489	3
4	147000001	0.861606	0.963489	3
4	148000001	1.10107	0.963489	3
4	149000001	1.25585	0.963489	3
4	150000001	0.990951	0.963489	3
4	151000001	0.829231	0.963489	3
4	152000001	0.941441	0.963489	3
4	153000001	0.777009	0.963489	3
4	154000001	1.02178	0.963489	3
4	155000001	0.811102	0.963489	3
4	156000001	1.05294	0.963489	3
4	157000001	0.900277	0.963489	3
4	158000001	0.848195	0.963489	3
4	159000001	0.692542	0.550366	2
4	160000001	0.411076	0.550366	2
4	161000001	0.444439	0.550366	2
4	162000001	0.656294	0.550366	2
4	163000001	0.789619	0.971162	3
4	164000001	0.906026	0.971162	3
4	165000001	1.03746	0.971162	3
4	166000001	0.99347	0.971162	3
4	167000001	0.946193	0.971162	3
4	168000001	0.864986	0.971162	3
4	169000001	0.805604	0.971162	3
4	170000001	0.988394	0.971162	3
4	171000001	0.775663	0.971162	3
4	172000001	1.2046	0.971162	3
4	173000001	1.093	0.971162	3
4	174000001	0.815545	0.971162	3
4	175000001	0.947371	0.971162	3
4	176000001	1.31528	0.971162	3
4	177000001	1.03442	0.971162	3
4	178000001	0.907371	0.971162	3
4	179000001	0.92182	0.971162	3
4	180000001	0.832323	0.971162	3
4	181000001	1.20281	0.971162	3
4	182000001	1.14141	0.971162	3
4	183000001	0.99567	0.971162	3
4	184000001	0.89336	0.971162	3
4	185000001	0.987126	0.971162	3
4	186000001	0.971162	0.971162	3
4	187000001	1.10262	0.971162	3
4	188000001	1.02396	0.971162	3
4	189000001	0.854499	0.971162	3
4	190000001	3.00682	3.00682	9
5	1	1.48117	1.42218	4
5	1000001	1.14159	1.42218	4
5	2000001	1.28704	1.42218	4
5	3000001	1.22441	1.42218	4
5	4000001	1.59941	1.42218	4
5	5000001	1.6221	1.42218	4
5	6000001	1.43207	1.42218	4
5	7000001	1.43555	1.42218	4
5	8000001	1.3862	1.42218	4
5	9000001	1.41229	1.42218	4
5	10000001	1.51892	1.42218	4
5	11000001	1.36995	1.42218	4
5	12000001	1.17228	1.26485	4
5	13000001	1.12855	1.26485	4
5	14000001	1.24902	1.26485	4
5	15000001	1.06971	1.26485	4
5	16000001	1.26485	1.26485	4
5	17000001	1.20853	1.26485	4
5	18000001	1.33695	1.26485	4
5	19000001	1.00015	1.26485	4
5	20000001	1.26273	1.26485	4
5	21000001	1.55272	1.26485	4
5	22000001	1.44655	1.26485	4
5	23000001	1.11201	1.26485	4
5	24000001	1.33255	1.26485	4
5	25000001	1.09903	1.26485	4
5	26000001	1.33021	1.26485	4
5	27000001	1.30619	1.26485	4
5	28000001	1.02295	1.26485	4
5	29000001	1.24758	1.26485	4
5	30000001	1.07655	1.26485	4
5	31000001	1.37881	1.26485	4
5	32000001	1.49001	1.26485	4
5	33000001	1.5209	1.26485	4
5	34000001	1.33205	1.26485	4
5	35000001	1.22177	1.26485	4
5	36000001	1.21311	1.26485	4
5	37000001	1.29803	1.26485	4
5	38000001	1.35386	1.26485	4
5	39000001	1.49002	1.26485	4
5	40000001	1.15514	1.26485	4
5	41000001	1.26576	1.26485	4
5	42000001	1.40759	1.26485	4
5	43000001	1.32325	1.26485	4
5	44000001	1.36095	1.26485	4
5	45000001	1.21858	1.26485	4
5	46000001	1.00818	1.26485	4
5	47000001	1.74223	1.74223	5
5	48000001	1.91486	1.74223	5
5	49000001	1.7071	1.74223	5
5	50000001	1.19007	1.06333	3
5	51000001	0.875835	1.06333	3
5	52000001	0.855297	1.06333	3
5	53000001	1.02965	1.06333	3
5	54000001	0.923894	1.06333	3
5	55000001	0.985407	1.06333	3
5	56000001	0.915794	1.06333	3
5	57000001	1.3141	1.06333	3
5	58000001	1.24356	1.06333	3
5	59000001	1.25941	1.06333	3
5	60000001	1.38604	1.06333	3
5	61000001	0.968812	1.06333	3
5	62000001	0.921099	1.06333	3
5	63000001	1.20467	1.06333	3
5	64000001	1.06562	1.06333	3
5	65000001	0.882231	1.06333	3
5	66000001	1.27814	1.06333	3
5	67000001	0.895417	1.06333	3
5	68000001	1.10941	1.06333	3
5	69000001	1.08672	1.06333	3
5	70000001	1.07779	1.06333	3
5	71000001	1.01594	1.06333	3
5	72000001	0.946234	1.06333	3
5	73000001	1.21175	1.06333	3
5	74000001	1.01438	1.06333	3
5	75000001	1.02552	1.06333	3
5	76000001	1.11355	1.06333	3
5	77000001	1.03126	1.06333	3
5	78000001	1.15296	1.06333	3
5	79000001	1.21812	1.06333	3
5	80000001	1.06105	1.06333	3
5	81000001	1.12124	1.06333	3
5	82000001	0.969981	1.06333	3
5	83000001	0.872397	1.06333	3
5	84000001	1.10692	1.06333	3
5	85000001	1.08487	1.06333	3
5	86000001	1.83087	1.83087	5
5	87000001	0.859741	0.991292	3
5	88000001	0.964433	0.991292	3
5	89000001	0.787158	0.991292	3
5	90000001	1.07437	0.991292	3
5	91000001	0.915887	0.991292	3
5	92000001	0.884556	0.991292	3
5	93000001	0.816526	0.991292	3
5	94000001	0.879931	0.991292	3
5	95000001	1.10825	0.991292	3
5	96000001	1.04342	0.991292	3
5	97000001	0.991292	0.991292	3
5	98000001	1.07298	0.991292	3
5	99000001	0.845622	0.991292	3
5	100000001	0.894967	0.991292	3
5	101000001	1.10255	0.991292	3
5	102000001	0.891794	0.991292	3
5	103000001	0.918408	0.991292	3
5	104000001	0.923927	0.991292	3
5	105000001	1.07862	0.991292	3
5	106000001	0.964566	0.991292	3
5	107000001	1.07965	0.991292	3
5	108000001	1.05	0.991292	3
5	109000001	1.11163	0.991292	3
5	110000001	0.97727	0.991292	3
5	111000001	1.13257	0.991292	3
5	112000001	1.1313	0.991292	3
5	113000001	0.992137	0.991292	3
5	114000001	1.02724	0.991292	3
5	115000001	0.964564	0.991292	3
5	116000001	0.892927	0.991292	3
5	117000001	0.82757	0.991292	3
5	118000001	0.938191	0.991292	3
5	119000001	0.921423	0.991292	3
5	120000001	0.934084	0.991292	3
5	121000001	0.961753	0.991292	3
5	122000001	0.961928	0.991292	3
5	123000001	1.01013	0.991292	3
5	124000001	0.821467	0.991292	3
5	125000001	0.94996	0.991292	3
5	126000001	1.10592	0.991292	3
5	127000001	1.16391	0.991292	3
5	128000001	0.920992	0.991292	3
5	129000001	0.938651	0.991292	3
5	130000001	0.967233	0.991292	3
5	131000001	1.15076	0.991292	3
5	132000001	1.03777	0.991292	3
5	133000001	1.29759	0.991292	3
5	134000001	0.981274	0.991292	3
5	135000001	1.11806	0.991292	3
5	136000001	0.955398	0.991292	3
5	137000001	1.07979	0.991292	3
5	138000001	1.01998	0.991292	3
5	139000001	1.04546	0.991292	3
5	140000001	0.985424	0.991292	3
5	141000001	1.06845	0.991292	3
5	142000001	1.25823	0.991292	3
5	143000001	1.18619	0.991292	3
5	144000001	1.14375	0.991292	3
5	145000001	0.994505	0.991292	3
5	146000001	1.03822	0.991292	3
5	147000001	1.11458	0.991292	3
5	148000001	0.799498	0.991292	3
5	149000001	1.11266	0.991292	3
5	150000001	1.02495	0.991292	3
5	151000001	1.09378	0.991292	3
5	152000001	0.934119	0.991292	3
5	153000001	0.946826	0.991292	3
5	154000001	1.1364	0.991292	3
5	155000001	1.14195	0.991292	3
5	156000001	0.968799	0.991292	3
5	157000001	1.2281	0.991292	3
5	158000001	1.05844	0.991292	3
5	159000001	1.29844	0.991292	3
5	160000001	0.80891	0.991292	3
5	161000001	0.885113	0.991292	3
5	162000001	0.966681	0.991292	3
5	163000001	1.28278	0.991292	3
5	164000001	0.987717	0.991292	3
5	165000001	0.855465	0.991292	3
5	166000001	0.774976	0.991292	3
5	167000001	0.975562	0.991292	3
5	168000001	0.978323	0.991292	3
5	169000001	1.0936	0.991292	3
5	170000001	1.00358	0.991292	3
5	171000001	1.06906	0.991292	3
5	172000001	0.96829	0.991292	3
5	173000001	0.973064	0.991292	3
5	174000001	1.16635	0.991292	3
5	175000001	1.14359	0.991292	3
5	176000001	0.92239	0.991292	3
5	177000001	1.07672	0.991292	3
5	178000001	0.980531	0.991292	3
5	179000001	1.2033	0.991292	3
5	180000001	1.0468	0.991292	3
5	181000001	0.892947	0.991292	3
6	1	1.32065	1.47247	4
6	1000001	1.48693	1.47247	4
6	2000001	1.29247	1.47247	4
6	3000001	1.23069	1.47247	4
6	4000001	1.50472	1.47247	4
6	5000001	1.474	1.47247	4
6	6000001	1.44401	1.47247	4
6	7000001	1.47093	1.47247	4
6	8000001	1.52325	1.47247	4
6	9000001	1.67376	1.47247	4
6	10000001	1.33854	1.47247	4
6	11000001	1.5167	1.47247	4
6	12000001	1.01004	1.30857	4
6	13000001	1.36959	1.30857	4
6	14000001	1.2836	1.30857	4
6	15000001	1.07371	1.30857	4
6	16000001	1.38241	1.30857	4
6	17000001	1.32637	1.30857	4
6	18000001	1.44474	1.30857	4
6	19000001	1.06083	1.30857	4
6	20000001	1.42805	1.30857	4
6	21000001	1.31186	1.30857	4
6	22000001	1.1823	1.30857	4
6	23000001	1.21768	1.30857	4
6	24000001	1.26094	1.30857	4
6	25000001	1.24397	1.30857	4
6	26000001	1.37047	1.30857	4
6	27000001	1.04068	1.30857	4
6	28000001	1.26363	1.30857	4
6	29000001	1.27108	1.30857	4
6	30000001	1.35707	1.30857	4
6	31000001	1.36538	1.30857	4
6	32000001	1.44632	1.30857	4
6	33000001	1.38048	1.30857	4
6	34000001	1.30857	1.30857	4
6	35000001	1.18379	1.30857	4
6	36000001	1.18273	1.30857	4
6	37000001	1.32384	1.30857	4
6	38000001	1.51833	1.30857	4
6	39000001	1.11288	1.30857	4
6	40000001	1.29684	1.30857	4
6	41000001	1.65608	1.30857	4
6	42000001	1.14938	1.30857	4
6	43000001	1.31096	1.30857	4
6	44000001	1.38164	1.30857	4
6	45000001	1.06121	1.30857	4
6	46000001	1.32239	1.30857	4
6	47000001	1.32573	1.30857	4
6	48000001	1.25149	1.30857	4
6	49000001	1.16215	1.30857	4
6	50000001	1.43605	1.30857	4
6	51000001	1.04856	1.02335	3
6	52000001	0.735234	1.02335	3
6	53000001	1.16228	1.02335	3
6	54000001	0.998144	1.02335	3
6	55000001	1.53105	1.53105	5
6	56000001	1.05047	0.944316	3
6	57000001	0.944316	0.944316	3
6	58000001	0.948742	0.944316	3
6	59000001	0.931278	0.944316	3
6	60000001	1.06211	0.944316	3
6	61000001	0.736537	0.944316	3
6	62000001	0.959052	0.944316	3
6	63000001	0.977002	0.944316	3
6	64000001	0.974971	0.944316	3
6	65000001	1.25148	0.944316	3
6	66000001	0.917282	0.944316	3
6	67000001	0.822146	0.944316	3
6	68000001	0.817376	0.944316	3
6	69000001	0.754367	0.944316	3
6	70000001	0.827884	0.944316	3
6	71000001	0.976361	0.944316	3
6	72000001	0.98607	0.944316	3
6	73000001	0.897072	0.944316	3
6	74000001	1.03727	0.944316	3
6	75000001	0.889392	0.944316	3
6	76000001	0.925201	0.944316	3
6	77000001	0.971414	0.944316	3
6	78000001	0.894637	0.944316	3
6	79000001	1.12912	0.944316	3
6	80000001	0.960277	0.944316	3
6	81000001	0.729525	0.944316	3
6	82000001	1.003	0.944316	3
6	83000001	1.18628	0.944316	3
6	84000001	0.877934	0.944316	3
6	85000001	0.779821	0.944316	3
6	86000001	0.923899	0.944316	3
6	87000001	1.1684	1.02158	3
6	88000001	1.12315	1.02158	3
6	89000001	0.964631	1.02158	3
6	90000001	1.25116	1.02158	3
6	91000001	1.07282	1.02158	3
6	92000001	0.698245	1.02158	3
6	93000001	1.0603	1.02158	3
6	94000001	0.985256	1.02158	3
6	95000001	1.12099	1.02158	3
6	96000001	0.815335	1.02158	3
6	97000001	1.27944	1.02158	3
6	98000001	0.836554	1.02158	3
6	99000001	1.04053	1.02158	3
6	100000001	0.792997	1.02158	3
6	101000001	0.982081	1.02158	3
6	102000001	1.05607	1.02158	3
6	103000001	0.787412	1.02158	3
6	104000001	1.2023	1.02158	3
6	105000001	1.1304	1.02158	3
6	106000001	1.08437	1.02158	3
6	107000001	0.855488	1.02158	3
6	108000001	0.973185	1.02158	3
6	109000001	1.01297	1.02158	3
6	110000001	1.0574	1.02158	3
6	111000001	0.906332	1.02158	3
6	112000001	0.840686	1.02158	3
6	113000001	1.15639	1.02158	3
6	114000001	1.06408	1.02158	3
6	115000001	1.04727	1.02158	3
6	116000001	0.826043	1.02158	3
6	117000001	0.973028	1.02158	3
6	118000001	0.818679	1.02158	3
6	119000001	1.03705	1.02158	3
6	120000001	1.03524	1.02158	3
6	121000001	1.22805	1.02158	3
6	122000001	0.944967	1.02158	3
6	123000001	1.35013	1.02158	3
6	124000001	0.883908	1.02158	3
6	125000001	1.34716	1.02158	3
6	126000001	0.982227	1.02158	3
6	127000001	0.773363	1.02158	3
6	128000001	0.805416	1.02158	3
6	129000001	0.901312	1.02158	3
6	130000001	0.969567	1.02158	3
6	131000001	1.07204	1.02158	3
6	132000001	1.03019	1.02158	3
6	133000001	1.31948	1.02158	3
6	134000001	0.987903	1.02158	3
6	135000001	1.25407	1.3587	4
6	136000001	1.50054	1.3587	4
6	137000001	1.52974	1.3587	4
6	138000001	1.62416	1.3587	4
6	139000001	1.44305	1.3587	4
6	140000001	1.70249	1.3587	4
6	141000001	1.73719	1.3587	4
6	142000001	1.34977	1.3587	4
6	143000001	1.36545	1.3587	4
6	144000001	1.32937	1.3587	4
6	145000001	1.20425	1.3587	4
6	146000001	1.20624	1.3587	4
6	147000001	1.32449	1.3587	4
6	148000001	1.35738	1.3587	4
6	149000001	1.43402	1.3587	4
6	150000001	1.27727	1.3587	4
6	151000001	1.12552	1.3587	4
6	152000001	1.47083	1.3587	4
6	153000001	1.46404	1.3587	4
6	154000001	1.33179	1.3587	4
6	155000001	1.47472	1.3587	4
6	156000001	1.56515	1.3587	4
6	157000001	1.30583	1.3587	4
6	158000001	1.18446	1.3587	4
6	159000001	1.38105	1.3587	4
6	160000001	1.30777	1.3587	4
6	161000001	1.5391	1.3587	4
6	162000001	1.15324	1.3587	4
6	163000001	1.42426	1.3587	4
6	164000001	1.16189	1.3587	4
6	165000001	1.27072	1.3587	4
6	166000001	1.18664	1.3587	4
6	167000001	1.72581	1.3587	4
6	168000001	1.59397	1.3587	4
6	169000001	1.22213	1.3587	4
6	170000001	1.36003	1.3587	4
7	1	0.918415	0.984973	3
7	1000001	1.01418	0.984973	3
7	2000001	0.945989	0.984973	3
7	3000001	1.03266	0.984973	3
7	4000001	1.03508	0.984973	3
7	5000001	1.04069	0.984973	3
7	6000001	1.14209	0.984973	3
7	7000001	1.37253	0.984973	3
7	8000001	0.971243	0.984973	3
7	9000001	1.02772	0.984973	3
7	10000001	0.933132	0.984973	3
7	11000001	0.910633	0.984973	3
7	12000001	1.04588	0.984973	3
7	13000001	0.806739	0.984973	3
7	14000001	1.2142	0.984973	3
7	15000001	1.04686	0.984973	3
7	16000001	0.966449	0.984973	3
7	17000001	0.79597	0.984973	3
7	18000001	1.17324	0.984973	3
7	19000001	1.15637	0.984973	3
7	20000001	0.844163	0.984973	3
7	21000001	0.908587	0.984973	3
7	22000001	0.844467	0.984973	3
7	23000001	0.95793	0.984973	3
7	24000001	0.914956	0.984973	3
7	25000001	1.15414	0.984973	3
7	26000001	0.876196	0.984973	3
7	27000001	1.21	0.984973	3
7	28000001	1.216	0.984973	3
7	29000001	1.15184	0.984973	3
7	30000001	0.975521	0.984973	3
7	31000001	0.698952	0.984973	3
7	32000001	0.904429	0.984973	3
7	33000001	1.134	0.984973	3
7	34000001	1.07064	0.984973	3
7	35000001	1.30957	0.984973	3
7	36000001	1.16655	0.984973	3
7	37000001	1.12312	0.984973	3
7	38000001	0.882913	0.984973	3
7	39000001	1.0609	0.984973	3
7	40000001	0.981325	0.984973	3
7	41000001	0.829564	0.984973	3
7	42000001	1.01478	0.984973	3
7	43000001	1.08948	0.984973	3
7	44000001	1.03958	0.984973	3
7	45000001	1.05091	0.984973	3
7	46000001	0.954219	0.984973	3
7	47000001	1.12376	0.984973	3
7	48000001	0.93462	0.984973	3
7	49000001	0.915742	0.984973	3
7	50000001	0.976031	0.984973	3
7	51000001	0.965585	0.984973	3
7	52000001	0.940611	0.984973	3
7	53000001	0.759475	0.984973	3
7	54000001	1.36161	0.984973	3
7	55000001	0.98862	0.984973	3
7	56000001	0.922799	0.984973	3
7	57000001	0.802028	0.984973	3
7	58000001	1.82637	1.82637	5
7	59000001	2.00774	1.82637	5
7	60000001	1.68667	1.82637	5
7	61000001	1.17866	1.32895	4
7	62000001	1.37899	1.32895	4
7	63000001	1.25439	1.32895	4
7	64000001	1.47192	1.32895	4
7	65000001	1.13579	1.32895	4
7	66000001	1.13996	1.32895	4
7	67000001	1.12928	1.32895	4
7	68000001	1.37735	1.32895	4
7	69000001	1.40188	1.32895	4
7	70000001	1.61397	1.32895	4
7	71000001	1.32207	1.32895	4
7	72000001	1.33004	1.32895	4
7	73000001	1.35074	1.32895	4
7	74000001	1.33628	1.32895	4
7	75000001	1.3391	1.32895	4
7	76000001	1.46931	1.32895	4
7	77000001	1.32787	1.32895	4
7	78000001	1.31403	1.32895	4
7	79000001	1.20139	1.32895	4
7	80000001	1.51585	1.32895	4
7	81000001	1.35238	1.32895	4
7	82000001	1.12661	1.32895	4
7	83000001	1.10904	1.32895	4
7	84000001	1.24166	1.32895	4
7	85000001	1.58857	1.32895	4
7	86000001	1.49918	1.32895	4
7	87000001	1.16949	1.32895	4
7	88000001	1.29427	1.32895	4
7	89000001	1.11439	1.32895	4
7	90000001	1.36674	1.32895	4
7	91000001	1.41783	1.32895	4
7	92000001	1.09108	1.32895	4
7	93000001	1.35021	1.32895	4
7	94000001	1.28261	1.32895	4
7	95000001	1.48327	1.32895	4
7	96000001	1.26364	1.32895	4
7	97000001	1.19549	1.32895	4
7	98000001	1.41012	1.32895	4
7	99000001	1.4138	1.32895	4
7	100000001	1.4281	1.32895	4
7	101000001	1.34989	1.32895	4
7	102000001	1.12257	1.32895	4
7	103000001	1.09568	1.32895	4
7	104000001	1.24031	1.32895	4
7	105000001	1.58778	1.32895	4
7	106000001	1.20801	1.32895	4
7	107000001	1.49752	1.52055	5
7	108000001	1.61946	1.52055	5
7	109000001	1.35873	1.52055	5
7	110000001	1.55658	1.52055	5
7	111000001	1.60475	1.52055	5
7	112000001	1.6585	1.52055	5
7	113000001	1.30367	1.52055	5
7	114000001	1.36283	1.52055	5
7	115000001	1.65763	1.52055	5
7	116000001	1.42505	1.52055	5
7	117000001	1.42526	1.52055	5
7	118000001	1.52055	1.52055	5
7	119000001	1.70929	1.52055	5
7	120000001	1.69847	1.52055	5
7	121000001	1.31082	1.52055	5
7	122000001	1.40735	1.52055	5
7	123000001	1.7243	1.52055	5
7	124000001	1.57297	1.52055	5
7	125000001	1.23555	1.52055	5
7	126000001	1.6038	1.52055	5
7	127000001	1.44111	1.52055	5
7	128000001	1.63956	1.52055	5
7	129000001	1.4702	1.52055	5
7	130000001	1.80922	1.81938	5
7	131000001	1.81938	1.81938	5
7	132000001	2.04022	1.81938	5
7	133000001	1.55591	1.5866	5
7	134000001	1.62288	1.5866	5
7	135000001	1.5866	1.5866	5
7	136000001	1.69417	1.5866	5
7	137000001	1.42892	1.5866	5
7	138000001	1.60085	1.5866	5
7	139000001	1.58476	1.5866	5
7	140000001	1.63354	1.5866	5
7	141000001	1.51944	1.5866	5
7	142000001	1.42146	1.41651	4
7	143000001	1.43107	1.41651	4
7	144000001	1.40334	1.41651	4
7	145000001	1.22672	1.41651	4
7	146000001	1.40671	1.41651	4
7	147000001	1.41651	1.41651	4
7	148000001	1.44669	1.41651	4
7	149000001	1.57349	1.6549	5
7	150000001	1.89577	1.6549	5
7	151000001	1.80943	1.6549	5
7	152000001	1.48569	1.6549	5
7	153000001	1.62888	1.6549	5
7	154000001	1.82618	1.6549	5
7	155000001	1.6549	1.6549	5
7	156000001	1.53572	1.6549	5
7	157000001	2.10255	1.6549	5
7	158000001	1.81285	1.6549	5
7	159000001	1.57294	1.6549	5
8	1	0.804325	0.858538	3
8	1000001	0.892715	0.858538	3
8	2000001	1.05525	0.858538	3
8	3000001	0.82436	0.858538	3
8	4000001	1.06268	0.978176	3
8	5000001	0.92986	0.978176	3
8	6000001	0.888613	0.978176	3
8	7000001	1.28684	0.978176	3
8	8000001	0.992105	0.978176	3
8	9000001	0.994654	0.978176	3
8	10000001	1.04868	0.978176	3
8	11000001	0.855893	0.978176	3
8	12000001	1.0512	0.978176	3
8	13000001	0.92298	0.978176	3
8	14000001	0.93797	0.978176	3
8	15000001	0.937454	0.978176	3
8	16000001	1.06065	0.978176	3
8	17000001	0.985036	0.978176	3
8	18000001	0.944814	0.978176	3
8	19000001	1.14402	0.978176	3
8	20000001	1.03783	0.978176	3
8	21000001	1.0346	0.978176	3
8	22000001	0.800952	0.978176	3
8	23000001	0.893992	0.978176	3
8	24000001	0.90081	0.978176	3
8	25000001	0.932112	0.978176	3
8	26000001	0.947805	0.978176	3
8	27000001	1.23113	0.978176	3
8	28000001	1.12826	0.978176	3
8	29000001	0.910424	0.978176	3
8	30000001	0.958545	0.978176	3
8	31000001	1.07189	0.978176	3
8	32000001	0.960666	0.978176	3
8	33000001	0.882543	0.978176	3
8	34000001	1.18361	0.978176	3
8	35000001	0.825529	0.978176	3
8	36000001	1.18608	0.978176	3
8	37000001	0.866476	0.978176	3
8	38000001	1.1029	0.978176	3
8	39000001	0.9553	0.978176	3
8	40000001	0.82962	0.978176	3
8	41000001	1.09016	0.978176	3
8	42000001	0.937386	0.978176	3
8	43000001	0.952385	0.978176	3
8	44000001	0.952614	0.978176	3
8	45000001	0.823815	0.978176	3
8	46000001	0.907837	0.978176	3
8	47000001	0.718234	0.978176	3
8	48000001	1.00722	0.978176	3
8	49000001	1.00923	0.978176	3
8	50000001	1.15176	0.978176	3
8	51000001	0.946499	0.978176	3
8	52000001	1.03985	0.978176	3
8	53000001	0.748677	0.978176	3
8	54000001	0.962947	0.978176	3
8	55000001	1.07472	0.978176	3
8	56000001	0.853108	0.978176	3
8	57000001	0.868039	0.978176	3
8	58000001	1.08137	0.978176	3
8	59000001	1.16083	0.978176	3
8	60000001	0.987349	0.978176	3
8	61000001	1.04449	0.978176	3
8	62000001	1.15345	0.978176	3
8	63000001	1.03334	0.978176	3
8	64000001	0.920093	0.978176	3
8	65000001	0.981848	0.978176	3
8	66000001	0.930809	0.978176	3
8	67000001	1.04956	0.978176	3
8	68000001	1.0167	0.978176	3
8	69000001	0.978699	0.978176	3
8	70000001	0.832205	0.978176	3
8	71000001	0.976038	0.978176	3
8	72000001	1.18794	0.978176	3
8	73000001	0.761756	0.978176	3
8	74000001	1.02646	0.978176	3
8	75000001	1.0863	0.978176	3
8	76000001	0.898502	0.978176	3
8	77000001	1.04913	0.978176	3
8	78000001	0.8967	0.978176	3
8	79000001	1.0856	0.978176	3
8	80000001	1.08476	0.978176	3
8	81000001	1.12447	0.978176	3
8	82000001	0.90732	0.978176	3
8	83000001	0.787179	0.978176	3
8	84000001	0.903068	0.978176	3
8	85000001	1.29483	0.978176	3
8	86000001	0.883981	0.978176	3
8	87000001	1.15423	0.978176	3
8	88000001	1.07032	0.978176	3
8	89000001	0.875232	0.978176	3
8	90000001	0.977653	0.978176	3
8	91000001	1.10876	0.978176	3
8	92000001	1.28901	1.2729	4
8	93000001	1.2729	1.2729	4
8	94000001	1.24742	1.2729	4
8	95000001	1.04711	1.00943	3
8	96000001	0.902004	1.00943	3
8	97000001	0.852796	1.00943	3
8	98000001	1.01482	1.00943	3
8	99000001	0.936718	1.00943	3
8	100000001	1.07864	1.00943	3
8	101000001	0.947618	1.00943	3
8	102000001	1.00943	1.00943	3
8	103000001	1.2154	1.00943	3
8	104000001	0.782249	0.782249	2
8	105000001	0.853345	0.782249	2
8	106000001	0.730871	0.782249	2
8	107000001	0.957387	1.00806	3
8	108000001	1.02195	1.00806	3
8	109000001	0.785542	1.00806	3
8	110000001	1.07039	1.00806	3
8	111000001	1.03694	1.00806	3
8	112000001	1.12834	1.00806	3
8	113000001	0.99347	1.00806	3
8	114000001	0.969668	1.00806	3
8	115000001	1.06012	1.00806	3
8	116000001	1.01196	1.00806	3
8	117000001	0.796805	1.00806	3
8	118000001	0.840558	1.00806	3
8	119000001	0.861797	1.00806	3
8	120000001	1.00806	1.00806	3
8	121000001	1.24827	1.00806	3
8	122000001	1.15645	1.00806	3
8	123000001	1.0296	1.00806	3
8	124000001	1.07747	1.00806	3
8	125000001	0.885484	1.00806	3
8	126000001	0.997753	1.00806	3
8	127000001	1.01969	1.00806	3
8	128000001	1.1417	1.00806	3
8	129000001	0.992688	1.00806	3
8	130000001	0.781233	1.00806	3
8	131000001	1.10272	1.00806	3
8	132000001	0.932871	1.00806	3
8	133000001	1.04781	1.00806	3
8	134000001	1.02951	1.00806	3
8	135000001	0.929373	1.00806	3
8	136000001	0.85039	1.00806	3
8	137000001	0.847722	1.00806	3
8	138000001	2.21434	2.21434	7
8	139000001	1.24661	1.24661	4
8	140000001	0.869028	0.921986	3
8	141000001	0.950146	0.921986	3
8	142000001	0.967876	0.921986	3
8	143000001	0.893826	0.921986	3
8	144000001	0.961912	0.921986	3
8	145000001	0.796612	0.921986	3
9	1	0.659838	0.659838	2
9	1000001	0.705362	0.659838	2
9	2000001	0.731032	0.659838	2
9	3000001	0.462095	0.659838	2
9	4000001	0.675478	0.659838	2
9	5000001	0.603192	0.659838	2
9	6000001	0.526389	0.659838	2
9	7000001	0.574616	0.659838	2
9	8000001	0.627041	0.659838	2
9	9000001	0.608842	0.659838	2
9	10000001	0.639249	0.659838	2
9	11000001	0.569219	0.659838	2
9	12000001	0.680313	0.659838	2
9	13000001	0.820607	0.659838	2
9	14000001	0.665544	0.659838	2
9	15000001	0.751411	0.659838	2
9	16000001	0.682337	0.659838	2
9	17000001	0.460743	0.659838	2
9	18000001	0.796203	0.659838	2
9	19000001	0.700635	0.659838	2
9	20000001	0.398896	0.659838	2
9	21000001	0.0681865	0.121684	0
9	22000001	0.0478932	0.121684	0
9	23000001	0.0309718	0.121684	0
9	24000001	0.0518832	0.121684	0
9	25000001	0.160697	0.121684	0
9	26000001	0.121684	0.121684	0
9	27000001	0.392554	0.121684	0
9	28000001	0.219923	0.121684	0
9	29000001	0.21348	0.121684	0
9	30000001	0.0281819	0.121684	0
9	31000001	0.228632	0.121684	0
9	32000001	0.675361	0.697199	2
9	33000001	0.718311	0.697199	2
9	34000001	0.755745	0.697199	2
9	35000001	0.614306	0.697199	2
9	36000001	0.697199	0.697199	2
9	37000001	1.35548	0.862959	3
9	38000001	0.886989	0.862959	3
9	39000001	0.83893	0.862959	3
9	40000001	1.0014	0.862959	3
9	41000001	0.785544	0.862959	3
9	42000001	0.760003	0.862959	3
9	43000001	1.52217	1.49519	4
9	44000001	1.4851	1.49519	4
9	45000001	1.49519	1.49519	4
9	46000001	-1	-1	2
9	47000001	-1	-1	2
9	48000001	-1	-1	2
9	49000001	-1	-1	2
9	50000001	-1	-1	2
9	51000001	-1	-1	2
9	52000001	-1	-1	2
9	53000001	-1	-1	2
9	54000001	-1	-1	2
9	55000001	-1	-1	2
9	56000001	-1	-1	2
9	57000001	-1	-1	2
9	58000001	-1	-1	2
9	59000001	-1	-1	2
9	60000001	1.03888	0.748709	2
9	61000001	0.791857	0.748709	2
9	62000001	0.655288	0.748709	2
9	63000001	0.990406	0.748709	2
9	64000001	0.758659	0.748709	2
9	65000001	0.865061	0.748709	2
9	66000001	0.614084	0.748709	2
9	67000001	0.81902	0.748709	2
9	68000001	0.82337	0.748709	2
9	69000001	0.593369	0.748709	2
9	70000001	0.546598	0.748709	2
9	71000001	0.922063	0.748709	2
9	72000001	0.74912	0.748709	2
9	73000001	0.767236	0.748709	2
9	74000001	0.748299	0.748709	2
9	75000001	0.53514	0.748709	2
9	76000001	0.873886	0.748709	2
9	77000001	0.688047	0.748709	2
9	78000001	0.569062	0.748709	2
9	79000001	0.774417	0.748709	2
9	80000001	0.898478	0.748709	2
9	81000001	0.625896	0.748709	2
9	82000001	0.720653	0.748709	2
9	83000001	0.80332	0.748709	2
9	84000001	0.658024	0.748709	2
9	85000001	0.869178	0.748709	2
9	86000001	0.621025	0.748709	2
9	87000001	0.704773	0.748709	2
9	88000001	0.662889	0.748709	2
9	89000001	0.602416	0.748709	2
9	90000001	0.627494	0.748709	2
9	91000001	0.751118	0.748709	2
9	92000001	0.918318	1.01367	3
9	93000001	1.46415	1.01367	3
9	94000001	0.930375	1.01367	3
9	95000001	0.992171	1.01367	3
9	96000001	1.07506	1.01367	3
9	97000001	1.0338	1.01367	3
9	98000001	0.877188	1.01367	3
9	99000001	1.06355	1.01367	3
9	100000001	1.14633	1.01367	3
9	101000001	0.774641	1.01367	3
9	102000001	0.87445	1.01367	3
9	103000001	0.911357	1.01367	3
9	104000001	0.905543	1.01367	3
9	105000001	1.02491	1.01367	3
9	106000001	1.09502	1.01367	3
9	107000001	1.04755	1.01367	3
9	108000001	1.00647	1.01367	3
9	109000001	1.02088	1.01367	3
9	110000001	1.04994	1.01367	3
9	111000001	0.998961	1.01367	3
9	112000001	0.970415	1.01367	3
9	113000001	1.04132	1.01367	3
9	114000001	1.15691	1.01367	3
9	115000001	1.25761	1.01367	3
9	116000001	0.7604	1.01367	3
9	117000001	0.921049	1.01367	3
9	118000001	0.992497	1.01367	3
9	119000001	0.996736	1.01367	3
9	120000001	1.26887	1.01367	3
9	121000001	0.878505	1.01367	3
9	122000001	1.1417	1.01367	3
9	123000001	1.07193	1.01367	3
9	124000001	1.17876	1.01367	3
9	125000001	0.843528	1.01367	3
9	126000001	0.960654	1.01367	3
9	127000001	0.887828	1.01367	3
9	128000001	1.06281	1.01367	3
9	129000001	1.11381	1.01367	3
9	130000001	2.98264	2.8757	9
9	131000001	2.76876	2.8757	9
9	132000001	1.06301	0.89975	3
9	133000001	1.03273	0.89975	3
9	134000001	1.28763	0.89975	3
9	135000001	0.88936	0.89975	3
9	136000001	0.89975	0.89975	3
9	137000001	0.852807	0.89975	3
9	138000001	0.88804	0.89975	3
X	1	0.521773	0.393973	1
X	1000001	0.393973	0.393973	1
X	2000001	0.352785	0.393973	1
X	3000001	0.821928	0.631739	2
X	4000001	0.467811	0.631739	2
X	5000001	0.572634	0.631739	2
X	6000001	0.642956	0.631739	2
X	7000001	0.63257	0.631739	2
X	8000001	0.630908	0.631739	2
X	9000001	0.766719	0.631739	2
X	10000001	0.565392	0.631739	2
X	11000001	1.28097	1.28097	4
X	12000001	0.662759	0.633273	2
X	13000001	0.437833	0.633273	2
X	14000001	0.654108	0.633273	2
X	15000001	0.570482	0.633273	2
X	16000001	0.660915	0.633273	2
X	17000001	0.909153	0.633273	2
X	18000001	0.646345	0.633273	2
X	19000001	0.498139	0.633273	2
X	20000001	0.68208	0.633273	2
X	21000001	0.678785	0.633273	2
X	22000001	0.743062	0.633273	2
X	23000001	0.784652	0.633273	2
X	24000001	0.839872	0.633273	2
X	25000001	0.53186	0.633273	2
X	26000001	0.703945	0.633273	2
X	27000001	0.562279	0.633273	2
X	28000001	0.600928	0.633273	2
X	29000001	0.576905	0.633273	2
X	30000001	0.556912	0.633273	2
X	31000001	0.537723	0.633273	2
X	32000001	0.529559	0.633273	2
X	33000001	0.594603	0.633273	2
X	34000001	0.58951	0.633273	2
X	35000001	0.515735	0.633273	2
X	36000001	0.584005	0.633273	2
X	37000001	0.499734	0.633273	2
X	38000001	0.687212	0.633273	2
X	39000001	0.668137	0.633273	2
X	40000001	0.703692	0.633273	2
X	41000001	0.559048	0.633273	2
X	42000001	0.614712	0.633273	2
X	43000001	0.962079	0.633273	2
X	44000001	0.5906	0.633273	2
X	45000001	0.589505	0.633273	2
X	46000001	0.641433	0.633273	2
X	47000001	0.796195	0.633273	2
X	48000001	0.826106	0.633273	2
X	49000001	0.573654	0.633273	2
X	50000001	0.505752	0.633273	2
X	51000001	0.693249	0.633273	2
X	52000001	0.641437	0.633273	2
X	53000001	0.645829	0.633273	2
X	54000001	0.607606	0.633273	2
X	55000001	0.52642	0.633273	2
X	56000001	0.635427	0.633273	2
X	57000001	0.519025	0.633273	2
X	58000001	0.633273	0.633273	2
X	59000001	0.722469	0.633273	2
X	60000001	0.658554	0.633273	2
X	61000001	0.678774	0.633273	2
X	62000001	0.655874	0.633273	2
X	63000001	0.556933	0.633273	2
X	64000001	0.622622	0.633273	2
X	65000001	0.61502	0.633273	2
X	66000001	0.654077	0.633273	2
X	67000001	0.826087	0.633273	2
X	68000001	0.780771	0.633273	2
X	69000001	0.553337	0.633273	2
X	70000001	0.859723	0.633273	2
X	71000001	0.668786	0.633273	2
X	72000001	0.558673	0.633273	2
X	73000001	0.598765	0.633273	2
X	74000001	0.524806	0.633273	2
X	75000001	0.565192	0.633273	2
X	76000001	0.702415	0.633273	2
X	77000001	0.891726	0.633273	2
X	78000001	0.756894	0.633273	2
X	79000001	0.630308	0.633273	2
X	80000001	0.657698	0.633273	2
X	81000001	0.52439	0.633273	2
X	82000001	0.567787	0.633273	2
X	83000001	0.566499	0.633273	2
X	84000001	0.586863	0.633273	2
X	85000001	0.707225	0.633273	2
X	86000001	0.663703	0.633273	2
X	87000001	0.499842	0.633273	2
X	88000001	0.807248	0.633273	2
X	89000001	0.427825	0.427825	1
X	90000001	0.397042	0.427825	1
X	91000001	0.532687	0.427825	1
X	92000001	0.743638	0.743638	2
X	93000001	0.629125	0.743638	2
X	94000001	0.66817	0.743638	2
X	95000001	0.644163	0.743638	2
X	96000001	0.790224	0.743638	2
X	97000001	0.783542	0.743638	2
X	98000001	0.493259	0.743638	2
X	99000001	0.605472	0.743638	2
X	100000001	0.776918	0.743638	2
X	101000001	0.993612	0.743638	2
X	102000001	0.75269	0.743638	2
X	103000001	0.794469	0.743638	2
X	104000001	0.680061	0.743638	2
X	105000001	0.456071	0.568124	2
X	106000001	0.520254	0.568124	2
X	107000001	0.667872	0.568124	2
X	108000001	0.501213	0.568124	2
X	109000001	0.643279	0.568124	2
X	110000001	0.648141	0.568124	2
X	111000001	0.591976	0.568124	2
X	112000001	0.5612	0.568124	2
X	113000001	0.740112	0.568124	2
X	114000001	0.932284	0.568124	2
X	115000001	0.531863	0.568124	2
X	116000001	0.533809	0.568124	2
X	117000001	0.586104	0.568124	2
X	118000001	0.567719	0.568124	2
X	119000001	0.538767	0.568124	2
X	120000001	0.494882	0.568124	2
X	121000001	0.458576	0.568124	2
X	122000001	0.377684	0.568124	2
X	123000001	0.503129	0.568124	2
X	124000001	0.53114	0.568124	2
X	125000001	0.647518	0.568124	2
X	126000001	0.644456	0.568124	2
X	127000001	0.683195	0.568124	2
X	128000001	0.545633	0.568124	2
X	129000001	0.689951	0.568124	2
X	130000001	0.527475	0.568124	2
X	131000001	0.638402	0.568124	2
X	132000001	0.621684	0.568124	2
X	133000001	0.635657	0.568124	2
X	134000001	0.453778	0.568124	2
X	135000001	0.804438	0.568124	2
X	136000001	0.825516	0.568124	2
X	137000001	0.392602	0.568124	2
X	138000001	0.688298	0.568124	2
X	139000001	0.69057	0.568124	2
X	140000001	0.570712	0.568124	2
X	141000001	0.572765	0.568124	2
X	142000001	0.398473	0.568124	2
X	143000001	0.513955	0.568124	2
X	144000001	0.550202	0.568124	2
X	145000001	0.53821	0.568124	2
X	146000001	0.652355	0.568124	2
X	147000001	0.568529	0.568124	2
X	148000001	0.465891	0.568124	2
X	149000001	0.606888	0.568124	2
X	150000001	0.548628	0.568124	2
X	151000001	0.735523	0.675737	2
X	152000001	0.524214	0.675737	2
X	153000001	0.803034	0.675737	2
X	154000001	0.615951	0.675737	2
X	155000001	0.424284	0.675737	2
X	156000001	1.16665	0.675737	2
Y	1	-1	-1	0
Y	1000001	-1	-1	0
Y	2000001	0.0472899	0.0655414	0
Y	3000001	0.137489	0.0655414	0
Y	4000001	0.0497282	0.0655414	0
Y	5000001	0.0786799	0.0655414	0
Y	6000001	0.0868387	0.0655414	0
Y	7000001	0.0524028	0.0655414	0
Y	8000001	0.0229021	0.0655414	0
Y	9000001	0.0837275	0.0655414	0
Y	10000001	1.0436	0.924512	3
Y	11000001	0.805428	0.924512	3
Y	12000001	0.128084	0.0650735	0
Y	13000001	0.0273048	0.0650735	0
Y	14000001	0.0484048	0.0650735	0
Y	15000001	0.109502	0.0650735	0
Y	16000001	0.0554356	0.0650735	0
Y	17000001	0.177907	0.0650735	0
Y	18000001	0.283997	0.0650735	0
Y	19000001	0.022382	0.0650735	0
Y	20000001	0.0650735	0.0650735	0
Y	21000001	0.264975	0.185249	1
Y	22000001	0.252698	0.185249	1
Y	23000001	0.157295	0.185249	1
Y	24000001	0.167256	0.185249	1
Y	25000001	0.133902	0.185249	1
Y	26000001	0.185249	0.185249	1
Y	27000001	-1	0.185249	1
Y	28000001	-1	0.185249	1
Y	29000001	-1	0.185249	1
Y	30000001	-1	0.185249	1
Y	31000001	-1	0.185249	1
Y	32000001	-1	0.185249	1
Y	33000001	-1	0.185249	1
Y	34000001	-1	0.185249	1
Y	35000001	-1	0.185249	1
Y	36000001	-1	0.185249	1
Y	37000001	-1	0.185249	1
Y	38000001	-1	0.185249	1
Y	39000001	-1	0.185249	1
Y	40000001	-1	0.185249	1
Y	41000001	-1	0.185249	1
Y	42000001	-1	0.185249	1
Y	43000001	-1	0.185249	1
Y	44000001	-1	0.185249	1
Y	45000001	-1	0.185249	1
Y	46000001	-1	0.185249	1
Y	47000001	-1	0.185249	1
Y	48000001	-1	0.185249	1
Y	49000001	-1	0.185249	1
Y	50000001	-1	0.185249	1
Y	51000001	-1	0.185249	1
Y	52000001	-1	0.185249	1
Y	53000001	-1	0.185249	1
Y	54000001	-1	0.185249	1
Y	55000001	-1	0.185249	1
Y	56000001	0.186542	0.185249	1
Y	57000001	-1	-1	1
