Chromosome	Start	Ratio	MedianRatio	CopyNumber
1	1	1.46804	1.51499	5
1	1000001	1.56193	1.51499	5
1	2000001	2.28218	2.28218	7
1	3000001	1.34216	1.29376	4
1	4000001	1.46897	1.29376	4
1	5000001	1.31916	1.29376	4
1	6000001	1.48482	1.29376	4
1	7000001	1.82939	1.29376	4
1	8000001	1.19991	1.29376	4
1	9000001	1.24914	1.29376	4
1	10000001	1.09275	1.29376	4
1	11000001	1.56	1.29376	4
1	12000001	1.20583	1.29376	4
1	13000001	1.30062	1.29376	4
1	14000001	1.30472	1.29376	4
1	15000001	1.27412	1.29376	4
1	16000001	1.27282	1.29376	4
1	17000001	1.3233	1.29376	4
1	18000001	1.16098	1.29376	4
1	19000001	1.39309	1.29376	4
1	20000001	1.17795	1.29376	4
1	21000001	1.07341	1.29376	4
1	22000001	1.33135	1.29376	4
1	23000001	1.01574	1.29376	4
1	24000001	1.05215	1.29376	4
1	25000001	1.31594	1.29376	4
1	26000001	1.06437	1.29376	4
1	27000001	1.17721	1.29376	4
1	28000001	1.43593	1.29376	4
1	29000001	1.31587	1.29376	4
1	30000001	1.20947	1.29376	4
1	31000001	1.15366	1.29376	4
1	32000001	1.08633	1.29376	4
1	33000001	1.21373	1.29376	4
1	34000001	1.48543	1.29376	4
1	35000001	1.29376	1.29376	4
1	36000001	1.0942	1.29376	4
1	37000001	1.33926	1.29376	4
1	38000001	1.10851	1.29376	4
1	39000001	1.14914	1.29376	4
1	40000001	1.2655	1.29376	4
1	41000001	1.30542	1.29376	4
1	42000001	1.31357	1.29376	4
1	43000001	1.19919	1.29376	4
1	44000001	1.56516	1.29376	4
1	45000001	1.26332	1.29376	4
1	46000001	1.00956	1.29376	4
1	47000001	1.39668	1.29376	4
1	48000001	1.33941	1.29376	4
1	49000001	1.53212	1.29376	4
1	50000001	1.33649	1.29376	4
1	51000001	1.43593	1.29376	4
1	52000001	1.09061	1.29376	4
1	53000001	1.35231	1.29376	4
1	54000001	0.981239	0.955913	3
1	55000001	1.02001	0.955913	3
1	56000001	1.03633	0.955913	3
1	57000001	1.05279	0.955913	3
1	58000001	0.882709	0.955913	3
1	59000001	0.814607	0.955913	3
1	60000001	0.871499	0.955913	3
1	61000001	0.831559	0.955913	3
1	62000001	0.76581	0.955913	3
1	63000001	0.985712	0.955913	3
1	64000001	0.850616	0.955913	3
1	65000001	0.934808	0.955913	3
1	66000001	0.836737	0.955913	3
1	67000001	0.928888	0.955913	3
1	68000001	0.953361	0.955913	3
1	69000001	0.882763	0.955913	3
1	70000001	0.902338	0.955913	3
1	71000001	1.21458	0.955913	3
1	72000001	1.12825	0.955913	3
1	73000001	0.819902	0.955913	3
1	74000001	1.13408	0.955913	3
1	75000001	1.0232	0.955913	3
1	76000001	0.888745	0.955913	3
1	77000001	1.10347	0.955913	3
1	78000001	1.00148	0.955913	3
1	79000001	1.07002	0.955913	3
1	80000001	1.32553	0.955913	3
1	81000001	0.758537	0.955913	3
1	82000001	1.05732	0.955913	3
1	83000001	0.888254	0.955913	3
1	84000001	1.1103	0.955913	3
1	85000001	0.945807	0.955913	3
1	86000001	0.79741	0.955913	3
1	87000001	1.07917	0.955913	3
1	88000001	0.881082	0.955913	3
1	89000001	1.01236	0.955913	3
1	90000001	0.955913	0.955913	3
1	91000001	0.850428	0.955913	3
1	92000001	1.32338	0.955913	3
1	93000001	0.883387	0.955913	3
1	94000001	0.98519	0.955913	3
1	95000001	1.29626	0.955913	3
1	96000001	1.07973	0.955913	3
1	97000001	0.89162	0.955913	3
1	98000001	0.758648	0.955913	3
1	99000001	1.38421	0.955913	3
1	100000001	1.15656	0.955913	3
1	101000001	0.917373	0.955913	3
1	102000001	0.758648	0.955913	3
1	103000001	1.19541	0.955913	3
1	104000001	1.11226	0.955913	3
1	105000001	0.97413	0.955913	3
1	106000001	0.83044	0.955913	3
1	107000001	1.15212	1.26436	4
1	108000001	1.18552	1.26436	4
1	109000001	1.25115	1.26436	4
1	110000001	1.26909	1.26436	4
1	111000001	1.36279	1.26436	4
1	112000001	1.318	1.26436	4
1	113000001	1.45345	1.26436	4
1	114000001	1.25963	1.26436	4
1	115000001	1.3392	1.26436	4
1	116000001	1.14907	1.26436	4
1	117000001	1.46415	1.26436	4
1	118000001	1.39716	1.26436	4
1	119000001	1.23374	1.26436	4
1	120000001	1.16998	1.26436	4
1	121000001	3.05801	3.05801	9
1	122000001	2.19647	2.19647	7
1	123000001	2.21557	2.19647	7
1	124000001	1.79462	2.19647	7
1	125000001	5.85964	-1	3
1	126000001	-1	-1	3
1	127000001	-1	-1	3
1	128000001	-1	-1	3
1	129000001	-1	-1	3
1	130000001	-1	-1	3
1	131000001	-1	-1	3
1	132000001	-1	-1	3
1	133000001	-1	-1	3
1	134000001	-1	-1	3
1	135000001	-1	-1	3
1	136000001	-1	-1	3
1	137000001	-1	-1	3
1	138000001	-1	-1	3
1	139000001	-1	-1	3
1	140000001	-1	-1	3
1	141000001	-1	-1	3
1	142000001	-1	-1	3
1	143000001	5.97113	-1	3
1	144000001	0.938595	0.941579	3
1	145000001	0.872578	0.941579	3
1	146000001	0.938707	0.941579	3
1	147000001	1.09521	0.941579	3
1	148000001	0.991912	0.941579	3
1	149000001	0.909647	0.941579	3
1	150000001	0.933706	0.941579	3
1	151000001	0.911364	0.941579	3
1	152000001	0.941579	0.941579	3
1	153000001	1.02239	0.941579	3
1	154000001	0.798135	0.941579	3
1	155000001	0.99324	0.941579	3
1	156000001	0.995129	0.941579	3
1	157000001	0.94345	0.941579	3
1	158000001	0.976258	0.941579	3
1	159000001	0.882563	0.941579	3
1	160000001	0.975162	0.941579	3
1	161000001	0.884595	0.941579	3
1	162000001	1.02994	0.941579	3
1	163000001	1.13134	1.30097	4
1	164000001	1.354	1.30097	4
1	165000001	1.11176	1.30097	4
1	166000001	1.04608	1.30097	4
1	167000001	1.211	1.30097	4
1	168000001	1.19737	1.30097	4
1	169000001	1.30889	1.30097	4
1	170000001	1.31048	1.30097	4
1	171000001	1.05912	1.30097	4
1	172000001	1.64409	1.30097	4
1	173000001	1.22722	1.30097	4
1	174000001	1.31714	1.30097	4
1	175000001	1.27648	1.30097	4
1	176000001	1.04269	1.30097	4
1	177000001	1.43448	1.30097	4
1	178000001	1.29306	1.30097	4
1	179000001	1.17854	1.30097	4
1	180000001	1.32293	1.30097	4
1	181000001	1.35577	1.30097	4
1	182000001	1.33057	1.30097	4
1	183000001	1.12406	1.30097	4
1	184000001	1.28315	1.30097	4
1	185000001	1.48866	1.30097	4
1	186000001	1.8773	1.30097	4
1	187000001	1.22611	1.30097	4
1	188000001	1.27718	1.30097	4
1	189000001	1.21666	1.30097	4
1	190000001	1.0403	1.30097	4
1	191000001	1.32636	1.30097	4
1	192000001	1.5011	1.30097	4
1	193000001	1.28171	1.30097	4
1	194000001	1.24824	1.30097	4
1	195000001	1.01324	1.30097	4
1	196000001	1.19863	1.30097	4
1	197000001	1.06992	1.30097	4
1	198000001	1.47754	1.30097	4
1	199000001	1.39967	1.30097	4
1	200000001	1.12046	1.30097	4
1	201000001	1.28463	1.30097	4
1	202000001	1.38606	1.30097	4
1	203000001	1.4301	1.30097	4
1	204000001	1.11436	1.30097	4
1	205000001	1.10309	1.30097	4
1	206000001	1.34058	1.30097	4
1	207000001	1.16457	1.30097	4
1	208000001	0.972979	1.30097	4
1	209000001	1.39482	1.30097	4
1	210000001	1.39455	1.30097	4
1	211000001	1.0191	1.30097	4
1	212000001	1.61239	1.30097	4
1	213000001	1.27576	1.30097	4
1	214000001	1.14004	1.30097	4
1	215000001	1.33078	1.30097	4
1	216000001	1.25082	1.30097	4
1	217000001	1.36535	1.30097	4
1	218000001	1.40064	1.30097	4
1	219000001	1.31136	1.30097	4
1	220000001	1.47934	1.30097	4
1	221000001	1.41512	1.30097	4
1	222000001	1.27933	1.30097	4
1	223000001	1.37135	1.30097	4
1	224000001	1.42227	1.30097	4
1	225000001	1.13499	1.30097	4
1	226000001	1.27703	1.30097	4
1	227000001	1.42126	1.30097	4
1	228000001	1.34268	1.30097	4
1	229000001	1.34175	1.30097	4
1	230000001	1.131	1.30097	4
1	231000001	1.06427	1.30097	4
1	232000001	1.4159	1.30097	4
1	233000001	1.50854	1.30097	4
1	234000001	1.14645	1.30097	4
1	235000001	1.36775	1.30097	4
1	236000001	1.59172	1.30097	4
1	237000001	1.39729	1.30097	4
1	238000001	1.47524	1.30097	4
1	239000001	1.13859	1.30097	4
1	240000001	1.53594	1.30097	4
1	241000001	1.32974	1.30097	4
1	242000001	1.47844	1.30097	4
1	243000001	1.31832	1.30097	4
1	244000001	1.22438	1.30097	4
1	245000001	1.23144	1.30097	4
1	246000001	1.09638	1.30097	4
1	247000001	1.08557	1.30097	4
1	248000001	1.34217	1.30097	4
10	1	1.30934	1.03237	3
10	1000001	1.0699	1.03237	3
10	2000001	0.886978	1.03237	3
10	3000001	0.836472	1.03237	3
10	4000001	0.972153	1.03237	3
10	5000001	1.03192	1.03237	3
10	6000001	0.910224	1.03237	3
10	7000001	0.842144	1.03237	3
10	8000001	1.03944	1.03237	3
10	9000001	0.738339	1.03237	3
10	10000001	0.876405	1.03237	3
10	11000001	1.11196	1.03237	3
10	12000001	1.11651	1.03237	3
10	13000001	1.13197	1.03237	3
10	14000001	1.18968	1.03237	3
10	15000001	1.03282	1.03237	3
10	16000001	0.973703	1.03237	3
10	17000001	1.11532	1.03237	3
10	18000001	0.894757	1.03237	3
10	19000001	1.25133	1.03237	3
10	20000001	1.13886	1.03237	3
10	21000001	0.922522	1.03237	3
10	22000001	1.05367	1.03237	3
10	23000001	1.01398	1.03237	3
10	24000001	0.999223	1.03237	3
10	25000001	1.14847	1.03237	3
10	26000001	0.637577	1.03237	3
10	27000001	1.14916	1.03237	3
10	28000001	1.16785	1.03237	3
10	29000001	0.86909	1.03237	3
10	30000001	1.03659	1.03237	3
10	31000001	0.807893	1.03237	3
10	32000001	0.96354	1.03237	3
10	33000001	0.950361	1.03237	3
10	34000001	0.977713	1.03237	3
10	35000001	0.957428	1.03237	3
10	36000001	1.07224	1.03237	3
10	37000001	1.14903	1.03237	3
10	38000001	1.25802	1.03237	3
10	39000001	1.36366	1.03237	3
10	40000001	1.96647	1.96647	6
10	41000001	1.35401	1.28643	4
10	42000001	1.26308	1.28643	4
10	43000001	1.02631	1.28643	4
10	44000001	1.32284	1.28643	4
10	45000001	1.01797	1.28643	4
10	46000001	1.45026	1.28643	4
10	47000001	1.25528	1.28643	4
10	48000001	1.46096	1.28643	4
10	49000001	1.26669	1.28643	4
10	50000001	1.28712	1.28643	4
10	51000001	1.43386	1.28643	4
10	52000001	1.24398	1.28643	4
10	53000001	1.2774	1.28643	4
10	54000001	0.935273	1.28643	4
10	55000001	1.22612	1.28643	4
10	56000001	1.52301	1.28643	4
10	57000001	1.50528	1.28643	4
10	58000001	1.33132	1.28643	4
10	59000001	1.08576	1.28643	4
10	60000001	1.31415	1.28643	4
10	61000001	1.28574	1.28643	4
10	62000001	1.69869	1.28643	4
10	63000001	1.51985	1.28643	4
10	64000001	1.32937	1.28643	4
10	65000001	1.11212	1.28643	4
10	66000001	1.40213	1.28643	4
10	67000001	0.893472	1.28643	4
10	68000001	1.50602	1.28643	4
10	69000001	1.23785	1.28643	4
10	70000001	1.30329	1.28643	4
10	71000001	1.11995	1.28643	4
10	72000001	1.22149	1.28643	4
10	73000001	1.26492	1.28643	4
10	74000001	1.53566	1.28643	4
10	75000001	1.1767	1.28643	4
10	76000001	1.45884	1.28643	4
10	77000001	1.4536	1.28643	4
10	78000001	1.22909	1.28643	4
10	79000001	1.18696	1.28643	4
10	80000001	1.22604	1.28643	4
10	81000001	1.51126	1.28643	4
10	82000001	1.37638	1.28643	4
10	83000001	1.26361	1.28643	4
10	84000001	1.3092	1.28643	4
10	85000001	1.36406	1.28643	4
10	86000001	1.01245	1.28643	4
10	87000001	0.588073	0.632561	2
10	88000001	0.694668	0.632561	2
10	89000001	0.573505	0.632561	2
10	90000001	0.637164	0.632561	2
10	91000001	0.601895	0.632561	2
10	92000001	0.628242	0.632561	2
10	93000001	0.820062	0.632561	2
10	94000001	0.734171	0.632561	2
10	95000001	0.505154	0.632561	2
10	96000001	0.309264	0.632561	2
10	97000001	0.632561	0.632561	2
10	98000001	0.857729	0.632561	2
10	99000001	0.754937	0.632561	2
10	100000001	0.60813	0.632561	2
10	101000001	0.463562	0.632561	2
10	102000001	0.572176	0.632561	2
10	103000001	0.755744	0.632561	2
10	104000001	0.614214	0.632561	2
10	105000001	0.727861	0.632561	2
10	106000001	0.503143	0.632561	2
10	107000001	0.582179	0.632561	2
10	108000001	0.961001	0.632561	2
10	109000001	0.565807	0.632561	2
10	110000001	0.723065	0.632561	2
10	111000001	0.828632	0.632561	2
10	112000001	0.814276	0.632561	2
10	113000001	0.589954	0.632561	2
10	114000001	0.630836	0.632561	2
10	115000001	0.716892	0.632561	2
10	116000001	0.551014	0.632561	2
10	117000001	0.717955	0.632561	2
10	118000001	0.907421	0.632561	2
10	119000001	0.717081	0.632561	2
10	120000001	0.630815	0.632561	2
10	121000001	0.615855	0.632561	2
10	122000001	1.10647	0.632561	2
10	123000001	0.806372	0.632561	2
10	124000001	0.674421	0.632561	2
10	125000001	0.629374	0.632561	2
10	126000001	2.74829	2.74829	8
10	127000001	0.505408	0.589415	2
10	128000001	0.527123	0.589415	2
10	129000001	0.806622	0.589415	2
10	130000001	0.622614	0.589415	2
10	131000001	0.589415	0.589415	2
10	132000001	0.461133	0.589415	2
10	133000001	2.00804	0.589415	2
11	1	1.22444	1.22836	4
11	1000001	1.23228	1.22836	4
11	2000001	1.26725	1.22836	4
11	3000001	1.14029	1.22836	4
11	4000001	0.940235	0.940235	3
11	5000001	1.07763	0.940235	3
11	6000001	1.10136	0.940235	3
11	7000001	0.89509	0.940235	3
11	8000001	0.887417	0.940235	3
11	9000001	1.26872	1.19687	4
11	10000001	1.02052	1.19687	4
11	11000001	1.72241	1.19687	4
11	12000001	1.12502	1.19687	4
11	13000001	0.821998	0.838436	3
11	14000001	0.818549	0.838436	3
11	15000001	0.95731	0.838436	3
11	16000001	0.854874	0.838436	3
11	17000001	1.05994	0.988683	3
11	18000001	0.987563	0.988683	3
11	19000001	1.11162	0.988683	3
11	20000001	1.10019	0.988683	3
11	21000001	0.863158	0.988683	3
11	22000001	1.25733	0.988683	3
11	23000001	0.935411	0.988683	3
11	24000001	1.1117	0.988683	3
11	25000001	0.93886	0.988683	3
11	26000001	0.972811	0.988683	3
11	27000001	1.0303	0.988683	3
11	28000001	1.16148	0.988683	3
11	29000001	1.10002	0.988683	3
11	30000001	1.04757	0.988683	3
11	31000001	1.00052	0.988683	3
11	32000001	0.967717	0.988683	3
11	33000001	0.944883	0.988683	3
11	34000001	0.934743	0.988683	3
11	35000001	1.10217	0.988683	3
11	36000001	0.916999	0.988683	3
11	37000001	1.02071	0.988683	3
11	38000001	0.976074	0.988683	3
11	39000001	0.889212	0.988683	3
11	40000001	1.14262	0.988683	3
11	41000001	0.932123	0.988683	3
11	42000001	1.18223	0.988683	3
11	43000001	1.18252	0.988683	3
11	44000001	0.9243	0.988683	3
11	45000001	0.861427	0.988683	3
11	46000001	0.838587	0.988683	3
11	47000001	0.897456	0.988683	3
11	48000001	0.988683	0.988683	3
11	49000001	1.09023	0.988683	3
11	50000001	1.53626	1.39245	4
11	51000001	1.39245	1.39245	4
11	52000001	1.37686	1.39245	4
11	53000001	1.39872	1.39245	4
11	54000001	1.3904	1.39245	4
11	55000001	1.14527	0.875368	3
11	56000001	0.815588	0.875368	3
11	57000001	0.881467	0.875368	3
11	58000001	1.01403	0.875368	3
11	59000001	0.83878	0.875368	3
11	60000001	0.849994	0.875368	3
11	61000001	0.822792	0.875368	3
11	62000001	1.05575	0.875368	3
11	63000001	1.13429	0.875368	3
11	64000001	0.973333	0.875368	3
11	65000001	0.869269	0.875368	3
11	66000001	0.801346	0.875368	3
11	67000001	1.1552	0.875368	3
11	68000001	0.81434	0.875368	3
11	69000001	1.71117	1.71117	5
11	70000001	0.966647	0.940211	3
11	71000001	1.23031	0.940211	3
11	72000001	0.861717	0.940211	3
11	73000001	1.09802	0.940211	3
11	74000001	0.90632	0.940211	3
11	75000001	0.90028	0.940211	3
11	76000001	0.874562	0.940211	3
11	77000001	0.940211	0.940211	3
11	78000001	1.01622	0.940211	3
11	79000001	1.42337	1.35779	4
11	80000001	1.29222	1.35779	4
11	81000001	0.845234	0.948828	3
11	82000001	0.877638	0.948828	3
11	83000001	0.932079	0.948828	3
11	84000001	0.965577	0.948828	3
11	85000001	1.14914	0.948828	3
11	86000001	0.765327	0.948828	3
11	87000001	1.14035	0.948828	3
11	88000001	0.875821	0.948828	3
11	89000001	1.10832	0.948828	3
11	90000001	1.0347	0.948828	3
11	91000001	0.870885	0.948828	3
11	92000001	0.902606	0.948828	3
11	93000001	1.00962	0.948828	3
11	94000001	0.858768	0.948828	3
11	95000001	1.02297	0.948828	3
11	96000001	1.3207	0.948828	3
11	97000001	0.814595	0.948828	3
11	98000001	1.03052	0.948828	3
11	99000001	1.4123	1.21059	4
11	100000001	1.09138	1.21059	4
11	101000001	1.13915	1.21059	4
11	102000001	1.01708	1.21059	4
11	103000001	1.28204	1.21059	4
11	104000001	1.45393	1.21059	4
11	105000001	0.801917	0.801917	2
11	106000001	0.865431	0.801917	2
11	107000001	0.748783	0.801917	2
11	108000001	0.978302	0.801917	2
11	109000001	0.701417	0.801917	2
11	110000001	0.991654	1.03528	3
11	111000001	1.11704	1.03528	3
11	112000001	1.33524	1.03528	3
11	113000001	0.990538	1.03528	3
11	114000001	0.80737	1.03528	3
11	115000001	1.16313	1.03528	3
11	116000001	0.981593	1.03528	3
11	117000001	0.944613	1.03528	3
11	118000001	1.12345	1.03528	3
11	119000001	0.991642	1.03528	3
11	120000001	1.12816	1.03528	3
11	121000001	1.12645	1.03528	3
11	122000001	1.08344	1.03528	3
11	123000001	0.985976	1.03528	3
11	124000001	0.777293	1.03528	3
11	125000001	0.928077	1.03528	3
11	126000001	1.10249	1.03528	3
11	127000001	1.05573	1.03528	3
11	128000001	0.97476	1.03528	3
11	129000001	1.20048	1.03528	3
11	130000001	1.01483	1.03528	3
11	131000001	1.18043	1.03528	3
11	132000001	1.29834	1.03528	3
11	133000001	0.851775	1.03528	3
11	134000001	1.25933	1.03528	3
11	135000001	0.721574	1.03528	3
12	1	0.537627	0.664938	2
12	1000001	0.647197	0.664938	2
12	2000001	0.707544	0.664938	2
12	3000001	0.638372	0.664938	2
12	4000001	0.725217	0.664938	2
12	5000001	0.716206	0.664938	2
12	6000001	0.691675	0.664938	2
12	7000001	0.810137	0.664938	2
12	8000001	0.479274	0.664938	2
12	9000001	0.520243	0.664938	2
12	10000001	0.664938	0.664938	2
12	11000001	0.719131	0.75767	2
12	12000001	0.770272	0.75767	2
12	13000001	0.828205	0.75767	2
12	14000001	0.629978	0.75767	2
12	15000001	0.696666	0.75767	2
12	16000001	0.65846	0.75767	2
12	17000001	0.862924	0.75767	2
12	18000001	0.588452	0.75767	2
12	19000001	0.749761	0.75767	2
12	20000001	0.857665	0.75767	2
12	21000001	0.739011	0.75767	2
12	22000001	0.765578	0.75767	2
12	23000001	0.844486	0.75767	2
12	24000001	0.8104	0.75767	2
12	25000001	1.1874	1.01842	3
12	26000001	0.988532	1.01842	3
12	27000001	1.07067	1.01842	3
12	28000001	1.16396	1.01842	3
12	29000001	0.950826	1.01842	3
12	30000001	0.775716	1.01842	3
12	31000001	1.04137	1.01842	3
12	32000001	0.920761	1.01842	3
12	33000001	1.01842	1.01842	3
12	34000001	1.18421	1.01842	3
12	35000001	1.21281	1.01842	3
12	36000001	1.17936	1.01842	3
12	37000001	0.945351	1.01842	3
12	38000001	1.07633	1.01842	3
12	39000001	0.973122	1.01842	3
12	40000001	1.00475	1.01842	3
12	41000001	1.09532	1.01842	3
12	42000001	0.811238	1.01842	3
12	43000001	0.976719	1.01842	3
12	44000001	1.18169	1.01842	3
12	45000001	1.01034	1.01842	3
12	46000001	1.02234	1.01842	3
12	47000001	0.947637	1.01842	3
12	48000001	1.70512	1.70512	5
12	49000001	1.0244	1.01153	3
12	50000001	1.11868	1.01153	3
12	51000001	1.02071	1.01153	3
12	52000001	1.15089	1.01153	3
12	53000001	0.949163	1.01153	3
12	54000001	0.825574	1.01153	3
12	55000001	1.09742	1.01153	3
12	56000001	1.10013	1.01153	3
12	57000001	0.884885	1.01153	3
12	58000001	1.27485	1.01153	3
12	59000001	0.774399	1.01153	3
12	60000001	1.15583	1.01153	3
12	61000001	0.936471	1.01153	3
12	62000001	0.926304	1.01153	3
12	63000001	1.11563	1.01153	3
12	64000001	1.05668	1.01153	3
12	65000001	1.06866	1.01153	3
12	66000001	1.13493	1.01153	3
12	67000001	1.08813	1.01153	3
12	68000001	1.03334	1.01153	3
12	69000001	0.870318	1.01153	3
12	70000001	1.03325	1.01153	3
12	71000001	1.16883	1.01153	3
12	72000001	0.982254	1.01153	3
12	73000001	0.989819	1.01153	3
12	74000001	0.885576	1.01153	3
12	75000001	1.01667	1.01153	3
12	76000001	0.986963	1.01153	3
12	77000001	1.09142	1.01153	3
12	78000001	0.92999	1.01153	3
12	79000001	1.08497	1.01153	3
12	80000001	1.30467	1.01153	3
12	81000001	1.05853	1.01153	3
12	82000001	0.862612	1.01153	3
12	83000001	1.13993	1.01153	3
12	84000001	1.12199	1.01153	3
12	85000001	1.02331	1.01153	3
12	86000001	1.08658	1.01153	3
12	87000001	0.795102	1.01153	3
12	88000001	1.03598	1.01153	3
12	89000001	0.871375	1.01153	3
12	90000001	1.15422	1.01153	3
12	91000001	1.00216	1.01153	3
12	92000001	0.988169	1.01153	3
12	93000001	0.756805	1.01153	3
12	94000001	1.27615	1.01153	3
12	95000001	1.05333	1.01153	3
12	96000001	0.924238	1.01153	3
12	97000001	1.02089	1.01153	3
12	98000001	0.977337	1.01153	3
12	99000001	1.11585	1.01153	3
12	100000001	1.05467	1.01153	3
12	101000001	0.914406	1.01153	3
12	102000001	1.10335	1.01153	3
12	103000001	0.806181	1.01153	3
12	104000001	0.907671	1.01153	3
12	105000001	1.05939	1.01153	3
12	106000001	1.04144	1.01153	3
12	107000001	0.901892	1.01153	3
12	108000001	0.953428	1.01153	3
12	109000001	0.888852	1.01153	3
12	110000001	0.963107	1.01153	3
12	111000001	1.21438	1.01153	3
12	112000001	0.802242	1.01153	3
12	113000001	0.759696	1.01153	3
12	114000001	1.26302	1.01153	3
12	115000001	0.997095	1.01153	3
12	116000001	0.727315	1.01153	3
12	117000001	0.96075	1.01153	3
12	118000001	1.10703	1.01153	3
12	119000001	0.853194	1.01153	3
12	120000001	0.954223	1.01153	3
12	121000001	0.924511	1.01153	3
12	122000001	1.00499	1.01153	3
12	123000001	1.00638	1.01153	3
12	124000001	1.13402	1.01153	3
12	125000001	1.22837	1.01153	3
12	126000001	0.860432	1.01153	3
12	127000001	0.965829	1.01153	3
12	128000001	0.950084	1.01153	3
12	129000001	1.61706	1.16994	4
12	130000001	1.12108	1.16994	4
12	131000001	1.50909	1.16994	4
12	132000001	1.16994	1.16994	4
12	133000001	0.92864	1.16994	4
13	1	-1	-1	3
13	1000001	-1	-1	3
13	2000001	-1	-1	3
13	3000001	-1	-1	3
13	4000001	-1	-1	3
13	5000001	-1	-1	3
13	6000001	-1	-1	3
13	7000001	-1	-1	3
13	8000001	-1	-1	3
13	9000001	-1	-1	3
13	10000001	-1	-1	3
13	11000001	-1	-1	3
13	12000001	-1	-1	3
13	13000001	-1	-1	3
13	14000001	-1	-1	3
13	15000001	-1	-1	3
13	16000001	0.981848	0.935791	3
13	17000001	0.931652	0.935791	3
13	18000001	0.935791	0.935791	3
13	19000001	0.774558	0.681048	2
13	20000001	0.71437	0.681048	2
13	21000001	0.68595	0.681048	2
13	22000001	0.911989	0.681048	2
13	23000001	0.675294	0.681048	2
13	24000001	0.770567	0.681048	2
13	25000001	0.684205	0.681048	2
13	26000001	0.609902	0.681048	2
13	27000001	0.512075	0.681048	2
13	28000001	0.695315	0.681048	2
13	29000001	0.604144	0.681048	2
13	30000001	0.651643	0.681048	2
13	31000001	0.905835	0.681048	2
13	32000001	0.688599	0.681048	2
13	33000001	0.54868	0.681048	2
13	34000001	0.700716	0.681048	2
13	35000001	0.956801	0.681048	2
13	36000001	0.632228	0.681048	2
13	37000001	0.578303	0.681048	2
13	38000001	0.656394	0.681048	2
13	39000001	0.527854	0.681048	2
13	40000001	0.81515	0.681048	2
13	41000001	1.3931	0.681048	2
13	42000001	0.803333	0.681048	2
13	43000001	0.795662	0.681048	2
13	44000001	0.540822	0.681048	2
13	45000001	0.723261	0.681048	2
13	46000001	0.754229	0.681048	2
13	47000001	0.949751	0.681048	2
13	48000001	0.907392	0.681048	2
13	49000001	0.673255	0.681048	2
13	50000001	0.817855	0.681048	2
13	51000001	0.507452	0.681048	2
13	52000001	0.679409	0.681048	2
13	53000001	0.757035	0.681048	2
13	54000001	0.65374	0.681048	2
13	55000001	0.589619	0.681048	2
13	56000001	0.58352	0.681048	2
13	57000001	0.654192	0.681048	2
13	58000001	0.700882	0.681048	2
13	59000001	0.589731	0.681048	2
13	60000001	0.692563	0.681048	2
13	61000001	0.622469	0.681048	2
13	62000001	0.773534	0.681048	2
13	63000001	0.681048	0.681048	2
13	64000001	0.654515	0.681048	2
13	65000001	0.731189	0.681048	2
13	66000001	0.613377	0.681048	2
13	67000001	0.625364	0.681048	2
13	68000001	0.66362	0.681048	2
13	69000001	0.676425	0.681048	2
13	70000001	0.57509	0.681048	2
13	71000001	1.38918	0.681048	2
13	72000001	0.784304	0.681048	2
13	73000001	0.50001	0.681048	2
13	74000001	0.738555	0.681048	2
13	75000001	0.871628	0.681048	2
13	76000001	0.528791	0.681048	2
13	77000001	0.589071	0.681048	2
13	78000001	0.444839	0.681048	2
13	79000001	0.857159	0.681048	2
13	80000001	2.85493	2.85493	9
13	81000001	0.76193	0.74314	2
13	82000001	0.665374	0.74314	2
13	83000001	0.724126	0.74314	2
13	84000001	0.707395	0.74314	2
13	85000001	0.91129	0.74314	2
13	86000001	1.22731	0.74314	2
13	87000001	0.724349	0.74314	2
13	88000001	0.776601	0.74314	2
13	89000001	1.96192	1.96192	6
13	90000001	5.94005	5.27348	16
13	91000001	4.6069	5.27348	16
13	92000001	2.75602	2.75602	8
13	93000001	1.63213	1.63213	5
13	94000001	0.670908	0.670908	2
13	95000001	0.840569	0.670908	2
13	96000001	0.764273	0.670908	2
13	97000001	0.662993	0.670908	2
13	98000001	0.681237	0.670908	2
13	99000001	0.480722	0.670908	2
13	100000001	0.585699	0.670908	2
13	101000001	0.549143	0.670908	2
13	102000001	0.62989	0.670908	2
13	103000001	0.824604	0.670908	2
13	104000001	0.605708	0.670908	2
13	105000001	0.609344	0.670908	2
13	106000001	0.64641	0.670908	2
13	107000001	1.35198	0.670908	2
13	108000001	0.484173	0.670908	2
13	109000001	0.696988	0.670908	2
13	110000001	0.691208	0.670908	2
13	111000001	0.75328	0.670908	2
13	112000001	0.779042	0.670908	2
13	113000001	0.785328	0.670908	2
13	114000001	0.498413	0.670908	2
14	1	-1	-1	4
14	1000001	-1	-1	4
14	2000001	-1	-1	4
14	3000001	-1	-1	4
14	4000001	-1	-1	4
14	5000001	-1	-1	4
14	6000001	-1	-1	4
14	7000001	-1	-1	4
14	8000001	-1	-1	4
14	9000001	-1	-1	4
14	10000001	-1	-1	4
14	11000001	-1	-1	4
14	12000001	-1	-1	4
14	13000001	-1	-1	4
14	14000001	-1	-1	4
14	15000001	-1	-1	4
14	16000001	1.4322	1.4322	4
14	17000001	0.966092	1.0097	3
14	18000001	1.05331	1.0097	3
14	19000001	1.4826	1.4826	4
14	20000001	0.529101	0.658059	2
14	21000001	0.614877	0.658059	2
14	22000001	0.705175	0.658059	2
14	23000001	0.802564	0.658059	2
14	24000001	0.55813	0.658059	2
14	25000001	0.786916	0.658059	2
14	26000001	0.780169	0.658059	2
14	27000001	0.543501	0.658059	2
14	28000001	0.683353	0.658059	2
14	29000001	0.649895	0.658059	2
14	30000001	0.672823	0.658059	2
14	31000001	0.640714	0.658059	2
14	32000001	0.612725	0.658059	2
14	33000001	0.700605	0.658059	2
14	34000001	0.922195	0.658059	2
14	35000001	0.681679	0.658059	2
14	36000001	0.515762	0.658059	2
14	37000001	0.671673	0.658059	2
14	38000001	0.755475	0.658059	2
14	39000001	0.610906	0.658059	2
14	40000001	0.868886	0.658059	2
14	41000001	0.44959	0.658059	2
14	42000001	0.709833	0.658059	2
14	43000001	0.789898	0.658059	2
14	44000001	0.761203	0.658059	2
14	45000001	0.755297	0.658059	2
14	46000001	0.604083	0.658059	2
14	47000001	0.615451	0.658059	2
14	48000001	0.614559	0.658059	2
14	49000001	0.502963	0.658059	2
14	50000001	0.623989	0.658059	2
14	51000001	0.51553	0.658059	2
14	52000001	0.742396	0.658059	2
14	53000001	0.771463	0.658059	2
14	54000001	0.666223	0.658059	2
14	55000001	0.49479	0.658059	2
14	56000001	0.634333	0.658059	2
14	57000001	0.563434	0.658059	2
14	58000001	0.618342	0.658059	2
14	59000001	0.775992	0.658059	2
14	60000001	1.73578	1.73578	5
14	61000001	0.860288	0.650583	2
14	62000001	0.673638	0.650583	2
14	63000001	0.496331	0.650583	2
14	64000001	0.569153	0.650583	2
14	65000001	0.519876	0.650583	2
14	66000001	0.592346	0.650583	2
14	67000001	0.768181	0.650583	2
14	68000001	0.474586	0.650583	2
14	69000001	0.580168	0.650583	2
14	70000001	0.769951	0.650583	2
14	71000001	0.632858	0.650583	2
14	72000001	0.804208	0.650583	2
14	73000001	0.522023	0.650583	2
14	74000001	0.715389	0.650583	2
14	75000001	0.560843	0.650583	2
14	76000001	0.652544	0.650583	2
14	77000001	0.773065	0.650583	2
14	78000001	0.712576	0.650583	2
14	79000001	0.671871	0.650583	2
14	80000001	0.60953	0.650583	2
14	81000001	0.618901	0.650583	2
14	82000001	0.740307	0.650583	2
14	83000001	0.53349	0.650583	2
14	84000001	0.731371	0.650583	2
14	85000001	0.747562	0.650583	2
14	86000001	0.66989	0.650583	2
14	87000001	0.532163	0.650583	2
14	88000001	0.650583	0.650583	2
14	89000001	0.698232	0.650583	2
14	90000001	0.719709	0.650583	2
14	91000001	0.549357	0.650583	2
14	92000001	0.578228	0.650583	2
14	93000001	0.581772	0.650583	2
14	94000001	0.656021	0.650583	2
14	95000001	0.570489	0.650583	2
14	96000001	0.822654	0.723292	2
14	97000001	1.01632	0.723292	2
14	98000001	0.614592	0.723292	2
14	99000001	0.583079	0.723292	2
14	100000001	0.536761	0.723292	2
14	101000001	0.64154	0.723292	2
14	102000001	0.738845	0.723292	2
14	103000001	0.600696	0.723292	2
14	104000001	0.723292	0.723292	2
14	105000001	0.745772	0.723292	2
14	106000001	0.878105	0.723292	2
14	107000001	-1	-1	2
15	1	-1	-1	4
15	1000001	-1	-1	4
15	2000001	-1	-1	4
15	3000001	-1	-1	4
15	4000001	-1	-1	4
15	5000001	-1	-1	4
15	6000001	-1	-1	4
15	7000001	-1	-1	4
15	8000001	-1	-1	4
15	9000001	-1	-1	4
15	10000001	-1	-1	4
15	11000001	-1	-1	4
15	12000001	-1	-1	4
15	13000001	-1	-1	4
15	14000001	-1	-1	4
15	15000001	-1	-1	4
15	16000001	-1	-1	4
15	17000001	1.34714	1.41295	4
15	18000001	1.41295	1.41295	4
15	19000001	1.66533	1.41295	4
15	20000001	1.12956	1.07908	3
15	21000001	0.970018	1.07908	3
15	22000001	1.2355	1.07908	3
15	23000001	0.915563	1.07908	3
15	24000001	0.96607	1.07908	3
15	25000001	1.34159	1.07908	3
15	26000001	1.26933	1.07908	3
15	27000001	1.01139	1.07908	3
15	28000001	0.848592	1.07908	3
15	29000001	1.06522	1.07908	3
15	30000001	1.09294	1.07908	3
15	31000001	1.16801	1.07908	3
15	32000001	0.922583	0.91527	3
15	33000001	0.954064	0.91527	3
15	34000001	0.899236	0.91527	3
15	35000001	0.876497	0.91527	3
15	36000001	0.999714	0.91527	3
15	37000001	0.877667	0.91527	3
15	38000001	0.922881	0.91527	3
15	39000001	0.806942	0.91527	3
15	40000001	0.899903	0.91527	3
15	41000001	0.88367	0.91527	3
15	42000001	0.804683	0.91527	3
15	43000001	0.964863	0.91527	3
15	44000001	0.943852	0.91527	3
15	45000001	1.11768	0.91527	3
15	46000001	0.954025	0.91527	3
15	47000001	0.834393	0.91527	3
15	48000001	0.742255	0.91527	3
15	49000001	0.983973	0.91527	3
15	50000001	1.10521	0.91527	3
15	51000001	1.19458	0.91527	3
15	52000001	0.882183	0.91527	3
15	53000001	1.08281	0.91527	3
15	54000001	1.02153	0.91527	3
15	55000001	1.0278	0.91527	3
15	56000001	0.941028	0.91527	3
15	57000001	0.896585	0.91527	3
15	58000001	0.70989	0.91527	3
15	59000001	0.985442	0.91527	3
15	60000001	0.934964	0.91527	3
15	61000001	0.954513	0.91527	3
15	62000001	1.22893	0.91527	3
15	63000001	0.83744	0.91527	3
15	64000001	0.866146	0.91527	3
15	65000001	0.906476	0.91527	3
15	66000001	0.801746	0.91527	3
15	67000001	0.91296	0.91527	3
15	68000001	0.940402	0.91527	3
15	69000001	0.887288	0.91527	3
15	70000001	0.91527	0.91527	3
15	71000001	0.935183	0.91527	3
15	72000001	0.859803	0.91527	3
15	73000001	1.02652	0.91527	3
15	74000001	0.880364	0.91527	3
15	75000001	0.802676	0.91527	3
15	76000001	0.913489	0.91527	3
15	77000001	1.05365	1.00145	3
15	78000001	0.96362	1.00145	3
15	79000001	1.36069	1.00145	3
15	80000001	0.970073	1.00145	3
15	81000001	1.00104	1.00145	3
15	82000001	0.806569	1.00145	3
15	83000001	1.11574	1.00145	3
15	84000001	1.00145	1.00145	3
15	85000001	0.826293	1.00145	3
15	86000001	1.01128	1.00145	3
15	87000001	1.08782	1.00145	3
15	88000001	1.02696	1.00145	3
15	89000001	1.1218	1.00145	3
15	90000001	0.605553	1.00145	3
15	91000001	0.91902	1.00145	3
15	92000001	0.923918	1.00145	3
15	93000001	1.16059	1.00145	3
15	94000001	0.871064	1.00145	3
15	95000001	1.04186	1.00145	3
15	96000001	1.01774	1.00145	3
15	97000001	0.97064	1.00145	3
15	98000001	1.14096	1.00145	3
15	99000001	0.830095	1.00145	3
15	100000001	1.34377	1.00145	3
15	101000001	0.771355	1.00145	3
16	1	1.01678	1.01678	3
16	1000001	1.20342	1.01678	3
16	2000001	1.01131	1.01678	3
16	3000001	0.980268	1.01678	3
16	4000001	1.1254	1.01678	3
16	5000001	1.04703	1.01678	3
16	6000001	1.03346	1.01678	3
16	7000001	0.925123	1.01678	3
16	8000001	0.829053	1.01678	3
16	9000001	0.850058	1.01678	3
16	10000001	1.64248	1.01678	3
16	11000001	1.12297	1.01678	3
16	12000001	1.08429	1.01678	3
16	13000001	1.04166	1.01678	3
16	14000001	1.37679	1.01678	3
16	15000001	0.994158	1.01678	3
16	16000001	1.21974	1.01678	3
16	17000001	1.10876	1.01678	3
16	18000001	1.18762	1.01678	3
16	19000001	0.916065	1.01678	3
16	20000001	1.11426	1.01678	3
16	21000001	1.1275	1.01678	3
16	22000001	0.812114	1.01678	3
16	23000001	1.33109	1.01678	3
16	24000001	0.840167	1.01678	3
16	25000001	1.12548	1.01678	3
16	26000001	0.88714	1.01678	3
16	27000001	0.856459	1.01678	3
16	28000001	0.779824	1.01678	3
16	29000001	0.979163	1.01678	3
16	30000001	0.763597	1.01678	3
16	31000001	0.851846	1.01678	3
16	32000001	0.97431	1.01678	3
16	33000001	1.58715	1.58715	5
16	34000001	2.33445	2.33445	7
16	35000001	0.997116	1.31611	4
16	36000001	1.31355	1.31611	4
16	37000001	1.31868	1.31611	4
16	38000001	1.43555	1.31611	4
16	39000001	-1	-1	4
16	40000001	-1	-1	4
16	41000001	-1	-1	4
16	42000001	-1	-1	4
16	43000001	-1	-1	4
16	44000001	-1	-1	4
16	45000001	-1	-1	4
16	46000001	4.78149	4.78149	14
16	47000001	0.941334	0.998614	3
16	48000001	0.940435	0.998614	3
16	49000001	0.817688	0.998614	3
16	50000001	1.21333	0.998614	3
16	51000001	1.06521	0.998614	3
16	52000001	0.686409	0.998614	3
16	53000001	1.07408	0.998614	3
16	54000001	0.934342	0.998614	3
16	55000001	0.998614	0.998614	3
16	56000001	0.940223	0.998614	3
16	57000001	1.1636	0.998614	3
16	58000001	0.891265	0.998614	3
16	59000001	0.767591	0.998614	3
16	60000001	1.00518	0.998614	3
16	61000001	0.884892	0.998614	3
16	62000001	0.782707	0.998614	3
16	63000001	0.821419	0.998614	3
16	64000001	1.03835	0.998614	3
16	65000001	1.06188	0.998614	3
16	66000001	1.03163	0.998614	3
16	67000001	1.00474	0.998614	3
16	68000001	0.765001	0.998614	3
16	69000001	1.12897	0.998614	3
16	70000001	0.758654	0.998614	3
16	71000001	1.05257	0.998614	3
16	72000001	1.02388	0.998614	3
16	73000001	1.09614	0.998614	3
16	74000001	1.66455	1.28603	4
16	75000001	0.963399	1.28603	4
16	76000001	1.05321	1.28603	4
16	77000001	1.16209	1.28603	4
16	78000001	1.08319	1.28603	4
16	79000001	1.28878	1.28603	4
16	80000001	1.28603	1.28603	4
16	81000001	1.43605	1.28603	4
16	82000001	1.39411	1.28603	4
16	83000001	1.36257	1.28603	4
16	84000001	1.58032	1.28603	4
16	85000001	1.16236	1.28603	4
16	86000001	1.3571	1.28603	4
16	87000001	0.951953	1.28603	4
16	88000001	1.6695	1.28603	4
16	89000001	0.980662	1.28603	4
16	90000001	1.17875	1.28603	4
17	1	1.00283	0.732033	2
17	1000001	0.7446	0.732033	2
17	2000001	0.739731	0.732033	2
17	3000001	0.660112	0.732033	2
17	4000001	0.837235	0.732033	2
17	5000001	0.534205	0.732033	2
17	6000001	0.614687	0.732033	2
17	7000001	0.578171	0.732033	2
17	8000001	0.614545	0.732033	2
17	9000001	0.751267	0.732033	2
17	10000001	0.892834	0.732033	2
17	11000001	0.633014	0.732033	2
17	12000001	0.602137	0.732033	2
17	13000001	0.78341	0.732033	2
17	14000001	0.846593	0.732033	2
17	15000001	0.690037	0.732033	2
17	16000001	0.853564	0.732033	2
17	17000001	0.6553	0.732033	2
17	18000001	0.69371	0.732033	2
17	19000001	0.697799	0.732033	2
17	20000001	0.920083	0.732033	2
17	21000001	0.924588	0.732033	2
17	22000001	0.792165	0.732033	2
17	23000001	0.724336	0.732033	2
17	24000001	0.891428	1.18786	4
17	25000001	1.18786	1.18786	4
17	26000001	1.98272	1.18786	4
17	27000001	0.539116	0.653372	2
17	28000001	0.692956	0.653372	2
17	29000001	0.658878	0.653372	2
17	30000001	0.590141	0.653372	2
17	31000001	0.551111	0.653372	2
17	32000001	0.607086	0.653372	2
17	33000001	0.754278	0.653372	2
17	34000001	0.653372	0.653372	2
17	35000001	0.67741	0.653372	2
17	36000001	0.706321	0.653372	2
17	37000001	0.617244	0.653372	2
17	38000001	1.05733	0.895844	3
17	39000001	0.710969	0.895844	3
17	40000001	0.637002	0.895844	3
17	41000001	0.953913	0.895844	3
17	42000001	0.676486	0.895844	3
17	43000001	0.875153	0.895844	3
17	44000001	0.989926	0.895844	3
17	45000001	0.804034	0.895844	3
17	46000001	0.777583	0.895844	3
17	47000001	0.985366	0.895844	3
17	48000001	0.748836	0.895844	3
17	49000001	1.03596	0.895844	3
17	50000001	0.837427	0.895844	3
17	51000001	0.93289	0.895844	3
17	52000001	0.880628	0.895844	3
17	53000001	0.918299	0.895844	3
17	54000001	1.03214	0.895844	3
17	55000001	0.974344	0.895844	3
17	56000001	0.895844	0.895844	3
17	57000001	0.922935	0.895844	3
17	58000001	0.869939	0.895844	3
17	59000001	1.03602	1.00082	3
17	60000001	1.34802	1.00082	3
17	61000001	1.30029	1.00082	3
17	62000001	1.81164	1.00082	3
17	63000001	1.00082	1.00082	3
17	64000001	1.07774	1.00082	3
17	65000001	1.28288	1.00082	3
17	66000001	0.977132	1.00082	3
17	67000001	0.866092	1.00082	3
17	68000001	0.948039	1.00082	3
17	69000001	0.976298	1.00082	3
17	70000001	0.931226	1.00082	3
17	71000001	1.35804	1.00082	3
17	72000001	0.989178	1.00082	3
17	73000001	1.00366	1.00082	3
17	74000001	0.9705	1.00082	3
17	75000001	0.84603	1.00082	3
17	76000001	1.23783	1.04167	3
17	77000001	2.09716	1.04167	3
17	78000001	1.04167	1.04167	3
17	79000001	0.918018	1.04167	3
17	80000001	0.969356	1.04167	3
17	81000001	2.96557	1.1861	4
17	82000001	0.887517	1.1861	4
17	83000001	1.1861	1.1861	4
18	1	3.05355	3.05355	9
18	1000001	1.63039	1.41834	4
18	2000001	1.40852	1.41834	4
18	3000001	1.54792	1.41834	4
18	4000001	1.44994	1.41834	4
18	5000001	1.42816	1.41834	4
18	6000001	1.36771	1.41834	4
18	7000001	1.37077	1.41834	4
18	8000001	1.27673	1.41834	4
18	9000001	1.23308	1.08481	3
18	10000001	1.23024	1.08481	3
18	11000001	1.08481	1.08481	3
18	12000001	0.879428	1.08481	3
18	13000001	0.979377	1.08481	3
18	14000001	0.939038	1.08481	3
18	15000001	1.18989	1.08481	3
18	16000001	1.6626	1.56543	5
18	17000001	1.56543	1.56543	5
18	18000001	1.84374	1.56543	5
18	19000001	1.46647	1.56543	5
18	20000001	1.75518	1.56543	5
18	21000001	0.908631	1.56543	5
18	22000001	1.5676	1.56543	5
18	23000001	1.25049	1.56543	5
18	24000001	1.45275	1.56543	5
18	25000001	2.3494	1.85871	6
18	26000001	1.69726	1.85871	6
18	27000001	1.85871	1.85871	6
18	28000001	1.25977	1.85871	6
18	29000001	2.09359	1.85871	6
18	30000001	1.11167	1.29461	4
18	31000001	1.35612	1.29461	4
18	32000001	1.14345	1.29461	4
18	33000001	1.24703	1.29461	4
18	34000001	1.42921	1.29461	4
18	35000001	1.49174	1.29461	4
18	36000001	1.31154	1.29461	4
18	37000001	1.27768	1.29461	4
18	38000001	0.925277	1.09151	3
18	39000001	1.04341	1.09151	3
18	40000001	1.1396	1.09151	3
18	41000001	1.31749	1.09151	3
18	42000001	0.605956	0.719202	2
18	43000001	0.684118	0.719202	2
18	44000001	1.32009	0.719202	2
18	45000001	0.872051	0.719202	2
18	46000001	0.805336	0.719202	2
18	47000001	0.719202	0.719202	2
18	48000001	0.694427	0.719202	2
18	49000001	0.552509	0.719202	2
18	50000001	0.607269	0.719202	2
18	51000001	0.804547	0.719202	2
18	52000001	0.591276	0.719202	2
18	53000001	0.85738	0.719202	2
18	54000001	0.667063	0.719202	2
18	55000001	0.606739	0.719202	2
18	56000001	0.689454	0.719202	2
18	57000001	0.766932	0.719202	2
18	58000001	0.866861	0.719202	2
18	59000001	0.900392	0.719202	2
18	60000001	0.767332	0.719202	2
18	61000001	1.25781	0.719202	2
18	62000001	0.657529	0.719202	2
18	63000001	0.992286	0.719202	2
18	64000001	0.465953	0.719202	2
18	65000001	0.529031	0.719202	2
18	66000001	0.791392	0.719202	2
18	67000001	0.707744	0.719202	2
18	68000001	0.801882	0.719202	2
18	69000001	0.864671	0.719202	2
18	70000001	0.574505	0.719202	2
18	71000001	0.770966	0.719202	2
18	72000001	0.600401	0.719202	2
18	73000001	0.771277	0.719202	2
18	74000001	0.600698	0.719202	2
18	75000001	0.765158	0.719202	2
18	76000001	0.6685	0.719202	2
18	77000001	1.6388	0.719202	2
18	78000001	0.608359	0.719202	2
18	79000001	0.855189	0.719202	2
18	80000001	0.639782	0.719202	2
19	1	0.917785	1.01856	3
19	1000001	0.717068	1.01856	3
19	2000001	1.01585	1.01856	3
19	3000001	1.05056	1.01856	3
19	4000001	1.0544	1.01856	3
19	5000001	1.06663	1.01856	3
19	6000001	0.951185	1.01856	3
19	7000001	1.33288	1.01856	3
19	8000001	0.925478	1.01856	3
19	9000001	0.987546	1.01856	3
19	10000001	0.873731	1.01856	3
19	11000001	1.01856	1.01856	3
19	12000001	0.993625	1.01856	3
19	13000001	1.07335	1.01856	3
19	14000001	0.990115	1.01856	3
19	15000001	1.04657	1.01856	3
19	16000001	1.42543	1.01856	3
19	17000001	1.01986	1.01856	3
19	18000001	0.886221	1.01856	3
19	19000001	1.25401	1.01856	3
19	20000001	0.758998	1.01856	3
19	21000001	1.16703	1.01856	3
19	22000001	1.15607	1.01856	3
19	23000001	1.29277	1.44284	4
19	24000001	1.59291	1.44284	4
19	25000001	2.27258	2.2748	7
19	26000001	2.27702	2.2748	7
19	27000001	1.15309	1.10279	3
19	28000001	0.57466	1.10279	3
19	29000001	1.0368	1.10279	3
19	30000001	1.13773	1.10279	3
19	31000001	1.13164	1.10279	3
19	32000001	1.07147	1.10279	3
19	33000001	1.04785	1.10279	3
19	34000001	0.858148	1.10279	3
19	35000001	1.1062	1.10279	3
19	36000001	1.20881	1.10279	3
19	37000001	1.10279	1.10279	3
19	38000001	1.16989	1.10279	3
19	39000001	1.06515	1.10279	3
19	40000001	0.868089	0.898386	3
19	41000001	0.699495	0.898386	3
19	42000001	0.80665	0.898386	3
19	43000001	1.02409	0.898386	3
19	44000001	0.772083	0.898386	3
19	45000001	0.860871	0.898386	3
19	46000001	1.09964	0.898386	3
19	47000001	1.03489	0.898386	3
19	48000001	0.898386	0.898386	3
19	49000001	1.1351	0.898386	3
19	50000001	1.0766	0.898386	3
19	51000001	0.901309	0.898386	3
19	52000001	0.77685	0.898386	3
19	53000001	1.2736	0.898386	3
19	54000001	1.18022	0.898386	3
19	55000001	0.699767	0.898386	3
19	56000001	1.23488	0.898386	3
19	57000001	0.860822	0.898386	3
19	58000001	0.852726	0.898386	3
2	1	1.01737	1.00052	3
2	1000001	1.0233	1.00052	3
2	2000001	0.95279	1.00052	3
2	3000001	1.22807	1.00052	3
2	4000001	1.06804	1.00052	3
2	5000001	0.87056	1.00052	3
2	6000001	1.14131	1.00052	3
2	7000001	0.975544	1.00052	3
2	8000001	0.908077	1.00052	3
2	9000001	1.28399	1.00052	3
2	10000001	0.903708	1.00052	3
2	11000001	0.846546	1.00052	3
2	12000001	1.18423	1.00052	3
2	13000001	0.737095	1.00052	3
2	14000001	0.891478	1.00052	3
2	15000001	0.86669	1.00052	3
2	16000001	1.15085	1.00052	3
2	17000001	1.02227	1.00052	3
2	18000001	0.899918	1.00052	3
2	19000001	1.24815	1.00052	3
2	20000001	1.0282	1.00052	3
2	21000001	0.896502	1.00052	3
2	22000001	0.718619	1.00052	3
2	23000001	1.12594	1.00052	3
2	24000001	1.23987	1.00052	3
2	25000001	1.16763	1.00052	3
2	26000001	0.95868	1.00052	3
2	27000001	0.758377	1.00052	3
2	28000001	0.828835	1.00052	3
2	29000001	0.810773	1.00052	3
2	30000001	1.11511	1.00052	3
2	31000001	1.10501	1.00052	3
2	32000001	0.913705	1.00052	3
2	33000001	0.859414	1.00052	3
2	34000001	0.798946	1.00052	3
2	35000001	1.17746	1.00052	3
2	36000001	1.15396	1.00052	3
2	37000001	0.84007	1.00052	3
2	38000001	0.927051	1.00052	3
2	39000001	0.888331	1.00052	3
2	40000001	0.957346	1.00052	3
2	41000001	1.09268	1.00052	3
2	42000001	1.01812	1.00052	3
2	43000001	1.07707	1.00052	3
2	44000001	1.14073	1.00052	3
2	45000001	1.2083	1.00052	3
2	46000001	1.00052	1.00052	3
2	47000001	0.685457	1.00052	3
2	48000001	0.804184	1.00052	3
2	49000001	1.25154	1.00052	3
2	50000001	1.07642	1.00052	3
2	51000001	1.13022	1.00052	3
2	52000001	0.900449	1.00052	3
2	53000001	0.829102	1.00052	3
2	54000001	1.13404	1.00052	3
2	55000001	1.03141	1.00052	3
2	56000001	0.90141	1.00052	3
2	57000001	2.05859	2.05859	6
2	58000001	1.20603	0.948018	3
2	59000001	0.937371	0.948018	3
2	60000001	0.953428	0.948018	3
2	61000001	0.860031	0.948018	3
2	62000001	0.904648	0.948018	3
2	63000001	0.947437	0.948018	3
2	64000001	0.938202	0.948018	3
2	65000001	0.991091	0.948018	3
2	66000001	1.0874	0.948018	3
2	67000001	1.01746	0.948018	3
2	68000001	1.27938	0.948018	3
2	69000001	0.973811	0.948018	3
2	70000001	0.943477	0.948018	3
2	71000001	1.15308	0.948018	3
2	72000001	0.846599	0.948018	3
2	73000001	0.841776	0.948018	3
2	74000001	1.04886	0.948018	3
2	75000001	0.934195	0.948018	3
2	76000001	0.948018	0.948018	3
2	77000001	0.943628	0.948018	3
2	78000001	0.785922	0.948018	3
2	79000001	1.02334	0.948018	3
2	80000001	0.948394	0.948018	3
2	81000001	0.988606	0.948018	3
2	82000001	0.854228	0.948018	3
2	83000001	2.01998	2.01998	6
2	84000001	0.813657	1.06036	3
2	85000001	1.05677	1.06036	3
2	86000001	1.32033	1.06036	3
2	87000001	1.06395	1.06036	3
2	88000001	0.813488	1.06036	3
2	89000001	1.08515	1.06036	3
2	90000001	1.47222	1.52491	5
2	91000001	1.31599	1.52491	5
2	92000001	1.70902	1.52491	5
2	93000001	1.57761	1.52491	5
2	94000001	1.055	0.951949	3
2	95000001	1.01279	0.951949	3
2	96000001	0.910732	0.951949	3
2	97000001	0.935655	0.951949	3
2	98000001	1.10901	0.951949	3
2	99000001	1.57246	0.951949	3
2	100000001	1.26448	0.951949	3
2	101000001	0.871333	0.951949	3
2	102000001	0.986046	0.951949	3
2	103000001	0.767855	0.951949	3
2	104000001	0.834076	0.951949	3
2	105000001	0.922158	0.951949	3
2	106000001	0.927098	0.951949	3
2	107000001	0.820706	0.951949	3
2	108000001	0.783946	0.951949	3
2	109000001	1.04054	0.951949	3
2	110000001	0.884567	0.951949	3
2	111000001	0.889294	0.951949	3
2	112000001	1.08919	0.951949	3
2	113000001	1.10182	0.951949	3
2	114000001	0.955665	0.951949	3
2	115000001	0.98746	0.951949	3
2	116000001	0.838482	0.951949	3
2	117000001	1.20332	0.951949	3
2	118000001	0.948233	0.951949	3
2	119000001	1.05434	0.951949	3
2	120000001	1.05924	0.951949	3
2	121000001	0.936623	0.951949	3
2	122000001	1.1788	0.951949	3
2	123000001	0.687383	0.951949	3
2	124000001	2.07958	2.07958	6
2	125000001	0.973932	1.00667	3
2	126000001	1.10284	1.00667	3
2	127000001	0.94554	1.00667	3
2	128000001	1.03015	1.00667	3
2	129000001	1.10348	1.00667	3
2	130000001	0.855598	1.00667	3
2	131000001	1.00725	1.00667	3
2	132000001	0.928507	1.00667	3
2	133000001	1.02077	1.00667	3
2	134000001	0.806349	1.00667	3
2	135000001	0.993746	1.00667	3
2	136000001	0.891628	1.00667	3
2	137000001	0.898666	1.00667	3
2	138000001	1.10759	1.00667	3
2	139000001	1.07908	1.00667	3
2	140000001	1.14068	1.00667	3
2	141000001	0.922886	1.00667	3
2	142000001	1.08129	1.00667	3
2	143000001	1.11774	1.00667	3
2	144000001	0.932791	1.00667	3
2	145000001	1.11125	1.00667	3
2	146000001	1.00667	1.00667	3
2	147000001	0.83908	1.00667	3
2	148000001	1.38506	1.40848	4
2	149000001	1.4319	1.40848	4
2	150000001	2.16339	2.16339	6
2	151000001	1.01797	1.30983	4
2	152000001	1.53622	1.30983	4
2	153000001	1.27781	1.30983	4
2	154000001	1.95831	1.30983	4
2	155000001	1.18318	1.30983	4
2	156000001	1.40841	1.30983	4
2	157000001	1.23046	1.30983	4
2	158000001	1.51724	1.30983	4
2	159000001	0.985149	1.30983	4
2	160000001	1.28118	1.30983	4
2	161000001	1.26993	1.30983	4
2	162000001	1.29979	1.30983	4
2	163000001	1.47702	1.30983	4
2	164000001	1.50525	1.30983	4
2	165000001	1.36398	1.30983	4
2	166000001	1.78419	1.30983	4
2	167000001	1.31987	1.30983	4
2	168000001	1.14913	1.30983	4
2	169000001	2.46434	2.46434	7
2	170000001	1.28003	1.27141	4
2	171000001	1.215	1.27141	4
2	172000001	1.26278	1.27141	4
2	173000001	1.44085	1.27141	4
2	174000001	1.20922	1.27141	4
2	175000001	1.11585	1.27141	4
2	176000001	1.19569	1.27141	4
2	177000001	1.50196	1.27141	4
2	178000001	1.09999	1.27141	4
2	179000001	1.34448	1.27141	4
2	180000001	1.63855	1.27141	4
2	181000001	1.23597	1.27141	4
2	182000001	1.28134	1.27141	4
2	183000001	1.35639	1.27141	4
2	184000001	1.17203	1.27141	4
2	185000001	1.34394	1.27141	4
2	186000001	1.1056	1.27141	4
2	187000001	1.38039	1.27141	4
2	188000001	0.925431	0.66618	2
2	189000001	0.682873	0.66618	2
2	190000001	0.649488	0.66618	2
2	191000001	0.620688	0.66618	2
2	192000001	0.598994	0.66618	2
2	193000001	0.708413	0.66618	2
2	194000001	2.35922	2.35922	7
2	195000001	0.752009	0.723478	2
2	196000001	0.777989	0.723478	2
2	197000001	0.497367	0.723478	2
2	198000001	0.759317	0.723478	2
2	199000001	0.782963	0.723478	2
2	200000001	0.730112	0.723478	2
2	201000001	0.679101	0.723478	2
2	202000001	0.702126	0.723478	2
2	203000001	0.757128	0.723478	2
2	204000001	0.723478	0.723478	2
2	205000001	0.923381	0.723478	2
2	206000001	0.855508	0.723478	2
2	207000001	0.693763	0.723478	2
2	208000001	0.811784	0.723478	2
2	209000001	0.671871	0.723478	2
2	210000001	0.76115	0.723478	2
2	211000001	0.759752	0.723478	2
2	212000001	0.629359	0.723478	2
2	213000001	0.797128	0.723478	2
2	214000001	0.534011	0.723478	2
2	215000001	0.744178	0.723478	2
2	216000001	0.559771	0.723478	2
2	217000001	0.627623	0.723478	2
2	218000001	0.854555	0.723478	2
2	219000001	0.711293	0.723478	2
2	220000001	0.609755	0.723478	2
2	221000001	0.723478	0.723478	2
2	222000001	0.63415	0.723478	2
2	223000001	0.576684	0.723478	2
2	224000001	0.55445	0.723478	2
2	225000001	1.64899	1.64899	5
2	226000001	0.498977	0.588061	2
2	227000001	0.528456	0.588061	2
2	228000001	0.546058	0.588061	2
2	229000001	0.871041	0.588061	2
2	230000001	0.703054	0.588061	2
2	231000001	0.630064	0.588061	2
2	232000001	0.790309	0.773027	2
2	233000001	0.709649	0.773027	2
2	234000001	0.903959	0.773027	2
2	235000001	0.763605	0.773027	2
2	236000001	0.744389	0.773027	2
2	237000001	0.82776	0.773027	2
2	238000001	1.52303	0.773027	2
2	239000001	0.773027	0.773027	2
2	240000001	0.62398	0.773027	2
2	241000001	1.08362	0.773027	2
2	242000001	0.534692	0.773027	2
20	1	2.90768	2.90768	9
20	1000001	1.12848	1.00032	3
20	2000001	0.839841	1.00032	3
20	3000001	0.966677	1.00032	3
20	4000001	0.863019	1.00032	3
20	5000001	0.977824	1.00032	3
20	6000001	0.828572	1.00032	3
20	7000001	1.11953	1.00032	3
20	8000001	1.34868	1.00032	3
20	9000001	1.10418	1.00032	3
20	10000001	1.02343	1.00032	3
20	11000001	0.85265	1.00032	3
20	12000001	0.928409	1.00032	3
20	13000001	1.02283	1.00032	3
20	14000001	1.08502	1.00032	3
20	15000001	0.620377	0.705559	2
20	16000001	0.477847	0.705559	2
20	17000001	0.758629	0.705559	2
20	18000001	0.739545	0.705559	2
20	19000001	0.629991	0.705559	2
20	20000001	0.715561	0.705559	2
20	21000001	0.59315	0.705559	2
20	22000001	0.642724	0.705559	2
20	23000001	0.712966	0.705559	2
20	24000001	0.7201	0.705559	2
20	25000001	0.705559	0.705559	2
20	26000001	1.2401	1.29282	4
20	27000001	1.34554	1.29282	4
20	28000001	0.954875	0.951163	3
20	29000001	0.828864	0.951163	3
20	30000001	0.922424	0.951163	3
20	31000001	1.14077	0.951163	3
20	32000001	1.09243	0.951163	3
20	33000001	1.00842	0.951163	3
20	34000001	0.844283	0.951163	3
20	35000001	0.958237	0.951163	3
20	36000001	1.09305	0.951163	3
20	37000001	0.661057	0.951163	3
20	38000001	0.972173	0.951163	3
20	39000001	1.15592	0.951163	3
20	40000001	0.843054	0.951163	3
20	41000001	0.780116	0.951163	3
20	42000001	0.821651	0.951163	3
20	43000001	0.795412	0.951163	3
20	44000001	1.31162	0.951163	3
20	45000001	0.834363	0.951163	3
20	46000001	0.805912	0.951163	3
20	47000001	0.978718	0.951163	3
20	48000001	1.11783	0.951163	3
20	49000001	0.943155	0.951163	3
20	50000001	1.09782	0.951163	3
20	51000001	0.85729	0.951163	3
20	52000001	0.947452	0.951163	3
20	53000001	0.955606	0.951163	3
20	54000001	0.809679	0.951163	3
20	55000001	0.996557	0.951163	3
20	56000001	0.998559	0.951163	3
20	57000001	0.71259	0.951163	3
20	58000001	0.764539	0.951163	3
20	59000001	0.967135	0.951163	3
20	60000001	1.0039	1.09548	3
20	61000001	1.25623	1.09548	3
20	62000001	1.14419	1.09548	3
20	63000001	1.09548	1.09548	3
20	64000001	0.813596	1.09548	3
21	1	-1	-1	6
21	1000001	-1	-1	6
21	2000001	-1	-1	6
21	3000001	-1	-1	6
21	4000001	-1	-1	6
21	5000001	2.02317	2.02317	6
21	6000001	1.02914	1.02914	3
21	7000001	2.46937	2.04682	6
21	8000001	1.73873	2.04682	6
21	9000001	1.56074	2.04682	6
21	10000001	2.35492	2.04682	6
21	11000001	0.991178	0.990498	3
21	12000001	0.782592	0.990498	3
21	13000001	0.823507	0.990498	3
21	14000001	1.08722	0.990498	3
21	15000001	0.858971	0.990498	3
21	16000001	1.34135	0.990498	3
21	17000001	1.08041	0.990498	3
21	18000001	1.11002	0.990498	3
21	19000001	1.02811	0.990498	3
21	20000001	0.986653	0.990498	3
21	21000001	0.809865	0.990498	3
21	22000001	0.951135	0.990498	3
21	23000001	0.989818	0.990498	3
21	24000001	1.08097	0.990498	3
21	25000001	1.56951	1.36076	4
21	26000001	1.40814	1.36076	4
21	27000001	1.25299	1.36076	4
21	28000001	1.45142	1.36076	4
21	29000001	1.18274	1.36076	4
21	30000001	1.19029	1.36076	4
21	31000001	1.37343	1.36076	4
21	32000001	1.48077	1.36076	4
21	33000001	1.1084	1.36076	4
21	34000001	1.36076	1.36076	4
21	35000001	1.42872	1.36076	4
21	36000001	1.11468	1.36076	4
21	37000001	1.29253	1.36076	4
21	38000001	1.47538	1.36803	4
21	39000001	1.3312	1.36803	4
21	40000001	1.44722	1.36803	4
21	41000001	1.18945	1.36803	4
21	42000001	1.59385	1.36803	4
21	43000001	1.36803	1.36803	4
21	44000001	1.22483	1.36803	4
21	45000001	1.61665	1.36803	4
21	46000001	1.23233	1.36803	4
22	1	-1	-1	4
22	1000001	-1	-1	4
22	2000001	-1	-1	4
22	3000001	-1	-1	4
22	4000001	-1	-1	4
22	5000001	-1	-1	4
22	6000001	-1	-1	4
22	7000001	-1	-1	4
22	8000001	-1	-1	4
22	9000001	-1	-1	4
22	10000001	0.963503	1.17099	4
22	11000001	1.64453	1.17099	4
22	12000001	1.6128	1.17099	4
22	13000001	1.01656	1.17099	4
22	14000001	0.844439	1.17099	4
22	15000001	1.32543	1.17099	4
22	16000001	2.99613	1.87133	6
22	17000001	1.46865	1.87133	6
22	18000001	1.87133	1.87133	6
22	19000001	4.28299	4.25036	13
22	20000001	4.21773	4.25036	13
22	21000001	3.91708	4.25036	13
22	22000001	5.85305	4.25036	13
22	23000001	3.02745	3.02745	9
22	24000001	0.938524	0.693552	2
22	25000001	0.704585	0.693552	2
22	26000001	0.677027	0.693552	2
22	27000001	0.683695	0.693552	2
22	28000001	0.720576	0.693552	2
22	29000001	0.648823	0.693552	2
22	30000001	0.975366	0.693552	2
22	31000001	0.834105	0.693552	2
22	32000001	0.991012	0.693552	2
22	33000001	0.693552	0.693552	2
22	34000001	0.690434	0.693552	2
22	35000001	1.11281	0.693552	2
22	36000001	0.589827	0.693552	2
22	37000001	0.664918	0.693552	2
22	38000001	0.756735	0.693552	2
22	39000001	0.537051	0.693552	2
22	40000001	0.622733	0.693552	2
22	41000001	0.598738	0.693552	2
22	42000001	0.616719	0.693552	2
22	43000001	0.512949	0.693552	2
22	44000001	0.785907	0.693552	2
22	45000001	0.79744	0.693552	2
22	46000001	0.610502	0.693552	2
22	47000001	0.477388	0.693552	2
22	48000001	0.7613	0.693552	2
22	49000001	0.726545	0.693552	2
22	50000001	0.895833	0.693552	2
3	1	1.26603	1.24835	4
3	1000001	1.20199	1.24835	4
3	2000001	1.60438	1.24835	4
3	3000001	1.23066	1.24835	4
3	4000001	1.38483	1.24835	4
3	5000001	1.22088	1.24835	4
3	6000001	1.93906	1.93906	6
3	7000001	1.10325	1.24465	4
3	8000001	1.14522	1.24465	4
3	9000001	1.15745	1.24465	4
3	10000001	1.34056	1.24465	4
3	11000001	1.24403	1.24465	4
3	12000001	1.35381	1.24465	4
3	13000001	1.32655	1.24465	4
3	14000001	1.19071	1.24465	4
3	15000001	1.35687	1.24465	4
3	16000001	1.18087	1.24465	4
3	17000001	1.46897	1.24465	4
3	18000001	1.24984	1.24465	4
3	19000001	1.009	1.24465	4
3	20000001	1.19791	1.24465	4
3	21000001	1.3318	1.24465	4
3	22000001	1.22584	1.24465	4
3	23000001	1.40541	1.24465	4
3	24000001	1.1829	1.24465	4
3	25000001	1.16465	1.24465	4
3	26000001	1.26577	1.24465	4
3	27000001	1.24526	1.24465	4
3	28000001	1.15524	1.24465	4
3	29000001	1.24395	1.24465	4
3	30000001	1.42366	1.24465	4
3	31000001	1.26069	1.24465	4
3	32000001	1.35696	1.24465	4
3	33000001	1.84513	1.72157	5
3	34000001	1.59801	1.72157	5
3	35000001	1.44228	1.44228	4
3	36000001	1.0768	1.1586	3
3	37000001	1.07349	1.1586	3
3	38000001	1.08608	1.1586	3
3	39000001	1.25969	1.1586	3
3	40000001	1.16546	1.1586	3
3	41000001	1.34866	1.1586	3
3	42000001	1.22833	1.1586	3
3	43000001	1.12118	1.1586	3
3	44000001	1.15174	1.1586	3
3	45000001	1.30385	1.1586	3
3	46000001	1.39527	1.1586	3
3	47000001	1.1003	1.1586	3
3	48000001	0.740371	0.651731	2
3	49000001	0.556937	0.651731	2
3	50000001	0.80376	0.651731	2
3	51000001	0.56658	0.651731	2
3	52000001	0.588595	0.651731	2
3	53000001	0.651731	0.651731	2
3	54000001	0.660334	0.651731	2
3	55000001	0.609833	0.651731	2
3	56000001	0.720559	0.651731	2
3	57000001	0.650672	0.651731	2
3	58000001	0.805832	0.651731	2
3	59000001	0.549073	0.651731	2
3	60000001	0.437892	0.651731	2
3	61000001	0.61273	0.651731	2
3	62000001	0.5654	0.651731	2
3	63000001	0.656104	0.651731	2
3	64000001	0.709403	0.651731	2
3	65000001	0.489462	0.651731	2
3	66000001	0.647369	0.651731	2
3	67000001	0.727339	0.651731	2
3	68000001	0.782422	0.651731	2
3	69000001	0.656613	0.651731	2
3	70000001	0.532981	0.651731	2
3	71000001	0.69702	0.651731	2
3	72000001	0.520746	0.651731	2
3	73000001	0.688709	0.651731	2
3	74000001	0.79	0.651731	2
3	75000001	1.25741	1.25741	4
3	76000001	0.800112	0.742976	2
3	77000001	0.450882	0.742976	2
3	78000001	0.650189	0.742976	2
3	79000001	0.778502	0.742976	2
3	80000001	0.74217	0.742976	2
3	81000001	0.799452	0.742976	2
3	82000001	0.703463	0.742976	2
3	83000001	0.814445	0.742976	2
3	84000001	0.746003	0.742976	2
3	85000001	0.876035	0.742976	2
3	86000001	0.743783	0.742976	2
3	87000001	0.589379	0.742976	2
3	88000001	0.524205	0.742976	2
3	89000001	0.719458	0.742976	2
3	90000001	0.910584	0.903768	3
3	91000001	0.959183	0.903768	3
3	92000001	0.781705	0.903768	3
3	93000001	0.879278	0.903768	3
3	94000001	0.688756	0.903768	3
3	95000001	0.900656	0.903768	3
3	96000001	0.90688	0.903768	3
3	97000001	1.03888	0.903768	3
3	98000001	0.797211	0.903768	3
3	99000001	0.957458	0.903768	3
3	100000001	0.631552	0.668485	2
3	101000001	0.752443	0.668485	2
3	102000001	0.581011	0.668485	2
3	103000001	0.642572	0.668485	2
3	104000001	0.742361	0.668485	2
3	105000001	0.718096	0.668485	2
3	106000001	0.678108	0.668485	2
3	107000001	0.768016	0.668485	2
3	108000001	0.56405	0.668485	2
3	109000001	0.709861	0.668485	2
3	110000001	0.494342	0.668485	2
3	111000001	0.863565	0.668485	2
3	112000001	0.826427	0.668485	2
3	113000001	0.633718	0.668485	2
3	114000001	0.665126	0.668485	2
3	115000001	0.955229	0.668485	2
3	116000001	0.609241	0.668485	2
3	117000001	0.623327	0.668485	2
3	118000001	0.671844	0.668485	2
3	119000001	0.589584	0.668485	2
3	120000001	0.624122	0.668485	2
3	121000001	0.789858	0.668485	2
3	122000001	0.75584	0.668485	2
3	123000001	0.680382	0.668485	2
3	124000001	0.720209	0.668485	2
3	125000001	0.644742	0.668485	2
3	126000001	0.607662	0.668485	2
3	127000001	0.737865	0.668485	2
3	128000001	0.592293	0.668485	2
3	129000001	0.789053	0.668485	2
3	130000001	0.646292	0.668485	2
3	131000001	0.803557	0.668485	2
3	132000001	0.948842	0.668485	2
3	133000001	0.577923	0.668485	2
3	134000001	0.664624	0.668485	2
3	135000001	0.626332	0.668485	2
3	136000001	0.861283	0.668485	2
3	137000001	0.597494	0.668485	2
3	138000001	0.960451	0.99052	3
3	139000001	1.05389	0.99052	3
3	140000001	0.844864	0.99052	3
3	141000001	1.19077	0.99052	3
3	142000001	1.02191	0.99052	3
3	143000001	1.87394	0.99052	3
3	144000001	0.770514	0.99052	3
3	145000001	1.03414	0.99052	3
3	146000001	1.16795	0.99052	3
3	147000001	0.962624	0.99052	3
3	148000001	0.773284	0.99052	3
3	149000001	0.98416	0.99052	3
3	150000001	0.960062	0.99052	3
3	151000001	0.990206	0.99052	3
3	152000001	1.04489	0.99052	3
3	153000001	0.998787	0.99052	3
3	154000001	0.798481	0.99052	3
3	155000001	0.836267	0.99052	3
3	156000001	0.923136	0.99052	3
3	157000001	0.957608	0.99052	3
3	158000001	1.20682	0.99052	3
3	159000001	1.23673	0.99052	3
3	160000001	0.949715	0.99052	3
3	161000001	1.04296	0.99052	3
3	162000001	1.0217	0.99052	3
3	163000001	1.05382	0.99052	3
3	164000001	0.965098	0.99052	3
3	165000001	1.32217	0.99052	3
3	166000001	0.960747	0.99052	3
3	167000001	1.22646	0.99052	3
3	168000001	1.02936	0.99052	3
3	169000001	1.13872	0.99052	3
3	170000001	0.610455	0.99052	3
3	171000001	1.00644	0.99052	3
3	172000001	0.959067	0.99052	3
3	173000001	0.99052	0.99052	3
3	174000001	1.14322	0.99052	3
3	175000001	0.938595	0.99052	3
3	176000001	1.04965	0.99052	3
3	177000001	0.954798	0.99052	3
3	178000001	0.92115	0.99052	3
3	179000001	0.969153	0.99052	3
3	180000001	0.983378	0.99052	3
3	181000001	1.13694	0.99052	3
3	182000001	0.854898	0.99052	3
3	183000001	0.832936	0.99052	3
3	184000001	0.808608	0.99052	3
3	185000001	1.07751	0.99052	3
3	186000001	1.36662	0.99052	3
3	187000001	0.904237	0.99052	3
3	188000001	1.37426	0.99052	3
3	189000001	0.945879	0.99052	3
3	190000001	1.32295	0.99052	3
3	191000001	0.759041	0.99052	3
3	192000001	0.94153	0.99052	3
3	193000001	0.914819	0.99052	3
3	194000001	1.20344	0.99052	3
3	195000001	1.41267	0.99052	3
3	196000001	1.02417	0.99052	3
3	197000001	1.21917	0.99052	3
3	198000001	2.17522	0.99052	3
4	1	0.923886	1.04369	3
4	1000001	1.09286	1.04369	3
4	2000001	1.12914	1.04369	3
4	3000001	1.08976	1.04369	3
4	4000001	0.896697	1.04369	3
4	5000001	1.1233	1.04369	3
4	6000001	0.952466	1.04369	3
4	7000001	1.2532	1.04369	3
4	8000001	0.964031	1.04369	3
4	9000001	1.04802	1.04369	3
4	10000001	0.960128	1.04369	3
4	11000001	0.825436	1.04369	3
4	12000001	1.34825	1.04369	3
4	13000001	1.04466	1.04369	3
4	14000001	1.44465	1.04369	3
4	15000001	1.10808	1.04369	3
4	16000001	1.00522	1.04369	3
4	17000001	1.05444	1.04369	3
4	18000001	1.24861	1.04369	3
4	19000001	1.11231	1.04369	3
4	20000001	1.04272	1.04369	3
4	21000001	0.686211	1.04369	3
4	22000001	1.03014	1.04369	3
4	23000001	1.00802	1.04369	3
4	24000001	1.12001	1.04369	3
4	25000001	0.803191	1.04369	3
4	26000001	0.913054	1.04369	3
4	27000001	1.20067	1.04369	3
4	28000001	1.02552	1.04369	3
4	29000001	1.05347	1.04369	3
4	30000001	1.12714	1.04369	3
4	31000001	0.873828	1.04369	3
4	32000001	1.3704	1.04369	3
4	33000001	0.903926	1.04369	3
4	34000001	0.890146	1.04369	3
4	35000001	0.958738	1.04369	3
4	36000001	1.17497	1.04369	3
4	37000001	0.936592	1.04369	3
4	38000001	1.3323	1.3323	4
4	39000001	3.535	3.535	11
4	40000001	1.08131	1.05603	3
4	41000001	0.996749	1.05603	3
4	42000001	1.05603	1.05603	3
4	43000001	2.31733	2.31733	7
4	44000001	0.707352	1.0423	3
4	45000001	1.27196	1.0423	3
4	46000001	0.783956	1.0423	3
4	47000001	1.0919	1.0423	3
4	48000001	0.941011	1.0423	3
4	49000001	1.293	1.0423	3
4	50000001	1.05524	1.0423	3
4	51000001	1.31877	1.0423	3
4	52000001	1.00689	1.0423	3
4	53000001	1.11337	1.0423	3
4	54000001	0.897246	1.0423	3
4	55000001	0.96051	1.0423	3
4	56000001	0.840176	1.0423	3
4	57000001	1.1191	1.0423	3
4	58000001	0.921843	1.0423	3
4	59000001	1.19698	1.0423	3
4	60000001	1.14758	1.0423	3
4	61000001	1.03508	1.0423	3
4	62000001	0.805024	1.0423	3
4	63000001	1.00773	1.0423	3
4	64000001	0.998508	1.0423	3
4	65000001	1.04953	1.0423	3
4	66000001	1.07982	1.0423	3
4	67000001	0.969272	1.0423	3
4	68000001	1.17627	1.0423	3
4	69000001	1.12265	1.0423	3
4	70000001	2.27984	2.27984	7
4	71000001	0.999847	1.10329	3
4	72000001	1.49475	1.10329	3
4	73000001	1.29511	1.10329	3
4	74000001	1.13215	1.10329	3
4	75000001	1.17892	1.10329	3
4	76000001	0.905688	1.10329	3
4	77000001	1.06012	1.10329	3
4	78000001	1.14122	1.10329	3
4	79000001	1.06983	1.10329	3
4	80000001	1.39558	1.10329	3
4	81000001	0.970575	1.10329	3
4	82000001	1.27413	1.10329	3
4	83000001	0.812369	1.10329	3
4	84000001	1.15294	1.10329	3
4	85000001	1.24376	1.10329	3
4	86000001	1.12813	1.10329	3
4	87000001	0.819313	1.10329	3
4	88000001	1.06339	1.10329	3
4	89000001	1.28794	1.10329	3
4	90000001	1.44141	1.10329	3
4	91000001	0.917766	1.10329	3
4	92000001	1.07846	1.10329	3
4	93000001	1.1913	1.10329	3
4	94000001	0.896601	1.10329	3
4	95000001	1.30591	1.10329	3
4	96000001	1.02197	1.10329	3
4	97000001	0.985336	1.10329	3
4	98000001	1.02352	1.10329	3
4	99000001	0.952536	0.830834	2
4	100000001	0.830834	0.830834	2
4	101000001	0.779892	0.830834	2
4	102000001	0.791804	0.830834	2
4	103000001	0.946686	0.830834	2
4	104000001	2.00808	2.00808	6
4	105000001	1.22309	1.01583	3
4	106000001	0.980584	1.01583	3
4	107000001	0.926907	1.01583	3
4	108000001	1.02044	1.01583	3
4	109000001	1.34644	1.01583	3
4	110000001	1.12271	1.01583	3
4	111000001	1.05205	1.01583	3
4	112000001	1.10816	1.01583	3
4	113000001	1.06183	1.01583	3
4	114000001	0.853287	1.01583	3
4	115000001	1.02975	1.01583	3
4	116000001	1.01315	1.01583	3
4	117000001	0.939567	1.01583	3
4	118000001	0.875669	1.01583	3
4	119000001	1.11889	1.01583	3
4	120000001	1.26282	1.01583	3
4	121000001	1.22476	1.01583	3
4	122000001	1.22769	1.01583	3
4	123000001	1.01015	1.01583	3
4	124000001	0.85113	1.01583	3
4	125000001	0.902157	1.01583	3
4	126000001	1.24124	1.01583	3
4	127000001	0.979763	1.01583	3
4	128000001	1.03295	1.01583	3
4	129000001	0.966157	1.01583	3
4	130000001	0.912083	1.01583	3
4	131000001	1.0185	1.01583	3
4	132000001	1.11518	1.01583	3
4	133000001	0.820998	1.01583	3
4	134000001	1.0362	1.01583	3
4	135000001	0.936099	1.01583	3
4	136000001	0.942455	1.01583	3
4	137000001	1.04435	1.01583	3
4	138000001	0.759012	1.01583	3
4	139000001	0.981227	1.01583	3
4	140000001	0.86362	1.01583	3
4	141000001	1.07097	1.01583	3
4	142000001	1.2161	1.01583	3
4	143000001	0.795737	1.01583	3
4	144000001	1.14435	1.01583	3
4	145000001	1.01252	1.01583	3
4	146000001	0.938028	1.01583	3
4	147000001	1.1122	1.01583	3
4	148000001	1.37285	1.01583	3
4	149000001	1.20018	1.01583	3
4	150000001	0.99528	1.01583	3
4	151000001	0.736056	1.01583	3
4	152000001	0.854534	1.01583	3
4	153000001	0.997025	1.01583	3
4	154000001	1.03157	1.01583	3
4	155000001	1.03437	1.01583	3
4	156000001	1.00477	1.01583	3
4	157000001	1.12491	1.01583	3
4	158000001	0.844864	1.01583	3
4	159000001	0.614769	0.461533	1
4	160000001	0.38086	0.461533	1
4	161000001	0.41867	0.461533	1
4	162000001	0.504397	0.461533	1
4	163000001	0.757067	0.900993	3
4	164000001	1.04023	0.900993	3
4	165000001	0.856913	0.900993	3
4	166000001	1.02946	0.900993	3
4	167000001	0.937323	0.900993	3
4	168000001	0.929973	0.900993	3
4	169000001	1.0271	0.900993	3
4	170000001	0.870703	0.900993	3
4	171000001	0.808936	0.900993	3
4	172000001	1.13884	0.900993	3
4	173000001	0.872013	0.900993	3
4	174000001	0.765476	0.900993	3
4	175000001	1.34823	1.01286	3
4	176000001	1.42526	1.01286	3
4	177000001	1.07548	1.01286	3
4	178000001	0.997272	1.01286	3
4	179000001	0.976286	1.01286	3
4	180000001	1.0986	1.01286	3
4	181000001	0.957169	1.01286	3
4	182000001	0.907487	1.01286	3
4	183000001	1.06214	1.01286	3
4	184000001	0.943683	1.01286	3
4	185000001	1.02844	1.01286	3
4	186000001	0.925563	1.01286	3
4	187000001	0.992175	1.01286	3
4	188000001	1.19649	1.01286	3
4	189000001	0.756795	1.01286	3
4	190000001	2.89372	1.01286	3
5	1	1.53779	1.30705	4
5	1000001	1.53143	1.30705	4
5	2000001	1.16718	1.30705	4
5	3000001	1.18972	1.30705	4
5	4000001	1.41134	1.30705	4
5	5000001	1.31045	1.30705	4
5	6000001	1.15213	1.30705	4
5	7000001	1.14885	1.30705	4
5	8000001	1.33208	1.30705	4
5	9000001	1.30366	1.30705	4
5	10000001	1.52558	1.30705	4
5	11000001	1.42796	1.30705	4
5	12000001	1.11666	1.30705	4
5	13000001	1.39547	1.30705	4
5	14000001	1.27645	1.30705	4
5	15000001	1.03552	1.30705	4
5	16000001	1.23985	1.30705	4
5	17000001	1.44846	1.30705	4
5	18000001	1.68909	1.68909	5
5	19000001	1.87231	1.68909	5
5	20000001	1.10433	1.68909	5
5	21000001	1.94119	1.68909	5
5	22000001	1.59425	1.68909	5
5	23000001	1.29163	1.24751	4
5	24000001	1.01112	1.24751	4
5	25000001	1.26584	1.24751	4
5	26000001	1.09628	1.24751	4
5	27000001	1.24751	1.24751	4
5	28000001	1.36906	1.36906	4
5	29000001	1.34442	1.36906	4
5	30000001	1.42743	1.36906	4
5	31000001	1.31881	1.36906	4
5	32000001	1.19064	1.36906	4
5	33000001	1.7909	1.36906	4
5	34000001	1.11576	1.36906	4
5	35000001	1.3888	1.36906	4
5	36000001	1.29579	1.36906	4
5	37000001	1.32743	1.36906	4
5	38000001	1.21613	1.36906	4
5	39000001	1.59657	1.36906	4
5	40000001	1.66616	1.36906	4
5	41000001	1.35438	1.36906	4
5	42000001	1.38352	1.36906	4
5	43000001	1.42337	1.36906	4
5	44000001	1.45185	1.36906	4
5	45000001	1.59596	1.36906	4
5	46000001	1.05261	1.36906	4
5	47000001	2.12029	2.12029	6
5	48000001	2.12392	2.12029	6
5	49000001	1.87521	2.12029	6
5	50000001	1.13267	1.00168	3
5	51000001	0.876868	1.00168	3
5	52000001	0.9245	1.00168	3
5	53000001	0.625883	1.00168	3
5	54000001	1.0347	1.00168	3
5	55000001	0.843777	1.00168	3
5	56000001	0.826393	1.00168	3
5	57000001	1.09915	1.00168	3
5	58000001	1.23904	1.00168	3
5	59000001	1.07557	1.00168	3
5	60000001	1.57781	1.00168	3
5	61000001	1.03924	1.00168	3
5	62000001	1.35529	1.00168	3
5	63000001	1.07538	1.00168	3
5	64000001	0.961477	1.00168	3
5	65000001	0.993681	1.00168	3
5	66000001	0.904528	1.00168	3
5	67000001	0.945104	1.00168	3
5	68000001	0.992294	1.00168	3
5	69000001	0.958931	1.00168	3
5	70000001	1.03001	1.00168	3
5	71000001	1.08261	1.00168	3
5	72000001	1.00968	1.00168	3
5	73000001	0.965684	1.00168	3
5	74000001	1.02827	1.00168	3
5	75000001	1.03956	1.00168	3
5	76000001	0.778485	1.00168	3
5	77000001	0.858524	1.00168	3
5	78000001	1.01783	1.00168	3
5	79000001	1.11126	1.00168	3
5	80000001	1.08549	1.00168	3
5	81000001	0.920852	1.00168	3
5	82000001	1.06148	1.00168	3
5	83000001	0.829576	1.00168	3
5	84000001	0.855618	1.00168	3
5	85000001	0.933599	1.00168	3
5	86000001	2.1147	2.1147	6
5	87000001	1.14743	0.995448	3
5	88000001	0.695212	0.995448	3
5	89000001	0.85576	0.995448	3
5	90000001	0.754608	0.995448	3
5	91000001	0.86622	0.995448	3
5	92000001	1.0817	0.995448	3
5	93000001	0.947545	0.995448	3
5	94000001	1.28117	0.995448	3
5	95000001	0.71329	0.995448	3
5	96000001	0.991818	0.995448	3
5	97000001	1.11061	0.995448	3
5	98000001	0.903143	0.995448	3
5	99000001	1.12753	0.995448	3
5	100000001	1.21679	0.995448	3
5	101000001	1.0997	0.995448	3
5	102000001	1.17299	0.995448	3
5	103000001	1.14583	0.995448	3
5	104000001	0.890855	0.995448	3
5	105000001	1.01507	0.995448	3
5	106000001	1.00826	0.995448	3
5	107000001	1.00557	0.995448	3
5	108000001	0.919831	0.995448	3
5	109000001	1.1982	0.995448	3
5	110000001	1.07015	0.995448	3
5	111000001	0.986042	0.995448	3
5	112000001	1.18546	0.995448	3
5	113000001	0.995448	0.995448	3
5	114000001	0.771343	0.995448	3
5	115000001	0.777927	0.995448	3
5	116000001	1.10217	0.995448	3
5	117000001	1.03658	0.995448	3
5	118000001	0.973599	0.995448	3
5	119000001	0.960472	0.995448	3
5	120000001	0.706194	0.995448	3
5	121000001	0.820175	0.995448	3
5	122000001	1.12433	0.995448	3
5	123000001	0.951565	0.995448	3
5	124000001	0.911832	0.995448	3
5	125000001	1.1317	0.995448	3
5	126000001	0.83451	0.995448	3
5	127000001	1.18115	0.995448	3
5	128000001	0.838115	0.995448	3
5	129000001	1.27144	0.995448	3
5	130000001	1.01019	0.995448	3
5	131000001	0.959019	0.995448	3
5	132000001	0.706652	0.995448	3
5	133000001	0.872342	0.995448	3
5	134000001	1.17937	0.995448	3
5	135000001	0.763088	0.995448	3
5	136000001	0.944325	0.995448	3
5	137000001	0.882997	0.995448	3
5	138000001	0.998761	0.995448	3
5	139000001	0.996059	0.995448	3
5	140000001	0.806204	0.995448	3
5	141000001	0.916899	0.995448	3
5	142000001	1.28149	0.995448	3
5	143000001	0.890689	0.995448	3
5	144000001	0.934474	0.995448	3
5	145000001	1.37307	0.995448	3
5	146000001	1.04629	0.995448	3
5	147000001	0.720192	0.995448	3
5	148000001	0.875131	0.995448	3
5	149000001	1.58449	0.995448	3
5	150000001	0.865826	0.995448	3
5	151000001	1.02257	0.995448	3
5	152000001	1.14943	0.995448	3
5	153000001	1.13599	0.995448	3
5	154000001	1.00218	0.995448	3
5	155000001	1.09813	0.995448	3
5	156000001	0.948292	0.995448	3
5	157000001	1.27093	0.995448	3
5	158000001	0.82788	0.995448	3
5	159000001	0.928457	0.995448	3
5	160000001	0.9816	0.995448	3
5	161000001	0.988756	0.995448	3
5	162000001	0.866879	0.995448	3
5	163000001	1.03108	0.995448	3
5	164000001	1.03833	0.995448	3
5	165000001	1.1442	0.995448	3
5	166000001	0.973296	0.995448	3
5	167000001	1.22175	0.995448	3
5	168000001	1.00835	0.995448	3
5	169000001	0.979395	0.995448	3
5	170000001	1.11061	0.995448	3
5	171000001	1.17215	0.995448	3
5	172000001	1.09985	0.995448	3
5	173000001	0.896252	0.995448	3
5	174000001	1.23848	0.995448	3
5	175000001	0.969777	0.995448	3
5	176000001	0.985044	0.995448	3
5	177000001	0.785474	0.995448	3
5	178000001	1.07227	0.995448	3
5	179000001	0.975352	0.995448	3
5	180000001	1.05579	0.995448	3
5	181000001	1.44705	0.995448	3
6	1	1.33774	1.41678	4
6	1000001	1.45655	1.41678	4
6	2000001	1.57951	1.41678	4
6	3000001	1.14682	1.41678	4
6	4000001	1.31876	1.41678	4
6	5000001	1.23177	1.41678	4
6	6000001	1.73308	1.41678	4
6	7000001	1.30173	1.41678	4
6	8000001	1.09555	1.41678	4
6	9000001	1.56713	1.41678	4
6	10000001	1.42631	1.41678	4
6	11000001	1.67713	1.41678	4
6	12000001	1.40725	1.41678	4
6	13000001	1.44456	1.41678	4
6	14000001	1.11305	1.26241	4
6	15000001	1.49701	1.26241	4
6	16000001	1.16778	1.26241	4
6	17000001	1.04243	1.26241	4
6	18000001	1.11712	1.26241	4
6	19000001	1.30645	1.26241	4
6	20000001	1.26241	1.26241	4
6	21000001	1.21607	1.26241	4
6	22000001	1.4235	1.26241	4
6	23000001	1.51623	1.26241	4
6	24000001	1.32594	1.26241	4
6	25000001	1.24776	1.26241	4
6	26000001	1.17101	1.26241	4
6	27000001	1.22424	1.26241	4
6	28000001	1.13617	1.26241	4
6	29000001	1.46245	1.26241	4
6	30000001	1.17866	1.26241	4
6	31000001	1.26584	1.26241	4
6	32000001	1.24908	1.26241	4
6	33000001	1.19718	1.26241	4
6	34000001	1.32811	1.26241	4
6	35000001	1.4964	1.26241	4
6	36000001	1.29435	1.26241	4
6	37000001	1.07452	1.26241	4
6	38000001	1.49474	1.26241	4
6	39000001	1.35026	1.26241	4
6	40000001	1.08444	1.26241	4
6	41000001	1.2608	1.26241	4
6	42000001	1.415	1.26241	4
6	43000001	1.19478	1.26241	4
6	44000001	1.29753	1.26241	4
6	45000001	1.35338	1.26241	4
6	46000001	1.12992	1.26241	4
6	47000001	1.28866	1.26241	4
6	48000001	1.48864	1.26241	4
6	49000001	1.36728	1.26241	4
6	50000001	1.29397	1.26241	4
6	51000001	1.58851	1.26241	4
6	52000001	1.07713	1.26241	4
6	53000001	1.16292	1.26241	4
6	54000001	1.146	1.26241	4
6	55000001	1.77394	1.77394	5
6	56000001	0.966895	1.14626	3
6	57000001	0.86378	1.14626	3
6	58000001	1.11617	1.14626	3
6	59000001	1.32467	1.14626	3
6	60000001	1.17635	1.14626	3
6	61000001	1.18704	1.14626	3
6	62000001	0.856965	0.958361	3
6	63000001	0.786932	0.958361	3
6	64000001	0.947708	0.958361	3
6	65000001	0.919616	0.958361	3
6	66000001	1.15057	0.958361	3
6	67000001	0.955638	0.958361	3
6	68000001	1.10969	0.958361	3
6	69000001	0.927616	0.958361	3
6	70000001	0.900535	0.958361	3
6	71000001	0.957149	0.958361	3
6	72000001	0.825266	0.958361	3
6	73000001	0.894556	0.958361	3
6	74000001	0.879511	0.958361	3
6	75000001	0.831237	0.958361	3
6	76000001	0.912556	0.958361	3
6	77000001	1.06157	0.958361	3
6	78000001	0.740726	0.958361	3
6	79000001	0.829406	0.958361	3
6	80000001	1.21083	0.958361	3
6	81000001	0.941203	0.958361	3
6	82000001	1.0098	0.958361	3
6	83000001	0.937865	0.958361	3
6	84000001	0.932156	0.958361	3
6	85000001	0.878334	0.958361	3
6	86000001	0.958594	0.958361	3
6	87000001	1.05137	0.958361	3
6	88000001	0.789875	0.958361	3
6	89000001	1.21855	0.958361	3
6	90000001	0.805269	0.958361	3
6	91000001	0.936472	0.958361	3
6	92000001	1.0486	0.958361	3
6	93000001	1.17629	0.958361	3
6	94000001	1.07973	0.958361	3
6	95000001	0.941215	0.958361	3
6	96000001	1.04768	0.958361	3
6	97000001	1.11099	0.958361	3
6	98000001	0.942234	0.958361	3
6	99000001	0.886902	0.958361	3
6	100000001	0.885408	0.958361	3
6	101000001	1.00118	0.958361	3
6	102000001	1.04906	0.958361	3
6	103000001	1.09556	0.958361	3
6	104000001	1.05477	0.958361	3
6	105000001	1.13989	0.958361	3
6	106000001	0.668533	0.958361	3
6	107000001	1.137	0.958361	3
6	108000001	0.958361	0.958361	3
6	109000001	0.975317	0.958361	3
6	110000001	0.937977	0.958361	3
6	111000001	1.05911	0.958361	3
6	112000001	0.879786	0.958361	3
6	113000001	1.06566	0.958361	3
6	114000001	0.997411	0.958361	3
6	115000001	0.906836	0.958361	3
6	116000001	1.11797	0.958361	3
6	117000001	1.00254	0.958361	3
6	118000001	1.16441	0.958361	3
6	119000001	0.962361	0.958361	3
6	120000001	1.27398	0.958361	3
6	121000001	1.1949	0.958361	3
6	122000001	1.03478	0.958361	3
6	123000001	1.07483	0.958361	3
6	124000001	0.893661	0.958361	3
6	125000001	1.00911	0.958361	3
6	126000001	1.09917	0.958361	3
6	127000001	0.907355	0.958361	3
6	128000001	0.682532	0.958361	3
6	129000001	0.674312	0.958361	3
6	130000001	0.912346	0.958361	3
6	131000001	1.09383	0.958361	3
6	132000001	0.943234	0.958361	3
6	133000001	1.08491	0.958361	3
6	134000001	1.07919	0.958361	3
6	135000001	1.33446	1.33159	4
6	136000001	1.41075	1.33159	4
6	137000001	0.913705	1.33159	4
6	138000001	1.32981	1.33159	4
6	139000001	1.21022	1.33159	4
6	140000001	1.2526	1.33159	4
6	141000001	1.35943	1.33159	4
6	142000001	1.28251	1.33159	4
6	143000001	1.46375	1.33159	4
6	144000001	1.29574	1.33159	4
6	145000001	1.16954	1.33159	4
6	146000001	1.35862	1.33159	4
6	147000001	1.24688	1.33159	4
6	148000001	1.21445	1.33159	4
6	149000001	1.29331	1.33159	4
6	150000001	1.45529	1.33159	4
6	151000001	1.42941	1.33159	4
6	152000001	1.57108	1.33159	4
6	153000001	1.18969	1.33159	4
6	154000001	1.33336	1.33159	4
6	155000001	1.39373	1.33159	4
6	156000001	1.39208	1.33159	4
6	157000001	1.40099	1.33159	4
6	158000001	1.32378	1.33159	4
6	159000001	1.51163	1.33159	4
6	160000001	1.24104	1.33159	4
6	161000001	1.39801	1.33159	4
6	162000001	1.36358	1.33159	4
6	163000001	1.26677	1.33159	4
6	164000001	1.26169	1.33159	4
6	165000001	1.26965	1.33159	4
6	166000001	1.27725	1.33159	4
6	167000001	1.50693	1.33159	4
6	168000001	1.62196	1.33159	4
6	169000001	1.41756	1.33159	4
6	170000001	1.29355	1.33159	4
7	1	1.30186	0.997655	3
7	1000001	1.05219	0.997655	3
7	2000001	0.799121	0.997655	3
7	3000001	0.818877	0.997655	3
7	4000001	0.85813	0.997655	3
7	5000001	0.784315	0.997655	3
7	6000001	0.898121	0.997655	3
7	7000001	1.36218	0.997655	3
7	8000001	1.0722	0.997655	3
7	9000001	0.804919	0.997655	3
7	10000001	1.01302	0.997655	3
7	11000001	0.93382	0.997655	3
7	12000001	0.990421	0.997655	3
7	13000001	1.17245	0.997655	3
7	14000001	1.04322	0.997655	3
7	15000001	1.1625	0.997655	3
7	16000001	1.12458	0.997655	3
7	17000001	1.02162	0.997655	3
7	18000001	0.894399	0.997655	3
7	19000001	1.14139	0.997655	3
7	20000001	1.10271	0.997655	3
7	21000001	0.970205	0.997655	3
7	22000001	1.0561	0.997655	3
7	23000001	0.885437	0.997655	3
7	24000001	0.895282	0.997655	3
7	25000001	0.856912	0.997655	3
7	26000001	1.09512	0.997655	3
7	27000001	0.770848	0.997655	3
7	28000001	1.08867	0.997655	3
7	29000001	1.02454	0.997655	3
7	30000001	0.775593	0.997655	3
7	31000001	1.1515	0.997655	3
7	32000001	1.00151	0.997655	3
7	33000001	0.937054	0.997655	3
7	34000001	0.993796	0.997655	3
7	35000001	1.10902	0.997655	3
7	36000001	1.41945	0.997655	3
7	37000001	0.947278	0.997655	3
7	38000001	1.12884	0.997655	3
7	39000001	1.11317	0.997655	3
7	40000001	0.896748	0.997655	3
7	41000001	1.30118	0.997655	3
7	42000001	0.817319	0.997655	3
7	43000001	1.00921	0.997655	3
7	44000001	0.947372	0.997655	3
7	45000001	0.974064	0.997655	3
7	46000001	0.989569	0.997655	3
7	47000001	1.31226	0.997655	3
7	48000001	0.796951	0.997655	3
7	49000001	1.13514	0.997655	3
7	50000001	0.958132	0.997655	3
7	51000001	0.790499	0.997655	3
7	52000001	1.19373	1.18399	4
7	53000001	1.17426	1.18399	4
7	54000001	1.50079	1.18399	4
7	55000001	0.969832	1.18399	4
7	56000001	1.15235	1.18399	4
7	57000001	1.23184	1.18399	4
7	58000001	1.82012	1.82012	5
7	59000001	1.94688	1.82012	5
7	60000001	1.63972	1.82012	5
7	61000001	1.03896	1.32902	4
7	62000001	1.70311	1.32902	4
7	63000001	1.41285	1.32902	4
7	64000001	1.08029	1.32902	4
7	65000001	1.48547	1.32902	4
7	66000001	1.2397	1.32902	4
7	67000001	1.43028	1.32902	4
7	68000001	1.35148	1.32902	4
7	69000001	0.947387	1.32902	4
7	70000001	1.76424	1.32902	4
7	71000001	0.992726	1.32902	4
7	72000001	1.52927	1.32902	4
7	73000001	1.1381	1.32902	4
7	74000001	1.34849	1.32902	4
7	75000001	1.18736	1.32902	4
7	76000001	1.24991	1.32902	4
7	77000001	1.18212	1.32902	4
7	78000001	1.37322	1.32902	4
7	79000001	1.58106	1.32902	4
7	80000001	1.29072	1.32902	4
7	81000001	1.35492	1.32902	4
7	82000001	1.42223	1.32902	4
7	83000001	1.11225	1.32902	4
7	84000001	1.2976	1.32902	4
7	85000001	0.997849	1.32902	4
7	86000001	1.3022	1.32902	4
7	87000001	1.41856	1.32902	4
7	88000001	1.45777	1.32902	4
7	89000001	1.3887	1.32902	4
7	90000001	1.34856	1.32902	4
7	91000001	1.33781	1.32902	4
7	92000001	1.3861	1.32902	4
7	93000001	1.12972	1.32902	4
7	94000001	1.23826	1.32902	4
7	95000001	1.32145	1.32902	4
7	96000001	1.18496	1.32902	4
7	97000001	1.19156	1.32902	4
7	98000001	1.37063	1.32902	4
7	99000001	1.40702	1.32902	4
7	100000001	1.49252	1.32902	4
7	101000001	1.33659	1.32902	4
7	102000001	1.05579	1.32902	4
7	103000001	1.28029	1.32902	4
7	104000001	1.29765	1.32902	4
7	105000001	1.73886	1.59167	5
7	106000001	1.4699	1.59167	5
7	107000001	1.4774	1.59167	5
7	108000001	1.38125	1.59167	5
7	109000001	1.7248	1.59167	5
7	110000001	1.91876	1.59167	5
7	111000001	1.58513	1.59167	5
7	112000001	1.66231	1.59167	5
7	113000001	1.6519	1.59167	5
7	114000001	1.87014	1.59167	5
7	115000001	1.47224	1.59167	5
7	116000001	1.63387	1.59167	5
7	117000001	1.44122	1.59167	5
7	118000001	1.53236	1.59167	5
7	119000001	1.98966	1.59167	5
7	120000001	1.76587	1.59167	5
7	121000001	1.28056	1.59167	5
7	122000001	1.53583	1.59167	5
7	123000001	1.42924	1.59167	5
7	124000001	1.24086	1.59167	5
7	125000001	1.69654	1.59167	5
7	126000001	1.76048	1.59167	5
7	127000001	1.65115	1.59167	5
7	128000001	1.42794	1.59167	5
7	129000001	1.3413	1.59167	5
7	130000001	1.76211	1.59167	5
7	131000001	1.48447	1.59167	5
7	132000001	1.66706	1.59167	5
7	133000001	1.3334	1.59167	5
7	134000001	1.37376	1.59167	5
7	135000001	1.63811	1.59167	5
7	136000001	1.53867	1.59167	5
7	137000001	1.62324	1.59167	5
7	138000001	1.74673	1.59167	5
7	139000001	1.47817	1.59167	5
7	140000001	1.82333	1.59167	5
7	141000001	1.43587	1.59167	5
7	142000001	1.73685	1.59167	5
7	143000001	1.64274	1.59167	5
7	144000001	1.46544	1.59167	5
7	145000001	1.79413	1.59167	5
7	146000001	1.35255	1.59167	5
7	147000001	1.44978	1.59167	5
7	148000001	1.50198	1.59167	5
7	149000001	1.36001	1.59167	5
7	150000001	1.59167	1.59167	5
7	151000001	1.66547	1.59167	5
7	152000001	1.55422	1.59167	5
7	153000001	1.79574	1.59167	5
7	154000001	1.69916	1.59167	5
7	155000001	1.69042	1.59167	5
7	156000001	1.57969	1.59167	5
7	157000001	1.68504	1.59167	5
7	158000001	1.89928	1.59167	5
7	159000001	1.37794	1.59167	5
8	1	0.98411	0.970258	3
8	1000001	1.14155	0.970258	3
8	2000001	0.87336	0.970258	3
8	3000001	0.731194	0.970258	3
8	4000001	1.05184	0.970258	3
8	5000001	0.850953	0.970258	3
8	6000001	0.854516	0.970258	3
8	7000001	0.919815	0.970258	3
8	8000001	1.19265	0.970258	3
8	9000001	0.936649	0.970258	3
8	10000001	0.968463	0.970258	3
8	11000001	0.896128	0.970258	3
8	12000001	1.03722	0.970258	3
8	13000001	0.946482	0.970258	3
8	14000001	0.990944	0.970258	3
8	15000001	0.899979	0.970258	3
8	16000001	1.33686	0.970258	3
8	17000001	1.05468	0.970258	3
8	18000001	1.18898	0.970258	3
8	19000001	0.794392	0.970258	3
8	20000001	1.00788	0.970258	3
8	21000001	0.844732	0.970258	3
8	22000001	1.05645	0.970258	3
8	23000001	1.0278	0.970258	3
8	24000001	1.07508	0.970258	3
8	25000001	1.3075	0.970258	3
8	26000001	0.859506	0.970258	3
8	27000001	0.887857	0.970258	3
8	28000001	0.88116	0.970258	3
8	29000001	0.977618	0.970258	3
8	30000001	0.711138	0.970258	3
8	31000001	1.00033	0.970258	3
8	32000001	0.84746	0.970258	3
8	33000001	0.914298	0.970258	3
8	34000001	1.00157	0.970258	3
8	35000001	1.23576	0.970258	3
8	36000001	1.12498	0.970258	3
8	37000001	1.0278	0.970258	3
8	38000001	0.701906	0.970258	3
8	39000001	1.00425	0.970258	3
8	40000001	0.972053	0.970258	3
8	41000001	0.981316	0.970258	3
8	42000001	0.821815	0.970258	3
8	43000001	1.02861	0.970258	3
8	44000001	1.02614	0.970258	3
8	45000001	0.860291	0.970258	3
8	46000001	0.942182	0.970258	3
8	47000001	0.878448	0.970258	3
8	48000001	0.939706	0.970258	3
8	49000001	0.965534	0.970258	3
8	50000001	1.08826	1.01642	3
8	51000001	1.38172	1.01642	3
8	52000001	0.967239	1.01642	3
8	53000001	1.12434	1.01642	3
8	54000001	1.16293	1.01642	3
8	55000001	0.744453	1.01642	3
8	56000001	1.03162	1.01642	3
8	57000001	0.951831	1.01642	3
8	58000001	1.08105	1.01642	3
8	59000001	0.995468	1.01642	3
8	60000001	0.932089	1.01642	3
8	61000001	0.986686	1.01642	3
8	62000001	0.976017	1.01642	3
8	63000001	0.920281	1.01642	3
8	64000001	1.04352	1.01642	3
8	65000001	1.13175	1.01642	3
8	66000001	1.03561	1.01642	3
8	67000001	1.06924	1.01642	3
8	68000001	1.12224	1.01642	3
8	69000001	1.05194	1.01642	3
8	70000001	1.15965	1.01642	3
8	71000001	1.09313	1.01642	3
8	72000001	1.2519	1.01642	3
8	73000001	0.941403	1.01642	3
8	74000001	1.13632	1.01642	3
8	75000001	0.891996	1.01642	3
8	76000001	0.72514	1.01642	3
8	77000001	1.0118	1.01642	3
8	78000001	0.731638	1.01642	3
8	79000001	1.09975	1.01642	3
8	80000001	1.0401	1.01642	3
8	81000001	1.21175	1.01642	3
8	82000001	1.20037	1.01642	3
8	83000001	0.944761	1.01642	3
8	84000001	1.01715	1.01642	3
8	85000001	1.46749	1.01642	3
8	86000001	1.07426	1.01642	3
8	87000001	1.08219	1.01642	3
8	88000001	1.19775	1.01642	3
8	89000001	1.14043	1.01642	3
8	90000001	0.926585	1.01642	3
8	91000001	1.0441	1.01642	3
8	92000001	1.17351	1.01642	3
8	93000001	1.06432	1.01642	3
8	94000001	1.07173	1.01642	3
8	95000001	1.22587	1.01642	3
8	96000001	0.940696	1.01642	3
8	97000001	0.919779	1.01642	3
8	98000001	0.936801	1.01642	3
8	99000001	0.94753	1.01642	3
8	100000001	0.671556	1.01642	3
8	101000001	0.803365	1.01642	3
8	102000001	1.0053	1.01642	3
8	103000001	0.997285	1.01642	3
8	104000001	1.2272	1.01642	3
8	105000001	1.01568	1.01642	3
8	106000001	0.743769	1.01642	3
8	107000001	1.08567	1.01642	3
8	108000001	0.855906	1.01642	3
8	109000001	1.1922	1.01642	3
8	110000001	0.778092	1.01642	3
8	111000001	0.983948	1.01642	3
8	112000001	1.08025	1.01642	3
8	113000001	0.948889	1.01642	3
8	114000001	1.25958	1.01642	3
8	115000001	0.897709	1.01642	3
8	116000001	0.911839	1.01642	3
8	117000001	0.769255	1.01642	3
8	118000001	0.917614	1.01642	3
8	119000001	0.785188	1.01642	3
8	120000001	0.975941	1.01642	3
8	121000001	0.934771	1.01642	3
8	122000001	0.811235	1.01642	3
8	123000001	1.09557	1.01642	3
8	124000001	0.999759	1.01642	3
8	125000001	1.06265	1.01642	3
8	126000001	1.02108	1.01642	3
8	127000001	1.19738	1.01642	3
8	128000001	1.13611	1.01642	3
8	129000001	0.893151	1.01642	3
8	130000001	1.19119	1.01642	3
8	131000001	1.00419	1.01642	3
8	132000001	1.22676	1.01642	3
8	133000001	1.035	1.01642	3
8	134000001	0.762153	1.01642	3
8	135000001	0.877767	1.01642	3
8	136000001	0.853057	1.01642	3
8	137000001	1.00222	1.01642	3
8	138000001	3.05485	3.05485	9
8	139000001	1.09868	1.04762	3
8	140000001	1.02399	1.04762	3
8	141000001	1.0468	1.04762	3
8	142000001	1.21223	1.04762	3
8	143000001	1.04762	1.04762	3
8	144000001	0.944379	1.04762	3
8	145000001	1.28178	1.04762	3
9	1	0.493614	0.694779	2
9	1000001	0.577231	0.694779	2
9	2000001	0.816949	0.694779	2
9	3000001	0.716492	0.694779	2
9	4000001	0.824211	0.694779	2
9	5000001	0.691005	0.694779	2
9	6000001	0.581374	0.694779	2
9	7000001	0.831215	0.694779	2
9	8000001	0.608581	0.694779	2
9	9000001	0.694779	0.694779	2
9	10000001	0.772053	0.694779	2
9	11000001	0.736109	0.694779	2
9	12000001	0.782387	0.694779	2
9	13000001	0.611212	0.694779	2
9	14000001	0.800566	0.694779	2
9	15000001	0.800051	0.694779	2
9	16000001	0.787749	0.694779	2
9	17000001	0.670033	0.694779	2
9	18000001	0.516897	0.694779	2
9	19000001	0.591859	0.694779	2
9	20000001	0.61075	0.694779	2
9	21000001	0.0640003	0.0890868	0
9	22000001	0.0472005	0.0890868	0
9	23000001	0.0697688	0.0890868	0
9	24000001	0.0876563	0.0890868	0
9	25000001	0.108598	0.0890868	0
9	26000001	0.0890868	0.0890868	0
9	27000001	0.430195	0.0890868	0
9	28000001	0.262718	0.0890868	0
9	29000001	0.226304	0.0890868	0
9	30000001	0.0634842	0.0890868	0
9	31000001	0.311728	0.0890868	0
9	32000001	0.66985	0.623447	2
9	33000001	0.623447	0.623447	2
9	34000001	0.640562	0.623447	2
9	35000001	0.606545	0.623447	2
9	36000001	0.51192	0.623447	2
9	37000001	1.16916	0.916644	3
9	38000001	1.30962	0.916644	3
9	39000001	0.726089	0.916644	3
9	40000001	0.881816	0.916644	3
9	41000001	0.951472	0.916644	3
9	42000001	0.605614	0.916644	3
9	43000001	1.45253	-1	3
9	44000001	2.02919	-1	3
9	45000001	1.75729	-1	3
9	46000001	-1	-1	3
9	47000001	-1	-1	3
9	48000001	-1	-1	3
9	49000001	-1	-1	3
9	50000001	-1	-1	3
9	51000001	-1	-1	3
9	52000001	-1	-1	3
9	53000001	-1	-1	3
9	54000001	-1	-1	3
9	55000001	-1	-1	3
9	56000001	-1	-1	3
9	57000001	-1	-1	3
9	58000001	-1	-1	3
9	59000001	-1	-1	3
9	60000001	1.46967	-1	3
9	61000001	0.738995	0.957865	3
9	62000001	0.935459	0.957865	3
9	63000001	1.30532	0.957865	3
9	64000001	0.957865	0.957865	3
9	65000001	1.21565	0.957865	3
9	66000001	0.766434	0.720343	2
9	67000001	0.792252	0.720343	2
9	68000001	0.401031	0.720343	2
9	69000001	0.602689	0.720343	2
9	70000001	0.701707	0.720343	2
9	71000001	0.679636	0.720343	2
9	72000001	0.81609	0.720343	2
9	73000001	0.737077	0.720343	2
9	74000001	0.805863	0.720343	2
9	75000001	0.773216	0.720343	2
9	76000001	0.769404	0.720343	2
9	77000001	0.512152	0.720343	2
9	78000001	0.706353	0.720343	2
9	79000001	0.515107	0.720343	2
9	80000001	0.94021	0.720343	2
9	81000001	0.67861	0.720343	2
9	82000001	0.658668	0.720343	2
9	83000001	0.734332	0.720343	2
9	84000001	0.373855	0.720343	2
9	85000001	0.755029	0.720343	2
9	86000001	0.589324	0.720343	2
9	87000001	0.693324	0.720343	2
9	88000001	0.649244	0.720343	2
9	89000001	0.765934	0.720343	2
9	90000001	0.867653	0.720343	2
9	91000001	0.773786	0.720343	2
9	92000001	1.05313	0.950756	3
9	93000001	0.955126	0.950756	3
9	94000001	0.874161	0.950756	3
9	95000001	1.13506	0.950756	3
9	96000001	1.15402	0.950756	3
9	97000001	0.909683	0.950756	3
9	98000001	0.796775	0.950756	3
9	99000001	1.04965	0.950756	3
9	100000001	1.0719	0.950756	3
9	101000001	0.706653	0.950756	3
9	102000001	1.11537	0.950756	3
9	103000001	0.870744	0.950756	3
9	104000001	1.08839	0.950756	3
9	105000001	1.04559	0.950756	3
9	106000001	1.0021	0.950756	3
9	107000001	0.895085	0.950756	3
9	108000001	1.21418	0.950756	3
9	109000001	1.04091	0.950756	3
9	110000001	1.2797	0.950756	3
9	111000001	0.937631	0.950756	3
9	112000001	0.776282	0.950756	3
9	113000001	0.946386	0.950756	3
9	114000001	0.893764	0.950756	3
9	115000001	0.858264	0.950756	3
9	116000001	0.987742	0.950756	3
9	117000001	0.937653	0.950756	3
9	118000001	1.00458	0.950756	3
9	119000001	0.937669	0.950756	3
9	120000001	1.19814	0.950756	3
9	121000001	0.962498	0.950756	3
9	122000001	0.858963	0.950756	3
9	123000001	0.880467	0.950756	3
9	124000001	0.801102	0.950756	3
9	125000001	1.0719	0.950756	3
9	126000001	0.930938	0.950756	3
9	127000001	0.85392	0.950756	3
9	128000001	1.14216	1.19834	4
9	129000001	1.25451	1.19834	4
9	130000001	3.0183	3.03417	9
9	131000001	3.05004	3.03417	9
9	132000001	0.929178	0.990328	3
9	133000001	1.28463	0.990328	3
9	134000001	1.0202	0.990328	3
9	135000001	0.990328	0.990328	3
9	136000001	0.988757	0.990328	3
9	137000001	1.12928	0.990328	3
9	138000001	0.920661	0.990328	3
X	1	0.648569	0.648569	2
X	1000001	0.502745	0.648569	2
X	2000001	0.492203	0.648569	2
X	3000001	1.00847	0.648569	2
X	4000001	0.619118	0.648569	2
X	5000001	0.728375	0.648569	2
X	6000001	0.602517	0.648569	2
X	7000001	0.700405	0.648569	2
X	8000001	0.600343	0.648569	2
X	9000001	0.807862	0.648569	2
X	10000001	0.710296	0.648569	2
X	11000001	1.44279	1.44279	4
X	12000001	0.653173	0.653173	2
X	13000001	0.634042	0.653173	2
X	14000001	0.699903	0.653173	2
X	15000001	0.547122	0.653173	2
X	16000001	0.689492	0.653173	2
X	17000001	0.619792	0.653173	2
X	18000001	0.814663	0.653173	2
X	19000001	0.719955	0.653173	2
X	20000001	0.712033	0.653173	2
X	21000001	0.914342	0.653173	2
X	22000001	0.586511	0.653173	2
X	23000001	0.775441	0.653173	2
X	24000001	0.634716	0.653173	2
X	25000001	0.706986	0.653173	2
X	26000001	0.556976	0.653173	2
X	27000001	0.537355	0.653173	2
X	28000001	0.64676	0.653173	2
X	29000001	0.871662	0.653173	2
X	30000001	0.464494	0.653173	2
X	31000001	0.474306	0.653173	2
X	32000001	0.581163	0.653173	2
X	33000001	0.62697	0.653173	2
X	34000001	0.553318	0.653173	2
X	35000001	0.574286	0.653173	2
X	36000001	0.70337	0.653173	2
X	37000001	0.674129	0.653173	2
X	38000001	0.693259	0.653173	2
X	39000001	0.565574	0.653173	2
X	40000001	0.613134	0.653173	2
X	41000001	0.629672	0.653173	2
X	42000001	0.54161	0.653173	2
X	43000001	0.716183	0.653173	2
X	44000001	0.872303	0.653173	2
X	45000001	0.764027	0.653173	2
X	46000001	0.628445	0.653173	2
X	47000001	0.668867	0.653173	2
X	48000001	0.540676	0.653173	2
X	49000001	0.695195	0.653173	2
X	50000001	0.681337	0.653173	2
X	51000001	0.619455	0.653173	2
X	52000001	0.548302	0.653173	2
X	53000001	0.708668	0.653173	2
X	54000001	0.55763	0.653173	2
X	55000001	0.709709	0.653173	2
X	56000001	0.804656	0.653173	2
X	57000001	0.940278	0.653173	2
X	58000001	0.776209	0.653173	2
X	59000001	0.799827	0.653173	2
X	60000001	0.672926	0.653173	2
X	61000001	0.73199	0.653173	2
X	62000001	0.535311	0.653173	2
X	63000001	0.580477	0.653173	2
X	64000001	0.592746	0.653173	2
X	65000001	0.671722	0.653173	2
X	66000001	0.634275	0.653173	2
X	67000001	0.600137	0.653173	2
X	68000001	0.776873	0.653173	2
X	69000001	0.569936	0.653173	2
X	70000001	0.765561	0.653173	2
X	71000001	0.723141	0.653173	2
X	72000001	0.737302	0.653173	2
X	73000001	0.570331	0.653173	2
X	74000001	0.71649	0.653173	2
X	75000001	0.539278	0.653173	2
X	76000001	0.652787	0.653173	2
X	77000001	0.996109	1.01439	3
X	78000001	1.03268	1.01439	3
X	79000001	0.788816	0.714063	2
X	80000001	0.711922	0.714063	2
X	81000001	0.716203	0.714063	2
X	82000001	0.64498	0.714063	2
X	83000001	0.763584	0.714063	2
X	84000001	0.695488	0.714063	2
X	85000001	0.615529	0.714063	2
X	86000001	0.821731	0.714063	2
X	87000001	0.656817	0.714063	2
X	88000001	0.880514	0.714063	2
X	89000001	0.528079	0.632703	2
X	90000001	0.495545	0.632703	2
X	91000001	0.629105	0.632703	2
X	92000001	0.636301	0.632703	2
X	93000001	0.532965	0.632703	2
X	94000001	0.626095	0.632703	2
X	95000001	0.752018	0.632703	2
X	96000001	0.737471	0.632703	2
X	97000001	0.799553	0.632703	2
X	98000001	0.662197	0.632703	2
X	99000001	0.524585	0.632703	2
X	100000001	0.508271	0.632703	2
X	101000001	0.678412	0.632703	2
X	102000001	0.508666	0.632703	2
X	103000001	0.723368	0.632703	2
X	104000001	0.585118	0.632703	2
X	105000001	0.554087	0.632703	2
X	106000001	0.547865	0.632703	2
X	107000001	0.726481	0.632703	2
X	108000001	0.697361	0.632703	2
X	109000001	0.838944	0.632703	2
X	110000001	0.578136	0.632703	2
X	111000001	0.820114	0.632703	2
X	112000001	0.652651	0.632703	2
X	113000001	0.615145	0.632703	2
X	114000001	0.822085	0.632703	2
X	115000001	0.704441	0.632703	2
X	116000001	0.663442	0.632703	2
X	117000001	0.606355	0.632703	2
X	118000001	0.612343	0.632703	2
X	119000001	0.722918	0.632703	2
X	120000001	0.60385	0.632703	2
X	121000001	0.741892	0.632703	2
X	122000001	0.69849	0.632703	2
X	123000001	0.572412	0.632703	2
X	124000001	0.540344	0.632703	2
X	125000001	0.41328	0.632703	2
X	126000001	0.712984	0.632703	2
X	127000001	0.71497	0.632703	2
X	128000001	0.624089	0.632703	2
X	129000001	0.738735	0.632703	2
X	130000001	0.406229	0.632703	2
X	131000001	0.436224	0.632703	2
X	132000001	0.539514	0.632703	2
X	133000001	0.738869	0.632703	2
X	134000001	0.714382	0.632703	2
X	135000001	1.05546	1.05546	3
X	136000001	0.517943	0.572614	2
X	137000001	0.555319	0.572614	2
X	138000001	0.475335	0.572614	2
X	139000001	0.845671	0.572614	2
X	140000001	0.569644	0.572614	2
X	141000001	0.69157	0.572614	2
X	142000001	0.582872	0.572614	2
X	143000001	0.58485	0.572614	2
X	144000001	0.458584	0.572614	2
X	145000001	0.575585	0.572614	2
X	146000001	0.833172	0.744407	2
X	147000001	0.812751	0.744407	2
X	148000001	0.744407	0.744407	2
X	149000001	0.594781	0.744407	2
X	150000001	0.783722	0.744407	2
X	151000001	0.76269	0.744407	2
X	152000001	0.741706	0.744407	2
X	153000001	0.682913	0.744407	2
X	154000001	0.518127	0.744407	2
X	155000001	0.433428	0.744407	2
X	156000001	1.3363	0.744407	2
Y	1	-1	-1	0
Y	1000001	-1	-1	0
Y	2000001	0	0.0787334	0
Y	3000001	0.0743318	0.0787334	0
Y	4000001	0.168031	0.0787334	0
Y	5000001	0.0759595	0.0787334	0
Y	6000001	0.0815073	0.0787334	0
Y	7000001	0.0983713	0.0787334	0
Y	8000001	0.00515905	0.0787334	0
Y	9000001	0.160873	0.0787334	0
Y	10000001	1.25038	1.0394	3
Y	11000001	0.828418	1.0394	3
Y	12000001	0.366209	0.366209	1
Y	13000001	0.0410056	0.145324	0
Y	14000001	0.0302887	0.145324	0
Y	15000001	0.117973	0.145324	0
Y	16000001	0.0416258	0.145324	0
Y	17000001	0.354163	0.145324	0
Y	18000001	0.452651	0.145324	0
Y	19000001	0.0403351	0.145324	0
Y	20000001	0.0663137	0.145324	0
Y	21000001	0.41364	0.145324	0
Y	22000001	0.406601	0.145324	0
Y	23000001	0.370437	0.145324	0
Y	24000001	0.13042	0.145324	0
Y	25000001	0.462509	0.145324	0
Y	26000001	0.323768	0.145324	0
Y	27000001	-1	0.145324	0
Y	28000001	-1	0.145324	0
Y	29000001	-1	0.145324	0
Y	30000001	-1	0.145324	0
Y	31000001	-1	0.145324	0
Y	32000001	-1	0.145324	0
Y	33000001	-1	0.145324	0
Y	34000001	-1	0.145324	0
Y	35000001	-1	0.145324	0
Y	36000001	-1	0.145324	0
Y	37000001	-1	0.145324	0
Y	38000001	-1	0.145324	0
Y	39000001	-1	0.145324	0
Y	40000001	-1	0.145324	0
Y	41000001	-1	0.145324	0
Y	42000001	-1	0.145324	0
Y	43000001	-1	0.145324	0
Y	44000001	-1	0.145324	0
Y	45000001	-1	0.145324	0
Y	46000001	-1	0.145324	0
Y	47000001	-1	0.145324	0
Y	48000001	-1	0.145324	0
Y	49000001	-1	0.145324	0
Y	50000001	-1	0.145324	0
Y	51000001	-1	0.145324	0
Y	52000001	-1	0.145324	0
Y	53000001	-1	0.145324	0
Y	54000001	-1	0.145324	0
Y	55000001	-1	0.145324	0
Y	56000001	0.145324	0.145324	0
Y	57000001	-1	-1	0
