Chromosome	Start	Ratio	MedianRatio	CopyNumber
1	1	1.70451	2.40366	7
1	1000001	2.40366	2.40366	7
1	2000001	3.02364	2.40366	7
1	3000001	2.02473	1.92344	6
1	4000001	1.7542	1.92344	6
1	5000001	1.49979	1.92344	6
1	6000001	1.8789	1.92344	6
1	7000001	2.90758	1.92344	6
1	8000001	1.85832	1.92344	6
1	9000001	2.06246	1.92344	6
1	10000001	1.82642	1.92344	6
1	11000001	2.21358	1.92344	6
1	12000001	1.80581	1.92344	6
1	13000001	1.74747	1.92344	6
1	14000001	1.83289	1.92344	6
1	15000001	1.81362	1.92344	6
1	16000001	2.06506	1.92344	6
1	17000001	2.16807	1.92344	6
1	18000001	1.55894	1.92344	6
1	19000001	1.69457	1.92344	6
1	20000001	2.06073	1.92344	6
1	21000001	1.81638	1.92344	6
1	22000001	2.22938	1.92344	6
1	23000001	2.07264	1.92344	6
1	24000001	2.03413	1.92344	6
1	25000001	2.08181	1.92344	6
1	26000001	1.87401	1.92344	6
1	27000001	2.25929	1.92344	6
1	28000001	1.91848	1.92344	6
1	29000001	1.93684	1.92344	6
1	30000001	2.28111	1.92344	6
1	31000001	2.06458	1.92344	6
1	32000001	1.75066	1.92344	6
1	33000001	1.94696	1.92344	6
1	34000001	1.85277	1.92344	6
1	35000001	1.93337	1.92344	6
1	36000001	1.9907	1.92344	6
1	37000001	1.88073	1.92344	6
1	38000001	1.6827	1.92344	6
1	39000001	1.77792	1.92344	6
1	40000001	1.99614	1.92344	6
1	41000001	2.07419	1.92344	6
1	42000001	1.92841	1.92344	6
1	43000001	2.06596	1.92344	6
1	44000001	2.19229	1.92344	6
1	45000001	1.6776	1.92344	6
1	46000001	2.03782	1.92344	6
1	47000001	2.02047	1.92344	6
1	48000001	1.58568	1.92344	6
1	49000001	1.03228	1.92344	6
1	50000001	1.90659	1.92344	6
1	51000001	1.884	1.92344	6
1	52000001	1.8998	1.92344	6
1	53000001	2.14721	1.92344	6
1	54000001	1.66708	1.92344	6
1	55000001	1.10693	0.971358	3
1	56000001	0.681504	0.971358	3
1	57000001	0.725314	0.971358	3
1	58000001	1.30158	0.971358	3
1	59000001	1.26011	0.971358	3
1	60000001	1.27237	0.971358	3
1	61000001	1.44718	0.971358	3
1	62000001	0.944717	0.971358	3
1	63000001	0.790477	0.971358	3
1	64000001	1.2515	0.971358	3
1	65000001	1.05437	0.971358	3
1	66000001	1.05919	0.971358	3
1	67000001	1.20179	0.971358	3
1	68000001	1.39936	0.971358	3
1	69000001	0.734777	0.971358	3
1	70000001	0.723848	0.971358	3
1	71000001	0.845292	0.971358	3
1	72000001	0.546957	0.971358	3
1	73000001	0.61294	0.971358	3
1	74000001	0.770132	0.971358	3
1	75000001	0.971358	0.971358	3
1	76000001	0.776114	0.971358	3
1	77000001	0.862811	0.971358	3
1	78000001	1.07542	0.971358	3
1	79000001	0.771689	0.971358	3
1	80000001	0.615995	0.971358	3
1	81000001	0.691872	0.971358	3
1	82000001	0.652419	0.971358	3
1	83000001	0.516257	0.971358	3
1	84000001	1.04731	0.971358	3
1	85000001	1.05788	0.971358	3
1	86000001	1.30458	0.971358	3
1	87000001	1.1759	0.971358	3
1	88000001	0.698672	0.971358	3
1	89000001	1.17791	0.971358	3
1	90000001	1.27018	0.971358	3
1	91000001	1.29443	0.971358	3
1	92000001	1.42784	0.971358	3
1	93000001	1.27472	0.971358	3
1	94000001	1.23836	0.971358	3
1	95000001	1.08888	0.971358	3
1	96000001	0.89289	0.971358	3
1	97000001	0.756695	0.971358	3
1	98000001	0.849141	0.971358	3
1	99000001	1.5027	0.971358	3
1	100000001	1.31444	0.971358	3
1	101000001	1.37031	0.971358	3
1	102000001	0.575224	0.971358	3
1	103000001	0.562329	0.971358	3
1	104000001	0.716935	0.971358	3
1	105000001	0.714672	0.971358	3
1	106000001	0.659365	0.971358	3
1	107000001	1.13995	0.971358	3
1	108000001	1.69641	1.86226	6
1	109000001	2.00271	1.86226	6
1	110000001	1.93105	1.86226	6
1	111000001	1.44274	1.86226	6
1	112000001	1.85138	1.86226	6
1	113000001	1.78101	1.86226	6
1	114000001	2.0652	1.86226	6
1	115000001	1.96682	1.86226	6
1	116000001	1.86226	1.86226	6
1	117000001	1.90102	1.86226	6
1	118000001	1.47351	1.86226	6
1	119000001	1.88743	1.86226	6
1	120000001	1.32841	1.86226	6
1	121000001	2.52293	1.86226	6
1	122000001	1.56606	1.86226	6
1	123000001	1.58324	1.86226	6
1	124000001	1.58535	1.86226	6
1	125000001	3.58909	1.86226	6
1	126000001	-1	1.86226	6
1	127000001	-1	1.86226	6
1	128000001	-1	1.86226	6
1	129000001	-1	1.86226	6
1	130000001	-1	1.86226	6
1	131000001	-1	1.86226	6
1	132000001	-1	1.86226	6
1	133000001	-1	1.86226	6
1	134000001	-1	1.86226	6
1	135000001	-1	1.86226	6
1	136000001	-1	1.86226	6
1	137000001	-1	1.86226	6
1	138000001	-1	1.86226	6
1	139000001	-1	1.86226	6
1	140000001	-1	1.86226	6
1	141000001	-1	1.86226	6
1	142000001	-1	1.86226	6
1	143000001	3.46964	1.86226	6
1	144000001	1.36337	1.36337	4
1	145000001	1.32044	1.36337	4
1	146000001	1.05837	1.36337	4
1	147000001	1.31875	1.36337	4
1	148000001	1.23925	1.36337	4
1	149000001	1.32173	1.36337	4
1	150000001	1.51946	1.36337	4
1	151000001	1.41891	1.36337	4
1	152000001	1.22539	1.36337	4
1	153000001	1.43799	1.36337	4
1	154000001	1.60911	1.36337	4
1	155000001	1.30769	1.36337	4
1	156000001	1.53959	1.36337	4
1	157000001	1.43227	1.36337	4
1	158000001	0.838697	1.36337	4
1	159000001	1.07555	1.36337	4
1	160000001	1.38973	1.36337	4
1	161000001	1.48809	1.36337	4
1	162000001	1.67376	1.36337	4
1	163000001	1.45107	1.36337	4
1	164000001	1.03207	1.36337	4
1	165000001	1.60216	1.36337	4
1	166000001	2.12969	1.36337	4
1	167000001	1.81858	1.36337	4
1	168000001	1.74713	1.36337	4
1	169000001	1.15055	1.36337	4
1	170000001	1.21975	1.36337	4
1	171000001	1.27273	1.36337	4
1	172000001	1.47697	1.36337	4
1	173000001	1.89325	1.36337	4
1	174000001	1.59576	1.36337	4
1	175000001	1.19464	1.36337	4
1	176000001	1.03416	1.36337	4
1	177000001	1.27125	1.36337	4
1	178000001	1.22723	1.36337	4
1	179000001	1.7438	1.81749	5
1	180000001	2.11374	1.81749	5
1	181000001	2.06502	1.81749	5
1	182000001	1.81749	1.81749	5
1	183000001	1.78223	1.81749	5
1	184000001	2.03308	1.81749	5
1	185000001	1.67917	1.81749	5
1	186000001	1.30032	1.06475	3
1	187000001	1.05585	1.06475	3
1	188000001	0.903979	1.06475	3
1	189000001	1.07365	1.06475	3
1	190000001	0.94946	1.06475	3
1	191000001	0.979599	1.06475	3
1	192000001	1.52559	1.06475	3
1	193000001	1.53781	1.06475	3
1	194000001	1.12473	1.06475	3
1	195000001	0.739037	1.06475	3
1	196000001	0.933942	1.06475	3
1	197000001	1.11209	1.06475	3
1	198000001	1.39808	1.06475	3
1	199000001	0.938959	1.06475	3
1	200000001	1.827	1.90556	6
1	201000001	2.27383	1.90556	6
1	202000001	1.96299	1.90556	6
1	203000001	2.08288	1.90556	6
1	204000001	1.91832	1.90556	6
1	205000001	1.98961	1.90556	6
1	206000001	1.91445	1.90556	6
1	207000001	1.6679	1.90556	6
1	208000001	2.13727	1.90556	6
1	209000001	1.34121	1.90556	6
1	210000001	1.84303	1.90556	6
1	211000001	1.89666	1.90556	6
1	212000001	1.83711	1.90556	6
1	213000001	1.87171	1.90556	6
1	214000001	0.949982	1.13271	3
1	215000001	1.13271	1.13271	3
1	216000001	0.937317	1.13271	3
1	217000001	0.679112	1.13271	3
1	218000001	0.977277	1.13271	3
1	219000001	1.39333	1.13271	3
1	220000001	1.38254	1.13271	3
1	221000001	1.18113	1.13271	3
1	222000001	1.15708	1.13271	3
1	223000001	1.94964	1.97464	6
1	224000001	1.83718	1.97464	6
1	225000001	1.99963	1.97464	6
1	226000001	1.84548	1.97464	6
1	227000001	2.14479	1.97464	6
1	228000001	2.13074	1.97464	6
1	229000001	1.43978	1.42347	4
1	230000001	1.81975	1.42347	4
1	231000001	1.63456	1.42347	4
1	232000001	0.942638	1.42347	4
1	233000001	1.38733	1.42347	4
1	234000001	1.82717	1.42347	4
1	235000001	1.73381	1.42347	4
1	236000001	1.31511	1.42347	4
1	237000001	0.901016	1.42347	4
1	238000001	1.00292	1.42347	4
1	239000001	0.913695	1.42347	4
1	240000001	0.931154	1.42347	4
1	241000001	1.4328	1.42347	4
1	242000001	1.08158	1.42347	4
1	243000001	1.24551	1.42347	4
1	244000001	1.72401	1.42347	4
1	245000001	1.41414	1.42347	4
1	246000001	1.50692	1.42347	4
1	247000001	1.72387	1.42347	4
1	248000001	1.67666	1.42347	4
10	1	1.23405	1.07392	3
10	1000001	0.950904	1.07392	3
10	2000001	0.949534	1.07392	3
10	3000001	1.46042	1.07392	3
10	4000001	1.20414	1.07392	3
10	5000001	1.2666	1.07392	3
10	6000001	1.51258	1.07392	3
10	7000001	0.88314	1.07392	3
10	8000001	0.559673	1.07392	3
10	9000001	0.664568	1.07392	3
10	10000001	0.861128	1.07392	3
10	11000001	1.34506	1.07392	3
10	12000001	1.5258	1.07392	3
10	13000001	1.51875	1.07392	3
10	14000001	1.30022	1.07392	3
10	15000001	1.40967	1.07392	3
10	16000001	0.884731	1.07392	3
10	17000001	1.20347	1.07392	3
10	18000001	0.867475	1.07392	3
10	19000001	0.766736	1.07392	3
10	20000001	1.06859	1.07392	3
10	21000001	1.2123	1.07392	3
10	22000001	1.50073	1.07392	3
10	23000001	0.999433	1.07392	3
10	24000001	1.40671	1.07392	3
10	25000001	1.41302	1.07392	3
10	26000001	0.991407	1.07392	3
10	27000001	1.00334	1.07392	3
10	28000001	1.0249	1.07392	3
10	29000001	1.13169	1.07392	3
10	30000001	1.07925	1.07392	3
10	31000001	1.24972	1.07392	3
10	32000001	1.2436	1.07392	3
10	33000001	1.04003	1.07392	3
10	34000001	1.22675	1.07392	3
10	35000001	0.999488	1.07392	3
10	36000001	0.771295	1.07392	3
10	37000001	0.875831	1.07392	3
10	38000001	0.987114	1.07392	3
10	39000001	1.04983	1.07392	3
10	40000001	1.44788	1.07392	3
10	41000001	0.878657	1.07392	3
10	42000001	1.3982	1.71219	5
10	43000001	2.01229	1.71219	5
10	44000001	1.4256	1.71219	5
10	45000001	1.34963	1.71219	5
10	46000001	1.73739	1.71219	5
10	47000001	1.62423	1.71219	5
10	48000001	1.82332	1.71219	5
10	49000001	1.73061	1.71219	5
10	50000001	1.71219	1.71219	5
10	51000001	1.04643	0.937117	3
10	52000001	0.763384	0.937117	3
10	53000001	1.0799	0.937117	3
10	54000001	0.712898	0.937117	3
10	55000001	0.901911	0.937117	3
10	56000001	0.972323	0.937117	3
10	57000001	0.846193	0.937117	3
10	58000001	0.986302	0.937117	3
10	59000001	1.1188	1.18763	4
10	60000001	1.18763	1.18763	4
10	61000001	1.11521	1.18763	4
10	62000001	1.59173	1.18763	4
10	63000001	1.59418	1.18763	4
10	64000001	1.5361	1.18763	4
10	65000001	0.902979	1.18763	4
10	66000001	0.881723	1.18763	4
10	67000001	1.35087	1.18763	4
10	68000001	2.05735	1.70032	5
10	69000001	1.70523	1.70032	5
10	70000001	1.82631	1.70032	5
10	71000001	1.87243	1.70032	5
10	72000001	1.6954	1.70032	5
10	73000001	1.66686	1.70032	5
10	74000001	1.77985	1.70032	5
10	75000001	1.87869	1.70032	5
10	76000001	1.13472	1.70032	5
10	77000001	1.4997	1.70032	5
10	78000001	1.95457	1.70032	5
10	79000001	1.96946	1.70032	5
10	80000001	1.51089	1.70032	5
10	81000001	1.07274	1.70032	5
10	82000001	1.18921	1.70032	5
10	83000001	1.37028	1.70032	5
10	84000001	1.47358	1.70032	5
10	85000001	1.90688	1.70032	5
10	86000001	0.919536	0.835657	3
10	87000001	0.971209	0.835657	3
10	88000001	0.694969	0.835657	3
10	89000001	0.714659	0.835657	3
10	90000001	0.674253	0.835657	3
10	91000001	0.89101	0.835657	3
10	92000001	1.06657	0.835657	3
10	93000001	0.958612	0.835657	3
10	94000001	0.709275	0.835657	3
10	95000001	0.998191	0.835657	3
10	96000001	0.795596	0.835657	3
10	97000001	0.835953	0.835657	3
10	98000001	0.824526	0.835657	3
10	99000001	0.845051	0.835657	3
10	100000001	0.858599	0.835657	3
10	101000001	0.722748	0.835657	3
10	102000001	0.835362	0.835657	3
10	103000001	1.13806	0.835657	3
10	104000001	0.916844	0.835657	3
10	105000001	0.575541	0.835657	3
10	106000001	0.710627	0.835657	3
10	107000001	0.622967	0.835657	3
10	108000001	0.308557	0.835657	3
10	109000001	0.805346	0.835657	3
10	110000001	0.813384	0.835657	3
10	111000001	0.953998	0.835657	3
10	112000001	0.700116	0.835657	3
10	113000001	0.830186	0.835657	3
10	114000001	0.699844	0.835657	3
10	115000001	0.523021	0.835657	3
10	116000001	0.879236	0.835657	3
10	117000001	1.15993	0.835657	3
10	118000001	1.07665	0.835657	3
10	119000001	0.963908	0.835657	3
10	120000001	1.1002	0.835657	3
10	121000001	0.528105	0.835657	3
10	122000001	1.02629	0.835657	3
10	123000001	0.758703	0.835657	3
10	124000001	1.09239	0.835657	3
10	125000001	1.05725	0.835657	3
10	126000001	2.59541	2.59541	8
10	127000001	0.565945	0.955925	3
10	128000001	0.963269	0.955925	3
10	129000001	0.70741	0.955925	3
10	130000001	0.692417	0.955925	3
10	131000001	0.955925	0.955925	3
10	132000001	1.18029	0.955925	3
10	133000001	2.06822	0.955925	3
11	1	1.7628	1.43866	4
11	1000001	1.73868	1.43866	4
11	2000001	1.42805	1.43866	4
11	3000001	1.25736	1.43866	4
11	4000001	1.65292	1.43866	4
11	5000001	1.36334	1.43866	4
11	6000001	1.45419	1.43866	4
11	7000001	0.828769	1.43866	4
11	8000001	1.43866	1.43866	4
11	9000001	1.37069	1.43866	4
11	10000001	1.53077	1.43866	4
11	11000001	2.26555	1.43866	4
11	12000001	1.44331	1.43866	4
11	13000001	1.19952	1.43866	4
11	14000001	1.38093	1.43866	4
11	15000001	1.21252	1.43866	4
11	16000001	1.19615	1.43866	4
11	17000001	1.51353	1.43866	4
11	18000001	1.44761	1.43866	4
11	19000001	1.53246	1.43866	4
11	20000001	1.19769	1.43866	4
11	21000001	0.583912	0.662075	2
11	22000001	0.897568	0.662075	2
11	23000001	0.662075	0.662075	2
11	24000001	0.644237	0.662075	2
11	25000001	0.652326	0.662075	2
11	26000001	0.622537	0.662075	2
11	27000001	0.839324	0.662075	2
11	28000001	0.73123	0.662075	2
11	29000001	0.588021	0.662075	2
11	30000001	0.795921	0.662075	2
11	31000001	0.707023	0.662075	2
11	32000001	1.23435	1.48106	4
11	33000001	1.51106	1.48106	4
11	34000001	1.48328	1.48106	4
11	35000001	1.47883	1.48106	4
11	36000001	0.763688	0.763688	2
11	37000001	0.729394	0.763688	2
11	38000001	0.695352	0.763688	2
11	39000001	0.813347	0.763688	2
11	40000001	0.801273	0.763688	2
11	41000001	0.710497	0.763688	2
11	42000001	0.796413	0.763688	2
11	43000001	1.10564	1.39853	4
11	44000001	1.5449	1.39853	4
11	45000001	1.49596	1.39853	4
11	46000001	1.36467	1.39853	4
11	47000001	1.43239	1.39853	4
11	48000001	1.13041	1.39853	4
11	49000001	0.713464	0.876215	3
11	50000001	0.835484	0.876215	3
11	51000001	0.916945	0.876215	3
11	52000001	0.935674	0.876215	3
11	53000001	1.05194	0.876215	3
11	54000001	0.771705	0.876215	3
11	55000001	0.661999	0.876215	3
11	56000001	1.1049	0.876215	3
11	57000001	1.29943	1.44992	4
11	58000001	1.45568	1.44992	4
11	59000001	1.37626	1.44992	4
11	60000001	1.39163	1.44992	4
11	61000001	1.68193	1.44992	4
11	62000001	1.62203	1.44992	4
11	63000001	1.44415	1.44992	4
11	64000001	1.54715	1.44992	4
11	65000001	1.7055	1.44992	4
11	66000001	1.35188	1.44992	4
11	67000001	1.73302	1.44992	4
11	68000001	1.5406	1.44992	4
11	69000001	2.04813	1.44992	4
11	70000001	1.36027	1.44992	4
11	71000001	1.95106	1.44992	4
11	72000001	1.37438	1.44992	4
11	73000001	1.41299	1.44992	4
11	74000001	1.2953	1.44992	4
11	75000001	1.36781	1.44992	4
11	76000001	1.41529	1.44992	4
11	77000001	1.73527	1.44992	4
11	78000001	1.47879	1.44992	4
11	79000001	1.11287	0.870957	3
11	80000001	0.718323	0.870957	3
11	81000001	0.876083	0.870957	3
11	82000001	0.690781	0.870957	3
11	83000001	0.737789	0.870957	3
11	84000001	0.691119	0.870957	3
11	85000001	1.13217	0.870957	3
11	86000001	1.43805	0.870957	3
11	87000001	1.12909	0.870957	3
11	88000001	0.85302	0.870957	3
11	89000001	0.75057	0.870957	3
11	90000001	0.591511	0.870957	3
11	91000001	0.603967	0.870957	3
11	92000001	0.673957	0.870957	3
11	93000001	1.06457	0.870957	3
11	94000001	1.25821	0.870957	3
11	95000001	1.09317	0.870957	3
11	96000001	1.25233	0.870957	3
11	97000001	0.939131	0.870957	3
11	98000001	0.734495	0.870957	3
11	99000001	0.519368	0.870957	3
11	100000001	0.69402	0.870957	3
11	101000001	0.865831	0.870957	3
11	102000001	0.960947	0.870957	3
11	103000001	0.982585	0.870957	3
11	104000001	1.36665	0.870957	3
11	105000001	0.685242	0.870957	3
11	106000001	0.932719	0.870957	3
11	107000001	1.47402	1.20627	4
11	108000001	1.20627	1.20627	4
11	109000001	0.931097	1.20627	4
11	110000001	1.06159	1.20627	4
11	111000001	1.15681	1.20627	4
11	112000001	1.60873	1.20627	4
11	113000001	1.7165	1.20627	4
11	114000001	1.1758	1.20627	4
11	115000001	1.04759	1.20627	4
11	116000001	1.03826	1.20627	4
11	117000001	1.7336	1.20627	4
11	118000001	1.46571	1.20627	4
11	119000001	1.64555	1.20627	4
11	120000001	1.20058	1.07791	3
11	121000001	0.865327	1.07791	3
11	122000001	0.885853	1.07791	3
11	123000001	0.76834	1.07791	3
11	124000001	1.17391	1.07791	3
11	125000001	1.46341	1.07791	3
11	126000001	1.65478	1.07791	3
11	127000001	0.971925	1.07791	3
11	128000001	0.920397	1.07791	3
11	129000001	1.25867	1.07791	3
11	130000001	1.72886	1.07791	3
11	131000001	0.988561	1.07791	3
11	132000001	1.16726	1.07791	3
11	133000001	0.866859	1.07791	3
11	134000001	0.830185	1.07791	3
11	135000001	1.23752	1.07791	3
12	1	1.12695	0.988478	3
12	1000001	0.998664	0.988478	3
12	2000001	0.978292	0.988478	3
12	3000001	0.962121	0.988478	3
12	4000001	0.716109	0.988478	3
12	5000001	1.00396	0.988478	3
12	6000001	1.03519	0.988478	3
12	7000001	1.23844	0.988478	3
12	8000001	0.879316	0.988478	3
12	9000001	0.957518	0.988478	3
12	10000001	0.574238	0.583433	2
12	11000001	0.668925	0.583433	2
12	12000001	0.853595	0.583433	2
12	13000001	0.752356	0.583433	2
12	14000001	0.583433	0.583433	2
12	15000001	0.376855	0.583433	2
12	16000001	0.480737	0.583433	2
12	17000001	0.399349	0.583433	2
12	18000001	0.467684	0.583433	2
12	19000001	0.442908	0.583433	2
12	20000001	0.59003	0.583433	2
12	21000001	0.688478	0.583433	2
12	22000001	0.783987	0.583433	2
12	23000001	0.856396	0.985292	3
12	24000001	1.14306	0.985292	3
12	25000001	1.07542	0.985292	3
12	26000001	1.37595	0.985292	3
12	27000001	0.895166	0.985292	3
12	28000001	0.681639	0.985292	3
12	29000001	0.737695	0.985292	3
12	30000001	0.696394	0.985292	3
12	31000001	1.62302	0.985292	3
12	32000001	1.24486	0.985292	3
12	33000001	0.690284	0.824327	2
12	34000001	0.846234	0.824327	2
12	35000001	0.955157	0.824327	2
12	36000001	1.03413	0.824327	2
12	37000001	0.664589	0.824327	2
12	38000001	0.827371	0.824327	2
12	39000001	0.650922	0.824327	2
12	40000001	0.812989	0.824327	2
12	41000001	0.824327	0.824327	2
12	42000001	0.856788	0.824327	2
12	43000001	0.759379	0.824327	2
12	44000001	0.803349	0.824327	2
12	45000001	1.03889	0.824327	2
12	46000001	1.25784	1.42927	4
12	47000001	1.40472	1.42927	4
12	48000001	1.96895	1.42927	4
12	49000001	1.23791	1.42927	4
12	50000001	1.20834	1.42927	4
12	51000001	1.34657	1.42927	4
12	52000001	1.78642	1.42927	4
12	53000001	1.47466	1.42927	4
12	54000001	1.58751	1.42927	4
12	55000001	1.45285	1.42927	4
12	56000001	1.70706	1.42927	4
12	57000001	1.40569	1.42927	4
12	58000001	1.17786	0.888736	3
12	59000001	0.808045	0.888736	3
12	60000001	0.815751	0.888736	3
12	61000001	0.785706	0.888736	3
12	62000001	0.770249	0.888736	3
12	63000001	0.717981	0.888736	3
12	64000001	1.30277	0.888736	3
12	65000001	1.40434	0.888736	3
12	66000001	1.15521	0.888736	3
12	67000001	1.11897	0.888736	3
12	68000001	1.11929	0.888736	3
12	69000001	0.888736	0.888736	3
12	70000001	1.11095	0.888736	3
12	71000001	1.15377	0.888736	3
12	72000001	0.768412	0.888736	3
12	73000001	0.871174	0.888736	3
12	74000001	0.714724	0.888736	3
12	75000001	1.08316	0.888736	3
12	76000001	1.34271	0.888736	3
12	77000001	0.694243	0.888736	3
12	78000001	0.722246	0.888736	3
12	79000001	1.0672	0.888736	3
12	80000001	0.883018	0.888736	3
12	81000001	0.600298	0.672931	2
12	82000001	0.452953	0.672931	2
12	83000001	0.67467	0.672931	2
12	84000001	0.823149	0.672931	2
12	85000001	0.571607	0.672931	2
12	86000001	0.763156	0.672931	2
12	87000001	0.671191	0.672931	2
12	88000001	0.704069	0.672931	2
12	89000001	1.16682	1.14617	3
12	90000001	0.869058	1.14617	3
12	91000001	1.17496	1.14617	3
12	92000001	1.30192	1.14617	3
12	93000001	1.42561	1.14617	3
12	94000001	1.38614	1.14617	3
12	95000001	1.19703	1.14617	3
12	96000001	0.708945	1.14617	3
12	97000001	0.740883	1.14617	3
12	98000001	1.25065	1.14617	3
12	99000001	0.71587	1.14617	3
12	100000001	0.869679	1.14617	3
12	101000001	1.14617	1.14617	3
12	102000001	1.1075	1.14617	3
12	103000001	0.921749	1.14617	3
12	104000001	1.36988	1.43182	4
12	105000001	1.21125	1.43182	4
12	106000001	1.49335	1.43182	4
12	107000001	1.16542	1.43182	4
12	108000001	1.34022	1.43182	4
12	109000001	1.59359	1.43182	4
12	110000001	1.47445	1.43182	4
12	111000001	1.52584	1.43182	4
12	112000001	1.47503	1.43182	4
12	113000001	1.54368	1.43182	4
12	114000001	1.19183	1.43182	4
12	115000001	1.04061	1.43182	4
12	116000001	1.36616	1.43182	4
12	117000001	1.45021	1.43182	4
12	118000001	1.27839	1.43182	4
12	119000001	1.36073	1.43182	4
12	120000001	1.4084	1.43182	4
12	121000001	1.50864	1.43182	4
12	122000001	1.41344	1.43182	4
12	123000001	1.58279	1.43182	4
12	124000001	1.75257	1.43182	4
12	125000001	1.56609	1.43182	4
12	126000001	0.816171	0.91525	3
12	127000001	0.798981	0.91525	3
12	128000001	0.91525	0.91525	3
12	129000001	1.15555	0.91525	3
12	130000001	1.2059	0.91525	3
12	131000001	2.03512	1.77987	5
12	132000001	1.77987	1.77987	5
12	133000001	1.31026	1.77987	5
13	1	-1	-1	2
13	1000001	-1	-1	2
13	2000001	-1	-1	2
13	3000001	-1	-1	2
13	4000001	-1	-1	2
13	5000001	-1	-1	2
13	6000001	-1	-1	2
13	7000001	-1	-1	2
13	8000001	-1	-1	2
13	9000001	-1	-1	2
13	10000001	-1	-1	2
13	11000001	-1	-1	2
13	12000001	-1	-1	2
13	13000001	-1	-1	2
13	14000001	-1	-1	2
13	15000001	-1	-1	2
13	16000001	0.408772	0.589385	2
13	17000001	0.56511	0.589385	2
13	18000001	0.628727	0.589385	2
13	19000001	0.671829	0.589385	2
13	20000001	0.640856	0.589385	2
13	21000001	0.607186	0.589385	2
13	22000001	0.568258	0.589385	2
13	23000001	0.356353	0.589385	2
13	24000001	0.863641	0.589385	2
13	25000001	0.624515	0.589385	2
13	26000001	0.649941	0.589385	2
13	27000001	0.977949	0.589385	2
13	28000001	0.53236	0.589385	2
13	29000001	0.672411	0.589385	2
13	30000001	0.719586	0.589385	2
13	31000001	0.865105	0.589385	2
13	32000001	0.527499	0.589385	2
13	33000001	0.474522	0.589385	2
13	34000001	0.635977	0.589385	2
13	35000001	0.731822	0.589385	2
13	36000001	0.544175	0.589385	2
13	37000001	0.532637	0.589385	2
13	38000001	0.594448	0.589385	2
13	39000001	0.500289	0.589385	2
13	40000001	0.567307	0.589385	2
13	41000001	1.32058	0.589385	2
13	42000001	0.812826	0.589385	2
13	43000001	0.79394	0.589385	2
13	44000001	0.807493	0.589385	2
13	45000001	1.26154	0.589385	2
13	46000001	0.895517	0.589385	2
13	47000001	0.895868	0.589385	2
13	48000001	0.903121	0.589385	2
13	49000001	0.956605	0.589385	2
13	50000001	0.912289	0.589385	2
13	51000001	0.924267	0.589385	2
13	52000001	1.00366	0.589385	2
13	53000001	0.670383	0.589385	2
13	54000001	0.526617	0.589385	2
13	55000001	0.439658	0.589385	2
13	56000001	0.400301	0.589385	2
13	57000001	0.567427	0.589385	2
13	58000001	0.584321	0.589385	2
13	59000001	0.640557	0.589385	2
13	60000001	0.768324	0.589385	2
13	61000001	0.364126	0.589385	2
13	62000001	0.422111	0.589385	2
13	63000001	0.482977	0.589385	2
13	64000001	0.535974	0.589385	2
13	65000001	0.387203	0.589385	2
13	66000001	0.558854	0.589385	2
13	67000001	0.41709	0.589385	2
13	68000001	0.384719	0.589385	2
13	69000001	0.469909	0.589385	2
13	70000001	0.735543	0.589385	2
13	71000001	1.21961	0.589385	2
13	72000001	0.545075	0.589385	2
13	73000001	0.448555	0.589385	2
13	74000001	0.625503	0.589385	2
13	75000001	0.41737	0.589385	2
13	76000001	0.503829	0.589385	2
13	77000001	0.621707	0.589385	2
13	78000001	0.44927	0.589385	2
13	79000001	0.504867	0.589385	2
13	80000001	2.02109	0.589385	2
13	81000001	0.381742	0.589385	2
13	82000001	0.426024	0.589385	2
13	83000001	0.440166	0.589385	2
13	84000001	0.522352	0.589385	2
13	85000001	0.490907	0.589385	2
13	86000001	0.840271	0.589385	2
13	87000001	0.66659	0.589385	2
13	88000001	0.28611	0.589385	2
13	89000001	1.16556	0.589385	2
13	90000001	4.15618	3.79821	11
13	91000001	3.44024	3.79821	11
13	92000001	2.28053	2.28053	7
13	93000001	1.27012	0.855656	3
13	94000001	0.724937	0.855656	3
13	95000001	0.766165	0.855656	3
13	96000001	0.672774	0.855656	3
13	97000001	0.983194	0.855656	3
13	98000001	0.914074	0.855656	3
13	99000001	0.875582	0.855656	3
13	100000001	0.816149	0.855656	3
13	101000001	0.507452	0.855656	3
13	102000001	0.534071	0.855656	3
13	103000001	0.53511	0.855656	3
13	104000001	0.540748	0.855656	3
13	105000001	0.580579	0.855656	3
13	106000001	0.66173	0.855656	3
13	107000001	1.58132	0.855656	3
13	108000001	0.851662	0.855656	3
13	109000001	0.859651	0.855656	3
13	110000001	1.12422	0.855656	3
13	111000001	1.12669	0.855656	3
13	112000001	1.06368	0.855656	3
13	113000001	1.38411	0.855656	3
13	114000001	0.94977	0.855656	3
14	1	-1	-1	3
14	1000001	-1	-1	3
14	2000001	-1	-1	3
14	3000001	-1	-1	3
14	4000001	-1	-1	3
14	5000001	-1	-1	3
14	6000001	-1	-1	3
14	7000001	-1	-1	3
14	8000001	-1	-1	3
14	9000001	-1	-1	3
14	10000001	-1	-1	3
14	11000001	-1	-1	3
14	12000001	-1	-1	3
14	13000001	-1	-1	3
14	14000001	-1	-1	3
14	15000001	-1	-1	3
14	16000001	1.00887	1.00887	3
14	17000001	0.526723	1.00887	3
14	18000001	0.884681	1.00887	3
14	19000001	1.38142	1.00887	3
14	20000001	0.848176	1.00887	3
14	21000001	1.02897	1.00887	3
14	22000001	1.13752	1.00887	3
14	23000001	1.17617	1.00887	3
14	24000001	0.863365	1.00887	3
14	25000001	0.738578	0.700897	2
14	26000001	0.546715	0.700897	2
14	27000001	0.438645	0.700897	2
14	28000001	0.455766	0.700897	2
14	29000001	0.622313	0.700897	2
14	30000001	0.627979	0.700897	2
14	31000001	1.0517	0.700897	2
14	32000001	0.602633	0.700897	2
14	33000001	0.6425	0.700897	2
14	34000001	0.952182	0.700897	2
14	35000001	0.843169	0.700897	2
14	36000001	0.841399	0.700897	2
14	37000001	0.738136	0.700897	2
14	38000001	0.689681	0.700897	2
14	39000001	0.724592	0.700897	2
14	40000001	0.712114	0.700897	2
14	41000001	0.487451	0.446038	1
14	42000001	0.333654	0.446038	1
14	43000001	0.533669	0.446038	1
14	44000001	0.404624	0.446038	1
14	45000001	0.590864	0.446038	1
14	46000001	0.349604	0.446038	1
14	47000001	0.306731	0.446038	1
14	48000001	0.597663	0.446038	1
14	49000001	0.801212	0.726364	2
14	50000001	0.876289	0.726364	2
14	51000001	0.790885	0.726364	2
14	52000001	0.593536	0.726364	2
14	53000001	0.708535	0.726364	2
14	54000001	0.888683	0.726364	2
14	55000001	1.0049	0.726364	2
14	56000001	0.577397	0.726364	2
14	57000001	0.559611	0.726364	2
14	58000001	0.744193	0.726364	2
14	59000001	0.678867	0.726364	2
14	60000001	1.60779	0.726364	2
14	61000001	0.527445	0.726364	2
14	62000001	0.44672	0.726364	2
14	63000001	0.610581	0.726364	2
14	64000001	1.05171	0.726364	2
14	65000001	0.82955	0.726364	2
14	66000001	0.485712	0.726364	2
14	67000001	1.27088	0.800599	2
14	68000001	0.793508	0.800599	2
14	69000001	0.97446	0.800599	2
14	70000001	0.757203	0.800599	2
14	71000001	0.772756	0.800599	2
14	72000001	0.680425	0.800599	2
14	73000001	0.787343	0.800599	2
14	74000001	1.05317	0.800599	2
14	75000001	1.11576	0.800599	2
14	76000001	0.945045	0.800599	2
14	77000001	0.712811	0.800599	2
14	78000001	0.941149	0.800599	2
14	79000001	0.612822	0.800599	2
14	80000001	0.789829	0.800599	2
14	81000001	0.80769	0.800599	2
14	82000001	0.955379	0.800599	2
14	83000001	0.289476	0.506198	2
14	84000001	0.323083	0.506198	2
14	85000001	0.506198	0.506198	2
14	86000001	0.692587	0.506198	2
14	87000001	0.511098	0.506198	2
14	88000001	0.868917	0.890306	3
14	89000001	0.683367	0.890306	3
14	90000001	0.936177	0.890306	3
14	91000001	0.914722	0.890306	3
14	92000001	0.999248	0.890306	3
14	93000001	0.890306	0.890306	3
14	94000001	0.620913	0.890306	3
14	95000001	0.900032	0.890306	3
14	96000001	0.893847	0.890306	3
14	97000001	0.606515	0.890306	3
14	98000001	0.715708	0.890306	3
14	99000001	1.03448	0.890306	3
14	100000001	0.775901	0.890306	3
14	101000001	0.890048	0.890306	3
14	102000001	0.973623	0.890306	3
14	103000001	0.883039	0.890306	3
14	104000001	1.1277	0.890306	3
14	105000001	1.15215	0.890306	3
14	106000001	0.694537	0.890306	3
14	107000001	-1	-1	3
15	1	-1	-1	3
15	1000001	-1	-1	3
15	2000001	-1	-1	3
15	3000001	-1	-1	3
15	4000001	-1	-1	3
15	5000001	-1	-1	3
15	6000001	-1	-1	3
15	7000001	-1	-1	3
15	8000001	-1	-1	3
15	9000001	-1	-1	3
15	10000001	-1	-1	3
15	11000001	-1	-1	3
15	12000001	-1	-1	3
15	13000001	-1	-1	3
15	14000001	-1	-1	3
15	15000001	-1	-1	3
15	16000001	-1	-1	3
15	17000001	1.04689	0.85124	3
15	18000001	0.795511	0.85124	3
15	19000001	0.920875	0.85124	3
15	20000001	0.857184	0.85124	3
15	21000001	1.02174	0.85124	3
15	22000001	0.83367	0.85124	3
15	23000001	0.854146	0.85124	3
15	24000001	0.804646	0.85124	3
15	25000001	0.848333	0.85124	3
15	26000001	0.672386	0.85124	3
15	27000001	1.08195	1.12034	3
15	28000001	1.10885	1.12034	3
15	29000001	1.17969	1.12034	3
15	30000001	1.12034	1.12034	3
15	31000001	0.865663	1.12034	3
15	32000001	0.861451	1.12034	3
15	33000001	1.18537	1.12034	3
15	34000001	1.40201	1.12034	3
15	35000001	1.33321	1.12034	3
15	36000001	0.590886	0.590886	2
15	37000001	0.550057	0.590886	2
15	38000001	0.879316	0.590886	2
15	39000001	1.33671	1.33671	4
15	40000001	1.32981	1.33671	4
15	41000001	1.4858	1.33671	4
15	42000001	1.50609	1.33671	4
15	43000001	1.20124	1.33671	4
15	44000001	1.13789	1.33671	4
15	45000001	1.8138	1.33671	4
15	46000001	0.77387	0.683704	2
15	47000001	0.683704	0.683704	2
15	48000001	0.648504	0.683704	2
15	49000001	1.08231	1.18272	4
15	50000001	1.40769	1.18272	4
15	51000001	1.18505	1.18272	4
15	52000001	1.36503	1.18272	4
15	53000001	0.865038	1.18272	4
15	54000001	0.898437	1.18272	4
15	55000001	1.34202	1.18272	4
15	56000001	1.29261	1.18272	4
15	57000001	1.42377	1.18272	4
15	58000001	1.10809	1.18272	4
15	59000001	1.11975	1.18272	4
15	60000001	1.18272	1.18272	4
15	61000001	0.796602	1.18272	4
15	62000001	1.48316	1.28341	4
15	63000001	1.32161	1.28341	4
15	64000001	1.2946	1.28341	4
15	65000001	1.21309	1.28341	4
15	66000001	1.63693	1.28341	4
15	67000001	1.38522	1.28341	4
15	68000001	1.42205	1.28341	4
15	69000001	1.27222	1.28341	4
15	70000001	1.14857	1.28341	4
15	71000001	0.88993	1.28341	4
15	72000001	1.25384	1.28341	4
15	73000001	1.26841	1.28341	4
15	74000001	1.51381	1.42563	4
15	75000001	1.69758	1.42563	4
15	76000001	1.31008	1.42563	4
15	77000001	1.4218	1.42563	4
15	78000001	1.62052	1.42563	4
15	79000001	1.42947	1.42563	4
15	80000001	1.46133	1.42563	4
15	81000001	1.3054	1.42563	4
15	82000001	1.32819	1.42563	4
15	83000001	1.21158	1.42563	4
15	84000001	1.17629	1.42563	4
15	85000001	1.55883	1.42563	4
15	86000001	0.760007	0.836896	3
15	87000001	0.913785	0.836896	3
15	88000001	1.53468	1.48416	4
15	89000001	1.84605	1.48416	4
15	90000001	1.71727	1.48416	4
15	91000001	1.43056	1.48416	4
15	92000001	1.43364	1.48416	4
15	93000001	1.32696	1.48416	4
15	94000001	0.602019	0.815742	2
15	95000001	0.997292	0.815742	2
15	96000001	0.959211	0.815742	2
15	97000001	0.662677	0.815742	2
15	98000001	0.589542	0.815742	2
15	99000001	0.672273	0.815742	2
15	100000001	1.41065	0.815742	2
15	101000001	1.46641	0.815742	2
16	1	1.43864	1.44834	4
16	1000001	1.70414	1.44834	4
16	2000001	1.63161	1.44834	4
16	3000001	1.46494	1.44834	4
16	4000001	1.49906	1.44834	4
16	5000001	1.2915	1.44834	4
16	6000001	0.860399	1.44834	4
16	7000001	1.17287	1.44834	4
16	8000001	1.52589	1.44834	4
16	9000001	1.34301	1.44834	4
16	10000001	1.6698	1.44834	4
16	11000001	1.50549	1.44834	4
16	12000001	1.41604	1.44834	4
16	13000001	1.32787	1.44834	4
16	14000001	1.27821	1.44834	4
16	15000001	1.45804	1.44834	4
16	16000001	1.32518	1.44834	4
16	17000001	1.08474	1.44834	4
16	18000001	1.55185	1.44834	4
16	19000001	1.54522	1.44834	4
16	20000001	1.78358	1.44834	4
16	21000001	1.36601	1.44834	4
16	22000001	1.18898	1.44834	4
16	23000001	1.72757	1.44834	4
16	24000001	1.20235	1.44834	4
16	25000001	1.47888	1.44834	4
16	26000001	0.797775	1.44834	4
16	27000001	1.26866	1.44834	4
16	28000001	1.57141	1.44834	4
16	29000001	1.81815	1.44834	4
16	30000001	1.72582	1.44834	4
16	31000001	1.3133	1.44834	4
16	32000001	0.80657	0.94522	3
16	33000001	1.33626	0.94522	3
16	34000001	1.45218	0.94522	3
16	35000001	0.927014	0.94522	3
16	36000001	0.736755	0.94522	3
16	37000001	0.94522	0.94522	3
16	38000001	1.17899	0.94522	3
16	39000001	-1	-1	3
16	40000001	-1	-1	3
16	41000001	-1	-1	3
16	42000001	-1	-1	3
16	43000001	-1	-1	3
16	44000001	-1	-1	3
16	45000001	-1	-1	3
16	46000001	2.85765	2.85765	9
16	47000001	1.07628	1.12637	3
16	48000001	0.992989	1.12637	3
16	49000001	1.17646	1.12637	3
16	50000001	1.33198	1.12637	3
16	51000001	0.776942	0.747853	2
16	52000001	0.55357	0.747853	2
16	53000001	0.747853	0.747853	2
16	54000001	0.929802	0.747853	2
16	55000001	0.677925	0.747853	2
16	56000001	1.47946	1.53421	5
16	57000001	2.09519	1.53421	5
16	58000001	1.53421	1.53421	5
16	59000001	0.609463	0.633405	2
16	60000001	0.647002	0.633405	2
16	61000001	0.619807	0.633405	2
16	62000001	0.683386	0.633405	2
16	63000001	0.514738	0.633405	2
16	64000001	0.892633	0.633405	2
16	65000001	1.0927	1.48142	4
16	66000001	1.63901	1.48142	4
16	67000001	1.48142	1.48142	4
16	68000001	1.53196	1.48142	4
16	69000001	1.53159	1.48142	4
16	70000001	1.77868	1.48142	4
16	71000001	1.32882	1.48142	4
16	72000001	1.07255	1.48142	4
16	73000001	1.20453	1.48142	4
16	74000001	1.64573	1.48142	4
16	75000001	1.46082	1.48142	4
16	76000001	0.720691	0.807178	2
16	77000001	0.65345	0.807178	2
16	78000001	0.893666	0.807178	2
16	79000001	1.18019	0.807178	2
16	80000001	1.58248	1.75075	5
16	81000001	2.00626	1.75075	5
16	82000001	1.31059	1.75075	5
16	83000001	1.85378	1.75075	5
16	84000001	2.26897	1.75075	5
16	85000001	1.97847	1.75075	5
16	86000001	1.68361	1.75075	5
16	87000001	1.75075	1.75075	5
16	88000001	2.30662	1.75075	5
16	89000001	1.37477	1.75075	5
16	90000001	1.41625	1.75075	5
17	1	1.09935	1.0402	3
17	1000001	1.02566	1.0402	3
17	2000001	1.0402	1.0402	3
17	3000001	0.891139	1.0402	3
17	4000001	1.06603	1.0402	3
17	5000001	0.991185	1.0402	3
17	6000001	1.19574	1.0402	3
17	7000001	1.03386	1.0402	3
17	8000001	1.27354	1.0402	3
17	9000001	0.74741	0.640983	2
17	10000001	0.640983	0.640983	2
17	11000001	0.677065	0.640983	2
17	12000001	0.63928	0.640983	2
17	13000001	0.58986	0.640983	2
17	14000001	0.53275	0.640983	2
17	15000001	0.807891	0.640983	2
17	16000001	1.2809	0.891758	3
17	17000001	0.891758	0.891758	3
17	18000001	0.958599	0.891758	3
17	19000001	1.21461	0.891758	3
17	20000001	0.931062	0.891758	3
17	21000001	0.855232	0.891758	3
17	22000001	0.752075	0.891758	3
17	23000001	0.634573	0.891758	3
17	24000001	0.731177	0.891758	3
17	25000001	1.01139	1.02504	3
17	26000001	1.72405	1.02504	3
17	27000001	1.17435	1.02504	3
17	28000001	0.920242	1.02504	3
17	29000001	1.04119	1.02504	3
17	30000001	1.03121	1.02504	3
17	31000001	1.07001	1.02504	3
17	32000001	1.01888	1.02504	3
17	33000001	0.980776	1.02504	3
17	34000001	0.95031	1.02504	3
17	35000001	1.04649	1.02504	3
17	36000001	1.24397	1.02504	3
17	37000001	0.851239	1.02504	3
17	38000001	1.22922	1.02504	3
17	39000001	0.907411	1.02504	3
17	40000001	1.00924	1.02504	3
17	41000001	1.26483	1.02504	3
17	42000001	0.888049	1.02504	3
17	43000001	1.53752	1.46133	4
17	44000001	1.5135	1.46133	4
17	45000001	1.46133	1.46133	4
17	46000001	1.08384	1.46133	4
17	47000001	1.33146	1.46133	4
17	48000001	1.19631	1.46133	4
17	49000001	1.45562	1.46133	4
17	50000001	1.54851	1.46133	4
17	51000001	1.55268	1.46133	4
17	52000001	0.687618	0.832583	2
17	53000001	0.89629	0.832583	2
17	54000001	0.832583	0.832583	2
17	55000001	1.24631	1.36913	4
17	56000001	1.36793	1.36913	4
17	57000001	1.51141	1.36913	4
17	58000001	1.34641	1.36913	4
17	59000001	1.44239	1.36913	4
17	60000001	1.25632	1.36913	4
17	61000001	1.36913	1.36913	4
17	62000001	2.03855	1.36913	4
17	63000001	1.69378	1.36913	4
17	64000001	1.36632	1.36913	4
17	65000001	1.40988	1.36913	4
17	66000001	1.24402	1.36913	4
17	67000001	1.51929	1.36913	4
17	68000001	1.18884	0.921755	3
17	69000001	0.921755	0.921755	3
17	70000001	0.64735	0.921755	3
17	71000001	0.845611	0.921755	3
17	72000001	1.1543	0.921755	3
17	73000001	1.75102	1.71417	5
17	74000001	1.77979	1.71417	5
17	75000001	1.46809	1.71417	5
17	76000001	1.67621	1.71417	5
17	77000001	2.52037	1.71417	5
17	78000001	1.87794	1.71417	5
17	79000001	1.67733	1.71417	5
17	80000001	1.52081	1.71417	5
17	81000001	3.16445	3.16445	9
17	82000001	1.52212	1.54823	5
17	83000001	1.57435	1.54823	5
18	1	2.84686	1.58403	5
18	1000001	2.11735	1.58403	5
18	2000001	2.29177	1.58403	5
18	3000001	2.11625	1.58403	5
18	4000001	1.90285	1.58403	5
18	5000001	1.2093	1.58403	5
18	6000001	1.11072	1.58403	5
18	7000001	1.00306	1.58403	5
18	8000001	1.69332	1.58403	5
18	9000001	1.71297	1.58403	5
18	10000001	1.69562	1.58403	5
18	11000001	1.11293	1.58403	5
18	12000001	1.67171	1.58403	5
18	13000001	1.00519	1.58403	5
18	14000001	0.671032	1.58403	5
18	15000001	1.04364	1.58403	5
18	16000001	1.22289	1.58403	5
18	17000001	1.33896	1.58403	5
18	18000001	1.61161	1.58403	5
18	19000001	1.70756	1.58403	5
18	20000001	1.32994	1.58403	5
18	21000001	1.15518	1.58403	5
18	22000001	2.02127	1.58403	5
18	23000001	1.97814	1.58403	5
18	24000001	1.59032	1.58403	5
18	25000001	1.57773	1.58403	5
18	26000001	1.47703	1.58403	5
18	27000001	1.15324	1.58403	5
18	28000001	0.788121	0.894888	3
18	29000001	1.37076	0.894888	3
18	30000001	0.68259	0.894888	3
18	31000001	0.873191	0.894888	3
18	32000001	0.982455	0.894888	3
18	33000001	0.916585	0.894888	3
18	34000001	1.1283	1.19967	4
18	35000001	1.71233	1.19967	4
18	36000001	1.33656	1.19967	4
18	37000001	1.50156	1.19967	4
18	38000001	0.942347	1.19967	4
18	39000001	1.22568	1.19967	4
18	40000001	1.17366	1.19967	4
18	41000001	0.980036	1.19967	4
18	42000001	0.478988	0.603926	2
18	43000001	0.482046	0.603926	2
18	44000001	1.04618	0.603926	2
18	45000001	0.722703	0.603926	2
18	46000001	0.992034	0.603926	2
18	47000001	0.919759	0.603926	2
18	48000001	1.05085	0.603926	2
18	49000001	0.92373	0.603926	2
18	50000001	0.586034	0.603926	2
18	51000001	0.55048	0.603926	2
18	52000001	0.603926	0.603926	2
18	53000001	0.602696	0.603926	2
18	54000001	0.543618	0.603926	2
18	55000001	0.764867	0.603926	2
18	56000001	0.702606	0.603926	2
18	57000001	0.902664	0.603926	2
18	58000001	0.526929	0.603926	2
18	59000001	0.818293	0.603926	2
18	60000001	0.560769	0.603926	2
18	61000001	1.34824	0.603926	2
18	62000001	0.703285	0.603926	2
18	63000001	0.737795	0.603926	2
18	64000001	0.438229	0.603926	2
18	65000001	0.410447	0.603926	2
18	66000001	0.366245	0.603926	2
18	67000001	0.499506	0.603926	2
18	68000001	0.494473	0.603926	2
18	69000001	0.61789	0.603926	2
18	70000001	0.494492	0.603926	2
18	71000001	0.590886	0.603926	2
18	72000001	0.503411	0.603926	2
18	73000001	0.405647	0.603926	2
18	74000001	0.528316	0.603926	2
18	75000001	0.70952	0.603926	2
18	76000001	0.687306	0.603926	2
18	77000001	1.41193	0.603926	2
18	78000001	0.646523	0.603926	2
18	79000001	0.529975	0.603926	2
18	80000001	0.621772	0.603926	2
19	1	1.36449	1.63247	5
19	1000001	1.61722	1.63247	5
19	2000001	1.76515	1.63247	5
19	3000001	1.72953	1.63247	5
19	4000001	1.59498	1.63247	5
19	5000001	1.67163	1.63247	5
19	6000001	1.4981	1.63247	5
19	7000001	1.80714	1.63247	5
19	8000001	1.75891	1.63247	5
19	9000001	1.56637	1.63247	5
19	10000001	1.64772	1.63247	5
19	11000001	1.60888	1.63247	5
19	12000001	1.6134	1.63247	5
19	13000001	1.61689	1.63247	5
19	14000001	1.44044	1.63247	5
19	15000001	1.52294	1.63247	5
19	16000001	1.80233	1.63247	5
19	17000001	1.66363	1.63247	5
19	18000001	1.71917	1.63247	5
19	19000001	1.91299	1.63247	5
19	20000001	1.04516	1.04516	3
19	21000001	1.14829	1.04516	3
19	22000001	0.663732	1.04516	3
19	23000001	0.963714	1.04516	3
19	24000001	1.12326	1.04516	3
19	25000001	1.63292	1.54553	5
19	26000001	1.65623	1.54553	5
19	27000001	1.27113	1.54553	5
19	28000001	1.49424	1.54553	5
19	29000001	1.50675	1.54553	5
19	30000001	1.49823	1.54553	5
19	31000001	1.29387	1.54553	5
19	32000001	1.04459	1.54553	5
19	33000001	1.58144	1.54553	5
19	34000001	1.65925	1.54553	5
19	35000001	1.73815	1.54553	5
19	36000001	1.94042	1.54553	5
19	37000001	1.91251	1.54553	5
19	38000001	1.54456	1.54553	5
19	39000001	1.61515	1.54553	5
19	40000001	1.37228	1.54553	5
19	41000001	1.76408	1.54553	5
19	42000001	1.45516	1.54553	5
19	43000001	1.44991	1.54553	5
19	44000001	1.61301	1.54553	5
19	45000001	1.34812	1.54553	5
19	46000001	1.56807	1.54553	5
19	47000001	1.61352	1.54553	5
19	48000001	1.54468	1.54553	5
19	49000001	1.54553	1.54553	5
19	50000001	1.3885	1.43065	4
19	51000001	1.44272	1.43065	4
19	52000001	1.18232	1.43065	4
19	53000001	1.60131	1.43065	4
19	54000001	1.43065	1.43065	4
19	55000001	1.65471	1.43065	4
19	56000001	1.211	1.43065	4
19	57000001	1.28552	1.43065	4
19	58000001	1.45595	1.43065	4
2	1	0.789322	1.28079	4
2	1000001	1.05043	1.28079	4
2	2000001	1.04693	1.28079	4
2	3000001	1.55427	1.28079	4
2	4000001	0.851966	1.28079	4
2	5000001	0.663571	1.28079	4
2	6000001	1.45154	1.28079	4
2	7000001	1.37659	1.28079	4
2	8000001	1.55148	1.28079	4
2	9000001	1.2923	1.28079	4
2	10000001	1.19569	1.28079	4
2	11000001	1.33766	1.28079	4
2	12000001	1.04559	1.28079	4
2	13000001	0.834416	1.28079	4
2	14000001	1.04176	1.28079	4
2	15000001	0.959574	1.28079	4
2	16000001	0.893036	1.28079	4
2	17000001	0.781737	1.28079	4
2	18000001	0.923932	1.28079	4
2	19000001	1.22411	1.28079	4
2	20000001	1.32129	1.28079	4
2	21000001	0.779592	1.28079	4
2	22000001	0.957244	1.28079	4
2	23000001	1.50819	1.28079	4
2	24000001	1.48849	1.28079	4
2	25000001	1.71141	1.28079	4
2	26000001	1.38344	1.28079	4
2	27000001	1.5746	1.28079	4
2	28000001	1.63043	1.28079	4
2	29000001	1.61322	1.28079	4
2	30000001	1.28079	1.28079	4
2	31000001	1.0236	1.28079	4
2	32000001	1.35809	1.28079	4
2	33000001	1.14763	1.28079	4
2	34000001	0.80453	1.28079	4
2	35000001	0.86033	1.28079	4
2	36000001	0.929923	1.28079	4
2	37000001	1.34756	1.28079	4
2	38000001	1.35283	1.28079	4
2	39000001	1.40402	1.28079	4
2	40000001	0.894703	1.28079	4
2	41000001	0.936985	1.28079	4
2	42000001	1.33214	1.28079	4
2	43000001	1.38998	1.28079	4
2	44000001	1.39026	1.28079	4
2	45000001	1.47975	1.28079	4
2	46000001	1.67855	1.28079	4
2	47000001	1.6153	0.694582	2
2	48000001	1.25896	0.694582	2
2	49000001	0.671506	0.694582	2
2	50000001	0.580341	0.694582	2
2	51000001	0.694582	0.694582	2
2	52000001	0.547976	1.32535	4
2	53000001	1.02762	1.32535	4
2	54000001	1.61694	1.32535	4
2	55000001	1.58564	1.32535	4
2	56000001	1.28829	1.32535	4
2	57000001	1.59994	1.32535	4
2	58000001	0.684953	1.32535	4
2	59000001	1.03851	1.32535	4
2	60000001	1.30813	1.32535	4
2	61000001	0.990712	1.32535	4
2	62000001	1.34258	1.32535	4
2	63000001	1.02976	1.32535	4
2	64000001	1.44428	1.32535	4
2	65000001	1.3798	1.32535	4
2	66000001	1.02305	1.32535	4
2	67000001	1.44852	1.32535	4
2	68000001	1.47192	1.32535	4
2	69000001	1.23321	1.32535	4
2	70000001	1.47739	1.32535	4
2	71000001	1.44167	1.32535	4
2	72000001	1.16652	1.32535	4
2	73000001	1.42228	1.32535	4
2	74000001	1.44965	1.10953	3
2	75000001	1.37935	1.10953	3
2	76000001	0.775208	1.10953	3
2	77000001	0.593395	1.10953	3
2	78000001	0.616173	1.10953	3
2	79000001	0.833556	1.10953	3
2	80000001	1.10726	1.10953	3
2	81000001	0.720059	1.10953	3
2	82000001	0.696339	1.10953	3
2	83000001	1.61994	1.10953	3
2	84000001	1.2445	1.10953	3
2	85000001	1.32235	1.10953	3
2	86000001	1.5433	1.10953	3
2	87000001	1.36697	1.10953	3
2	88000001	1.26137	1.10953	3
2	89000001	0.723749	1.10953	3
2	90000001	1.26723	1.10953	3
2	91000001	1.01826	1.10953	3
2	92000001	0.958502	1.10953	3
2	93000001	0.764093	1.10953	3
2	94000001	0.857371	1.10953	3
2	95000001	1.37263	1.10953	3
2	96000001	1.41755	1.10953	3
2	97000001	1.36025	1.10953	3
2	98000001	0.824196	1.10953	3
2	99000001	1.32308	1.10953	3
2	100000001	0.965912	1.10953	3
2	101000001	1.10551	1.10953	3
2	102000001	0.99439	1.10953	3
2	103000001	0.74701	1.10953	3
2	104000001	1.07012	1.10953	3
2	105000001	1.42215	1.10953	3
2	106000001	1.13474	1.10953	3
2	107000001	0.945985	1.10953	3
2	108000001	1.31851	1.10953	3
2	109000001	1.1507	1.10953	3
2	110000001	1.12003	1.10953	3
2	111000001	1.57079	1.10953	3
2	112000001	1.32392	1.10953	3
2	113000001	1.21876	1.10953	3
2	114000001	0.75356	1.10953	3
2	115000001	0.655825	1.10953	3
2	116000001	0.862813	1.10953	3
2	117000001	0.77272	1.10953	3
2	118000001	1.14542	1.10953	3
2	119000001	1.12355	1.10953	3
2	120000001	1.76197	1.10953	3
2	121000001	1.22227	1.10953	3
2	122000001	1.43939	1.10953	3
2	123000001	0.622512	1.10953	3
2	124000001	1.50919	1.10953	3
2	125000001	0.695033	1.10953	3
2	126000001	1.28375	1.10953	3
2	127000001	1.40301	1.10953	3
2	128000001	1.50526	1.10953	3
2	129000001	1.17613	1.10953	3
2	130000001	1.5265	1.10953	3
2	131000001	1.42053	1.10953	3
2	132000001	1.01998	1.10953	3
2	133000001	0.853973	1.10953	3
2	134000001	1.30759	1.10953	3
2	135000001	1.37581	1.10953	3
2	136000001	0.849537	1.10953	3
2	137000001	0.772551	1.10953	3
2	138000001	0.817012	1.10953	3
2	139000001	0.569433	1.10953	3
2	140000001	0.678186	1.10953	3
2	141000001	0.689526	1.10953	3
2	142000001	0.671132	1.10953	3
2	143000001	0.983763	1.10953	3
2	144000001	1.08344	1.10953	3
2	145000001	1.06046	1.10953	3
2	146000001	0.656484	1.10953	3
2	147000001	0.673102	1.10953	3
2	148000001	0.851634	1.10953	3
2	149000001	1.6507	1.10953	3
2	150000001	1.62564	1.10953	3
2	151000001	1.45898	1.10953	3
2	152000001	1.60878	1.10953	3
2	153000001	0.92165	1.10953	3
2	154000001	1.1118	1.10953	3
2	155000001	0.866492	1.10953	3
2	156000001	0.805156	1.10953	3
2	157000001	0.99474	1.10953	3
2	158000001	1.54913	1.10953	3
2	159000001	0.90259	1.10953	3
2	160000001	1.01745	1.10953	3
2	161000001	0.98527	1.10953	3
2	162000001	0.891672	1.10953	3
2	163000001	0.973184	1.10953	3
2	164000001	1.03998	1.10953	3
2	165000001	1.03039	1.10953	3
2	166000001	1.40413	1.10953	3
2	167000001	1.19659	1.10953	3
2	168000001	1.74939	1.10953	3
2	169000001	2.31952	1.10953	3
2	170000001	1.57009	1.10953	3
2	171000001	2.11948	1.10953	3
2	172000001	1.64706	1.10953	3
2	173000001	1.66037	1.10953	3
2	174000001	1.22634	1.10953	3
2	175000001	1.0366	1.10953	3
2	176000001	1.50982	1.10953	3
2	177000001	1.62806	1.10953	3
2	178000001	2.03625	1.10953	3
2	179000001	1.01471	1.10953	3
2	180000001	1.23185	1.10953	3
2	181000001	1.08157	1.10953	3
2	182000001	1.01985	1.10953	3
2	183000001	1.21247	1.10953	3
2	184000001	0.931379	0.931379	3
2	185000001	1.00099	0.931379	3
2	186000001	0.864474	0.931379	3
2	187000001	0.770994	0.931379	3
2	188000001	0.595178	0.931379	3
2	189000001	1.04102	0.931379	3
2	190000001	1.03351	0.931379	3
2	191000001	0.68491	0.645727	2
2	192000001	0.645727	0.645727	2
2	193000001	0.389983	0.645727	2
2	194000001	1.89121	1.89121	6
2	195000001	0.71517	0.833899	3
2	196000001	1.09836	0.833899	3
2	197000001	0.962358	0.833899	3
2	198000001	0.754575	0.833899	3
2	199000001	0.479012	0.833899	3
2	200000001	0.856364	0.833899	3
2	201000001	1.07163	0.833899	3
2	202000001	1.03755	0.833899	3
2	203000001	0.791464	0.833899	3
2	204000001	0.811434	0.833899	3
2	205000001	0.688858	0.833899	3
2	206000001	0.934994	0.833899	3
2	207000001	0.989557	0.833899	3
2	208000001	0.806782	0.833899	3
2	209000001	0.440196	0.451636	1
2	210000001	0.463075	0.451636	1
2	211000001	0.28657	0.451636	1
2	212000001	0.537286	0.451636	1
2	213000001	0.386654	0.451636	1
2	214000001	0.495051	0.451636	1
2	215000001	0.850858	0.835159	3
2	216000001	0.81946	0.835159	3
2	217000001	0.921872	0.835159	3
2	218000001	1.16405	0.835159	3
2	219000001	0.928779	0.835159	3
2	220000001	0.812082	0.835159	3
2	221000001	0.760719	0.835159	3
2	222000001	0.806441	0.835159	3
2	223000001	0.702827	0.835159	3
2	224000001	0.876108	0.835159	3
2	225000001	1.53005	1.53005	5
2	226000001	0.609054	0.609054	2
2	227000001	0.80058	0.609054	2
2	228000001	0.558999	0.609054	2
2	229000001	1.07611	0.95146	3
2	230000001	0.826805	0.95146	3
2	231000001	1.11909	0.95146	3
2	232000001	0.801031	0.95146	3
2	233000001	1.23563	1.15917	3
2	234000001	1.15917	1.15917	3
2	235000001	1.26169	1.15917	3
2	236000001	0.996682	1.15917	3
2	237000001	0.95165	1.15917	3
2	238000001	1.66419	1.66419	5
2	239000001	0.755749	0.869995	3
2	240000001	0.98424	0.869995	3
2	241000001	1.1922	1.49783	4
2	242000001	1.80346	1.49783	4
20	1	2.76626	2.35735	7
20	1000001	1.94843	2.35735	7
20	2000001	1.41307	1.60802	5
20	3000001	1.64209	1.60802	5
20	4000001	1.74664	1.60802	5
20	5000001	1.57394	1.60802	5
20	6000001	1.0383	0.622474	2
20	7000001	0.622474	0.622474	2
20	8000001	0.678822	0.622474	2
20	9000001	0.798205	0.622474	2
20	10000001	0.500391	0.622474	2
20	11000001	0.745496	0.622474	2
20	12000001	0.697972	0.622474	2
20	13000001	0.584725	0.622474	2
20	14000001	0.71822	0.622474	2
20	15000001	0.467107	0.622474	2
20	16000001	0.465407	0.622474	2
20	17000001	0.367432	0.622474	2
20	18000001	1.02963	0.622474	2
20	19000001	0.572383	0.622474	2
20	20000001	0.529384	0.622474	2
20	21000001	0.868323	0.884533	3
20	22000001	0.778087	0.884533	3
20	23000001	0.900742	0.884533	3
20	24000001	0.955468	0.884533	3
20	25000001	1.04426	0.884533	3
20	26000001	0.935374	0.884533	3
20	27000001	0.963746	0.884533	3
20	28000001	0.720498	0.884533	3
20	29000001	0.619279	0.884533	3
20	30000001	0.785567	0.884533	3
20	31000001	1.56658	1.47966	4
20	32000001	1.68762	1.47966	4
20	33000001	1.47966	1.47966	4
20	34000001	1.36954	1.47966	4
20	35000001	1.3695	1.47966	4
20	36000001	1.33671	1.47966	4
20	37000001	1.37422	1.47966	4
20	38000001	1.7346	1.47966	4
20	39000001	1.30892	1.47966	4
20	40000001	1.68684	1.47966	4
20	41000001	1.43609	1.47966	4
20	42000001	1.51668	1.47966	4
20	43000001	1.4123	1.47966	4
20	44000001	1.775	1.47966	4
20	45000001	1.32409	1.47966	4
20	46000001	1.32362	1.47966	4
20	47000001	1.60651	1.47966	4
20	48000001	1.7114	1.47966	4
20	49000001	1.38054	1.47966	4
20	50000001	1.72839	1.47966	4
20	51000001	1.50074	1.47966	4
20	52000001	0.836734	1.29763	4
20	53000001	1.30967	1.29763	4
20	54000001	1.29763	1.29763	4
20	55000001	0.819188	1.29763	4
20	56000001	1.32701	1.29763	4
20	57000001	1.56468	1.29763	4
20	58000001	1.4449	1.29763	4
20	59000001	1.25355	1.29763	4
20	60000001	0.785937	1.29763	4
20	61000001	1.84872	1.79242	5
20	62000001	1.80337	1.79242	5
20	63000001	1.35917	1.79242	5
20	64000001	1.78147	1.79242	5
21	1	-1	-1	5
21	1000001	-1	-1	5
21	2000001	-1	-1	5
21	3000001	-1	-1	5
21	4000001	-1	-1	5
21	5000001	1.69116	1.73371	5
21	6000001	1.07723	1.73371	5
21	7000001	1.86566	1.73371	5
21	8000001	2.05613	1.73371	5
21	9000001	1.44059	1.73371	5
21	10000001	1.77626	1.73371	5
21	11000001	0.650787	0.872048	3
21	12000001	0.581092	0.872048	3
21	13000001	0.872048	0.872048	3
21	14000001	1.18932	0.872048	3
21	15000001	1.33699	0.872048	3
21	16000001	0.979602	0.872048	3
21	17000001	0.77127	0.872048	3
21	18000001	0.887515	0.872048	3
21	19000001	0.709183	0.872048	3
21	20000001	0.526443	0.872048	3
21	21000001	0.713762	0.872048	3
21	22000001	0.677448	0.872048	3
21	23000001	0.597543	0.872048	3
21	24000001	0.929415	0.872048	3
21	25000001	0.958153	0.872048	3
21	26000001	1.11782	0.872048	3
21	27000001	1.09282	0.872048	3
21	28000001	1.4814	1.4154	4
21	29000001	1.96165	1.4154	4
21	30000001	1.14517	1.4154	4
21	31000001	1.34939	1.4154	4
21	32000001	1.86992	1.81514	5
21	33000001	1.81514	1.81514	5
21	34000001	1.66405	1.81514	5
21	35000001	1.85089	1.81514	5
21	36000001	1.73328	1.81514	5
21	37000001	1.7886	1.81514	5
21	38000001	2.06543	1.81514	5
21	39000001	1.43912	1.81514	5
21	40000001	1.20666	1.81514	5
21	41000001	1.48074	1.81514	5
21	42000001	2.13474	1.81514	5
21	43000001	2.35386	1.81514	5
21	44000001	2.06818	1.81514	5
21	45000001	1.90247	1.81514	5
21	46000001	1.73055	1.81514	5
22	1	-1	-1	3
22	1000001	-1	-1	3
22	2000001	-1	-1	3
22	3000001	-1	-1	3
22	4000001	-1	-1	3
22	5000001	-1	-1	3
22	6000001	-1	-1	3
22	7000001	-1	-1	3
22	8000001	-1	-1	3
22	9000001	-1	-1	3
22	10000001	0.797727	1.00027	3
22	11000001	1.30979	1.00027	3
22	12000001	1.37604	1.00027	3
22	13000001	0.517249	1.00027	3
22	14000001	0.650331	1.00027	3
22	15000001	1.20281	1.00027	3
22	16000001	2.71116	2.35724	7
22	17000001	1.8476	2.35724	7
22	18000001	2.35724	2.35724	7
22	19000001	7.71868	7.56746	23
22	20000001	7.41625	7.56746	23
22	21000001	6.58051	7.56746	23
22	22000001	9.13439	7.56746	23
22	23000001	4.11934	4.11934	12
22	24000001	1.20235	1.08358	3
22	25000001	0.926691	1.08358	3
22	26000001	0.849178	1.08358	3
22	27000001	1.01729	1.08358	3
22	28000001	1.11766	1.08358	3
22	29000001	1.08735	1.08358	3
22	30000001	1.08358	1.08358	3
22	31000001	1.17065	1.08358	3
22	32000001	0.822233	1.08358	3
22	33000001	0.644695	1.08358	3
22	34000001	0.578071	1.08358	3
22	35000001	1.32398	1.08358	3
22	36000001	1.16143	1.08358	3
22	37000001	1.09047	1.08358	3
22	38000001	1.08358	1.08358	3
22	39000001	0.905109	1.08358	3
22	40000001	1.10908	1.08358	3
22	41000001	0.998145	1.08358	3
22	42000001	1.15423	1.08358	3
22	43000001	1.10107	1.08358	3
22	44000001	0.748196	1.08358	3
22	45000001	1.06151	1.08358	3
22	46000001	1.02948	1.08358	3
22	47000001	0.816586	1.08358	3
22	48000001	0.857443	1.08358	3
22	49000001	1.11863	1.08358	3
22	50000001	1.39898	1.08358	3
3	1	1.16103	1.09483	3
3	1000001	0.91886	1.09483	3
3	2000001	1.02862	1.09483	3
3	3000001	1.28314	1.09483	3
3	4000001	1.9143	1.84577	6
3	5000001	1.84577	1.84577	6
3	6000001	1.9246	1.84577	6
3	7000001	1.0602	1.84577	6
3	8000001	1.64575	1.84577	6
3	9000001	1.99317	2.07589	6
3	10000001	2.31112	2.07589	6
3	11000001	1.84445	2.07589	6
3	12000001	2.15384	2.07589	6
3	13000001	2.07589	2.07589	6
3	14000001	1.84058	2.07589	6
3	15000001	2.25891	2.07589	6
3	16000001	1.32432	1.16654	3
3	17000001	1.20181	1.16654	3
3	18000001	1.08845	1.16654	3
3	19000001	1.66097	1.16654	3
3	20000001	1.79339	1.16654	3
3	21000001	1.16443	1.16654	3
3	22000001	0.910215	1.16654	3
3	23000001	1.16864	1.16654	3
3	24000001	1.29029	1.16654	3
3	25000001	1.29126	1.16654	3
3	26000001	1.11625	1.16654	3
3	27000001	1.03338	1.16654	3
3	28000001	1.09395	1.16654	3
3	29000001	0.932788	1.16654	3
3	30000001	0.971667	1.16654	3
3	31000001	1.30782	1.16654	3
3	32000001	1.89393	1.64277	5
3	33000001	1.82228	1.64277	5
3	34000001	1.42501	1.64277	5
3	35000001	1.04592	1.64277	5
3	36000001	1.59134	1.64277	5
3	37000001	1.83801	1.64277	5
3	38000001	2.02232	1.64277	5
3	39000001	1.76033	1.64277	5
3	40000001	1.23913	1.64277	5
3	41000001	1.4719	1.64277	5
3	42000001	1.53641	1.64277	5
3	43000001	1.95505	1.64277	5
3	44000001	1.72681	1.64277	5
3	45000001	1.55533	1.64277	5
3	46000001	1.80863	1.64277	5
3	47000001	1.64277	1.64277	5
3	48000001	1.28721	1.64277	5
3	49000001	1.07331	0.761904	2
3	50000001	1.27413	0.761904	2
3	51000001	0.919605	0.761904	2
3	52000001	1.01342	0.761904	2
3	53000001	1.00974	0.761904	2
3	54000001	0.679495	0.761904	2
3	55000001	0.44112	0.761904	2
3	56000001	1.00922	0.761904	2
3	57000001	0.758254	0.761904	2
3	58000001	0.863404	0.761904	2
3	59000001	0.664283	0.761904	2
3	60000001	0.468877	0.761904	2
3	61000001	0.53243	0.761904	2
3	62000001	0.37979	0.761904	2
3	63000001	0.375079	0.761904	2
3	64000001	0.700493	0.761904	2
3	65000001	0.884818	0.761904	2
3	66000001	0.867057	0.761904	2
3	67000001	0.933732	0.761904	2
3	68000001	0.581843	0.761904	2
3	69000001	0.861376	0.761904	2
3	70000001	0.942516	0.761904	2
3	71000001	0.893765	0.761904	2
3	72000001	0.899048	0.761904	2
3	73000001	0.736868	0.761904	2
3	74000001	0.435201	0.761904	2
3	75000001	0.950109	0.761904	2
3	76000001	0.518392	0.761904	2
3	77000001	0.408523	0.761904	2
3	78000001	0.546351	0.761904	2
3	79000001	0.370043	0.761904	2
3	80000001	0.546104	0.761904	2
3	81000001	0.546446	0.761904	2
3	82000001	0.54726	0.761904	2
3	83000001	0.436499	0.761904	2
3	84000001	0.409065	0.761904	2
3	85000001	0.420033	0.761904	2
3	86000001	0.382683	0.761904	2
3	87000001	0.543966	0.761904	2
3	88000001	0.509038	0.761904	2
3	89000001	0.388699	0.761904	2
3	90000001	0.633724	0.761904	2
3	91000001	0.551476	0.761904	2
3	92000001	0.527861	0.761904	2
3	93000001	0.693065	0.761904	2
3	94000001	0.747313	0.761904	2
3	95000001	0.362951	0.761904	2
3	96000001	0.595372	0.761904	2
3	97000001	0.668634	0.761904	2
3	98000001	0.54979	0.761904	2
3	99000001	1.07311	0.761904	2
3	100000001	0.910457	0.761904	2
3	101000001	0.879568	0.761904	2
3	102000001	0.813768	0.761904	2
3	103000001	0.42122	0.761904	2
3	104000001	0.446266	0.761904	2
3	105000001	0.672657	0.761904	2
3	106000001	0.727848	0.761904	2
3	107000001	0.994677	0.761904	2
3	108000001	1.08311	0.761904	2
3	109000001	0.711067	0.761904	2
3	110000001	0.565207	0.761904	2
3	111000001	0.682057	0.761904	2
3	112000001	0.603882	0.761904	2
3	113000001	0.724564	0.761904	2
3	114000001	0.692876	0.761904	2
3	115000001	0.541782	0.761904	2
3	116000001	0.61058	0.761904	2
3	117000001	0.551142	0.761904	2
3	118000001	0.59148	0.761904	2
3	119000001	0.968614	0.761904	2
3	120000001	0.949274	0.761904	2
3	121000001	0.544326	0.761904	2
3	122000001	0.600883	0.761904	2
3	123000001	0.636477	0.761904	2
3	124000001	0.765553	0.761904	2
3	125000001	1.07224	0.761904	2
3	126000001	0.97014	0.761904	2
3	127000001	0.962405	0.761904	2
3	128000001	0.783882	0.761904	2
3	129000001	1.12401	0.761904	2
3	130000001	0.943027	0.761904	2
3	131000001	0.777403	0.761904	2
3	132000001	0.493118	0.761904	2
3	133000001	0.549667	0.761904	2
3	134000001	0.63514	0.761904	2
3	135000001	0.59484	0.761904	2
3	136000001	0.84032	0.761904	2
3	137000001	0.862616	0.761904	2
3	138000001	1.20108	0.761904	2
3	139000001	1.33277	0.761904	2
3	140000001	1.12697	0.761904	2
3	141000001	1.52355	0.761904	2
3	142000001	1.21483	0.761904	2
3	143000001	1.49048	0.761904	2
3	144000001	0.614843	0.761904	2
3	145000001	0.876153	0.761904	2
3	146000001	1.00153	0.761904	2
3	147000001	0.695591	0.761904	2
3	148000001	0.70184	0.761904	2
3	149000001	1.02223	0.761904	2
3	150000001	0.896705	0.761904	2
3	151000001	1.42328	0.761904	2
3	152000001	1.02899	0.761904	2
3	153000001	0.954245	0.761904	2
3	154000001	0.745572	0.761904	2
3	155000001	0.920996	0.761904	2
3	156000001	1.29086	0.761904	2
3	157000001	1.65381	0.761904	2
3	158000001	0.89068	0.761904	2
3	159000001	1.01115	0.761904	2
3	160000001	0.716205	0.761904	2
3	161000001	0.816325	0.761904	2
3	162000001	0.900876	0.761904	2
3	163000001	0.54443	0.761904	2
3	164000001	0.479367	0.761904	2
3	165000001	0.584068	0.761904	2
3	166000001	0.745978	0.761904	2
3	167000001	0.856946	0.761904	2
3	168000001	0.974337	0.761904	2
3	169000001	1.20412	0.761904	2
3	170000001	1.15848	0.761904	2
3	171000001	1.17469	0.761904	2
3	172000001	1.1341	0.761904	2
3	173000001	1.36084	0.761904	2
3	174000001	0.648709	0.761904	2
3	175000001	0.708681	0.761904	2
3	176000001	0.729484	0.761904	2
3	177000001	1.3412	0.761904	2
3	178000001	1.16576	0.761904	2
3	179000001	1.46704	0.761904	2
3	180000001	0.714113	0.761904	2
3	181000001	1.34208	0.761904	2
3	182000001	1.20065	0.761904	2
3	183000001	1.55526	0.761904	2
3	184000001	1.50423	0.761904	2
3	185000001	1.28125	0.761904	2
3	186000001	1.55087	0.761904	2
3	187000001	1.57327	1.28269	4
3	188000001	1.24971	1.28269	4
3	189000001	0.593591	1.28269	4
3	190000001	0.554916	1.28269	4
3	191000001	0.746352	1.28269	4
3	192000001	0.980098	1.28269	4
3	193000001	1.37106	1.28269	4
3	194000001	1.53434	1.28269	4
3	195000001	1.79899	1.28269	4
3	196000001	1.30301	1.28269	4
3	197000001	1.63179	1.28269	4
3	198000001	1.26236	1.28269	4
4	1	1.13788	1.52242	5
4	1000001	1.48345	1.52242	5
4	2000001	1.49724	1.52242	5
4	3000001	1.75248	1.52242	5
4	4000001	1.45573	1.52242	5
4	5000001	1.46528	1.52242	5
4	6000001	1.52242	1.52242	5
4	7000001	1.71741	1.52242	5
4	8000001	1.59064	1.52242	5
4	9000001	1.65736	1.52242	5
4	10000001	1.58853	1.52242	5
4	11000001	0.842129	0.773588	2
4	12000001	0.812263	0.773588	2
4	13000001	0.787378	0.773588	2
4	14000001	1.02502	0.773588	2
4	15000001	1.13356	0.773588	2
4	16000001	1.02327	0.773588	2
4	17000001	0.98956	0.773588	2
4	18000001	0.859551	0.773588	2
4	19000001	0.841609	0.773588	2
4	20000001	0.686415	0.773588	2
4	21000001	0.52874	0.773588	2
4	22000001	0.623099	0.773588	2
4	23000001	0.748277	0.773588	2
4	24000001	0.856147	0.773588	2
4	25000001	0.944757	0.773588	2
4	26000001	1.16634	0.773588	2
4	27000001	0.506217	0.773588	2
4	28000001	0.759799	0.773588	2
4	29000001	0.55998	0.773588	2
4	30000001	0.465102	0.773588	2
4	31000001	0.603413	0.773588	2
4	32000001	0.536475	0.773588	2
4	33000001	0.974449	0.773588	2
4	34000001	0.46166	0.773588	2
4	35000001	0.70929	0.773588	2
4	36000001	0.759318	0.773588	2
4	37000001	0.750327	0.773588	2
4	38000001	1.24633	0.773588	2
4	39000001	3.57093	3.57093	11
4	40000001	1.35711	1.10586	3
4	41000001	1.20001	1.10586	3
4	42000001	0.72445	1.10586	3
4	43000001	1.93788	1.10586	3
4	44000001	0.621463	1.10586	3
4	45000001	0.948845	1.10586	3
4	46000001	0.757102	1.10586	3
4	47000001	1.28384	1.10586	3
4	48000001	1.15377	1.10586	3
4	49000001	1.05794	1.10586	3
4	50000001	0.71497	1.10586	3
4	51000001	0.934638	1.10586	3
4	52000001	1.15705	1.10586	3
4	53000001	0.956378	1.10586	3
4	54000001	1.45855	1.10586	3
4	55000001	1.35108	1.10586	3
4	56000001	1.32085	1.10586	3
4	57000001	1.04437	1.10586	3
4	58000001	0.63588	0.723654	2
4	59000001	0.618062	0.723654	2
4	60000001	0.877565	0.723654	2
4	61000001	0.688058	0.723654	2
4	62000001	0.807544	0.723654	2
4	63000001	0.75925	0.723654	2
4	64000001	0.621056	0.723654	2
4	65000001	0.774791	0.723654	2
4	66000001	1.11831	1.21173	4
4	67000001	1.50624	1.21173	4
4	68000001	1.18812	1.21173	4
4	69000001	0.935948	1.21173	4
4	70000001	1.99155	1.21173	4
4	71000001	0.961143	1.21173	4
4	72000001	1.1474	1.21173	4
4	73000001	0.994895	1.21173	4
4	74000001	1.29445	1.21173	4
4	75000001	1.12436	1.21173	4
4	76000001	1.12492	1.21173	4
4	77000001	1.32593	1.21173	4
4	78000001	1.23533	1.21173	4
4	79000001	1.33297	1.21173	4
4	80000001	1.24105	1.21173	4
4	81000001	1.10971	1.21173	4
4	82000001	1.30344	1.21173	4
4	83000001	1.50098	1.21173	4
4	84000001	0.817933	0.817933	2
4	85000001	1.06288	0.817933	2
4	86000001	0.89594	0.817933	2
4	87000001	1.39504	0.817933	2
4	88000001	1.04737	0.817933	2
4	89000001	0.813336	0.817933	2
4	90000001	0.939538	0.817933	2
4	91000001	0.691781	0.817933	2
4	92000001	0.543997	0.817933	2
4	93000001	0.767246	0.817933	2
4	94000001	0.747842	0.817933	2
4	95000001	0.887573	0.817933	2
4	96000001	0.772993	0.817933	2
4	97000001	0.751058	0.817933	2
4	98000001	0.596446	0.817933	2
4	99000001	0.827704	0.817933	2
4	100000001	0.628057	0.817933	2
4	101000001	0.891692	0.817933	2
4	102000001	1.07639	0.817933	2
4	103000001	1.01024	0.817933	2
4	104000001	1.89203	0.817933	2
4	105000001	0.738056	0.817933	2
4	106000001	0.784808	0.817933	2
4	107000001	0.960666	0.817933	2
4	108000001	1.08842	0.817933	2
4	109000001	1.4455	0.817933	2
4	110000001	1.42144	0.817933	2
4	111000001	0.765458	0.817933	2
4	112000001	0.653946	0.817933	2
4	113000001	0.784461	0.817933	2
4	114000001	0.735985	0.817933	2
4	115000001	0.732378	0.817933	2
4	116000001	0.73459	0.817933	2
4	117000001	0.899023	0.817933	2
4	118000001	0.780595	0.817933	2
4	119000001	0.739325	0.817933	2
4	120000001	0.869497	0.817933	2
4	121000001	1.30207	0.817933	2
4	122000001	1.15133	0.817933	2
4	123000001	1.33517	0.817933	2
4	124000001	0.888521	0.817933	2
4	125000001	0.76835	0.817933	2
4	126000001	0.801741	0.817933	2
4	127000001	1.25665	0.817933	2
4	128000001	1.11031	0.817933	2
4	129000001	1.04413	0.817933	2
4	130000001	0.841585	0.817933	2
4	131000001	0.71164	0.817933	2
4	132000001	0.675584	0.817933	2
4	133000001	0.492129	0.817933	2
4	134000001	0.700469	0.817933	2
4	135000001	0.610166	0.817933	2
4	136000001	0.52395	0.817933	2
4	137000001	0.888383	0.817933	2
4	138000001	1.05052	0.817933	2
4	139000001	1.24076	0.817933	2
4	140000001	0.848566	0.817933	2
4	141000001	0.642114	0.817933	2
4	142000001	0.745473	0.817933	2
4	143000001	1.27965	0.817933	2
4	144000001	1.44402	0.817933	2
4	145000001	0.800362	0.817933	2
4	146000001	0.524998	0.817933	2
4	147000001	0.592185	0.817933	2
4	148000001	0.811086	0.817933	2
4	149000001	0.735121	0.817933	2
4	150000001	1.18673	0.817933	2
4	151000001	0.912292	0.817933	2
4	152000001	1.21951	0.817933	2
4	153000001	1.41861	0.817933	2
4	154000001	0.938741	0.817933	2
4	155000001	0.656068	0.817933	2
4	156000001	0.621484	0.817933	2
4	157000001	0.751778	0.817933	2
4	158000001	1.27063	0.817933	2
4	159000001	0.642433	0.368714	1
4	160000001	0.256152	0.368714	1
4	161000001	0.260156	0.368714	1
4	162000001	0.477272	0.368714	1
4	163000001	0.773152	0.769274	2
4	164000001	0.767811	0.769274	2
4	165000001	0.485829	0.769274	2
4	166000001	0.733512	0.769274	2
4	167000001	0.609249	0.769274	2
4	168000001	0.766724	0.769274	2
4	169000001	0.821314	0.769274	2
4	170000001	0.725308	0.769274	2
4	171000001	0.647429	0.769274	2
4	172000001	1.13331	0.769274	2
4	173000001	0.835736	0.769274	2
4	174000001	0.77387	0.769274	2
4	175000001	0.791362	0.769274	2
4	176000001	0.850914	0.769274	2
4	177000001	0.819766	0.769274	2
4	178000001	0.753874	0.769274	2
4	179000001	0.770737	0.769274	2
4	180000001	0.552676	0.769274	2
4	181000001	0.597701	0.769274	2
4	182000001	0.825346	0.769274	2
4	183000001	1.15276	1.02952	3
4	184000001	1.29996	1.02952	3
4	185000001	1.03286	1.02952	3
4	186000001	1.02618	1.02952	3
4	187000001	0.725403	1.02952	3
4	188000001	0.916707	1.02952	3
4	189000001	0.82296	1.02952	3
4	190000001	2.82322	1.02952	3
5	1	1.54175	1.33219	4
5	1000001	1.89505	1.33219	4
5	2000001	1.18252	1.33219	4
5	3000001	0.936657	1.33219	4
5	4000001	1.38407	1.33219	4
5	5000001	1.31801	1.33219	4
5	6000001	0.997009	1.33219	4
5	7000001	1.05205	1.33219	4
5	8000001	0.949238	1.33219	4
5	9000001	1.68882	1.33219	4
5	10000001	1.71642	1.33219	4
5	11000001	1.34637	1.33219	4
5	12000001	1.00931	0.879377	3
5	13000001	0.876744	0.879377	3
5	14000001	0.975024	0.879377	3
5	15000001	0.886109	0.879377	3
5	16000001	1.22675	0.879377	3
5	17000001	1.25704	0.879377	3
5	18000001	0.719656	0.879377	3
5	19000001	0.879377	0.879377	3
5	20000001	0.985243	0.879377	3
5	21000001	1.63539	0.879377	3
5	22000001	0.791213	0.879377	3
5	23000001	0.805523	0.879377	3
5	24000001	1.08381	0.879377	3
5	25000001	0.831598	0.879377	3
5	26000001	0.752062	0.879377	3
5	27000001	0.885314	0.879377	3
5	28000001	0.736164	0.879377	3
5	29000001	0.851076	0.879377	3
5	30000001	0.842354	0.879377	3
5	31000001	1.61356	1.34286	4
5	32000001	1.80214	1.34286	4
5	33000001	1.57705	1.34286	4
5	34000001	1.33145	1.34286	4
5	35000001	1.10209	1.34286	4
5	36000001	0.953473	1.34286	4
5	37000001	1.34286	1.34286	4
5	38000001	1.80833	1.80839	5
5	39000001	1.80846	1.80839	5
5	40000001	1.8367	1.80839	5
5	41000001	1.43443	1.80839	5
5	42000001	1.88057	1.80839	5
5	43000001	1.77482	1.80839	5
5	44000001	0.934218	1.16635	3
5	45000001	1.05105	1.16635	3
5	46000001	0.466812	1.16635	3
5	47000001	1.57679	1.16635	3
5	48000001	1.67108	1.16635	3
5	49000001	1.31964	1.16635	3
5	50000001	0.967044	1.16635	3
5	51000001	0.716121	1.16635	3
5	52000001	0.861612	1.16635	3
5	53000001	1.21372	1.16635	3
5	54000001	1.42639	1.16635	3
5	55000001	1.15768	1.16635	3
5	56000001	1.44832	1.16635	3
5	57000001	0.721187	1.16635	3
5	58000001	0.839219	1.16635	3
5	59000001	0.695081	1.16635	3
5	60000001	1.6706	1.16635	3
5	61000001	1.17501	1.16635	3
5	62000001	1.37131	1.16635	3
5	63000001	0.759177	1.16635	3
5	64000001	0.885348	1.16635	3
5	65000001	1.26881	1.16635	3
5	66000001	1.55129	1.16635	3
5	67000001	0.899281	1.16635	3
5	68000001	1.11353	1.16635	3
5	69000001	1.39947	1.16635	3
5	70000001	1.21973	1.16635	3
5	71000001	1.41016	1.16635	3
5	72000001	1.2043	1.16635	3
5	73000001	0.883294	1.16635	3
5	74000001	0.703952	1.16635	3
5	75000001	1.08293	1.16635	3
5	76000001	1.2998	1.16635	3
5	77000001	1.14038	1.16635	3
5	78000001	1.46471	1.16635	3
5	79000001	1.47641	1.16635	3
5	80000001	1.62298	1.16635	3
5	81000001	1.29351	1.16635	3
5	82000001	1.13557	1.16635	3
5	83000001	0.911664	1.16635	3
5	84000001	0.680133	1.16635	3
5	85000001	0.824121	1.16635	3
5	86000001	1.8697	1.16635	3
5	87000001	0.70525	1.16635	3
5	88000001	0.919071	1.16635	3
5	89000001	1.10184	1.16635	3
5	90000001	1.40688	1.16635	3
5	91000001	1.35954	1.16635	3
5	92000001	0.854342	1.16635	3
5	93000001	0.804568	1.16635	3
5	94000001	1.19535	1.16635	3
5	95000001	1.34564	1.16635	3
5	96000001	1.31264	1.16635	3
5	97000001	1.22254	1.16635	3
5	98000001	0.958323	0.797433	2
5	99000001	0.936846	0.797433	2
5	100000001	0.586494	0.797433	2
5	101000001	0.461881	0.797433	2
5	102000001	0.786183	0.797433	2
5	103000001	0.609554	0.797433	2
5	104000001	0.73012	0.797433	2
5	105000001	0.520891	0.797433	2
5	106000001	0.875766	0.797433	2
5	107000001	0.891254	0.797433	2
5	108000001	0.711671	0.797433	2
5	109000001	1.02363	0.797433	2
5	110000001	0.90893	0.797433	2
5	111000001	0.827807	0.797433	2
5	112000001	1.18869	0.797433	2
5	113000001	1.58607	0.797433	2
5	114000001	0.637694	0.797433	2
5	115000001	0.797433	0.797433	2
5	116000001	0.645836	0.797433	2
5	117000001	0.790116	0.797433	2
5	118000001	0.984203	0.797433	2
5	119000001	1.22345	0.797433	2
5	120000001	0.790951	0.797433	2
5	121000001	0.610422	0.797433	2
5	122000001	0.74014	0.797433	2
5	123000001	0.678013	0.797433	2
5	124000001	0.712917	0.797433	2
5	125000001	0.839092	0.797433	2
5	126000001	1.1155	0.797433	2
5	127000001	1.20207	0.797433	2
5	128000001	0.895424	0.797433	2
5	129000001	0.718951	0.797433	2
5	130000001	0.966278	0.797433	2
5	131000001	1.33573	1.32116	4
5	132000001	1.03662	1.32116	4
5	133000001	1.32116	1.32116	4
5	134000001	1.49098	1.32116	4
5	135000001	1.15854	1.32116	4
5	136000001	1.12992	1.32116	4
5	137000001	1.25721	1.32116	4
5	138000001	1.46144	1.32116	4
5	139000001	1.38783	1.32116	4
5	140000001	1.33847	1.32116	4
5	141000001	1.47969	1.32116	4
5	142000001	1.72376	1.32116	4
5	143000001	1.23318	1.32116	4
5	144000001	0.938695	1.32116	4
5	145000001	1.56991	1.32116	4
5	146000001	1.50903	1.32116	4
5	147000001	0.627019	1.32116	4
5	148000001	1.31961	1.32116	4
5	149000001	1.70668	1.32116	4
5	150000001	1.4345	1.32116	4
5	151000001	1.29721	1.32116	4
5	152000001	0.90395	1.32116	4
5	153000001	1.0669	1.32116	4
5	154000001	1.46967	1.32116	4
5	155000001	1.20699	1.32116	4
5	156000001	0.601526	0.761939	2
5	157000001	0.797525	0.761939	2
5	158000001	0.878407	0.761939	2
5	159000001	1.32521	0.761939	2
5	160000001	0.830885	0.761939	2
5	161000001	0.513862	0.761939	2
5	162000001	0.626406	0.761939	2
5	163000001	0.713341	0.761939	2
5	164000001	1.21544	0.761939	2
5	165000001	0.65411	0.761939	2
5	166000001	0.759545	0.761939	2
5	167000001	0.764334	0.761939	2
5	168000001	1.32525	1.65537	5
5	169000001	1.70374	1.65537	5
5	170000001	1.61973	1.65537	5
5	171000001	1.65694	1.65537	5
5	172000001	1.6538	1.65537	5
5	173000001	1.31751	1.65537	5
5	174000001	1.15804	1.65537	5
5	175000001	1.38742	1.65537	5
5	176000001	1.67178	1.65537	5
5	177000001	1.89484	1.65537	5
5	178000001	1.68975	1.65537	5
5	179000001	1.675	1.65537	5
5	180000001	1.53124	1.65537	5
5	181000001	1.94784	1.65537	5
6	1	1.07294	1.43455	4
6	1000001	1.5609	1.43455	4
6	2000001	1.82616	1.43455	4
6	3000001	1.55066	1.43455	4
6	4000001	1.3959	1.43455	4
6	5000001	0.755201	1.43455	4
6	6000001	2.25588	1.43455	4
6	7000001	1.54632	1.43455	4
6	8000001	0.94536	1.43455	4
6	9000001	0.851538	1.43455	4
6	10000001	1.35898	1.43455	4
6	11000001	1.41143	1.43455	4
6	12000001	1.15035	1.43455	4
6	13000001	1.53954	1.43455	4
6	14000001	1.653	1.43455	4
6	15000001	1.95326	1.43455	4
6	16000001	2.14635	1.43455	4
6	17000001	1.8751	1.43455	4
6	18000001	1.26988	1.43455	4
6	19000001	1.19348	1.43455	4
6	20000001	1.61189	1.43455	4
6	21000001	1.45767	1.43455	4
6	22000001	0.997536	1.43455	4
6	23000001	0.921955	1.43455	4
6	24000001	0.896137	0.896137	3
6	25000001	1.06798	1.75618	5
6	26000001	1.75618	1.75618	5
6	27000001	1.56354	1.75618	5
6	28000001	1.73903	1.75618	5
6	29000001	1.98304	1.75618	5
6	30000001	1.66667	1.75618	5
6	31000001	2.09838	1.75618	5
6	32000001	2.14493	1.75618	5
6	33000001	2.17005	1.75618	5
6	34000001	1.86108	1.75618	5
6	35000001	1.70543	1.75618	5
6	36000001	2.24685	1.75618	5
6	37000001	2.01873	1.75618	5
6	38000001	1.44035	1.75618	5
6	39000001	1.59363	1.75618	5
6	40000001	1.54354	1.75618	5
6	41000001	2.11294	1.75618	5
6	42000001	1.89322	1.75618	5
6	43000001	2.0405	1.75618	5
6	44000001	1.89562	1.75618	5
6	45000001	1.41723	1.75618	5
6	46000001	1.24786	1.75618	5
6	47000001	1.72286	1.75618	5
6	48000001	1.12214	1.17802	4
6	49000001	1.17802	1.17802	4
6	50000001	0.865824	1.17802	4
6	51000001	1.4056	1.17802	4
6	52000001	1.62219	1.17802	4
6	53000001	1.17767	1.17802	4
6	54000001	0.978563	1.17802	4
6	55000001	1.41411	1.17802	4
6	56000001	1.22914	1.17802	4
6	57000001	0.972865	0.844575	3
6	58000001	0.878678	0.844575	3
6	59000001	0.794375	0.844575	3
6	60000001	0.98784	0.844575	3
6	61000001	0.771142	0.844575	3
6	62000001	0.897476	0.844575	3
6	63000001	0.724181	0.844575	3
6	64000001	0.851372	0.844575	3
6	65000001	0.75842	0.844575	3
6	66000001	0.724868	0.844575	3
6	67000001	0.719951	0.844575	3
6	68000001	0.921033	0.844575	3
6	69000001	0.837779	0.844575	3
6	70000001	1.16837	0.844575	3
6	71000001	0.82271	0.844575	3
6	72000001	0.987662	0.844575	3
6	73000001	1.50108	0.844575	3
6	74000001	0.757946	0.844575	3
6	75000001	0.625475	0.844575	3
6	76000001	0.733727	0.844575	3
6	77000001	1.05737	0.844575	3
6	78000001	0.862171	0.844575	3
6	79000001	0.418834	0.63898	2
6	80000001	0.661095	0.63898	2
6	81000001	0.546604	0.63898	2
6	82000001	0.743246	0.63898	2
6	83000001	0.63898	0.63898	2
6	84000001	0.684118	0.63898	2
6	85000001	0.667456	0.63898	2
6	86000001	0.545075	0.63898	2
6	87000001	0.637844	0.63898	2
6	88000001	0.888995	0.63898	2
6	89000001	0.974577	0.63898	2
6	90000001	0.952455	0.63898	2
6	91000001	0.742595	0.63898	2
6	92000001	0.633717	0.63898	2
6	93000001	0.472259	0.63898	2
6	94000001	0.471515	0.63898	2
6	95000001	0.411208	0.63898	2
6	96000001	0.480625	0.63898	2
6	97000001	0.386598	0.63898	2
6	98000001	0.526683	0.63898	2
6	99000001	0.564966	0.63898	2
6	100000001	0.506167	0.63898	2
6	101000001	0.572353	0.63898	2
6	102000001	0.708334	0.63898	2
6	103000001	0.400496	0.63898	2
6	104000001	0.816947	0.63898	2
6	105000001	0.777402	0.63898	2
6	106000001	0.911363	0.63898	2
6	107000001	0.712426	0.63898	2
6	108000001	1.02041	0.63898	2
6	109000001	0.799528	0.63898	2
6	110000001	1.05127	0.63898	2
6	111000001	0.919142	0.63898	2
6	112000001	0.639347	0.63898	2
6	113000001	0.613724	0.63898	2
6	114000001	0.404655	0.63898	2
6	115000001	0.553497	0.63898	2
6	116000001	0.677724	0.63898	2
6	117000001	0.498374	0.63898	2
6	118000001	0.777248	0.63898	2
6	119000001	0.823139	0.63898	2
6	120000001	0.526685	0.63898	2
6	121000001	0.546475	0.63898	2
6	122000001	0.321132	0.63898	2
6	123000001	0.537079	0.63898	2
6	124000001	0.725995	0.63898	2
6	125000001	0.783216	0.63898	2
6	126000001	0.799745	0.63898	2
6	127000001	0.439869	0.63898	2
6	128000001	0.622324	0.63898	2
6	129000001	0.787921	0.63898	2
6	130000001	0.932498	0.63898	2
6	131000001	0.324839	0.63898	2
6	132000001	0.513547	0.63898	2
6	133000001	0.78164	0.63898	2
6	134000001	1.50213	1.1629	3
6	135000001	1.43653	1.1629	3
6	136000001	1.12589	1.1629	3
6	137000001	1.52972	1.1629	3
6	138000001	1.38924	1.1629	3
6	139000001	1.17454	1.1629	3
6	140000001	1.00782	1.1629	3
6	141000001	0.772664	1.1629	3
6	142000001	0.807324	1.1629	3
6	143000001	1.07973	1.1629	3
6	144000001	1.06997	1.1629	3
6	145000001	1.00487	1.1629	3
6	146000001	1.62775	1.1629	3
6	147000001	1.40865	1.1629	3
6	148000001	1.40969	1.1629	3
6	149000001	1.46533	1.1629	3
6	150000001	1.65756	1.1629	3
6	151000001	1.31633	1.1629	3
6	152000001	0.684727	1.1629	3
6	153000001	0.680115	1.1629	3
6	154000001	1.15926	1.1629	3
6	155000001	1.03325	1.1629	3
6	156000001	1.44289	1.1629	3
6	157000001	1.41941	1.1629	3
6	158000001	1.37221	1.1629	3
6	159000001	1.42726	1.1629	3
6	160000001	0.995591	1.1629	3
6	161000001	0.933478	1.1629	3
6	162000001	0.954245	1.1629	3
6	163000001	0.812167	1.1629	3
6	164000001	0.91311	1.1629	3
6	165000001	1.15473	1.1629	3
6	166000001	1.63768	1.1629	3
6	167000001	1.41393	1.1629	3
6	168000001	1.1629	1.1629	3
6	169000001	1.07909	1.1629	3
6	170000001	1.61799	1.1629	3
7	1	1.41121	1.55454	5
7	1000001	1.55454	1.55454	5
7	2000001	1.74839	1.55454	5
7	3000001	1.09728	1.55454	5
7	4000001	1.58569	1.55454	5
7	5000001	1.59148	1.55454	5
7	6000001	1.51891	1.55454	5
7	7000001	1.81824	1.55454	5
7	8000001	1.38329	1.55454	5
7	9000001	0.990425	1.08524	3
7	10000001	0.673229	1.08524	3
7	11000001	0.901407	1.08524	3
7	12000001	1.43266	1.08524	3
7	13000001	1.05567	1.08524	3
7	14000001	0.691605	1.08524	3
7	15000001	0.87344	1.08524	3
7	16000001	0.964347	1.08524	3
7	17000001	0.96942	1.08524	3
7	18000001	0.783082	1.08524	3
7	19000001	0.808628	1.08524	3
7	20000001	0.90056	1.08524	3
7	21000001	1.28404	1.08524	3
7	22000001	1.215	1.08524	3
7	23000001	1.40793	1.08524	3
7	24000001	1.43602	1.08524	3
7	25000001	1.15971	1.08524	3
7	26000001	1.08468	1.08524	3
7	27000001	1.16338	1.08524	3
7	28000001	0.795023	1.08524	3
7	29000001	1.37242	1.08524	3
7	30000001	1.17181	1.08524	3
7	31000001	1.2897	1.08524	3
7	32000001	1.21706	1.08524	3
7	33000001	1.33752	1.08524	3
7	34000001	0.789839	1.08524	3
7	35000001	0.741783	1.08524	3
7	36000001	0.898948	1.08524	3
7	37000001	0.787078	1.08524	3
7	38000001	1.08323	1.08524	3
7	39000001	1.16488	1.08524	3
7	40000001	1.18426	1.08524	3
7	41000001	1.0683	1.08524	3
7	42000001	1.19001	1.08524	3
7	43000001	1.55382	1.08524	3
7	44000001	1.52132	1.08524	3
7	45000001	1.51313	1.08524	3
7	46000001	0.966583	1.08524	3
7	47000001	1.20243	1.08524	3
7	48000001	0.795596	1.08524	3
7	49000001	0.751052	1.08524	3
7	50000001	1.02053	1.08524	3
7	51000001	0.915333	1.08524	3
7	52000001	0.72508	1.08524	3
7	53000001	0.755762	1.08524	3
7	54000001	1.24941	1.08524	3
7	55000001	1.55475	1.08524	3
7	56000001	1.31324	1.08524	3
7	57000001	0.782457	1.08524	3
7	58000001	1.32011	1.08524	3
7	59000001	1.4212	1.08524	3
7	60000001	1.17705	1.08524	3
7	61000001	1.08524	1.08524	3
7	62000001	0.857068	1.08524	3
7	63000001	1.08945	1.08524	3
7	64000001	1.28407	1.08524	3
7	65000001	1.3953	1.08524	3
7	66000001	1.99113	1.83718	6
7	67000001	1.82238	1.83718	6
7	68000001	1.12083	1.83718	6
7	69000001	1.09609	1.83718	6
7	70000001	1.58797	1.83718	6
7	71000001	1.50971	1.83718	6
7	72000001	1.96854	1.83718	6
7	73000001	2.21347	1.83718	6
7	74000001	2.04412	1.83718	6
7	75000001	1.91405	1.83718	6
7	76000001	1.83739	1.83718	6
7	77000001	1.83696	1.83718	6
7	78000001	1.33457	1.04142	3
7	79000001	1.026	1.04142	3
7	80000001	0.9527	1.04142	3
7	81000001	0.683164	1.04142	3
7	82000001	1.01267	1.04142	3
7	83000001	0.919529	1.04142	3
7	84000001	0.964347	1.04142	3
7	85000001	1.07205	1.04142	3
7	86000001	1.18619	1.04142	3
7	87000001	1.63639	1.04142	3
7	88000001	1.32994	1.04142	3
7	89000001	0.977088	1.04142	3
7	90000001	1.12005	1.04142	3
7	91000001	1.1093	1.04142	3
7	92000001	1.68283	1.04142	3
7	93000001	0.952191	1.04142	3
7	94000001	0.960118	1.04142	3
7	95000001	1.05684	1.04142	3
7	96000001	0.802299	1.04142	3
7	97000001	1.2463	1.04142	3
7	98000001	1.99065	1.99065	6
7	99000001	1.78807	1.99065	6
7	100000001	2.70454	1.99065	6
7	101000001	2.38644	1.99065	6
7	102000001	1.5447	1.99065	6
7	103000001	1.84864	1.99065	6
7	104000001	1.79603	1.99065	6
7	105000001	2.26406	1.99065	6
7	106000001	2.18043	1.99065	6
7	107000001	1.82292	1.99065	6
7	108000001	2.04018	1.99065	6
7	109000001	1.08284	1.37181	4
7	110000001	1.19585	1.37181	4
7	111000001	1.72215	1.37181	4
7	112000001	1.39844	1.37181	4
7	113000001	0.895925	1.37181	4
7	114000001	1.42549	1.37181	4
7	115000001	1.04383	1.37181	4
7	116000001	1.91746	1.37181	4
7	117000001	1.52546	1.37181	4
7	118000001	1.05871	1.37181	4
7	119000001	1.5565	1.37181	4
7	120000001	1.96588	1.37181	4
7	121000001	1.79141	1.37181	4
7	122000001	1.34519	1.37181	4
7	123000001	1.56376	1.37181	4
7	124000001	1.05618	1.37181	4
7	125000001	0.956463	1.37181	4
7	126000001	1.08519	1.37181	4
7	127000001	2.39981	1.97772	6
7	128000001	2.25505	1.97772	6
7	129000001	2.18992	1.97772	6
7	130000001	2.65126	1.97772	6
7	131000001	1.69113	1.97772	6
7	132000001	1.50587	1.97772	6
7	133000001	1.51728	1.97772	6
7	134000001	1.66805	1.97772	6
7	135000001	1.97772	1.97772	6
7	136000001	1.45449	1.97772	6
7	137000001	1.35049	1.97772	6
7	138000001	1.59126	1.97772	6
7	139000001	2.24492	1.97772	6
7	140000001	2.07839	1.97772	6
7	141000001	2.03548	1.97772	6
7	142000001	1.91995	1.97772	6
7	143000001	2.55609	1.97772	6
7	144000001	1.33163	0.956572	3
7	145000001	0.856681	0.956572	3
7	146000001	0.945541	0.956572	3
7	147000001	0.967603	0.956572	3
7	148000001	2.12285	2.13803	6
7	149000001	2.39076	2.13803	6
7	150000001	2.44135	2.13803	6
7	151000001	2.6016	2.13803	6
7	152000001	1.97249	2.13803	6
7	153000001	1.67177	2.13803	6
7	154000001	1.59055	2.13803	6
7	155000001	2.15321	2.13803	6
7	156000001	1.902	2.13803	6
7	157000001	2.43127	2.13803	6
7	158000001	2.34435	2.13803	6
7	159000001	1.97823	2.13803	6
8	1	1.09364	0.783452	2
8	1000001	0.933363	0.783452	2
8	2000001	0.750796	0.783452	2
8	3000001	0.816107	0.783452	2
8	4000001	0.696695	0.783452	2
8	5000001	0.68189	0.783452	2
8	6000001	1.21452	1.3299	4
8	7000001	1.7018	1.3299	4
8	8000001	1.42504	1.3299	4
8	9000001	1.3299	1.3299	4
8	10000001	1.56781	1.3299	4
8	11000001	1.14878	1.3299	4
8	12000001	1.1971	1.3299	4
8	13000001	0.656394	0.708021	2
8	14000001	0.54309	0.708021	2
8	15000001	0.688697	0.708021	2
8	16000001	0.731731	0.708021	2
8	17000001	0.798698	0.708021	2
8	18000001	0.736042	0.708021	2
8	19000001	0.708021	0.708021	2
8	20000001	1.0395	1.35493	4
8	21000001	1.37197	1.35493	4
8	22000001	1.46123	1.35493	4
8	23000001	1.5748	1.35493	4
8	24000001	1.03714	1.35493	4
8	25000001	0.817426	1.35493	4
8	26000001	0.87005	1.35493	4
8	27000001	1.44286	1.35493	4
8	28000001	1.40498	1.35493	4
8	29000001	1.4944	1.35493	4
8	30000001	1.33789	1.35493	4
8	31000001	1.26993	1.35493	4
8	32000001	0.804571	0.804571	2
8	33000001	0.717169	0.804571	2
8	34000001	0.687092	0.804571	2
8	35000001	0.816193	0.804571	2
8	36000001	0.898912	0.804571	2
8	37000001	1.32607	1.3025	4
8	38000001	1.7263	1.3025	4
8	39000001	1.02892	1.3025	4
8	40000001	1.10423	1.3025	4
8	41000001	1.39826	1.3025	4
8	42000001	1.27893	1.3025	4
8	43000001	1.04166	1.03967	3
8	44000001	0.713755	1.03967	3
8	45000001	0.50586	1.03967	3
8	46000001	1.03967	1.03967	3
8	47000001	1.20866	1.03967	3
8	48000001	1.15792	1.03967	3
8	49000001	1.00216	1.03967	3
8	50000001	0.774573	1.03967	3
8	51000001	0.939705	1.03967	3
8	52000001	0.842587	1.03967	3
8	53000001	1.06116	1.03967	3
8	54000001	1.14362	1.03967	3
8	55000001	1.14874	1.03967	3
8	56000001	1.3143	1.03967	3
8	57000001	0.757064	1.03967	3
8	58000001	1.18658	1.03967	3
8	59000001	1.01076	1.03967	3
8	60000001	1.01426	1.03967	3
8	61000001	1.2366	1.03967	3
8	62000001	0.701227	0.754686	2
8	63000001	0.719523	0.754686	2
8	64000001	0.682956	0.754686	2
8	65000001	0.776394	0.754686	2
8	66000001	1.07443	0.754686	2
8	67000001	1.10862	0.754686	2
8	68000001	0.741935	0.754686	2
8	69000001	0.669791	0.754686	2
8	70000001	0.72821	0.754686	2
8	71000001	0.695928	0.754686	2
8	72000001	0.923952	0.754686	2
8	73000001	1.43741	0.754686	2
8	74000001	1.01217	0.754686	2
8	75000001	0.667877	0.754686	2
8	76000001	0.765314	0.754686	2
8	77000001	0.717747	0.754686	2
8	78000001	0.754686	0.754686	2
8	79000001	1.30703	0.754686	2
8	80000001	1.18203	0.754686	2
8	81000001	0.7123	0.754686	2
8	82000001	0.880965	0.754686	2
8	83000001	0.7229	0.754686	2
8	84000001	0.682608	0.754686	2
8	85000001	1.06489	0.754686	2
8	86000001	0.891233	0.754686	2
8	87000001	0.843633	0.754686	2
8	88000001	0.69362	0.754686	2
8	89000001	1.23025	1.27019	4
8	90000001	1.3281	1.27019	4
8	91000001	1.264	1.27019	4
8	92000001	0.851487	1.27019	4
8	93000001	1.10952	1.27019	4
8	94000001	1.27019	1.27019	4
8	95000001	1.46138	1.27019	4
8	96000001	1.17593	1.27019	4
8	97000001	1.25131	1.27019	4
8	98000001	1.23951	1.27019	4
8	99000001	1.19093	1.27019	4
8	100000001	1.58451	1.27019	4
8	101000001	1.5615	1.27019	4
8	102000001	1.34098	1.27019	4
8	103000001	1.28189	1.27019	4
8	104000001	1.39593	1.27019	4
8	105000001	1.30157	1.27019	4
8	106000001	0.990746	0.858538	3
8	107000001	0.914201	0.858538	3
8	108000001	0.978602	0.858538	3
8	109000001	0.840153	0.858538	3
8	110000001	0.742991	0.858538	3
8	111000001	0.54878	0.858538	3
8	112000001	0.664257	0.858538	3
8	113000001	0.757394	0.858538	3
8	114000001	0.665381	0.858538	3
8	115000001	0.876923	0.858538	3
8	116000001	0.952959	0.858538	3
8	117000001	1.14185	0.858538	3
8	118000001	0.882624	0.858538	3
8	119000001	0.650337	0.858538	3
8	120000001	0.53969	0.858538	3
8	121000001	0.947124	0.858538	3
8	122000001	1.41742	1.27757	4
8	123000001	1.32591	1.27757	4
8	124000001	1.29505	1.27757	4
8	125000001	1.22856	1.27757	4
8	126000001	0.967126	1.27757	4
8	127000001	1.30617	1.27757	4
8	128000001	1.27757	1.27757	4
8	129000001	1.18004	1.27757	4
8	130000001	1.17716	1.27757	4
8	131000001	0.85355	0.798799	2
8	132000001	0.798799	0.798799	2
8	133000001	1.07092	0.798799	2
8	134000001	0.896307	0.798799	2
8	135000001	0.573484	0.798799	2
8	136000001	0.675897	0.798799	2
8	137000001	0.78199	0.798799	2
8	138000001	2.97267	2.97267	9
8	139000001	1.55548	1.55548	5
8	140000001	1.45199	1.55548	5
8	141000001	1.577	1.55548	5
8	142000001	1.64802	1.55548	5
8	143000001	1.47827	1.55548	5
8	144000001	1.40766	1.55548	5
8	145000001	2.7845	1.55548	5
9	1	1.059	0.589668	2
9	1000001	0.723848	0.589668	2
9	2000001	0.860513	0.589668	2
9	3000001	0.664636	0.589668	2
9	4000001	1.15258	0.589668	2
9	5000001	0.796702	0.589668	2
9	6000001	1.02669	0.589668	2
9	7000001	0.457049	0.589668	2
9	8000001	0.532605	0.589668	2
9	9000001	0.402347	0.589668	2
9	10000001	0.426487	0.589668	2
9	11000001	0.416291	0.589668	2
9	12000001	0.52566	0.589668	2
9	13000001	0.51134	0.589668	2
9	14000001	0.748906	0.589668	2
9	15000001	0.589668	0.589668	2
9	16000001	0.527224	0.589668	2
9	17000001	0.518233	0.589668	2
9	18000001	0.833091	0.589668	2
9	19000001	0.720362	0.589668	2
9	20000001	0.521721	0.589668	2
9	21000001	0.0731749	0.154191	0
9	22000001	0.154191	0.154191	0
9	23000001	0.0319081	0.154191	0
9	24000001	0.0417592	0.154191	0
9	25000001	0.0496666	0.154191	0
9	26000001	0.274232	0.154191	0
9	27000001	0.526021	0.154191	0
9	28000001	0.231721	0.154191	0
9	29000001	0.169802	0.154191	0
9	30000001	0.0362924	0.154191	0
9	31000001	0.519126	0.154191	0
9	32000001	0.700971	1.06651	3
9	33000001	1.06651	1.06651	3
9	34000001	1.04206	1.06651	3
9	35000001	1.125	1.06651	3
9	36000001	0.858069	1.06651	3
9	37000001	1.62229	1.06651	3
9	38000001	1.24879	1.06651	3
9	39000001	0.39803	0.691307	2
9	40000001	0.806581	0.691307	2
9	41000001	0.671022	0.691307	2
9	42000001	0.572587	0.691307	2
9	43000001	0.996455	0.691307	2
9	44000001	1.22274	0.691307	2
9	45000001	0.711592	0.691307	2
9	46000001	-1	0.691307	2
9	47000001	-1	0.691307	2
9	48000001	-1	0.691307	2
9	49000001	-1	0.691307	2
9	50000001	-1	0.691307	2
9	51000001	-1	0.691307	2
9	52000001	-1	0.691307	2
9	53000001	-1	0.691307	2
9	54000001	-1	0.691307	2
9	55000001	-1	0.691307	2
9	56000001	-1	0.691307	2
9	57000001	-1	0.691307	2
9	58000001	-1	0.691307	2
9	59000001	-1	0.691307	2
9	60000001	0.727795	0.691307	2
9	61000001	0.437034	0.691307	2
9	62000001	0.853686	0.691307	2
9	63000001	0.996433	0.691307	2
9	64000001	0.780019	0.691307	2
9	65000001	0.921406	0.691307	2
9	66000001	0.630512	0.691307	2
9	67000001	0.645244	0.691307	2
9	68000001	0.668675	0.691307	2
9	69000001	1.00293	0.691307	2
9	70000001	0.855281	0.691307	2
9	71000001	1.37951	0.691307	2
9	72000001	1.14658	0.691307	2
9	73000001	0.619946	0.691307	2
9	74000001	0.524091	0.691307	2
9	75000001	0.515121	0.691307	2
9	76000001	0.388336	0.691307	2
9	77000001	0.539341	0.691307	2
9	78000001	0.590753	0.691307	2
9	79000001	0.541833	0.691307	2
9	80000001	0.664689	0.691307	2
9	81000001	0.587568	0.691307	2
9	82000001	0.517274	0.691307	2
9	83000001	0.794622	0.691307	2
9	84000001	1.07237	0.691307	2
9	85000001	0.834002	0.691307	2
9	86000001	0.755669	0.691307	2
9	87000001	0.919088	0.691307	2
9	88000001	0.874871	0.691307	2
9	89000001	0.647281	0.691307	2
9	90000001	0.420465	0.691307	2
9	91000001	1.30347	1.1396	3
9	92000001	1.1396	1.1396	3
9	93000001	1.41925	1.1396	3
9	94000001	1.34712	1.1396	3
9	95000001	1.26433	1.1396	3
9	96000001	1.05296	1.1396	3
9	97000001	1.37292	1.1396	3
9	98000001	1.2858	1.1396	3
9	99000001	1.2069	1.1396	3
9	100000001	1.44838	1.1396	3
9	101000001	0.758487	1.1396	3
9	102000001	0.954582	1.1396	3
9	103000001	0.615147	1.1396	3
9	104000001	1.08006	1.1396	3
9	105000001	1.11947	1.1396	3
9	106000001	0.896041	1.1396	3
9	107000001	0.724353	1.1396	3
9	108000001	1.29612	1.1396	3
9	109000001	1.41847	1.1396	3
9	110000001	0.992847	1.1396	3
9	111000001	1.10267	1.1396	3
9	112000001	1.64022	1.1396	3
9	113000001	1.30401	1.1396	3
9	114000001	1.37048	1.1396	3
9	115000001	1.03714	1.1396	3
9	116000001	1.32232	1.1396	3
9	117000001	1.01124	1.1396	3
9	118000001	0.872236	1.1396	3
9	119000001	0.846	1.1396	3
9	120000001	1.66476	1.5534	5
9	121000001	1.46559	1.5534	5
9	122000001	1.37838	1.5534	5
9	123000001	1.50099	1.5534	5
9	124000001	1.88334	1.5534	5
9	125000001	1.44838	1.5534	5
9	126000001	1.38184	1.5534	5
9	127000001	1.60581	1.5534	5
9	128000001	2.12208	1.5534	5
9	129000001	1.75509	1.5534	5
9	130000001	4.02755	3.8173	11
9	131000001	3.60705	3.8173	11
9	132000001	1.5275	1.55902	5
9	133000001	1.59222	1.55902	5
9	134000001	1.87833	1.55902	5
9	135000001	1.53901	1.55902	5
9	136000001	1.55902	1.55902	5
9	137000001	1.48707	1.55902	5
9	138000001	1.85836	1.55902	5
X	1	0.589541	0.490151	1
X	1000001	0.503139	0.490151	1
X	2000001	0.58328	0.490151	1
X	3000001	0.734746	0.490151	1
X	4000001	0.401629	0.490151	1
X	5000001	0.483145	0.490151	1
X	6000001	0.384188	0.490151	1
X	7000001	0.490151	0.490151	1
X	8000001	0.371218	0.490151	1
X	9000001	0.822811	0.896131	3
X	10000001	0.896131	0.896131	3
X	11000001	1.42552	0.896131	3
X	12000001	0.775257	0.683433	2
X	13000001	0.842094	0.683433	2
X	14000001	0.772157	0.683433	2
X	15000001	0.640101	0.683433	2
X	16000001	0.67671	0.683433	2
X	17000001	0.690155	0.683433	2
X	18000001	0.607753	0.683433	2
X	19000001	0.556344	0.683433	2
X	20000001	0.557019	0.683433	2
X	21000001	0.714662	0.683433	2
X	22000001	0.421944	0.683433	2
X	23000001	0.697548	0.683433	2
X	24000001	1.08856	0.683433	2
X	25000001	0.580026	0.683433	2
X	26000001	0.367108	0.46079	1
X	27000001	0.46079	0.46079	1
X	28000001	0.300949	0.46079	1
X	29000001	0.561729	0.46079	1
X	30000001	0.490228	0.46079	1
X	31000001	0.700817	0.46079	1
X	32000001	0.402182	0.46079	1
X	33000001	0.472468	0.46079	1
X	34000001	0.446568	0.46079	1
X	35000001	0.513213	0.46079	1
X	36000001	0.394653	0.46079	1
X	37000001	0.434024	0.46079	1
X	38000001	0.477123	0.46079	1
X	39000001	0.887141	0.82597	2
X	40000001	0.889109	0.82597	2
X	41000001	0.778707	0.82597	2
X	42000001	0.568179	0.82597	2
X	43000001	0.82597	0.82597	2
X	44000001	0.832321	0.82597	2
X	45000001	0.738359	0.82597	2
X	46000001	0.837347	0.82597	2
X	47000001	0.912036	0.82597	2
X	48000001	0.915296	0.82597	2
X	49000001	0.921094	0.82597	2
X	50000001	0.766238	0.82597	2
X	51000001	0.499945	0.82597	2
X	52000001	0.951417	0.82597	2
X	53000001	0.7631	0.82597	2
X	54000001	0.695528	0.82597	2
X	55000001	0.734412	0.82597	2
X	56000001	0.406837	0.57176	2
X	57000001	0.57176	0.57176	2
X	58000001	0.66681	0.57176	2
X	59000001	0.604355	0.57176	2
X	60000001	0.699447	0.57176	2
X	61000001	0.474256	0.57176	2
X	62000001	0.544724	0.57176	2
X	63000001	0.433539	0.57176	2
X	64000001	0.634764	0.57176	2
X	65000001	0.99362	0.847239	3
X	66000001	0.846818	0.847239	3
X	67000001	0.755317	0.847239	3
X	68000001	0.84766	0.847239	3
X	69000001	0.600069	0.847239	3
X	70000001	0.851649	0.847239	3
X	71000001	1.13686	0.847239	3
X	72000001	0.777592	0.847239	3
X	73000001	0.504536	0.466305	1
X	74000001	0.44544	0.466305	1
X	75000001	0.49605	0.466305	1
X	76000001	0.446197	0.466305	1
X	77000001	1.07274	0.466305	1
X	78000001	0.683309	0.466305	1
X	79000001	0.48101	0.466305	1
X	80000001	0.395989	0.466305	1
X	81000001	0.696573	0.466305	1
X	82000001	0.356221	0.466305	1
X	83000001	0.245171	0.466305	1
X	84000001	0.40088	0.466305	1
X	85000001	0.455379	0.466305	1
X	86000001	0.600254	0.466305	1
X	87000001	0.643692	0.466305	1
X	88000001	0.749582	0.466305	1
X	89000001	0.362268	0.466305	1
X	90000001	0.511307	0.466305	1
X	91000001	0.359645	0.466305	1
X	92000001	0.363759	0.466305	1
X	93000001	0.443176	0.466305	1
X	94000001	0.477231	0.466305	1
X	95000001	0.429911	0.466305	1
X	96000001	0.632392	0.466305	1
X	97000001	0.500207	0.466305	1
X	98000001	0.449142	0.466305	1
X	99000001	0.453171	0.466305	1
X	100000001	0.497258	0.466305	1
X	101000001	0.645444	0.609657	2
X	102000001	0.616832	0.609657	2
X	103000001	0.986351	0.609657	2
X	104000001	0.456134	0.609657	2
X	105000001	0.494935	0.609657	2
X	106000001	0.386735	0.609657	2
X	107000001	0.836515	0.609657	2
X	108000001	0.651785	0.609657	2
X	109000001	0.840865	0.609657	2
X	110000001	0.750643	0.609657	2
X	111000001	0.716601	0.609657	2
X	112000001	0.505308	0.609657	2
X	113000001	0.302365	0.609657	2
X	114000001	0.600293	0.609657	2
X	115000001	0.602483	0.609657	2
X	116000001	0.598542	0.609657	2
X	117000001	0.749188	0.609657	2
X	118000001	0.743495	0.609657	2
X	119000001	1.04375	0.609657	2
X	120000001	0.902848	0.609657	2
X	121000001	0.499283	0.609657	2
X	122000001	0.510397	0.609657	2
X	123000001	1.00788	0.609657	2
X	124000001	0.838448	0.609657	2
X	125000001	0.333547	0.609657	2
X	126000001	0.574563	0.609657	2
X	127000001	0.450297	0.609657	2
X	128000001	0.57738	0.609657	2
X	129000001	0.92142	0.609657	2
X	130000001	0.650249	0.609657	2
X	131000001	0.739915	0.609657	2
X	132000001	0.380613	0.609657	2
X	133000001	0.31434	0.609657	2
X	134000001	0.544527	0.609657	2
X	135000001	0.991865	0.856181	3
X	136000001	0.856181	0.856181	3
X	137000001	0.77602	0.856181	3
X	138000001	0.504656	0.416225	1
X	139000001	0.399891	0.416225	1
X	140000001	0.388392	0.416225	1
X	141000001	0.548775	0.416225	1
X	142000001	0.393193	0.416225	1
X	143000001	0.416225	0.416225	1
X	144000001	0.396785	0.416225	1
X	145000001	0.462068	0.416225	1
X	146000001	0.600069	0.416225	1
X	147000001	0.408312	0.416225	1
X	148000001	0.404631	0.416225	1
X	149000001	0.553171	0.416225	1
X	150000001	0.663437	0.416225	1
X	151000001	0.947199	0.968112	3
X	152000001	0.764344	0.968112	3
X	153000001	0.989026	0.968112	3
X	154000001	1.14464	0.968112	3
X	155000001	0.686162	0.968112	3
X	156000001	1.42601	0.968112	3
Y	1	-1	-1	0
Y	1000001	-1	-1	0
Y	2000001	0.0608995	0.0666366	0
Y	3000001	0.0354114	0.0666366	0
Y	4000001	0.0873266	0.0666366	0
Y	5000001	0.0723737	0.0666366	0
Y	6000001	0.0372767	0.0666366	0
Y	7000001	0.118097	0.0666366	0
Y	8000001	0.0235945	0.0666366	0
Y	9000001	0.0729394	0.0666366	0
Y	10000001	1.02495	0.896847	3
Y	11000001	0.768745	0.896847	3
Y	12000001	0.160716	0.0718294	0
Y	13000001	0.0410234	0.0718294	0
Y	14000001	0.0346307	0.0718294	0
Y	15000001	0.171672	0.0718294	0
Y	16000001	0.0317287	0.0718294	0
Y	17000001	0.245091	0.0718294	0
Y	18000001	0.213917	0.0718294	0
Y	19000001	0.0288233	0.0718294	0
Y	20000001	0.0718294	0.0718294	0
Y	21000001	0.335246	0.206926	1
Y	22000001	0.360289	0.206926	1
Y	23000001	0.147318	0.206926	1
Y	24000001	0.115979	0.206926	1
Y	25000001	0.206926	0.206926	1
Y	26000001	0.259127	0.206926	1
Y	27000001	-1	0.206926	1
Y	28000001	-1	0.206926	1
Y	29000001	-1	0.206926	1
Y	30000001	-1	0.206926	1
Y	31000001	-1	0.206926	1
Y	32000001	-1	0.206926	1
Y	33000001	-1	0.206926	1
Y	34000001	-1	0.206926	1
Y	35000001	-1	0.206926	1
Y	36000001	-1	0.206926	1
Y	37000001	-1	0.206926	1
Y	38000001	-1	0.206926	1
Y	39000001	-1	0.206926	1
Y	40000001	-1	0.206926	1
Y	41000001	-1	0.206926	1
Y	42000001	-1	0.206926	1
Y	43000001	-1	0.206926	1
Y	44000001	-1	0.206926	1
Y	45000001	-1	0.206926	1
Y	46000001	-1	0.206926	1
Y	47000001	-1	0.206926	1
Y	48000001	-1	0.206926	1
Y	49000001	-1	0.206926	1
Y	50000001	-1	0.206926	1
Y	51000001	-1	0.206926	1
Y	52000001	-1	0.206926	1
Y	53000001	-1	0.206926	1
Y	54000001	-1	0.206926	1
Y	55000001	-1	0.206926	1
Y	56000001	0.141467	0.206926	1
Y	57000001	-1	-1	1
