Chromosome	Start	Ratio	MedianRatio	CopyNumber
1	1	1.54129	1.69464	5
1	1000001	2.07183	1.69464	5
1	2000001	2.08308	1.69464	5
1	3000001	1.90644	1.69464	5
1	4000001	1.37721	1.69464	5
1	5000001	1.03481	1.69464	5
1	6000001	1.70984	1.69464	5
1	7000001	2.4705	1.69464	5
1	8000001	1.32048	1.69464	5
1	9000001	1.62153	1.69464	5
1	10000001	1.69464	1.69464	5
1	11000001	1.08883	1.11084	3
1	12000001	1.05418	1.11084	3
1	13000001	1.12784	1.11084	3
1	14000001	0.939477	1.11084	3
1	15000001	1.0454	1.11084	3
1	16000001	1.32456	1.11084	3
1	17000001	1.4177	1.11084	3
1	18000001	1.98612	1.11084	3
1	19000001	1.15758	1.11084	3
1	20000001	1.33223	1.11084	3
1	21000001	1.07134	1.11084	3
1	22000001	1.16432	1.11084	3
1	23000001	1.12422	1.11084	3
1	24000001	0.997386	1.11084	3
1	25000001	1.44331	1.11084	3
1	26000001	1.05743	1.11084	3
1	27000001	1.03805	1.11084	3
1	28000001	0.857296	1.11084	3
1	29000001	1.13301	1.11084	3
1	30000001	1.36701	1.11084	3
1	31000001	1.25748	1.11084	3
1	32000001	0.88111	1.11084	3
1	33000001	0.960769	1.11084	3
1	34000001	1.04125	1.11084	3
1	35000001	1.04736	1.11084	3
1	36000001	1.26272	1.11084	3
1	37000001	1.1135	1.11084	3
1	38000001	1.18727	1.11084	3
1	39000001	0.93188	1.11084	3
1	40000001	1.10817	1.11084	3
1	41000001	1.21045	1.11084	3
1	42000001	1.0328	1.11084	3
1	43000001	1.47151	1.11084	3
1	44000001	1.80396	1.11084	3
1	45000001	0.984541	1.11084	3
1	46000001	1.1403	1.11084	3
1	47000001	0.985005	1.11084	3
1	48000001	0.922762	1.11084	3
1	49000001	0.682065	1.11084	3
1	50000001	0.830319	1.11084	3
1	51000001	1.15676	1.11084	3
1	52000001	0.69806	1.11084	3
1	53000001	1.51982	1.11084	3
1	54000001	1.21858	1.11084	3
1	55000001	0.960069	0.781356	2
1	56000001	0.779353	0.781356	2
1	57000001	0.833131	0.781356	2
1	58000001	0.809897	0.781356	2
1	59000001	0.804053	0.781356	2
1	60000001	0.763317	0.781356	2
1	61000001	0.749707	0.781356	2
1	62000001	0.885659	0.781356	2
1	63000001	1.05016	0.781356	2
1	64000001	0.924671	0.781356	2
1	65000001	0.673765	0.781356	2
1	66000001	0.770064	0.781356	2
1	67000001	1.01078	0.781356	2
1	68000001	0.779785	0.781356	2
1	69000001	0.761788	0.781356	2
1	70000001	0.941952	0.781356	2
1	71000001	0.738419	0.781356	2
1	72000001	0.703182	0.781356	2
1	73000001	0.680329	0.781356	2
1	74000001	0.922645	0.781356	2
1	75000001	0.825009	0.781356	2
1	76000001	0.788422	0.781356	2
1	77000001	0.742346	0.781356	2
1	78000001	1.10301	0.781356	2
1	79000001	0.720159	0.781356	2
1	80000001	0.491989	0.781356	2
1	81000001	0.469897	0.781356	2
1	82000001	0.764378	0.781356	2
1	83000001	0.692003	0.781356	2
1	84000001	0.781817	0.781356	2
1	85000001	0.755734	0.781356	2
1	86000001	0.916888	0.781356	2
1	87000001	0.486125	0.781356	2
1	88000001	0.732404	0.781356	2
1	89000001	0.849356	0.781356	2
1	90000001	0.867026	0.781356	2
1	91000001	1.21677	0.781356	2
1	92000001	0.871259	0.781356	2
1	93000001	0.861633	0.781356	2
1	94000001	0.98278	0.781356	2
1	95000001	0.895719	0.781356	2
1	96000001	0.781356	0.781356	2
1	97000001	0.716109	0.781356	2
1	98000001	0.669996	0.781356	2
1	99000001	1.07251	0.781356	2
1	100000001	0.622545	0.781356	2
1	101000001	0.771438	0.781356	2
1	102000001	0.478569	0.781356	2
1	103000001	1.21989	0.781356	2
1	104000001	0.814178	0.781356	2
1	105000001	0.768636	0.781356	2
1	106000001	0.847871	0.781356	2
1	107000001	0.69929	0.781356	2
1	108000001	1.21169	1.21169	4
1	109000001	1.19966	1.21169	4
1	110000001	1.34952	1.21169	4
1	111000001	1.17967	1.21169	4
1	112000001	1.32823	1.21169	4
1	113000001	1.18341	1.21169	4
1	114000001	1.21776	1.21169	4
1	115000001	1.04097	1.21169	4
1	116000001	1.19002	1.21169	4
1	117000001	1.11538	1.21169	4
1	118000001	1.24871	1.21169	4
1	119000001	1.20796	1.21169	4
1	120000001	0.973811	1.21169	4
1	121000001	1.89111	1.21169	4
1	122000001	1.26823	1.21169	4
1	123000001	1.51286	1.21169	4
1	124000001	1.24982	1.21169	4
1	125000001	4.9115	-1	3
1	126000001	-1	-1	3
1	127000001	-1	-1	3
1	128000001	-1	-1	3
1	129000001	-1	-1	3
1	130000001	-1	-1	3
1	131000001	-1	-1	3
1	132000001	-1	-1	3
1	133000001	-1	-1	3
1	134000001	-1	-1	3
1	135000001	-1	-1	3
1	136000001	-1	-1	3
1	137000001	-1	-1	3
1	138000001	-1	-1	3
1	139000001	-1	-1	3
1	140000001	-1	-1	3
1	141000001	-1	-1	3
1	142000001	-1	-1	3
1	143000001	3.90536	-1	3
1	144000001	1.39381	0.88937	3
1	145000001	0.66441	0.88937	3
1	146000001	0.992268	0.88937	3
1	147000001	0.900475	0.88937	3
1	148000001	0.708592	0.88937	3
1	149000001	0.878265	0.88937	3
1	150000001	0.817009	0.88937	3
1	151000001	1.01679	0.88937	3
1	152000001	1.14934	1.131	3
1	153000001	1.50256	1.131	3
1	154000001	1.13208	1.131	3
1	155000001	1.18015	1.131	3
1	156000001	1.5889	1.131	3
1	157000001	1.07424	1.131	3
1	158000001	0.892119	1.131	3
1	159000001	1.22249	1.131	3
1	160000001	0.969371	1.131	3
1	161000001	1.10369	1.131	3
1	162000001	1.12348	1.131	3
1	163000001	0.903984	1.131	3
1	164000001	1.01918	1.131	3
1	165000001	1.2284	1.131	3
1	166000001	1.45209	1.131	3
1	167000001	1.35757	1.131	3
1	168000001	1.25743	1.131	3
1	169000001	1.18923	1.131	3
1	170000001	0.962929	1.131	3
1	171000001	1.26941	1.131	3
1	172000001	1.09474	1.131	3
1	173000001	1.0064	1.131	3
1	174000001	1.07899	1.131	3
1	175000001	1.47441	1.131	3
1	176000001	0.888352	1.131	3
1	177000001	1.0081	1.131	3
1	178000001	1.10593	1.131	3
1	179000001	1.14942	1.131	3
1	180000001	1.15871	1.131	3
1	181000001	1.25565	1.131	3
1	182000001	1.64415	1.131	3
1	183000001	1.04951	1.131	3
1	184000001	0.975839	1.131	3
1	185000001	1.07215	1.131	3
1	186000001	1.63385	1.131	3
1	187000001	1.08822	1.131	3
1	188000001	1.05176	1.131	3
1	189000001	1.10591	1.131	3
1	190000001	0.885926	1.131	3
1	191000001	0.987398	1.131	3
1	192000001	0.98049	1.131	3
1	193000001	1.03361	1.131	3
1	194000001	0.931334	1.131	3
1	195000001	1.08879	1.131	3
1	196000001	1.03224	1.131	3
1	197000001	0.753271	1.131	3
1	198000001	1.18061	1.131	3
1	199000001	0.958615	1.131	3
1	200000001	1.12929	1.131	3
1	201000001	1.65192	1.131	3
1	202000001	1.61108	1.131	3
1	203000001	1.27631	1.131	3
1	204000001	1.55072	1.131	3
1	205000001	1.43998	1.131	3
1	206000001	1.05033	1.131	3
1	207000001	1.13868	1.131	3
1	208000001	1.15203	1.131	3
1	209000001	1.29405	1.131	3
1	210000001	1.27106	1.131	3
1	211000001	0.990724	1.131	3
1	212000001	1.13124	1.131	3
1	213000001	1.11635	1.131	3
1	214000001	1.11936	1.131	3
1	215000001	0.948148	1.131	3
1	216000001	1.27633	1.131	3
1	217000001	0.9153	1.131	3
1	218000001	0.835064	1.131	3
1	219000001	1.02401	1.131	3
1	220000001	1.16406	1.131	3
1	221000001	0.958296	1.131	3
1	222000001	0.991713	1.131	3
1	223000001	1.08344	1.131	3
1	224000001	1.19066	1.131	3
1	225000001	1.24905	1.131	3
1	226000001	1.36558	1.131	3
1	227000001	1.23315	1.131	3
1	228000001	1.56921	1.131	3
1	229000001	1.4368	1.131	3
1	230000001	1.45371	1.131	3
1	231000001	1.0979	1.131	3
1	232000001	1.28173	1.131	3
1	233000001	1.21062	1.131	3
1	234000001	1.39788	1.131	3
1	235000001	1.32572	1.131	3
1	236000001	1.30201	1.131	3
1	237000001	1.00008	1.131	3
1	238000001	1.1947	1.131	3
1	239000001	0.949332	1.131	3
1	240000001	0.933298	1.131	3
1	241000001	0.967943	1.131	3
1	242000001	1.12023	1.131	3
1	243000001	1.131	1.131	3
1	244000001	1.06989	1.131	3
1	245000001	1.4371	1.131	3
1	246000001	1.56569	1.131	3
1	247000001	1.33397	1.131	3
1	248000001	1.60866	1.131	3
10	1	1.28302	0.887235	3
10	1000001	1.25228	0.887235	3
10	2000001	0.799011	0.887235	3
10	3000001	1.32094	0.887235	3
10	4000001	0.776785	0.887235	3
10	5000001	0.769975	0.887235	3
10	6000001	1.2468	0.887235	3
10	7000001	1.18937	0.887235	3
10	8000001	1.0068	0.887235	3
10	9000001	0.875524	0.887235	3
10	10000001	0.820639	0.887235	3
10	11000001	1.01726	0.887235	3
10	12000001	1.06418	0.887235	3
10	13000001	1.08676	0.887235	3
10	14000001	0.866723	0.887235	3
10	15000001	0.974837	0.887235	3
10	16000001	0.680127	0.887235	3
10	17000001	0.877255	0.887235	3
10	18000001	1.0097	0.887235	3
10	19000001	1.40864	0.887235	3
10	20000001	0.823445	0.887235	3
10	21000001	1.19185	0.887235	3
10	22000001	0.822673	0.887235	3
10	23000001	1.01975	0.887235	3
10	24000001	0.888033	0.887235	3
10	25000001	1.01742	0.887235	3
10	26000001	0.886438	0.887235	3
10	27000001	0.667798	0.887235	3
10	28000001	0.802005	0.887235	3
10	29000001	0.810173	0.887235	3
10	30000001	0.777374	0.887235	3
10	31000001	1.06086	0.887235	3
10	32000001	0.75101	0.887235	3
10	33000001	0.854294	0.887235	3
10	34000001	0.776155	0.887235	3
10	35000001	1.03349	0.887235	3
10	36000001	0.570229	0.887235	3
10	37000001	1.00993	0.887235	3
10	38000001	1.67411	1.42989	4
10	39000001	0.947965	1.42989	4
10	40000001	1.0409	1.42989	4
10	41000001	1.43146	1.42989	4
10	42000001	1.25239	1.42989	4
10	43000001	1.42832	1.42989	4
10	44000001	1.4248	1.42989	4
10	45000001	1.07732	1.42989	4
10	46000001	2.00518	1.42989	4
10	47000001	1.57263	1.42989	4
10	48000001	1.59073	1.42989	4
10	49000001	1.46339	1.42989	4
10	50000001	1.1941	1.11136	3
10	51000001	1.32548	1.11136	3
10	52000001	1.1793	1.11136	3
10	53000001	0.992851	1.11136	3
10	54000001	0.727651	1.11136	3
10	55000001	0.873519	1.11136	3
10	56000001	1.01927	1.11136	3
10	57000001	1.79665	1.11136	3
10	58000001	1.09091	1.11136	3
10	59000001	0.988055	1.11136	3
10	60000001	0.848843	1.11136	3
10	61000001	0.876792	1.11136	3
10	62000001	1.3318	1.11136	3
10	63000001	1.10882	1.11136	3
10	64000001	1.05939	1.11136	3
10	65000001	0.936916	1.11136	3
10	66000001	0.756239	1.11136	3
10	67000001	0.986332	1.11136	3
10	68000001	1.46123	1.11136	3
10	69000001	1.45272	1.11136	3
10	70000001	1.48586	1.11136	3
10	71000001	1.82353	1.11136	3
10	72000001	1.22569	1.11136	3
10	73000001	1.11136	1.11136	3
10	74000001	1.01694	1.11136	3
10	75000001	1.28328	1.11136	3
10	76000001	1.6185	1.11136	3
10	77000001	1.21427	1.11136	3
10	78000001	1.67466	1.11136	3
10	79000001	1.40962	1.11136	3
10	80000001	1.13213	1.11136	3
10	81000001	1.05661	1.11136	3
10	82000001	1.07791	1.11136	3
10	83000001	0.983646	1.11136	3
10	84000001	1.35545	1.11136	3
10	85000001	1.14509	1.11136	3
10	86000001	1.03733	1.11136	3
10	87000001	0.712669	0.67935	2
10	88000001	0.711177	0.67935	2
10	89000001	0.610143	0.67935	2
10	90000001	0.584943	0.67935	2
10	91000001	0.523967	0.67935	2
10	92000001	0.532412	0.67935	2
10	93000001	0.696824	0.67935	2
10	94000001	0.654842	0.67935	2
10	95000001	0.868696	0.67935	2
10	96000001	0.605903	0.67935	2
10	97000001	0.955083	0.67935	2
10	98000001	0.766115	0.67935	2
10	99000001	0.423943	0.67935	2
10	100000001	0.811703	0.67935	2
10	101000001	0.645399	0.67935	2
10	102000001	0.775463	0.67935	2
10	103000001	0.67935	0.67935	2
10	104000001	0.511228	0.67935	2
10	105000001	0.76639	0.67935	2
10	106000001	0.532097	0.67935	2
10	107000001	0.536748	0.67935	2
10	108000001	0.631129	0.67935	2
10	109000001	0.574352	0.67935	2
10	110000001	0.663952	0.67935	2
10	111000001	0.786252	0.67935	2
10	112000001	0.679264	0.67935	2
10	113000001	0.605107	0.67935	2
10	114000001	0.838437	0.67935	2
10	115000001	0.556456	0.67935	2
10	116000001	0.609619	0.67935	2
10	117000001	0.698383	0.67935	2
10	118000001	0.813985	0.67935	2
10	119000001	1.02206	0.67935	2
10	120000001	0.884213	0.67935	2
10	121000001	0.498925	0.67935	2
10	122000001	1.67767	0.67935	2
10	123000001	0.906075	0.67935	2
10	124000001	0.785876	0.67935	2
10	125000001	0.702115	0.67935	2
10	126000001	6.19668	1.11105	3
10	127000001	0.786862	1.11105	3
10	128000001	0.664184	1.11105	3
10	129000001	0.994245	1.11105	3
10	130000001	1.48839	1.11105	3
10	131000001	0.909932	1.11105	3
10	132000001	1.22786	1.11105	3
10	133000001	2.34428	1.11105	3
11	1	1.49627	1.02491	3
11	1000001	1.65583	1.02491	3
11	2000001	1.49075	1.02491	3
11	3000001	1.2062	1.02491	3
11	4000001	1.0227	1.02491	3
11	5000001	0.748973	1.02491	3
11	6000001	1.08806	1.02491	3
11	7000001	0.816128	1.02491	3
11	8000001	1.1377	1.02491	3
11	9000001	1.21135	1.02491	3
11	10000001	1.17826	1.02491	3
11	11000001	2.48419	1.02491	3
11	12000001	0.829297	1.02491	3
11	13000001	0.842613	1.02491	3
11	14000001	0.864444	1.02491	3
11	15000001	1.11991	1.02491	3
11	16000001	1.45452	1.02491	3
11	17000001	1.40354	1.02491	3
11	18000001	0.959059	1.02491	3
11	19000001	1.35783	1.02491	3
11	20000001	0.855711	1.02491	3
11	21000001	0.922466	1.02491	3
11	22000001	2.61617	1.02491	3
11	23000001	0.702938	1.02491	3
11	24000001	0.720971	1.02491	3
11	25000001	0.701132	1.02491	3
11	26000001	1.00064	1.02491	3
11	27000001	0.841257	1.02491	3
11	28000001	1.02204	1.02491	3
11	29000001	0.898933	1.02491	3
11	30000001	0.939654	1.02491	3
11	31000001	0.990987	1.02491	3
11	32000001	1.2135	1.02491	3
11	33000001	0.984455	1.02491	3
11	34000001	0.780843	1.02491	3
11	35000001	1.508	1.02491	3
11	36000001	1.2619	1.02491	3
11	37000001	1.45276	1.02491	3
11	38000001	0.845911	1.02491	3
11	39000001	0.784406	1.02491	3
11	40000001	0.675618	1.02491	3
11	41000001	0.892028	1.02491	3
11	42000001	0.926775	1.02491	3
11	43000001	1.34446	1.02491	3
11	44000001	1.09843	1.02491	3
11	45000001	1.03734	1.02491	3
11	46000001	1.25791	1.02491	3
11	47000001	1.08111	1.02491	3
11	48000001	0.945598	1.02491	3
11	49000001	0.67054	1.02491	3
11	50000001	2.46885	1.02491	3
11	51000001	0.619685	1.02491	3
11	52000001	0.674043	1.02491	3
11	53000001	0.968608	1.02491	3
11	54000001	0.938397	1.02491	3
11	55000001	0.93799	1.02491	3
11	56000001	0.714662	1.02491	3
11	57000001	1.00286	1.02491	3
11	58000001	1.17485	1.02491	3
11	59000001	1.02491	1.02491	3
11	60000001	1.19961	1.02491	3
11	61000001	1.45683	1.02491	3
11	62000001	1.20606	1.02491	3
11	63000001	1.22007	1.02491	3
11	64000001	1.8147	1.02491	3
11	65000001	1.20856	1.02491	3
11	66000001	1.23824	1.02491	3
11	67000001	1.19055	1.02491	3
11	68000001	1.39361	1.02491	3
11	69000001	3.20396	3.20396	10
11	70000001	1.36113	1.40744	4
11	71000001	1.72112	1.40744	4
11	72000001	1.45375	1.40744	4
11	73000001	1.25743	1.40744	4
11	74000001	0.76834	0.962472	3
11	75000001	1.09848	0.962472	3
11	76000001	1.01596	0.962472	3
11	77000001	1.10401	0.962472	3
11	78000001	1.19195	0.962472	3
11	79000001	1.65581	0.962472	3
11	80000001	1.15518	0.962472	3
11	81000001	0.78583	0.962472	3
11	82000001	0.861336	0.962472	3
11	83000001	0.742161	0.962472	3
11	84000001	0.498672	0.962472	3
11	85000001	1.03298	0.962472	3
11	86000001	0.974172	0.962472	3
11	87000001	1.04974	0.962472	3
11	88000001	1.15858	0.962472	3
11	89000001	0.837899	0.962472	3
11	90000001	0.950773	0.962472	3
11	91000001	0.735795	0.962472	3
11	92000001	1.07446	0.962472	3
11	93000001	1.21008	0.962472	3
11	94000001	0.949156	0.962472	3
11	95000001	0.681157	0.962472	3
11	96000001	2.35544	0.962472	3
11	97000001	0.740388	0.962472	3
11	98000001	0.890262	0.962472	3
11	99000001	0.504847	0.962472	3
11	100000001	1.00678	0.962472	3
11	101000001	0.799028	0.962472	3
11	102000001	0.927046	0.962472	3
11	103000001	1.20732	0.962472	3
11	104000001	2.89878	2.89878	9
11	105000001	0.809381	1.03898	3
11	106000001	0.799205	1.03898	3
11	107000001	0.671141	1.03898	3
11	108000001	0.774035	1.03898	3
11	109000001	0.84781	1.03898	3
11	110000001	0.991721	1.03898	3
11	111000001	0.890218	1.03898	3
11	112000001	0.980865	1.03898	3
11	113000001	1.09446	1.03898	3
11	114000001	1.438	1.03898	3
11	115000001	1.03898	1.03898	3
11	116000001	1.05211	1.03898	3
11	117000001	1.31196	1.03898	3
11	118000001	1.06157	1.03898	3
11	119000001	1.15616	1.03898	3
11	120000001	1.14413	1.03898	3
11	121000001	0.731309	1.03898	3
11	122000001	0.966371	1.03898	3
11	123000001	0.89126	1.03898	3
11	124000001	1.01506	1.03898	3
11	125000001	1.21014	1.03898	3
11	126000001	1.21807	1.03898	3
11	127000001	0.928468	1.03898	3
11	128000001	1.23394	1.03898	3
11	129000001	1.35526	1.03898	3
11	130000001	0.827104	1.03898	3
11	131000001	0.96803	1.03898	3
11	132000001	1.10392	1.03898	3
11	133000001	1.35185	1.03898	3
11	134000001	1.21475	1.03898	3
11	135000001	1.65762	1.03898	3
12	1	0.928975	0.806125	2
12	1000001	0.92075	0.806125	2
12	2000001	0.798726	0.806125	2
12	3000001	0.83468	0.806125	2
12	4000001	0.737513	0.806125	2
12	5000001	1.09359	0.806125	2
12	6000001	0.852296	0.806125	2
12	7000001	1.1373	0.806125	2
12	8000001	0.774821	0.806125	2
12	9000001	0.836456	0.806125	2
12	10000001	0.525657	0.806125	2
12	11000001	0.577046	0.806125	2
12	12000001	0.717265	0.806125	2
12	13000001	0.754685	0.806125	2
12	14000001	0.626702	0.806125	2
12	15000001	0.520748	0.806125	2
12	16000001	0.48493	0.806125	2
12	17000001	0.632048	0.806125	2
12	18000001	0.550471	0.806125	2
12	19000001	1.09333	0.806125	2
12	20000001	0.731766	0.806125	2
12	21000001	0.508483	0.806125	2
12	22000001	0.845775	0.806125	2
12	23000001	0.800928	0.806125	2
12	24000001	0.744367	0.806125	2
12	25000001	0.991419	0.806125	2
12	26000001	0.944413	0.806125	2
12	27000001	0.753916	0.806125	2
12	28000001	0.918705	0.806125	2
12	29000001	0.944253	0.806125	2
12	30000001	0.943512	0.806125	2
12	31000001	0.983172	0.806125	2
12	32000001	0.926364	0.806125	2
12	33000001	0.811321	0.806125	2
12	34000001	1.06988	0.806125	2
12	35000001	0.711564	0.806125	2
12	36000001	0.701452	0.806125	2
12	37000001	0.765577	0.806125	2
12	38000001	0.823587	0.806125	2
12	39000001	0.658545	0.806125	2
12	40000001	0.991192	0.806125	2
12	41000001	1.17155	0.806125	2
12	42000001	1.00527	0.806125	2
12	43000001	0.561912	0.806125	2
12	44000001	1.24789	0.806125	2
12	45000001	0.796464	0.806125	2
12	46000001	0.685921	0.806125	2
12	47000001	1.04447	0.806125	2
12	48000001	3.66031	3.66031	11
12	49000001	1.04313	0.922029	3
12	50000001	1.26668	0.922029	3
12	51000001	1.12927	0.922029	3
12	52000001	1.88576	0.922029	3
12	53000001	1.40434	0.922029	3
12	54000001	0.922029	0.922029	3
12	55000001	1.06358	0.922029	3
12	56000001	1.19114	0.922029	3
12	57000001	1.06527	0.922029	3
12	58000001	0.763989	0.922029	3
12	59000001	0.79299	0.922029	3
12	60000001	1.52214	0.922029	3
12	61000001	0.936688	0.922029	3
12	62000001	0.891545	0.922029	3
12	63000001	1.00086	0.922029	3
12	64000001	0.915532	0.922029	3
12	65000001	0.92321	0.922029	3
12	66000001	1.22757	0.922029	3
12	67000001	1.21158	0.922029	3
12	68000001	1.53184	0.922029	3
12	69000001	0.915719	0.922029	3
12	70000001	0.852939	0.922029	3
12	71000001	0.722203	0.922029	3
12	72000001	0.787807	0.922029	3
12	73000001	0.921769	0.922029	3
12	74000001	1.04357	0.922029	3
12	75000001	0.627731	0.922029	3
12	76000001	1.51235	0.922029	3
12	77000001	0.755397	0.922029	3
12	78000001	0.872786	0.922029	3
12	79000001	0.755377	0.922029	3
12	80000001	0.89869	0.922029	3
12	81000001	0.781526	0.922029	3
12	82000001	1.24066	0.922029	3
12	83000001	1.03675	0.922029	3
12	84000001	1.14305	0.922029	3
12	85000001	1.55419	0.922029	3
12	86000001	0.846513	0.922029	3
12	87000001	0.730315	0.922029	3
12	88000001	0.798843	0.922029	3
12	89000001	0.686851	0.922029	3
12	90000001	1.09659	0.922029	3
12	91000001	0.732902	0.922029	3
12	92000001	0.760823	0.922029	3
12	93000001	0.921941	0.922029	3
12	94000001	0.862104	0.922029	3
12	95000001	1.74451	0.922029	3
12	96000001	1.05166	0.922029	3
12	97000001	0.915864	0.922029	3
12	98000001	1.19466	0.922029	3
12	99000001	1.18137	0.922029	3
12	100000001	0.888684	0.922029	3
12	101000001	0.616988	0.922029	3
12	102000001	0.538196	0.922029	3
12	103000001	0.837418	0.922029	3
12	104000001	1.20393	0.922029	3
12	105000001	0.98996	0.922029	3
12	106000001	1.22753	1.29268	4
12	107000001	1.10016	1.29268	4
12	108000001	1.78089	1.29268	4
12	109000001	1.37043	1.29268	4
12	110000001	1.03695	1.29268	4
12	111000001	1.67665	1.29268	4
12	112000001	1.35784	1.29268	4
12	113000001	1.55216	1.29268	4
12	114000001	1.44108	1.29268	4
12	115000001	1.07001	1.29268	4
12	116000001	1.09312	1.29268	4
12	117000001	1.08911	1.29268	4
12	118000001	0.928787	1.29268	4
12	119000001	0.846738	1.29268	4
12	120000001	1.53878	1.29268	4
12	121000001	1.36299	1.29268	4
12	122000001	1.68421	1.29268	4
12	123000001	1.06975	1.29268	4
12	124000001	1.53376	1.29268	4
12	125000001	1.43722	1.29268	4
12	126000001	1.17642	1.29268	4
12	127000001	1.18484	1.29268	4
12	128000001	1.68628	1.83795	6
12	129000001	2.43199	1.83795	6
12	130000001	1.61772	1.83795	6
12	131000001	3.11349	1.83795	6
12	132000001	1.98961	1.83795	6
12	133000001	0.805167	1.83795	6
13	1	-1	-1	2
13	1000001	-1	-1	2
13	2000001	-1	-1	2
13	3000001	-1	-1	2
13	4000001	-1	-1	2
13	5000001	-1	-1	2
13	6000001	-1	-1	2
13	7000001	-1	-1	2
13	8000001	-1	-1	2
13	9000001	-1	-1	2
13	10000001	-1	-1	2
13	11000001	-1	-1	2
13	12000001	-1	-1	2
13	13000001	-1	-1	2
13	14000001	-1	-1	2
13	15000001	-1	-1	2
13	16000001	0.773872	0.729325	2
13	17000001	0.660545	0.729325	2
13	18000001	0.780492	0.729325	2
13	19000001	0.761887	0.729325	2
13	20000001	0.750831	0.729325	2
13	21000001	0.729325	0.729325	2
13	22000001	1.29549	0.729325	2
13	23000001	0.574173	0.729325	2
13	24000001	0.777739	0.729325	2
13	25000001	0.67534	0.729325	2
13	26000001	0.617447	0.729325	2
13	27000001	0.633983	0.729325	2
13	28000001	0.706879	0.729325	2
13	29000001	0.5639	0.729325	2
13	30000001	0.794381	0.729325	2
13	31000001	1.59661	0.729325	2
13	32000001	0.56122	0.729325	2
13	33000001	0.64076	0.729325	2
13	34000001	0.623391	0.729325	2
13	35000001	1.17841	0.729325	2
13	36000001	0.578962	0.729325	2
13	37000001	0.693128	0.729325	2
13	38000001	1.06714	0.729325	2
13	39000001	0.774178	0.729325	2
13	40000001	0.736291	0.729325	2
13	41000001	2.6776	2.6776	8
13	42000001	0.545324	0.575299	2
13	43000001	0.650212	0.575299	2
13	44000001	0.510938	0.575299	2
13	45000001	0.93647	0.575299	2
13	46000001	0.434608	0.575299	2
13	47000001	0.590508	0.575299	2
13	48000001	0.688526	0.575299	2
13	49000001	0.665915	0.575299	2
13	50000001	0.677404	0.575299	2
13	51000001	0.686003	0.575299	2
13	52000001	0.684595	0.575299	2
13	53000001	0.409196	0.575299	2
13	54000001	0.52533	0.575299	2
13	55000001	0.481368	0.575299	2
13	56000001	0.509548	0.575299	2
13	57000001	0.62186	0.575299	2
13	58000001	0.787542	0.575299	2
13	59000001	0.512448	0.575299	2
13	60000001	0.575299	0.575299	2
13	61000001	0.841489	0.575299	2
13	62000001	0.663735	0.575299	2
13	63000001	0.547626	0.575299	2
13	64000001	0.572452	0.575299	2
13	65000001	0.867144	0.575299	2
13	66000001	0.482453	0.575299	2
13	67000001	0.60379	0.575299	2
13	68000001	0.392091	0.575299	2
13	69000001	0.348922	0.575299	2
13	70000001	0.408893	0.575299	2
13	71000001	1.58572	1.58572	5
13	72000001	0.50688	0.614905	2
13	73000001	0.580849	0.614905	2
13	74000001	0.893395	0.614905	2
13	75000001	0.607172	0.614905	2
13	76000001	0.633785	0.614905	2
13	77000001	0.832757	0.614905	2
13	78000001	0.470961	0.614905	2
13	79000001	0.622637	0.614905	2
13	80000001	1.79954	1.79954	5
13	81000001	0.471999	0.499758	1
13	82000001	0.499758	0.499758	1
13	83000001	0.461418	0.499758	1
13	84000001	0.803693	0.499758	1
13	85000001	0.504106	0.499758	1
13	86000001	1.22437	1.09265	3
13	87000001	0.963459	1.09265	3
13	88000001	0.527452	1.09265	3
13	89000001	1.22184	1.09265	3
13	90000001	3.83204	3.56503	11
13	91000001	3.29802	3.56503	11
13	92000001	2.03352	2.03352	6
13	93000001	1.09588	1.09588	3
13	94000001	0.556698	0.739323	2
13	95000001	0.676342	0.739323	2
13	96000001	0.680937	0.739323	2
13	97000001	0.621545	0.739323	2
13	98000001	0.708532	0.739323	2
13	99000001	0.783861	0.739323	2
13	100000001	0.66543	0.739323	2
13	101000001	0.739323	0.739323	2
13	102000001	0.746474	0.739323	2
13	103000001	0.605465	0.739323	2
13	104000001	0.755808	0.739323	2
13	105000001	0.40574	0.739323	2
13	106000001	0.585572	0.739323	2
13	107000001	1.25722	0.739323	2
13	108000001	0.553523	0.739323	2
13	109000001	1.02613	0.739323	2
13	110000001	0.82845	0.739323	2
13	111000001	0.82335	0.739323	2
13	112000001	0.888397	0.739323	2
13	113000001	1.05635	0.739323	2
13	114000001	0.76995	0.739323	2
14	1	-1	-1	4
14	1000001	-1	-1	4
14	2000001	-1	-1	4
14	3000001	-1	-1	4
14	4000001	-1	-1	4
14	5000001	-1	-1	4
14	6000001	-1	-1	4
14	7000001	-1	-1	4
14	8000001	-1	-1	4
14	9000001	-1	-1	4
14	10000001	-1	-1	4
14	11000001	-1	-1	4
14	12000001	-1	-1	4
14	13000001	-1	-1	4
14	14000001	-1	-1	4
14	15000001	-1	-1	4
14	16000001	1.56776	1.24096	4
14	17000001	0.648646	1.24096	4
14	18000001	0.999191	1.24096	4
14	19000001	1.48273	1.24096	4
14	20000001	0.529553	0.608134	2
14	21000001	0.623069	0.608134	2
14	22000001	0.864845	0.608134	2
14	23000001	0.818426	0.608134	2
14	24000001	0.698461	0.608134	2
14	25000001	0.71089	0.608134	2
14	26000001	0.563056	0.608134	2
14	27000001	0.53646	0.608134	2
14	28000001	0.546024	0.608134	2
14	29000001	0.525781	0.608134	2
14	30000001	0.45258	0.608134	2
14	31000001	0.623468	0.608134	2
14	32000001	0.639625	0.608134	2
14	33000001	0.489833	0.608134	2
14	34000001	1.41546	0.608134	2
14	35000001	0.415942	0.608134	2
14	36000001	0.618169	0.608134	2
14	37000001	0.515849	0.608134	2
14	38000001	0.737017	0.608134	2
14	39000001	0.581657	0.608134	2
14	40000001	0.516096	0.608134	2
14	41000001	0.650345	0.608134	2
14	42000001	0.671166	0.608134	2
14	43000001	0.593861	0.608134	2
14	44000001	0.376142	0.608134	2
14	45000001	0.539982	0.608134	2
14	46000001	0.545254	0.608134	2
14	47000001	0.614709	0.608134	2
14	48000001	0.507988	0.608134	2
14	49000001	0.657015	0.608134	2
14	50000001	0.601559	0.608134	2
14	51000001	0.586605	0.608134	2
14	52000001	1.07713	0.608134	2
14	53000001	0.750323	0.608134	2
14	54000001	0.714451	0.608134	2
14	55000001	0.63985	0.608134	2
14	56000001	0.524078	0.608134	2
14	57000001	0.80491	0.608134	2
14	58000001	0.553887	0.608134	2
14	59000001	0.789149	0.608134	2
14	60000001	4.03577	4.03577	12
14	61000001	0.612684	0.662247	2
14	62000001	0.686283	0.662247	2
14	63000001	0.579819	0.662247	2
14	64000001	0.80619	0.662247	2
14	65000001	0.842212	0.662247	2
14	66000001	0.537848	0.662247	2
14	67000001	0.739355	0.662247	2
14	68000001	0.574933	0.662247	2
14	69000001	0.744592	0.662247	2
14	70000001	0.593707	0.662247	2
14	71000001	0.603866	0.662247	2
14	72000001	0.803239	0.662247	2
14	73000001	0.66561	0.662247	2
14	74000001	0.86864	0.662247	2
14	75000001	0.658757	0.662247	2
14	76000001	0.703899	0.662247	2
14	77000001	0.884715	0.662247	2
14	78000001	0.736259	0.662247	2
14	79000001	0.461449	0.662247	2
14	80000001	0.657499	0.662247	2
14	81000001	0.674351	0.662247	2
14	82000001	0.658885	0.662247	2
14	83000001	0.40099	0.662247	2
14	84000001	0.498061	0.662247	2
14	85000001	0.687219	0.662247	2
14	86000001	0.666235	0.662247	2
14	87000001	0.357183	0.662247	2
14	88000001	0.558942	0.662247	2
14	89000001	0.74314	0.827933	2
14	90000001	0.943871	0.827933	2
14	91000001	0.677612	0.827933	2
14	92000001	0.846458	0.827933	2
14	93000001	0.842106	0.827933	2
14	94000001	0.827933	0.827933	2
14	95000001	1.01239	0.827933	2
14	96000001	0.771649	0.827933	2
14	97000001	0.992319	0.827933	2
14	98000001	0.566107	0.827933	2
14	99000001	0.809704	0.827933	2
14	100000001	1.08448	1.08448	3
14	101000001	1.02679	1.08448	3
14	102000001	1.21075	1.08448	3
14	103000001	0.813024	1.08448	3
14	104000001	1.28722	1.08448	3
14	105000001	1.30363	1.08448	3
14	106000001	0.605523	1.08448	3
14	107000001	-1	-1	3
15	1	-1	-1	3
15	1000001	-1	-1	3
15	2000001	-1	-1	3
15	3000001	-1	-1	3
15	4000001	-1	-1	3
15	5000001	-1	-1	3
15	6000001	-1	-1	3
15	7000001	-1	-1	3
15	8000001	-1	-1	3
15	9000001	-1	-1	3
15	10000001	-1	-1	3
15	11000001	-1	-1	3
15	12000001	-1	-1	3
15	13000001	-1	-1	3
15	14000001	-1	-1	3
15	15000001	-1	-1	3
15	16000001	-1	-1	3
15	17000001	1.27403	1.07222	3
15	18000001	0.898066	1.07222	3
15	19000001	0.892754	1.07222	3
15	20000001	1.30292	1.07222	3
15	21000001	1.29078	1.07222	3
15	22000001	1.07419	1.07222	3
15	23000001	0.929046	1.07222	3
15	24000001	0.774481	1.07222	3
15	25000001	1.24087	1.07222	3
15	26000001	0.7537	1.07222	3
15	27000001	1.26621	1.07222	3
15	28000001	0.991814	1.07222	3
15	29000001	1.20229	1.07222	3
15	30000001	1.30994	1.07222	3
15	31000001	1.26159	1.07222	3
15	32000001	0.884613	1.07222	3
15	33000001	0.922421	1.07222	3
15	34000001	1.07025	1.07222	3
15	35000001	0.6941	0.74804	2
15	36000001	0.731112	0.74804	2
15	37000001	0.74804	0.74804	2
15	38000001	0.768141	0.74804	2
15	39000001	0.814854	0.74804	2
15	40000001	1.1142	1.1142	3
15	41000001	1.06479	1.1142	3
15	42000001	1.16263	1.1142	3
15	43000001	1.18856	1.1142	3
15	44000001	0.923476	1.1142	3
15	45000001	1.6637	1.6637	5
15	46000001	0.896218	0.765435	2
15	47000001	0.70838	0.765435	2
15	48000001	0.822491	0.765435	2
15	49000001	0.65685	0.765435	2
15	50000001	1.48938	1.03838	3
15	51000001	0.947493	1.03838	3
15	52000001	0.838826	1.03838	3
15	53000001	1.18966	1.03838	3
15	54000001	0.978037	1.03838	3
15	55000001	1.04964	1.03838	3
15	56000001	1.29235	1.03838	3
15	57000001	1.13431	1.03838	3
15	58000001	0.917429	1.03838	3
15	59000001	1.02071	1.03838	3
15	60000001	0.834493	1.03838	3
15	61000001	1.02713	1.03838	3
15	62000001	1.16608	1.03838	3
15	63000001	1.16629	1.03838	3
15	64000001	1.67607	1.19565	4
15	65000001	1.20992	1.19565	4
15	66000001	1.11933	1.19565	4
15	67000001	0.915301	1.19565	4
15	68000001	1.80236	1.19565	4
15	69000001	1.40262	1.19565	4
15	70000001	1.1077	1.19565	4
15	71000001	1.30884	1.19565	4
15	72000001	1.01201	1.19565	4
15	73000001	1.03724	1.19565	4
15	74000001	1.38334	1.19565	4
15	75000001	1.18138	1.19565	4
15	76000001	0.980949	1.19565	4
15	77000001	1.48152	1.19565	4
15	78000001	1.24818	1.19565	4
15	79000001	1.76853	1.19565	4
15	80000001	1.17371	1.19565	4
15	81000001	0.901474	1.19565	4
15	82000001	1.23424	1.19565	4
15	83000001	0.873597	1.19565	4
15	84000001	1.18061	1.19565	4
15	85000001	1.25652	1.19565	4
15	86000001	1.51169	1.19565	4
15	87000001	0.957903	1.19565	4
15	88000001	1.14989	1.19565	4
15	89000001	2.40096	1.19565	4
15	90000001	1.00582	0.963595	3
15	91000001	0.922336	0.963595	3
15	92000001	1.22297	0.963595	3
15	93000001	1.01225	0.963595	3
15	94000001	0.895985	0.963595	3
15	95000001	0.861521	0.963595	3
15	96000001	0.939586	0.963595	3
15	97000001	0.987605	0.963595	3
15	98000001	1.15712	1.16032	3
15	99000001	1.22982	1.16032	3
15	100000001	1.16352	1.16032	3
15	101000001	1.05033	1.16032	3
16	1	1.57513	1.0627	3
16	1000001	1.2108	1.0627	3
16	2000001	1.37466	1.0627	3
16	3000001	1.12128	1.0627	3
16	4000001	1.41563	1.0627	3
16	5000001	1.32261	1.0627	3
16	6000001	1.55134	1.0627	3
16	7000001	0.822178	1.0627	3
16	8000001	1.21785	1.0627	3
16	9000001	0.907694	1.0627	3
16	10000001	2.92068	1.0627	3
16	11000001	1.31427	1.0627	3
16	12000001	1.36311	1.0627	3
16	13000001	0.853845	1.0627	3
16	14000001	1.0627	1.0627	3
16	15000001	0.86715	1.0627	3
16	16000001	1.70007	1.0627	3
16	17000001	1.04121	1.0627	3
16	18000001	0.910641	1.0627	3
16	19000001	1.0234	1.0627	3
16	20000001	0.961557	1.0627	3
16	21000001	1.00423	1.0627	3
16	22000001	0.771568	1.0627	3
16	23000001	2.6464	1.0627	3
16	24000001	1.02032	1.0627	3
16	25000001	0.845606	1.0627	3
16	26000001	1.05134	1.0627	3
16	27000001	1.00123	1.0627	3
16	28000001	0.908842	1.0627	3
16	29000001	1.22816	1.0627	3
16	30000001	1.48988	1.0627	3
16	31000001	1.1873	1.0627	3
16	32000001	0.989089	1.0627	3
16	33000001	1.76047	1.0627	3
16	34000001	1.63798	1.0627	3
16	35000001	0.893305	1.0627	3
16	36000001	0.926791	1.0627	3
16	37000001	0.820647	1.0627	3
16	38000001	1.23591	1.0627	3
16	39000001	-1	-1	3
16	40000001	-1	-1	3
16	41000001	-1	-1	3
16	42000001	-1	-1	3
16	43000001	-1	-1	3
16	44000001	-1	-1	3
16	45000001	-1	-1	3
16	46000001	3.16741	3.16741	10
16	47000001	1.12179	0.866878	3
16	48000001	1.03477	0.866878	3
16	49000001	1.10196	0.866878	3
16	50000001	1.20133	0.866878	3
16	51000001	0.807116	0.866878	3
16	52000001	0.793316	0.866878	3
16	53000001	0.891238	0.866878	3
16	54000001	0.829525	0.866878	3
16	55000001	1.05351	0.866878	3
16	56000001	0.909336	0.866878	3
16	57000001	2.02515	0.866878	3
16	58000001	0.919864	0.866878	3
16	59000001	0.698518	0.866878	3
16	60000001	0.776406	0.866878	3
16	61000001	0.74528	0.866878	3
16	62000001	0.673739	0.866878	3
16	63000001	0.842518	0.866878	3
16	64000001	0.776656	0.866878	3
16	65000001	1.36363	1.25147	4
16	66000001	1.2613	1.25147	4
16	67000001	1.27722	1.25147	4
16	68000001	1.3455	1.25147	4
16	69000001	1.04465	1.25147	4
16	70000001	1.0983	1.25147	4
16	71000001	1.15643	1.25147	4
16	72000001	0.939233	1.25147	4
16	73000001	1.10211	1.25147	4
16	74000001	1.84566	1.25147	4
16	75000001	1.04354	1.25147	4
16	76000001	0.650292	1.25147	4
16	77000001	1.08839	1.25147	4
16	78000001	0.863047	1.25147	4
16	79000001	1.25147	1.25147	4
16	80000001	1.25798	1.25147	4
16	81000001	1.75094	1.25147	4
16	82000001	1.44194	1.25147	4
16	83000001	1.33561	1.25147	4
16	84000001	2.2235	1.95199	6
16	85000001	1.95199	1.95199	6
16	86000001	3.16507	1.95199	6
16	87000001	1.30017	1.95199	6
16	88000001	2.71984	1.95199	6
16	89000001	1.21655	1.95199	6
16	90000001	1.31701	1.95199	6
17	1	2.83154	2.83154	8
17	1000001	1.5979	1.57284	5
17	2000001	1.49806	1.57284	5
17	3000001	1.5061	1.57284	5
17	4000001	1.64204	1.57284	5
17	5000001	1.23562	1.57284	5
17	6000001	1.69858	1.57284	5
17	7000001	1.66393	1.57284	5
17	8000001	1.47825	1.57284	5
17	9000001	1.57284	1.57284	5
17	10000001	1.21943	1.23493	4
17	11000001	1.18088	1.23493	4
17	12000001	1.00153	1.23493	4
17	13000001	1.084	1.23493	4
17	14000001	1.23493	1.23493	4
17	15000001	1.15125	1.23493	4
17	16000001	1.37762	1.23493	4
17	17000001	1.70742	1.23493	4
17	18000001	1.6986	1.23493	4
17	19000001	1.75384	1.23493	4
17	20000001	1.43867	1.23493	4
17	21000001	1.48152	1.23493	4
17	22000001	1.28854	1.23493	4
17	23000001	0.766683	1.23493	4
17	24000001	0.859385	1.23493	4
17	25000001	1.01478	1.23493	4
17	26000001	2.75067	1.23493	4
17	27000001	0.685152	0.768523	2
17	28000001	0.846022	0.768523	2
17	29000001	0.751178	0.768523	2
17	30000001	0.687297	0.768523	2
17	31000001	0.897333	0.768523	2
17	32000001	0.600792	0.768523	2
17	33000001	0.785867	0.768523	2
17	34000001	0.799083	0.768523	2
17	35000001	0.749934	0.768523	2
17	36000001	1.11473	0.768523	2
17	37000001	0.648279	0.768523	2
17	38000001	0.825323	0.768523	2
17	39000001	0.857089	0.768523	2
17	40000001	0.670773	0.768523	2
17	41000001	1.36068	1.00824	3
17	42000001	0.885879	1.00824	3
17	43000001	1.08303	1.00824	3
17	44000001	1.0945	1.00824	3
17	45000001	1.48188	1.00824	3
17	46000001	0.90056	1.00824	3
17	47000001	1.0454	1.00824	3
17	48000001	0.872931	1.00824	3
17	49000001	1.02225	1.00824	3
17	50000001	1.37544	1.00824	3
17	51000001	0.955355	1.00824	3
17	52000001	0.849533	1.00824	3
17	53000001	0.912718	1.00824	3
17	54000001	0.948674	1.00824	3
17	55000001	1.55464	1.00824	3
17	56000001	0.890055	1.00824	3
17	57000001	1.00824	1.00824	3
17	58000001	1.44956	1.00824	3
17	59000001	0.962971	1.00824	3
17	60000001	0.957186	1.00824	3
17	61000001	1.01481	1.00824	3
17	62000001	3.02499	3.02499	9
17	63000001	1.14016	1.1399	3
17	64000001	0.796459	1.1399	3
17	65000001	1.32552	1.1399	3
17	66000001	1.14582	1.1399	3
17	67000001	0.945628	1.1399	3
17	68000001	1.39285	1.1399	3
17	69000001	0.735774	1.1399	3
17	70000001	0.991119	1.1399	3
17	71000001	1.11569	1.1399	3
17	72000001	1.14892	1.1399	3
17	73000001	1.38985	1.1399	3
17	74000001	1.23614	1.1399	3
17	75000001	1.13964	1.1399	3
17	76000001	0.955069	1.1399	3
17	77000001	3.79042	1.42131	4
17	78000001	1.25785	1.42131	4
17	79000001	1.54976	1.42131	4
17	80000001	1.29286	1.42131	4
17	81000001	5.15068	5.15068	15
17	82000001	1.35964	1.2599	4
17	83000001	1.16016	1.2599	4
18	1	3.36976	3.36976	10
18	1000001	1.24621	1.16426	3
18	2000001	1.05512	1.16426	3
18	3000001	1.44474	1.16426	3
18	4000001	1.25426	1.16426	3
18	5000001	1.47538	1.16426	3
18	6000001	1.14137	1.16426	3
18	7000001	1.23403	1.16426	3
18	8000001	1.18338	1.16426	3
18	9000001	1.09366	1.16426	3
18	10000001	1.23885	1.16426	3
18	11000001	0.997991	1.16426	3
18	12000001	1.04758	1.16426	3
18	13000001	1.29395	1.16426	3
18	14000001	0.914459	1.16426	3
18	15000001	1.10054	1.16426	3
18	16000001	0.894816	1.16426	3
18	17000001	1.07419	1.16426	3
18	18000001	1.22936	1.16426	3
18	19000001	1.36946	1.16426	3
18	20000001	1.49374	1.16426	3
18	21000001	0.885863	1.16426	3
18	22000001	1.14514	1.16426	3
18	23000001	1.38243	1.16426	3
18	24000001	1.09658	1.16426	3
18	25000001	1.49276	1.68793	5
18	26000001	1.80365	1.68793	5
18	27000001	1.68793	1.68793	5
18	28000001	1.02559	1.68793	5
18	29000001	2.98111	1.68793	5
18	30000001	1.34884	1.32458	4
18	31000001	1.08644	1.32458	4
18	32000001	1.22451	1.32458	4
18	33000001	1.05789	1.32458	4
18	34000001	1.37039	1.32458	4
18	35000001	1.30032	1.32458	4
18	36000001	1.58562	1.32458	4
18	37000001	1.48334	1.32458	4
18	38000001	0.708265	1.10521	3
18	39000001	1.19919	1.10521	3
18	40000001	1.10521	1.10521	3
18	41000001	1.19858	1.10521	3
18	42000001	0.484181	1.10521	3
18	43000001	0.57206	1.10521	3
18	44000001	2.9245	1.10521	3
18	45000001	0.820728	1.10521	3
18	46000001	1.22953	1.10521	3
18	47000001	0.900313	0.67655	2
18	48000001	0.700118	0.67655	2
18	49000001	0.774663	0.67655	2
18	50000001	0.754555	0.67655	2
18	51000001	0.660579	0.67655	2
18	52000001	0.519696	0.67655	2
18	53000001	1.05045	0.67655	2
18	54000001	0.637908	0.67655	2
18	55000001	0.456837	0.67655	2
18	56000001	0.628743	0.67655	2
18	57000001	0.689407	0.67655	2
18	58000001	0.769371	0.67655	2
18	59000001	0.55342	0.67655	2
18	60000001	0.663693	0.67655	2
18	61000001	3.45931	3.45931	10
18	62000001	0.677921	0.645396	2
18	63000001	0.970417	0.645396	2
18	64000001	0.756637	0.645396	2
18	65000001	0.645396	0.645396	2
18	66000001	0.542015	0.645396	2
18	67000001	0.429371	0.645396	2
18	68000001	0.647932	0.645396	2
18	69000001	0.388633	0.645396	2
18	70000001	0.634418	0.645396	2
18	71000001	0.558488	0.645396	2
18	72000001	0.604475	0.645396	2
18	73000001	0.610115	0.645396	2
18	74000001	0.893039	0.645396	2
18	75000001	0.707671	0.645396	2
18	76000001	0.987567	0.645396	2
18	77000001	2.89343	1.01679	3
18	78000001	1.05166	1.01679	3
18	79000001	0.981924	1.01679	3
18	80000001	0.785983	1.01679	3
19	1	1.36711	1.3415	4
19	1000001	1.35152	1.3415	4
19	2000001	1.26936	1.3415	4
19	3000001	1.30716	1.3415	4
19	4000001	1.49095	1.3415	4
19	5000001	1.23062	1.3415	4
19	6000001	1.3415	1.3415	4
19	7000001	2.92269	2.92269	9
19	8000001	1.37369	1.23608	4
19	9000001	1.09079	1.23608	4
19	10000001	1.2892	1.23608	4
19	11000001	1.20118	1.23608	4
19	12000001	1.27097	1.23608	4
19	13000001	1.14092	1.23608	4
19	14000001	1.8087	1.8087	5
19	15000001	1.54822	1.8087	5
19	16000001	2.05416	1.8087	5
19	17000001	1.33384	1.33384	4
19	18000001	1.22859	1.33384	4
19	19000001	2.04587	1.33384	4
19	20000001	1.08898	0.904879	3
19	21000001	0.833866	0.904879	3
19	22000001	0.957437	0.904879	3
19	23000001	0.904879	0.904879	3
19	24000001	0.852834	0.904879	3
19	25000001	1.44104	1.20894	4
19	26000001	1.38198	1.20894	4
19	27000001	0.926311	1.20894	4
19	28000001	0.860952	1.20894	4
19	29000001	1.02872	1.20894	4
19	30000001	1.13548	1.20894	4
19	31000001	1.58037	1.20894	4
19	32000001	1.06062	1.20894	4
19	33000001	1.55313	1.20894	4
19	34000001	1.45934	1.20894	4
19	35000001	1.20179	1.20894	4
19	36000001	1.22814	1.20894	4
19	37000001	1.21624	1.20894	4
19	38000001	1.1129	1.20894	4
19	39000001	1.12724	1.20894	4
19	40000001	1.19426	1.20894	4
19	41000001	1.35585	1.20894	4
19	42000001	1.27619	1.20894	4
19	43000001	0.98716	1.20894	4
19	44000001	1.21608	1.20894	4
19	45000001	1.19239	1.20894	4
19	46000001	1.19951	1.20894	4
19	47000001	1.28467	1.20894	4
19	48000001	1.42199	1.20894	4
19	49000001	1.26174	1.20894	4
19	50000001	1.34198	1.20894	4
19	51000001	0.995725	1.20894	4
19	52000001	0.943429	1.20894	4
19	53000001	1.09034	1.20894	4
19	54000001	1.69228	1.20894	4
19	55000001	1.14751	1.20894	4
19	56000001	1.17586	1.20894	4
19	57000001	1.36864	1.20894	4
19	58000001	1.34909	1.20894	4
2	1	1.15405	1.09795	3
2	1000001	1.72782	1.09795	3
2	2000001	1.17163	1.09795	3
2	3000001	1.7697	1.09795	3
2	4000001	0.707037	1.09795	3
2	5000001	1.01559	1.09795	3
2	6000001	0.96062	1.09795	3
2	7000001	0.976836	1.09795	3
2	8000001	1.05746	1.09795	3
2	9000001	1.7015	1.09795	3
2	10000001	1.49464	1.09795	3
2	11000001	1.38514	1.09795	3
2	12000001	0.930474	1.09795	3
2	13000001	0.830966	1.09795	3
2	14000001	0.942781	1.09795	3
2	15000001	1.09795	1.09795	3
2	16000001	1.68236	1.09795	3
2	17000001	0.867216	1.09795	3
2	18000001	1.38677	1.09795	3
2	19000001	1.0638	1.09795	3
2	20000001	1.26922	1.09795	3
2	21000001	0.945868	0.898771	3
2	22000001	0.69406	0.898771	3
2	23000001	0.841324	0.898771	3
2	24000001	0.89163	0.898771	3
2	25000001	1.22685	0.898771	3
2	26000001	0.992851	0.898771	3
2	27000001	0.942414	0.898771	3
2	28000001	0.974893	0.898771	3
2	29000001	0.946514	0.898771	3
2	30000001	0.982558	0.898771	3
2	31000001	0.944256	0.898771	3
2	32000001	0.915212	0.898771	3
2	33000001	0.786301	0.898771	3
2	34000001	0.790662	0.898771	3
2	35000001	0.776608	0.898771	3
2	36000001	0.799852	0.898771	3
2	37000001	0.946758	0.898771	3
2	38000001	0.88451	0.898771	3
2	39000001	0.814192	0.898771	3
2	40000001	0.658525	0.898771	3
2	41000001	0.916741	0.898771	3
2	42000001	1.17459	0.898771	3
2	43000001	0.907483	0.898771	3
2	44000001	0.984105	0.898771	3
2	45000001	1.13926	0.898771	3
2	46000001	1.08468	0.898771	3
2	47000001	0.972071	0.898771	3
2	48000001	0.763672	0.898771	3
2	49000001	0.821247	0.898771	3
2	50000001	0.639827	0.898771	3
2	51000001	0.905912	0.898771	3
2	52000001	0.670171	0.898771	3
2	53000001	0.6764	0.898771	3
2	54000001	0.775546	0.898771	3
2	55000001	0.793508	0.898771	3
2	56000001	0.671384	0.898771	3
2	57000001	3.74945	3.74945	11
2	58000001	0.906976	0.912837	3
2	59000001	1.02769	0.912837	3
2	60000001	0.983445	0.912837	3
2	61000001	0.658778	0.912837	3
2	62000001	1.04119	0.912837	3
2	63000001	0.890218	0.912837	3
2	64000001	0.918697	0.912837	3
2	65000001	1.06909	0.912837	3
2	66000001	0.573457	0.912837	3
2	67000001	0.889045	0.912837	3
2	68000001	2.7793	2.7793	8
2	69000001	1.17455	1.14712	3
2	70000001	0.88498	1.14712	3
2	71000001	1.88412	1.14712	3
2	72000001	1.00819	1.14712	3
2	73000001	0.879997	1.14712	3
2	74000001	1.36818	1.14712	3
2	75000001	1.11968	1.14712	3
2	76000001	1.4311	1.14712	3
2	77000001	0.612619	0.682083	2
2	78000001	0.690778	0.682083	2
2	79000001	0.673387	0.682083	2
2	80000001	0.752464	0.682083	2
2	81000001	0.649499	0.682083	2
2	82000001	0.710999	0.682083	2
2	83000001	4.85575	4.85575	15
2	84000001	0.762086	1.06612	3
2	85000001	1.42968	1.06612	3
2	86000001	0.720597	1.06612	3
2	87000001	1.38914	1.06612	3
2	88000001	0.981688	1.06612	3
2	89000001	1.18771	1.06612	3
2	90000001	1.48381	1.06612	3
2	91000001	1.1848	1.06612	3
2	92000001	0.99702	1.06612	3
2	93000001	1.35248	1.06612	3
2	94000001	1.06612	1.06612	3
2	95000001	1.06585	1.06612	3
2	96000001	1.10991	1.06612	3
2	97000001	1.02489	1.06612	3
2	98000001	1.00295	1.06612	3
2	99000001	1.43341	1.06612	3
2	100000001	0.979883	1.06612	3
2	101000001	1.05781	1.06612	3
2	102000001	1.2615	1.06612	3
2	103000001	0.573179	0.878323	3
2	104000001	0.724962	0.878323	3
2	105000001	0.996016	0.878323	3
2	106000001	1.04707	0.878323	3
2	107000001	0.799724	0.878323	3
2	108000001	0.878323	0.878323	3
2	109000001	1.24714	0.878323	3
2	110000001	1.05144	0.878323	3
2	111000001	0.751573	0.878323	3
2	112000001	1.01394	0.878323	3
2	113000001	1.10561	0.878323	3
2	114000001	0.797842	0.878323	3
2	115000001	0.678786	0.878323	3
2	116000001	0.633902	0.878323	3
2	117000001	0.763928	0.878323	3
2	118000001	0.719146	0.878323	3
2	119000001	1.22074	0.878323	3
2	120000001	1.18247	0.878323	3
2	121000001	0.94627	0.878323	3
2	122000001	0.919045	0.878323	3
2	123000001	0.791237	0.878323	3
2	124000001	3.14919	3.14919	9
2	125000001	0.846104	0.870763	3
2	126000001	1.0407	0.870763	3
2	127000001	1.14335	0.870763	3
2	128000001	1.06784	0.870763	3
2	129000001	1.09841	0.870763	3
2	130000001	1.19452	0.870763	3
2	131000001	1.10088	0.870763	3
2	132000001	1.02013	0.870763	3
2	133000001	0.969803	0.870763	3
2	134000001	0.979086	0.870763	3
2	135000001	0.737322	0.870763	3
2	136000001	0.870763	0.870763	3
2	137000001	0.745061	0.870763	3
2	138000001	0.865022	0.870763	3
2	139000001	0.705458	0.870763	3
2	140000001	0.710928	0.870763	3
2	141000001	0.722817	0.870763	3
2	142000001	0.527651	0.870763	3
2	143000001	0.983069	0.870763	3
2	144000001	0.771953	0.870763	3
2	145000001	0.755087	0.870763	3
2	146000001	0.759679	0.870763	3
2	147000001	0.592055	0.870763	3
2	148000001	1.16574	0.870763	3
2	149000001	1.28361	0.870763	3
2	150000001	3.36815	3.36815	10
2	151000001	1.03107	0.975803	3
2	152000001	1.07542	0.975803	3
2	153000001	1.09497	0.975803	3
2	154000001	1.89389	0.975803	3
2	155000001	0.945401	0.975803	3
2	156000001	0.959876	0.975803	3
2	157000001	0.878903	0.975803	3
2	158000001	1.13001	0.975803	3
2	159000001	1.32933	0.975803	3
2	160000001	0.975803	0.975803	3
2	161000001	0.978479	0.975803	3
2	162000001	0.893178	0.975803	3
2	163000001	0.720119	0.975803	3
2	164000001	0.752522	0.975803	3
2	165000001	0.846596	0.975803	3
2	166000001	2.68	2.68	8
2	167000001	0.798955	1.03486	3
2	168000001	1.27076	1.03486	3
2	169000001	4.61219	4.61219	14
2	170000001	1.10968	0.983121	3
2	171000001	0.981922	0.983121	3
2	172000001	1.32983	0.983121	3
2	173000001	1.84932	0.983121	3
2	174000001	1.21186	0.983121	3
2	175000001	1.20063	0.983121	3
2	176000001	0.968523	0.983121	3
2	177000001	0.841644	0.983121	3
2	178000001	0.959653	0.983121	3
2	179000001	0.984321	0.983121	3
2	180000001	0.860881	0.983121	3
2	181000001	1.95309	0.983121	3
2	182000001	1.05212	0.983121	3
2	183000001	0.908919	0.983121	3
2	184000001	0.816942	0.983121	3
2	185000001	0.846815	0.983121	3
2	186000001	1.0259	0.983121	3
2	187000001	0.979369	0.983121	3
2	188000001	0.623913	0.555556	2
2	189000001	0.395119	0.555556	2
2	190000001	0.505589	0.555556	2
2	191000001	0.605523	0.555556	2
2	192000001	0.697414	0.555556	2
2	193000001	0.492671	0.555556	2
2	194000001	5.07083	5.07083	15
2	195000001	0.555956	0.640645	2
2	196000001	0.770295	0.640645	2
2	197000001	0.580836	0.640645	2
2	198000001	1.2588	0.640645	2
2	199000001	0.625615	0.640645	2
2	200000001	0.535608	0.640645	2
2	201000001	0.470874	0.640645	2
2	202000001	0.682755	0.640645	2
2	203000001	0.6309	0.640645	2
2	204000001	0.65241	0.640645	2
2	205000001	0.839852	0.640645	2
2	206000001	0.897201	0.640645	2
2	207000001	0.650391	0.640645	2
2	208000001	0.748436	0.640645	2
2	209000001	0.615265	0.640645	2
2	210000001	0.502172	0.640645	2
2	211000001	0.44122	0.640645	2
2	212000001	0.42242	0.640645	2
2	213000001	0.386021	0.640645	2
2	214000001	0.65734	0.640645	2
2	215000001	0.780445	0.640645	2
2	216000001	0.558052	0.640645	2
2	217000001	0.807147	0.640645	2
2	218000001	0.744894	0.640645	2
2	219000001	0.6733	0.640645	2
2	220000001	0.867351	0.640645	2
2	221000001	1.40134	0.640645	2
2	222000001	0.550658	0.640645	2
2	223000001	0.508896	0.640645	2
2	224000001	0.448003	0.640645	2
2	225000001	3.64874	3.64874	11
2	226000001	0.864749	0.893144	3
2	227000001	0.570045	0.893144	3
2	228000001	0.64687	0.893144	3
2	229000001	1.45738	0.893144	3
2	230000001	0.99914	0.893144	3
2	231000001	1.00214	0.893144	3
2	232000001	0.788504	0.893144	3
2	233000001	0.811639	0.893144	3
2	234000001	0.939782	0.893144	3
2	235000001	1.61838	0.893144	3
2	236000001	0.921539	0.893144	3
2	237000001	0.855082	0.893144	3
2	238000001	3.03535	3.03535	9
2	239000001	1.05408	0.989499	3
2	240000001	0.924921	0.989499	3
2	241000001	1.96391	0.989499	3
2	242000001	0.865158	0.989499	3
20	1	3.04393	3.04393	9
20	1000001	1.06232	0.834752	3
20	2000001	0.852174	0.834752	3
20	3000001	0.838616	0.834752	3
20	4000001	1.16516	0.834752	3
20	5000001	0.785681	0.834752	3
20	6000001	0.985144	0.834752	3
20	7000001	0.643337	0.834752	3
20	8000001	1.3002	0.834752	3
20	9000001	0.80259	0.834752	3
20	10000001	0.91998	0.834752	3
20	11000001	0.652672	0.834752	3
20	12000001	0.73167	0.834752	3
20	13000001	0.635942	0.834752	3
20	14000001	1.38411	0.834752	3
20	15000001	0.571268	0.834752	3
20	16000001	0.862624	0.834752	3
20	17000001	0.833486	0.834752	3
20	18000001	1.23611	0.834752	3
20	19000001	0.768562	0.834752	3
20	20000001	0.836017	0.834752	3
20	21000001	0.644481	0.834752	3
20	22000001	0.627923	0.834752	3
20	23000001	1.17085	0.834752	3
20	24000001	0.841769	0.834752	3
20	25000001	0.773018	0.834752	3
20	26000001	0.838556	0.834752	3
20	27000001	0.692226	0.834752	3
20	28000001	0.811353	0.834752	3
20	29000001	0.813111	0.834752	3
20	30000001	0.837143	0.834752	3
20	31000001	1.56048	1.21856	4
20	32000001	1.27435	1.21856	4
20	33000001	1.13311	1.21856	4
20	34000001	1.04987	1.21856	4
20	35000001	1.0681	1.21856	4
20	36000001	1.1949	1.21856	4
20	37000001	1.24665	1.21856	4
20	38000001	1.43168	1.21856	4
20	39000001	0.765988	1.21856	4
20	40000001	0.854993	1.21856	4
20	41000001	1.08203	1.21856	4
20	42000001	1.32295	1.21856	4
20	43000001	0.85801	1.21856	4
20	44000001	2.07717	1.21856	4
20	45000001	1.11479	1.21856	4
20	46000001	1.09401	1.21856	4
20	47000001	1.36468	1.21856	4
20	48000001	1.61049	1.21856	4
20	49000001	1.24222	1.21856	4
20	50000001	1.27925	1.21856	4
20	51000001	0.975262	1.05992	3
20	52000001	0.783153	1.05992	3
20	53000001	1.21361	1.05992	3
20	54000001	0.995327	1.05992	3
20	55000001	0.772865	1.05992	3
20	56000001	1.0903	1.05992	3
20	57000001	1.15009	1.05992	3
20	58000001	1.02954	1.05992	3
20	59000001	1.30873	1.05992	3
20	60000001	1.28028	1.05992	3
20	61000001	1.95661	1.79658	5
20	62000001	1.90966	1.79658	5
20	63000001	1.53947	1.79658	5
20	64000001	1.68349	1.79658	5
21	1	-1	-1	7
21	1000001	-1	-1	7
21	2000001	-1	-1	7
21	3000001	-1	-1	7
21	4000001	-1	-1	7
21	5000001	2.32299	2.31977	7
21	6000001	1.59831	2.31977	7
21	7000001	2.83364	2.31977	7
21	8000001	2.31655	2.31977	7
21	9000001	1.7456	2.31977	7
21	10000001	2.77742	2.31977	7
21	11000001	0.97038	0.912105	3
21	12000001	0.501333	0.912105	3
21	13000001	0.814786	0.912105	3
21	14000001	1.49327	0.912105	3
21	15000001	0.700768	0.912105	3
21	16000001	2.19689	0.912105	3
21	17000001	0.81508	0.912105	3
21	18000001	0.697773	0.912105	3
21	19000001	0.977651	0.912105	3
21	20000001	0.919767	0.912105	3
21	21000001	0.576334	0.912105	3
21	22000001	0.981136	0.912105	3
21	23000001	1.27177	0.912105	3
21	24000001	0.715168	0.912105	3
21	25000001	0.919293	0.912105	3
21	26000001	0.874471	0.912105	3
21	27000001	0.904917	0.912105	3
21	28000001	0.950422	0.912105	3
21	29000001	1.16381	0.912105	3
21	30000001	0.765509	0.912105	3
21	31000001	1.40828	1.36968	4
21	32000001	1.33108	1.36968	4
21	33000001	1.43227	1.36968	4
21	34000001	1.24093	1.36968	4
21	35000001	2.0093	1.8701	6
21	36000001	1.44288	1.8701	6
21	37000001	1.32976	1.8701	6
21	38000001	1.28099	1.8701	6
21	39000001	1.41547	1.8701	6
21	40000001	2.21674	1.8701	6
21	41000001	2.07277	1.8701	6
21	42000001	1.88932	1.8701	6
21	43000001	2.62239	1.8701	6
21	44000001	1.59202	1.8701	6
21	45000001	2.35918	1.8701	6
21	46000001	1.85087	1.8701	6
22	1	-1	-1	3
22	1000001	-1	-1	3
22	2000001	-1	-1	3
22	3000001	-1	-1	3
22	4000001	-1	-1	3
22	5000001	-1	-1	3
22	6000001	-1	-1	3
22	7000001	-1	-1	3
22	8000001	-1	-1	3
22	9000001	-1	-1	3
22	10000001	1.09508	1.1391	3
22	11000001	1.89267	1.1391	3
22	12000001	1.90916	1.1391	3
22	13000001	0.720836	1.1391	3
22	14000001	0.613556	1.1391	3
22	15000001	1.18311	1.1391	3
22	16000001	2.40886	2.08456	6
22	17000001	1.76026	2.08456	6
22	18000001	3.99853	5.04466	15
22	19000001	5.42427	5.04466	15
22	20000001	5.38943	5.04466	15
22	21000001	4.69988	5.04466	15
22	22000001	6.5437	5.04466	15
22	23000001	3.65599	5.04466	15
22	24000001	1.545	0.922843	3
22	25000001	0.684418	0.922843	3
22	26000001	0.720619	0.922843	3
22	27000001	0.982212	0.922843	3
22	28000001	0.803394	0.922843	3
22	29000001	0.89483	0.922843	3
22	30000001	0.903986	0.922843	3
22	31000001	0.846323	0.922843	3
22	32000001	0.967043	0.922843	3
22	33000001	0.736645	0.922843	3
22	34000001	0.749331	0.922843	3
22	35000001	1.38791	0.922843	3
22	36000001	0.800216	0.922843	3
22	37000001	0.908728	0.922843	3
22	38000001	1.1143	0.922843	3
22	39000001	0.664583	0.922843	3
22	40000001	0.760732	0.922843	3
22	41000001	1.03708	0.922843	3
22	42000001	0.932764	0.922843	3
22	43000001	1.21769	0.922843	3
22	44000001	1.11112	0.922843	3
22	45000001	0.983479	0.922843	3
22	46000001	0.964724	0.922843	3
22	47000001	0.819968	0.922843	3
22	48000001	1.17462	0.922843	3
22	49000001	0.922843	0.922843	3
22	50000001	1.3917	0.922843	3
3	1	1.22499	1.17759	4
3	1000001	0.78733	1.17759	4
3	2000001	0.844654	1.17759	4
3	3000001	0.863612	1.17759	4
3	4000001	1.1156	1.17759	4
3	5000001	1.06106	1.17759	4
3	6000001	1.547	1.17759	4
3	7000001	0.77067	1.17759	4
3	8000001	1.3915	1.17759	4
3	9000001	1.33065	1.17759	4
3	10000001	1.70748	1.17759	4
3	11000001	1.17586	1.17759	4
3	12000001	1.283	1.17759	4
3	13000001	2.0267	1.17759	4
3	14000001	1.57266	1.17759	4
3	15000001	1.10233	1.17759	4
3	16000001	1.13769	1.17759	4
3	17000001	1.33026	1.17759	4
3	18000001	1.253	1.17759	4
3	19000001	0.830511	1.17759	4
3	20000001	0.959819	1.17759	4
3	21000001	0.947496	1.17759	4
3	22000001	1.12304	1.17759	4
3	23000001	1.04131	1.17759	4
3	24000001	0.85555	1.17759	4
3	25000001	0.981361	1.17759	4
3	26000001	0.938832	1.17759	4
3	27000001	0.986983	1.17759	4
3	28000001	0.747523	1.17759	4
3	29000001	0.716425	1.17759	4
3	30000001	1.06211	1.17759	4
3	31000001	1.17932	1.17759	4
3	32000001	1.23079	1.17759	4
3	33000001	1.42535	1.17759	4
3	34000001	1.23968	1.17759	4
3	35000001	1.75266	1.17759	4
3	36000001	1.01601	1.17759	4
3	37000001	1.29944	1.17759	4
3	38000001	2.08277	1.17759	4
3	39000001	1.31409	1.17759	4
3	40000001	1.0705	1.17759	4
3	41000001	1.11547	1.17759	4
3	42000001	1.35046	1.17759	4
3	43000001	1.51561	1.17759	4
3	44000001	1.33485	1.17759	4
3	45000001	1.29203	1.17759	4
3	46000001	1.55539	1.17759	4
3	47000001	1.28676	1.17759	4
3	48000001	0.846207	0.712301	2
3	49000001	1.03696	0.712301	2
3	50000001	0.821342	0.712301	2
3	51000001	0.97825	0.712301	2
3	52000001	0.846556	0.712301	2
3	53000001	0.71321	0.712301	2
3	54000001	0.712301	0.712301	2
3	55000001	0.522085	0.712301	2
3	56000001	0.849235	0.712301	2
3	57000001	0.712377	0.712301	2
3	58000001	0.728931	0.712301	2
3	59000001	0.535658	0.712301	2
3	60000001	0.499845	0.712301	2
3	61000001	0.558136	0.712301	2
3	62000001	0.525188	0.712301	2
3	63000001	0.537625	0.712301	2
3	64000001	0.610639	0.712301	2
3	65000001	0.618358	0.712301	2
3	66000001	0.724179	0.712301	2
3	67000001	0.649993	0.712301	2
3	68000001	0.625183	0.712301	2
3	69000001	0.737282	0.712301	2
3	70000001	0.655841	0.712301	2
3	71000001	0.569957	0.712301	2
3	72000001	0.699039	0.712301	2
3	73000001	0.461952	0.712301	2
3	74000001	0.404566	0.712301	2
3	75000001	1.07461	0.712301	2
3	76000001	0.52211	0.712301	2
3	77000001	0.621978	0.712301	2
3	78000001	0.56334	0.712301	2
3	79000001	0.912109	0.712301	2
3	80000001	1.65576	0.712301	2
3	81000001	0.916526	0.712301	2
3	82000001	1.37336	0.712301	2
3	83000001	0.518583	0.712301	2
3	84000001	0.866753	0.712301	2
3	85000001	0.970945	0.712301	2
3	86000001	0.650769	0.712301	2
3	87000001	1.05535	0.712301	2
3	88000001	1.17912	0.712301	2
3	89000001	0.966545	0.712301	2
3	90000001	0.634663	0.712301	2
3	91000001	0.624086	0.712301	2
3	92000001	0.609939	0.712301	2
3	93000001	0.622736	0.712301	2
3	94000001	0.707581	0.712301	2
3	95000001	0.681314	0.712301	2
3	96000001	1.3394	0.712301	2
3	97000001	1.73992	0.712301	2
3	98000001	0.993417	0.712301	2
3	99000001	0.905972	0.712301	2
3	100000001	0.781632	0.712301	2
3	101000001	0.518223	0.712301	2
3	102000001	0.574508	0.712301	2
3	103000001	0.616126	0.712301	2
3	104000001	0.944797	0.712301	2
3	105000001	0.435523	0.712301	2
3	106000001	0.497602	0.712301	2
3	107000001	0.529496	0.712301	2
3	108000001	0.476698	0.712301	2
3	109000001	0.81316	0.712301	2
3	110000001	0.861811	0.712301	2
3	111000001	1.38231	0.712301	2
3	112000001	0.752197	0.712301	2
3	113000001	0.607637	0.712301	2
3	114000001	0.68204	0.712301	2
3	115000001	0.540895	0.712301	2
3	116000001	0.387641	0.712301	2
3	117000001	0.517983	0.712301	2
3	118000001	0.628089	0.712301	2
3	119000001	0.507689	0.712301	2
3	120000001	0.782358	0.712301	2
3	121000001	1.01153	0.712301	2
3	122000001	0.537887	0.712301	2
3	123000001	0.975147	0.712301	2
3	124000001	0.998085	0.712301	2
3	125000001	0.645029	0.712301	2
3	126000001	0.901513	0.712301	2
3	127000001	0.712649	0.712301	2
3	128000001	1.11833	0.712301	2
3	129000001	1.10076	0.712301	2
3	130000001	0.568051	0.712301	2
3	131000001	0.681583	0.712301	2
3	132000001	0.797543	0.712301	2
3	133000001	0.735581	0.712301	2
3	134000001	0.856035	0.712301	2
3	135000001	0.986797	0.712301	2
3	136000001	0.77078	0.712301	2
3	137000001	0.989228	0.985349	3
3	138000001	1.57084	0.985349	3
3	139000001	1.68898	0.985349	3
3	140000001	0.98016	0.985349	3
3	141000001	0.842727	0.985349	3
3	142000001	0.981471	0.985349	3
3	143000001	3.33972	3.33972	10
3	144000001	1.2602	0.825433	2
3	145000001	0.971956	0.825433	2
3	146000001	0.709381	0.825433	2
3	147000001	0.959926	0.825433	2
3	148000001	1.02237	0.825433	2
3	149000001	0.830682	0.825433	2
3	150000001	0.85086	0.825433	2
3	151000001	1.01727	0.825433	2
3	152000001	1.19751	0.825433	2
3	153000001	0.926522	0.825433	2
3	154000001	0.86132	0.825433	2
3	155000001	0.825433	0.825433	2
3	156000001	0.827831	0.825433	2
3	157000001	0.746435	0.825433	2
3	158000001	0.857151	0.825433	2
3	159000001	1.10965	0.825433	2
3	160000001	1.10599	0.825433	2
3	161000001	0.847348	0.825433	2
3	162000001	0.778327	0.825433	2
3	163000001	0.645563	0.825433	2
3	164000001	0.739544	0.825433	2
3	165000001	0.738322	0.825433	2
3	166000001	0.816367	0.825433	2
3	167000001	0.834802	0.825433	2
3	168000001	0.596646	0.825433	2
3	169000001	1.06503	0.825433	2
3	170000001	0.626062	0.825433	2
3	171000001	0.770675	0.825433	2
3	172000001	0.787324	0.825433	2
3	173000001	0.708485	0.825433	2
3	174000001	0.690179	0.825433	2
3	175000001	0.79596	0.825433	2
3	176000001	0.805817	0.825433	2
3	177000001	0.93185	0.825433	2
3	178000001	0.716367	0.825433	2
3	179000001	0.793475	0.825433	2
3	180000001	0.724699	0.825433	2
3	181000001	2.22449	0.971047	3
3	182000001	0.935893	0.971047	3
3	183000001	0.897768	0.971047	3
3	184000001	0.869624	0.971047	3
3	185000001	0.922468	0.971047	3
3	186000001	2.64642	0.971047	3
3	187000001	1.02992	0.971047	3
3	188000001	1.50157	0.971047	3
3	189000001	0.647821	0.971047	3
3	190000001	0.619237	0.971047	3
3	191000001	0.645923	0.971047	3
3	192000001	0.732666	0.971047	3
3	193000001	0.985332	0.971047	3
3	194000001	1.49427	0.971047	3
3	195000001	1.234	0.971047	3
3	196000001	1.36592	0.971047	3
3	197000001	0.956762	0.971047	3
3	198000001	2.1331	0.971047	3
4	1	1.48186	1.51868	5
4	1000001	1.73151	1.51868	5
4	2000001	1.70788	1.51868	5
4	3000001	1.61763	1.51868	5
4	4000001	1.241	1.51868	5
4	5000001	1.56379	1.51868	5
4	6000001	1.21031	1.51868	5
4	7000001	1.73014	1.51868	5
4	8000001	1.51868	1.51868	5
4	9000001	1.25611	1.51868	5
4	10000001	1.13723	1.51868	5
4	11000001	0.837125	1.51868	5
4	12000001	1.61595	1.51868	5
4	13000001	0.804408	1.51868	5
4	14000001	2.05691	1.51868	5
4	15000001	0.86986	0.794744	2
4	16000001	1.0649	0.794744	2
4	17000001	1.03734	0.794744	2
4	18000001	0.611147	0.794744	2
4	19000001	0.823426	0.794744	2
4	20000001	0.795298	0.794744	2
4	21000001	0.616846	0.794744	2
4	22000001	0.700976	0.794744	2
4	23000001	0.820468	0.794744	2
4	24000001	0.88214	0.794744	2
4	25000001	0.727195	0.794744	2
4	26000001	1.03397	0.794744	2
4	27000001	0.7735	0.794744	2
4	28000001	0.766983	0.794744	2
4	29000001	0.620243	0.794744	2
4	30000001	0.660233	0.794744	2
4	31000001	0.601437	0.794744	2
4	32000001	1.68713	0.794744	2
4	33000001	0.959587	0.794744	2
4	34000001	0.75892	0.794744	2
4	35000001	0.80268	0.794744	2
4	36000001	0.708508	0.794744	2
4	37000001	0.79419	0.794744	2
4	38000001	0.884827	0.794744	2
4	39000001	6.98029	6.98029	21
4	40000001	1.1247	0.941373	3
4	41000001	0.759517	0.941373	3
4	42000001	0.941373	0.941373	3
4	43000001	3.56363	3.56363	11
4	44000001	0.767482	0.797135	2
4	45000001	0.613525	0.797135	2
4	46000001	0.620328	0.797135	2
4	47000001	0.751807	0.797135	2
4	48000001	0.979451	0.797135	2
4	49000001	1.74834	0.797135	2
4	50000001	0.573827	0.797135	2
4	51000001	0.622501	0.797135	2
4	52000001	0.944728	0.797135	2
4	53000001	0.947238	0.797135	2
4	54000001	0.848613	0.797135	2
4	55000001	0.840696	0.797135	2
4	56000001	1.06623	0.797135	2
4	57000001	0.942532	0.797135	2
4	58000001	0.776155	0.797135	2
4	59000001	0.721948	0.797135	2
4	60000001	0.893139	0.797135	2
4	61000001	0.634724	0.797135	2
4	62000001	0.76461	0.797135	2
4	63000001	1.1799	0.797135	2
4	64000001	0.756356	0.797135	2
4	65000001	0.703245	0.797135	2
4	66000001	0.853435	0.797135	2
4	67000001	0.818116	0.797135	2
4	68000001	0.994658	0.797135	2
4	69000001	0.747532	0.797135	2
4	70000001	4.12255	4.12255	12
4	71000001	0.862522	0.906261	3
4	72000001	1.38638	0.906261	3
4	73000001	0.808471	0.906261	3
4	74000001	0.850966	0.906261	3
4	75000001	1.00633	0.906261	3
4	76000001	0.812184	0.906261	3
4	77000001	0.800274	0.906261	3
4	78000001	0.906479	0.906261	3
4	79000001	0.887714	0.906261	3
4	80000001	1.84423	0.906261	3
4	81000001	0.759698	0.906261	3
4	82000001	0.906042	0.906261	3
4	83000001	1.19956	0.906261	3
4	84000001	0.924019	0.906261	3
4	85000001	1.71355	0.906261	3
4	86000001	0.850135	0.906261	3
4	87000001	1.30697	0.906261	3
4	88000001	0.952055	0.906261	3
4	89000001	0.78978	0.785803	2
4	90000001	0.952607	0.785803	2
4	91000001	0.863698	0.785803	2
4	92000001	0.560757	0.785803	2
4	93000001	0.975991	0.785803	2
4	94000001	0.71348	0.785803	2
4	95000001	0.869556	0.785803	2
4	96000001	0.734935	0.785803	2
4	97000001	1.20326	0.785803	2
4	98000001	0.759788	0.785803	2
4	99000001	0.715444	0.785803	2
4	100000001	0.781826	0.785803	2
4	101000001	0.553586	0.785803	2
4	102000001	0.949019	0.785803	2
4	103000001	0.990932	0.785803	2
4	104000001	1.27768	0.785803	2
4	105000001	0.95286	0.785803	2
4	106000001	0.767852	0.785803	2
4	107000001	0.639395	0.785803	2
4	108000001	0.714132	0.785803	2
4	109000001	1.97745	1.97745	6
4	110000001	0.942698	0.842712	3
4	111000001	0.881774	0.842712	3
4	112000001	0.754071	0.842712	3
4	113000001	1.06708	0.842712	3
4	114000001	0.977855	0.842712	3
4	115000001	0.563655	0.842712	3
4	116000001	0.977379	0.842712	3
4	117000001	0.942428	0.842712	3
4	118000001	0.862754	0.842712	3
4	119000001	0.896932	0.842712	3
4	120000001	0.961649	0.842712	3
4	121000001	0.575159	0.842712	3
4	122000001	0.975454	0.842712	3
4	123000001	0.893015	0.842712	3
4	124000001	0.842712	0.842712	3
4	125000001	0.838547	0.842712	3
4	126000001	0.637582	0.842712	3
4	127000001	0.624787	0.842712	3
4	128000001	0.904443	0.842712	3
4	129000001	0.888322	0.842712	3
4	130000001	0.709609	0.842712	3
4	131000001	0.856203	0.842712	3
4	132000001	0.638378	0.842712	3
4	133000001	0.878922	0.842712	3
4	134000001	0.843071	0.842712	3
4	135000001	0.681568	0.842712	3
4	136000001	0.611426	0.842712	3
4	137000001	0.720987	0.842712	3
4	138000001	0.861837	0.842712	3
4	139000001	0.700959	0.842712	3
4	140000001	0.946142	0.842712	3
4	141000001	0.829654	0.842712	3
4	142000001	0.737562	0.842712	3
4	143000001	0.806409	0.842712	3
4	144000001	0.777779	0.842712	3
4	145000001	0.868968	0.842712	3
4	146000001	0.943449	0.842712	3
4	147000001	1.07819	0.842712	3
4	148000001	1.70661	0.842712	3
4	149000001	0.779175	0.842712	3
4	150000001	0.937276	0.842712	3
4	151000001	0.956337	0.842712	3
4	152000001	0.97935	0.842712	3
4	153000001	1.18835	0.842712	3
4	154000001	0.773794	0.842712	3
4	155000001	0.877777	0.842712	3
4	156000001	0.641618	0.842712	3
4	157000001	0.826053	0.842712	3
4	158000001	0.849039	0.842712	3
4	159000001	0.451608	0.842712	3
4	160000001	0.465432	0.842712	3
4	161000001	0.229082	0.842712	3
4	162000001	0.729626	0.842712	3
4	163000001	0.748813	0.842712	3
4	164000001	0.765426	0.842712	3
4	165000001	1.30716	0.842712	3
4	166000001	0.670575	0.842712	3
4	167000001	1.09265	0.842712	3
4	168000001	0.743082	0.842712	3
4	169000001	0.694815	0.842712	3
4	170000001	0.80505	0.842712	3
4	171000001	0.940466	0.842712	3
4	172000001	0.918403	0.842712	3
4	173000001	0.822291	0.842712	3
4	174000001	0.82089	0.842712	3
4	175000001	1.2962	1.0308	3
4	176000001	1.7335	1.0308	3
4	177000001	0.947231	1.0308	3
4	178000001	0.869298	1.0308	3
4	179000001	0.835808	1.0308	3
4	180000001	1.01827	1.0308	3
4	181000001	1.10309	1.0308	3
4	182000001	0.939353	1.0308	3
4	183000001	1.06625	1.0308	3
4	184000001	1.02885	1.0308	3
4	185000001	1.03275	1.0308	3
4	186000001	1.41749	1.0308	3
4	187000001	0.857501	1.0308	3
4	188000001	1.24186	1.0308	3
4	189000001	0.985935	1.0308	3
4	190000001	3.46828	1.0308	3
5	1	2.04246	2.18474	7
5	1000001	2.32702	2.18474	7
5	2000001	1.70758	1.37257	4
5	3000001	1.5789	1.37257	4
5	4000001	1.18272	1.37257	4
5	5000001	1.27737	1.37257	4
5	6000001	1.64082	1.37257	4
5	7000001	1.38333	1.37257	4
5	8000001	1.15101	1.37257	4
5	9000001	1.36181	1.37257	4
5	10000001	1.30857	1.37257	4
5	11000001	1.41948	1.37257	4
5	12000001	0.976655	1.02671	3
5	13000001	1.02671	1.02671	3
5	14000001	1.34761	1.02671	3
5	15000001	1.01475	1.02671	3
5	16000001	1.32885	1.02671	3
5	17000001	0.92032	1.02671	3
5	18000001	1.10773	1.02671	3
5	19000001	1.04288	1.02671	3
5	20000001	0.912483	1.02671	3
5	21000001	2.57873	2.57873	8
5	22000001	0.629934	1.04149	3
5	23000001	0.957002	1.04149	3
5	24000001	0.605942	1.04149	3
5	25000001	1.20703	1.04149	3
5	26000001	1.14752	1.04149	3
5	27000001	1.04149	1.04149	3
5	28000001	1.03165	1.04149	3
5	29000001	0.9741	1.04149	3
5	30000001	1.05779	1.04149	3
5	31000001	1.36647	1.04149	3
5	32000001	1.06689	1.04149	3
5	33000001	3.0864	3.0864	9
5	34000001	1.03868	1.06796	3
5	35000001	1.04129	1.06796	3
5	36000001	1.05333	1.06796	3
5	37000001	0.945797	1.06796	3
5	38000001	1.35187	1.06796	3
5	39000001	1.21934	1.06796	3
5	40000001	1.05816	1.06796	3
5	41000001	1.06796	1.06796	3
5	42000001	1.33796	1.06796	3
5	43000001	1.4402	1.06796	3
5	44000001	0.946947	1.06796	3
5	45000001	1.02528	1.06796	3
5	46000001	0.749317	1.06796	3
5	47000001	1.3471	1.06796	3
5	48000001	1.56806	1.06796	3
5	49000001	1.5258	1.06796	3
5	50000001	1.24494	1.06796	3
5	51000001	0.600557	0.821275	2
5	52000001	0.57731	0.821275	2
5	53000001	0.838408	0.821275	2
5	54000001	1.14093	0.821275	2
5	55000001	0.739036	0.821275	2
5	56000001	0.795274	0.821275	2
5	57000001	0.853313	0.821275	2
5	58000001	0.992731	0.821275	2
5	59000001	0.952836	0.821275	2
5	60000001	1.71796	0.821275	2
5	61000001	0.975706	0.821275	2
5	62000001	0.697195	0.821275	2
5	63000001	0.709327	0.821275	2
5	64000001	0.850751	0.821275	2
5	65000001	0.947568	0.821275	2
5	66000001	0.961971	0.821275	2
5	67000001	0.691819	0.821275	2
5	68000001	0.814903	0.821275	2
5	69000001	0.906383	0.821275	2
5	70000001	0.760555	0.821275	2
5	71000001	1.06762	0.821275	2
5	72000001	0.844119	0.821275	2
5	73000001	1.0031	0.821275	2
5	74000001	0.882484	0.821275	2
5	75000001	0.823725	0.821275	2
5	76000001	0.688685	0.821275	2
5	77000001	0.764175	0.821275	2
5	78000001	0.953505	0.821275	2
5	79000001	1.00451	0.821275	2
5	80000001	1.03832	0.821275	2
5	81000001	1.10369	0.821275	2
5	82000001	1.08624	0.821275	2
5	83000001	0.781919	0.821275	2
5	84000001	0.527402	0.821275	2
5	85000001	0.937959	0.821275	2
5	86000001	1.62938	0.821275	2
5	87000001	0.890339	0.821275	2
5	88000001	0.711733	0.821275	2
5	89000001	0.637582	0.821275	2
5	90000001	0.774069	0.821275	2
5	91000001	0.755063	0.821275	2
5	92000001	0.818825	0.821275	2
5	93000001	0.768257	0.821275	2
5	94000001	0.775016	0.821275	2
5	95000001	0.666835	0.821275	2
5	96000001	0.716506	0.821275	2
5	97000001	1.20368	0.821275	2
5	98000001	0.84884	0.821275	2
5	99000001	0.721869	0.821275	2
5	100000001	0.900768	0.821275	2
5	101000001	0.798001	0.821275	2
5	102000001	0.767581	0.821275	2
5	103000001	0.724817	0.821275	2
5	104000001	0.878758	0.821275	2
5	105000001	0.862168	0.821275	2
5	106000001	0.974255	0.821275	2
5	107000001	0.738084	0.821275	2
5	108000001	0.895236	0.821275	2
5	109000001	0.718056	0.821275	2
5	110000001	0.681628	0.821275	2
5	111000001	0.669425	0.821275	2
5	112000001	0.7826	0.821275	2
5	113000001	0.738951	0.821275	2
5	114000001	0.981388	0.821275	2
5	115000001	0.659102	0.821275	2
5	116000001	0.726555	0.821275	2
5	117000001	0.751215	0.821275	2
5	118000001	0.989028	0.821275	2
5	119000001	0.919396	0.821275	2
5	120000001	0.578669	0.821275	2
5	121000001	0.816095	0.821275	2
5	122000001	0.686036	0.821275	2
5	123000001	1.0248	0.821275	2
5	124000001	0.988413	0.821275	2
5	125000001	0.920706	0.821275	2
5	126000001	0.845762	0.821275	2
5	127000001	0.878961	0.821275	2
5	128000001	0.642238	0.821275	2
5	129000001	0.753662	0.821275	2
5	130000001	0.664735	0.821275	2
5	131000001	0.849886	0.821275	2
5	132000001	0.953496	0.821275	2
5	133000001	1.36852	1.15047	3
5	134000001	1.36911	1.15047	3
5	135000001	1.11951	1.15047	3
5	136000001	0.973896	1.15047	3
5	137000001	0.812044	1.15047	3
5	138000001	1.17226	1.15047	3
5	139000001	1.48866	1.15047	3
5	140000001	1.03246	1.15047	3
5	141000001	1.15047	1.15047	3
5	142000001	2.42738	2.42738	7
5	143000001	0.934097	0.934489	3
5	144000001	0.744011	0.934489	3
5	145000001	2.19015	0.934489	3
5	146000001	1.03273	0.934489	3
5	147000001	0.823594	0.934489	3
5	148000001	0.934882	0.934489	3
5	149000001	2.72188	2.72188	8
5	150000001	1.12422	0.923363	3
5	151000001	0.986318	0.923363	3
5	152000001	0.830966	0.923363	3
5	153000001	1.0281	0.923363	3
5	154000001	1.0706	0.923363	3
5	155000001	0.683535	0.923363	3
5	156000001	0.848542	0.923363	3
5	157000001	0.828945	0.923363	3
5	158000001	0.90494	0.923363	3
5	159000001	1.06189	0.923363	3
5	160000001	1.092	0.923363	3
5	161000001	0.763934	0.923363	3
5	162000001	0.640025	0.923363	3
5	163000001	0.73991	0.923363	3
5	164000001	0.711138	0.923363	3
5	165000001	0.848091	0.923363	3
5	166000001	0.786957	0.923363	3
5	167000001	0.856494	0.923363	3
5	168000001	1.32693	0.923363	3
5	169000001	0.849787	0.923363	3
5	170000001	1.16548	0.923363	3
5	171000001	1.14306	0.923363	3
5	172000001	1.34593	0.923363	3
5	173000001	1.1049	0.923363	3
5	174000001	1.03967	0.923363	3
5	175000001	0.941785	0.923363	3
5	176000001	1.68793	1.47929	4
5	177000001	1.54147	1.47929	4
5	178000001	1.48252	1.47929	4
5	179000001	1.20657	1.47929	4
5	180000001	1.22604	1.47929	4
5	181000001	1.47606	1.47929	4
6	1	1.37003	1.37003	4
6	1000001	1.52677	1.37003	4
6	2000001	1.26444	1.37003	4
6	3000001	1.42233	1.37003	4
6	4000001	1.50034	1.37003	4
6	5000001	1.30517	1.37003	4
6	6000001	1.30383	1.37003	4
6	7000001	1.09416	1.13284	3
6	8000001	0.957969	1.13284	3
6	9000001	1.10651	1.13284	3
6	10000001	1.16217	1.13284	3
6	11000001	1.29276	1.13284	3
6	12000001	0.930033	1.13284	3
6	13000001	1.22998	1.13284	3
6	14000001	1.50805	1.13284	3
6	15000001	1.13284	1.13284	3
6	16000001	0.9632	1.13284	3
6	17000001	1.24145	1.13284	3
6	18000001	0.766211	0.920785	3
6	19000001	1.01505	0.920785	3
6	20000001	0.852538	0.920785	3
6	21000001	0.924665	0.920785	3
6	22000001	1.00901	0.920785	3
6	23000001	0.916905	0.920785	3
6	24000001	1.48327	1.37217	4
6	25000001	1.25322	1.37217	4
6	26000001	1.1939	1.37217	4
6	27000001	1.01463	1.37217	4
6	28000001	1.14212	1.37217	4
6	29000001	1.50066	1.37217	4
6	30000001	1.36277	1.37217	4
6	31000001	1.86061	1.37217	4
6	32000001	1.22955	1.37217	4
6	33000001	1.47426	1.37217	4
6	34000001	1.10165	1.37217	4
6	35000001	1.63831	1.37217	4
6	36000001	1.39281	1.37217	4
6	37000001	1.67366	1.37217	4
6	38000001	1.33777	1.37217	4
6	39000001	1.24712	1.37217	4
6	40000001	1.45361	1.37217	4
6	41000001	1.39728	1.37217	4
6	42000001	1.46141	1.37217	4
6	43000001	1.6977	1.37217	4
6	44000001	1.35695	1.37217	4
6	45000001	0.985384	1.37217	4
6	46000001	1.56203	1.37217	4
6	47000001	1.12775	1.37217	4
6	48000001	1.38158	1.37217	4
6	49000001	1.33586	1.37217	4
6	50000001	1.15436	0.973478	3
6	51000001	0.802954	0.973478	3
6	52000001	1.01336	0.973478	3
6	53000001	0.828327	0.973478	3
6	54000001	1.5561	0.973478	3
6	55000001	0.889432	0.973478	3
6	56000001	1.09026	0.973478	3
6	57000001	0.973478	0.973478	3
6	58000001	0.960577	0.973478	3
6	59000001	0.738762	0.973478	3
6	60000001	1.79227	0.973478	3
6	61000001	0.703285	0.831813	2
6	62000001	0.794075	0.831813	2
6	63000001	1.06587	0.831813	2
6	64000001	0.811342	0.831813	2
6	65000001	0.713726	0.831813	2
6	66000001	0.53472	0.831813	2
6	67000001	1.05659	0.831813	2
6	68000001	0.669939	0.831813	2
6	69000001	0.69137	0.831813	2
6	70000001	1.1712	0.831813	2
6	71000001	0.667163	0.831813	2
6	72000001	0.841219	0.831813	2
6	73000001	1.09531	0.831813	2
6	74000001	1.03841	0.831813	2
6	75000001	0.71528	0.831813	2
6	76000001	0.733869	0.831813	2
6	77000001	0.936696	0.831813	2
6	78000001	0.831813	0.831813	2
6	79000001	0.662725	0.831813	2
6	80000001	1.01098	0.831813	2
6	81000001	0.940068	0.831813	2
6	82000001	1.08927	0.831813	2
6	83000001	0.739123	0.831813	2
6	84000001	1.10969	0.831813	2
6	85000001	0.956444	0.831813	2
6	86000001	0.976895	0.831813	2
6	87000001	0.882947	0.831813	2
6	88000001	0.946708	0.831813	2
6	89000001	0.798598	0.831813	2
6	90000001	0.815392	0.831813	2
6	91000001	0.778447	0.831813	2
6	92000001	0.646358	0.831813	2
6	93000001	0.527347	0.831813	2
6	94000001	0.691991	0.831813	2
6	95000001	1.08224	0.831813	2
6	96000001	0.744118	0.831813	2
6	97000001	0.742982	0.831813	2
6	98000001	0.619034	0.831813	2
6	99000001	0.857993	0.831813	2
6	100000001	0.660928	0.831813	2
6	101000001	1.23868	0.831813	2
6	102000001	1.05935	0.831813	2
6	103000001	0.96472	0.831813	2
6	104000001	0.831921	0.831813	2
6	105000001	0.910809	0.831813	2
6	106000001	1.09405	0.831813	2
6	107000001	1.20877	0.831813	2
6	108000001	1.03378	0.831813	2
6	109000001	1.02928	0.831813	2
6	110000001	0.909727	0.831813	2
6	111000001	0.825873	0.831813	2
6	112000001	1.16171	0.831813	2
6	113000001	0.813655	0.831813	2
6	114000001	1.01228	0.831813	2
6	115000001	0.784523	0.831813	2
6	116000001	0.710445	0.831813	2
6	117000001	0.895604	0.831813	2
6	118000001	0.758304	0.831813	2
6	119000001	0.88049	0.831813	2
6	120000001	0.948945	0.831813	2
6	121000001	0.928725	0.831813	2
6	122000001	0.797296	0.831813	2
6	123000001	0.734775	0.831813	2
6	124000001	0.779837	0.831813	2
6	125000001	0.76806	0.831813	2
6	126000001	0.718591	0.831813	2
6	127000001	0.739509	0.831813	2
6	128000001	0.849116	0.831813	2
6	129000001	0.799318	0.831813	2
6	130000001	0.762134	0.831813	2
6	131000001	1.05562	0.831813	2
6	132000001	0.870318	0.831813	2
6	133000001	0.596721	0.831813	2
6	134000001	1.18099	0.992937	3
6	135000001	0.991455	0.992937	3
6	136000001	0.979358	0.992937	3
6	137000001	1.11077	0.992937	3
6	138000001	0.914239	0.992937	3
6	139000001	0.97825	0.992937	3
6	140000001	1.13988	0.992937	3
6	141000001	1.14903	0.992937	3
6	142000001	1.44217	0.992937	3
6	143000001	0.99442	0.992937	3
6	144000001	0.957696	0.992937	3
6	145000001	0.953855	0.992937	3
6	146000001	0.874821	0.992937	3
6	147000001	1.0052	0.992937	3
6	148000001	1.21176	0.992937	3
6	149000001	0.981964	0.992937	3
6	150000001	1.43135	0.992937	3
6	151000001	1.01553	0.992937	3
6	152000001	0.941511	0.992937	3
6	153000001	0.965642	0.992937	3
6	154000001	1.28181	1.4008	4
6	155000001	1.58656	1.4008	4
6	156000001	1.13051	1.4008	4
6	157000001	1.64928	1.4008	4
6	158000001	1.41994	1.4008	4
6	159000001	1.3033	1.4008	4
6	160000001	1.5411	1.4008	4
6	161000001	1.4008	1.4008	4
6	162000001	1.84565	1.4008	4
6	163000001	1.02165	1.4008	4
6	164000001	1.06981	1.4008	4
6	165000001	1.31423	1.4008	4
6	166000001	1.53632	1.4008	4
6	167000001	2.3076	2.08499	6
6	168000001	2.23491	2.08499	6
6	169000001	1.86892	2.08499	6
6	170000001	1.93507	2.08499	6
7	1	1.96893	1.4618	4
7	1000001	1.68042	1.4618	4
7	2000001	1.51354	1.4618	4
7	3000001	1.01898	1.4618	4
7	4000001	1.17916	1.4618	4
7	5000001	1.41007	1.4618	4
7	6000001	1.26707	1.4618	4
7	7000001	1.73137	1.4618	4
7	8000001	0.76411	0.901627	3
7	9000001	0.670723	0.901627	3
7	10000001	0.895446	0.901627	3
7	11000001	0.944927	0.901627	3
7	12000001	1.01621	0.901627	3
7	13000001	0.860716	0.901627	3
7	14000001	0.840575	0.901627	3
7	15000001	0.845944	0.901627	3
7	16000001	0.881302	0.901627	3
7	17000001	0.824641	0.901627	3
7	18000001	0.907807	0.901627	3
7	19000001	0.746956	0.901627	3
7	20000001	1.71276	0.901627	3
7	21000001	0.724786	0.901627	3
7	22000001	0.809794	0.901627	3
7	23000001	0.787148	0.901627	3
7	24000001	1.1348	0.901627	3
7	25000001	1.12487	0.901627	3
7	26000001	0.885217	0.901627	3
7	27000001	0.857382	0.901627	3
7	28000001	0.791316	0.901627	3
7	29000001	0.980922	0.901627	3
7	30000001	0.984923	0.901627	3
7	31000001	1.08439	0.901627	3
7	32000001	0.829969	0.901627	3
7	33000001	0.751125	0.901627	3
7	34000001	0.951442	0.901627	3
7	35000001	1.27606	0.901627	3
7	36000001	1.32814	0.901627	3
7	37000001	0.930857	0.901627	3
7	38000001	0.85366	0.901627	3
7	39000001	0.949762	0.901627	3
7	40000001	0.774857	0.901627	3
7	41000001	0.995451	0.901627	3
7	42000001	0.926029	0.901627	3
7	43000001	0.948435	0.901627	3
7	44000001	1.07594	0.901627	3
7	45000001	1.16747	0.901627	3
7	46000001	0.871866	0.901627	3
7	47000001	1.39434	0.901627	3
7	48000001	0.598775	0.901627	3
7	49000001	1.75419	0.901627	3
7	50000001	1.03958	0.901627	3
7	51000001	0.82676	0.901627	3
7	52000001	1.00153	0.901627	3
7	53000001	0.568556	0.901627	3
7	54000001	2.6813	2.6813	8
7	55000001	0.947137	1.38076	4
7	56000001	1.63843	1.38076	4
7	57000001	0.962409	1.38076	4
7	58000001	1.5047	1.38076	4
7	59000001	1.3522	1.38076	4
7	60000001	1.25931	1.38076	4
7	61000001	1.31443	1.38076	4
7	62000001	0.991886	1.38076	4
7	63000001	1.26675	1.38076	4
7	64000001	1.01275	1.38076	4
7	65000001	2.07799	1.38076	4
7	66000001	1.29127	1.38076	4
7	67000001	1.30309	1.38076	4
7	68000001	1.65975	1.38076	4
7	69000001	1.01383	1.38076	4
7	70000001	1.93457	1.38076	4
7	71000001	1.40932	1.38076	4
7	72000001	1.50249	1.38076	4
7	73000001	2.12346	1.38076	4
7	74000001	1.67358	1.38076	4
7	75000001	1.4744	1.38076	4
7	76000001	1.48242	1.38076	4
7	77000001	0.978481	0.961384	3
7	78000001	0.786365	0.961384	3
7	79000001	1.48526	0.961384	3
7	80000001	0.979114	0.961384	3
7	81000001	0.8271	0.961384	3
7	82000001	1.48006	0.961384	3
7	83000001	0.963924	0.961384	3
7	84000001	1.36515	0.961384	3
7	85000001	0.958843	0.961384	3
7	86000001	0.797532	0.961384	3
7	87000001	0.986734	0.961384	3
7	88000001	0.841924	0.961384	3
7	89000001	1.21631	0.961384	3
7	90000001	0.907278	0.961384	3
7	91000001	1.09063	0.961384	3
7	92000001	0.907728	0.961384	3
7	93000001	0.781171	0.961384	3
7	94000001	0.827355	0.961384	3
7	95000001	0.804227	0.961384	3
7	96000001	0.785494	0.961384	3
7	97000001	1.1976	0.961384	3
7	98000001	1.26538	0.961384	3
7	99000001	1.73766	1.81312	5
7	100000001	2.32297	1.81312	5
7	101000001	1.81312	1.81312	5
7	102000001	1.16926	1.30175	4
7	103000001	1.06782	1.30175	4
7	104000001	0.855791	1.30175	4
7	105000001	1.4166	1.30175	4
7	106000001	1.3688	1.30175	4
7	107000001	1.63794	1.30175	4
7	108000001	1.33074	1.30175	4
7	109000001	1.09753	1.30175	4
7	110000001	1.13634	1.30175	4
7	111000001	1.5388	1.30175	4
7	112000001	2.77199	1.30175	4
7	113000001	1.22686	1.30175	4
7	114000001	2.25754	1.30175	4
7	115000001	1.21252	1.30175	4
7	116000001	1.14736	1.30175	4
7	117000001	1.2827	1.30175	4
7	118000001	1.07054	1.30175	4
7	119000001	1.22615	1.30175	4
7	120000001	1.44813	1.30175	4
7	121000001	1.17369	1.30175	4
7	122000001	1.08082	1.30175	4
7	123000001	1.11469	1.30175	4
7	124000001	1.27242	1.30175	4
7	125000001	1.29313	1.30175	4
7	126000001	1.2018	1.30175	4
7	127000001	1.54294	1.30175	4
7	128000001	1.52576	1.30175	4
7	129000001	1.56792	1.30175	4
7	130000001	1.69736	1.30175	4
7	131000001	1.44401	1.30175	4
7	132000001	2.10293	1.30175	4
7	133000001	1.08826	1.30175	4
7	134000001	1.67374	1.30175	4
7	135000001	1.28374	1.30175	4
7	136000001	1.17621	1.30175	4
7	137000001	1.52332	1.30175	4
7	138000001	1.55328	1.30175	4
7	139000001	2.09926	1.30175	4
7	140000001	1.76815	1.30175	4
7	141000001	1.4098	1.30175	4
7	142000001	2.49608	1.30175	4
7	143000001	1.64323	1.30175	4
7	144000001	1.39592	1.30175	4
7	145000001	1.30175	1.30175	4
7	146000001	1.01898	1.30175	4
7	147000001	1.10577	1.30175	4
7	148000001	1.26213	1.30175	4
7	149000001	1.94586	2.00295	6
7	150000001	2.28736	2.00295	6
7	151000001	2.89355	2.00295	6
7	152000001	1.4592	2.00295	6
7	153000001	1.53259	2.00295	6
7	154000001	2.12586	2.00295	6
7	155000001	2.00295	2.00295	6
7	156000001	1.59189	2.00295	6
7	157000001	2.20015	2.00295	6
7	158000001	3.21292	3.21454	10
7	159000001	3.21616	3.21454	10
8	1	1.20156	1.12038	3
8	1000001	1.38411	1.12038	3
8	2000001	0.826397	1.12038	3
8	3000001	1.14068	1.12038	3
8	4000001	0.912914	1.12038	3
8	5000001	0.679942	1.12038	3
8	6000001	1.12038	1.12038	3
8	7000001	1.30289	1.12038	3
8	8000001	1.08819	1.12038	3
8	9000001	1.0199	1.12038	3
8	10000001	1.1716	1.12038	3
8	11000001	0.92217	1.12038	3
8	12000001	1.25489	1.12038	3
8	13000001	0.557906	0.677284	2
8	14000001	0.677284	0.677284	2
8	15000001	0.713453	0.677284	2
8	16000001	1.04831	1.32858	4
8	17000001	1.60885	1.32858	4
8	18000001	0.992029	0.901432	3
8	19000001	0.884648	0.901432	3
8	20000001	1.0212	0.901432	3
8	21000001	1.17341	0.901432	3
8	22000001	1.03858	0.901432	3
8	23000001	0.825416	0.901432	3
8	24000001	0.708699	0.901432	3
8	25000001	0.864611	0.901432	3
8	26000001	1.00392	0.901432	3
8	27000001	0.807076	0.901432	3
8	28000001	0.833399	0.901432	3
8	29000001	1.04437	0.901432	3
8	30000001	0.697367	0.901432	3
8	31000001	0.71937	0.901432	3
8	32000001	0.816209	0.901432	3
8	33000001	0.993897	0.901432	3
8	34000001	0.753381	0.901432	3
8	35000001	0.848409	0.901432	3
8	36000001	0.804412	0.901432	3
8	37000001	1.16406	0.901432	3
8	38000001	1.19836	0.901432	3
8	39000001	0.859748	0.901432	3
8	40000001	0.744133	0.901432	3
8	41000001	1.28255	0.901432	3
8	42000001	0.957629	0.901432	3
8	43000001	1.03325	0.901432	3
8	44000001	0.659365	0.901432	3
8	45000001	0.515553	0.901432	3
8	46000001	1.30433	0.901432	3
8	47000001	0.892261	0.901432	3
8	48000001	1.18464	0.901432	3
8	49000001	0.804326	0.901432	3
8	50000001	0.794693	0.901432	3
8	51000001	1.44906	0.901432	3
8	52000001	0.828063	0.901432	3
8	53000001	0.8772	0.901432	3
8	54000001	1.00385	0.901432	3
8	55000001	1.07362	0.901432	3
8	56000001	0.967964	0.901432	3
8	57000001	0.992018	0.901432	3
8	58000001	0.932901	0.901432	3
8	59000001	0.605465	0.901432	3
8	60000001	0.901432	0.901432	3
8	61000001	0.879366	0.901432	3
8	62000001	0.798316	0.901432	3
8	63000001	0.924579	0.901432	3
8	64000001	0.759057	0.901432	3
8	65000001	0.751869	0.901432	3
8	66000001	0.927096	0.901432	3
8	67000001	0.795992	0.901432	3
8	68000001	0.777756	0.901432	3
8	69000001	0.905972	0.901432	3
8	70000001	1.15225	0.901432	3
8	71000001	1.22084	0.901432	3
8	72000001	0.905048	0.901432	3
8	73000001	1.02834	0.901432	3
8	74000001	0.942269	0.901432	3
8	75000001	0.851499	0.901432	3
8	76000001	0.802264	0.901432	3
8	77000001	0.770104	0.901432	3
8	78000001	1.01035	0.901432	3
8	79000001	0.633038	0.901432	3
8	80000001	0.953733	0.901432	3
8	81000001	0.910797	0.901432	3
8	82000001	0.56382	0.901432	3
8	83000001	0.940719	0.901432	3
8	84000001	0.786238	0.901432	3
8	85000001	1.0673	0.901432	3
8	86000001	1.20119	0.901432	3
8	87000001	1.17073	0.901432	3
8	88000001	0.680498	0.901432	3
8	89000001	0.934414	0.901432	3
8	90000001	0.732327	0.901432	3
8	91000001	0.646153	0.901432	3
8	92000001	0.928662	0.901432	3
8	93000001	1.59831	1.04659	3
8	94000001	0.751916	1.04659	3
8	95000001	1.35089	1.04659	3
8	96000001	0.856881	1.04659	3
8	97000001	1.04659	1.04659	3
8	98000001	0.868587	1.04659	3
8	99000001	1.07929	1.04659	3
8	100000001	1.05368	1.04659	3
8	101000001	1.08668	1.04659	3
8	102000001	0.918026	1.04659	3
8	103000001	0.890907	1.04659	3
8	104000001	1.18424	1.45407	4
8	105000001	1.72389	1.45407	4
8	106000001	0.675077	0.715749	2
8	107000001	0.6682	0.715749	2
8	108000001	0.760544	0.715749	2
8	109000001	0.808821	0.715749	2
8	110000001	0.707125	0.715749	2
8	111000001	0.623215	0.715749	2
8	112000001	0.663687	0.715749	2
8	113000001	0.697398	0.715749	2
8	114000001	0.840829	0.715749	2
8	115000001	0.762568	0.715749	2
8	116000001	0.887972	0.715749	2
8	117000001	0.784503	0.715749	2
8	118000001	0.715749	0.715749	2
8	119000001	0.89663	0.92692	3
8	120000001	0.925071	0.92692	3
8	121000001	0.956416	0.92692	3
8	122000001	1.00655	0.92692	3
8	123000001	0.88704	0.92692	3
8	124000001	0.838093	0.92692	3
8	125000001	0.896529	0.92692	3
8	126000001	0.92692	0.92692	3
8	127000001	1.0617	0.92692	3
8	128000001	0.763148	0.92692	3
8	129000001	0.919828	0.92692	3
8	130000001	0.925497	0.92692	3
8	131000001	1.0848	0.92692	3
8	132000001	1.27912	0.92692	3
8	133000001	0.999134	0.92692	3
8	134000001	0.998305	0.92692	3
8	135000001	1.10433	0.92692	3
8	136000001	0.91481	0.92692	3
8	137000001	1.02265	0.92692	3
8	138000001	5.10905	1.27941	4
8	139000001	1.15519	1.27941	4
8	140000001	1.14308	1.27941	4
8	141000001	1.23596	1.27941	4
8	142000001	1.65828	1.27941	4
8	143000001	1.58332	1.27941	4
8	144000001	1.32285	1.27941	4
8	145000001	0.460885	1.27941	4
9	1	0.65145	0.645098	2
9	1000001	0.71416	0.645098	2
9	2000001	1.27984	0.645098	2
9	3000001	0.729131	0.645098	2
9	4000001	0.828283	0.645098	2
9	5000001	0.584617	0.645098	2
9	6000001	0.572624	0.645098	2
9	7000001	0.623611	0.645098	2
9	8000001	0.657376	0.645098	2
9	9000001	0.64888	0.645098	2
9	10000001	0.665418	0.645098	2
9	11000001	0.645098	0.645098	2
9	12000001	0.522037	0.645098	2
9	13000001	0.419888	0.645098	2
9	14000001	0.558267	0.645098	2
9	15000001	0.467565	0.645098	2
9	16000001	0.706201	0.645098	2
9	17000001	0.637733	0.645098	2
9	18000001	0.753885	0.645098	2
9	19000001	0.549193	0.645098	2
9	20000001	0.563738	0.645098	2
9	21000001	0.122733	0.156193	0
9	22000001	0.113145	0.156193	0
9	23000001	0.108708	0.156193	0
9	24000001	0.0700406	0.156193	0
9	25000001	0.156193	0.156193	0
9	26000001	0.279259	0.156193	0
9	27000001	0.343741	0.156193	0
9	28000001	0.278895	0.156193	0
9	29000001	0.39838	0.156193	0
9	30000001	0.104623	0.156193	0
9	31000001	0.333011	0.156193	0
9	32000001	0.768833	0.768833	2
9	33000001	0.71301	0.768833	2
9	34000001	0.860497	0.768833	2
9	35000001	0.770056	0.768833	2
9	36000001	0.696961	0.768833	2
9	37000001	1.22444	0.768833	2
9	38000001	1.18499	0.768833	2
9	39000001	0.53646	0.768833	2
9	40000001	0.776701	0.768833	2
9	41000001	0.703419	0.768833	2
9	42000001	0.586273	0.768833	2
9	43000001	0.94182	0.996939	3
9	44000001	0.996939	0.996939	3
9	45000001	1.14086	0.996939	3
9	46000001	-1	0.996939	3
9	47000001	-1	0.996939	3
9	48000001	-1	0.996939	3
9	49000001	-1	0.996939	3
9	50000001	-1	0.996939	3
9	51000001	-1	0.996939	3
9	52000001	-1	0.996939	3
9	53000001	-1	0.996939	3
9	54000001	-1	0.996939	3
9	55000001	-1	0.996939	3
9	56000001	-1	0.996939	3
9	57000001	-1	0.996939	3
9	58000001	-1	0.996939	3
9	59000001	-1	0.996939	3
9	60000001	1.2566	0.996939	3
9	61000001	0.936629	0.996939	3
9	62000001	0.761181	0.996939	3
9	63000001	1.30916	0.996939	3
9	64000001	0.93331	0.996939	3
9	65000001	1.27148	0.996939	3
9	66000001	0.492914	0.586316	2
9	67000001	0.98858	0.586316	2
9	68000001	0.600822	0.586316	2
9	69000001	0.60077	0.586316	2
9	70000001	0.38878	0.586316	2
9	71000001	0.421019	0.586316	2
9	72000001	0.547089	0.586316	2
9	73000001	0.528025	0.586316	2
9	74000001	0.531672	0.586316	2
9	75000001	0.547288	0.586316	2
9	76000001	0.606474	0.586316	2
9	77000001	0.638072	0.586316	2
9	78000001	0.470335	0.586316	2
9	79000001	0.617384	0.586316	2
9	80000001	0.533338	0.586316	2
9	81000001	0.671212	0.586316	2
9	82000001	0.582119	0.586316	2
9	83000001	0.652244	0.586316	2
9	84000001	0.526697	0.586316	2
9	85000001	0.590514	0.586316	2
9	86000001	0.83176	0.586316	2
9	87000001	0.632272	0.586316	2
9	88000001	0.855969	0.986655	3
9	89000001	1.01281	0.986655	3
9	90000001	0.943512	0.986655	3
9	91000001	0.902693	0.986655	3
9	92000001	1.02557	0.986655	3
9	93000001	1.29912	0.986655	3
9	94000001	1.05424	0.986655	3
9	95000001	1.09396	0.986655	3
9	96000001	1.04929	0.986655	3
9	97000001	0.897165	0.986655	3
9	98000001	1.21146	0.986655	3
9	99000001	0.924002	0.986655	3
9	100000001	0.642363	0.986655	3
9	101000001	1.08895	0.986655	3
9	102000001	1.86062	0.986655	3
9	103000001	0.907876	0.986655	3
9	104000001	0.754802	0.986655	3
9	105000001	1.08659	0.986655	3
9	106000001	1.09329	0.986655	3
9	107000001	1.04494	0.986655	3
9	108000001	1.27593	0.986655	3
9	109000001	1.47244	0.986655	3
9	110000001	1.6091	0.986655	3
9	111000001	0.923123	0.986655	3
9	112000001	0.818766	0.986655	3
9	113000001	0.950093	0.986655	3
9	114000001	0.931064	0.986655	3
9	115000001	0.853048	0.986655	3
9	116000001	0.861671	0.986655	3
9	117000001	0.7811	0.986655	3
9	118000001	0.642759	0.986655	3
9	119000001	0.8792	0.986655	3
9	120000001	1.44891	0.986655	3
9	121000001	1.10509	0.986655	3
9	122000001	1.22819	0.986655	3
9	123000001	0.960501	0.986655	3
9	124000001	1.2029	0.986655	3
9	125000001	0.832152	0.986655	3
9	126000001	1.10599	1.63037	5
9	127000001	1.2524	1.63037	5
9	128000001	1.62781	1.63037	5
9	129000001	2.37629	1.63037	5
9	130000001	4.04868	1.63037	5
9	131000001	3.50111	1.63037	5
9	132000001	1.46827	1.63037	5
9	133000001	1.67879	1.63037	5
9	134000001	2.10688	1.63037	5
9	135000001	1.63037	1.63037	5
9	136000001	1.90322	1.63037	5
9	137000001	1.44996	1.63037	5
9	138000001	1.32143	1.63037	5
X	1	1.53384	1.37391	4
X	1000001	1.21397	1.37391	4
X	2000001	0.657529	0.657529	2
X	3000001	2.10094	2.10094	6
X	4000001	0.957819	0.57652	2
X	5000001	1.04626	0.57652	2
X	6000001	0.652712	0.57652	2
X	7000001	0.499342	0.57652	2
X	8000001	0.624094	0.57652	2
X	9000001	1.23537	0.57652	2
X	10000001	0.550428	0.57652	2
X	11000001	0.776535	0.57652	2
X	12000001	0.596467	0.57652	2
X	13000001	0.560355	0.57652	2
X	14000001	0.478304	0.57652	2
X	15000001	0.564254	0.57652	2
X	16000001	0.65819	0.57652	2
X	17000001	0.878506	0.57652	2
X	18000001	0.609395	0.57652	2
X	19000001	0.755786	0.57652	2
X	20000001	0.943242	0.57652	2
X	21000001	0.687252	0.57652	2
X	22000001	0.458112	0.57652	2
X	23000001	0.533043	0.57652	2
X	24000001	0.519353	0.57652	2
X	25000001	0.556282	0.57652	2
X	26000001	0.698981	0.57652	2
X	27000001	0.521373	0.57652	2
X	28000001	0.603917	0.57652	2
X	29000001	0.465381	0.57652	2
X	30000001	0.556721	0.57652	2
X	31000001	0.323597	0.57652	2
X	32000001	0.43993	0.57652	2
X	33000001	0.495278	0.57652	2
X	34000001	0.569556	0.57652	2
X	35000001	0.537991	0.57652	2
X	36000001	0.468348	0.57652	2
X	37000001	0.470668	0.57652	2
X	38000001	0.459823	0.57652	2
X	39000001	0.515406	0.57652	2
X	40000001	0.615382	0.57652	2
X	41000001	0.592975	0.57652	2
X	42000001	0.47515	0.57652	2
X	43000001	0.574744	0.57652	2
X	44000001	0.534034	0.57652	2
X	45000001	1.06835	0.57652	2
X	46000001	0.539712	0.57652	2
X	47000001	0.712598	0.57652	2
X	48000001	0.813805	0.57652	2
X	49000001	0.857735	0.57652	2
X	50000001	0.562263	0.57652	2
X	51000001	0.573995	0.57652	2
X	52000001	0.633975	0.57652	2
X	53000001	0.894317	0.57652	2
X	54000001	0.688603	0.57652	2
X	55000001	0.716032	0.57652	2
X	56000001	0.809341	0.57652	2
X	57000001	0.911709	0.57652	2
X	58000001	0.67386	0.57652	2
X	59000001	0.350111	0.57652	2
X	60000001	0.47659	0.57652	2
X	61000001	0.36068	0.57652	2
X	62000001	0.866159	0.57652	2
X	63000001	0.589128	0.57652	2
X	64000001	0.550339	0.57652	2
X	65000001	0.880573	0.57652	2
X	66000001	1.09546	0.57652	2
X	67000001	0.719297	0.57652	2
X	68000001	0.987842	0.57652	2
X	69000001	0.599554	0.57652	2
X	70000001	0.54558	0.57652	2
X	71000001	0.66208	0.57652	2
X	72000001	0.533265	0.57652	2
X	73000001	0.628687	0.57652	2
X	74000001	0.53672	0.57652	2
X	75000001	0.690092	0.57652	2
X	76000001	0.578296	0.57652	2
X	77000001	1.01555	0.57652	2
X	78000001	1.00598	0.57652	2
X	79000001	0.542051	0.57652	2
X	80000001	0.559242	0.57652	2
X	81000001	0.462648	0.57652	2
X	82000001	0.59616	0.57652	2
X	83000001	0.36984	0.57652	2
X	84000001	0.475347	0.57652	2
X	85000001	0.440167	0.57652	2
X	86000001	0.567679	0.57652	2
X	87000001	0.492019	0.57652	2
X	88000001	1.59449	1.59449	5
X	89000001	0.332289	0.551033	2
X	90000001	0.383887	0.551033	2
X	91000001	0.488714	0.551033	2
X	92000001	0.443577	0.551033	2
X	93000001	0.391983	0.551033	2
X	94000001	0.576071	0.551033	2
X	95000001	0.952114	0.551033	2
X	96000001	0.579106	0.551033	2
X	97000001	0.470113	0.551033	2
X	98000001	0.491005	0.551033	2
X	99000001	0.482036	0.551033	2
X	100000001	0.420781	0.551033	2
X	101000001	0.528227	0.551033	2
X	102000001	0.591188	0.551033	2
X	103000001	0.46882	0.551033	2
X	104000001	0.637541	0.551033	2
X	105000001	0.760952	0.551033	2
X	106000001	0.673775	0.551033	2
X	107000001	0.716342	0.551033	2
X	108000001	0.610285	0.551033	2
X	109000001	0.541936	0.551033	2
X	110000001	0.598971	0.551033	2
X	111000001	0.527437	0.551033	2
X	112000001	0.554342	0.551033	2
X	113000001	0.551241	0.551033	2
X	114000001	0.745194	0.551033	2
X	115000001	0.684756	0.551033	2
X	116000001	0.559105	0.551033	2
X	117000001	0.545062	0.551033	2
X	118000001	1.09115	0.551033	2
X	119000001	0.645098	0.551033	2
X	120000001	0.715793	0.551033	2
X	121000001	0.787897	0.551033	2
X	122000001	0.648341	0.551033	2
X	123000001	0.548853	0.551033	2
X	124000001	0.547403	0.551033	2
X	125000001	0.524476	0.551033	2
X	126000001	0.550824	0.551033	2
X	127000001	0.566445	0.551033	2
X	128000001	0.639515	0.551033	2
X	129000001	0.482953	0.551033	2
X	130000001	0.450371	0.551033	2
X	131000001	0.476874	0.551033	2
X	132000001	0.495296	0.551033	2
X	133000001	0.459949	0.551033	2
X	134000001	0.556894	0.551033	2
X	135000001	2.03907	2.03907	6
X	136000001	0.590866	0.557065	2
X	137000001	0.431394	0.557065	2
X	138000001	0.46798	0.557065	2
X	139000001	0.594385	0.557065	2
X	140000001	0.645166	0.557065	2
X	141000001	0.773213	0.557065	2
X	142000001	0.642715	0.557065	2
X	143000001	0.53646	0.557065	2
X	144000001	0.557065	0.557065	2
X	145000001	0.418325	0.557065	2
X	146000001	0.511095	0.557065	2
X	147000001	0.450164	0.557065	2
X	148000001	0.65819	0.557065	2
X	149000001	0.872477	0.792039	2
X	150000001	0.984493	0.792039	2
X	151000001	0.583149	0.792039	2
X	152000001	0.649185	0.792039	2
X	153000001	0.789405	0.792039	2
X	154000001	0.794674	0.792039	2
X	155000001	0.73261	0.792039	2
X	156000001	2.05542	0.792039	2
Y	1	-1	-1	0
Y	1000001	-1	-1	0
Y	2000001	0.0957596	0.111363	0
Y	3000001	0.111363	0.111363	0
Y	4000001	0.311245	0.111363	0
Y	5000001	0.106215	0.111363	0
Y	6000001	0.312611	0.111363	0
Y	7000001	0.371395	0.111363	0
Y	8000001	0.111301	0.111363	0
Y	9000001	0.345736	0.345736	1
Y	10000001	1.92054	1.07331	3
Y	11000001	1.07331	1.07331	3
Y	12000001	0.682767	1.07331	3
Y	13000001	0.147442	0.47515	1
Y	14000001	0.101647	0.47515	1
Y	15000001	0.109262	0.47515	1
Y	16000001	0.0914664	0.47515	1
Y	17000001	0.614384	0.47515	1
Y	18000001	0.614864	0.47515	1
Y	19000001	0.362578	0.47515	1
Y	20000001	0.146412	0.47515	1
Y	21000001	0.545974	0.47515	1
Y	22000001	0.47515	0.47515	1
Y	23000001	0.579115	0.47515	1
Y	24000001	0.538421	0.47515	1
Y	25000001	0.518189	0.47515	1
Y	26000001	0.543275	0.47515	1
Y	27000001	-1	0.47515	1
Y	28000001	-1	0.47515	1
Y	29000001	-1	0.47515	1
Y	30000001	-1	0.47515	1
Y	31000001	-1	0.47515	1
Y	32000001	-1	0.47515	1
Y	33000001	-1	0.47515	1
Y	34000001	-1	0.47515	1
Y	35000001	-1	0.47515	1
Y	36000001	-1	0.47515	1
Y	37000001	-1	0.47515	1
Y	38000001	-1	0.47515	1
Y	39000001	-1	0.47515	1
Y	40000001	-1	0.47515	1
Y	41000001	-1	0.47515	1
Y	42000001	-1	0.47515	1
Y	43000001	-1	0.47515	1
Y	44000001	-1	0.47515	1
Y	45000001	-1	0.47515	1
Y	46000001	-1	0.47515	1
Y	47000001	-1	0.47515	1
Y	48000001	-1	0.47515	1
Y	49000001	-1	0.47515	1
Y	50000001	-1	0.47515	1
Y	51000001	-1	0.47515	1
Y	52000001	-1	0.47515	1
Y	53000001	-1	0.47515	1
Y	54000001	-1	0.47515	1
Y	55000001	-1	0.47515	1
Y	56000001	0.432999	0.47515	1
Y	57000001	-1	-1	1
