Chromosome	Start	Ratio	MedianRatio	CopyNumber
1	1	1.61248	1.81661	5
1	1000001	1.81661	1.81661	5
1	2000001	2.12931	1.81661	5
1	3000001	1.52219	1.52633	5
1	4000001	1.46303	1.52633	5
1	5000001	1.23271	1.52633	5
1	6000001	1.46476	1.52633	5
1	7000001	2.10894	1.52633	5
1	8000001	1.19701	1.52633	5
1	9000001	1.53047	1.52633	5
1	10000001	1.44531	1.52633	5
1	11000001	1.17837	1.52633	5
1	12000001	1.28361	1.52633	5
1	13000001	1.7862	1.52633	5
1	14000001	1.68232	1.52633	5
1	15000001	1.46679	1.52633	5
1	16000001	1.4226	1.52633	5
1	17000001	1.57978	1.52633	5
1	18000001	1.58275	1.52633	5
1	19000001	1.17731	1.52633	5
1	20000001	1.55503	1.52633	5
1	21000001	1.60059	1.52633	5
1	22000001	1.61454	1.52633	5
1	23000001	1.57186	1.52633	5
1	24000001	1.65176	1.52633	5
1	25000001	1.53916	1.52633	5
1	26000001	1.7016	1.52633	5
1	27000001	1.44721	1.52633	5
1	28000001	1.37288	1.52633	5
1	29000001	1.34526	1.52633	5
1	30000001	1.67965	1.52633	5
1	31000001	1.0429	1.33396	4
1	32000001	1.48739	1.33396	4
1	33000001	1.34967	1.33396	4
1	34000001	1.16988	1.33396	4
1	35000001	1.42887	1.33396	4
1	36000001	1.38347	1.33396	4
1	37000001	1.38903	1.33396	4
1	38000001	1.66185	1.33396	4
1	39000001	1.02801	1.33396	4
1	40000001	1.15152	1.33396	4
1	41000001	1.31779	1.33396	4
1	42000001	1.28061	1.33396	4
1	43000001	1.26739	1.33396	4
1	44000001	1.61834	1.33396	4
1	45000001	1.32184	1.33396	4
1	46000001	1.40609	1.33396	4
1	47000001	1.35754	1.33396	4
1	48000001	1.33396	1.33396	4
1	49000001	1.21354	1.33396	4
1	50000001	1.23219	1.33396	4
1	51000001	1.54308	1.33396	4
1	52000001	1.32572	1.33396	4
1	53000001	1.48326	1.33396	4
1	54000001	1.57952	1.33396	4
1	55000001	1.29137	1.33396	4
1	56000001	0.899752	0.945848	3
1	57000001	1.09915	0.945848	3
1	58000001	0.738343	0.945848	3
1	59000001	0.72647	0.945848	3
1	60000001	1.07636	0.945848	3
1	61000001	1.18154	0.945848	3
1	62000001	1.19497	0.945848	3
1	63000001	0.94883	0.945848	3
1	64000001	0.685498	0.945848	3
1	65000001	0.882806	0.945848	3
1	66000001	1.06144	0.945848	3
1	67000001	0.889426	0.945848	3
1	68000001	1.13099	0.945848	3
1	69000001	0.929947	0.945848	3
1	70000001	1.03388	0.945848	3
1	71000001	1.0878	0.945848	3
1	72000001	0.875781	0.945848	3
1	73000001	0.983494	0.945848	3
1	74000001	0.738348	0.945848	3
1	75000001	1.01715	0.945848	3
1	76000001	0.743671	0.945848	3
1	77000001	0.805889	0.945848	3
1	78000001	0.961404	0.945848	3
1	79000001	0.874693	0.945848	3
1	80000001	0.849522	0.945848	3
1	81000001	0.954944	0.945848	3
1	82000001	1.12438	0.945848	3
1	83000001	1.08587	0.945848	3
1	84000001	0.945848	0.945848	3
1	85000001	0.767918	0.945848	3
1	86000001	0.876157	0.945848	3
1	87000001	0.627456	0.945848	3
1	88000001	1.00132	0.945848	3
1	89000001	1.09371	0.945848	3
1	90000001	0.872895	0.945848	3
1	91000001	0.914794	0.945848	3
1	92000001	0.954498	0.945848	3
1	93000001	0.886692	0.945848	3
1	94000001	1.0249	0.945848	3
1	95000001	1.00075	0.945848	3
1	96000001	0.847155	0.945848	3
1	97000001	1.25288	0.945848	3
1	98000001	1.01468	0.945848	3
1	99000001	1.25974	0.945848	3
1	100000001	0.855963	0.945848	3
1	101000001	0.880199	0.945848	3
1	102000001	1.0608	0.945848	3
1	103000001	0.789037	0.945848	3
1	104000001	0.888131	0.945848	3
1	105000001	0.834536	0.945848	3
1	106000001	0.968123	0.945848	3
1	107000001	1.15166	1.2863	4
1	108000001	1.49541	1.2863	4
1	109000001	1.22448	1.2863	4
1	110000001	1.20139	1.2863	4
1	111000001	1.06693	1.2863	4
1	112000001	1.36085	1.2863	4
1	113000001	1.45928	1.2863	4
1	114000001	1.18047	1.2863	4
1	115000001	1.28801	1.2863	4
1	116000001	1.39816	1.2863	4
1	117000001	1.20393	1.2863	4
1	118000001	1.33561	1.2863	4
1	119000001	1.28459	1.2863	4
1	120000001	1.36083	1.2863	4
1	121000001	2.67968	2.67968	8
1	122000001	1.66055	1.66055	5
1	123000001	1.69178	1.66055	5
1	124000001	1.50999	1.66055	5
1	125000001	6.40868	-1	3
1	126000001	-1	-1	3
1	127000001	-1	-1	3
1	128000001	-1	-1	3
1	129000001	-1	-1	3
1	130000001	-1	-1	3
1	131000001	-1	-1	3
1	132000001	-1	-1	3
1	133000001	-1	-1	3
1	134000001	-1	-1	3
1	135000001	-1	-1	3
1	136000001	-1	-1	3
1	137000001	-1	-1	3
1	138000001	-1	-1	3
1	139000001	-1	-1	3
1	140000001	-1	-1	3
1	141000001	-1	-1	3
1	142000001	-1	-1	3
1	143000001	5.98862	-1	3
1	144000001	1.30237	1.05831	3
1	145000001	0.86562	1.05831	3
1	146000001	0.918643	1.05831	3
1	147000001	1.06951	1.05831	3
1	148000001	1.04712	1.05831	3
1	149000001	0.963171	1.05831	3
1	150000001	1.11822	1.05831	3
1	151000001	1.12551	1.05831	3
1	152000001	1.0375	1.05831	3
1	153000001	1.22314	1.05831	3
1	154000001	1.19468	1.05831	3
1	155000001	1.00326	1.05831	3
1	156000001	1.29818	1.05831	3
1	157000001	0.998964	1.05831	3
1	158000001	1.09652	1.05831	3
1	159000001	0.866836	1.05831	3
1	160000001	1.23318	1.30367	4
1	161000001	1.23537	1.30367	4
1	162000001	1.28325	1.30367	4
1	163000001	1.3487	1.30367	4
1	164000001	1.36001	1.30367	4
1	165000001	1.50491	1.30367	4
1	166000001	1.52891	1.30367	4
1	167000001	1.53105	1.30367	4
1	168000001	1.31064	1.30367	4
1	169000001	1.35745	1.30367	4
1	170000001	1.141	1.30367	4
1	171000001	1.04862	1.30367	4
1	172000001	1.59011	1.30367	4
1	173000001	1.30226	1.30367	4
1	174000001	1.30508	1.30367	4
1	175000001	1.30799	1.30367	4
1	176000001	1.41482	1.30367	4
1	177000001	1.47064	1.30367	4
1	178000001	1.18184	1.30367	4
1	179000001	1.49479	1.30367	4
1	180000001	1.11017	1.30367	4
1	181000001	1.34154	1.30367	4
1	182000001	1.59134	1.30367	4
1	183000001	0.875163	1.30367	4
1	184000001	1.47464	1.30367	4
1	185000001	1.09496	1.30367	4
1	186000001	1.6376	1.30367	4
1	187000001	1.0398	1.30367	4
1	188000001	1.36488	1.30367	4
1	189000001	0.962063	1.30367	4
1	190000001	1.29652	1.30367	4
1	191000001	1.23708	1.30367	4
1	192000001	1.16512	1.30367	4
1	193000001	1.17892	1.30367	4
1	194000001	1.09809	1.30367	4
1	195000001	1.1603	1.30367	4
1	196000001	1.46659	1.30367	4
1	197000001	1.08894	1.30367	4
1	198000001	1.37321	1.36631	4
1	199000001	1.46003	1.36631	4
1	200000001	1.48544	1.36631	4
1	201000001	1.46657	1.36631	4
1	202000001	1.55751	1.36631	4
1	203000001	1.50959	1.36631	4
1	204000001	1.7018	1.36631	4
1	205000001	1.5063	1.36631	4
1	206000001	1.56055	1.36631	4
1	207000001	1.08324	1.36631	4
1	208000001	1.41678	1.36631	4
1	209000001	1.43589	1.36631	4
1	210000001	1.12086	1.36631	4
1	211000001	1.19024	1.36631	4
1	212000001	1.23948	1.36631	4
1	213000001	1.20629	1.36631	4
1	214000001	1.62189	1.36631	4
1	215000001	1.26391	1.36631	4
1	216000001	1.28863	1.36631	4
1	217000001	1.16724	1.36631	4
1	218000001	1.31919	1.36631	4
1	219000001	1.28525	1.36631	4
1	220000001	1.32245	1.36631	4
1	221000001	1.65913	1.36631	4
1	222000001	1.1322	1.36631	4
1	223000001	1.3942	1.36631	4
1	224000001	1.36696	1.36631	4
1	225000001	1.16205	1.36631	4
1	226000001	1.60122	1.36631	4
1	227000001	1.37638	1.36631	4
1	228000001	1.50266	1.36631	4
1	229000001	1.34024	1.36631	4
1	230000001	1.02267	1.36631	4
1	231000001	1.70028	1.36631	4
1	232000001	1.69762	1.36631	4
1	233000001	1.25764	1.36631	4
1	234000001	1.69689	1.36631	4
1	235000001	1.31887	1.36631	4
1	236000001	1.26823	1.36631	4
1	237000001	1.45338	1.36631	4
1	238000001	1.36631	1.36631	4
1	239000001	1.29885	1.36631	4
1	240000001	1.40283	1.36631	4
1	241000001	1.3269	1.36631	4
1	242000001	1.17776	1.36631	4
1	243000001	1.13808	1.36631	4
1	244000001	0.947496	1.36631	4
1	245000001	1.39124	1.36631	4
1	246000001	1.25969	1.36631	4
1	247000001	1.36793	1.36631	4
1	248000001	1.24601	1.36631	4
10	1	1.72191	1.72191	5
10	1000001	1.11998	0.966565	3
10	2000001	0.828774	0.966565	3
10	3000001	0.992323	0.966565	3
10	4000001	1.01234	0.966565	3
10	5000001	0.993308	0.966565	3
10	6000001	0.862017	0.966565	3
10	7000001	0.966565	0.966565	3
10	8000001	1.10991	0.966565	3
10	9000001	1.03431	0.966565	3
10	10000001	0.814613	0.966565	3
10	11000001	1.05484	0.966565	3
10	12000001	1.16071	0.966565	3
10	13000001	1.00734	0.966565	3
10	14000001	0.868981	0.966565	3
10	15000001	1.11844	0.966565	3
10	16000001	0.953408	0.966565	3
10	17000001	0.909865	0.966565	3
10	18000001	0.797815	0.966565	3
10	19000001	1.14994	0.966565	3
10	20000001	0.958028	0.966565	3
10	21000001	0.802663	0.966565	3
10	22000001	1.231	0.966565	3
10	23000001	0.868343	0.966565	3
10	24000001	0.887244	0.966565	3
10	25000001	1.04542	0.966565	3
10	26000001	0.942675	0.966565	3
10	27000001	1.11823	0.966565	3
10	28000001	0.955222	0.966565	3
10	29000001	0.801714	0.966565	3
10	30000001	0.990001	0.966565	3
10	31000001	0.795962	0.966565	3
10	32000001	1.07884	0.966565	3
10	33000001	0.964462	0.966565	3
10	34000001	1.13669	0.966565	3
10	35000001	0.927328	0.966565	3
10	36000001	0.77922	0.966565	3
10	37000001	1.08221	0.966565	3
10	38000001	1.21451	1.30935	4
10	39000001	1.11312	1.30935	4
10	40000001	1.75884	1.30935	4
10	41000001	1.03371	1.30935	4
10	42000001	1.37278	1.30935	4
10	43000001	1.72434	1.30935	4
10	44000001	1.30603	1.30935	4
10	45000001	1.15084	1.30935	4
10	46000001	1.38361	1.30935	4
10	47000001	1.13969	1.30935	4
10	48000001	1.32509	1.30935	4
10	49000001	1.05114	1.30935	4
10	50000001	1.37954	1.30935	4
10	51000001	1.31267	1.30935	4
10	52000001	1.07972	1.30935	4
10	53000001	1.28773	1.30935	4
10	54000001	1.12772	1.30935	4
10	55000001	1.32715	1.30935	4
10	56000001	1.06268	1.30935	4
10	57000001	1.40549	1.30935	4
10	58000001	1.20828	1.30935	4
10	59000001	1.31609	1.30935	4
10	60000001	1.16347	1.30935	4
10	61000001	1.34859	1.30935	4
10	62000001	1.30564	1.30935	4
10	63000001	1.4121	1.30935	4
10	64000001	1.51105	1.30935	4
10	65000001	1.14497	1.30935	4
10	66000001	1.6286	1.30935	4
10	67000001	1.33759	1.30935	4
10	68000001	1.21998	1.30935	4
10	69000001	1.53906	1.30935	4
10	70000001	1.27135	1.30935	4
10	71000001	1.4279	1.30935	4
10	72000001	1.32563	1.30935	4
10	73000001	1.22585	1.30935	4
10	74000001	1.28786	1.30935	4
10	75000001	1.14492	1.30935	4
10	76000001	1.36563	1.30935	4
10	77000001	1.19852	1.30935	4
10	78000001	1.33648	1.30935	4
10	79000001	1.07009	1.30935	4
10	80000001	1.38865	1.30935	4
10	81000001	1.31652	1.30935	4
10	82000001	1.23756	1.30935	4
10	83000001	1.26398	1.30935	4
10	84000001	1.31808	1.30935	4
10	85000001	1.43528	1.30935	4
10	86000001	0.716779	0.751512	2
10	87000001	0.78495	0.751512	2
10	88000001	0.844203	0.751512	2
10	89000001	0.781548	0.751512	2
10	90000001	0.861263	0.751512	2
10	91000001	0.622065	0.751512	2
10	92000001	0.938256	0.751512	2
10	93000001	0.544317	0.751512	2
10	94000001	0.703414	0.751512	2
10	95000001	0.729379	0.751512	2
10	96000001	0.748812	0.751512	2
10	97000001	0.768628	0.751512	2
10	98000001	0.769892	0.751512	2
10	99000001	0.573221	0.751512	2
10	100000001	0.808883	0.751512	2
10	101000001	0.551687	0.751512	2
10	102000001	0.666004	0.751512	2
10	103000001	0.814407	0.751512	2
10	104000001	0.427001	0.751512	2
10	105000001	0.565739	0.751512	2
10	106000001	0.743568	0.751512	2
10	107000001	0.931119	0.751512	2
10	108000001	0.813531	0.751512	2
10	109000001	0.820289	0.751512	2
10	110000001	0.693765	0.751512	2
10	111000001	0.830861	0.751512	2
10	112000001	0.865324	0.751512	2
10	113000001	0.812505	0.751512	2
10	114000001	0.577171	0.751512	2
10	115000001	0.749216	0.751512	2
10	116000001	0.776361	0.751512	2
10	117000001	0.697101	0.751512	2
10	118000001	0.751512	0.751512	2
10	119000001	0.559662	0.751512	2
10	120000001	0.753355	0.751512	2
10	121000001	0.803589	0.803589	2
10	122000001	1.14976	0.803589	2
10	123000001	0.819861	0.803589	2
10	124000001	0.783351	0.803589	2
10	125000001	0.726989	0.803589	2
10	126000001	3.42887	3.42887	10
10	127000001	0.637963	0.637963	2
10	128000001	0.629696	0.637963	2
10	129000001	0.645857	0.637963	2
10	130000001	0.943188	0.837911	3
10	131000001	0.732635	0.837911	3
10	132000001	0.677924	0.837911	3
10	133000001	1.99918	0.837911	3
11	1	1.21033	1.20466	4
11	1000001	1.2417	1.20466	4
11	2000001	0.879488	1.20466	4
11	3000001	1.20466	1.20466	4
11	4000001	1.06095	1.20466	4
11	5000001	0.979611	1.20466	4
11	6000001	1.21895	1.20466	4
11	7000001	0.621619	0.785365	2
11	8000001	0.785365	0.785365	2
11	9000001	0.894201	0.785365	2
11	10000001	1.27613	1.5608	5
11	11000001	1.84547	1.5608	5
11	12000001	1.06157	1.01188	3
11	13000001	1.04944	1.01188	3
11	14000001	1.06452	1.01188	3
11	15000001	1.12565	1.01188	3
11	16000001	1.0289	1.01188	3
11	17000001	0.9784	1.01188	3
11	18000001	0.900888	1.01188	3
11	19000001	1.03828	1.01188	3
11	20000001	1.09508	1.01188	3
11	21000001	0.988725	1.01188	3
11	22000001	1.60715	1.01188	3
11	23000001	0.763205	1.01188	3
11	24000001	1.04665	1.01188	3
11	25000001	1.0094	1.01188	3
11	26000001	0.897278	1.01188	3
11	27000001	0.833071	1.01188	3
11	28000001	0.832147	1.01188	3
11	29000001	0.907596	1.01188	3
11	30000001	1.20224	1.01188	3
11	31000001	1.09952	1.01188	3
11	32000001	0.891663	1.01188	3
11	33000001	1.20557	1.01188	3
11	34000001	0.942302	1.01188	3
11	35000001	1.16848	1.01188	3
11	36000001	0.941533	1.01188	3
11	37000001	1.22323	1.01188	3
11	38000001	0.771878	1.01188	3
11	39000001	0.977826	1.01188	3
11	40000001	1.01188	1.01188	3
11	41000001	0.575907	1.01188	3
11	42000001	0.885793	1.01188	3
11	43000001	1.14253	1.01188	3
11	44000001	0.800744	1.01188	3
11	45000001	1.27195	1.01188	3
11	46000001	1.05185	1.01188	3
11	47000001	1.17873	1.01188	3
11	48000001	0.894011	1.01188	3
11	49000001	0.969344	1.01188	3
11	50000001	1.37576	1.01188	3
11	51000001	1.0078	1.01188	3
11	52000001	1.10209	1.01188	3
11	53000001	1.15609	1.01188	3
11	54000001	1.0681	1.01188	3
11	55000001	0.94073	1.01188	3
11	56000001	0.831251	1.01188	3
11	57000001	0.930318	1.01188	3
11	58000001	0.989099	1.01188	3
11	59000001	0.931126	1.01188	3
11	60000001	0.952779	1.01188	3
11	61000001	1.05841	1.01188	3
11	62000001	0.976549	1.01188	3
11	63000001	1.09904	1.01188	3
11	64000001	1.24312	1.01188	3
11	65000001	1.17278	1.01188	3
11	66000001	1.03907	1.01188	3
11	67000001	0.998653	1.01188	3
11	68000001	1.20247	1.01188	3
11	69000001	1.78179	1.78179	5
11	70000001	0.97993	1.04444	3
11	71000001	1.29354	1.04444	3
11	72000001	1.04556	1.04444	3
11	73000001	0.847259	1.04444	3
11	74000001	1.03412	1.04444	3
11	75000001	0.847857	1.04444	3
11	76000001	1.07755	1.04444	3
11	77000001	1.14117	1.04444	3
11	78000001	0.878811	1.04444	3
11	79000001	1.15452	1.04444	3
11	80000001	0.849402	1.04444	3
11	81000001	1.01283	1.04444	3
11	82000001	0.954991	1.04444	3
11	83000001	0.986296	1.04444	3
11	84000001	0.915847	1.04444	3
11	85000001	0.917864	1.04444	3
11	86000001	0.856618	1.04444	3
11	87000001	1.2629	1.04444	3
11	88000001	1.06412	1.04444	3
11	89000001	1.09311	1.04444	3
11	90000001	1.05972	1.04444	3
11	91000001	0.865784	1.04444	3
11	92000001	0.992952	1.04444	3
11	93000001	1.16621	1.04444	3
11	94000001	1.1464	1.04444	3
11	95000001	0.911323	1.04444	3
11	96000001	1.53468	1.04444	3
11	97000001	0.909574	1.04444	3
11	98000001	1.32949	1.04444	3
11	99000001	1.06849	1.04444	3
11	100000001	0.94195	1.04444	3
11	101000001	0.979395	1.04444	3
11	102000001	1.01303	1.04444	3
11	103000001	1.22865	1.04444	3
11	104000001	1.849	1.04444	3
11	105000001	0.984796	1.04444	3
11	106000001	1.0816	1.04444	3
11	107000001	1.06047	1.04444	3
11	108000001	1.12265	1.04444	3
11	109000001	1.13292	1.04444	3
11	110000001	1.04332	1.04444	3
11	111000001	0.986296	1.04444	3
11	112000001	1.22171	1.04444	3
11	113000001	1.04882	1.04444	3
11	114000001	1.03679	1.04444	3
11	115000001	0.728802	1.04444	3
11	116000001	0.929047	1.04444	3
11	117000001	1.06771	1.04444	3
11	118000001	1.10923	1.04444	3
11	119000001	1.11425	1.04444	3
11	120000001	0.877111	1.04444	3
11	121000001	1.03686	1.04444	3
11	122000001	1.14962	1.04444	3
11	123000001	0.954386	1.04444	3
11	124000001	0.931353	1.04444	3
11	125000001	1.44311	1.04444	3
11	126000001	1.04814	1.04444	3
11	127000001	1.03734	1.04444	3
11	128000001	1.19553	1.04444	3
11	129000001	1.13926	1.04444	3
11	130000001	0.832283	1.04444	3
11	131000001	1.22597	1.04444	3
11	132000001	1.05108	1.04444	3
11	133000001	1.11363	1.04444	3
11	134000001	0.891135	1.04444	3
11	135000001	0.347287	1.04444	3
12	1	0.641714	0.671653	2
12	1000001	0.601708	0.671653	2
12	2000001	0.788774	0.671653	2
12	3000001	0.675137	0.671653	2
12	4000001	0.786928	0.671653	2
12	5000001	0.776292	0.671653	2
12	6000001	0.619413	0.671653	2
12	7000001	1.14259	0.671653	2
12	8000001	0.69523	0.671653	2
12	9000001	0.718188	0.671653	2
12	10000001	0.547454	0.671653	2
12	11000001	0.647639	0.671653	2
12	12000001	0.69126	0.671653	2
12	13000001	0.792848	0.671653	2
12	14000001	0.727687	0.671653	2
12	15000001	0.579744	0.671653	2
12	16000001	0.650623	0.671653	2
12	17000001	0.640776	0.671653	2
12	18000001	0.580249	0.671653	2
12	19000001	0.613451	0.671653	2
12	20000001	0.671653	0.671653	2
12	21000001	0.640223	0.671653	2
12	22000001	0.722834	0.671653	2
12	23000001	1.11118	0.949128	3
12	24000001	0.787368	0.949128	3
12	25000001	1.04023	0.949128	3
12	26000001	1.07566	0.949128	3
12	27000001	0.919822	0.949128	3
12	28000001	0.959179	0.949128	3
12	29000001	0.917864	0.949128	3
12	30000001	0.949128	0.949128	3
12	31000001	0.813126	0.949128	3
12	32000001	0.721986	0.949128	3
12	33000001	0.795995	0.949128	3
12	34000001	0.932649	0.949128	3
12	35000001	1.1805	0.949128	3
12	36000001	0.932089	0.949128	3
12	37000001	0.804225	0.949128	3
12	38000001	1.0185	0.949128	3
12	39000001	0.864068	0.949128	3
12	40000001	1.16059	0.949128	3
12	41000001	0.912872	0.949128	3
12	42000001	0.952943	0.949128	3
12	43000001	1.03795	0.949128	3
12	44000001	1.54942	0.949128	3
12	45000001	0.822416	0.949128	3
12	46000001	0.975534	0.949128	3
12	47000001	1.12212	0.949128	3
12	48000001	1.91568	1.91568	6
12	49000001	1.17848	1.1189	3
12	50000001	1.06492	1.1189	3
12	51000001	0.923944	1.1189	3
12	52000001	1.05173	1.1189	3
12	53000001	1.1908	1.1189	3
12	54000001	1.25163	1.1189	3
12	55000001	0.940107	1.1189	3
12	56000001	1.21737	1.1189	3
12	57000001	1.16233	1.1189	3
12	58000001	1.17509	1.1189	3
12	59000001	0.963984	1.1189	3
12	60000001	1.21972	1.1189	3
12	61000001	0.988332	1.1189	3
12	62000001	1.08619	1.1189	3
12	63000001	1.1189	1.1189	3
12	64000001	0.985278	0.974731	3
12	65000001	0.705378	0.974731	3
12	66000001	0.719431	0.974731	3
12	67000001	0.877598	0.974731	3
12	68000001	0.887353	0.974731	3
12	69000001	1.07437	0.974731	3
12	70000001	0.940575	0.974731	3
12	71000001	0.81342	0.974731	3
12	72000001	1.06635	0.974731	3
12	73000001	0.970605	0.974731	3
12	74000001	1.03152	0.974731	3
12	75000001	0.934148	0.974731	3
12	76000001	1.306	0.974731	3
12	77000001	0.905573	0.974731	3
12	78000001	0.952619	0.974731	3
12	79000001	0.986013	0.974731	3
12	80000001	1.03933	0.974731	3
12	81000001	0.714064	0.974731	3
12	82000001	0.981641	0.974731	3
12	83000001	1.06887	0.974731	3
12	84000001	1.47961	0.974731	3
12	85000001	1.02864	0.974731	3
12	86000001	0.941333	0.974731	3
12	87000001	0.961339	0.974731	3
12	88000001	1.00419	0.974731	3
12	89000001	1.05186	0.974731	3
12	90000001	1.12187	0.974731	3
12	91000001	1.03006	0.974731	3
12	92000001	0.960014	0.974731	3
12	93000001	0.938674	0.974731	3
12	94000001	0.844248	0.974731	3
12	95000001	1.34944	0.974731	3
12	96000001	1.01353	0.974731	3
12	97000001	0.720249	0.974731	3
12	98000001	0.971919	0.974731	3
12	99000001	1.09558	0.974731	3
12	100000001	1.04105	0.974731	3
12	101000001	1.08753	0.974731	3
12	102000001	0.807664	0.974731	3
12	103000001	0.772567	0.974731	3
12	104000001	1.02748	0.974731	3
12	105000001	1.00246	0.974731	3
12	106000001	0.943761	0.974731	3
12	107000001	0.936981	0.974731	3
12	108000001	1.03456	0.974731	3
12	109000001	0.930307	0.974731	3
12	110000001	1.11877	0.974731	3
12	111000001	1.0409	0.974731	3
12	112000001	0.901625	0.974731	3
12	113000001	0.795682	0.974731	3
12	114000001	0.974731	0.974731	3
12	115000001	0.970947	0.974731	3
12	116000001	0.953471	0.974731	3
12	117000001	1.03323	0.974731	3
12	118000001	0.933475	0.974731	3
12	119000001	0.878811	0.974731	3
12	120000001	1.24251	0.974731	3
12	121000001	1.05788	0.974731	3
12	122000001	1.47419	0.974731	3
12	123000001	0.994146	0.974731	3
12	124000001	0.92134	0.974731	3
12	125000001	1.03602	0.974731	3
12	126000001	1.11168	0.974731	3
12	127000001	0.892503	0.974731	3
12	128000001	0.948003	0.974731	3
12	129000001	1.78705	1.37359	4
12	130000001	1.04364	1.37359	4
12	131000001	1.97259	1.37359	4
12	132000001	1.37359	1.37359	4
12	133000001	0.935735	1.37359	4
13	1	-1	-1	2
13	1000001	-1	-1	2
13	2000001	-1	-1	2
13	3000001	-1	-1	2
13	4000001	-1	-1	2
13	5000001	-1	-1	2
13	6000001	-1	-1	2
13	7000001	-1	-1	2
13	8000001	-1	-1	2
13	9000001	-1	-1	2
13	10000001	-1	-1	2
13	11000001	-1	-1	2
13	12000001	-1	-1	2
13	13000001	-1	-1	2
13	14000001	-1	-1	2
13	15000001	-1	-1	2
13	16000001	0.844435	0.735479	2
13	17000001	0.843742	0.735479	2
13	18000001	0.735479	0.735479	2
13	19000001	0.530645	0.735479	2
13	20000001	0.748999	0.735479	2
13	21000001	0.638984	0.735479	2
13	22000001	0.869505	0.735479	2
13	23000001	0.626692	0.735479	2
13	24000001	0.73783	0.735479	2
13	25000001	0.750476	0.735479	2
13	26000001	0.677138	0.735479	2
13	27000001	0.610998	0.735479	2
13	28000001	0.674079	0.735479	2
13	29000001	0.821359	0.735479	2
13	30000001	0.997184	0.735479	2
13	31000001	1.03402	0.735479	2
13	32000001	0.63632	0.735479	2
13	33000001	0.715034	0.735479	2
13	34000001	0.742643	0.735479	2
13	35000001	0.899405	0.735479	2
13	36000001	0.820546	0.735479	2
13	37000001	0.556665	0.735479	2
13	38000001	0.585541	0.735479	2
13	39000001	0.665883	0.735479	2
13	40000001	0.600427	0.735479	2
13	41000001	1.80812	1.80812	5
13	42000001	0.689788	0.696389	2
13	43000001	0.810452	0.696389	2
13	44000001	0.617354	0.696389	2
13	45000001	1.04277	0.696389	2
13	46000001	0.552883	0.696389	2
13	47000001	0.802223	0.696389	2
13	48000001	0.542915	0.696389	2
13	49000001	0.422815	0.696389	2
13	50000001	0.637483	0.696389	2
13	51000001	0.708842	0.696389	2
13	52000001	0.534765	0.696389	2
13	53000001	0.70299	0.696389	2
13	54000001	0.660743	0.696389	2
13	55000001	1.21408	0.696389	2
13	56000001	0.645137	0.696389	2
13	57000001	0.573257	0.696389	2
13	58000001	0.615624	0.696389	2
13	59000001	0.817438	0.696389	2
13	60000001	0.8079	0.696389	2
13	61000001	0.660489	0.696389	2
13	62000001	0.720899	0.696389	2
13	63000001	0.876299	0.696389	2
13	64000001	0.592564	0.696389	2
13	65000001	0.631224	0.696389	2
13	66000001	0.575666	0.696389	2
13	67000001	0.782554	0.696389	2
13	68000001	0.863715	0.696389	2
13	69000001	0.860461	0.696389	2
13	70000001	0.968282	0.696389	2
13	71000001	1.47092	0.696389	2
13	72000001	0.737194	0.696389	2
13	73000001	0.621989	0.696389	2
13	74000001	0.932096	0.696389	2
13	75000001	0.774474	0.696389	2
13	76000001	0.661707	0.696389	2
13	77000001	0.645542	0.696389	2
13	78000001	0.77075	0.696389	2
13	79000001	0.637567	0.696389	2
13	80000001	1.90517	1.90517	6
13	81000001	0.652663	0.688208	2
13	82000001	0.717335	0.688208	2
13	83000001	0.688208	0.688208	2
13	84000001	0.706462	0.688208	2
13	85000001	0.678137	0.688208	2
13	86000001	1.12904	1.0594	3
13	87000001	0.98975	1.0594	3
13	88000001	0.737575	1.0594	3
13	89000001	1.34417	1.0594	3
13	90000001	4.04619	3.65284	11
13	91000001	3.25949	3.65284	11
13	92000001	1.8642	1.68226	5
13	93000001	1.50032	1.68226	5
13	94000001	0.928256	0.758241	2
13	95000001	0.9981	0.758241	2
13	96000001	0.531249	0.758241	2
13	97000001	0.758241	0.758241	2
13	98000001	0.786896	0.758241	2
13	99000001	0.774812	0.758241	2
13	100000001	0.669493	0.758241	2
13	101000001	0.834168	0.758241	2
13	102000001	0.801161	0.758241	2
13	103000001	0.703649	0.758241	2
13	104000001	0.853001	0.758241	2
13	105000001	0.635423	0.758241	2
13	106000001	0.911629	0.758241	2
13	107000001	1.43602	0.758241	2
13	108000001	0.653913	0.758241	2
13	109000001	0.71634	0.758241	2
13	110000001	0.652225	0.758241	2
13	111000001	0.563658	0.758241	2
13	112000001	0.602826	0.758241	2
13	113000001	0.930899	0.758241	2
13	114000001	0.678066	0.758241	2
14	1	-1	-1	3
14	1000001	-1	-1	3
14	2000001	-1	-1	3
14	3000001	-1	-1	3
14	4000001	-1	-1	3
14	5000001	-1	-1	3
14	6000001	-1	-1	3
14	7000001	-1	-1	3
14	8000001	-1	-1	3
14	9000001	-1	-1	3
14	10000001	-1	-1	3
14	11000001	-1	-1	3
14	12000001	-1	-1	3
14	13000001	-1	-1	3
14	14000001	-1	-1	3
14	15000001	-1	-1	3
14	16000001	1.35215	0.928368	3
14	17000001	0.893779	0.928368	3
14	18000001	0.928368	0.928368	3
14	19000001	1.62358	1.62358	5
14	20000001	0.554458	0.689133	2
14	21000001	0.878121	0.689133	2
14	22000001	0.972405	0.689133	2
14	23000001	0.819484	0.689133	2
14	24000001	0.592551	0.689133	2
14	25000001	0.583366	0.689133	2
14	26000001	0.784893	0.689133	2
14	27000001	0.692424	0.689133	2
14	28000001	0.772896	0.689133	2
14	29000001	0.609939	0.689133	2
14	30000001	0.785109	0.689133	2
14	31000001	0.564226	0.689133	2
14	32000001	0.639266	0.689133	2
14	33000001	0.564802	0.689133	2
14	34000001	1.01088	0.689133	2
14	35000001	0.536869	0.689133	2
14	36000001	0.588492	0.689133	2
14	37000001	0.512211	0.689133	2
14	38000001	0.967355	0.689133	2
14	39000001	0.732037	0.689133	2
14	40000001	0.461857	0.689133	2
14	41000001	0.877473	0.689133	2
14	42000001	0.938362	0.689133	2
14	43000001	0.613803	0.689133	2
14	44000001	0.5399	0.689133	2
14	45000001	0.811219	0.689133	2
14	46000001	0.525486	0.689133	2
14	47000001	0.720022	0.689133	2
14	48000001	0.970982	0.689133	2
14	49000001	0.783333	0.689133	2
14	50000001	0.470067	0.689133	2
14	51000001	0.859313	0.689133	2
14	52000001	0.573843	0.689133	2
14	53000001	0.81077	0.689133	2
14	54000001	0.486034	0.689133	2
14	55000001	0.729454	0.689133	2
14	56000001	0.782514	0.689133	2
14	57000001	0.611378	0.689133	2
14	58000001	0.503732	0.689133	2
14	59000001	0.685842	0.689133	2
14	60000001	2.60142	2.60142	8
14	61000001	0.777693	0.698457	2
14	62000001	0.809244	0.698457	2
14	63000001	0.769253	0.698457	2
14	64000001	0.657429	0.698457	2
14	65000001	0.554316	0.698457	2
14	66000001	0.642751	0.698457	2
14	67000001	0.645328	0.698457	2
14	68000001	0.778082	0.698457	2
14	69000001	0.563402	0.698457	2
14	70000001	0.584621	0.698457	2
14	71000001	0.865862	0.698457	2
14	72000001	0.693609	0.698457	2
14	73000001	0.641478	0.698457	2
14	74000001	0.691321	0.698457	2
14	75000001	0.641352	0.698457	2
14	76000001	0.773854	0.698457	2
14	77000001	0.708612	0.698457	2
14	78000001	0.567653	0.698457	2
14	79000001	0.627838	0.698457	2
14	80000001	0.539785	0.698457	2
14	81000001	0.621018	0.698457	2
14	82000001	0.745063	0.698457	2
14	83000001	0.846017	0.698457	2
14	84000001	0.768006	0.698457	2
14	85000001	0.645536	0.698457	2
14	86000001	0.707935	0.698457	2
14	87000001	0.557329	0.698457	2
14	88000001	0.59853	0.698457	2
14	89000001	0.671031	0.698457	2
14	90000001	0.680732	0.698457	2
14	91000001	0.991888	0.698457	2
14	92000001	0.780079	0.698457	2
14	93000001	0.759882	0.698457	2
14	94000001	0.828026	0.698457	2
14	95000001	0.556806	0.698457	2
14	96000001	0.731868	0.698457	2
14	97000001	0.778817	0.698457	2
14	98000001	0.670475	0.698457	2
14	99000001	0.822152	0.698457	2
14	100000001	0.611155	0.698457	2
14	101000001	0.777192	0.698457	2
14	102000001	0.810045	0.698457	2
14	103000001	0.703304	0.698457	2
14	104000001	0.635748	0.698457	2
14	105000001	0.838347	0.698457	2
14	106000001	0.812829	0.698457	2
14	107000001	-1	-1	2
15	1	-1	-1	4
15	1000001	-1	-1	4
15	2000001	-1	-1	4
15	3000001	-1	-1	4
15	4000001	-1	-1	4
15	5000001	-1	-1	4
15	6000001	-1	-1	4
15	7000001	-1	-1	4
15	8000001	-1	-1	4
15	9000001	-1	-1	4
15	10000001	-1	-1	4
15	11000001	-1	-1	4
15	12000001	-1	-1	4
15	13000001	-1	-1	4
15	14000001	-1	-1	4
15	15000001	-1	-1	4
15	16000001	-1	-1	4
15	17000001	1.39804	1.39804	4
15	18000001	1.22407	1.39804	4
15	19000001	1.48294	1.39804	4
15	20000001	0.984342	0.979487	3
15	21000001	0.948427	0.979487	3
15	22000001	1.03525	0.979487	3
15	23000001	0.960244	0.979487	3
15	24000001	0.968105	0.979487	3
15	25000001	1.17595	0.979487	3
15	26000001	0.955048	0.979487	3
15	27000001	0.948482	0.979487	3
15	28000001	1.27853	0.979487	3
15	29000001	0.915925	0.979487	3
15	30000001	0.979487	0.979487	3
15	31000001	0.986542	0.979487	3
15	32000001	0.932466	0.979487	3
15	33000001	0.999182	0.979487	3
15	34000001	1.24209	0.979487	3
15	35000001	0.723173	0.911558	3
15	36000001	1.2037	0.911558	3
15	37000001	0.811034	0.911558	3
15	38000001	1.04381	0.911558	3
15	39000001	0.807329	0.911558	3
15	40000001	1.0787	0.911558	3
15	41000001	0.911558	0.911558	3
15	42000001	0.891291	0.911558	3
15	43000001	0.978295	0.911558	3
15	44000001	1.11991	1.28096	4
15	45000001	1.442	1.28096	4
15	46000001	1.04987	0.922086	3
15	47000001	0.867427	0.922086	3
15	48000001	0.922086	0.922086	3
15	49000001	1.10062	1.16341	3
15	50000001	1.25679	1.16341	3
15	51000001	1.16341	1.16341	3
15	52000001	1.10732	1.16341	3
15	53000001	1.19463	1.16341	3
15	54000001	0.94956	1.02269	3
15	55000001	1.01861	1.02269	3
15	56000001	1.12472	1.02269	3
15	57000001	1.05003	1.02269	3
15	58000001	1.02678	1.02269	3
15	59000001	0.878305	1.02269	3
15	60000001	0.980404	1.02269	3
15	61000001	1.06232	1.02269	3
15	62000001	1.09751	1.02269	3
15	63000001	0.844708	1.02269	3
15	64000001	1.05079	1.02269	3
15	65000001	0.844795	1.02269	3
15	66000001	0.987157	1.02269	3
15	67000001	1.02803	1.02269	3
15	68000001	1.2915	1.02269	3
15	69000001	0.864245	1.02269	3
15	70000001	0.97987	1.02269	3
15	71000001	0.946039	1.02269	3
15	72000001	0.975317	1.02269	3
15	73000001	1.11661	1.02269	3
15	74000001	1.08897	1.02269	3
15	75000001	1.07609	1.02269	3
15	76000001	0.756308	0.765209	2
15	77000001	0.774111	0.765209	2
15	78000001	0.998276	0.997242	3
15	79000001	1.25534	0.997242	3
15	80000001	0.955903	0.997242	3
15	81000001	0.956295	0.997242	3
15	82000001	1.00198	0.997242	3
15	83000001	0.744779	0.997242	3
15	84000001	0.979781	0.997242	3
15	85000001	0.996208	0.997242	3
15	86000001	0.990941	0.997242	3
15	87000001	1.05139	0.997242	3
15	88000001	0.936509	0.997242	3
15	89000001	1.21712	0.997242	3
15	90000001	1.074	0.997242	3
15	91000001	0.888897	0.997242	3
15	92000001	0.949941	0.997242	3
15	93000001	1.17695	0.997242	3
15	94000001	1.02869	0.997242	3
15	95000001	0.932905	0.997242	3
15	96000001	1.01672	0.997242	3
15	97000001	1.23411	0.997242	3
15	98000001	0.760339	0.997242	3
15	99000001	1.25848	0.997242	3
15	100000001	0.939047	0.997242	3
15	101000001	1.0228	0.997242	3
16	1	1.27138	1.10216	3
16	1000001	1.17009	1.10216	3
16	2000001	0.895704	1.10216	3
16	3000001	1.35313	1.10216	3
16	4000001	1.22272	1.10216	3
16	5000001	1.01872	1.10216	3
16	6000001	1.21693	1.10216	3
16	7000001	0.92322	1.10216	3
16	8000001	0.905086	1.10216	3
16	9000001	1.14258	1.10216	3
16	10000001	1.84466	1.10216	3
16	11000001	0.976671	1.10216	3
16	12000001	1.10216	1.10216	3
16	13000001	0.836719	1.10216	3
16	14000001	1.16412	1.10216	3
16	15000001	1.09424	1.10216	3
16	16000001	1.13479	1.10216	3
16	17000001	1.00346	1.10216	3
16	18000001	1.02248	1.10216	3
16	19000001	1.14959	1.10216	3
16	20000001	1.11976	1.10216	3
16	21000001	1.159	1.10216	3
16	22000001	0.932353	1.10216	3
16	23000001	1.75571	1.10216	3
16	24000001	1.09902	1.10216	3
16	25000001	1.19008	1.10216	3
16	26000001	1.11685	1.10216	3
16	27000001	0.979549	1.10216	3
16	28000001	1.14463	1.10216	3
16	29000001	1.0302	1.10216	3
16	30000001	1.06664	1.10216	3
16	31000001	0.992872	1.10216	3
16	32000001	1.0301	1.10216	3
16	33000001	1.46998	1.10216	3
16	34000001	2.24173	1.10216	3
16	35000001	1.06451	1.10216	3
16	36000001	1.06496	1.10216	3
16	37000001	1.15412	1.10216	3
16	38000001	0.980907	1.10216	3
16	39000001	-1	-1	3
16	40000001	-1	-1	3
16	41000001	-1	-1	3
16	42000001	-1	-1	3
16	43000001	-1	-1	3
16	44000001	-1	-1	3
16	45000001	-1	-1	3
16	46000001	4.91516	4.91516	15
16	47000001	1.22403	0.994127	3
16	48000001	0.920087	0.994127	3
16	49000001	1.05297	0.994127	3
16	50000001	0.964813	0.994127	3
16	51000001	0.791996	0.994127	3
16	52000001	1.11143	0.994127	3
16	53000001	0.994127	0.994127	3
16	54000001	0.985989	0.994127	3
16	55000001	0.991287	0.994127	3
16	56000001	0.844109	0.994127	3
16	57000001	1.2314	0.994127	3
16	58000001	1.09241	0.994127	3
16	59000001	1.18219	0.994127	3
16	60000001	0.989075	0.994127	3
16	61000001	0.847178	0.994127	3
16	62000001	1.01095	0.994127	3
16	63000001	0.884958	0.994127	3
16	64000001	1.06413	0.994127	3
16	65000001	0.975423	0.994127	3
16	66000001	0.875783	0.994127	3
16	67000001	0.695566	0.994127	3
16	68000001	1.00914	0.994127	3
16	69000001	0.905422	0.994127	3
16	70000001	1.00432	0.994127	3
16	71000001	1.10817	0.994127	3
16	72000001	1.07036	0.994127	3
16	73000001	1.01995	0.994127	3
16	74000001	1.73695	0.994127	3
16	75000001	0.952147	0.994127	3
16	76000001	1.03224	0.994127	3
16	77000001	0.748186	0.994127	3
16	78000001	1.30095	1.3837	4
16	79000001	1.23367	1.3837	4
16	80000001	1.6387	1.3837	4
16	81000001	1.48191	1.3837	4
16	82000001	1.3837	1.3837	4
16	83000001	1.29939	1.3837	4
16	84000001	1.57799	1.3837	4
16	85000001	1.24782	1.3837	4
16	86000001	1.38577	1.3837	4
16	87000001	0.941906	1.3837	4
16	88000001	1.68251	1.3837	4
16	89000001	0.891058	0.976311	3
16	90000001	1.06156	0.976311	3
17	1	0.815628	0.697669	2
17	1000001	0.835513	0.697669	2
17	2000001	0.638392	0.697669	2
17	3000001	0.780868	0.697669	2
17	4000001	0.81763	0.697669	2
17	5000001	0.736141	0.697669	2
17	6000001	0.714955	0.697669	2
17	7000001	0.830924	0.697669	2
17	8000001	0.547184	0.697669	2
17	9000001	0.670564	0.697669	2
17	10000001	0.7495	0.697669	2
17	11000001	0.601467	0.697669	2
17	12000001	0.518098	0.697669	2
17	13000001	0.64742	0.697669	2
17	14000001	0.545804	0.697669	2
17	15000001	0.758803	0.697669	2
17	16000001	0.661036	0.697669	2
17	17000001	0.798075	0.697669	2
17	18000001	0.535842	0.697669	2
17	19000001	0.601513	0.697669	2
17	20000001	0.586365	0.697669	2
17	21000001	0.8411	0.697669	2
17	22000001	0.710782	0.697669	2
17	23000001	0.684556	0.697669	2
17	24000001	0.738689	0.697669	2
17	25000001	0.59847	0.697669	2
17	26000001	1.92706	1.92706	6
17	27000001	0.815995	1.0922	3
17	28000001	1.15839	1.0922	3
17	29000001	0.977634	1.0922	3
17	30000001	1.07395	1.0922	3
17	31000001	1.11103	1.0922	3
17	32000001	0.984317	1.0922	3
17	33000001	1.11044	1.0922	3
17	34000001	1.1141	1.0922	3
17	35000001	1.13489	1.1826	4
17	36000001	1.43411	1.1826	4
17	37000001	1.12459	1.1826	4
17	38000001	1.27777	1.1826	4
17	39000001	1.19844	1.1826	4
17	40000001	1.16677	1.1826	4
17	41000001	1.01807	0.917429	3
17	42000001	1.05635	0.917429	3
17	43000001	0.83008	0.917429	3
17	44000001	0.917429	0.917429	3
17	45000001	1.0514	0.917429	3
17	46000001	0.539921	0.917429	3
17	47000001	1.10007	0.917429	3
17	48000001	0.870905	0.917429	3
17	49000001	1.11494	0.917429	3
17	50000001	1.06285	0.917429	3
17	51000001	0.729754	0.917429	3
17	52000001	0.893163	0.917429	3
17	53000001	0.802013	0.917429	3
17	54000001	0.928908	0.917429	3
17	55000001	0.942576	0.917429	3
17	56000001	0.84417	0.917429	3
17	57000001	0.993899	0.917429	3
17	58000001	0.906831	0.917429	3
17	59000001	0.691973	0.917429	3
17	60000001	1.38045	1.03849	3
17	61000001	0.705572	1.03849	3
17	62000001	2.08158	1.03849	3
17	63000001	0.915683	1.03849	3
17	64000001	1.03849	1.03849	3
17	65000001	1.24552	1.03849	3
17	66000001	1.16529	1.03849	3
17	67000001	0.945605	1.03849	3
17	68000001	1.15984	1.03849	3
17	69000001	0.914138	1.03849	3
17	70000001	0.834711	1.03849	3
17	71000001	1.26672	1.03849	3
17	72000001	1.20739	1.03849	3
17	73000001	1.24708	1.03849	3
17	74000001	0.876841	1.03849	3
17	75000001	1.01617	1.03849	3
17	76000001	1.00534	1.03849	3
17	77000001	2.36825	2.36825	7
17	78000001	1.18971	1.09445	3
17	79000001	1.06387	1.09445	3
17	80000001	1.09445	1.09445	3
17	81000001	3.34934	3.34934	10
17	82000001	1.14429	1.01308	3
17	83000001	0.881876	1.01308	3
18	1	2.68845	2.68845	8
18	1000001	1.19392	1.22773	4
18	2000001	1.34539	1.22773	4
18	3000001	1.46083	1.22773	4
18	4000001	1.25976	1.22773	4
18	5000001	1.1596	1.22773	4
18	6000001	1.35837	1.22773	4
18	7000001	1.4919	1.22773	4
18	8000001	1.2519	1.22773	4
18	9000001	1.20356	1.22773	4
18	10000001	1.19394	1.22773	4
18	11000001	0.894075	1.22773	4
18	12000001	1.40221	1.22773	4
18	13000001	1.09445	1.22773	4
18	14000001	1.08468	1.22773	4
18	15000001	1.42465	1.44849	4
18	16000001	1.5535	1.44849	4
18	17000001	1.48385	1.44849	4
18	18000001	1.75901	1.44849	4
18	19000001	1.76667	1.44849	4
18	20000001	1.64352	1.44849	4
18	21000001	1.02606	1.44849	4
18	22000001	1.33492	1.44849	4
18	23000001	1.12785	1.44849	4
18	24000001	1.25676	1.44849	4
18	25000001	1.86369	1.44849	4
18	26000001	1.60333	1.44849	4
18	27000001	1.78794	1.44849	4
18	28000001	0.960953	1.44849	4
18	29000001	2.18406	1.44849	4
18	30000001	1.04629	1.44849	4
18	31000001	1.25316	1.44849	4
18	32000001	1.29735	1.44849	4
18	33000001	1.38433	1.44849	4
18	34000001	1.45435	1.44849	4
18	35000001	1.61414	1.44849	4
18	36000001	1.12634	1.44849	4
18	37000001	1.28558	1.44849	4
18	38000001	1.46397	1.44849	4
18	39000001	1.55196	1.44849	4
18	40000001	1.07519	1.44849	4
18	41000001	1.44849	1.44849	4
18	42000001	0.639451	0.746504	2
18	43000001	0.661583	0.746504	2
18	44000001	1.39272	0.746504	2
18	45000001	0.784211	0.746504	2
18	46000001	1.01884	0.746504	2
18	47000001	0.609216	0.746504	2
18	48000001	0.806851	0.746504	2
18	49000001	0.638203	0.746504	2
18	50000001	0.746504	0.746504	2
18	51000001	0.834203	0.746504	2
18	52000001	0.564599	0.746504	2
18	53000001	0.916999	0.746504	2
18	54000001	0.696751	0.746504	2
18	55000001	0.853592	0.746504	2
18	56000001	0.657886	0.746504	2
18	57000001	0.729551	0.746504	2
18	58000001	0.811189	0.746504	2
18	59000001	0.753364	0.746504	2
18	60000001	0.685319	0.746504	2
18	61000001	2.10152	2.10152	6
18	62000001	0.620676	0.675029	2
18	63000001	0.710216	0.675029	2
18	64000001	0.651076	0.675029	2
18	65000001	0.742031	0.675029	2
18	66000001	0.67472	0.675029	2
18	67000001	0.746865	0.675029	2
18	68000001	0.645256	0.675029	2
18	69000001	0.70747	0.675029	2
18	70000001	0.581591	0.675029	2
18	71000001	0.636102	0.675029	2
18	72000001	0.675029	0.675029	2
18	73000001	0.498905	0.675029	2
18	74000001	0.753913	0.675029	2
18	75000001	0.633298	0.675029	2
18	76000001	0.951762	0.675029	2
18	77000001	1.75355	0.675029	2
18	78000001	0.693706	0.675029	2
18	79000001	0.904818	0.675029	2
18	80000001	0.351031	0.675029	2
19	1	1.26674	1.02489	3
19	1000001	1.02642	1.02489	3
19	2000001	0.852412	1.02489	3
19	3000001	1.02489	1.02489	3
19	4000001	0.858713	1.02489	3
19	5000001	1.15146	1.15146	3
19	6000001	1.10313	1.15146	3
19	7000001	1.46883	1.15146	3
19	8000001	1.01946	1.15146	3
19	9000001	1.1519	1.15146	3
19	10000001	1.154	1.15146	3
19	11000001	1.01116	1.15146	3
19	12000001	1.12362	1.15146	3
19	13000001	1.24888	1.15146	3
19	14000001	1.37242	1.15146	3
19	15000001	0.963731	1.15146	3
19	16000001	1.4528	1.15146	3
19	17000001	1.22793	1.15146	3
19	18000001	1.02709	1.15146	3
19	19000001	1.46022	1.15146	3
19	20000001	1.00471	1.15146	3
19	21000001	1.11472	1.15146	3
19	22000001	1.07174	1.15146	3
19	23000001	1.19462	1.15146	3
19	24000001	1.34962	1.34962	4
19	25000001	1.83834	1.70263	5
19	26000001	1.56692	1.70263	5
19	27000001	1.04072	1.12303	3
19	28000001	1.02245	1.12303	3
19	29000001	1.12303	1.12303	3
19	30000001	0.961358	1.12303	3
19	31000001	1.03873	1.12303	3
19	32000001	1.14925	1.12303	3
19	33000001	1.21037	1.12303	3
19	34000001	0.887451	1.12303	3
19	35000001	1.27404	1.12303	3
19	36000001	1.74305	1.12303	3
19	37000001	1.26313	1.12303	3
19	38000001	1.02609	1.00208	3
19	39000001	0.828961	1.00208	3
19	40000001	0.919895	1.00208	3
19	41000001	1.1018	1.00208	3
19	42000001	1.19265	1.00208	3
19	43000001	0.946336	1.00208	3
19	44000001	1.03191	1.00208	3
19	45000001	0.994392	1.00208	3
19	46000001	0.932429	1.00208	3
19	47000001	0.834453	1.00208	3
19	48000001	1.00208	1.00208	3
19	49000001	1.06091	1.00208	3
19	50000001	1.07446	1.00208	3
19	51000001	0.90078	1.00208	3
19	52000001	1.20636	1.00208	3
19	53000001	1.07036	1.00208	3
19	54000001	1.17412	1.00208	3
19	55000001	0.78993	1.00208	3
19	56000001	1.16706	1.00208	3
19	57000001	0.989262	1.00208	3
19	58000001	0.95215	1.00208	3
2	1	1.15418	0.971207	3
2	1000001	1.11731	0.971207	3
2	2000001	0.962401	0.971207	3
2	3000001	0.983963	0.971207	3
2	4000001	0.903756	0.971207	3
2	5000001	0.72402	0.971207	3
2	6000001	0.903573	0.971207	3
2	7000001	1.25523	0.971207	3
2	8000001	0.816489	0.971207	3
2	9000001	1.2168	0.971207	3
2	10000001	0.85242	0.971207	3
2	11000001	1.08772	0.971207	3
2	12000001	0.729551	0.971207	3
2	13000001	0.944147	0.971207	3
2	14000001	0.901028	0.971207	3
2	15000001	1.0518	0.971207	3
2	16000001	1.20295	0.971207	3
2	17000001	1.03513	0.971207	3
2	18000001	1.15264	0.971207	3
2	19000001	0.948343	0.971207	3
2	20000001	0.999883	0.971207	3
2	21000001	0.977209	0.971207	3
2	22000001	0.620542	0.971207	3
2	23000001	0.925098	0.971207	3
2	24000001	0.982991	0.971207	3
2	25000001	0.950647	0.971207	3
2	26000001	1.36002	0.971207	3
2	27000001	1.30594	0.971207	3
2	28000001	0.844404	0.971207	3
2	29000001	0.960848	0.971207	3
2	30000001	0.888119	0.971207	3
2	31000001	0.785928	0.971207	3
2	32000001	0.934801	0.971207	3
2	33000001	0.962397	0.971207	3
2	34000001	1.02446	0.971207	3
2	35000001	0.853073	0.971207	3
2	36000001	1.01977	0.971207	3
2	37000001	1.02106	0.971207	3
2	38000001	1.06379	0.971207	3
2	39000001	0.912936	0.971207	3
2	40000001	0.971207	0.971207	3
2	41000001	1.03338	0.971207	3
2	42000001	0.981072	0.971207	3
2	43000001	0.862263	0.971207	3
2	44000001	0.832588	0.971207	3
2	45000001	0.930468	0.971207	3
2	46000001	0.911781	0.971207	3
2	47000001	1.0154	0.971207	3
2	48000001	1.1004	0.971207	3
2	49000001	1.25989	0.971207	3
2	50000001	1.22315	0.971207	3
2	51000001	0.856748	0.971207	3
2	52000001	0.813633	0.971207	3
2	53000001	1.06232	0.971207	3
2	54000001	1.03253	0.971207	3
2	55000001	0.877437	0.971207	3
2	56000001	1.02634	0.971207	3
2	57000001	2.2342	2.2342	7
2	58000001	0.928724	1.04611	3
2	59000001	0.998822	1.04611	3
2	60000001	1.41501	1.04611	3
2	61000001	1.14281	1.04611	3
2	62000001	1.07956	1.04611	3
2	63000001	1.13492	1.04611	3
2	64000001	0.885389	1.04611	3
2	65000001	0.915847	1.04611	3
2	66000001	0.947428	1.04611	3
2	67000001	1.05395	1.04611	3
2	68000001	1.8057	1.04611	3
2	69000001	0.932628	1.04611	3
2	70000001	0.971352	1.04611	3
2	71000001	1.20256	1.04611	3
2	72000001	1.18477	1.04611	3
2	73000001	0.885905	1.04611	3
2	74000001	1.04611	1.04611	3
2	75000001	1.0505	1.04611	3
2	76000001	0.817826	1.04611	3
2	77000001	0.862904	1.04611	3
2	78000001	1.0548	1.04611	3
2	79000001	0.93483	1.04611	3
2	80000001	0.972054	1.04611	3
2	81000001	1.16731	1.04611	3
2	82000001	1.2334	1.04611	3
2	83000001	2.72106	2.72106	8
2	84000001	0.722007	1.03501	3
2	85000001	0.974448	1.03501	3
2	86000001	0.925962	1.03501	3
2	87000001	1.04737	1.03501	3
2	88000001	0.90748	1.03501	3
2	89000001	1.04455	1.03501	3
2	90000001	1.50249	1.03501	3
2	91000001	1.20194	1.03501	3
2	92000001	1.20763	1.03501	3
2	93000001	1.24017	1.03501	3
2	94000001	1.12305	1.03501	3
2	95000001	1.09569	1.03501	3
2	96000001	1.02547	1.03501	3
2	97000001	1.33129	1.03501	3
2	98000001	0.791904	1.03501	3
2	99000001	1.70762	1.03501	3
2	100000001	1.37247	1.03501	3
2	101000001	1.14284	1.03501	3
2	102000001	0.921423	1.03501	3
2	103000001	0.793586	1.03501	3
2	104000001	1.00021	1.03501	3
2	105000001	1.07757	1.03501	3
2	106000001	0.961055	1.03501	3
2	107000001	0.678242	1.03501	3
2	108000001	0.879288	1.03501	3
2	109000001	1.23477	1.03501	3
2	110000001	1.37642	1.03501	3
2	111000001	1.01405	1.03501	3
2	112000001	1.33141	1.03501	3
2	113000001	1.00041	1.03501	3
2	114000001	1.07344	1.03501	3
2	115000001	1.01481	1.03501	3
2	116000001	1.05048	1.03501	3
2	117000001	0.913943	1.03501	3
2	118000001	0.860153	1.03501	3
2	119000001	0.733083	1.03501	3
2	120000001	1.1396	1.03501	3
2	121000001	1.01392	1.03501	3
2	122000001	1.15673	1.03501	3
2	123000001	0.809718	1.03501	3
2	124000001	1.75484	1.75484	5
2	125000001	0.687074	0.893171	3
2	126000001	0.904977	0.893171	3
2	127000001	0.893171	0.893171	3
2	128000001	0.61564	0.893171	3
2	129000001	0.961369	0.893171	3
2	130000001	1.27067	0.893171	3
2	131000001	1.04047	0.893171	3
2	132000001	0.877993	0.893171	3
2	133000001	1.20785	0.893171	3
2	134000001	1.0349	0.893171	3
2	135000001	1.21035	0.893171	3
2	136000001	0.985416	0.893171	3
2	137000001	0.780488	0.893171	3
2	138000001	0.866676	0.893171	3
2	139000001	0.862925	0.893171	3
2	140000001	0.780021	0.893171	3
2	141000001	0.833821	0.893171	3
2	142000001	1.06165	0.893171	3
2	143000001	0.863831	0.893171	3
2	144000001	0.6499	0.893171	3
2	145000001	0.525569	0.893171	3
2	146000001	0.94747	0.893171	3
2	147000001	0.914507	0.893171	3
2	148000001	1.59989	2.00939	6
2	149000001	2.00939	2.00939	6
2	150000001	2.09318	2.00939	6
2	151000001	1.23383	1.22707	4
2	152000001	1.05213	1.22707	4
2	153000001	1.33805	1.22707	4
2	154000001	1.61463	1.22707	4
2	155000001	1.42922	1.22707	4
2	156000001	1.06065	1.22707	4
2	157000001	1.22031	1.22707	4
2	158000001	1.06741	1.22707	4
2	159000001	1.41678	1.22707	4
2	160000001	1.27577	1.22707	4
2	161000001	1.31721	1.22707	4
2	162000001	0.870805	1.22707	4
2	163000001	0.90607	1.22707	4
2	164000001	1.15294	1.22707	4
2	165000001	1.39735	1.40321	4
2	166000001	1.70628	1.40321	4
2	167000001	1.40908	1.40321	4
2	168000001	1.39336	1.40321	4
2	169000001	3.21656	3.21656	10
2	170000001	1.13404	1.35119	4
2	171000001	1.36334	1.35119	4
2	172000001	1.50112	1.35119	4
2	173000001	1.38912	1.35119	4
2	174000001	1.47568	1.35119	4
2	175000001	1.32554	1.35119	4
2	176000001	1.19142	1.35119	4
2	177000001	1.35939	1.35119	4
2	178000001	1.38297	1.35119	4
2	179000001	1.17049	1.35119	4
2	180000001	1.20129	1.35119	4
2	181000001	1.17244	1.35119	4
2	182000001	1.23476	1.35119	4
2	183000001	1.36024	1.35119	4
2	184000001	1.39222	1.35119	4
2	185000001	1.19756	1.35119	4
2	186000001	1.34299	1.35119	4
2	187000001	1.38372	1.35119	4
2	188000001	0.849445	0.707891	2
2	189000001	0.679988	0.707891	2
2	190000001	0.897174	0.707891	2
2	191000001	0.70862	0.707891	2
2	192000001	0.672129	0.707891	2
2	193000001	0.707162	0.707891	2
2	194000001	2.79365	2.79365	8
2	195000001	0.600745	0.702577	2
2	196000001	0.632966	0.702577	2
2	197000001	0.633433	0.702577	2
2	198000001	0.696751	0.702577	2
2	199000001	0.698133	0.702577	2
2	200000001	0.632514	0.702577	2
2	201000001	0.609391	0.702577	2
2	202000001	0.757467	0.702577	2
2	203000001	0.599697	0.702577	2
2	204000001	0.716305	0.702577	2
2	205000001	0.809403	0.702577	2
2	206000001	0.624889	0.702577	2
2	207000001	0.817234	0.702577	2
2	208000001	0.779005	0.702577	2
2	209000001	0.715038	0.702577	2
2	210000001	0.613023	0.702577	2
2	211000001	0.714738	0.702577	2
2	212000001	0.659122	0.702577	2
2	213000001	1.05097	0.702577	2
2	214000001	0.425117	0.702577	2
2	215000001	0.560275	0.702577	2
2	216000001	0.707021	0.702577	2
2	217000001	0.714383	0.702577	2
2	218000001	0.741502	0.702577	2
2	219000001	0.849624	0.702577	2
2	220000001	0.851385	0.702577	2
2	221000001	0.999842	0.702577	2
2	222000001	0.635337	0.702577	2
2	223000001	0.746648	0.702577	2
2	224000001	0.626053	0.702577	2
2	225000001	1.95602	1.95602	6
2	226000001	0.646467	0.722711	2
2	227000001	0.824066	0.722711	2
2	228000001	0.711429	0.722711	2
2	229000001	0.945365	0.722711	2
2	230000001	0.771492	0.722711	2
2	231000001	0.608777	0.722711	2
2	232000001	0.868475	0.722711	2
2	233000001	0.733994	0.722711	2
2	234000001	0.40382	0.722711	2
2	235000001	1.15095	0.722711	2
2	236000001	0.678824	0.722711	2
2	237000001	0.364497	0.722711	2
2	238000001	1.81688	1.81688	5
2	239000001	0.669692	0.823631	2
2	240000001	0.729584	0.823631	2
2	241000001	0.917678	0.823631	2
2	242000001	0.957316	0.823631	2
20	1	2.54636	2.54636	8
20	1000001	0.744107	0.732917	2
20	2000001	0.617336	0.732917	2
20	3000001	0.723137	0.732917	2
20	4000001	0.716145	0.732917	2
20	5000001	0.586827	0.732917	2
20	6000001	0.742697	0.732917	2
20	7000001	0.814873	0.732917	2
20	8000001	0.939795	0.732917	2
20	9000001	0.748805	0.732917	2
20	10000001	0.75441	0.732917	2
20	11000001	0.72005	0.732917	2
20	12000001	0.587619	0.732917	2
20	13000001	0.642422	0.732917	2
20	14000001	0.879514	0.732917	2
20	15000001	0.769032	0.732917	2
20	16000001	0.749577	0.732917	2
20	17000001	0.553768	0.732917	2
20	18000001	0.987906	0.732917	2
20	19000001	0.714707	0.732917	2
20	20000001	0.916839	0.732917	2
20	21000001	0.582695	0.732917	2
20	22000001	0.555248	0.732917	2
20	23000001	0.577848	0.732917	2
20	24000001	0.816384	0.732917	2
20	25000001	0.949989	1.01696	3
20	26000001	1.0305	1.01696	3
20	27000001	0.99889	1.01696	3
20	28000001	1.09662	1.01696	3
20	29000001	1.04274	1.01696	3
20	30000001	0.982181	1.01696	3
20	31000001	1.1709	1.01696	3
20	32000001	1.01623	1.01696	3
20	33000001	1.03379	1.01696	3
20	34000001	1.2678	1.01696	3
20	35000001	1.03491	1.01696	3
20	36000001	0.832468	1.01696	3
20	37000001	1.14271	1.01696	3
20	38000001	1.04239	1.01696	3
20	39000001	0.821667	1.01696	3
20	40000001	0.855206	1.01696	3
20	41000001	0.810434	1.01696	3
20	42000001	1.0177	1.01696	3
20	43000001	0.843116	1.01696	3
20	44000001	1.43061	1.01696	3
20	45000001	0.863708	1.01696	3
20	46000001	0.88462	1.01696	3
20	47000001	1.1529	1.14207	3
20	48000001	1.49904	1.14207	3
20	49000001	1.32289	1.14207	3
20	50000001	1.08694	1.14207	3
20	51000001	0.984661	1.14207	3
20	52000001	0.898164	1.14207	3
20	53000001	1.11844	1.14207	3
20	54000001	0.887298	1.14207	3
20	55000001	1.13608	1.14207	3
20	56000001	1.20779	1.14207	3
20	57000001	0.926002	1.14207	3
20	58000001	1.14806	1.14207	3
20	59000001	1.54443	1.14207	3
20	60000001	0.942531	1.14207	3
20	61000001	1.24634	1.14207	3
20	62000001	1.30003	1.14207	3
20	63000001	1.24328	1.14207	3
20	64000001	0.833394	1.14207	3
21	1	-1	-1	5
21	1000001	-1	-1	5
21	2000001	-1	-1	5
21	3000001	-1	-1	5
21	4000001	-1	-1	5
21	5000001	1.8951	1.51681	5
21	6000001	1.13853	1.51681	5
21	7000001	2.37907	2.20761	7
21	8000001	2.03615	2.20761	7
21	9000001	1.39905	2.20761	7
21	10000001	2.44447	2.20761	7
21	11000001	0.991877	1.02122	3
21	12000001	0.716943	1.02122	3
21	13000001	0.919312	1.02122	3
21	14000001	1.20154	1.02122	3
21	15000001	1.05056	1.02122	3
21	16000001	1.24114	1.02122	3
21	17000001	0.899557	0.898095	3
21	18000001	0.896633	0.898095	3
21	19000001	0.893133	0.898095	3
21	20000001	0.768231	0.898095	3
21	21000001	1.14011	0.898095	3
21	22000001	0.891532	0.898095	3
21	23000001	0.923817	0.898095	3
21	24000001	1.03885	0.898095	3
21	25000001	1.17308	0.898095	3
21	26000001	0.834339	0.898095	3
21	27000001	1.30816	1.39849	4
21	28000001	1.34941	1.39849	4
21	29000001	1.60231	1.39849	4
21	30000001	1.224	1.39849	4
21	31000001	1.42358	1.39849	4
21	32000001	1.55088	1.39849	4
21	33000001	1.54038	1.39849	4
21	34000001	1.16861	1.39849	4
21	35000001	1.75013	1.39849	4
21	36000001	1.3734	1.39849	4
21	37000001	1.29436	1.39849	4
21	38000001	1.22784	1.39849	4
21	39000001	1.35817	1.39849	4
21	40000001	1.52081	1.39849	4
21	41000001	1.47336	1.39849	4
21	42000001	1.28267	1.39849	4
21	43000001	1.45153	1.39849	4
21	44000001	1.46491	1.39849	4
21	45000001	1.53283	1.39849	4
21	46000001	1.21674	1.39849	4
22	1	-1	-1	3
22	1000001	-1	-1	3
22	2000001	-1	-1	3
22	3000001	-1	-1	3
22	4000001	-1	-1	3
22	5000001	-1	-1	3
22	6000001	-1	-1	3
22	7000001	-1	-1	3
22	8000001	-1	-1	3
22	9000001	-1	-1	3
22	10000001	1.07456	1.08598	3
22	11000001	1.41822	1.08598	3
22	12000001	1.81183	1.08598	3
22	13000001	0.959057	1.08598	3
22	14000001	0.74293	1.08598	3
22	15000001	1.09739	1.08598	3
22	16000001	2.39176	2.17648	7
22	17000001	1.62137	2.17648	7
22	18000001	2.17648	2.17648	7
22	19000001	3.25738	3.33168	10
22	20000001	3.40599	3.33168	10
22	21000001	3.95965	3.95965	12
22	22000001	5.18106	5.18106	16
22	23000001	2.8399	2.8399	9
22	24000001	0.883815	0.763294	2
22	25000001	0.765992	0.763294	2
22	26000001	0.606952	0.763294	2
22	27000001	0.778918	0.763294	2
22	28000001	0.864597	0.763294	2
22	29000001	0.544125	0.763294	2
22	30000001	0.748055	0.763294	2
22	31000001	0.621925	0.763294	2
22	32000001	0.714182	0.763294	2
22	33000001	0.729477	0.763294	2
22	34000001	0.747282	0.763294	2
22	35000001	0.687766	0.763294	2
22	36000001	0.586683	0.763294	2
22	37000001	0.722867	0.763294	2
22	38000001	0.636847	0.763294	2
22	39000001	0.809674	0.763294	2
22	40000001	0.63632	0.763294	2
22	41000001	0.843308	0.763294	2
22	42000001	0.971031	0.763294	2
22	43000001	0.852446	0.763294	2
22	44000001	0.763294	0.763294	2
22	45000001	0.858825	0.763294	2
22	46000001	0.937627	0.763294	2
22	47000001	0.798923	0.763294	2
22	48000001	0.666096	0.763294	2
22	49000001	0.845919	0.763294	2
22	50000001	1.08165	0.763294	2
3	1	1.24151	1.706	5
3	1000001	1.72745	1.706	5
3	2000001	1.706	1.706	5
3	3000001	1.09009	1.706	5
3	4000001	1.19971	1.706	5
3	5000001	2.51972	1.706	5
3	6000001	1.77948	1.706	5
3	7000001	1.33691	1.706	5
3	8000001	1.45027	1.706	5
3	9000001	1.53888	1.706	5
3	10000001	1.8009	1.706	5
3	11000001	2.30151	1.706	5
3	12000001	1.75775	1.706	5
3	13000001	1.70953	1.35333	4
3	14000001	1.50659	1.35333	4
3	15000001	1.16729	1.35333	4
3	16000001	1.38361	1.35333	4
3	17000001	1.38007	1.35333	4
3	18000001	1.07265	1.35333	4
3	19000001	1.37613	1.35333	4
3	20000001	1.42193	1.35333	4
3	21000001	1.72757	1.35333	4
3	22000001	1.23694	1.35333	4
3	23000001	1.06258	1.35333	4
3	24000001	1.25643	1.35333	4
3	25000001	1.09254	1.35333	4
3	26000001	1.01625	1.35333	4
3	27000001	1.35333	1.35333	4
3	28000001	1.59639	1.35333	4
3	29000001	1.13831	1.35333	4
3	30000001	1.24174	1.35333	4
3	31000001	1.56988	1.35333	4
3	32000001	1.46858	1.35333	4
3	33000001	0.948823	1.35333	4
3	34000001	1.12902	1.35333	4
3	35000001	1.6197	1.35333	4
3	36000001	1.35628	1.35333	4
3	37000001	1.50526	1.35333	4
3	38000001	1.29038	1.35333	4
3	39000001	1.25567	1.35333	4
3	40000001	1.61044	1.35333	4
3	41000001	1.17803	1.35333	4
3	42000001	1.57886	1.35333	4
3	43000001	1.24185	1.35333	4
3	44000001	0.972684	1.35333	4
3	45000001	1.35192	1.35333	4
3	46000001	1.40593	1.35333	4
3	47000001	1.43137	1.35333	4
3	48000001	0.846385	0.667908	2
3	49000001	0.813251	0.667908	2
3	50000001	0.717586	0.667908	2
3	51000001	0.526311	0.667908	2
3	52000001	0.623896	0.667908	2
3	53000001	0.420049	0.667908	2
3	54000001	0.851739	0.667908	2
3	55000001	0.56066	0.667908	2
3	56000001	0.700534	0.667908	2
3	57000001	0.787725	0.667908	2
3	58000001	0.667378	0.667908	2
3	59000001	0.530987	0.667908	2
3	60000001	0.650326	0.667908	2
3	61000001	0.644065	0.667908	2
3	62000001	0.661257	0.667908	2
3	63000001	1.07493	0.667908	2
3	64000001	1.24404	0.667908	2
3	65000001	0.527177	0.667908	2
3	66000001	0.548368	0.667908	2
3	67000001	0.589578	0.667908	2
3	68000001	0.62456	0.667908	2
3	69000001	0.630714	0.667908	2
3	70000001	0.484308	0.667908	2
3	71000001	0.699784	0.667908	2
3	72000001	0.625574	0.667908	2
3	73000001	0.744438	0.667908	2
3	74000001	0.705136	0.667908	2
3	75000001	1.20826	0.667908	2
3	76000001	0.575063	0.667908	2
3	77000001	0.668214	0.667908	2
3	78000001	0.624353	0.667908	2
3	79000001	0.545611	0.667908	2
3	80000001	0.61113	0.667908	2
3	81000001	0.59221	0.667908	2
3	82000001	0.686915	0.667908	2
3	83000001	0.695775	0.667908	2
3	84000001	0.703435	0.667908	2
3	85000001	0.631082	0.667908	2
3	86000001	0.670132	0.667908	2
3	87000001	0.688994	0.667908	2
3	88000001	0.870937	0.667908	2
3	89000001	0.840178	0.667908	2
3	90000001	0.765996	0.667908	2
3	91000001	0.645778	0.667908	2
3	92000001	0.593885	0.667908	2
3	93000001	0.63863	0.667908	2
3	94000001	0.690045	0.667908	2
3	95000001	0.810106	0.667908	2
3	96000001	0.709622	0.667908	2
3	97000001	1.04902	0.667908	2
3	98000001	0.584672	0.667908	2
3	99000001	0.698501	0.667908	2
3	100000001	0.626423	0.667908	2
3	101000001	0.791312	0.667908	2
3	102000001	0.637569	0.667908	2
3	103000001	0.732338	0.667908	2
3	104000001	0.574614	0.667908	2
3	105000001	0.799492	0.667908	2
3	106000001	0.615436	0.667908	2
3	107000001	0.753672	0.667908	2
3	108000001	0.651534	0.667908	2
3	109000001	0.587759	0.667908	2
3	110000001	0.579665	0.667908	2
3	111000001	0.964691	0.667908	2
3	112000001	0.509601	0.667908	2
3	113000001	0.673447	0.667908	2
3	114000001	0.452436	0.667908	2
3	115000001	0.72111	0.667908	2
3	116000001	0.660293	0.667908	2
3	117000001	0.844806	0.667908	2
3	118000001	0.620838	0.667908	2
3	119000001	0.667805	0.667908	2
3	120000001	0.668011	0.667908	2
3	121000001	0.687398	0.667908	2
3	122000001	0.87307	0.667908	2
3	123000001	0.511115	0.667908	2
3	124000001	0.714925	0.667908	2
3	125000001	0.849374	0.667908	2
3	126000001	0.667671	0.667908	2
3	127000001	0.595788	0.667908	2
3	128000001	0.838795	0.667908	2
3	129000001	0.542877	0.667908	2
3	130000001	0.661213	0.667908	2
3	131000001	0.77111	0.667908	2
3	132000001	1.03195	0.667908	2
3	133000001	0.862509	0.667908	2
3	134000001	0.67604	0.667908	2
3	135000001	0.752648	0.667908	2
3	136000001	0.523964	0.667908	2
3	137000001	0.619978	0.667908	2
3	138000001	0.97074	1.20516	4
3	139000001	1.23119	1.20516	4
3	140000001	1.20737	1.20516	4
3	141000001	1.20516	1.20516	4
3	142000001	1.00843	1.20516	4
3	143000001	2.19595	2.19595	7
3	144000001	1.01054	0.998837	3
3	145000001	0.790624	0.998837	3
3	146000001	1.02094	0.998837	3
3	147000001	1.06745	0.998837	3
3	148000001	1.18789	0.998837	3
3	149000001	0.856605	0.998837	3
3	150000001	0.991823	0.998837	3
3	151000001	1.12745	0.998837	3
3	152000001	1.06599	0.998837	3
3	153000001	0.979853	0.998837	3
3	154000001	0.999185	0.998837	3
3	155000001	0.75289	0.998837	3
3	156000001	1.01261	0.998837	3
3	157000001	1.16028	0.998837	3
3	158000001	0.929334	0.998837	3
3	159000001	1.14125	0.998837	3
3	160000001	1.13592	0.998837	3
3	161000001	1.08345	0.998837	3
3	162000001	0.90013	0.998837	3
3	163000001	0.982828	0.998837	3
3	164000001	1.22444	0.998837	3
3	165000001	0.928491	0.998837	3
3	166000001	0.861305	0.998837	3
3	167000001	0.9532	0.998837	3
3	168000001	0.925871	0.998837	3
3	169000001	1.09485	0.998837	3
3	170000001	0.646981	0.998837	3
3	171000001	0.815393	0.998837	3
3	172000001	0.910535	0.998837	3
3	173000001	0.931928	0.998837	3
3	174000001	0.929262	0.998837	3
3	175000001	0.971662	0.998837	3
3	176000001	0.998488	0.998837	3
3	177000001	1.03199	0.998837	3
3	178000001	1.19398	0.998837	3
3	179000001	1.25349	0.998837	3
3	180000001	0.990075	0.998837	3
3	181000001	1.63982	0.998837	3
3	182000001	0.95639	0.998837	3
3	183000001	0.98981	0.998837	3
3	184000001	1.12083	0.998837	3
3	185000001	1.00993	0.998837	3
3	186000001	1.40776	0.998837	3
3	187000001	0.726598	0.998837	3
3	188000001	1.1961	0.998837	3
3	189000001	0.714698	0.998837	3
3	190000001	1.03081	0.998837	3
3	191000001	0.868	0.998837	3
3	192000001	1.12003	0.998837	3
3	193000001	1.00673	0.998837	3
3	194000001	1.15008	1.20901	4
3	195000001	1.20901	1.20901	4
3	196000001	1.01485	1.20901	4
3	197000001	1.21267	1.20901	4
3	198000001	1.61796	1.20901	4
4	1	0.941629	0.950516	3
4	1000001	1.02026	0.950516	3
4	2000001	0.975078	0.950516	3
4	3000001	0.924472	0.950516	3
4	4000001	1.196	0.950516	3
4	5000001	1.16376	0.950516	3
4	6000001	1.2437	0.950516	3
4	7000001	1.25817	0.950516	3
4	8000001	0.993528	0.950516	3
4	9000001	0.90445	0.950516	3
4	10000001	1.0699	0.950516	3
4	11000001	0.91679	0.950516	3
4	12000001	1.05421	0.950516	3
4	13000001	0.950516	0.950516	3
4	14000001	1.34325	0.950516	3
4	15000001	0.718563	0.950516	3
4	16000001	0.883956	0.950516	3
4	17000001	1.14053	0.950516	3
4	18000001	1.16288	0.950516	3
4	19000001	0.774677	0.950516	3
4	20000001	0.921582	0.950516	3
4	21000001	0.904646	0.950516	3
4	22000001	0.852129	0.950516	3
4	23000001	0.903682	0.950516	3
4	24000001	0.820587	0.950516	3
4	25000001	1.00119	0.950516	3
4	26000001	0.967385	0.950516	3
4	27000001	1.04017	0.950516	3
4	28000001	0.900278	0.950516	3
4	29000001	0.917981	0.950516	3
4	30000001	0.910393	0.950516	3
4	31000001	0.869448	0.950516	3
4	32000001	1.34206	0.950516	3
4	33000001	0.815412	0.950516	3
4	34000001	0.784406	0.950516	3
4	35000001	0.985294	0.950516	3
4	36000001	0.817699	0.950516	3
4	37000001	1.14073	0.950516	3
4	38000001	1.28578	0.950516	3
4	39000001	4.34273	4.34273	13
4	40000001	1.24184	1.12084	3
4	41000001	1.12084	1.12084	3
4	42000001	0.930114	1.12084	3
4	43000001	2.7763	2.7763	8
4	44000001	0.963273	0.9837	3
4	45000001	1.16465	0.9837	3
4	46000001	0.96709	0.9837	3
4	47000001	0.930286	0.9837	3
4	48000001	1.0369	0.9837	3
4	49000001	1.20993	0.9837	3
4	50000001	0.932991	0.9837	3
4	51000001	1.05379	0.9837	3
4	52000001	1.06908	0.9837	3
4	53000001	0.95954	0.9837	3
4	54000001	0.662737	0.9837	3
4	55000001	0.875909	0.9837	3
4	56000001	0.956216	0.9837	3
4	57000001	1.26472	0.9837	3
4	58000001	1.16162	0.9837	3
4	59000001	0.856336	0.9837	3
4	60000001	1.0243	0.9837	3
4	61000001	0.973178	0.9837	3
4	62000001	0.894793	0.9837	3
4	63000001	1.35916	0.9837	3
4	64000001	1.04265	0.9837	3
4	65000001	0.897301	0.9837	3
4	66000001	0.994222	0.9837	3
4	67000001	1.20634	0.9837	3
4	68000001	1.25868	0.9837	3
4	69000001	0.882527	0.9837	3
4	70000001	2.80153	2.80153	8
4	71000001	0.971018	1.04177	3
4	72000001	1.43373	1.04177	3
4	73000001	0.903825	1.04177	3
4	74000001	1.04177	1.04177	3
4	75000001	0.996414	1.04177	3
4	76000001	1.144	1.04177	3
4	77000001	1.02835	1.04177	3
4	78000001	0.772213	1.04177	3
4	79000001	0.903059	1.04177	3
4	80000001	1.49492	1.04177	3
4	81000001	1.10586	1.04177	3
4	82000001	1.25345	1.04177	3
4	83000001	0.878312	1.04177	3
4	84000001	0.898541	1.04177	3
4	85000001	1.32558	1.04177	3
4	86000001	1.10802	1.04177	3
4	87000001	1.48426	1.04177	3
4	88000001	0.813945	0.969344	3
4	89000001	0.873588	0.969344	3
4	90000001	0.863608	0.969344	3
4	91000001	1.20931	0.969344	3
4	92000001	0.732782	0.969344	3
4	93000001	1.04512	0.969344	3
4	94000001	0.959262	0.969344	3
4	95000001	0.821269	0.969344	3
4	96000001	0.889902	0.969344	3
4	97000001	1.01647	0.969344	3
4	98000001	1.31193	0.969344	3
4	99000001	1.22497	0.969344	3
4	100000001	1.09453	0.969344	3
4	101000001	0.577246	0.969344	3
4	102000001	0.979427	0.969344	3
4	103000001	1.07894	0.969344	3
4	104000001	2.14055	2.14055	6
4	105000001	0.87122	0.937411	3
4	106000001	0.92124	0.937411	3
4	107000001	0.947427	0.937411	3
4	108000001	0.886011	0.937411	3
4	109000001	1.40924	0.937411	3
4	110000001	0.981788	0.937411	3
4	111000001	0.977275	0.937411	3
4	112000001	1.16442	0.937411	3
4	113000001	0.934042	0.937411	3
4	114000001	0.92511	0.937411	3
4	115000001	1.01151	0.937411	3
4	116000001	0.846798	0.937411	3
4	117000001	1.00832	0.937411	3
4	118000001	0.685752	0.937411	3
4	119000001	0.881198	0.937411	3
4	120000001	0.822017	0.937411	3
4	121000001	0.719771	0.937411	3
4	122000001	1.10739	0.937411	3
4	123000001	0.877189	0.937411	3
4	124000001	0.760865	0.937411	3
4	125000001	1.07398	0.937411	3
4	126000001	0.884458	0.937411	3
4	127000001	0.957613	0.937411	3
4	128000001	0.893086	0.937411	3
4	129000001	0.856115	0.937411	3
4	130000001	0.831748	0.937411	3
4	131000001	1.0049	0.937411	3
4	132000001	1.28815	0.937411	3
4	133000001	1.05882	0.937411	3
4	134000001	0.926081	0.937411	3
4	135000001	1.03076	0.937411	3
4	136000001	0.858918	0.937411	3
4	137000001	1.05192	0.937411	3
4	138000001	0.71523	0.937411	3
4	139000001	1.15593	0.937411	3
4	140000001	0.80273	0.937411	3
4	141000001	1.00324	0.937411	3
4	142000001	1.13393	0.937411	3
4	143000001	0.934102	0.937411	3
4	144000001	0.7657	0.937411	3
4	145000001	0.902439	0.937411	3
4	146000001	0.871359	0.937411	3
4	147000001	1.06429	0.937411	3
4	148000001	1.0788	0.937411	3
4	149000001	0.94072	0.937411	3
4	150000001	0.960777	0.937411	3
4	151000001	1.00026	0.937411	3
4	152000001	1.00148	0.937411	3
4	153000001	1.17726	0.937411	3
4	154000001	0.786269	0.937411	3
4	155000001	1.09015	0.937411	3
4	156000001	0.932291	0.937411	3
4	157000001	0.997418	0.937411	3
4	158000001	0.83327	0.937411	3
4	159000001	0.649034	0.635922	2
4	160000001	0.698715	0.635922	2
4	161000001	0.325908	0.635922	2
4	162000001	0.62281	0.635922	2
4	163000001	1.07825	0.953501	3
4	164000001	0.889773	0.953501	3
4	165000001	1.06344	0.953501	3
4	166000001	0.956469	0.953501	3
4	167000001	0.949217	0.953501	3
4	168000001	1.22767	0.953501	3
4	169000001	1.03355	0.953501	3
4	170000001	1.14943	0.953501	3
4	171000001	1.09325	0.953501	3
4	172000001	1.05563	0.953501	3
4	173000001	0.866542	0.953501	3
4	174000001	0.837665	0.953501	3
4	175000001	0.899428	0.953501	3
4	176000001	1.24893	0.953501	3
4	177000001	0.950534	0.953501	3
4	178000001	0.932983	0.953501	3
4	179000001	0.912906	0.953501	3
4	180000001	0.871372	0.953501	3
4	181000001	1.07161	1.07762	3
4	182000001	1.29441	1.07762	3
4	183000001	1.08364	1.07762	3
4	184000001	1.20825	1.07762	3
4	185000001	0.882937	1.07762	3
4	186000001	0.971925	1.07762	3
4	187000001	1.19284	1.07762	3
4	188000001	0.975994	1.07762	3
4	189000001	0.764902	1.07762	3
4	190000001	3.25291	1.07762	3
5	1	0.786182	0.680101	2
5	1000001	1.16203	0.680101	2
5	2000001	0.690895	0.680101	2
5	3000001	0.855931	0.680101	2
5	4000001	0.821744	0.680101	2
5	5000001	0.75999	0.680101	2
5	6000001	0.662803	0.680101	2
5	7000001	0.817109	0.680101	2
5	8000001	0.565375	0.680101	2
5	9000001	0.732204	0.680101	2
5	10000001	0.636195	0.680101	2
5	11000001	0.680101	0.680101	2
5	12000001	0.531629	0.680101	2
5	13000001	0.6304	0.680101	2
5	14000001	0.84701	0.680101	2
5	15000001	0.782371	0.680101	2
5	16000001	0.626565	0.680101	2
5	17000001	0.745847	0.680101	2
5	18000001	0.671831	0.680101	2
5	19000001	0.610223	0.680101	2
5	20000001	0.54117	0.680101	2
5	21000001	1.16625	0.680101	2
5	22000001	0.495794	0.680101	2
5	23000001	0.569659	0.680101	2
5	24000001	0.346734	0.680101	2
5	25000001	0.880533	0.680101	2
5	26000001	0.801999	0.680101	2
5	27000001	0.695652	0.680101	2
5	28000001	0.72807	0.680101	2
5	29000001	0.508873	0.680101	2
5	30000001	0.593933	0.680101	2
5	31000001	0.548125	0.680101	2
5	32000001	0.641813	0.680101	2
5	33000001	1.43907	1.43907	4
5	34000001	0.600614	0.656283	2
5	35000001	0.77646	0.656283	2
5	36000001	0.592781	0.656283	2
5	37000001	0.699528	0.656283	2
5	38000001	0.822474	0.656283	2
5	39000001	0.506081	0.656283	2
5	40000001	0.705424	0.656283	2
5	41000001	0.56814	0.656283	2
5	42000001	0.795621	0.656283	2
5	43000001	0.750582	0.656283	2
5	44000001	0.421207	0.656283	2
5	45000001	0.656283	0.656283	2
5	46000001	0.618986	0.656283	2
5	47000001	1.81756	1.60607	5
5	48000001	1.73251	1.60607	5
5	49000001	1.47963	1.60607	5
5	50000001	1.3712	1.60607	5
5	51000001	1.09426	0.989114	3
5	52000001	0.951229	0.989114	3
5	53000001	0.963942	0.989114	3
5	54000001	0.997119	0.989114	3
5	55000001	0.809706	0.989114	3
5	56000001	0.88489	0.989114	3
5	57000001	0.959439	0.989114	3
5	58000001	1.13564	0.989114	3
5	59000001	1.12536	0.989114	3
5	60000001	1.30914	0.989114	3
5	61000001	0.713585	0.989114	3
5	62000001	0.976705	0.989114	3
5	63000001	0.983731	0.989114	3
5	64000001	0.968981	0.989114	3
5	65000001	0.988616	0.989114	3
5	66000001	1.09633	0.989114	3
5	67000001	0.989114	0.989114	3
5	68000001	0.955165	0.989114	3
5	69000001	1.09866	0.989114	3
5	70000001	1.2535	0.989114	3
5	71000001	1.13972	0.989114	3
5	72000001	0.9503	0.989114	3
5	73000001	0.751077	0.989114	3
5	74000001	0.997125	0.989114	3
5	75000001	1.1541	0.989114	3
5	76000001	0.927775	0.989114	3
5	77000001	0.794803	0.989114	3
5	78000001	1.1284	0.989114	3
5	79000001	0.781645	0.989114	3
5	80000001	1.07301	0.989114	3
5	81000001	1.00289	0.989114	3
5	82000001	1.10422	0.989114	3
5	83000001	0.911727	0.989114	3
5	84000001	1.05421	0.989114	3
5	85000001	1.15769	0.989114	3
5	86000001	1.98753	1.98753	6
5	87000001	0.858059	0.93892	3
5	88000001	0.961974	0.93892	3
5	89000001	0.935057	0.93892	3
5	90000001	1.013	0.93892	3
5	91000001	0.945994	0.93892	3
5	92000001	1.02752	0.93892	3
5	93000001	1.02208	0.93892	3
5	94000001	1.02614	0.93892	3
5	95000001	0.906313	0.93892	3
5	96000001	1.0201	0.93892	3
5	97000001	0.921208	0.93892	3
5	98000001	0.915632	0.93892	3
5	99000001	1.19725	0.93892	3
5	100000001	1.05413	0.93892	3
5	101000001	1.08015	0.93892	3
5	102000001	0.887703	0.93892	3
5	103000001	0.827216	0.93892	3
5	104000001	0.801366	0.93892	3
5	105000001	0.79398	0.93892	3
5	106000001	1.24589	0.93892	3
5	107000001	0.846386	0.93892	3
5	108000001	1.03853	0.93892	3
5	109000001	1.04192	0.93892	3
5	110000001	0.897078	0.93892	3
5	111000001	0.923925	0.93892	3
5	112000001	1.15697	0.93892	3
5	113000001	0.994057	0.93892	3
5	114000001	1.15142	0.93892	3
5	115000001	0.836612	0.93892	3
5	116000001	0.755912	0.93892	3
5	117000001	1.00243	0.93892	3
5	118000001	0.870882	0.93892	3
5	119000001	0.677578	0.93892	3
5	120000001	0.790753	0.93892	3
5	121000001	0.956321	0.93892	3
5	122000001	1.06258	0.93892	3
5	123000001	0.724803	0.93892	3
5	124000001	0.882877	0.93892	3
5	125000001	0.942783	0.93892	3
5	126000001	1.22619	0.93892	3
5	127000001	1.10197	0.93892	3
5	128000001	0.880818	0.93892	3
5	129000001	0.854045	0.93892	3
5	130000001	0.907566	0.93892	3
5	131000001	1.04734	1.09819	3
5	132000001	1.13967	1.09819	3
5	133000001	1.0815	1.09819	3
5	134000001	1.44403	1.09819	3
5	135000001	1.09819	1.09819	3
5	136000001	1.13518	1.09819	3
5	137000001	0.904483	1.09819	3
5	138000001	1.16562	1.09819	3
5	139000001	1.04341	1.09819	3
5	140000001	1.18638	1.09819	3
5	141000001	0.921205	1.09819	3
5	142000001	1.75888	1.75888	5
5	143000001	0.996684	1.01091	3
5	144000001	0.963759	1.01091	3
5	145000001	1.57411	1.01091	3
5	146000001	0.789912	1.01091	3
5	147000001	0.847158	1.01091	3
5	148000001	0.871687	1.01091	3
5	149000001	1.5398	1.01091	3
5	150000001	1.04642	1.01091	3
5	151000001	1.07992	1.01091	3
5	152000001	0.765714	1.01091	3
5	153000001	1.01091	1.01091	3
5	154000001	1.06954	1.01091	3
5	155000001	0.995137	1.01091	3
5	156000001	1.10287	1.01091	3
5	157000001	0.798891	1.01091	3
5	158000001	1.07869	1.01091	3
5	159000001	0.953298	1.01091	3
5	160000001	0.920858	1.01091	3
5	161000001	0.981649	1.01091	3
5	162000001	1.0494	1.01091	3
5	163000001	1.0317	1.01091	3
5	164000001	0.828137	1.01091	3
5	165000001	1.18254	1.01091	3
5	166000001	0.972569	1.01091	3
5	167000001	0.93195	1.01091	3
5	168000001	1.0807	1.01091	3
5	169000001	1.22847	1.01091	3
5	170000001	1.08901	1.01091	3
5	171000001	0.904681	1.01091	3
5	172000001	1.09963	1.01091	3
5	173000001	0.899198	1.01091	3
5	174000001	1.14677	1.01091	3
5	175000001	1.07998	1.01091	3
5	176000001	1.12893	1.01091	3
5	177000001	0.922256	1.01091	3
5	178000001	1.18291	1.01091	3
5	179000001	0.913972	1.01091	3
5	180000001	0.659599	1.01091	3
5	181000001	1.32771	1.01091	3
6	1	0.980176	1.28139	4
6	1000001	1.34831	1.28139	4
6	2000001	1.19818	1.28139	4
6	3000001	1.47444	1.28139	4
6	4000001	1.39239	1.28139	4
6	5000001	1.39532	1.28139	4
6	6000001	1.41055	1.28139	4
6	7000001	1.26279	1.28139	4
6	8000001	1.28139	1.28139	4
6	9000001	1.5055	1.28139	4
6	10000001	1.24288	1.28139	4
6	11000001	1.20268	1.28139	4
6	12000001	0.995061	1.28139	4
6	13000001	1.3968	1.28139	4
6	14000001	1.20183	1.28139	4
6	15000001	1.39692	1.28139	4
6	16000001	0.971792	1.28139	4
6	17000001	1.32682	1.28139	4
6	18000001	1.20088	1.28139	4
6	19000001	1.02375	1.28139	4
6	20000001	0.991876	1.28139	4
6	21000001	1.45754	1.28139	4
6	22000001	1.33487	1.28139	4
6	23000001	1.17822	1.28139	4
6	24000001	1.21847	1.28139	4
6	25000001	1.4896	1.28139	4
6	26000001	1.18574	1.28139	4
6	27000001	1.57208	1.28139	4
6	28000001	1.2136	1.28139	4
6	29000001	1.39291	1.28139	4
6	30000001	1.50098	1.28139	4
6	31000001	1.26526	1.28139	4
6	32000001	1.34955	1.28139	4
6	33000001	1.55994	1.55994	5
6	34000001	1.59022	1.55994	5
6	35000001	1.52351	1.55994	5
6	36000001	1.60423	1.55994	5
6	37000001	1.48723	1.55994	5
6	38000001	1.47776	1.55994	5
6	39000001	1.6659	1.55994	5
6	40000001	1.25263	1.23249	4
6	41000001	1.40149	1.23249	4
6	42000001	1.24034	1.23249	4
6	43000001	1.30632	1.23249	4
6	44000001	1.27347	1.23249	4
6	45000001	1.20534	1.23249	4
6	46000001	1.20877	1.23249	4
6	47000001	1.32314	1.23249	4
6	48000001	1.46083	1.23249	4
6	49000001	1.45958	1.23249	4
6	50000001	1.13798	1.23249	4
6	51000001	1.30037	1.23249	4
6	52000001	0.949866	1.23249	4
6	53000001	1.03625	1.23249	4
6	54000001	1.23996	1.23249	4
6	55000001	1.62457	1.23249	4
6	56000001	1.14625	1.23249	4
6	57000001	0.886063	1.23249	4
6	58000001	1.06102	1.23249	4
6	59000001	0.846255	1.23249	4
6	60000001	1.28203	1.23249	4
6	61000001	1.22313	1.23249	4
6	62000001	1.03979	1.23249	4
6	63000001	1.10852	1.23249	4
6	64000001	1.22502	1.23249	4
6	65000001	1.54113	1.23249	4
6	66000001	0.768479	0.972851	3
6	67000001	1.25788	0.972851	3
6	68000001	0.97797	0.972851	3
6	69000001	0.702321	0.972851	3
6	70000001	0.863151	0.972851	3
6	71000001	0.980144	0.972851	3
6	72000001	0.801811	0.972851	3
6	73000001	1.07047	0.972851	3
6	74000001	0.811222	0.972851	3
6	75000001	0.853477	0.972851	3
6	76000001	0.945283	0.972851	3
6	77000001	1.15851	0.972851	3
6	78000001	0.986652	0.972851	3
6	79000001	1.0778	0.972851	3
6	80000001	1.00576	0.972851	3
6	81000001	1.25112	0.972851	3
6	82000001	0.984165	0.972851	3
6	83000001	0.920087	0.972851	3
6	84000001	1.09128	0.972851	3
6	85000001	1.0455	0.972851	3
6	86000001	1.17241	0.972851	3
6	87000001	1.16487	0.972851	3
6	88000001	1.04782	0.972851	3
6	89000001	1.01232	0.972851	3
6	90000001	1.0745	0.972851	3
6	91000001	0.933418	0.972851	3
6	92000001	0.908431	0.972851	3
6	93000001	1.31724	0.972851	3
6	94000001	0.770835	0.972851	3
6	95000001	0.928095	0.972851	3
6	96000001	0.933775	0.972851	3
6	97000001	0.929928	0.972851	3
6	98000001	1.03194	0.972851	3
6	99000001	1.2074	0.972851	3
6	100000001	0.897135	0.972851	3
6	101000001	1.11916	0.972851	3
6	102000001	0.858734	0.972851	3
6	103000001	1.05027	0.972851	3
6	104000001	0.793898	0.972851	3
6	105000001	0.970186	0.972851	3
6	106000001	1.04695	0.972851	3
6	107000001	0.986867	0.972851	3
6	108000001	0.947871	0.972851	3
6	109000001	0.793572	0.972851	3
6	110000001	0.955152	0.972851	3
6	111000001	0.950695	0.972851	3
6	112000001	0.887057	0.972851	3
6	113000001	0.738565	0.972851	3
6	114000001	1.0592	0.972851	3
6	115000001	0.882093	0.972851	3
6	116000001	0.918694	0.972851	3
6	117000001	0.935062	0.972851	3
6	118000001	1.41498	0.972851	3
6	119000001	0.848567	0.972851	3
6	120000001	1.03094	0.972851	3
6	121000001	1.06235	0.972851	3
6	122000001	1.21235	0.972851	3
6	123000001	0.91046	0.972851	3
6	124000001	0.950773	0.972851	3
6	125000001	0.952918	0.972851	3
6	126000001	0.972851	0.972851	3
6	127000001	1.00616	0.972851	3
6	128000001	0.997965	0.972851	3
6	129000001	0.718982	0.972851	3
6	130000001	1.23748	0.972851	3
6	131000001	1.36193	0.972851	3
6	132000001	0.864705	0.972851	3
6	133000001	0.755337	0.972851	3
6	134000001	1.01429	0.972851	3
6	135000001	1.64961	1.22536	4
6	136000001	1.14553	1.22536	4
6	137000001	1.22127	1.22536	4
6	138000001	1.4269	1.22536	4
6	139000001	1.22724	1.22536	4
6	140000001	1.23253	1.22536	4
6	141000001	1.22536	1.22536	4
6	142000001	1.05697	1.22536	4
6	143000001	1.06745	1.22536	4
6	144000001	1.3221	1.22536	4
6	145000001	1.04717	1.22536	4
6	146000001	1.47752	1.37986	4
6	147000001	1.57744	1.37986	4
6	148000001	1.55947	1.37986	4
6	149000001	1.72373	1.37986	4
6	150000001	1.27038	1.37986	4
6	151000001	1.25514	1.37986	4
6	152000001	1.08705	1.37986	4
6	153000001	1.66992	1.37986	4
6	154000001	1.28347	1.37986	4
6	155000001	1.3085	1.37986	4
6	156000001	1.24732	1.37986	4
6	157000001	1.39944	1.37986	4
6	158000001	1.32086	1.37986	4
6	159000001	1.3518	1.37986	4
6	160000001	1.04342	1.37986	4
6	161000001	1.39522	1.37986	4
6	162000001	1.67011	1.37986	4
6	163000001	1.19658	1.37986	4
6	164000001	1.37986	1.37986	4
6	165000001	1.27992	1.37986	4
6	166000001	1.47535	1.37986	4
6	167000001	1.40707	1.37986	4
6	168000001	1.44186	1.37986	4
6	169000001	1.44782	1.37986	4
6	170000001	1.31443	1.37986	4
7	1	1.16433	1.13959	3
7	1000001	1.18477	1.13959	3
7	2000001	1.13959	1.13959	3
7	3000001	0.951909	1.13959	3
7	4000001	1.12639	1.13959	3
7	5000001	1.07023	1.13959	3
7	6000001	0.923951	1.13959	3
7	7000001	1.63201	1.13959	3
7	8000001	1.17156	1.13959	3
7	9000001	0.912052	0.99696	3
7	10000001	1.15552	0.99696	3
7	11000001	1.00792	0.99696	3
7	12000001	0.927361	0.99696	3
7	13000001	0.939547	0.99696	3
7	14000001	0.830352	0.99696	3
7	15000001	1.0071	0.99696	3
7	16000001	0.724446	0.99696	3
7	17000001	1.10782	0.99696	3
7	18000001	0.884201	0.99696	3
7	19000001	1.14856	0.99696	3
7	20000001	1.17626	0.99696	3
7	21000001	0.88273	0.99696	3
7	22000001	0.810742	0.99696	3
7	23000001	0.866982	0.99696	3
7	24000001	1.01926	0.99696	3
7	25000001	0.733947	0.99696	3
7	26000001	0.985504	0.99696	3
7	27000001	1.1326	0.99696	3
7	28000001	1.00602	0.99696	3
7	29000001	1.02239	0.99696	3
7	30000001	1.0292	0.99696	3
7	31000001	0.753269	0.99696	3
7	32000001	1.11057	0.99696	3
7	33000001	0.978978	0.99696	3
7	34000001	1.11993	0.99696	3
7	35000001	1.21698	0.99696	3
7	36000001	1.10933	0.99696	3
7	37000001	0.890312	0.99696	3
7	38000001	0.690766	0.99696	3
7	39000001	0.74098	0.99696	3
7	40000001	1.13219	0.99696	3
7	41000001	1.10326	0.99696	3
7	42000001	0.862953	0.99696	3
7	43000001	0.668978	0.99696	3
7	44000001	0.987747	0.99696	3
7	45000001	0.99696	0.99696	3
7	46000001	1.00679	0.99696	3
7	47000001	0.9729	0.99696	3
7	48000001	1.06482	0.99696	3
7	49000001	1.01169	0.99696	3
7	50000001	1.17664	0.99696	3
7	51000001	0.918921	0.99696	3
7	52000001	0.723912	0.99696	3
7	53000001	0.781492	0.99696	3
7	54000001	1.59271	0.99696	3
7	55000001	1.00171	0.99696	3
7	56000001	1.19623	0.99696	3
7	57000001	0.901166	0.99696	3
7	58000001	1.91606	1.91606	6
7	59000001	1.949	1.91606	6
7	60000001	1.63047	1.91606	6
7	61000001	1.33345	1.31793	4
7	62000001	1.50316	1.31793	4
7	63000001	1.26511	1.31793	4
7	64000001	1.26019	1.31793	4
7	65000001	1.74989	1.31793	4
7	66000001	1.18763	1.31793	4
7	67000001	1.14002	1.31793	4
7	68000001	1.40718	1.31793	4
7	69000001	1.34837	1.31793	4
7	70000001	1.92018	1.31793	4
7	71000001	1.15226	1.31793	4
7	72000001	1.73041	1.31793	4
7	73000001	1.34624	1.31793	4
7	74000001	1.11547	1.31793	4
7	75000001	1.28503	1.31793	4
7	76000001	1.33812	1.31793	4
7	77000001	1.20705	1.31793	4
7	78000001	1.4364	1.31793	4
7	79000001	1.39851	1.31793	4
7	80000001	1.29275	1.31793	4
7	81000001	0.991531	1.31793	4
7	82000001	1.20998	1.31793	4
7	83000001	1.67018	1.31793	4
7	84000001	1.65707	1.31793	4
7	85000001	1.29172	1.31793	4
7	86000001	1.30582	1.31793	4
7	87000001	1.38986	1.31793	4
7	88000001	1.43085	1.31793	4
7	89000001	1.30332	1.31793	4
7	90000001	1.09482	1.31793	4
7	91000001	1.28079	1.31793	4
7	92000001	0.973853	1.31793	4
7	93000001	1.33003	1.31793	4
7	94000001	1.71802	1.31793	4
7	95000001	1.36823	1.31793	4
7	96000001	1.1317	1.31793	4
7	97000001	1.12949	1.31793	4
7	98000001	1.41205	1.31793	4
7	99000001	1.27933	1.31793	4
7	100000001	1.40318	1.31793	4
7	101000001	1.68103	1.31793	4
7	102000001	1.07497	1.31793	4
7	103000001	1.39501	1.31793	4
7	104000001	1.21922	1.31793	4
7	105000001	1.75123	1.60597	5
7	106000001	1.54009	1.60597	5
7	107000001	1.77765	1.60597	5
7	108000001	1.65655	1.60597	5
7	109000001	1.49967	1.60597	5
7	110000001	1.71225	1.60597	5
7	111000001	1.86412	1.60597	5
7	112000001	1.63757	1.60597	5
7	113000001	1.37808	1.60597	5
7	114000001	1.71113	1.60597	5
7	115000001	1.54858	1.60597	5
7	116000001	2.0203	1.60597	5
7	117000001	1.3763	1.60597	5
7	118000001	1.46714	1.60597	5
7	119000001	1.65623	1.60597	5
7	120000001	1.64612	1.60597	5
7	121000001	1.40087	1.60597	5
7	122000001	1.34273	1.60597	5
7	123000001	1.57192	1.60597	5
7	124000001	1.24221	1.60597	5
7	125000001	1.44492	1.60597	5
7	126000001	1.72408	1.60597	5
7	127000001	1.70036	1.60597	5
7	128000001	1.5962	1.60597	5
7	129000001	1.35168	1.60597	5
7	130000001	1.62958	1.60597	5
7	131000001	1.73957	1.60597	5
7	132000001	1.77668	1.60597	5
7	133000001	1.51087	1.60597	5
7	134000001	1.77699	1.60597	5
7	135000001	1.80617	1.60597	5
7	136000001	1.45544	1.60597	5
7	137000001	1.41224	1.60597	5
7	138000001	1.81589	1.60597	5
7	139000001	1.43038	1.60597	5
7	140000001	1.99763	1.60597	5
7	141000001	1.48721	1.60597	5
7	142000001	1.66869	1.60597	5
7	143000001	1.80479	1.60597	5
7	144000001	1.43401	1.60597	5
7	145000001	1.5801	1.60597	5
7	146000001	1.81231	1.60597	5
7	147000001	1.35414	1.60597	5
7	148000001	1.56848	1.60597	5
7	149000001	1.48258	1.60597	5
7	150000001	1.9334	1.60597	5
7	151000001	1.71706	1.60597	5
7	152000001	1.47213	1.60597	5
7	153000001	1.50913	1.60597	5
7	154000001	1.5495	1.60597	5
7	155000001	1.79298	1.60597	5
7	156000001	1.61573	1.60597	5
7	157000001	1.88973	1.93872	6
7	158000001	2.28279	1.93872	6
7	159000001	1.93872	1.93872	6
8	1	1.1155	1.17104	4
8	1000001	1.17677	1.17104	4
8	2000001	1.25154	1.17104	4
8	3000001	1.0591	1.17104	4
8	4000001	0.779266	1.17104	4
8	5000001	0.991337	1.17104	4
8	6000001	1.17246	1.17104	4
8	7000001	1.13331	1.17104	4
8	8000001	1.04873	1.17104	4
8	9000001	1.18799	1.17104	4
8	10000001	1.31731	1.17104	4
8	11000001	1.17104	1.17104	4
8	12000001	1.17549	1.17104	4
8	13000001	0.878209	0.94394	3
8	14000001	0.870304	0.94394	3
8	15000001	1.21965	0.94394	3
8	16000001	0.919954	0.94394	3
8	17000001	0.980941	0.94394	3
8	18000001	0.940886	0.94394	3
8	19000001	0.816448	0.94394	3
8	20000001	0.900158	0.94394	3
8	21000001	1.05081	0.94394	3
8	22000001	0.936936	0.94394	3
8	23000001	0.976283	0.94394	3
8	24000001	0.877039	0.94394	3
8	25000001	1.07878	0.94394	3
8	26000001	0.885312	0.94394	3
8	27000001	0.950663	0.94394	3
8	28000001	1.34325	0.94394	3
8	29000001	1.03105	0.94394	3
8	30000001	1.038	0.94394	3
8	31000001	0.972198	0.94394	3
8	32000001	0.94394	0.94394	3
8	33000001	0.8412	0.94394	3
8	34000001	0.901599	0.94394	3
8	35000001	0.983951	0.94394	3
8	36000001	1.04843	0.94394	3
8	37000001	0.936697	0.94394	3
8	38000001	1.09658	0.94394	3
8	39000001	0.760784	0.94394	3
8	40000001	1.40533	0.94394	3
8	41000001	0.98542	0.94394	3
8	42000001	1.1009	0.94394	3
8	43000001	1.19947	0.94394	3
8	44000001	0.793197	0.94394	3
8	45000001	0.851762	0.94394	3
8	46000001	1.03348	0.94394	3
8	47000001	1.08922	0.94394	3
8	48000001	1.24855	0.94394	3
8	49000001	0.98082	0.94394	3
8	50000001	1.04892	0.94394	3
8	51000001	1.01127	0.94394	3
8	52000001	0.904446	0.94394	3
8	53000001	0.912784	0.94394	3
8	54000001	0.779528	0.94394	3
8	55000001	1.25142	0.94394	3
8	56000001	1.03501	0.94394	3
8	57000001	0.752891	0.94394	3
8	58000001	1.16547	0.94394	3
8	59000001	0.978243	0.94394	3
8	60000001	1.02468	0.94394	3
8	61000001	0.964379	0.94394	3
8	62000001	0.860783	0.94394	3
8	63000001	0.851976	0.94394	3
8	64000001	0.872857	0.94394	3
8	65000001	0.933775	0.94394	3
8	66000001	0.878715	0.94394	3
8	67000001	0.897545	0.94394	3
8	68000001	0.802468	0.94394	3
8	69000001	1.30241	0.94394	3
8	70000001	0.784275	0.94394	3
8	71000001	0.961352	0.94394	3
8	72000001	1.13238	0.94394	3
8	73000001	0.867178	0.94394	3
8	74000001	0.847057	0.94394	3
8	75000001	0.81151	0.94394	3
8	76000001	1.0309	0.94394	3
8	77000001	0.818961	0.94394	3
8	78000001	0.891044	0.94394	3
8	79000001	0.88588	0.94394	3
8	80000001	1.24484	1.02267	3
8	81000001	1.04384	1.02267	3
8	82000001	1.06802	1.02267	3
8	83000001	0.75551	1.02267	3
8	84000001	0.859898	1.02267	3
8	85000001	1.39071	1.02267	3
8	86000001	0.991185	1.02267	3
8	87000001	1.07958	1.02267	3
8	88000001	1.0601	1.02267	3
8	89000001	1.04194	1.02267	3
8	90000001	0.736799	1.02267	3
8	91000001	1.16663	1.02267	3
8	92000001	1.13829	1.02267	3
8	93000001	0.889502	1.02267	3
8	94000001	0.868075	1.02267	3
8	95000001	1.04019	1.02267	3
8	96000001	0.869278	1.02267	3
8	97000001	1.09606	1.02267	3
8	98000001	1.02765	1.02267	3
8	99000001	0.92372	1.02267	3
8	100000001	1.30461	1.02267	3
8	101000001	0.927967	1.02267	3
8	102000001	1.21652	1.02267	3
8	103000001	1.18058	1.02267	3
8	104000001	0.995914	1.02267	3
8	105000001	0.92912	1.02267	3
8	106000001	0.792399	1.02267	3
8	107000001	0.932067	1.02267	3
8	108000001	1.07389	1.02267	3
8	109000001	0.762174	1.02267	3
8	110000001	0.859268	1.02267	3
8	111000001	1.12732	1.02267	3
8	112000001	1.18488	1.02267	3
8	113000001	0.878917	1.02267	3
8	114000001	1.05897	1.02267	3
8	115000001	0.895999	1.02267	3
8	116000001	1.02035	1.02267	3
8	117000001	0.958716	1.02267	3
8	118000001	0.984226	1.02267	3
8	119000001	0.964103	1.02267	3
8	120000001	1.061	1.02267	3
8	121000001	1.17632	1.02267	3
8	122000001	1.19442	1.02267	3
8	123000001	1.1376	1.02267	3
8	124000001	1.12812	1.02267	3
8	125000001	1.04232	1.02267	3
8	126000001	1.18643	1.02267	3
8	127000001	0.924415	1.02267	3
8	128000001	0.87248	1.02267	3
8	129000001	0.9629	1.02267	3
8	130000001	1.05097	1.02267	3
8	131000001	0.915738	1.02267	3
8	132000001	0.908675	1.02267	3
8	133000001	1.03864	1.02267	3
8	134000001	1.02499	1.02267	3
8	135000001	0.957231	1.02267	3
8	136000001	0.942148	1.02267	3
8	137000001	0.821312	1.02267	3
8	138000001	3.33388	3.33388	10
8	139000001	0.797185	1.09085	3
8	140000001	1.10163	1.09085	3
8	141000001	1.08914	1.09085	3
8	142000001	1.2147	1.09085	3
8	143000001	1.00351	1.09085	3
8	144000001	1.09085	1.09085	3
8	145000001	1.2585	1.09085	3
9	1	0.627831	0.709776	2
9	1000001	0.709776	0.709776	2
9	2000001	0.861923	0.709776	2
9	3000001	0.632426	0.709776	2
9	4000001	0.746989	0.709776	2
9	5000001	0.516469	0.709776	2
9	6000001	0.817822	0.709776	2
9	7000001	0.710941	0.709776	2
9	8000001	0.58147	0.709776	2
9	9000001	0.750425	0.709776	2
9	10000001	0.951919	0.709776	2
9	11000001	0.530282	0.709776	2
9	12000001	0.866467	0.709776	2
9	13000001	1.34314	0.709776	2
9	14000001	0.664127	0.709776	2
9	15000001	0.626276	0.709776	2
9	16000001	0.606619	0.709776	2
9	17000001	0.781543	0.709776	2
9	18000001	0.712165	0.709776	2
9	19000001	0.595442	0.709776	2
9	20000001	0.632497	0.709776	2
9	21000001	0.0813194	0.0856763	0
9	22000001	0.0856763	0.0856763	0
9	23000001	0.0483539	0.0856763	0
9	24000001	0.0421882	0.0856763	0
9	25000001	0.0501768	0.0856763	0
9	26000001	0.118736	0.0856763	0
9	27000001	0.25536	0.0856763	0
9	28000001	0.320806	0.0856763	0
9	29000001	0.269573	0.0856763	0
9	30000001	0.0366653	0.0856763	0
9	31000001	0.187866	0.0856763	0
9	32000001	0.511458	0.615695	2
9	33000001	0.615695	0.615695	2
9	34000001	0.86406	0.615695	2
9	35000001	0.555306	0.615695	2
9	36000001	0.746324	0.615695	2
9	37000001	1.31116	0.883484	3
9	38000001	1.3812	0.883484	3
9	39000001	0.65488	0.883484	3
9	40000001	0.79118	0.883484	3
9	41000001	0.975788	0.883484	3
9	42000001	0.733177	0.883484	3
9	43000001	1.49629	1.49629	4
9	44000001	1.71043	1.49629	4
9	45000001	1.31094	1.49629	4
9	46000001	-1	-1	3
9	47000001	-1	-1	3
9	48000001	-1	-1	3
9	49000001	-1	-1	3
9	50000001	-1	-1	3
9	51000001	-1	-1	3
9	52000001	-1	-1	3
9	53000001	-1	-1	3
9	54000001	-1	-1	3
9	55000001	-1	-1	3
9	56000001	-1	-1	3
9	57000001	-1	-1	3
9	58000001	-1	-1	3
9	59000001	-1	-1	3
9	60000001	1.11372	1.06707	3
9	61000001	1.02041	1.06707	3
9	62000001	0.703844	0.836258	3
9	63000001	1.01114	0.836258	3
9	64000001	0.732313	0.836258	3
9	65000001	0.962428	0.836258	3
9	66000001	0.604601	0.836258	3
9	67000001	0.940202	0.836258	3
9	68000001	0.58869	0.672559	2
9	69000001	0.709951	0.672559	2
9	70000001	0.787602	0.672559	2
9	71000001	0.732123	0.672559	2
9	72000001	0.663062	0.672559	2
9	73000001	0.87097	0.672559	2
9	74000001	0.717354	0.672559	2
9	75000001	0.639967	0.672559	2
9	76000001	0.672559	0.672559	2
9	77000001	0.700563	0.672559	2
9	78000001	0.521275	0.672559	2
9	79000001	0.539467	0.672559	2
9	80000001	0.795873	0.672559	2
9	81000001	0.669707	0.672559	2
9	82000001	0.568699	0.672559	2
9	83000001	0.727051	0.672559	2
9	84000001	0.583362	0.672559	2
9	85000001	0.739097	0.672559	2
9	86000001	0.668004	0.672559	2
9	87000001	0.545512	0.672559	2
9	88000001	0.744585	0.672559	2
9	89000001	0.682781	0.672559	2
9	90000001	0.650451	0.672559	2
9	91000001	1.01297	0.993983	3
9	92000001	0.86891	0.993983	3
9	93000001	0.983436	0.993983	3
9	94000001	1.12891	0.993983	3
9	95000001	0.973196	0.993983	3
9	96000001	1.05065	0.993983	3
9	97000001	0.984726	0.993983	3
9	98000001	0.993983	0.993983	3
9	99000001	1.0549	0.993983	3
9	100000001	1.14669	0.993983	3
9	101000001	0.982837	0.993983	3
9	102000001	1.2959	0.993983	3
9	103000001	0.752303	0.993983	3
9	104000001	1.05162	0.993983	3
9	105000001	1.04021	0.993983	3
9	106000001	0.897826	0.993983	3
9	107000001	0.906352	0.993983	3
9	108000001	1.08344	0.993983	3
9	109000001	0.887785	0.993983	3
9	110000001	1.27361	0.993983	3
9	111000001	1.03664	0.993983	3
9	112000001	1.13341	0.993983	3
9	113000001	1.05112	0.993983	3
9	114000001	0.882835	0.993983	3
9	115000001	0.98332	0.993983	3
9	116000001	0.808767	0.993983	3
9	117000001	0.821914	0.993983	3
9	118000001	0.898646	0.993983	3
9	119000001	0.921004	0.993983	3
9	120000001	0.99298	0.993983	3
9	121000001	1.13776	0.993983	3
9	122000001	1.05021	0.993983	3
9	123000001	0.883048	0.993983	3
9	124000001	1.08131	0.993983	3
9	125000001	1.09745	0.993983	3
9	126000001	1.20267	0.993983	3
9	127000001	0.925797	0.993983	3
9	128000001	1.50114	1.56614	5
9	129000001	1.63113	1.56614	5
9	130000001	2.71119	2.66338	8
9	131000001	2.61556	2.66338	8
9	132000001	1.03058	1.10448	3
9	133000001	1.12538	1.10448	3
9	134000001	1.41239	1.10448	3
9	135000001	1.10448	1.10448	3
9	136000001	0.917108	1.10448	3
9	137000001	1.02556	1.10448	3
9	138000001	1.15536	1.10448	3
X	1	0.769254	0.679004	2
X	1000001	0.58498	0.679004	2
X	2000001	0.441214	0.679004	2
X	3000001	0.896633	0.679004	2
X	4000001	0.644136	0.679004	2
X	5000001	0.815656	0.679004	2
X	6000001	0.501899	0.679004	2
X	7000001	0.816012	0.679004	2
X	8000001	0.658075	0.679004	2
X	9000001	0.911709	0.679004	2
X	10000001	0.679004	0.679004	2
X	11000001	1.45274	1.45274	4
X	12000001	0.747295	0.658403	2
X	13000001	0.658403	0.658403	2
X	14000001	0.595706	0.658403	2
X	15000001	0.58054	0.658403	2
X	16000001	0.634326	0.658403	2
X	17000001	0.821754	0.658403	2
X	18000001	0.587301	0.658403	2
X	19000001	0.544854	0.658403	2
X	20000001	0.61144	0.658403	2
X	21000001	0.805543	0.658403	2
X	22000001	0.601357	0.658403	2
X	23000001	0.731059	0.658403	2
X	24000001	0.676764	0.658403	2
X	25000001	0.617155	0.658403	2
X	26000001	0.787174	0.658403	2
X	27000001	0.568973	0.658403	2
X	28000001	0.608082	0.658403	2
X	29000001	0.668186	0.658403	2
X	30000001	0.664939	0.658403	2
X	31000001	0.564728	0.658403	2
X	32000001	0.476977	0.658403	2
X	33000001	0.592537	0.658403	2
X	34000001	0.578983	0.658403	2
X	35000001	0.770104	0.658403	2
X	36000001	0.594301	0.658403	2
X	37000001	0.567004	0.658403	2
X	38000001	0.707488	0.658403	2
X	39000001	0.826067	0.658403	2
X	40000001	0.48367	0.658403	2
X	41000001	0.749599	0.658403	2
X	42000001	0.741707	0.658403	2
X	43000001	0.690584	0.658403	2
X	44000001	0.717641	0.658403	2
X	45000001	0.814236	0.658403	2
X	46000001	0.685905	0.658403	2
X	47000001	0.612363	0.658403	2
X	48000001	0.484136	0.658403	2
X	49000001	0.746335	0.658403	2
X	50000001	0.535426	0.658403	2
X	51000001	0.667429	0.658403	2
X	52000001	0.603539	0.658403	2
X	53000001	0.558715	0.658403	2
X	54000001	0.76123	0.658403	2
X	55000001	0.596679	0.658403	2
X	56000001	0.695926	0.658403	2
X	57000001	0.797298	0.658403	2
X	58000001	0.567038	0.658403	2
X	59000001	0.747138	0.658403	2
X	60000001	0.565306	0.658403	2
X	61000001	0.695206	0.658403	2
X	62000001	0.779106	0.658403	2
X	63000001	0.567769	0.658403	2
X	64000001	0.650929	0.658403	2
X	65000001	0.708015	0.658403	2
X	66000001	0.750854	0.658403	2
X	67000001	0.558874	0.658403	2
X	68000001	0.87459	0.658403	2
X	69000001	0.577817	0.658403	2
X	70000001	0.716999	0.658403	2
X	71000001	0.875905	0.658403	2
X	72000001	0.462538	0.658403	2
X	73000001	0.682832	0.658403	2
X	74000001	0.59485	0.658403	2
X	75000001	0.693174	0.658403	2
X	76000001	0.401605	0.658403	2
X	77000001	0.930988	0.960399	3
X	78000001	0.98981	0.960399	3
X	79000001	0.504176	0.65237	2
X	80000001	0.538967	0.65237	2
X	81000001	0.633894	0.65237	2
X	82000001	0.479841	0.65237	2
X	83000001	0.845769	0.65237	2
X	84000001	0.663932	0.65237	2
X	85000001	0.627351	0.65237	2
X	86000001	0.751435	0.65237	2
X	87000001	0.629983	0.65237	2
X	88000001	0.889946	0.65237	2
X	89000001	0.57186	0.65237	2
X	90000001	0.746918	0.65237	2
X	91000001	0.565195	0.65237	2
X	92000001	0.682492	0.65237	2
X	93000001	0.587645	0.65237	2
X	94000001	0.883913	0.65237	2
X	95000001	0.605612	0.65237	2
X	96000001	0.668264	0.65237	2
X	97000001	0.697029	0.65237	2
X	98000001	0.622294	0.65237	2
X	99000001	0.686741	0.65237	2
X	100000001	0.641577	0.65237	2
X	101000001	0.657795	0.65237	2
X	102000001	0.510405	0.65237	2
X	103000001	0.687018	0.65237	2
X	104000001	0.595994	0.65237	2
X	105000001	0.673361	0.65237	2
X	106000001	0.5613	0.65237	2
X	107000001	0.660613	0.65237	2
X	108000001	0.511442	0.65237	2
X	109000001	0.50341	0.65237	2
X	110000001	0.673464	0.65237	2
X	111000001	0.646946	0.65237	2
X	112000001	0.617348	0.65237	2
X	113000001	0.610944	0.65237	2
X	114000001	0.813934	0.65237	2
X	115000001	0.551009	0.65237	2
X	116000001	0.604691	0.65237	2
X	117000001	0.762533	0.65237	2
X	118000001	0.763653	0.65237	2
X	119000001	0.664376	0.65237	2
X	120000001	0.76649	0.65237	2
X	121000001	0.808145	0.65237	2
X	122000001	0.71583	0.65237	2
X	123000001	0.588462	0.65237	2
X	124000001	0.79505	0.65237	2
X	125000001	0.430578	0.65237	2
X	126000001	0.828529	0.65237	2
X	127000001	0.587902	0.576924	2
X	128000001	0.434732	0.576924	2
X	129000001	0.537476	0.576924	2
X	130000001	0.510293	0.576924	2
X	131000001	0.559253	0.576924	2
X	132000001	0.570155	0.576924	2
X	133000001	0.555746	0.576924	2
X	134000001	0.630627	0.576924	2
X	135000001	0.879582	0.576924	2
X	136000001	0.576652	0.576924	2
X	137000001	0.647388	0.576924	2
X	138000001	0.503305	0.576924	2
X	139000001	0.657253	0.576924	2
X	140000001	0.525189	0.576924	2
X	141000001	0.602105	0.576924	2
X	142000001	0.552086	0.576924	2
X	143000001	0.772069	0.576924	2
X	144000001	0.579818	0.576924	2
X	145000001	0.473888	0.576924	2
X	146000001	0.682013	0.576924	2
X	147000001	0.533414	0.576924	2
X	148000001	0.761192	0.576924	2
X	149000001	0.656269	0.576924	2
X	150000001	0.578855	0.576924	2
X	151000001	0.577196	0.576924	2
X	152000001	0.529829	0.576924	2
X	153000001	0.574971	0.576924	2
X	154000001	0.755718	0.576924	2
X	155000001	0.517769	0.576924	2
X	156000001	0.668877	0.576924	2
Y	1	-1	-1	0
Y	1000001	-1	-1	0
Y	2000001	0.0307626	0.0775391	0
Y	3000001	0.0429303	0.0775391	0
Y	4000001	0.129395	0.0775391	0
Y	5000001	0.0584939	0.0775391	0
Y	6000001	0.119256	0.0775391	0
Y	7000001	0.0965843	0.0775391	0
Y	8000001	0.0178777	0.0775391	0
Y	9000001	0.144174	0.0775391	0
Y	10000001	1.20247	1.01609	3
Y	11000001	0.829711	1.01609	3
Y	12000001	0.320461	0.320461	1
Y	13000001	0.0532862	0.160448	0
Y	14000001	0.0629757	0.160448	0
Y	15000001	0.117688	0.160448	0
Y	16000001	0.0400683	0.160448	0
Y	17000001	0.366031	0.160448	0
Y	18000001	0.4392	0.160448	0
Y	19000001	0.046591	0.160448	0
Y	20000001	0.0806304	0.160448	0
Y	21000001	0.350787	0.160448	0
Y	22000001	0.328765	0.160448	0
Y	23000001	0.260456	0.160448	0
Y	24000001	0.0836936	0.160448	0
Y	25000001	0.383262	0.160448	0
Y	26000001	0.282566	0.160448	0
Y	27000001	-1	0.160448	0
Y	28000001	-1	0.160448	0
Y	29000001	-1	0.160448	0
Y	30000001	-1	0.160448	0
Y	31000001	-1	0.160448	0
Y	32000001	-1	0.160448	0
Y	33000001	-1	0.160448	0
Y	34000001	-1	0.160448	0
Y	35000001	-1	0.160448	0
Y	36000001	-1	0.160448	0
Y	37000001	-1	0.160448	0
Y	38000001	-1	0.160448	0
Y	39000001	-1	0.160448	0
Y	40000001	-1	0.160448	0
Y	41000001	-1	0.160448	0
Y	42000001	-1	0.160448	0
Y	43000001	-1	0.160448	0
Y	44000001	-1	0.160448	0
Y	45000001	-1	0.160448	0
Y	46000001	-1	0.160448	0
Y	47000001	-1	0.160448	0
Y	48000001	-1	0.160448	0
Y	49000001	-1	0.160448	0
Y	50000001	-1	0.160448	0
Y	51000001	-1	0.160448	0
Y	52000001	-1	0.160448	0
Y	53000001	-1	0.160448	0
Y	54000001	-1	0.160448	0
Y	55000001	-1	0.160448	0
Y	56000001	0.160448	0.160448	0
Y	57000001	-1	-1	0
