Chromosome	Start	Ratio	MedianRatio	CopyNumber
1	1	2.46691	2.43754	7
1	1000001	1.76173	2.43754	7
1	2000001	2.43754	2.43754	7
1	3000001	1.36962	1.47496	4
1	4000001	1.51215	1.47496	4
1	5000001	1.28273	1.47496	4
1	6000001	1.46936	1.47496	4
1	7000001	1.81578	1.47496	4
1	8000001	1.4897	1.47496	4
1	9000001	1.66501	1.47496	4
1	10000001	1.63576	1.47496	4
1	11000001	1.67624	1.47496	4
1	12000001	1.4477	1.47496	4
1	13000001	1.70902	1.47496	4
1	14000001	1.41161	1.47496	4
1	15000001	1.54851	1.47496	4
1	16000001	1.54849	1.47496	4
1	17000001	1.53105	1.47496	4
1	18000001	1.43168	1.47496	4
1	19000001	1.30917	1.47496	4
1	20000001	1.4931	1.47496	4
1	21000001	1.55037	1.47496	4
1	22000001	1.37396	1.47496	4
1	23000001	1.2399	1.47496	4
1	24000001	1.6412	1.47496	4
1	25000001	1.55671	1.47496	4
1	26000001	1.2309	1.47496	4
1	27000001	1.41334	1.47496	4
1	28000001	1.45277	1.47496	4
1	29000001	1.66456	1.47496	4
1	30000001	1.60652	1.47496	4
1	31000001	1.60169	1.47496	4
1	32000001	1.31641	1.47496	4
1	33000001	1.35479	1.47496	4
1	34000001	1.47265	1.47496	4
1	35000001	1.33981	1.47496	4
1	36000001	1.50156	1.47496	4
1	37000001	1.17092	1.47496	4
1	38000001	1.48188	1.47496	4
1	39000001	1.68297	1.47496	4
1	40000001	1.509	1.47496	4
1	41000001	1.4595	1.47496	4
1	42000001	1.18279	1.47496	4
1	43000001	1.47727	1.47496	4
1	44000001	1.35767	1.47496	4
1	45000001	1.62101	1.47496	4
1	46000001	1.30933	1.47496	4
1	47000001	1.5763	1.47496	4
1	48000001	1.40865	1.47496	4
1	49000001	1.43433	1.47496	4
1	50000001	1.24514	1.47496	4
1	51000001	1.6486	1.47496	4
1	52000001	1.17112	1.47496	4
1	53000001	1.52963	1.47496	4
1	54000001	1.3957	1.47496	4
1	55000001	0.957085	0.954159	3
1	56000001	0.908077	0.954159	3
1	57000001	0.850748	0.954159	3
1	58000001	0.907503	0.954159	3
1	59000001	0.797027	0.954159	3
1	60000001	0.771318	0.954159	3
1	61000001	0.993942	0.954159	3
1	62000001	1.14256	0.954159	3
1	63000001	0.678008	0.954159	3
1	64000001	1.00277	0.954159	3
1	65000001	1.23859	0.954159	3
1	66000001	0.762401	0.954159	3
1	67000001	0.898772	0.954159	3
1	68000001	1.13428	0.954159	3
1	69000001	0.960916	0.954159	3
1	70000001	0.815414	0.954159	3
1	71000001	0.995035	0.954159	3
1	72000001	0.957227	0.954159	3
1	73000001	0.978054	0.954159	3
1	74000001	0.85957	0.954159	3
1	75000001	0.980275	0.954159	3
1	76000001	0.819165	0.954159	3
1	77000001	0.94019	0.954159	3
1	78000001	0.907191	0.954159	3
1	79000001	0.823494	0.954159	3
1	80000001	1.00105	0.954159	3
1	81000001	0.937977	0.954159	3
1	82000001	0.83116	0.954159	3
1	83000001	0.859065	0.954159	3
1	84000001	0.93033	0.954159	3
1	85000001	1.02855	0.954159	3
1	86000001	0.778342	0.954159	3
1	87000001	1.0652	0.954159	3
1	88000001	1.04502	0.954159	3
1	89000001	0.959232	0.954159	3
1	90000001	0.820678	0.954159	3
1	91000001	1.31881	0.954159	3
1	92000001	1.15619	0.954159	3
1	93000001	1.02401	0.954159	3
1	94000001	0.997916	0.954159	3
1	95000001	0.979287	0.954159	3
1	96000001	0.998733	0.954159	3
1	97000001	1.0484	0.954159	3
1	98000001	0.870874	0.954159	3
1	99000001	0.951233	0.954159	3
1	100000001	0.796824	0.954159	3
1	101000001	0.843804	0.954159	3
1	102000001	1.17448	0.954159	3
1	103000001	0.717595	0.954159	3
1	104000001	1.01571	0.954159	3
1	105000001	0.885268	0.954159	3
1	106000001	1.03856	0.954159	3
1	107000001	1.30046	1.35271	4
1	108000001	1.67363	1.35271	4
1	109000001	1.53853	1.35271	4
1	110000001	1.34608	1.35271	4
1	111000001	1.46446	1.35271	4
1	112000001	1.16256	1.35271	4
1	113000001	1.41735	1.35271	4
1	114000001	1.33753	1.35271	4
1	115000001	1.31743	1.35271	4
1	116000001	1.45099	1.35271	4
1	117000001	1.35934	1.35271	4
1	118000001	1.06646	1.35271	4
1	119000001	1.32707	1.35271	4
1	120000001	1.43881	1.35271	4
1	121000001	2.44995	2.19534	7
1	122000001	2.09878	2.19534	7
1	123000001	2.19534	2.19534	7
1	124000001	1.7766	1.7766	5
1	125000001	6.06214	-1	3
1	126000001	-1	-1	3
1	127000001	-1	-1	3
1	128000001	-1	-1	3
1	129000001	-1	-1	3
1	130000001	-1	-1	3
1	131000001	-1	-1	3
1	132000001	-1	-1	3
1	133000001	-1	-1	3
1	134000001	-1	-1	3
1	135000001	-1	-1	3
1	136000001	-1	-1	3
1	137000001	-1	-1	3
1	138000001	-1	-1	3
1	139000001	-1	-1	3
1	140000001	-1	-1	3
1	141000001	-1	-1	3
1	142000001	-1	-1	3
1	143000001	5.45397	-1	3
1	144000001	1.32294	1.04305	3
1	145000001	1.04247	1.04305	3
1	146000001	1.1283	1.04305	3
1	147000001	1.02693	1.04305	3
1	148000001	0.97268	1.04305	3
1	149000001	0.960652	1.04305	3
1	150000001	1.04305	1.04305	3
1	151000001	1.18341	1.04305	3
1	152000001	1.06793	1.04305	3
1	153000001	1.01883	1.04305	3
1	154000001	0.89775	1.04305	3
1	155000001	1.06686	1.04305	3
1	156000001	1.18012	1.04305	3
1	157000001	0.980619	1.04305	3
1	158000001	0.971339	1.04305	3
1	159000001	1.29012	1.04305	3
1	160000001	0.971016	1.04305	3
1	161000001	1.10628	1.04305	3
1	162000001	1.08833	1.04305	3
1	163000001	1.44389	1.29895	4
1	164000001	1.62953	1.29895	4
1	165000001	1.36141	1.29895	4
1	166000001	1.383	1.29895	4
1	167000001	1.42859	1.29895	4
1	168000001	1.35198	1.29895	4
1	169000001	1.1828	1.29895	4
1	170000001	1.11346	1.29895	4
1	171000001	1.22723	1.29895	4
1	172000001	1.54698	1.29895	4
1	173000001	1.22195	1.29895	4
1	174000001	1.22106	1.29895	4
1	175000001	1.40584	1.29895	4
1	176000001	1.15631	1.29895	4
1	177000001	1.14699	1.29895	4
1	178000001	1.15553	1.29895	4
1	179000001	1.56637	1.29895	4
1	180000001	1.30096	1.29895	4
1	181000001	1.19992	1.29895	4
1	182000001	1.44313	1.29895	4
1	183000001	1.32343	1.29895	4
1	184000001	1.16648	1.29895	4
1	185000001	1.15545	1.29895	4
1	186000001	1.56648	1.29895	4
1	187000001	1.28106	1.29895	4
1	188000001	1.39951	1.29895	4
1	189000001	1.29895	1.29895	4
1	190000001	1.16863	1.29895	4
1	191000001	1.03853	1.29895	4
1	192000001	1.16809	1.29895	4
1	193000001	1.36149	1.29895	4
1	194000001	1.33155	1.29895	4
1	195000001	1.1623	1.29895	4
1	196000001	1.16369	1.29895	4
1	197000001	1.20518	1.29895	4
1	198000001	1.49525	1.29895	4
1	199000001	1.32176	1.29895	4
1	200000001	1.0191	1.29895	4
1	201000001	1.39017	1.29895	4
1	202000001	1.36579	1.29895	4
1	203000001	1.39118	1.29895	4
1	204000001	1.24853	1.29895	4
1	205000001	1.95061	1.29895	4
1	206000001	1.28905	1.29895	4
1	207000001	0.993437	1.29895	4
1	208000001	1.27434	1.29895	4
1	209000001	1.32544	1.29895	4
1	210000001	1.41645	1.29895	4
1	211000001	1.19519	1.29895	4
1	212000001	1.61318	1.29895	4
1	213000001	1.09001	1.29895	4
1	214000001	1.4048	1.29895	4
1	215000001	1.10213	1.29895	4
1	216000001	1.11615	1.29895	4
1	217000001	1.29656	1.29895	4
1	218000001	1.27915	1.29895	4
1	219000001	1.12647	1.29895	4
1	220000001	1.19692	1.29895	4
1	221000001	1.30255	1.29895	4
1	222000001	1.10165	1.29895	4
1	223000001	1.50562	1.29895	4
1	224000001	1.44469	1.29895	4
1	225000001	1.33169	1.29895	4
1	226000001	1.51989	1.29895	4
1	227000001	1.56559	1.29895	4
1	228000001	2.36895	2.36895	7
1	229000001	1.3204	1.30287	4
1	230000001	1.37732	1.30287	4
1	231000001	1.2555	1.30287	4
1	232000001	1.4943	1.30287	4
1	233000001	1.22711	1.30287	4
1	234000001	1.20163	1.30287	4
1	235000001	1.24348	1.30287	4
1	236000001	1.47045	1.30287	4
1	237000001	1.28534	1.30287	4
1	238000001	1.28316	1.30287	4
1	239000001	1.40094	1.30287	4
1	240000001	1.40804	1.30287	4
1	241000001	1.42791	1.30287	4
1	242000001	1.16746	1.30287	4
1	243000001	1.21483	1.30287	4
1	244000001	1.39394	1.30287	4
1	245000001	1.34011	1.30287	4
1	246000001	1.44115	1.30287	4
1	247000001	1.10256	1.30287	4
1	248000001	1.12399	1.30287	4
10	1	1.31441	0.994417	3
10	1000001	0.919895	0.994417	3
10	2000001	0.791322	0.994417	3
10	3000001	0.989556	0.994417	3
10	4000001	0.648419	0.994417	3
10	5000001	1.12858	0.994417	3
10	6000001	1.06339	0.994417	3
10	7000001	0.847923	0.994417	3
10	8000001	1.02181	0.994417	3
10	9000001	0.691549	0.994417	3
10	10000001	0.849432	0.994417	3
10	11000001	1.0695	0.994417	3
10	12000001	1.34046	0.994417	3
10	13000001	0.988067	0.994417	3
10	14000001	0.986053	0.994417	3
10	15000001	0.910616	0.994417	3
10	16000001	0.967728	0.994417	3
10	17000001	1.01125	0.994417	3
10	18000001	1.03654	0.994417	3
10	19000001	1.22428	0.994417	3
10	20000001	0.941261	0.994417	3
10	21000001	0.994893	0.994417	3
10	22000001	0.993942	0.994417	3
10	23000001	1.06695	0.994417	3
10	24000001	1.00651	0.994417	3
10	25000001	1.15528	0.994417	3
10	26000001	0.950454	0.994417	3
10	27000001	1.42148	0.994417	3
10	28000001	0.808418	0.994417	3
10	29000001	1.06878	0.994417	3
10	30000001	1.16456	0.994417	3
10	31000001	0.855835	0.994417	3
10	32000001	1.02315	0.994417	3
10	33000001	1.05949	0.994417	3
10	34000001	1.04806	0.994417	3
10	35000001	0.88055	0.994417	3
10	36000001	0.909367	0.994417	3
10	37000001	0.843034	0.994417	3
10	38000001	1.31725	1.38608	4
10	39000001	1.31885	1.38608	4
10	40000001	1.81815	1.38608	4
10	41000001	1.09838	1.38608	4
10	42000001	1.63132	1.38608	4
10	43000001	1.519	1.38608	4
10	44000001	1.38608	1.38608	4
10	45000001	1.26767	1.38608	4
10	46000001	1.5203	1.38608	4
10	47000001	1.29724	1.31983	4
10	48000001	1.32271	1.31983	4
10	49000001	1.19411	1.31983	4
10	50000001	1.26918	1.31983	4
10	51000001	1.34299	1.31983	4
10	52000001	1.50475	1.31983	4
10	53000001	1.00693	1.31983	4
10	54000001	1.04244	1.31983	4
10	55000001	1.03799	1.31983	4
10	56000001	1.20663	1.31983	4
10	57000001	1.19854	1.31983	4
10	58000001	1.2844	1.31983	4
10	59000001	1.32098	1.31983	4
10	60000001	1.41714	1.31983	4
10	61000001	1.30115	1.31983	4
10	62000001	1.42478	1.31983	4
10	63000001	1.38176	1.31983	4
10	64000001	1.06118	1.31983	4
10	65000001	0.959468	1.31983	4
10	66000001	1.1924	1.31983	4
10	67000001	1.44084	1.31983	4
10	68000001	1.3763	1.31983	4
10	69000001	1.57817	1.31983	4
10	70000001	1.31983	1.31983	4
10	71000001	1.45172	1.31983	4
10	72000001	1.37556	1.31983	4
10	73000001	1.42641	1.31983	4
10	74000001	1.10846	1.31983	4
10	75000001	1.47425	1.31983	4
10	76000001	1.19369	1.31983	4
10	77000001	1.52776	1.31983	4
10	78000001	1.36988	1.31983	4
10	79000001	1.41925	1.31983	4
10	80000001	1.19323	1.31983	4
10	81000001	1.197	1.31983	4
10	82000001	1.41618	1.31983	4
10	83000001	1.36198	1.31983	4
10	84000001	1.2232	1.31983	4
10	85000001	1.22659	1.31983	4
10	86000001	0.861821	0.670105	2
10	87000001	0.601436	0.670105	2
10	88000001	0.890479	0.670105	2
10	89000001	0.689832	0.670105	2
10	90000001	0.725637	0.670105	2
10	91000001	0.741644	0.670105	2
10	92000001	0.666643	0.670105	2
10	93000001	0.679637	0.670105	2
10	94000001	0.632038	0.670105	2
10	95000001	0.763595	0.670105	2
10	96000001	0.60098	0.670105	2
10	97000001	0.604104	0.670105	2
10	98000001	0.590319	0.670105	2
10	99000001	0.533468	0.670105	2
10	100000001	0.672958	0.670105	2
10	101000001	0.72145	0.670105	2
10	102000001	0.493193	0.670105	2
10	103000001	0.631631	0.670105	2
10	104000001	0.500716	0.670105	2
10	105000001	0.762245	0.670105	2
10	106000001	0.592222	0.670105	2
10	107000001	0.799021	0.670105	2
10	108000001	0.526833	0.670105	2
10	109000001	0.704717	0.670105	2
10	110000001	0.746755	0.670105	2
10	111000001	0.829037	0.670105	2
10	112000001	0.567013	0.670105	2
10	113000001	0.629971	0.670105	2
10	114000001	0.618647	0.670105	2
10	115000001	0.580625	0.670105	2
10	116000001	0.926884	0.670105	2
10	117000001	0.645435	0.670105	2
10	118000001	0.576694	0.670105	2
10	119000001	0.586549	0.670105	2
10	120000001	0.684609	0.670105	2
10	121000001	0.701733	0.670105	2
10	122000001	0.911392	0.670105	2
10	123000001	0.701719	0.670105	2
10	124000001	0.667253	0.670105	2
10	125000001	0.682962	0.670105	2
10	126000001	2.06602	0.875893	3
10	127000001	0.771515	0.875893	3
10	128000001	0.694159	0.875893	3
10	129000001	0.880381	0.875893	3
10	130000001	0.871405	0.875893	3
10	131000001	0.474326	0.875893	3
10	132000001	1.00398	0.875893	3
10	133000001	2.57318	0.875893	3
11	1	1.15915	1.24265	4
11	1000001	1.34185	1.24265	4
11	2000001	1.247	1.24265	4
11	3000001	1.23829	1.24265	4
11	4000001	0.744944	0.995221	3
11	5000001	0.995221	0.995221	3
11	6000001	1.2356	0.995221	3
11	7000001	0.813117	0.995221	3
11	8000001	1.24564	0.995221	3
11	9000001	0.93049	0.995221	3
11	10000001	1.30671	0.995221	3
11	11000001	1.96806	1.96806	6
11	12000001	0.755666	1.01856	3
11	13000001	1.02259	1.01856	3
11	14000001	1.06521	1.01856	3
11	15000001	0.774252	1.01856	3
11	16000001	0.885198	1.01856	3
11	17000001	1.06972	1.01856	3
11	18000001	1.04378	1.01856	3
11	19000001	1.31437	1.01856	3
11	20000001	1.17099	1.01856	3
11	21000001	0.870777	1.01856	3
11	22000001	1.28348	1.01856	3
11	23000001	0.727898	1.01856	3
11	24000001	0.95226	1.01856	3
11	25000001	0.924868	1.01856	3
11	26000001	1.15487	1.01856	3
11	27000001	1.00504	1.01856	3
11	28000001	0.595733	1.01856	3
11	29000001	0.971922	1.01856	3
11	30000001	1.17656	1.01856	3
11	31000001	1.04967	1.01856	3
11	32000001	1.01856	1.01856	3
11	33000001	0.902094	1.01856	3
11	34000001	1.07123	1.01856	3
11	35000001	1.09767	1.01856	3
11	36000001	1.09301	1.01856	3
11	37000001	0.759524	1.01856	3
11	38000001	0.923968	1.01856	3
11	39000001	0.797124	1.01856	3
11	40000001	1.12794	1.01856	3
11	41000001	0.773535	1.01856	3
11	42000001	1.18281	1.01856	3
11	43000001	0.923259	1.01856	3
11	44000001	1.26566	1.01856	3
11	45000001	1.19114	1.01856	3
11	46000001	1.00886	1.01856	3
11	47000001	1.12579	1.01856	3
11	48000001	1.01415	1.01856	3
11	49000001	0.810893	1.01856	3
11	50000001	0.880761	1.01856	3
11	51000001	1.09628	1.01856	3
11	52000001	1.16023	1.01856	3
11	53000001	1.30611	1.01856	3
11	54000001	1.10746	1.01856	3
11	55000001	1.21585	1.01856	3
11	56000001	0.959984	1.01856	3
11	57000001	0.926664	1.01856	3
11	58000001	0.929979	1.01856	3
11	59000001	0.871886	1.01856	3
11	60000001	0.915826	1.01856	3
11	61000001	1.01964	1.01856	3
11	62000001	1.03976	1.01856	3
11	63000001	1.20135	1.13634	3
11	64000001	1.33536	1.13634	3
11	65000001	1.21409	1.13634	3
11	66000001	0.943221	1.13634	3
11	67000001	1.27355	1.13634	3
11	68000001	0.949128	1.13634	3
11	69000001	1.47415	1.13634	3
11	70000001	0.940067	1.13634	3
11	71000001	1.36048	1.13634	3
11	72000001	0.967189	1.13634	3
11	73000001	1.56555	1.13634	3
11	74000001	1.03946	1.13634	3
11	75000001	0.994039	1.13634	3
11	76000001	1.26537	1.13634	3
11	77000001	1.05527	1.13634	3
11	78000001	1.13634	1.13634	3
11	79000001	1.12564	1.13634	3
11	80000001	0.828566	0.921205	3
11	81000001	0.742905	0.921205	3
11	82000001	0.960784	0.921205	3
11	83000001	1.10209	0.921205	3
11	84000001	0.895363	0.921205	3
11	85000001	0.825585	0.921205	3
11	86000001	1.00906	0.921205	3
11	87000001	0.852742	0.921205	3
11	88000001	0.817832	0.921205	3
11	89000001	0.921205	0.921205	3
11	90000001	0.697036	0.921205	3
11	91000001	0.857027	0.921205	3
11	92000001	0.878475	0.921205	3
11	93000001	1.07184	0.921205	3
11	94000001	1.01353	0.921205	3
11	95000001	0.749206	0.921205	3
11	96000001	0.92969	0.921205	3
11	97000001	0.808202	0.921205	3
11	98000001	1.2051	0.921205	3
11	99000001	0.809786	0.921205	3
11	100000001	0.920154	0.921205	3
11	101000001	0.98429	0.921205	3
11	102000001	1.02367	0.921205	3
11	103000001	1.35314	0.921205	3
11	104000001	1.20987	0.921205	3
11	105000001	0.734746	0.921205	3
11	106000001	0.894243	0.921205	3
11	107000001	0.996694	0.921205	3
11	108000001	0.953192	0.921205	3
11	109000001	0.737442	0.921205	3
11	110000001	0.89103	0.921205	3
11	111000001	0.9479	0.921205	3
11	112000001	1.04382	0.921205	3
11	113000001	1.18716	0.921205	3
11	114000001	0.943145	0.921205	3
11	115000001	0.845329	0.921205	3
11	116000001	0.934483	0.921205	3
11	117000001	1.11949	1.10103	3
11	118000001	1.31522	1.10103	3
11	119000001	1.22375	1.10103	3
11	120000001	1.12437	1.10103	3
11	121000001	1.20918	1.10103	3
11	122000001	1.07767	1.10103	3
11	123000001	1.23445	1.10103	3
11	124000001	1.03883	1.10103	3
11	125000001	1.06628	1.10103	3
11	126000001	1.18474	1.10103	3
11	127000001	1.04253	1.10103	3
11	128000001	0.90949	1.10103	3
11	129000001	1.02166	1.10103	3
11	130000001	0.842721	1.10103	3
11	131000001	1.17065	1.10103	3
11	132000001	1.33783	1.10103	3
11	133000001	1.08163	1.10103	3
11	134000001	1.10103	1.10103	3
11	135000001	0.782088	1.10103	3
12	1	0.708222	0.695094	2
12	1000001	0.668571	0.695094	2
12	2000001	0.600883	0.695094	2
12	3000001	0.837755	0.695094	2
12	4000001	0.709081	0.695094	2
12	5000001	0.623306	0.695094	2
12	6000001	0.843634	0.695094	2
12	7000001	0.712015	0.695094	2
12	8000001	0.780595	0.695094	2
12	9000001	0.685534	0.695094	2
12	10000001	0.445868	0.695094	2
12	11000001	0.695094	0.695094	2
12	12000001	0.586879	0.695094	2
12	13000001	0.686725	0.695094	2
12	14000001	0.825675	0.695094	2
12	15000001	0.689512	0.695094	2
12	16000001	0.706405	0.695094	2
12	17000001	0.520748	0.695094	2
12	18000001	0.617459	0.695094	2
12	19000001	0.662613	0.695094	2
12	20000001	0.763549	0.695094	2
12	21000001	0.698296	0.695094	2
12	22000001	0.825896	0.695094	2
12	23000001	0.822858	0.695094	2
12	24000001	0.681979	0.695094	2
12	25000001	1.12124	0.981729	3
12	26000001	1.02485	0.981729	3
12	27000001	0.863653	0.981729	3
12	28000001	1.00121	0.981729	3
12	29000001	0.992061	0.981729	3
12	30000001	1.236	0.981729	3
12	31000001	1.07098	0.981729	3
12	32000001	0.981729	0.981729	3
12	33000001	0.719957	0.981729	3
12	34000001	1.00079	0.981729	3
12	35000001	1.12855	0.981729	3
12	36000001	0.949276	0.981729	3
12	37000001	1.08002	0.981729	3
12	38000001	1.08294	0.981729	3
12	39000001	0.715297	0.981729	3
12	40000001	0.943384	0.981729	3
12	41000001	0.839235	0.981729	3
12	42000001	0.901052	0.981729	3
12	43000001	0.969379	0.981729	3
12	44000001	0.990548	0.981729	3
12	45000001	0.83445	0.981729	3
12	46000001	0.856076	0.981729	3
12	47000001	0.8147	0.981729	3
12	48000001	1.65503	1.65503	5
12	49000001	0.94158	0.944425	3
12	50000001	0.849262	0.944425	3
12	51000001	1.33543	0.944425	3
12	52000001	1.24983	0.944425	3
12	53000001	0.931453	0.944425	3
12	54000001	0.854136	0.944425	3
12	55000001	1.10321	0.944425	3
12	56000001	0.943429	0.944425	3
12	57000001	1.01067	0.944425	3
12	58000001	1.17241	0.944425	3
12	59000001	0.940264	0.944425	3
12	60000001	1.07787	0.944425	3
12	61000001	0.849303	0.944425	3
12	62000001	1.02505	0.944425	3
12	63000001	0.915667	0.944425	3
12	64000001	1.13362	0.944425	3
12	65000001	0.895616	0.944425	3
12	66000001	0.907007	0.944425	3
12	67000001	1.15952	0.944425	3
12	68000001	0.945422	0.944425	3
12	69000001	0.790981	0.944425	3
12	70000001	0.951599	0.944425	3
12	71000001	0.987814	0.944425	3
12	72000001	0.923623	0.944425	3
12	73000001	1.13279	0.944425	3
12	74000001	0.677536	0.944425	3
12	75000001	1.02488	0.944425	3
12	76000001	0.981196	0.944425	3
12	77000001	1.07658	0.944425	3
12	78000001	1.11478	0.944425	3
12	79000001	0.822108	0.944425	3
12	80000001	1.11777	0.944425	3
12	81000001	0.847242	0.944425	3
12	82000001	0.965319	0.944425	3
12	83000001	0.865427	0.944425	3
12	84000001	1.01028	0.944425	3
12	85000001	0.851875	0.944425	3
12	86000001	1.11817	0.944425	3
12	87000001	1.32334	0.944425	3
12	88000001	0.79005	0.944425	3
12	89000001	1.02888	0.944425	3
12	90000001	0.683012	0.944425	3
12	91000001	0.739243	0.944425	3
12	92000001	0.831515	0.944425	3
12	93000001	0.906127	0.944425	3
12	94000001	1.09687	0.944425	3
12	95000001	0.887787	0.944425	3
12	96000001	0.959805	0.944425	3
12	97000001	0.807327	0.944425	3
12	98000001	0.906583	0.944425	3
12	99000001	0.924126	0.944425	3
12	100000001	0.959257	0.944425	3
12	101000001	1.09105	0.944425	3
12	102000001	0.834335	0.944425	3
12	103000001	1.2248	1.05058	3
12	104000001	1.02314	1.05058	3
12	105000001	0.81439	1.05058	3
12	106000001	0.995893	1.05058	3
12	107000001	1.04115	1.05058	3
12	108000001	1.02409	1.05058	3
12	109000001	1.07716	1.05058	3
12	110000001	1.02891	1.05058	3
12	111000001	1.06471	1.05058	3
12	112000001	0.99787	1.05058	3
12	113000001	1.04362	1.05058	3
12	114000001	1.12568	1.05058	3
12	115000001	1.15998	1.05058	3
12	116000001	1.24744	1.05058	3
12	117000001	1.16009	1.05058	3
12	118000001	0.819605	1.05058	3
12	119000001	1.04391	1.05058	3
12	120000001	1.10223	1.05058	3
12	121000001	1.12472	1.05058	3
12	122000001	1.13005	1.05058	3
12	123000001	1.13899	1.05058	3
12	124000001	1.03742	1.05058	3
12	125000001	1.23873	1.05058	3
12	126000001	0.822593	1.05058	3
12	127000001	1.05725	1.05058	3
12	128000001	0.724035	1.05058	3
12	129000001	1.32229	1.32229	4
12	130000001	1.21756	1.32229	4
12	131000001	1.60274	1.32229	4
12	132000001	1.1681	1.32229	4
12	133000001	1.42329	1.32229	4
13	1	-1	-1	2
13	1000001	-1	-1	2
13	2000001	-1	-1	2
13	3000001	-1	-1	2
13	4000001	-1	-1	2
13	5000001	-1	-1	2
13	6000001	-1	-1	2
13	7000001	-1	-1	2
13	8000001	-1	-1	2
13	9000001	-1	-1	2
13	10000001	-1	-1	2
13	11000001	-1	-1	2
13	12000001	-1	-1	2
13	13000001	-1	-1	2
13	14000001	-1	-1	2
13	15000001	-1	-1	2
13	16000001	0.993005	0.657446	2
13	17000001	0.901475	0.657446	2
13	18000001	0.936248	0.657446	2
13	19000001	0.758903	0.657446	2
13	20000001	0.68723	0.657446	2
13	21000001	0.769304	0.657446	2
13	22000001	0.637257	0.657446	2
13	23000001	0.537035	0.657446	2
13	24000001	0.603568	0.657446	2
13	25000001	0.742064	0.657446	2
13	26000001	0.669443	0.657446	2
13	27000001	0.647444	0.657446	2
13	28000001	0.534164	0.657446	2
13	29000001	0.641883	0.657446	2
13	30000001	0.6241	0.657446	2
13	31000001	0.826313	0.657446	2
13	32000001	0.819833	0.657446	2
13	33000001	0.591175	0.657446	2
13	34000001	0.607103	0.657446	2
13	35000001	0.851639	0.657446	2
13	36000001	0.611215	0.657446	2
13	37000001	0.771448	0.657446	2
13	38000001	0.572188	0.657446	2
13	39000001	0.562856	0.657446	2
13	40000001	0.608706	0.657446	2
13	41000001	0.881883	0.657446	2
13	42000001	0.647248	0.657446	2
13	43000001	0.470394	0.657446	2
13	44000001	0.630207	0.657446	2
13	45000001	0.85038	0.657446	2
13	46000001	0.73283	0.657446	2
13	47000001	0.849255	0.657446	2
13	48000001	0.803337	0.657446	2
13	49000001	0.706283	0.657446	2
13	50000001	0.552155	0.657446	2
13	51000001	0.696612	0.657446	2
13	52000001	0.715833	0.657446	2
13	53000001	0.608895	0.657446	2
13	54000001	0.817575	0.657446	2
13	55000001	0.504413	0.657446	2
13	56000001	0.675546	0.657446	2
13	57000001	0.579281	0.657446	2
13	58000001	0.504005	0.657446	2
13	59000001	0.626896	0.657446	2
13	60000001	0.713483	0.657446	2
13	61000001	0.535875	0.657446	2
13	62000001	0.677173	0.657446	2
13	63000001	0.819382	0.657446	2
13	64000001	0.761024	0.657446	2
13	65000001	0.646841	0.657446	2
13	66000001	0.5945	0.657446	2
13	67000001	0.703879	0.657446	2
13	68000001	0.56108	0.657446	2
13	69000001	0.848086	0.657446	2
13	70000001	0.575371	0.657446	2
13	71000001	1.67114	0.657446	2
13	72000001	0.623135	0.657446	2
13	73000001	0.800407	0.657446	2
13	74000001	0.649973	0.657446	2
13	75000001	0.499381	0.657446	2
13	76000001	0.639269	0.657446	2
13	77000001	0.664918	0.657446	2
13	78000001	0.556321	0.657446	2
13	79000001	0.669171	0.657446	2
13	80000001	1.94615	1.94615	6
13	81000001	0.62526	0.62526	2
13	82000001	0.958607	0.62526	2
13	83000001	0.550238	0.62526	2
13	84000001	0.57504	0.62526	2
13	85000001	0.929269	0.62526	2
13	86000001	0.897039	0.62526	2
13	87000001	0.61865	0.62526	2
13	88000001	0.509354	0.62526	2
13	89000001	1.26047	0.62526	2
13	90000001	4.70312	4.70312	14
13	91000001	3.15076	3.15076	9
13	92000001	1.89621	1.89621	6
13	93000001	0.931882	0.752772	2
13	94000001	0.531088	0.752772	2
13	95000001	0.623384	0.752772	2
13	96000001	0.724046	0.752772	2
13	97000001	0.7881	0.752772	2
13	98000001	0.591445	0.752772	2
13	99000001	0.838879	0.752772	2
13	100000001	0.817938	0.752772	2
13	101000001	0.564464	0.752772	2
13	102000001	0.743492	0.752772	2
13	103000001	0.44595	0.752772	2
13	104000001	0.805238	0.752772	2
13	105000001	0.762052	0.752772	2
13	106000001	0.609126	0.752772	2
13	107000001	1.33709	0.752772	2
13	108000001	0.804865	0.752772	2
13	109000001	0.680856	0.752772	2
13	110000001	0.881478	0.752772	2
13	111000001	0.763128	0.752772	2
13	112000001	0.699967	0.752772	2
13	113000001	0.782281	0.752772	2
13	114000001	0.675957	0.752772	2
14	1	-1	-1	3
14	1000001	-1	-1	3
14	2000001	-1	-1	3
14	3000001	-1	-1	3
14	4000001	-1	-1	3
14	5000001	-1	-1	3
14	6000001	-1	-1	3
14	7000001	-1	-1	3
14	8000001	-1	-1	3
14	9000001	-1	-1	3
14	10000001	-1	-1	3
14	11000001	-1	-1	3
14	12000001	-1	-1	3
14	13000001	-1	-1	3
14	14000001	-1	-1	3
14	15000001	-1	-1	3
14	16000001	1.31312	1.10377	3
14	17000001	0.912866	1.10377	3
14	18000001	1.10377	1.10377	3
14	19000001	1.65188	1.65188	5
14	20000001	0.687622	0.696919	2
14	21000001	0.587215	0.696919	2
14	22000001	0.940693	0.696919	2
14	23000001	0.962661	0.696919	2
14	24000001	0.706215	0.696919	2
14	25000001	0.505283	0.696919	2
14	26000001	0.604297	0.696919	2
14	27000001	0.631729	0.696919	2
14	28000001	0.605348	0.696919	2
14	29000001	0.796511	0.696919	2
14	30000001	0.851744	0.696919	2
14	31000001	0.61564	0.696919	2
14	32000001	0.758042	0.696919	2
14	33000001	0.598726	0.696919	2
14	34000001	0.75318	0.696919	2
14	35000001	0.489809	0.696919	2
14	36000001	0.893586	0.696919	2
14	37000001	0.724196	0.696919	2
14	38000001	0.580067	0.607709	2
14	39000001	0.508385	0.607709	2
14	40000001	0.615442	0.607709	2
14	41000001	0.620427	0.607709	2
14	42000001	0.591817	0.607709	2
14	43000001	0.524461	0.607709	2
14	44000001	0.754895	0.607709	2
14	45000001	0.583321	0.607709	2
14	46000001	0.574533	0.607709	2
14	47000001	0.528915	0.607709	2
14	48000001	0.664331	0.607709	2
14	49000001	0.746332	0.607709	2
14	50000001	0.481792	0.607709	2
14	51000001	0.750822	0.607709	2
14	52000001	0.603143	0.607709	2
14	53000001	0.442859	0.607709	2
14	54000001	0.672396	0.607709	2
14	55000001	0.612276	0.607709	2
14	56000001	0.653128	0.607709	2
14	57000001	0.740224	0.607709	2
14	58000001	0.63818	0.607709	2
14	59000001	0.570515	0.607709	2
14	60000001	1.36293	1.36293	4
14	61000001	0.58628	0.698521	2
14	62000001	0.822241	0.698521	2
14	63000001	0.905146	0.698521	2
14	64000001	0.638454	0.698521	2
14	65000001	0.628729	0.698521	2
14	66000001	0.53876	0.698521	2
14	67000001	0.698688	0.698521	2
14	68000001	0.658619	0.698521	2
14	69000001	0.827016	0.698521	2
14	70000001	0.856518	0.698521	2
14	71000001	0.713082	0.698521	2
14	72000001	0.842149	0.698521	2
14	73000001	0.733413	0.698521	2
14	74000001	0.776553	0.698521	2
14	75000001	0.606007	0.698521	2
14	76000001	0.787789	0.698521	2
14	77000001	0.843302	0.698521	2
14	78000001	0.657611	0.698521	2
14	79000001	0.536249	0.698521	2
14	80000001	0.677587	0.698521	2
14	81000001	0.68175	0.698521	2
14	82000001	0.579336	0.698521	2
14	83000001	0.497565	0.698521	2
14	84000001	0.698468	0.698521	2
14	85000001	0.493778	0.698521	2
14	86000001	0.755777	0.698521	2
14	87000001	0.596314	0.698521	2
14	88000001	0.679702	0.698521	2
14	89000001	0.698574	0.698521	2
14	90000001	0.714844	0.698521	2
14	91000001	0.917822	0.698521	2
14	92000001	0.887639	0.698521	2
14	93000001	0.819357	0.698521	2
14	94000001	0.656341	0.698521	2
14	95000001	0.632712	0.698521	2
14	96000001	0.899739	0.698521	2
14	97000001	0.615051	0.698521	2
14	98000001	0.569345	0.698521	2
14	99000001	0.671874	0.698521	2
14	100000001	0.690459	0.698521	2
14	101000001	0.900161	0.698521	2
14	102000001	0.73503	0.698521	2
14	103000001	0.686846	0.698521	2
14	104000001	0.76263	0.698521	2
14	105000001	0.764141	0.698521	2
14	106000001	0.800309	0.698521	2
14	107000001	-1	-1	2
15	1	-1	-1	5
15	1000001	-1	-1	5
15	2000001	-1	-1	5
15	3000001	-1	-1	5
15	4000001	-1	-1	5
15	5000001	-1	-1	5
15	6000001	-1	-1	5
15	7000001	-1	-1	5
15	8000001	-1	-1	5
15	9000001	-1	-1	5
15	10000001	-1	-1	5
15	11000001	-1	-1	5
15	12000001	-1	-1	5
15	13000001	-1	-1	5
15	14000001	-1	-1	5
15	15000001	-1	-1	5
15	16000001	-1	-1	5
15	17000001	1.53207	1.53207	5
15	18000001	1.03881	1.03316	3
15	19000001	1.1451	1.03316	3
15	20000001	1.15512	1.03316	3
15	21000001	1.09658	1.03316	3
15	22000001	1.04359	1.03316	3
15	23000001	0.876673	1.03316	3
15	24000001	0.851326	1.03316	3
15	25000001	1.11782	1.03316	3
15	26000001	0.967025	1.03316	3
15	27000001	0.826536	1.03316	3
15	28000001	0.875374	1.03316	3
15	29000001	1.0275	1.03316	3
15	30000001	1.38255	1.03316	3
15	31000001	0.923777	1.03316	3
15	32000001	1.08457	1.03316	3
15	33000001	1.07544	1.03316	3
15	34000001	0.912258	1.03316	3
15	35000001	0.712502	1.03316	3
15	36000001	1.13582	1.03316	3
15	37000001	1.10575	1.03316	3
15	38000001	0.904097	1.03316	3
15	39000001	0.934476	1.03316	3
15	40000001	1.19763	1.05994	3
15	41000001	1.21978	1.05994	3
15	42000001	0.976017	1.05994	3
15	43000001	1.00824	1.05994	3
15	44000001	1.05994	1.05994	3
15	45000001	1.4023	1.05994	3
15	46000001	0.999637	1.05994	3
15	47000001	0.681755	0.854711	3
15	48000001	0.854711	0.854711	3
15	49000001	0.940839	0.854711	3
15	50000001	0.985437	1.05976	3
15	51000001	0.954959	1.05976	3
15	52000001	1.07091	1.05976	3
15	53000001	1.09723	1.05976	3
15	54000001	1.10065	1.05976	3
15	55000001	1.13174	1.05976	3
15	56000001	0.908798	1.05976	3
15	57000001	1.02784	1.05976	3
15	58000001	1.00668	1.05976	3
15	59000001	1.10764	1.05976	3
15	60000001	1.05484	1.05976	3
15	61000001	1.08045	1.05976	3
15	62000001	0.865227	1.05976	3
15	63000001	0.873252	1.05976	3
15	64000001	0.95371	1.05976	3
15	65000001	1.16972	1.05976	3
15	66000001	1.07099	1.05976	3
15	67000001	1.14894	1.05976	3
15	68000001	1.34842	1.05976	3
15	69000001	1.07486	1.05976	3
15	70000001	0.996122	1.05976	3
15	71000001	1.04025	1.05976	3
15	72000001	1.22595	1.05976	3
15	73000001	0.980966	1.05976	3
15	74000001	1.07499	1.05976	3
15	75000001	1.16091	1.05976	3
15	76000001	1.02488	1.05976	3
15	77000001	1.21807	1.05976	3
15	78000001	0.8171	1.05976	3
15	79000001	1.18013	1.05976	3
15	80000001	0.984347	1.05976	3
15	81000001	0.887845	1.05976	3
15	82000001	1.13685	1.05976	3
15	83000001	0.987268	1.05976	3
15	84000001	1.14977	1.05976	3
15	85000001	1.06954	1.05976	3
15	86000001	1.02883	1.05976	3
15	87000001	1.02727	1.05976	3
15	88000001	0.743561	1.05976	3
15	89000001	1.06623	1.05976	3
15	90000001	1.16876	1.05976	3
15	91000001	0.819768	1.05976	3
15	92000001	1.14784	1.05976	3
15	93000001	0.964902	1.05976	3
15	94000001	0.838972	1.05976	3
15	95000001	0.921161	1.05976	3
15	96000001	0.915036	1.05976	3
15	97000001	1.04098	1.05976	3
15	98000001	1.06468	1.05976	3
15	99000001	1.11887	1.05976	3
15	100000001	1.11477	1.05976	3
15	101000001	1.11422	1.05976	3
16	1	1.19785	1.04069	3
16	1000001	1.25096	1.04069	3
16	2000001	1.16815	1.04069	3
16	3000001	1.1476	1.04069	3
16	4000001	0.962444	1.04069	3
16	5000001	0.917139	1.04069	3
16	6000001	0.918527	1.04069	3
16	7000001	0.799647	1.04069	3
16	8000001	0.966016	1.04069	3
16	9000001	1.01026	1.04069	3
16	10000001	1.34526	1.04069	3
16	11000001	1.04421	1.04069	3
16	12000001	1.22464	1.04069	3
16	13000001	1.03019	1.04069	3
16	14000001	1.11299	1.04069	3
16	15000001	1.24981	1.04069	3
16	16000001	1.08229	1.04069	3
16	17000001	1.04069	1.04069	3
16	18000001	1.1144	1.04069	3
16	19000001	0.99006	1.04069	3
16	20000001	0.785934	1.04069	3
16	21000001	0.858977	1.04069	3
16	22000001	0.847192	1.04069	3
16	23000001	1.25076	1.04069	3
16	24000001	0.963046	1.04069	3
16	25000001	0.963565	1.04069	3
16	26000001	1.02221	1.04069	3
16	27000001	1.21145	1.04069	3
16	28000001	1.60783	1.04069	3
16	29000001	0.960656	1.04069	3
16	30000001	0.934531	1.04069	3
16	31000001	1.14149	1.04069	3
16	32000001	1.0467	1.04069	3
16	33000001	1.60525	1.9018	6
16	34000001	2.19836	1.9018	6
16	35000001	1.40571	1.37013	4
16	36000001	1.05135	1.37013	4
16	37000001	1.33454	1.37013	4
16	38000001	1.75991	1.37013	4
16	39000001	-1	-1	4
16	40000001	-1	-1	4
16	41000001	-1	-1	4
16	42000001	-1	-1	4
16	43000001	-1	-1	4
16	44000001	-1	-1	4
16	45000001	-1	-1	4
16	46000001	4.40739	4.40739	13
16	47000001	1.23779	1.06083	3
16	48000001	0.915187	1.06083	3
16	49000001	1.04512	1.06083	3
16	50000001	0.941231	1.06083	3
16	51000001	1.11473	1.06083	3
16	52000001	0.882958	1.06083	3
16	53000001	1.06083	1.06083	3
16	54000001	1.03867	1.06083	3
16	55000001	1.03553	1.06083	3
16	56000001	0.898771	1.06083	3
16	57000001	1.06658	1.06083	3
16	58000001	1.15921	1.06083	3
16	59000001	1.10928	1.06083	3
16	60000001	0.94608	1.06083	3
16	61000001	1.02092	1.06083	3
16	62000001	0.904113	1.06083	3
16	63000001	0.829723	1.06083	3
16	64000001	1.10916	1.06083	3
16	65000001	1.09276	1.06083	3
16	66000001	1.10261	1.06083	3
16	67000001	1.28277	1.06083	3
16	68000001	1.21826	1.06083	3
16	69000001	1.16464	1.06083	3
16	70000001	1.10016	1.06083	3
16	71000001	1.0476	1.06083	3
16	72000001	0.892755	1.06083	3
16	73000001	0.926079	1.06083	3
16	74000001	1.39585	1.06083	3
16	75000001	1.17005	1.06083	3
16	76000001	1.24531	1.06083	3
16	77000001	0.953001	1.06083	3
16	78000001	1.25613	1.44175	4
16	79000001	1.42671	1.44175	4
16	80000001	1.59822	1.44175	4
16	81000001	1.45746	1.44175	4
16	82000001	1.13133	1.44175	4
16	83000001	1.51119	1.44175	4
16	84000001	1.67814	1.44175	4
16	85000001	1.61299	1.44175	4
16	86000001	1.44175	1.44175	4
16	87000001	1.02994	1.44175	4
16	88000001	1.69889	1.44175	4
16	89000001	1.09675	1.44175	4
16	90000001	1.37921	1.44175	4
17	1	0.879313	0.881314	3
17	1000001	0.883315	0.881314	3
17	2000001	0.735839	0.881314	3
17	3000001	1.06227	0.881314	3
17	4000001	0.635848	0.774824	2
17	5000001	0.825141	0.774824	2
17	6000001	0.935293	0.774824	2
17	7000001	0.800419	0.774824	2
17	8000001	0.567878	0.774824	2
17	9000001	0.453909	0.774824	2
17	10000001	0.618019	0.774824	2
17	11000001	0.612894	0.774824	2
17	12000001	0.792997	0.774824	2
17	13000001	0.732814	0.774824	2
17	14000001	0.709122	0.774824	2
17	15000001	0.756651	0.774824	2
17	16000001	0.849129	0.774824	2
17	17000001	0.794584	0.774824	2
17	18000001	0.877142	0.774824	2
17	19000001	0.817971	0.774824	2
17	20000001	0.714206	0.774824	2
17	21000001	0.887324	0.774824	2
17	22000001	1.11807	1.05598	3
17	23000001	0.997626	1.05598	3
17	24000001	0.988805	1.05598	3
17	25000001	0.847083	1.05598	3
17	26000001	2.12706	1.05598	3
17	27000001	1.17641	1.05598	3
17	28000001	1.09377	1.05598	3
17	29000001	1.38807	1.05598	3
17	30000001	1.10288	1.05598	3
17	31000001	1.24321	1.05598	3
17	32000001	0.952868	1.05598	3
17	33000001	0.882888	1.05598	3
17	34000001	1.08059	1.05598	3
17	35000001	0.915727	1.05598	3
17	36000001	1.25971	1.05598	3
17	37000001	0.980434	1.05598	3
17	38000001	1.23119	1.05598	3
17	39000001	0.934637	1.05598	3
17	40000001	1.23821	1.05598	3
17	41000001	1.21565	1.05598	3
17	42000001	1.36199	1.05598	3
17	43000001	1.0571	1.05598	3
17	44000001	1.29751	1.05598	3
17	45000001	1.22941	1.05598	3
17	46000001	0.804187	1.05598	3
17	47000001	0.985847	1.05598	3
17	48000001	0.923674	1.05598	3
17	49000001	0.915758	1.05598	3
17	50000001	1.18952	1.05598	3
17	51000001	1.06331	1.05598	3
17	52000001	0.85957	1.05598	3
17	53000001	0.926217	1.05598	3
17	54000001	0.614516	1.05598	3
17	55000001	0.956543	1.05598	3
17	56000001	0.990628	1.05598	3
17	57000001	1.27927	1.05598	3
17	58000001	0.981814	1.05598	3
17	59000001	0.817939	1.05598	3
17	60000001	1.26368	1.05598	3
17	61000001	1.05889	1.05598	3
17	62000001	1.4108	1.05598	3
17	63000001	0.832774	1.05598	3
17	64000001	0.972121	1.05598	3
17	65000001	1.17286	1.05598	3
17	66000001	1.16256	1.05598	3
17	67000001	1.05644	1.05598	3
17	68000001	0.892409	1.05598	3
17	69000001	0.78438	1.05598	3
17	70000001	1.01367	1.05598	3
17	71000001	0.752709	1.05598	3
17	72000001	1.05598	1.05598	3
17	73000001	1.02415	1.05598	3
17	74000001	1.07672	1.05598	3
17	75000001	1.02247	1.05598	3
17	76000001	1.18038	1.05598	3
17	77000001	1.81329	1.81329	5
17	78000001	1.28028	1.10156	3
17	79000001	1.10156	1.10156	3
17	80000001	1.01723	1.10156	3
17	81000001	2.52793	2.52793	8
17	82000001	1.21312	1.22718	4
17	83000001	1.24124	1.22718	4
18	1	3.04841	3.04841	9
18	1000001	1.24955	1.14653	3
18	2000001	1.34823	1.14653	3
18	3000001	1.27189	1.14653	3
18	4000001	1.29297	1.14653	3
18	5000001	1.08809	1.14653	3
18	6000001	0.959147	1.14653	3
18	7000001	1.47506	1.14653	3
18	8000001	1.23762	1.14653	3
18	9000001	1.13499	1.14653	3
18	10000001	1.14653	1.14653	3
18	11000001	0.93867	1.14653	3
18	12000001	1.0256	1.14653	3
18	13000001	0.961626	1.14653	3
18	14000001	0.885672	1.14653	3
18	15000001	1.25027	1.14653	3
18	16000001	2.17197	2.18773	7
18	17000001	2.34332	2.18773	7
18	18000001	2.2035	2.18773	7
18	19000001	1.85424	2.18773	7
18	20000001	1.4651	1.29285	4
18	21000001	1.20758	1.29285	4
18	22000001	1.13335	1.29285	4
18	23000001	1.25681	1.29285	4
18	24000001	1.31739	1.29285	4
18	25000001	1.38059	1.29285	4
18	26000001	1.73934	1.29285	4
18	27000001	1.42168	1.29285	4
18	28000001	1.37136	1.29285	4
18	29000001	1.33674	1.29285	4
18	30000001	1.16027	1.29285	4
18	31000001	1.49246	1.29285	4
18	32000001	1.57047	1.29285	4
18	33000001	0.931681	1.29285	4
18	34000001	1.10307	1.29285	4
18	35000001	1.26831	1.29285	4
18	36000001	1.19808	1.29285	4
18	37000001	1.43865	1.29285	4
18	38000001	1.12021	1.29285	4
18	39000001	1.18693	1.29285	4
18	40000001	1.40126	1.29285	4
18	41000001	1.19108	1.29285	4
18	42000001	0.37423	0.694751	2
18	43000001	0.596906	0.694751	2
18	44000001	0.967906	0.694751	2
18	45000001	0.591411	0.694751	2
18	46000001	0.85369	0.694751	2
18	47000001	0.842144	0.694751	2
18	48000001	0.596682	0.694751	2
18	49000001	0.704011	0.694751	2
18	50000001	0.763638	0.694751	2
18	51000001	0.532402	0.694751	2
18	52000001	0.725653	0.694751	2
18	53000001	0.521034	0.694751	2
18	54000001	0.674489	0.694751	2
18	55000001	0.739339	0.694751	2
18	56000001	0.472357	0.694751	2
18	57000001	0.643184	0.694751	2
18	58000001	0.713589	0.694751	2
18	59000001	0.900832	0.694751	2
18	60000001	0.767708	0.694751	2
18	61000001	1.20787	0.694751	2
18	62000001	0.721513	0.694751	2
18	63000001	0.523794	0.694751	2
18	64000001	0.744386	0.694751	2
18	65000001	0.406419	0.694751	2
18	66000001	0.55613	0.694751	2
18	67000001	0.769283	0.694751	2
18	68000001	0.513816	0.694751	2
18	69000001	0.675855	0.694751	2
18	70000001	0.691035	0.694751	2
18	71000001	0.661151	0.694751	2
18	72000001	0.688797	0.694751	2
18	73000001	0.80252	0.694751	2
18	74000001	0.716568	0.694751	2
18	75000001	0.699226	0.694751	2
18	76000001	0.694751	0.694751	2
18	77000001	1.28196	0.952462	3
18	78000001	0.737411	0.952462	3
18	79000001	0.880773	0.952462	3
18	80000001	1.02415	0.952462	3
19	1	1.18226	1.24185	4
19	1000001	1.52205	1.24185	4
19	2000001	1.24185	1.24185	4
19	3000001	1.25451	1.24185	4
19	4000001	1.22382	1.24185	4
19	5000001	1.07712	1.04338	3
19	6000001	1.04338	1.04338	3
19	7000001	1.07296	1.04338	3
19	8000001	0.947392	1.04338	3
19	9000001	0.862104	1.04338	3
19	10000001	1.16671	1.04338	3
19	11000001	1.28098	1.04338	3
19	12000001	1.19043	1.04338	3
19	13000001	1.01509	1.04338	3
19	14000001	1.05892	1.04338	3
19	15000001	1.02877	1.04338	3
19	16000001	1.63753	1.04338	3
19	17000001	0.973829	1.04338	3
19	18000001	1.0699	1.04338	3
19	19000001	0.89278	1.04338	3
19	20000001	0.981083	1.04338	3
19	21000001	1.00481	1.04338	3
19	22000001	1.0921	1.04338	3
19	23000001	0.972636	1.04338	3
19	24000001	1.31863	1.31863	4
19	25000001	2.24241	2.047	6
19	26000001	1.85159	2.047	6
19	27000001	1.35626	1.35626	4
19	28000001	1.39562	1.35626	4
19	29000001	1.01451	1.35626	4
19	30000001	1.28445	1.35626	4
19	31000001	1.06143	1.35626	4
19	32000001	1.23949	1.35626	4
19	33000001	1.42228	1.35626	4
19	34000001	1.23166	1.35626	4
19	35000001	1.36563	1.35626	4
19	36000001	1.73801	1.35626	4
19	37000001	1.39076	1.35626	4
19	38000001	1.18052	1.10585	3
19	39000001	1.15259	1.10585	3
19	40000001	0.962917	1.10585	3
19	41000001	0.900747	1.10585	3
19	42000001	0.918237	1.10585	3
19	43000001	1.15538	1.10585	3
19	44000001	1.23756	1.10585	3
19	45000001	1.19643	1.10585	3
19	46000001	0.906516	1.10585	3
19	47000001	1.14297	1.10585	3
19	48000001	1.1424	1.10585	3
19	49000001	1.17535	1.10585	3
19	50000001	1.10585	1.10585	3
19	51000001	1.04681	1.10585	3
19	52000001	1.2971	1.10585	3
19	53000001	1.10489	1.10585	3
19	54000001	1.20861	1.10585	3
19	55000001	1.07562	1.10585	3
19	56000001	1.07921	1.10585	3
19	57000001	1.05019	1.10585	3
19	58000001	1.07496	1.10585	3
2	1	1.08603	0.95713	3
2	1000001	1.24426	0.95713	3
2	2000001	0.990396	0.95713	3
2	3000001	1.07243	0.95713	3
2	4000001	0.93189	0.95713	3
2	5000001	0.929051	0.95713	3
2	6000001	0.968665	0.95713	3
2	7000001	0.93278	0.95713	3
2	8000001	1.00144	0.95713	3
2	9000001	1.3977	0.95713	3
2	10000001	1.1213	0.95713	3
2	11000001	1.11818	0.95713	3
2	12000001	1.00051	0.95713	3
2	13000001	0.85428	0.95713	3
2	14000001	1.16736	0.95713	3
2	15000001	0.900042	0.95713	3
2	16000001	1.01173	0.95713	3
2	17000001	0.916504	0.95713	3
2	18000001	1.07185	0.95713	3
2	19000001	1.19881	0.95713	3
2	20000001	1.00673	0.95713	3
2	21000001	0.985372	0.95713	3
2	22000001	0.774812	0.95713	3
2	23000001	0.952101	0.95713	3
2	24000001	0.834502	0.95713	3
2	25000001	0.967498	0.95713	3
2	26000001	1.02433	0.95713	3
2	27000001	1.39647	0.95713	3
2	28000001	1.25674	0.95713	3
2	29000001	1.13248	0.95713	3
2	30000001	1.00868	0.95713	3
2	31000001	0.952	0.95713	3
2	32000001	1.03822	0.95713	3
2	33000001	0.945161	0.95713	3
2	34000001	1.26867	0.95713	3
2	35000001	0.927097	0.95713	3
2	36000001	0.959781	0.95713	3
2	37000001	1.04747	0.95713	3
2	38000001	0.9153	0.95713	3
2	39000001	0.784204	0.95713	3
2	40000001	0.816224	0.95713	3
2	41000001	0.90873	0.95713	3
2	42000001	1.05675	0.95713	3
2	43000001	1.06693	0.95713	3
2	44000001	0.896729	0.95713	3
2	45000001	1.08531	0.95713	3
2	46000001	0.829981	0.95713	3
2	47000001	1.03131	0.95713	3
2	48000001	0.891224	0.95713	3
2	49000001	1.0283	0.95713	3
2	50000001	0.875563	0.95713	3
2	51000001	0.897554	0.95713	3
2	52000001	1.04619	0.95713	3
2	53000001	0.989833	0.95713	3
2	54000001	0.847606	0.95713	3
2	55000001	0.822743	0.95713	3
2	56000001	0.811665	0.95713	3
2	57000001	1.06402	0.95713	3
2	58000001	0.780755	0.95713	3
2	59000001	0.937829	0.95713	3
2	60000001	0.890301	0.95713	3
2	61000001	0.951025	0.95713	3
2	62000001	1.01898	0.95713	3
2	63000001	0.719702	0.95713	3
2	64000001	0.969336	0.95713	3
2	65000001	0.869087	0.95713	3
2	66000001	0.857915	0.95713	3
2	67000001	1.25439	0.95713	3
2	68000001	0.816003	0.95713	3
2	69000001	0.900291	0.95713	3
2	70000001	1.17992	0.95713	3
2	71000001	1.29888	0.95713	3
2	72000001	1.03162	0.95713	3
2	73000001	0.954479	0.95713	3
2	74000001	0.788083	0.95713	3
2	75000001	1.07702	0.95713	3
2	76000001	0.936476	0.95713	3
2	77000001	0.967692	0.95713	3
2	78000001	0.951056	0.95713	3
2	79000001	0.890004	0.95713	3
2	80000001	0.708302	0.95713	3
2	81000001	0.776618	0.95713	3
2	82000001	0.894212	0.95713	3
2	83000001	1.54277	0.95713	3
2	84000001	0.943441	0.95713	3
2	85000001	0.88032	0.95713	3
2	86000001	0.908172	0.95713	3
2	87000001	1.25835	0.95713	3
2	88000001	0.936526	0.95713	3
2	89000001	0.961283	0.95713	3
2	90000001	1.36414	1.21624	4
2	91000001	1.2064	1.21624	4
2	92000001	1.43783	1.21624	4
2	93000001	1.52357	1.21624	4
2	94000001	1.07621	1.21624	4
2	95000001	1.1072	1.21624	4
2	96000001	1.11026	1.21624	4
2	97000001	1.31428	1.21624	4
2	98000001	0.912862	1.21624	4
2	99000001	1.54553	1.21624	4
2	100000001	1.11242	1.21624	4
2	101000001	1.22609	1.21624	4
2	102000001	0.942189	0.969919	3
2	103000001	1.01757	0.969919	3
2	104000001	0.694342	0.969919	3
2	105000001	1.02453	0.969919	3
2	106000001	0.945389	0.969919	3
2	107000001	0.921242	0.969919	3
2	108000001	0.971886	0.969919	3
2	109000001	1.00691	0.969919	3
2	110000001	0.826487	0.969919	3
2	111000001	0.838398	0.969919	3
2	112000001	1.03153	0.969919	3
2	113000001	1.14851	0.969919	3
2	114000001	0.791282	0.969919	3
2	115000001	0.958886	0.969919	3
2	116000001	0.967953	0.969919	3
2	117000001	0.967525	0.969919	3
2	118000001	1.31853	0.969919	3
2	119000001	0.809061	0.969919	3
2	120000001	1.08271	0.969919	3
2	121000001	1.10389	0.969919	3
2	122000001	1.01335	0.969919	3
2	123000001	0.891992	0.969919	3
2	124000001	1.51996	0.969919	3
2	125000001	0.823997	0.969919	3
2	126000001	0.793831	0.969919	3
2	127000001	1.20668	0.969919	3
2	128000001	1.05453	0.969919	3
2	129000001	1.01981	0.969919	3
2	130000001	1.09589	0.969919	3
2	131000001	1.19864	0.969919	3
2	132000001	0.983606	0.969919	3
2	133000001	1.02749	0.969919	3
2	134000001	1.07039	0.969919	3
2	135000001	1.21066	0.969919	3
2	136000001	0.996688	0.969919	3
2	137000001	0.817983	0.969919	3
2	138000001	0.915104	0.969919	3
2	139000001	1.00411	0.969919	3
2	140000001	0.858213	0.969919	3
2	141000001	0.850201	0.969919	3
2	142000001	0.88091	0.969919	3
2	143000001	0.868885	0.969919	3
2	144000001	0.688825	0.969919	3
2	145000001	0.70034	0.969919	3
2	146000001	0.820651	0.969919	3
2	147000001	1.01551	0.969919	3
2	148000001	1.38574	1.51918	5
2	149000001	1.56876	1.51918	5
2	150000001	1.76838	1.51918	5
2	151000001	1.28385	1.51918	5
2	152000001	1.64578	1.51918	5
2	153000001	1.4696	1.51918	5
2	154000001	1.20258	1.27116	4
2	155000001	1.13733	1.27116	4
2	156000001	1.24332	1.27116	4
2	157000001	1.05075	1.27116	4
2	158000001	1.19315	1.27116	4
2	159000001	1.2402	1.27116	4
2	160000001	1.4081	1.27116	4
2	161000001	1.41316	1.27116	4
2	162000001	1.34377	1.27116	4
2	163000001	1.1104	1.27116	4
2	164000001	1.42545	1.27116	4
2	165000001	1.29154	1.27116	4
2	166000001	1.50108	1.27116	4
2	167000001	1.38054	1.27116	4
2	168000001	1.23862	1.27116	4
2	169000001	1.81604	1.27116	4
2	170000001	1.00712	1.27116	4
2	171000001	1.27116	1.27116	4
2	172000001	1.37993	1.27116	4
2	173000001	1.35642	1.27116	4
2	174000001	1.33968	1.27116	4
2	175000001	1.21155	1.27116	4
2	176000001	1.16998	1.27116	4
2	177000001	1.15792	1.27116	4
2	178000001	1.42994	1.27116	4
2	179000001	1.25899	1.27116	4
2	180000001	1.28752	1.27116	4
2	181000001	0.960241	1.27116	4
2	182000001	1.18281	1.27116	4
2	183000001	1.14733	1.27116	4
2	184000001	1.35556	1.27116	4
2	185000001	1.28313	1.27116	4
2	186000001	1.53432	1.27116	4
2	187000001	0.793714	0.629612	2
2	188000001	0.644812	0.629612	2
2	189000001	0.738177	0.629612	2
2	190000001	0.522524	0.629612	2
2	191000001	0.60655	0.629612	2
2	192000001	0.522236	0.629612	2
2	193000001	0.595008	0.629612	2
2	194000001	1.37799	0.629612	2
2	195000001	0.604714	0.629612	2
2	196000001	0.568548	0.629612	2
2	197000001	0.631582	0.629612	2
2	198000001	0.532492	0.629612	2
2	199000001	0.549716	0.629612	2
2	200000001	0.711577	0.629612	2
2	201000001	0.583976	0.629612	2
2	202000001	0.649453	0.629612	2
2	203000001	0.627641	0.629612	2
2	204000001	0.551491	0.629612	2
2	205000001	0.4914	0.629612	2
2	206000001	0.698587	0.629612	2
2	207000001	0.71472	0.629612	2
2	208000001	0.812181	0.629612	2
2	209000001	0.770386	0.629612	2
2	210000001	0.649739	0.629612	2
2	211000001	0.68176	0.629612	2
2	212000001	0.520525	0.629612	2
2	213000001	0.684738	0.629612	2
2	214000001	0.71477	0.629612	2
2	215000001	0.611588	0.629612	2
2	216000001	0.59145	0.629612	2
2	217000001	0.586679	0.629612	2
2	218000001	0.674978	0.629612	2
2	219000001	1.59311	1.59311	5
2	220000001	0.563126	0.751761	2
2	221000001	0.756145	0.751761	2
2	222000001	0.783364	0.751761	2
2	223000001	0.519903	0.751761	2
2	224000001	0.448763	0.751761	2
2	225000001	1.12947	0.751761	2
2	226000001	0.634146	0.751761	2
2	227000001	0.654284	0.751761	2
2	228000001	0.654319	0.751761	2
2	229000001	0.766189	0.751761	2
2	230000001	0.648131	0.751761	2
2	231000001	0.959434	0.751761	2
2	232000001	0.747956	0.751761	2
2	233000001	0.751761	0.751761	2
2	234000001	0.864427	0.751761	2
2	235000001	0.861805	0.751761	2
2	236000001	0.818249	0.751761	2
2	237000001	0.727504	0.751761	2
2	238000001	1.30358	0.751761	2
2	239000001	0.641702	0.751761	2
2	240000001	0.774623	0.751761	2
2	241000001	1.0257	0.751761	2
2	242000001	0.748935	0.751761	2
20	1	2.59559	2.59559	8
20	1000001	0.735927	0.70812	2
20	2000001	0.787736	0.70812	2
20	3000001	0.741481	0.70812	2
20	4000001	0.620288	0.70812	2
20	5000001	0.819806	0.70812	2
20	6000001	0.689709	0.70812	2
20	7000001	0.56771	0.70812	2
20	8000001	0.909337	0.70812	2
20	9000001	0.605814	0.70812	2
20	10000001	0.680377	0.70812	2
20	11000001	0.587828	0.70812	2
20	12000001	0.661656	0.70812	2
20	13000001	0.85064	0.70812	2
20	14000001	0.533254	0.70812	2
20	15000001	0.764497	0.70812	2
20	16000001	0.790899	0.70812	2
20	17000001	0.753729	0.70812	2
20	18000001	0.780173	0.70812	2
20	19000001	0.641554	0.70812	2
20	20000001	0.673799	0.70812	2
20	21000001	0.449239	0.70812	2
20	22000001	0.718689	0.70812	2
20	23000001	0.697551	0.70812	2
20	24000001	0.729347	0.70812	2
20	25000001	0.909447	1.05641	3
20	26000001	1.20367	1.05641	3
20	27000001	1.14005	1.05641	3
20	28000001	1.03518	1.05641	3
20	29000001	0.894954	1.05641	3
20	30000001	1.0482	1.05641	3
20	31000001	1.16924	1.05641	3
20	32000001	1.15136	1.05641	3
20	33000001	1.14344	1.05641	3
20	34000001	0.918607	1.05641	3
20	35000001	1.18879	1.05641	3
20	36000001	1.09759	1.05641	3
20	37000001	0.938883	1.05641	3
20	38000001	1.22126	1.05641	3
20	39000001	1.05641	1.05641	3
20	40000001	1.01649	1.05641	3
20	41000001	0.898308	1.05641	3
20	42000001	0.802245	1.05641	3
20	43000001	1.13753	1.05641	3
20	44000001	1.17889	1.05641	3
20	45000001	0.935126	1.05641	3
20	46000001	1.2206	1.05641	3
20	47000001	1.06645	1.05641	3
20	48000001	1.01497	1.05641	3
20	49000001	1.03694	1.05641	3
20	50000001	1.05042	1.05641	3
20	51000001	1.23084	1.05641	3
20	52000001	0.921766	0.980889	3
20	53000001	0.94341	0.980889	3
20	54000001	0.858541	0.980889	3
20	55000001	1.04266	0.980889	3
20	56000001	1.05658	0.980889	3
20	57000001	1.23144	0.980889	3
20	58000001	0.980889	0.980889	3
20	59000001	1.12813	0.980889	3
20	60000001	0.821321	0.980889	3
20	61000001	1.22262	1.30538	4
20	62000001	1.38814	1.30538	4
20	63000001	1.39993	1.30538	4
20	64000001	1.09812	1.30538	4
21	1	-1	-1	6
21	1000001	-1	-1	6
21	2000001	-1	-1	6
21	3000001	-1	-1	6
21	4000001	-1	-1	6
21	5000001	1.72649	2.0067	6
21	6000001	1.00064	2.0067	6
21	7000001	2.34723	2.0067	6
21	8000001	2.28692	2.0067	6
21	9000001	1.51542	2.0067	6
21	10000001	2.43566	2.0067	6
21	11000001	0.88366	0.919479	3
21	12000001	0.904471	0.919479	3
21	13000001	1.15016	0.919479	3
21	14000001	0.976036	0.919479	3
21	15000001	0.953274	0.919479	3
21	16000001	0.934487	0.919479	3
21	17000001	1.04253	0.919479	3
21	18000001	0.85428	0.919479	3
21	19000001	0.765086	0.919479	3
21	20000001	0.892078	0.919479	3
21	21000001	0.936865	0.919479	3
21	22000001	0.8346	0.919479	3
21	23000001	0.768474	0.919479	3
21	24000001	0.951714	0.919479	3
21	25000001	1.22922	1.11363	3
21	26000001	1.10954	1.11363	3
21	27000001	1.11699	1.11363	3
21	28000001	1.40963	1.11363	3
21	29000001	1.11027	1.11363	3
21	30000001	0.980294	1.11363	3
21	31000001	1.36365	1.26987	4
21	32000001	1.2272	1.26987	4
21	33000001	1.21869	1.26987	4
21	34000001	1.28447	1.26987	4
21	35000001	1.14699	1.26987	4
21	36000001	1.46714	1.26987	4
21	37000001	1.28761	1.26987	4
21	38000001	1.25527	1.26987	4
21	39000001	1.41476	1.60029	5
21	40000001	1.25975	1.60029	5
21	41000001	1.46405	1.60029	5
21	42000001	1.59113	1.60029	5
21	43000001	1.60945	1.60029	5
21	44000001	1.64281	1.60029	5
21	45000001	1.69728	1.60029	5
21	46000001	1.82127	1.60029	5
22	1	-1	-1	4
22	1000001	-1	-1	4
22	2000001	-1	-1	4
22	3000001	-1	-1	4
22	4000001	-1	-1	4
22	5000001	-1	-1	4
22	6000001	-1	-1	4
22	7000001	-1	-1	4
22	8000001	-1	-1	4
22	9000001	-1	-1	4
22	10000001	1.15788	1.2582	4
22	11000001	1.60981	1.2582	4
22	12000001	1.77074	1.2582	4
22	13000001	0.814712	1.2582	4
22	14000001	0.752925	1.2582	4
22	15000001	1.35853	1.2582	4
22	16000001	2.78469	1.67211	5
22	17000001	1.56472	1.67211	5
22	18000001	1.67211	1.67211	5
22	19000001	3.19415	4.10039	12
22	20000001	4.49254	4.10039	12
22	21000001	4.10039	4.10039	12
22	22000001	5.8081	4.10039	12
22	23000001	2.67566	4.10039	12
22	24000001	0.931441	0.769433	2
22	25000001	0.769433	0.769433	2
22	26000001	0.925049	0.769433	2
22	27000001	0.595012	0.769433	2
22	28000001	0.55327	0.769433	2
22	29000001	0.773634	0.769433	2
22	30000001	0.726944	0.769433	2
22	31000001	0.905159	0.769433	2
22	32000001	0.627363	0.769433	2
22	33000001	0.693891	0.769433	2
22	34000001	0.717967	0.769433	2
22	35000001	0.735391	0.769433	2
22	36000001	0.901565	0.769433	2
22	37000001	0.915085	0.769433	2
22	38000001	0.82921	0.769433	2
22	39000001	0.823416	0.769433	2
22	40000001	0.784788	0.769433	2
22	41000001	0.622219	0.769433	2
22	42000001	0.68313	0.769433	2
22	43000001	0.791321	0.769433	2
22	44000001	0.795919	0.769433	2
22	45000001	0.755433	0.769433	2
22	46000001	0.750704	0.769433	2
22	47000001	0.943961	0.769433	2
22	48000001	0.724726	0.769433	2
22	49000001	0.764548	0.769433	2
22	50000001	0.915008	0.769433	2
3	1	1.29964	1.28459	4
3	1000001	1.36338	1.28459	4
3	2000001	1.21513	1.28459	4
3	3000001	1.26954	1.28459	4
3	4000001	1.34008	1.28459	4
3	5000001	1.17517	1.28459	4
3	6000001	1.95191	1.95191	6
3	7000001	1.11734	1.37113	4
3	8000001	1.1668	1.37113	4
3	9000001	1.33763	1.37113	4
3	10000001	1.47576	1.37113	4
3	11000001	1.37113	1.37113	4
3	12000001	1.59072	1.37113	4
3	13000001	1.51269	1.37113	4
3	14000001	1.20305	1.37113	4
3	15000001	1.22121	1.37113	4
3	16000001	1.41322	1.37113	4
3	17000001	1.48276	1.37113	4
3	18000001	1.1219	1.25899	4
3	19000001	1.05814	1.25899	4
3	20000001	1.31106	1.25899	4
3	21000001	1.2897	1.25899	4
3	22000001	1.28988	1.25899	4
3	23000001	1.08014	1.25899	4
3	24000001	1.08145	1.25899	4
3	25000001	1.24291	1.25899	4
3	26000001	0.925659	1.25899	4
3	27000001	1.36644	1.25899	4
3	28000001	1.21962	1.25899	4
3	29000001	1.26072	1.25899	4
3	30000001	1.40256	1.25899	4
3	31000001	1.10749	1.25899	4
3	32000001	1.47382	1.25899	4
3	33000001	1.25727	1.25899	4
3	34000001	0.993423	1.25899	4
3	35000001	1.129	1.25899	4
3	36000001	1.11744	1.25899	4
3	37000001	1.14348	1.25899	4
3	38000001	1.38821	1.25899	4
3	39000001	1.27898	1.25899	4
3	40000001	1.3186	1.25899	4
3	41000001	1.32701	1.25899	4
3	42000001	1.54771	1.25899	4
3	43000001	1.11661	1.25899	4
3	44000001	1.14144	1.25899	4
3	45000001	1.36612	1.25899	4
3	46000001	1.58264	1.25899	4
3	47000001	1.37338	1.25899	4
3	48000001	0.76746	0.829962	2
3	49000001	1.01629	0.829962	2
3	50000001	0.999585	0.829962	2
3	51000001	0.804699	0.829962	2
3	52000001	0.755156	0.829962	2
3	53000001	0.855225	0.829962	2
3	54000001	0.655151	0.646679	2
3	55000001	0.659938	0.646679	2
3	56000001	0.720912	0.646679	2
3	57000001	0.78244	0.646679	2
3	58000001	0.735238	0.646679	2
3	59000001	0.555729	0.646679	2
3	60000001	0.653682	0.646679	2
3	61000001	0.600769	0.646679	2
3	62000001	0.466683	0.646679	2
3	63000001	0.710011	0.646679	2
3	64000001	0.612965	0.646679	2
3	65000001	0.641906	0.646679	2
3	66000001	0.610675	0.646679	2
3	67000001	0.46598	0.646679	2
3	68000001	0.668248	0.646679	2
3	69000001	0.670764	0.646679	2
3	70000001	0.419483	0.646679	2
3	71000001	0.573531	0.646679	2
3	72000001	0.69293	0.646679	2
3	73000001	0.556294	0.646679	2
3	74000001	0.646679	0.646679	2
3	75000001	1.21427	1.02962	3
3	76000001	0.844975	1.02962	3
3	77000001	0.612819	0.636731	2
3	78000001	0.775906	0.636731	2
3	79000001	0.595101	0.636731	2
3	80000001	0.683718	0.636731	2
3	81000001	0.486861	0.636731	2
3	82000001	0.587715	0.636731	2
3	83000001	0.483814	0.636731	2
3	84000001	0.616895	0.636731	2
3	85000001	0.574885	0.636731	2
3	86000001	0.513461	0.636731	2
3	87000001	0.56125	0.636731	2
3	88000001	0.790284	0.636731	2
3	89000001	0.50624	0.636731	2
3	90000001	0.703077	0.636731	2
3	91000001	0.696433	0.636731	2
3	92000001	0.792585	0.636731	2
3	93000001	0.79307	0.636731	2
3	94000001	0.829724	0.636731	2
3	95000001	0.590883	0.636731	2
3	96000001	0.720005	0.636731	2
3	97000001	0.894839	0.636731	2
3	98000001	0.601366	0.636731	2
3	99000001	0.819279	0.636731	2
3	100000001	0.645597	0.636731	2
3	101000001	0.651687	0.636731	2
3	102000001	0.792015	0.636731	2
3	103000001	0.522881	0.636731	2
3	104000001	0.696783	0.636731	2
3	105000001	0.623232	0.636731	2
3	106000001	0.553828	0.636731	2
3	107000001	0.679993	0.636731	2
3	108000001	0.600501	0.636731	2
3	109000001	0.622218	0.636731	2
3	110000001	0.726888	0.636731	2
3	111000001	0.761673	0.636731	2
3	112000001	0.683845	0.636731	2
3	113000001	0.684751	0.636731	2
3	114000001	0.650663	0.636731	2
3	115000001	0.594488	0.636731	2
3	116000001	0.549337	0.636731	2
3	117000001	0.515536	0.636731	2
3	118000001	0.463799	0.636731	2
3	119000001	0.652869	0.636731	2
3	120000001	0.561412	0.636731	2
3	121000001	0.627866	0.636731	2
3	122000001	0.655775	0.636731	2
3	123000001	0.718796	0.636731	2
3	124000001	0.540421	0.636731	2
3	125000001	0.890285	0.787013	2
3	126000001	0.682101	0.787013	2
3	127000001	0.709557	0.787013	2
3	128000001	0.653464	0.787013	2
3	129000001	0.832578	0.787013	2
3	130000001	0.812878	0.787013	2
3	131000001	0.865792	0.787013	2
3	132000001	1.06026	0.787013	2
3	133000001	0.711244	0.787013	2
3	134000001	0.798931	0.787013	2
3	135000001	0.707494	0.787013	2
3	136000001	0.741066	0.787013	2
3	137000001	0.775095	0.787013	2
3	138000001	0.755724	0.787013	2
3	139000001	0.866692	0.787013	2
3	140000001	0.839859	0.787013	2
3	141000001	0.975772	0.966439	3
3	142000001	0.880218	0.966439	3
3	143000001	1.15752	0.966439	3
3	144000001	0.867252	0.966439	3
3	145000001	1.00487	0.966439	3
3	146000001	0.868492	0.966439	3
3	147000001	1.05555	0.966439	3
3	148000001	0.901277	0.966439	3
3	149000001	1.13026	0.966439	3
3	150000001	1.02817	0.966439	3
3	151000001	0.827934	0.966439	3
3	152000001	0.930939	0.966439	3
3	153000001	0.958209	0.966439	3
3	154000001	1.00525	0.966439	3
3	155000001	1.15043	0.966439	3
3	156000001	0.990033	0.966439	3
3	157000001	0.931277	0.966439	3
3	158000001	1.00298	0.966439	3
3	159000001	0.864064	0.966439	3
3	160000001	0.916485	0.966439	3
3	161000001	0.966439	0.966439	3
3	162000001	1.07418	0.966439	3
3	163000001	0.499832	0.966439	3
3	164000001	0.783537	0.966439	3
3	165000001	1.02969	0.966439	3
3	166000001	1.06882	0.966439	3
3	167000001	0.787742	0.966439	3
3	168000001	1.08051	0.966439	3
3	169000001	0.935129	0.966439	3
3	170000001	0.862611	0.966439	3
3	171000001	0.853097	0.966439	3
3	172000001	1.18956	0.966439	3
3	173000001	0.743253	0.966439	3
3	174000001	0.872659	0.966439	3
3	175000001	0.859323	0.966439	3
3	176000001	0.995252	0.966439	3
3	177000001	1.20773	0.966439	3
3	178000001	0.766828	0.966439	3
3	179000001	0.99694	0.966439	3
3	180000001	1.08357	0.966439	3
3	181000001	1.16209	0.966439	3
3	182000001	0.929399	0.966439	3
3	183000001	0.959244	0.966439	3
3	184000001	1.10637	0.966439	3
3	185000001	0.788508	0.966439	3
3	186000001	1.21423	0.966439	3
3	187000001	1.08449	0.966439	3
3	188000001	0.920887	0.966439	3
3	189000001	0.996149	0.966439	3
3	190000001	0.916333	0.966439	3
3	191000001	1.1619	0.966439	3
3	192000001	0.94199	0.966439	3
3	193000001	1.02658	0.966439	3
3	194000001	1.15639	1.15639	3
3	195000001	1.06772	1.15639	3
3	196000001	1.03472	1.15639	3
3	197000001	1.26332	1.15639	3
3	198000001	1.50032	1.15639	3
4	1	1.12824	1.18097	4
4	1000001	0.94361	1.18097	4
4	2000001	1.23075	1.18097	4
4	3000001	1.0962	1.18097	4
4	4000001	1.2094	1.18097	4
4	5000001	1.08523	1.18097	4
4	6000001	1.29076	1.18097	4
4	7000001	1.29483	1.18097	4
4	8000001	1.16953	1.18097	4
4	9000001	1.26547	1.18097	4
4	10000001	1.18097	1.18097	4
4	11000001	0.94654	0.947104	3
4	12000001	0.809343	0.947104	3
4	13000001	0.729866	0.947104	3
4	14000001	0.886688	0.947104	3
4	15000001	0.836327	0.947104	3
4	16000001	1.04464	0.947104	3
4	17000001	1.10373	0.947104	3
4	18000001	1.05301	0.947104	3
4	19000001	1.04739	0.947104	3
4	20000001	0.845647	0.947104	3
4	21000001	0.962658	0.947104	3
4	22000001	0.970796	0.947104	3
4	23000001	0.775197	0.947104	3
4	24000001	0.947668	0.947104	3
4	25000001	1.16202	0.947104	3
4	26000001	1.0773	0.947104	3
4	27000001	0.818358	0.947104	3
4	28000001	0.960355	0.947104	3
4	29000001	0.9153	0.947104	3
4	30000001	0.822452	0.947104	3
4	31000001	1.04738	0.947104	3
4	32000001	1.02085	0.947104	3
4	33000001	1.00772	0.947104	3
4	34000001	0.5876	0.947104	3
4	35000001	0.945101	0.947104	3
4	36000001	0.781265	0.947104	3
4	37000001	0.937051	0.947104	3
4	38000001	1.15407	0.947104	3
4	39000001	2.42381	2.42381	7
4	40000001	0.913968	0.99718	3
4	41000001	1.05007	0.99718	3
4	42000001	0.94429	0.99718	3
4	43000001	1.58556	0.99718	3
4	44000001	0.826889	0.933715	3
4	45000001	1.03204	0.933715	3
4	46000001	0.898564	0.933715	3
4	47000001	0.813515	0.933715	3
4	48000001	0.78043	0.933715	3
4	49000001	1.3021	0.933715	3
4	50000001	0.961259	0.933715	3
4	51000001	0.98504	0.933715	3
4	52000001	1.36353	0.933715	3
4	53000001	1.01002	0.933715	3
4	54000001	0.867151	0.933715	3
4	55000001	0.885113	0.933715	3
4	56000001	0.914757	0.933715	3
4	57000001	0.932027	0.933715	3
4	58000001	0.64027	0.933715	3
4	59000001	0.888513	0.933715	3
4	60000001	0.797733	0.933715	3
4	61000001	1.20417	0.933715	3
4	62000001	0.699042	0.933715	3
4	63000001	0.728487	0.933715	3
4	64000001	0.879117	0.933715	3
4	65000001	0.826805	0.933715	3
4	66000001	0.986403	0.933715	3
4	67000001	1.03121	0.933715	3
4	68000001	1.0541	0.933715	3
4	69000001	0.7332	0.933715	3
4	70000001	1.19563	0.933715	3
4	71000001	1.05768	0.933715	3
4	72000001	1.09915	0.933715	3
4	73000001	0.850335	0.933715	3
4	74000001	0.991918	0.933715	3
4	75000001	1.12196	0.933715	3
4	76000001	1.04303	0.933715	3
4	77000001	1.0372	0.933715	3
4	78000001	1.15529	0.933715	3
4	79000001	0.81649	0.933715	3
4	80000001	0.984543	0.933715	3
4	81000001	0.865358	0.933715	3
4	82000001	0.945395	0.933715	3
4	83000001	0.936307	0.933715	3
4	84000001	0.90335	0.933715	3
4	85000001	1.07118	0.933715	3
4	86000001	0.88537	0.933715	3
4	87000001	1.02612	0.933715	3
4	88000001	0.807543	0.933715	3
4	89000001	0.67425	0.933715	3
4	90000001	1.12539	0.933715	3
4	91000001	0.965826	0.933715	3
4	92000001	0.777506	0.933715	3
4	93000001	0.935403	0.933715	3
4	94000001	1.03674	0.933715	3
4	95000001	0.841996	0.933715	3
4	96000001	0.817979	0.933715	3
4	97000001	0.744014	0.933715	3
4	98000001	0.957953	0.933715	3
4	99000001	0.787814	0.933715	3
4	100000001	0.865589	0.933715	3
4	101000001	0.878755	0.933715	3
4	102000001	0.954372	0.933715	3
4	103000001	1.04818	0.933715	3
4	104000001	1.89125	1.89125	6
4	105000001	1.03334	0.946093	3
4	106000001	0.830634	0.946093	3
4	107000001	0.900674	0.946093	3
4	108000001	0.698899	0.946093	3
4	109000001	1.15104	0.946093	3
4	110000001	1.11691	0.946093	3
4	111000001	0.868548	0.946093	3
4	112000001	0.944187	0.946093	3
4	113000001	0.915255	0.946093	3
4	114000001	0.883659	0.946093	3
4	115000001	1.08704	0.946093	3
4	116000001	0.807623	0.946093	3
4	117000001	0.933359	0.946093	3
4	118000001	0.987465	0.946093	3
4	119000001	0.952245	0.946093	3
4	120000001	0.893477	0.946093	3
4	121000001	1.21103	0.946093	3
4	122000001	0.945367	0.946093	3
4	123000001	0.917466	0.946093	3
4	124000001	1.27362	0.946093	3
4	125000001	1.13285	0.946093	3
4	126000001	1.20153	0.946093	3
4	127000001	0.842003	0.946093	3
4	128000001	0.94682	0.946093	3
4	129000001	1.02622	0.946093	3
4	130000001	0.888515	0.946093	3
4	131000001	1.00484	0.946093	3
4	132000001	0.965853	0.946093	3
4	133000001	0.97292	0.946093	3
4	134000001	0.817259	0.946093	3
4	135000001	0.901546	0.946093	3
4	136000001	0.769904	0.946093	3
4	137000001	0.936197	0.946093	3
4	138000001	0.925914	0.946093	3
4	139000001	1.16375	0.946093	3
4	140000001	0.891043	0.946093	3
4	141000001	1.05189	0.946093	3
4	142000001	1.04812	0.946093	3
4	143000001	0.970886	0.946093	3
4	144000001	0.865665	0.946093	3
4	145000001	0.988002	0.946093	3
4	146000001	0.780978	0.946093	3
4	147000001	0.921834	0.946093	3
4	148000001	0.822073	0.946093	3
4	149000001	0.93631	0.946093	3
4	150000001	0.860627	0.946093	3
4	151000001	0.94682	0.946093	3
4	152000001	1.03593	0.946093	3
4	153000001	1.05847	0.946093	3
4	154000001	0.919737	0.946093	3
4	155000001	1.01221	0.946093	3
4	156000001	0.98054	0.946093	3
4	157000001	1.0145	0.946093	3
4	158000001	1.11186	0.946093	3
4	159000001	0.720888	0.574259	2
4	160000001	0.687378	0.574259	2
4	161000001	0.400663	0.574259	2
4	162000001	0.46114	0.574259	2
4	163000001	0.992757	0.923306	3
4	164000001	0.829959	0.923306	3
4	165000001	1.0203	0.923306	3
4	166000001	0.940397	0.923306	3
4	167000001	0.725817	0.923306	3
4	168000001	0.873463	0.923306	3
4	169000001	0.89521	0.923306	3
4	170000001	0.958241	0.923306	3
4	171000001	0.833611	0.923306	3
4	172000001	1.1816	0.923306	3
4	173000001	0.73131	0.923306	3
4	174000001	1.24148	0.923306	3
4	175000001	0.923306	0.923306	3
4	176000001	1.24333	0.923306	3
4	177000001	0.970032	0.923306	3
4	178000001	1.03074	0.923306	3
4	179000001	0.976763	0.923306	3
4	180000001	0.879307	0.923306	3
4	181000001	1.06813	0.923306	3
4	182000001	0.894174	0.923306	3
4	183000001	0.830712	0.923306	3
4	184000001	0.881581	0.923306	3
4	185000001	1.07761	0.923306	3
4	186000001	0.879247	0.923306	3
4	187000001	0.844099	0.923306	3
4	188000001	0.968767	0.923306	3
4	189000001	0.855926	0.923306	3
4	190000001	3.79473	3.79473	11
5	1	1.81246	1.68728	5
5	1000001	1.5621	1.68728	5
5	2000001	1.19268	1.26604	4
5	3000001	1.28915	1.26604	4
5	4000001	1.38333	1.26604	4
5	5000001	1.09892	1.26604	4
5	6000001	1.2431	1.26604	4
5	7000001	1.33034	1.26604	4
5	8000001	1.32033	1.26604	4
5	9000001	1.35216	1.26604	4
5	10000001	1.21424	1.26604	4
5	11000001	1.15783	1.26604	4
5	12000001	1.26818	1.26604	4
5	13000001	1.17498	1.26604	4
5	14000001	1.2499	1.26604	4
5	15000001	1.36182	1.26604	4
5	16000001	1.37166	1.26604	4
5	17000001	1.18727	1.26604	4
5	18000001	1.10004	1.26604	4
5	19000001	1.2825	1.26604	4
5	20000001	1.26391	1.26604	4
5	21000001	1.69561	1.26604	4
5	22000001	1.25324	1.26604	4
5	23000001	1.31576	1.26604	4
5	24000001	0.94839	1.11673	3
5	25000001	1.02856	1.11673	3
5	26000001	0.935951	1.11673	3
5	27000001	1.05014	1.11673	3
5	28000001	1.17308	1.11673	3
5	29000001	1.0791	1.11673	3
5	30000001	0.9828	1.11673	3
5	31000001	1.51676	1.11673	3
5	32000001	1.22526	1.11673	3
5	33000001	1.32992	1.11673	3
5	34000001	1.08379	1.11673	3
5	35000001	1.14203	1.11673	3
5	36000001	1.11673	1.11673	3
5	37000001	1.46272	1.11673	3
5	38000001	1.35542	1.11673	3
5	39000001	0.958408	1.11673	3
5	40000001	1.34819	1.11673	3
5	41000001	1.08403	1.11673	3
5	42000001	1.27726	1.11673	3
5	43000001	1.45502	1.11673	3
5	44000001	1.07422	1.11673	3
5	45000001	1.1752	1.11673	3
5	46000001	1.04674	1.11673	3
5	47000001	2.02407	2.12654	6
5	48000001	2.22902	2.12654	6
5	49000001	1.73608	1.58064	5
5	50000001	1.4252	1.58064	5
5	51000001	1.00263	0.947969	3
5	52000001	1.08818	0.947969	3
5	53000001	0.791945	0.947969	3
5	54000001	1.08844	0.947969	3
5	55000001	1.12342	0.947969	3
5	56000001	1.01992	0.947969	3
5	57000001	0.93099	0.947969	3
5	58000001	0.869102	0.947969	3
5	59000001	0.865557	0.947969	3
5	60000001	1.45074	0.947969	3
5	61000001	1.01086	0.947969	3
5	62000001	0.947969	0.947969	3
5	63000001	0.837617	0.947969	3
5	64000001	0.781178	0.947969	3
5	65000001	1.00142	0.947969	3
5	66000001	0.898597	0.947969	3
5	67000001	1.0471	0.947969	3
5	68000001	1.13373	0.947969	3
5	69000001	1.0062	0.947969	3
5	70000001	1.19613	0.947969	3
5	71000001	0.904904	0.947969	3
5	72000001	0.835573	0.947969	3
5	73000001	0.966156	0.947969	3
5	74000001	0.914463	0.947969	3
5	75000001	0.918729	0.947969	3
5	76000001	1.03849	0.947969	3
5	77000001	0.852628	0.947969	3
5	78000001	0.83105	0.947969	3
5	79000001	0.900625	0.947969	3
5	80000001	1.36797	0.947969	3
5	81000001	0.888399	0.947969	3
5	82000001	1.07442	0.947969	3
5	83000001	0.950853	0.947969	3
5	84000001	0.937563	0.947969	3
5	85000001	0.913451	0.947969	3
5	86000001	1.90548	1.90548	6
5	87000001	0.769751	0.965513	3
5	88000001	1.0071	0.965513	3
5	89000001	1.00273	0.965513	3
5	90000001	1.02704	0.965513	3
5	91000001	0.819372	0.965513	3
5	92000001	0.975428	0.965513	3
5	93000001	1.23381	0.965513	3
5	94000001	1.62643	0.965513	3
5	95000001	0.870639	0.965513	3
5	96000001	0.931134	0.965513	3
5	97000001	0.88656	0.965513	3
5	98000001	1.16361	0.965513	3
5	99000001	1.044	0.965513	3
5	100000001	1.27109	0.965513	3
5	101000001	0.965513	0.965513	3
5	102000001	0.903775	0.965513	3
5	103000001	0.77222	0.965513	3
5	104000001	0.954391	0.965513	3
5	105000001	0.815651	0.965513	3
5	106000001	0.993111	0.965513	3
5	107000001	0.974863	0.965513	3
5	108000001	0.920281	0.965513	3
5	109000001	0.761029	0.965513	3
5	110000001	0.648523	0.965513	3
5	111000001	1.1107	0.965513	3
5	112000001	0.938684	0.965513	3
5	113000001	1.06019	0.965513	3
5	114000001	1.09822	0.965513	3
5	115000001	0.912498	0.965513	3
5	116000001	0.999329	0.965513	3
5	117000001	0.747665	0.965513	3
5	118000001	0.884983	0.965513	3
5	119000001	0.825507	0.965513	3
5	120000001	0.908408	0.965513	3
5	121000001	1.107	0.965513	3
5	122000001	1.02944	0.965513	3
5	123000001	0.938233	0.965513	3
5	124000001	0.858615	0.965513	3
5	125000001	1.02932	0.965513	3
5	126000001	0.96384	0.965513	3
5	127000001	0.941486	0.965513	3
5	128000001	1.04472	0.965513	3
5	129000001	1.05083	0.965513	3
5	130000001	0.891781	0.965513	3
5	131000001	1.01182	0.965513	3
5	132000001	1.01825	0.965513	3
5	133000001	1.09667	0.965513	3
5	134000001	1.85083	1.85083	6
5	135000001	0.963713	0.986321	3
5	136000001	0.878872	0.986321	3
5	137000001	1.05567	0.986321	3
5	138000001	0.988894	0.986321	3
5	139000001	1.2709	0.986321	3
5	140000001	1.1657	0.986321	3
5	141000001	0.840902	0.986321	3
5	142000001	1.262	0.986321	3
5	143000001	0.779734	0.986321	3
5	144000001	0.914897	0.986321	3
5	145000001	1.18266	0.986321	3
5	146000001	0.786809	0.986321	3
5	147000001	1.02463	0.986321	3
5	148000001	0.843836	0.986321	3
5	149000001	1.28978	0.986321	3
5	150000001	1.19911	0.986321	3
5	151000001	1.19845	0.986321	3
5	152000001	1.1074	0.986321	3
5	153000001	0.991575	0.986321	3
5	154000001	0.986321	0.986321	3
5	155000001	0.952987	0.986321	3
5	156000001	0.773301	0.986321	3
5	157000001	1.20649	0.986321	3
5	158000001	0.9078	0.986321	3
5	159000001	1.06855	0.986321	3
5	160000001	1.03091	0.986321	3
5	161000001	0.776676	0.986321	3
5	162000001	0.957503	0.986321	3
5	163000001	0.854179	0.986321	3
5	164000001	0.840962	0.986321	3
5	165000001	0.738067	0.986321	3
5	166000001	0.718737	0.986321	3
5	167000001	0.891773	0.986321	3
5	168000001	1.00365	0.986321	3
5	169000001	1.12415	0.986321	3
5	170000001	1.04696	0.986321	3
5	171000001	0.975488	0.986321	3
5	172000001	1.27146	1.23739	4
5	173000001	1.22462	1.23739	4
5	174000001	1.01334	1.23739	4
5	175000001	1.15933	1.23739	4
5	176000001	1.47829	1.23739	4
5	177000001	1.20038	1.23739	4
5	178000001	1.342	1.23739	4
5	179000001	1.25016	1.23739	4
5	180000001	1.16728	1.23739	4
5	181000001	1.45803	1.23739	4
6	1	1.17858	1.32766	4
6	1000001	1.45218	1.32766	4
6	2000001	1.35622	1.32766	4
6	3000001	1.33695	1.32766	4
6	4000001	1.59256	1.32766	4
6	5000001	1.28595	1.32766	4
6	6000001	1.0777	1.32766	4
6	7000001	1.59554	1.32766	4
6	8000001	1.24775	1.32766	4
6	9000001	1.31951	1.32766	4
6	10000001	1.60226	1.32766	4
6	11000001	0.941896	1.32766	4
6	12000001	1.19083	1.32766	4
6	13000001	1.36679	1.32766	4
6	14000001	1.1378	1.32766	4
6	15000001	1.16883	1.32766	4
6	16000001	1.43218	1.32766	4
6	17000001	1.41494	1.32766	4
6	18000001	1.13705	1.32766	4
6	19000001	1.14945	1.32766	4
6	20000001	1.33996	1.32766	4
6	21000001	1.05313	1.32766	4
6	22000001	1.40122	1.32766	4
6	23000001	1.23427	1.32766	4
6	24000001	1.21457	1.32766	4
6	25000001	1.08797	1.32766	4
6	26000001	1.36938	1.32766	4
6	27000001	1.37469	1.32766	4
6	28000001	1.46674	1.32766	4
6	29000001	1.5607	1.32766	4
6	30000001	1.50009	1.32766	4
6	31000001	1.24831	1.32766	4
6	32000001	1.32572	1.32766	4
6	33000001	1.40226	1.32766	4
6	34000001	1.41383	1.32766	4
6	35000001	1.48753	1.32766	4
6	36000001	1.38478	1.32766	4
6	37000001	1.1224	1.32766	4
6	38000001	1.30609	1.32766	4
6	39000001	1.08461	1.32766	4
6	40000001	1.55438	1.32766	4
6	41000001	1.36941	1.32766	4
6	42000001	1.19982	1.32766	4
6	43000001	1.17657	1.32766	4
6	44000001	1.53573	1.32766	4
6	45000001	1.27811	1.32766	4
6	46000001	1.32959	1.32766	4
6	47000001	1.09146	1.32766	4
6	48000001	1.11373	1.32766	4
6	49000001	1.13455	1.32766	4
6	50000001	1.33874	1.32766	4
6	51000001	1.458	1.32766	4
6	52000001	1.0313	1.03045	3
6	53000001	0.924141	1.03045	3
6	54000001	1.03045	1.03045	3
6	55000001	1.62632	1.62632	5
6	56000001	0.840083	1.1767	4
6	57000001	0.915796	1.1767	4
6	58000001	1.25219	1.1767	4
6	59000001	1.17926	1.1767	4
6	60000001	1.19687	1.1767	4
6	61000001	1.17413	1.1767	4
6	62000001	0.900613	0.963151	3
6	63000001	1.08816	0.963151	3
6	64000001	0.714891	0.963151	3
6	65000001	1.21418	0.963151	3
6	66000001	0.743926	0.963151	3
6	67000001	1.05987	0.963151	3
6	68000001	1.04444	0.963151	3
6	69000001	0.623913	0.963151	3
6	70000001	1.02238	0.963151	3
6	71000001	0.848951	0.963151	3
6	72000001	0.987717	0.963151	3
6	73000001	0.985136	0.963151	3
6	74000001	0.919341	0.963151	3
6	75000001	0.838752	0.963151	3
6	76000001	0.824647	0.963151	3
6	77000001	0.78842	0.963151	3
6	78000001	0.981441	0.963151	3
6	79000001	0.919708	0.963151	3
6	80000001	1.11615	0.963151	3
6	81000001	0.904295	0.963151	3
6	82000001	0.978721	0.963151	3
6	83000001	0.989739	0.963151	3
6	84000001	1.13426	0.963151	3
6	85000001	0.98593	0.963151	3
6	86000001	0.89239	0.963151	3
6	87000001	0.81575	0.963151	3
6	88000001	0.932262	0.963151	3
6	89000001	1.14708	0.963151	3
6	90000001	1.08348	0.963151	3
6	91000001	1.08805	0.963151	3
6	92000001	0.936711	0.963151	3
6	93000001	0.781581	0.963151	3
6	94000001	0.997737	0.963151	3
6	95000001	0.635439	0.963151	3
6	96000001	0.899373	0.963151	3
6	97000001	1.18402	0.963151	3
6	98000001	0.656395	0.963151	3
6	99000001	0.97607	0.963151	3
6	100000001	0.885841	0.963151	3
6	101000001	0.896659	0.963151	3
6	102000001	1.2066	0.963151	3
6	103000001	1.03645	0.963151	3
6	104000001	0.816992	0.963151	3
6	105000001	0.880342	0.963151	3
6	106000001	0.913251	0.963151	3
6	107000001	1.44605	0.963151	3
6	108000001	1.01876	0.963151	3
6	109000001	0.797819	0.963151	3
6	110000001	0.765566	0.963151	3
6	111000001	1.07878	0.963151	3
6	112000001	0.96227	0.963151	3
6	113000001	0.892432	0.963151	3
6	114000001	0.941565	0.963151	3
6	115000001	0.968674	0.963151	3
6	116000001	1.03595	0.963151	3
6	117000001	0.940734	0.963151	3
6	118000001	1.04376	0.963151	3
6	119000001	0.904033	0.963151	3
6	120000001	1.00096	0.963151	3
6	121000001	0.862194	0.963151	3
6	122000001	1.19797	0.963151	3
6	123000001	0.931975	0.963151	3
6	124000001	1.07449	0.963151	3
6	125000001	1.01697	0.963151	3
6	126000001	0.964031	0.963151	3
6	127000001	0.849699	0.963151	3
6	128000001	1.02862	0.963151	3
6	129000001	0.948947	0.963151	3
6	130000001	0.898962	0.963151	3
6	131000001	0.85275	0.963151	3
6	132000001	1.09349	0.963151	3
6	133000001	1.39025	0.963151	3
6	134000001	0.92547	0.963151	3
6	135000001	0.968152	0.963151	3
6	136000001	1.15291	0.963151	3
6	137000001	0.999038	0.963151	3
6	138000001	1.41151	1.30417	4
6	139000001	1.27416	1.30417	4
6	140000001	1.21453	1.30417	4
6	141000001	1.39941	1.30417	4
6	142000001	1.29756	1.30417	4
6	143000001	1.45772	1.30417	4
6	144000001	1.31078	1.30417	4
6	145000001	1.01086	1.30417	4
6	146000001	1.23637	1.30417	4
6	147000001	1.47026	1.30417	4
6	148000001	1.24588	1.30417	4
6	149000001	1.33493	1.30417	4
6	150000001	1.38376	1.30417	4
6	151000001	1.19068	1.30417	4
6	152000001	1.26059	1.30417	4
6	153000001	1.27313	1.30417	4
6	154000001	1.50076	1.30417	4
6	155000001	1.10152	1.30417	4
6	156000001	1.47737	1.30417	4
6	157000001	1.64609	1.30417	4
6	158000001	1.32443	1.30417	4
6	159000001	1.42455	1.30417	4
6	160000001	1.21315	1.30417	4
6	161000001	1.52178	1.30417	4
6	162000001	1.21135	1.30417	4
6	163000001	1.22593	1.30417	4
6	164000001	1.41003	1.30417	4
6	165000001	1.2645	1.30417	4
6	166000001	1.70231	1.53024	5
6	167000001	1.29282	1.53024	5
6	168000001	1.53024	1.53024	5
6	169000001	1.39959	1.53024	5
6	170000001	1.91695	1.53024	5
7	1	1.04082	1.00414	3
7	1000001	1.22241	1.00414	3
7	2000001	1.14827	1.00414	3
7	3000001	0.939299	1.00414	3
7	4000001	1.16641	1.00414	3
7	5000001	1.05633	1.00414	3
7	6000001	1.08108	1.00414	3
7	7000001	1.17902	1.00414	3
7	8000001	0.826291	1.00414	3
7	9000001	0.65192	1.00414	3
7	10000001	1.01985	1.00414	3
7	11000001	0.673905	1.00414	3
7	12000001	0.93085	1.00414	3
7	13000001	0.97508	1.00414	3
7	14000001	1.02619	1.00414	3
7	15000001	0.996916	1.00414	3
7	16000001	1.02416	1.00414	3
7	17000001	1.05689	1.00414	3
7	18000001	1.29792	1.00414	3
7	19000001	1.14896	1.00414	3
7	20000001	1.04696	1.00414	3
7	21000001	1.07706	1.00414	3
7	22000001	1.201	1.00414	3
7	23000001	0.85067	1.00414	3
7	24000001	1.01816	1.00414	3
7	25000001	0.898156	1.00414	3
7	26000001	0.974626	1.00414	3
7	27000001	0.826753	1.00414	3
7	28000001	0.885416	1.00414	3
7	29000001	1.02504	1.00414	3
7	30000001	0.872969	1.00414	3
7	31000001	1.15794	1.00414	3
7	32000001	1.24249	1.00414	3
7	33000001	1.00917	1.00414	3
7	34000001	0.891216	1.00414	3
7	35000001	0.959774	1.00414	3
7	36000001	1.04531	1.00414	3
7	37000001	1.05959	1.00414	3
7	38000001	1.07561	1.00414	3
7	39000001	0.975283	1.00414	3
7	40000001	0.855457	1.00414	3
7	41000001	0.851723	1.00414	3
7	42000001	0.849661	1.00414	3
7	43000001	0.981023	1.00414	3
7	44000001	1.32768	1.00414	3
7	45000001	0.93342	1.00414	3
7	46000001	0.865477	1.00414	3
7	47000001	1.1872	1.00414	3
7	48000001	0.898495	1.00414	3
7	49000001	1.00311	1.00414	3
7	50000001	0.872831	1.00414	3
7	51000001	0.90171	1.00414	3
7	52000001	0.933059	1.00414	3
7	53000001	1.14371	1.00414	3
7	54000001	1.00414	1.00414	3
7	55000001	1.32968	1.32968	4
7	56000001	1.57489	1.32968	4
7	57000001	1.00877	1.32968	4
7	58000001	2.04801	2.04801	6
7	59000001	2.08768	2.04801	6
7	60000001	1.79449	2.04801	6
7	61000001	1.18063	1.29586	4
7	62000001	1.36196	1.29586	4
7	63000001	1.56147	1.29586	4
7	64000001	1.22528	1.29586	4
7	65000001	1.14517	1.29586	4
7	66000001	1.47655	1.29586	4
7	67000001	1.27257	1.29586	4
7	68000001	1.09504	1.29586	4
7	69000001	1.34843	1.29586	4
7	70000001	1.50758	1.29586	4
7	71000001	1.06071	1.29586	4
7	72000001	1.74859	1.29586	4
7	73000001	1.34996	1.29586	4
7	74000001	1.71472	1.29586	4
7	75000001	1.54111	1.29586	4
7	76000001	1.59474	1.29586	4
7	77000001	1.35913	1.29586	4
7	78000001	1.57998	1.29586	4
7	79000001	1.17569	1.29586	4
7	80000001	1.29953	1.29586	4
7	81000001	1.35558	1.29586	4
7	82000001	0.954298	1.29586	4
7	83000001	1.21551	1.29586	4
7	84000001	1.08186	1.29586	4
7	85000001	1.16186	1.29586	4
7	86000001	1.25273	1.29586	4
7	87000001	1.19749	1.29586	4
7	88000001	1.17132	1.29586	4
7	89000001	1.29586	1.29586	4
7	90000001	1.4256	1.29586	4
7	91000001	1.50125	1.29586	4
7	92000001	1.0794	1.29586	4
7	93000001	1.15201	1.29586	4
7	94000001	1.2531	1.29586	4
7	95000001	1.06179	1.29586	4
7	96000001	1.32462	1.29586	4
7	97000001	1.2456	1.29586	4
7	98000001	1.3435	1.29586	4
7	99000001	1.34588	1.29586	4
7	100000001	1.87496	1.53003	5
7	101000001	1.60546	1.53003	5
7	102000001	1.0242	1.53003	5
7	103000001	1.32053	1.53003	5
7	104000001	1.31692	1.53003	5
7	105000001	1.54778	1.53003	5
7	106000001	1.48155	1.53003	5
7	107000001	1.50892	1.53003	5
7	108000001	1.534	1.53003	5
7	109000001	1.36797	1.53003	5
7	110000001	1.47553	1.53003	5
7	111000001	1.72943	1.53003	5
7	112000001	1.55188	1.53003	5
7	113000001	1.38432	1.53003	5
7	114000001	1.54916	1.53003	5
7	115000001	1.21787	1.53003	5
7	116000001	1.46904	1.53003	5
7	117000001	1.35626	1.53003	5
7	118000001	1.43473	1.53003	5
7	119000001	1.75692	1.53003	5
7	120000001	1.70475	1.53003	5
7	121000001	1.43945	1.53003	5
7	122000001	1.35332	1.53003	5
7	123000001	1.36836	1.53003	5
7	124000001	1.35182	1.53003	5
7	125000001	1.3532	1.53003	5
7	126000001	1.48565	1.53003	5
7	127000001	1.62396	1.53003	5
7	128000001	1.66325	1.53003	5
7	129000001	1.75614	1.53003	5
7	130000001	1.53584	1.53003	5
7	131000001	1.42063	1.53003	5
7	132000001	1.53887	1.53003	5
7	133000001	1.23876	1.53003	5
7	134000001	1.5505	1.53003	5
7	135000001	1.53003	1.53003	5
7	136000001	1.53942	1.53003	5
7	137000001	1.41671	1.53003	5
7	138000001	1.62357	1.53003	5
7	139000001	1.55144	1.53003	5
7	140000001	1.66944	1.53003	5
7	141000001	1.46838	1.53003	5
7	142000001	1.54828	1.53003	5
7	143000001	1.63736	1.53003	5
7	144000001	1.53658	1.53003	5
7	145000001	1.51991	1.53003	5
7	146000001	1.33775	1.53003	5
7	147000001	1.23535	1.53003	5
7	148000001	1.48053	1.53003	5
7	149000001	1.77313	1.53003	5
7	150000001	1.69026	1.53003	5
7	151000001	1.92207	1.53003	5
7	152000001	1.39948	1.53003	5
7	153000001	1.61306	1.53003	5
7	154000001	1.75964	1.53003	5
7	155000001	1.55299	1.53003	5
7	156000001	1.32883	1.53003	5
7	157000001	1.8611	2.1199	6
7	158000001	2.1199	2.1199	6
7	159000001	2.1353	2.1199	6
8	1	1.18703	1.22931	4
8	1000001	1.27159	1.22931	4
8	2000001	0.939486	0.914463	3
8	3000001	0.725745	0.914463	3
8	4000001	0.914463	0.914463	3
8	5000001	0.771326	0.914463	3
8	6000001	0.939955	0.914463	3
8	7000001	1.15451	1.03885	3
8	8000001	1.12336	1.03885	3
8	9000001	1.12085	1.03885	3
8	10000001	1.05496	1.03885	3
8	11000001	0.9826	1.03885	3
8	12000001	1.11115	1.03885	3
8	13000001	0.977992	1.03885	3
8	14000001	0.983235	1.03885	3
8	15000001	1.04222	1.03885	3
8	16000001	1.12408	1.03885	3
8	17000001	1.01409	1.03885	3
8	18000001	1.0384	1.03885	3
8	19000001	1.03885	1.03885	3
8	20000001	0.946002	1.03885	3
8	21000001	0.879818	1.03885	3
8	22000001	0.855072	1.03885	3
8	23000001	1.1066	1.03885	3
8	24000001	0.887376	1.03885	3
8	25000001	1.08904	1.03885	3
8	26000001	1.07354	1.03885	3
8	27000001	1.25259	1.03885	3
8	28000001	0.977546	1.03885	3
8	29000001	0.994043	1.03885	3
8	30000001	1.43591	1.03885	3
8	31000001	1.06294	1.03885	3
8	32000001	1.00685	1.03885	3
8	33000001	0.96261	1.03885	3
8	34000001	0.628882	0.735431	2
8	35000001	0.942275	0.735431	2
8	36000001	0.735431	0.735431	2
8	37000001	1.12264	0.980183	3
8	38000001	0.853814	0.980183	3
8	39000001	0.874255	0.980183	3
8	40000001	0.922333	0.980183	3
8	41000001	1.14461	0.980183	3
8	42000001	1.13626	0.980183	3
8	43000001	0.975211	0.980183	3
8	44000001	1.07348	0.980183	3
8	45000001	0.879156	0.980183	3
8	46000001	0.818418	0.980183	3
8	47000001	0.96329	0.980183	3
8	48000001	0.949908	0.980183	3
8	49000001	1.13043	0.980183	3
8	50000001	1.00947	0.980183	3
8	51000001	1.06063	0.980183	3
8	52000001	0.849216	0.980183	3
8	53000001	0.870198	0.980183	3
8	54000001	0.856042	0.980183	3
8	55000001	1.04153	0.980183	3
8	56000001	1.24445	0.980183	3
8	57000001	0.972999	0.980183	3
8	58000001	0.879683	0.980183	3
8	59000001	1.04055	0.980183	3
8	60000001	1.09976	0.980183	3
8	61000001	1.0631	0.980183	3
8	62000001	1.11505	0.980183	3
8	63000001	0.907191	0.980183	3
8	64000001	1.01523	0.980183	3
8	65000001	1.09348	0.980183	3
8	66000001	1.02972	0.980183	3
8	67000001	0.803986	0.980183	3
8	68000001	1.23735	0.980183	3
8	69000001	1.10288	0.980183	3
8	70000001	0.829587	0.980183	3
8	71000001	0.969382	0.980183	3
8	72000001	0.815129	0.980183	3
8	73000001	1.13262	0.980183	3
8	74000001	0.819605	0.980183	3
8	75000001	0.908227	0.980183	3
8	76000001	0.876971	0.980183	3
8	77000001	0.827566	0.980183	3
8	78000001	0.930907	0.980183	3
8	79000001	0.977227	0.980183	3
8	80000001	1.00926	0.980183	3
8	81000001	0.849328	0.980183	3
8	82000001	0.868262	0.980183	3
8	83000001	0.959765	0.980183	3
8	84000001	0.825918	0.980183	3
8	85000001	1.34548	0.980183	3
8	86000001	1.00925	0.980183	3
8	87000001	0.977263	0.980183	3
8	88000001	0.848175	0.980183	3
8	89000001	1.10876	0.980183	3
8	90000001	0.812837	0.980183	3
8	91000001	0.846612	0.980183	3
8	92000001	1.03109	0.980183	3
8	93000001	0.88319	0.980183	3
8	94000001	0.915336	0.980183	3
8	95000001	0.90096	0.980183	3
8	96000001	1.0039	0.980183	3
8	97000001	1.02506	0.980183	3
8	98000001	1.04926	0.980183	3
8	99000001	1.00178	0.980183	3
8	100000001	1.18496	0.980183	3
8	101000001	0.91284	0.980183	3
8	102000001	1.05369	0.980183	3
8	103000001	0.935799	0.980183	3
8	104000001	0.818536	0.980183	3
8	105000001	0.988896	0.980183	3
8	106000001	0.895849	0.980183	3
8	107000001	1.07152	0.980183	3
8	108000001	0.900617	0.980183	3
8	109000001	1.13277	0.980183	3
8	110000001	0.949566	0.980183	3
8	111000001	0.944412	0.980183	3
8	112000001	0.999036	0.980183	3
8	113000001	1.03891	0.980183	3
8	114000001	1.06877	0.980183	3
8	115000001	1.19462	0.980183	3
8	116000001	0.826758	0.980183	3
8	117000001	1.12069	0.980183	3
8	118000001	0.998211	0.980183	3
8	119000001	1.08248	0.980183	3
8	120000001	1.00195	0.980183	3
8	121000001	1.00366	0.980183	3
8	122000001	0.983104	0.980183	3
8	123000001	1.3643	1.21986	4
8	124000001	1.07541	1.21986	4
8	125000001	0.80183	0.888597	3
8	126000001	0.888597	0.888597	3
8	127000001	0.959596	0.888597	3
8	128000001	0.836889	0.888597	3
8	129000001	1.09216	0.888597	3
8	130000001	0.772556	0.888597	3
8	131000001	0.746898	0.888597	3
8	132000001	0.897125	0.888597	3
8	133000001	0.918364	0.888597	3
8	134000001	1.20915	0.957648	3
8	135000001	0.960016	0.957648	3
8	136000001	0.90588	0.957648	3
8	137000001	0.95528	0.957648	3
8	138000001	2.33836	1.21796	4
8	139000001	1.03969	1.21796	4
8	140000001	1.13497	1.21796	4
8	141000001	1.34617	1.21796	4
8	142000001	1.13568	1.21796	4
8	143000001	1.32423	1.21796	4
8	144000001	1.15352	1.21796	4
8	145000001	1.28241	1.21796	4
9	1	0.704715	0.720262	2
9	1000001	0.788647	0.720262	2
9	2000001	0.611402	0.720262	2
9	3000001	0.655978	0.720262	2
9	4000001	0.735809	0.720262	2
9	5000001	0.650676	0.720262	2
9	6000001	0.835054	0.720262	2
9	7000001	0.622129	0.720262	2
9	8000001	0.774253	0.720262	2
9	9000001	0.541651	0.720262	2
9	10000001	0.95469	0.720262	2
9	11000001	0.847336	0.720262	2
9	12000001	0.532606	0.720262	2
9	13000001	0.522022	0.720262	2
9	14000001	0.597078	0.720262	2
9	15000001	0.740905	0.720262	2
9	16000001	0.820172	0.720262	2
9	17000001	0.795232	0.720262	2
9	18000001	0.498458	0.498458	1
9	19000001	0.553945	0.498458	1
9	20000001	0.372248	0.498458	1
9	21000001	0.0704348	0.109699	0
9	22000001	0.0944472	0.109699	0
9	23000001	0.0279212	0.109699	0
9	24000001	0.0876992	0.109699	0
9	25000001	0.065191	0.109699	0
9	26000001	0.109699	0.109699	0
9	27000001	0.292914	0.109699	0
9	28000001	0.270356	0.109699	0
9	29000001	0.212264	0.109699	0
9	30000001	0.214364	0.109699	0
9	31000001	0.2373	0.109699	0
9	32000001	0.636101	0.683887	2
9	33000001	0.671367	0.683887	2
9	34000001	0.683887	0.683887	2
9	35000001	0.804626	0.683887	2
9	36000001	0.721016	0.683887	2
9	37000001	1.39686	0.993696	3
9	38000001	1.11346	0.993696	3
9	39000001	0.676688	0.993696	3
9	40000001	1.01766	0.993696	3
9	41000001	0.969731	0.993696	3
9	42000001	0.786519	0.993696	3
9	43000001	1.55807	1.65524	5
9	44000001	1.65524	1.65524	5
9	45000001	1.90466	1.65524	5
9	46000001	-1	-1	3
9	47000001	-1	-1	3
9	48000001	-1	-1	3
9	49000001	-1	-1	3
9	50000001	-1	-1	3
9	51000001	-1	-1	3
9	52000001	-1	-1	3
9	53000001	-1	-1	3
9	54000001	-1	-1	3
9	55000001	-1	-1	3
9	56000001	-1	-1	3
9	57000001	-1	-1	3
9	58000001	-1	-1	3
9	59000001	-1	-1	3
9	60000001	1.14259	0.903178	3
9	61000001	0.747855	0.903178	3
9	62000001	0.686912	0.903178	3
9	63000001	1.13544	0.903178	3
9	64000001	0.903178	0.903178	3
9	65000001	1.09325	0.903178	3
9	66000001	0.813566	0.903178	3
9	67000001	0.597194	0.682225	2
9	68000001	0.526611	0.682225	2
9	69000001	0.614924	0.682225	2
9	70000001	0.523226	0.682225	2
9	71000001	0.695249	0.682225	2
9	72000001	0.774973	0.682225	2
9	73000001	0.712009	0.682225	2
9	74000001	0.539971	0.682225	2
9	75000001	0.682225	0.682225	2
9	76000001	0.603341	0.682225	2
9	77000001	0.755119	0.682225	2
9	78000001	0.673981	0.682225	2
9	79000001	0.467259	0.682225	2
9	80000001	0.646261	0.682225	2
9	81000001	0.797592	0.682225	2
9	82000001	0.572456	0.682225	2
9	83000001	0.793729	0.682225	2
9	84000001	0.905565	0.682225	2
9	85000001	0.748997	0.682225	2
9	86000001	0.55655	0.682225	2
9	87000001	0.562973	0.682225	2
9	88000001	0.760915	0.682225	2
9	89000001	0.695508	0.682225	2
9	90000001	0.816338	0.682225	2
9	91000001	0.779325	0.682225	2
9	92000001	1.06776	0.997608	3
9	93000001	1.32423	0.997608	3
9	94000001	1.02126	0.997608	3
9	95000001	1.09464	0.997608	3
9	96000001	1.11477	0.997608	3
9	97000001	0.936132	0.997608	3
9	98000001	0.952042	0.997608	3
9	99000001	0.800973	0.997608	3
9	100000001	0.871341	0.997608	3
9	101000001	0.894569	0.997608	3
9	102000001	1.00498	0.997608	3
9	103000001	0.800343	0.997608	3
9	104000001	0.924557	0.997608	3
9	105000001	1.02192	0.997608	3
9	106000001	1.20183	0.997608	3
9	107000001	1.06416	0.997608	3
9	108000001	0.990239	0.997608	3
9	109000001	1.00509	0.997608	3
9	110000001	0.851642	0.997608	3
9	111000001	0.884485	0.997608	3
9	112000001	0.963061	0.997608	3
9	113000001	0.87806	0.997608	3
9	114000001	1.23684	0.997608	3
9	115000001	1.00529	0.997608	3
9	116000001	1.00699	0.997608	3
9	117000001	0.964725	0.997608	3
9	118000001	1.04285	0.997608	3
9	119000001	0.970037	0.997608	3
9	120000001	1.31698	1.16359	3
9	121000001	1.15646	1.16359	3
9	122000001	1.08051	1.16359	3
9	123000001	1.10772	1.16359	3
9	124000001	1.17072	1.16359	3
9	125000001	1.11507	1.16359	3
9	126000001	1.13156	1.16359	3
9	127000001	1.18783	1.16359	3
9	128000001	1.44305	1.16359	3
9	129000001	1.2772	1.16359	3
9	130000001	2.88993	2.80949	8
9	131000001	2.72905	2.80949	8
9	132000001	1.16088	1.27294	4
9	133000001	1.30956	1.27294	4
9	134000001	1.25086	1.27294	4
9	135000001	1.17018	1.27294	4
9	136000001	1.27294	1.27294	4
9	137000001	1.40515	1.27294	4
9	138000001	1.42147	1.27294	4
X	1	0.548197	0.557488	2
X	1000001	0.423053	0.557488	2
X	2000001	0.359074	0.557488	2
X	3000001	0.703413	0.557488	2
X	4000001	0.553525	0.557488	2
X	5000001	0.489529	0.557488	2
X	6000001	0.695552	0.557488	2
X	7000001	0.592011	0.557488	2
X	8000001	0.625152	0.557488	2
X	9000001	0.780386	0.557488	2
X	10000001	0.557488	0.557488	2
X	11000001	1.12211	0.968711	3
X	12000001	0.81531	0.968711	3
X	13000001	0.608721	0.583045	2
X	14000001	0.51597	0.583045	2
X	15000001	0.528295	0.583045	2
X	16000001	0.76919	0.583045	2
X	17000001	0.765683	0.583045	2
X	18000001	0.653205	0.583045	2
X	19000001	0.586181	0.583045	2
X	20000001	0.468672	0.583045	2
X	21000001	0.847601	0.583045	2
X	22000001	0.599984	0.583045	2
X	23000001	0.513411	0.583045	2
X	24000001	0.53733	0.583045	2
X	25000001	0.475154	0.583045	2
X	26000001	0.590028	0.583045	2
X	27000001	0.409613	0.583045	2
X	28000001	0.564311	0.583045	2
X	29000001	0.531181	0.583045	2
X	30000001	0.579908	0.583045	2
X	31000001	0.452636	0.583045	2
X	32000001	0.474339	0.583045	2
X	33000001	0.684301	0.583045	2
X	34000001	0.644768	0.583045	2
X	35000001	0.515129	0.583045	2
X	36000001	0.684166	0.583045	2
X	37000001	0.543495	0.583045	2
X	38000001	0.329964	0.583045	2
X	39000001	0.682762	0.583045	2
X	40000001	0.653332	0.583045	2
X	41000001	0.719977	0.583045	2
X	42000001	0.575393	0.583045	2
X	43000001	0.679149	0.583045	2
X	44000001	0.533684	0.583045	2
X	45000001	0.7189	0.583045	2
X	46000001	0.663408	0.583045	2
X	47000001	0.589882	0.583045	2
X	48000001	0.779961	0.583045	2
X	49000001	0.507331	0.583045	2
X	50000001	0.609034	0.583045	2
X	51000001	0.562469	0.583045	2
X	52000001	0.490486	0.583045	2
X	53000001	0.866573	0.685042	2
X	54000001	0.760776	0.685042	2
X	55000001	0.615682	0.685042	2
X	56000001	0.578503	0.685042	2
X	57000001	0.606019	0.685042	2
X	58000001	0.696831	0.685042	2
X	59000001	0.855886	0.685042	2
X	60000001	0.711508	0.685042	2
X	61000001	0.838131	0.685042	2
X	62000001	0.84085	0.685042	2
X	63000001	0.571394	0.685042	2
X	64000001	0.555449	0.685042	2
X	65000001	0.646849	0.685042	2
X	66000001	0.741007	0.685042	2
X	67000001	0.870392	0.685042	2
X	68000001	0.662835	0.685042	2
X	69000001	0.812248	0.685042	2
X	70000001	0.819757	0.685042	2
X	71000001	0.673252	0.685042	2
X	72000001	0.565966	0.685042	2
X	73000001	0.503969	0.685042	2
X	74000001	0.654116	0.685042	2
X	75000001	0.839738	0.907097	3
X	76000001	0.890922	0.907097	3
X	77000001	0.988326	0.907097	3
X	78000001	0.923272	0.907097	3
X	79000001	0.46826	0.622536	2
X	80000001	0.606392	0.622536	2
X	81000001	0.795653	0.622536	2
X	82000001	0.639827	0.622536	2
X	83000001	0.554654	0.622536	2
X	84000001	0.684327	0.622536	2
X	85000001	0.677931	0.622536	2
X	86000001	0.84497	0.622536	2
X	87000001	0.751016	0.622536	2
X	88000001	0.574529	0.622536	2
X	89000001	0.726463	0.622536	2
X	90000001	0.58648	0.622536	2
X	91000001	0.699348	0.622536	2
X	92000001	0.610628	0.622536	2
X	93000001	0.58776	0.622536	2
X	94000001	0.72131	0.622536	2
X	95000001	0.662312	0.622536	2
X	96000001	0.623341	0.622536	2
X	97000001	0.671651	0.622536	2
X	98000001	0.572687	0.622536	2
X	99000001	0.676462	0.622536	2
X	100000001	0.739188	0.622536	2
X	101000001	0.82242	0.622536	2
X	102000001	0.616866	0.622536	2
X	103000001	0.589699	0.622536	2
X	104000001	0.665232	0.622536	2
X	105000001	0.577456	0.622536	2
X	106000001	0.614862	0.622536	2
X	107000001	0.458783	0.622536	2
X	108000001	0.791836	0.622536	2
X	109000001	0.670394	0.622536	2
X	110000001	0.622536	0.622536	2
X	111000001	0.673757	0.622536	2
X	112000001	0.509009	0.622536	2
X	113000001	0.552176	0.622536	2
X	114000001	0.739547	0.622536	2
X	115000001	0.749181	0.622536	2
X	116000001	0.518568	0.622536	2
X	117000001	0.596867	0.622536	2
X	118000001	0.607221	0.622536	2
X	119000001	0.717992	0.622536	2
X	120000001	0.650618	0.622536	2
X	121000001	0.648299	0.622536	2
X	122000001	0.441367	0.622536	2
X	123000001	0.601327	0.622536	2
X	124000001	0.624274	0.622536	2
X	125000001	0.429697	0.622536	2
X	126000001	0.842248	0.622536	2
X	127000001	0.472839	0.622536	2
X	128000001	0.719722	0.622536	2
X	129000001	0.623913	0.622536	2
X	130000001	0.619803	0.622536	2
X	131000001	0.455621	0.622536	2
X	132000001	0.568489	0.622536	2
X	133000001	0.578777	0.622536	2
X	134000001	0.656623	0.622536	2
X	135000001	0.73774	0.622536	2
X	136000001	0.855337	0.622536	2
X	137000001	0.426982	0.622536	2
X	138000001	0.486891	0.622536	2
X	139000001	0.673734	0.622536	2
X	140000001	0.606523	0.622536	2
X	141000001	0.526676	0.622536	2
X	142000001	0.752273	0.622536	2
X	143000001	0.609019	0.622536	2
X	144000001	0.452608	0.622536	2
X	145000001	0.588119	0.622536	2
X	146000001	0.748253	0.622536	2
X	147000001	0.55442	0.622536	2
X	148000001	0.756981	0.772705	2
X	149000001	0.772705	0.772705	2
X	150000001	0.659704	0.772705	2
X	151000001	0.627115	0.772705	2
X	152000001	0.790889	0.772705	2
X	153000001	0.816859	0.772705	2
X	154000001	0.79075	0.772705	2
X	155000001	0.455878	1.21951	4
X	156000001	1.98315	1.21951	4
Y	1	-1	-1	0
Y	1000001	-1	-1	0
Y	2000001	0.05329	0.0625116	0
Y	3000001	0.111552	0.0625116	0
Y	4000001	0.0866036	0.0625116	0
Y	5000001	0.208991	0.0625116	0
Y	6000001	0.0543648	0.0625116	0
Y	7000001	0.0639726	0.0625116	0
Y	8000001	0.0154847	0.0625116	0
Y	9000001	0.0610505	0.0625116	0
Y	10000001	1.37048	1.17772	4
Y	11000001	0.984957	1.17772	4
Y	12000001	0.177643	0.177643	1
Y	13000001	0.0820513	0.156996	0
Y	14000001	0.042425	0.156996	0
Y	15000001	0.0965708	0.156996	0
Y	16000001	0.0347051	0.156996	0
Y	17000001	0.172506	0.156996	0
Y	18000001	0.156996	0.156996	0
Y	19000001	0.0302661	0.156996	0
Y	20000001	0.0803137	0.156996	0
Y	21000001	0.340503	0.156996	0
Y	22000001	0.16272	0.156996	0
Y	23000001	0.177252	0.156996	0
Y	24000001	0.101488	0.156996	0
Y	25000001	0.18107	0.156996	0
Y	26000001	0.251943	0.156996	0
Y	27000001	-1	0.156996	0
Y	28000001	-1	0.156996	0
Y	29000001	-1	0.156996	0
Y	30000001	-1	0.156996	0
Y	31000001	-1	0.156996	0
Y	32000001	-1	0.156996	0
Y	33000001	-1	0.156996	0
Y	34000001	-1	0.156996	0
Y	35000001	-1	0.156996	0
Y	36000001	-1	0.156996	0
Y	37000001	-1	0.156996	0
Y	38000001	-1	0.156996	0
Y	39000001	-1	0.156996	0
Y	40000001	-1	0.156996	0
Y	41000001	-1	0.156996	0
Y	42000001	-1	0.156996	0
Y	43000001	-1	0.156996	0
Y	44000001	-1	0.156996	0
Y	45000001	-1	0.156996	0
Y	46000001	-1	0.156996	0
Y	47000001	-1	0.156996	0
Y	48000001	-1	0.156996	0
Y	49000001	-1	0.156996	0
Y	50000001	-1	0.156996	0
Y	51000001	-1	0.156996	0
Y	52000001	-1	0.156996	0
Y	53000001	-1	0.156996	0
Y	54000001	-1	0.156996	0
Y	55000001	-1	0.156996	0
Y	56000001	0.182182	0.156996	0
Y	57000001	-1	-1	0
