Chromosome	Start	Ratio	MedianRatio	CopyNumber
1	1	1.64179	1.19736	4
1	1000001	0.879218	1.19736	4
1	2000001	1.12535	1.19736	4
1	3000001	0.971989	1.19736	4
1	4000001	1.01829	1.19736	4
1	5000001	1.12625	1.19736	4
1	6000001	0.928592	1.19736	4
1	7000001	1.23625	1.19736	4
1	8000001	1.16816	1.19736	4
1	9000001	0.964716	1.19736	4
1	10000001	1.24173	1.19736	4
1	11000001	1.17132	1.19736	4
1	12000001	1.29016	1.19736	4
1	13000001	1.21447	1.19736	4
1	14000001	1.5685	1.19736	4
1	15000001	1.25392	1.19736	4
1	16000001	1.26799	1.19736	4
1	17000001	0.992077	1.19736	4
1	18000001	1.04378	1.19736	4
1	19000001	1.27761	1.19736	4
1	20000001	1.49552	1.19736	4
1	21000001	1.15515	1.19736	4
1	22000001	1.22357	1.19736	4
1	23000001	1.47283	1.19736	4
1	24000001	1.21133	1.19736	4
1	25000001	1.12904	1.19736	4
1	26000001	1.10418	1.19736	4
1	27000001	1.19939	1.19736	4
1	28000001	1.19966	1.19736	4
1	29000001	1.15599	1.19736	4
1	30000001	1.19736	1.19736	4
1	31000001	1.38561	1.3876	4
1	32000001	1.34828	1.3876	4
1	33000001	1.5536	1.3876	4
1	34000001	1.24412	1.3876	4
1	35000001	1.56834	1.3876	4
1	36000001	1.23525	1.3876	4
1	37000001	1.16163	1.3876	4
1	38000001	1.3876	1.3876	4
1	39000001	1.35154	1.3876	4
1	40000001	1.36337	1.3876	4
1	41000001	1.28979	1.3876	4
1	42000001	1.45224	1.3876	4
1	43000001	1.01498	1.3876	4
1	44000001	1.3305	1.3876	4
1	45000001	1.57585	1.3876	4
1	46000001	1.32921	1.3876	4
1	47000001	1.27153	1.3876	4
1	48000001	1.41061	1.3876	4
1	49000001	1.49778	1.3876	4
1	50000001	1.66177	1.3876	4
1	51000001	1.52195	1.3876	4
1	52000001	1.56804	1.3876	4
1	53000001	1.16259	1.3876	4
1	54000001	1.31332	1.3876	4
1	55000001	1.45449	1.3876	4
1	56000001	1.90219	1.3876	4
1	57000001	1.34947	1.3876	4
1	58000001	1.02793	1.3876	4
1	59000001	1.04334	1.3876	4
1	60000001	1.48945	1.3876	4
1	61000001	1.30146	1.3876	4
1	62000001	1.17013	1.3876	4
1	63000001	1.48436	1.3876	4
1	64000001	1.34783	1.3876	4
1	65000001	1.82996	1.3876	4
1	66000001	1.62667	1.3876	4
1	67000001	1.39034	1.3876	4
1	68000001	1.52851	1.3876	4
1	69000001	1.26152	1.3876	4
1	70000001	1.73965	1.3876	4
1	71000001	1.51744	1.3876	4
1	72000001	1.74068	1.3876	4
1	73000001	1.69553	1.3876	4
1	74000001	1.21555	1.12351	3
1	75000001	1.32267	1.12351	3
1	76000001	1.06349	1.12351	3
1	77000001	1.03129	1.12351	3
1	78000001	1.08849	1.12351	3
1	79000001	1.47762	1.12351	3
1	80000001	1.19322	1.12351	3
1	81000001	1.13616	1.12351	3
1	82000001	1.45423	1.12351	3
1	83000001	1.15779	1.12351	3
1	84000001	0.881898	1.12351	3
1	85000001	0.840553	1.12351	3
1	86000001	0.835425	1.12351	3
1	87000001	1.18436	1.12351	3
1	88000001	1.01668	1.12351	3
1	89000001	0.968499	1.12351	3
1	90000001	0.993036	1.12351	3
1	91000001	1.1762	1.12351	3
1	92000001	1.17058	1.12351	3
1	93000001	1.21281	1.12351	3
1	94000001	0.984317	1.12351	3
1	95000001	0.858126	1.12351	3
1	96000001	0.929401	1.12351	3
1	97000001	1.25803	1.12351	3
1	98000001	0.965201	1.12351	3
1	99000001	1.11212	1.12351	3
1	100000001	1.50177	1.12351	3
1	101000001	1.29525	1.12351	3
1	102000001	1.4407	1.12351	3
1	103000001	1.08059	1.12351	3
1	104000001	1.31355	1.12351	3
1	105000001	0.97394	1.12351	3
1	106000001	1.08654	1.12351	3
1	107000001	1.43084	1.12351	3
1	108000001	1.33799	1.12351	3
1	109000001	0.94614	1.12351	3
1	110000001	0.941293	1.12351	3
1	111000001	1.09899	1.12351	3
1	112000001	1.12351	1.12351	3
1	113000001	1.2699	1.12351	3
1	114000001	1.34123	1.12351	3
1	115000001	0.985995	1.12351	3
1	116000001	1.1947	1.12351	3
1	117000001	1.10272	1.12351	3
1	118000001	1.02224	1.12351	3
1	119000001	1.60091	1.12351	3
1	120000001	1.61022	1.12351	3
1	121000001	2.47821	2.47821	7
1	122000001	1.29131	0.859572	3
1	123000001	0.804643	0.859572	3
1	124000001	0.859572	0.859572	3
1	125000001	3.39529	-1	3
1	126000001	-1	-1	3
1	127000001	-1	-1	3
1	128000001	-1	-1	3
1	129000001	-1	-1	3
1	130000001	-1	-1	3
1	131000001	-1	-1	3
1	132000001	-1	-1	3
1	133000001	-1	-1	3
1	134000001	-1	-1	3
1	135000001	-1	-1	3
1	136000001	-1	-1	3
1	137000001	-1	-1	3
1	138000001	-1	-1	3
1	139000001	-1	-1	3
1	140000001	-1	-1	3
1	141000001	-1	-1	3
1	142000001	-1	-1	3
1	143000001	3.34246	-1	3
1	144000001	0.702989	1.11101	3
1	145000001	1.42778	1.11101	3
1	146000001	1.49469	1.11101	3
1	147000001	1.19903	1.11101	3
1	148000001	1.52954	1.11101	3
1	149000001	1.33613	1.11101	3
1	150000001	1.31342	1.11101	3
1	151000001	0.896106	1.11101	3
1	152000001	1.16072	1.11101	3
1	153000001	1.19345	1.11101	3
1	154000001	1.08706	1.11101	3
1	155000001	0.962954	1.11101	3
1	156000001	0.952416	1.11101	3
1	157000001	1.02478	1.11101	3
1	158000001	1.01142	1.11101	3
1	159000001	1.07554	1.11101	3
1	160000001	1.04736	1.11101	3
1	161000001	1.08901	1.11101	3
1	162000001	1.16215	1.11101	3
1	163000001	1.02478	1.11101	3
1	164000001	0.999863	1.11101	3
1	165000001	1.19388	1.11101	3
1	166000001	1.03876	1.11101	3
1	167000001	1.49923	1.11101	3
1	168000001	1.36309	1.11101	3
1	169000001	1.0444	1.11101	3
1	170000001	1.41045	1.11101	3
1	171000001	1.04691	1.11101	3
1	172000001	1.56549	1.11101	3
1	173000001	1.30461	1.11101	3
1	174000001	1.53032	1.11101	3
1	175000001	0.983474	1.11101	3
1	176000001	0.881993	1.11101	3
1	177000001	1.11101	1.11101	3
1	178000001	1.09338	1.11101	3
1	179000001	1.06279	1.11101	3
1	180000001	1.65303	1.11101	3
1	181000001	1.11642	1.11101	3
1	182000001	1.39178	1.11101	3
1	183000001	1.09279	1.11101	3
1	184000001	1.36032	1.11101	3
1	185000001	0.878043	1.02896	3
1	186000001	1.17687	1.02896	3
1	187000001	1.26208	1.02896	3
1	188000001	1.0424	1.02896	3
1	189000001	1.05224	1.02896	3
1	190000001	0.924533	1.02896	3
1	191000001	0.878574	1.02896	3
1	192000001	0.97407	1.02896	3
1	193000001	1.36407	1.02896	3
1	194000001	0.830158	1.02896	3
1	195000001	1.01692	1.02896	3
1	196000001	1.11259	1.02896	3
1	197000001	0.811217	1.02896	3
1	198000001	1.19991	1.02896	3
1	199000001	0.932929	1.02896	3
1	200000001	0.848669	1.02896	3
1	201000001	1.20491	1.02896	3
1	202000001	1.07551	1.02896	3
1	203000001	0.88771	1.02896	3
1	204000001	0.886493	1.02896	3
1	205000001	1.09433	1.02896	3
1	206000001	1.26557	1.02896	3
1	207000001	1.23652	1.02896	3
1	208000001	0.985235	1.02896	3
1	209000001	1.14624	1.02896	3
1	210000001	0.890642	1.02896	3
1	211000001	1.03147	1.02896	3
1	212000001	1.10842	1.02896	3
1	213000001	1.12375	1.02896	3
1	214000001	0.938754	1.02896	3
1	215000001	0.880445	1.02896	3
1	216000001	1.25433	1.02896	3
1	217000001	0.911769	1.02896	3
1	218000001	0.829844	1.02896	3
1	219000001	0.741635	1.02896	3
1	220000001	0.931732	1.02896	3
1	221000001	1.1193	1.02896	3
1	222000001	0.927665	1.02896	3
1	223000001	0.890089	1.02896	3
1	224000001	1.46179	1.02896	3
1	225000001	1.12789	1.02896	3
1	226000001	0.957719	1.02896	3
1	227000001	0.918617	1.02896	3
1	228000001	0.938267	1.02896	3
1	229000001	1.09958	1.02896	3
1	230000001	1.02788	1.02896	3
1	231000001	0.917602	1.02896	3
1	232000001	1.03003	1.02896	3
1	233000001	1.2882	1.02896	3
1	234000001	0.97476	1.02896	3
1	235000001	1.00943	1.02896	3
1	236000001	1.08933	1.02896	3
1	237000001	0.747432	1.02896	3
1	238000001	1.18705	1.02896	3
1	239000001	0.999314	1.02896	3
1	240000001	1.21899	1.02896	3
1	241000001	1.17557	1.02896	3
1	242000001	1.06724	1.02896	3
1	243000001	0.992782	1.02896	3
1	244000001	1.06668	1.02896	3
1	245000001	1.1712	1.02896	3
1	246000001	1.19204	1.02896	3
1	247000001	1.0817	1.02896	3
1	248000001	0.9189	1.02896	3
10	1	0.884518	0.889455	3
10	1000001	0.713127	0.889455	3
10	2000001	0.863583	0.889455	3
10	3000001	0.793614	0.889455	3
10	4000001	0.81815	0.889455	3
10	5000001	0.836163	0.889455	3
10	6000001	0.653173	0.889455	3
10	7000001	0.653085	0.889455	3
10	8000001	0.725046	0.889455	3
10	9000001	0.87257	0.889455	3
10	10000001	0.711939	0.889455	3
10	11000001	0.978663	0.889455	3
10	12000001	0.992257	0.889455	3
10	13000001	0.708304	0.889455	3
10	14000001	0.663397	0.889455	3
10	15000001	1.08425	0.889455	3
10	16000001	1.10031	0.889455	3
10	17000001	1.45583	0.889455	3
10	18000001	1.0835	0.889455	3
10	19000001	1.08136	0.889455	3
10	20000001	1.19365	0.889455	3
10	21000001	0.894392	0.889455	3
10	22000001	1.10229	0.889455	3
10	23000001	0.901143	0.889455	3
10	24000001	0.737	0.889455	3
10	25000001	0.809874	0.889455	3
10	26000001	0.793274	0.889455	3
10	27000001	1.04604	0.889455	3
10	28000001	1.02105	0.889455	3
10	29000001	0.901102	0.889455	3
10	30000001	1.06534	0.889455	3
10	31000001	0.797176	0.889455	3
10	32000001	0.982395	0.889455	3
10	33000001	1.09195	0.889455	3
10	34000001	1.13974	0.889455	3
10	35000001	0.771606	0.889455	3
10	36000001	1.10438	0.889455	3
10	37000001	0.822164	0.889455	3
10	38000001	1.55647	1.55647	5
10	39000001	1.00992	1.55647	5
10	40000001	1.63883	1.55647	5
10	41000001	5.42532	5.42532	16
10	42000001	1.24753	0.98668	3
10	43000001	0.863096	0.98668	3
10	44000001	0.873776	0.98668	3
10	45000001	0.986493	0.98668	3
10	46000001	0.936961	0.98668	3
10	47000001	0.807998	0.98668	3
10	48000001	1.19323	0.98668	3
10	49000001	0.768094	0.98668	3
10	50000001	0.956905	0.98668	3
10	51000001	0.738819	0.98668	3
10	52000001	0.986867	0.98668	3
10	53000001	0.77747	0.98668	3
10	54000001	0.955141	0.98668	3
10	55000001	0.883927	0.98668	3
10	56000001	0.748904	0.98668	3
10	57000001	1.16497	0.98668	3
10	58000001	1.26164	0.98668	3
10	59000001	1.10193	0.98668	3
10	60000001	1.03503	0.98668	3
10	61000001	1.274	0.98668	3
10	62000001	1.34506	0.98668	3
10	63000001	1.29199	0.98668	3
10	64000001	1.18143	0.98668	3
10	65000001	1.11727	0.98668	3
10	66000001	1.10072	0.98668	3
10	67000001	1.29554	0.98668	3
10	68000001	0.96181	0.98668	3
10	69000001	1.05426	0.98668	3
10	70000001	1.06644	0.98668	3
10	71000001	0.979669	0.98668	3
10	72000001	1.24713	0.98668	3
10	73000001	0.981253	0.98668	3
10	74000001	1.22143	0.98668	3
10	75000001	1.10699	0.98668	3
10	76000001	0.963936	0.98668	3
10	77000001	0.90472	0.98668	3
10	78000001	1.00692	0.98668	3
10	79000001	0.784717	0.98668	3
10	80000001	0.792823	0.98668	3
10	81000001	0.996118	0.98668	3
10	82000001	1.25796	0.98668	3
10	83000001	1.36611	0.98668	3
10	84000001	1.21331	0.98668	3
10	85000001	0.795084	0.98668	3
10	86000001	0.685719	0.98668	3
10	87000001	0.824594	0.98668	3
10	88000001	0.919612	0.98668	3
10	89000001	1.00791	0.98668	3
10	90000001	1.2289	0.98668	3
10	91000001	1.26127	0.98668	3
10	92000001	0.998223	0.98668	3
10	93000001	1.46848	0.98668	3
10	94000001	1.19872	0.98668	3
10	95000001	1.14186	0.98668	3
10	96000001	1.30024	0.98668	3
10	97000001	0.76294	0.98668	3
10	98000001	0.738	0.98668	3
10	99000001	0.638081	0.98668	3
10	100000001	0.827059	0.98668	3
10	101000001	0.998727	0.98668	3
10	102000001	0.676698	0.98668	3
10	103000001	0.774025	0.98668	3
10	104000001	0.980529	0.98668	3
10	105000001	1.16677	0.98668	3
10	106000001	1.1376	0.98668	3
10	107000001	1.43278	0.98668	3
10	108000001	1.24599	0.98668	3
10	109000001	1.10317	0.98668	3
10	110000001	1.08309	0.98668	3
10	111000001	1.00746	0.98668	3
10	112000001	0.920495	0.98668	3
10	113000001	0.690666	0.98668	3
10	114000001	0.793768	0.98668	3
10	115000001	0.849483	0.98668	3
10	116000001	1.01168	0.98668	3
10	117000001	1.02182	0.98668	3
10	118000001	1.10568	0.98668	3
10	119000001	1.00759	0.98668	3
10	120000001	0.969199	0.98668	3
10	121000001	0.755098	0.98668	3
10	122000001	0.639759	0.98668	3
10	123000001	0.809947	0.98668	3
10	124000001	0.729231	0.98668	3
10	125000001	0.78737	0.98668	3
10	126000001	1.13689	0.98668	3
10	127000001	0.750149	0.98668	3
10	128000001	0.78077	0.98668	3
10	129000001	0.777952	0.98668	3
10	130000001	0.650082	0.98668	3
10	131000001	0.774345	0.98668	3
10	132000001	0.726492	0.98668	3
10	133000001	1.22059	0.98668	3
11	1	0.766249	0.85676	3
11	1000001	0.85676	0.85676	3
11	2000001	1.06829	0.85676	3
11	3000001	1.19372	1.30695	4
11	4000001	1.29929	1.30695	4
11	5000001	1.43372	1.30695	4
11	6000001	1.31461	1.30695	4
11	7000001	1.36159	1.30695	4
11	8000001	1.23596	1.30695	4
11	9000001	0.974644	1.30695	4
11	10000001	1.50603	1.30695	4
11	11000001	2.03387	1.99875	6
11	12000001	1.7978	1.99875	6
11	13000001	2.23482	1.99875	6
11	14000001	1.96362	1.99875	6
11	15000001	1.62004	1.65844	5
11	16000001	1.10508	1.65844	5
11	17000001	1.26284	1.65844	5
11	18000001	1.33675	1.65844	5
11	19000001	1.85765	1.65844	5
11	20000001	1.72667	1.65844	5
11	21000001	1.60452	1.65844	5
11	22000001	1.72999	1.65844	5
11	23000001	1.50428	1.65844	5
11	24000001	1.89476	1.65844	5
11	25000001	1.4377	1.65844	5
11	26000001	1.69684	1.65844	5
11	27000001	1.72828	1.65844	5
11	28000001	1.91419	1.65844	5
11	29000001	1.07283	1.3221	4
11	30000001	1.32742	1.3221	4
11	31000001	1.62398	1.3221	4
11	32000001	1.19807	1.3221	4
11	33000001	1.35016	1.3221	4
11	34000001	1.47012	1.3221	4
11	35000001	1.18079	1.3221	4
11	36000001	1.31298	1.3221	4
11	37000001	1.19626	1.3221	4
11	38000001	1.41461	1.3221	4
11	39000001	1.20751	1.3221	4
11	40000001	1.13732	1.3221	4
11	41000001	1.56688	1.3221	4
11	42000001	1.40278	1.3221	4
11	43000001	1.46343	1.3221	4
11	44000001	1.13122	1.3221	4
11	45000001	1.36862	1.3221	4
11	46000001	1.31679	1.3221	4
11	47000001	1.02836	1.09211	3
11	48000001	1.34017	1.09211	3
11	49000001	1.26212	1.09211	3
11	50000001	1.10451	1.09211	3
11	51000001	1.167	1.09211	3
11	52000001	0.734182	1.09211	3
11	53000001	0.57457	1.09211	3
11	54000001	1.07971	1.09211	3
11	55000001	1.26662	1.40371	4
11	56000001	1.51665	1.40371	4
11	57000001	1.40371	1.40371	4
11	58000001	1.32173	1.40371	4
11	59000001	1.62157	1.40371	4
11	60000001	1.60914	1.40371	4
11	61000001	1.13839	1.40371	4
11	62000001	1.12518	1.40371	4
11	63000001	1.42531	1.40371	4
11	64000001	0.930653	0.979571	3
11	65000001	0.979571	0.979571	3
11	66000001	0.911156	0.979571	3
11	67000001	0.990678	0.979571	3
11	68000001	1.26464	0.979571	3
11	69000001	0.923747	0.979571	3
11	70000001	0.910137	0.979571	3
11	71000001	1.05277	0.979571	3
11	72000001	1.04576	0.979571	3
11	73000001	1.20102	1.19986	4
11	74000001	1.65512	1.19986	4
11	75000001	1.16049	1.19986	4
11	76000001	0.964571	1.19986	4
11	77000001	0.945859	1.19986	4
11	78000001	1.40541	1.19986	4
11	79000001	1.19986	1.19986	4
11	80000001	1.56083	1.65031	5
11	81000001	1.71997	1.65031	5
11	82000001	1.62211	1.65031	5
11	83000001	1.84207	1.65031	5
11	84000001	1.70927	1.65031	5
11	85000001	1.42868	1.65031	5
11	86000001	1.65031	1.65031	5
11	87000001	1.36345	1.65031	5
11	88000001	1.65472	1.65031	5
11	89000001	1.15167	1.17702	4
11	90000001	1.17702	1.17702	4
11	91000001	1.07214	1.17702	4
11	92000001	1.09683	1.17702	4
11	93000001	1.27112	1.17702	4
11	94000001	1.30704	1.17702	4
11	95000001	1.96681	1.17702	4
11	96000001	0.88908	1.17702	4
11	97000001	1.77366	1.17702	4
11	98000001	1.15967	1.17702	4
11	99000001	0.976217	1.17702	4
11	100000001	1.19879	1.17702	4
11	101000001	1.24822	1.17702	4
11	102000001	1.09875	1.17702	4
11	103000001	1.38352	1.17702	4
11	104000001	2.02517	1.71208	5
11	105000001	1.83795	1.71208	5
11	106000001	1.9165	1.71208	5
11	107000001	1.42928	1.71208	5
11	108000001	1.54566	1.71208	5
11	109000001	1.33124	1.71208	5
11	110000001	1.71208	1.71208	5
11	111000001	1.23701	1.33814	4
11	112000001	1.59496	1.33814	4
11	113000001	1.36631	1.33814	4
11	114000001	1.49116	1.33814	4
11	115000001	1.48715	1.33814	4
11	116000001	1.42959	1.33814	4
11	117000001	1.25383	1.33814	4
11	118000001	1.33814	1.33814	4
11	119000001	1.08018	1.33814	4
11	120000001	1.08359	1.33814	4
11	121000001	1.1888	1.33814	4
11	122000001	0.974065	1.33814	4
11	123000001	1.38536	1.33814	4
11	124000001	1.48984	1.33814	4
11	125000001	1.40034	1.33814	4
11	126000001	0.94351	1.33814	4
11	127000001	1.66324	1.33814	4
11	128000001	1.57683	1.33814	4
11	129000001	1.22183	1.33814	4
11	130000001	1.14992	1.33814	4
11	131000001	1.45397	1.33814	4
11	132000001	1.24261	1.33814	4
11	133000001	0.944151	1.33814	4
11	134000001	0.880557	1.33814	4
11	135000001	1.81694	1.33814	4
12	1	0.780403	0.898302	3
12	1000001	1.18308	0.898302	3
12	2000001	0.968798	0.898302	3
12	3000001	0.865732	0.898302	3
12	4000001	0.673807	0.898302	3
12	5000001	0.911159	0.898302	3
12	6000001	0.687223	0.898302	3
12	7000001	0.871137	0.898302	3
12	8000001	0.752821	0.898302	3
12	9000001	1.15023	0.898302	3
12	10000001	0.898983	0.898302	3
12	11000001	1.11572	0.898302	3
12	12000001	0.853058	0.898302	3
12	13000001	0.922568	0.898302	3
12	14000001	0.69424	0.898302	3
12	15000001	1.01858	0.898302	3
12	16000001	0.944754	0.898302	3
12	17000001	0.736461	0.898302	3
12	18000001	0.860981	0.898302	3
12	19000001	0.877326	0.898302	3
12	20000001	0.788057	0.898302	3
12	21000001	0.851368	0.898302	3
12	22000001	0.68038	0.898302	3
12	23000001	1.46838	0.898302	3
12	24000001	0.922144	0.898302	3
12	25000001	1.24497	0.898302	3
12	26000001	0.897622	0.898302	3
12	27000001	0.862319	0.898302	3
12	28000001	0.649672	0.898302	3
12	29000001	1.0623	0.898302	3
12	30000001	0.725137	0.898302	3
12	31000001	0.87378	0.898302	3
12	32000001	1.24237	0.898302	3
12	33000001	0.845472	0.898302	3
12	34000001	0.633849	0.898302	3
12	35000001	1.44341	0.898302	3
12	36000001	0.851104	0.898302	3
12	37000001	0.624434	0.898302	3
12	38000001	0.816042	0.898302	3
12	39000001	1.20017	0.898302	3
12	40000001	1.20203	0.898302	3
12	41000001	0.819407	0.898302	3
12	42000001	1.07533	0.898302	3
12	43000001	1.43745	0.898302	3
12	44000001	0.783381	0.898302	3
12	45000001	0.970222	0.898302	3
12	46000001	0.923386	0.898302	3
12	47000001	1.04109	0.898302	3
12	48000001	1.10825	0.898302	3
12	49000001	0.910404	0.898302	3
12	50000001	1.08911	0.898302	3
12	51000001	1.03795	0.898302	3
12	52000001	0.78329	0.898302	3
12	53000001	0.940401	0.898302	3
12	54000001	1.28814	0.898302	3
12	55000001	1.00329	0.898302	3
12	56000001	0.862678	0.898302	3
12	57000001	0.688979	0.898302	3
12	58000001	1.0872	0.898302	3
12	59000001	0.788446	0.898302	3
12	60000001	0.786252	0.898302	3
12	61000001	0.856206	0.898302	3
12	62000001	0.848167	0.898302	3
12	63000001	1.01523	0.898302	3
12	64000001	0.735429	0.898302	3
12	65000001	1.22726	0.898302	3
12	66000001	1.19929	0.898302	3
12	67000001	1.00137	0.898302	3
12	68000001	1.26876	0.898302	3
12	69000001	0.867934	0.898302	3
12	70000001	1.56895	1.38925	4
12	71000001	1.39361	1.38925	4
12	72000001	1.3849	1.38925	4
12	73000001	1.17078	1.38925	4
12	74000001	0.925912	0.895763	3
12	75000001	0.903532	0.895763	3
12	76000001	0.605108	0.895763	3
12	77000001	0.887994	0.895763	3
12	78000001	1.15397	1.40357	4
12	79000001	1.19111	1.40357	4
12	80000001	1.51266	1.40357	4
12	81000001	1.6858	1.40357	4
12	82000001	0.954011	1.40357	4
12	83000001	0.965397	1.40357	4
12	84000001	1.49569	1.40357	4
12	85000001	1.36068	1.40357	4
12	86000001	1.57955	1.40357	4
12	87000001	1.20852	1.40357	4
12	88000001	1.40357	1.40357	4
12	89000001	1.93252	1.40357	4
12	90000001	1.18214	1.40357	4
12	91000001	2.13602	1.40357	4
12	92000001	1.56448	1.40357	4
12	93000001	1.37273	1.40357	4
12	94000001	1.43829	1.40357	4
12	95000001	1.06093	1.03795	3
12	96000001	1.02933	1.03795	3
12	97000001	1.34191	1.03795	3
12	98000001	1.0814	1.03795	3
12	99000001	1.14042	1.03795	3
12	100000001	1.03387	1.03795	3
12	101000001	0.842744	1.03795	3
12	102000001	1.08318	1.03795	3
12	103000001	1.23126	1.03795	3
12	104000001	1.17773	1.03795	3
12	105000001	1.23937	1.03795	3
12	106000001	1.28348	1.03795	3
12	107000001	1.20466	1.03795	3
12	108000001	0.957368	1.03795	3
12	109000001	0.949406	1.03795	3
12	110000001	1.03485	1.03795	3
12	111000001	1.01441	1.03795	3
12	112000001	1.15134	1.03795	3
12	113000001	0.955009	1.03795	3
12	114000001	1.36264	1.03795	3
12	115000001	1.14888	1.03795	3
12	116000001	1.66724	1.03795	3
12	117000001	1.00105	1.03795	3
12	118000001	1.03795	1.03795	3
12	119000001	1.26535	1.03795	3
12	120000001	0.832613	1.03795	3
12	121000001	0.887203	1.03795	3
12	122000001	0.964282	1.03795	3
12	123000001	1.03603	1.03795	3
12	124000001	0.825981	1.03795	3
12	125000001	1.52055	1.03795	3
12	126000001	1.51237	1.03795	3
12	127000001	1.38345	1.03795	3
12	128000001	0.912621	1.03795	3
12	129000001	1.00874	1.03795	3
12	130000001	1.11103	1.03795	3
12	131000001	0.98122	1.03795	3
12	132000001	0.811295	1.03795	3
12	133000001	0.807737	1.03795	3
13	1	-1	-1	3
13	1000001	-1	-1	3
13	2000001	-1	-1	3
13	3000001	-1	-1	3
13	4000001	-1	-1	3
13	5000001	-1	-1	3
13	6000001	-1	-1	3
13	7000001	-1	-1	3
13	8000001	-1	-1	3
13	9000001	-1	-1	3
13	10000001	-1	-1	3
13	11000001	-1	-1	3
13	12000001	-1	-1	3
13	13000001	-1	-1	3
13	14000001	-1	-1	3
13	15000001	-1	-1	3
13	16000001	0.597529	1.06901	3
13	17000001	1.11174	1.06901	3
13	18000001	0.720193	1.06901	3
13	19000001	0.854517	1.06901	3
13	20000001	0.761846	1.06901	3
13	21000001	0.762017	1.06901	3
13	22000001	0.664695	1.06901	3
13	23000001	0.923298	1.06901	3
13	24000001	0.801953	1.06901	3
13	25000001	1.3081	1.06901	3
13	26000001	1.08932	1.06901	3
13	27000001	0.915179	1.06901	3
13	28000001	0.943458	1.06901	3
13	29000001	0.741224	1.06901	3
13	30000001	0.92066	1.06901	3
13	31000001	0.8145	1.06901	3
13	32000001	1.18722	1.06901	3
13	33000001	1.06901	1.06901	3
13	34000001	1.20053	1.06901	3
13	35000001	1.167	1.06901	3
13	36000001	1.0543	1.06901	3
13	37000001	1.12783	1.06901	3
13	38000001	1.17247	1.06901	3
13	39000001	1.35178	1.06901	3
13	40000001	1.22839	1.06901	3
13	41000001	1.07599	1.06901	3
13	42000001	1.37101	1.06901	3
13	43000001	0.867825	1.06901	3
13	44000001	0.966928	1.06901	3
13	45000001	0.947739	1.06901	3
13	46000001	1.17946	1.06901	3
13	47000001	1.24499	1.06901	3
13	48000001	1.09649	1.06901	3
13	49000001	1.02239	1.06901	3
13	50000001	0.691384	1.06901	3
13	51000001	0.912448	1.06901	3
13	52000001	1.14882	1.06901	3
13	53000001	1.02897	1.06901	3
13	54000001	1.01673	1.06901	3
13	55000001	0.949281	1.06901	3
13	56000001	0.888999	1.06901	3
13	57000001	1.04918	1.06901	3
13	58000001	1.2847	1.06901	3
13	59000001	1.58541	1.06901	3
13	60000001	1.45037	1.06901	3
13	61000001	1.47305	1.06901	3
13	62000001	1.17179	1.06901	3
13	63000001	1.1339	1.06901	3
13	64000001	0.927539	1.06901	3
13	65000001	1.10127	1.06901	3
13	66000001	1.24355	1.06901	3
13	67000001	1.07295	1.06901	3
13	68000001	1.13801	1.06901	3
13	69000001	1.45341	1.45341	4
13	70000001	1.36868	1.45341	4
13	71000001	1.60202	1.45341	4
13	72000001	1.74256	1.45341	4
13	73000001	1.76379	1.45341	4
13	74000001	1.64699	1.45341	4
13	75000001	1.41022	1.45341	4
13	76000001	1.09001	1.45341	4
13	77000001	1.5974	1.45341	4
13	78000001	1.67358	1.45341	4
13	79000001	1.35618	1.45341	4
13	80000001	1.87991	1.45341	4
13	81000001	1.98577	1.45341	4
13	82000001	1.81341	1.45341	4
13	83000001	1.74327	1.45341	4
13	84000001	0.916815	1.45341	4
13	85000001	0.848813	1.45341	4
13	86000001	0.992763	1.45341	4
13	87000001	1.29533	1.45341	4
13	88000001	1.28833	1.45341	4
13	89000001	1.33333	1.45341	4
13	90000001	1.98238	1.45341	4
13	91000001	2.12678	1.45341	4
13	92000001	2.11097	1.45341	4
13	93000001	1.33659	1.45341	4
13	94000001	1.19904	1.45341	4
13	95000001	1.26942	1.45341	4
13	96000001	1.57483	1.45341	4
13	97000001	1.33594	1.45341	4
13	98000001	0.770541	1.04256	3
13	99000001	0.675612	1.04256	3
13	100000001	1.03562	1.04256	3
13	101000001	1.29696	1.04256	3
13	102000001	1.2957	1.04256	3
13	103000001	1.28082	1.04256	3
13	104000001	1.43793	1.04256	3
13	105000001	0.902555	1.04256	3
13	106000001	1.24247	1.04256	3
13	107000001	1.70561	1.04256	3
13	108000001	1.56229	1.04256	3
13	109000001	1.11691	1.04256	3
13	110000001	1.04256	1.04256	3
13	111000001	0.947336	1.04256	3
13	112000001	0.736038	1.04256	3
13	113000001	0.935656	1.04256	3
13	114000001	0.669342	1.04256	3
14	1	-1	-1	3
14	1000001	-1	-1	3
14	2000001	-1	-1	3
14	3000001	-1	-1	3
14	4000001	-1	-1	3
14	5000001	-1	-1	3
14	6000001	-1	-1	3
14	7000001	-1	-1	3
14	8000001	-1	-1	3
14	9000001	-1	-1	3
14	10000001	-1	-1	3
14	11000001	-1	-1	3
14	12000001	-1	-1	3
14	13000001	-1	-1	3
14	14000001	-1	-1	3
14	15000001	-1	-1	3
14	16000001	1.0088	1.03107	3
14	17000001	1.05335	1.03107	3
14	18000001	0.851801	1.03107	3
14	19000001	1.19782	1.03107	3
14	20000001	0.528392	0.677072	2
14	21000001	0.556386	0.677072	2
14	22000001	0.777301	0.677072	2
14	23000001	0.610795	0.677072	2
14	24000001	0.733086	0.677072	2
14	25000001	0.621059	0.677072	2
14	26000001	0.984107	0.677072	2
14	27000001	1.09389	0.677072	2
14	28000001	0.613632	0.677072	2
14	29000001	0.931334	0.677072	2
14	30000001	0.610151	0.489232	1
14	31000001	0.383367	0.489232	1
14	32000001	0.421578	0.489232	1
14	33000001	0.518865	0.489232	1
14	34000001	0.489232	0.489232	1
14	35000001	0.468132	0.489232	1
14	36000001	0.64283	0.489232	1
14	37000001	1.10113	1.087	3
14	38000001	1.10339	1.087	3
14	39000001	0.796622	1.087	3
14	40000001	1.07287	1.087	3
14	41000001	0.688891	0.57501	2
14	42000001	0.72897	0.57501	2
14	43000001	0.43396	0.57501	2
14	44000001	0.41539	0.57501	2
14	45000001	0.547593	0.57501	2
14	46000001	0.682671	0.57501	2
14	47000001	0.57501	0.57501	2
14	48000001	0.728224	0.828217	2
14	49000001	0.738287	0.828217	2
14	50000001	0.867988	0.828217	2
14	51000001	0.840925	0.828217	2
14	52000001	0.749072	0.828217	2
14	53000001	0.741808	0.828217	2
14	54000001	1.00239	0.828217	2
14	55000001	0.85631	0.828217	2
14	56000001	0.815509	0.828217	2
14	57000001	0.885132	0.828217	2
14	58000001	1.05857	0.828217	2
14	59000001	0.804575	0.828217	2
14	60000001	1.37664	1.24643	4
14	61000001	0.908597	1.24643	4
14	62000001	1.35899	1.24643	4
14	63000001	0.977112	1.24643	4
14	64000001	0.745949	1.24643	4
14	65000001	1.22867	1.24643	4
14	66000001	1.35063	1.24643	4
14	67000001	1.24643	1.24643	4
14	68000001	1.26532	1.24643	4
14	69000001	1.25479	1.24643	4
14	70000001	1.16278	1.24643	4
14	71000001	1.01565	1.02648	3
14	72000001	0.862419	1.02648	3
14	73000001	0.794603	1.02648	3
14	74000001	0.988986	1.02648	3
14	75000001	1.22115	1.02648	3
14	76000001	0.796432	1.02648	3
14	77000001	0.935253	1.02648	3
14	78000001	1.50676	1.02648	3
14	79000001	1.02648	1.02648	3
14	80000001	1.09543	1.02648	3
14	81000001	1.00005	1.02648	3
14	82000001	0.99014	1.02648	3
14	83000001	1.29379	1.02648	3
14	84000001	1.05622	1.02648	3
14	85000001	1.21264	1.02648	3
14	86000001	1.19702	1.02648	3
14	87000001	1.1792	1.02648	3
14	88000001	0.741916	0.71841	2
14	89000001	0.690029	0.71841	2
14	90000001	0.71841	0.71841	2
14	91000001	0.938524	0.71841	2
14	92000001	0.761013	0.71841	2
14	93000001	0.612481	0.71841	2
14	94000001	0.664097	0.71841	2
14	95000001	1.00221	1.13977	3
14	96000001	1.18975	1.13977	3
14	97000001	1.17198	1.13977	3
14	98000001	1.10757	1.13977	3
14	99000001	0.821958	0.797017	2
14	100000001	0.647394	0.797017	2
14	101000001	0.743972	0.797017	2
14	102000001	0.964531	0.797017	2
14	103000001	0.817114	0.797017	2
14	104000001	0.802959	0.797017	2
14	105000001	0.533066	0.797017	2
14	106000001	0.791076	0.797017	2
14	107000001	-1	-1	2
15	1	-1	-1	2
15	1000001	-1	-1	2
15	2000001	-1	-1	2
15	3000001	-1	-1	2
15	4000001	-1	-1	2
15	5000001	-1	-1	2
15	6000001	-1	-1	2
15	7000001	-1	-1	2
15	8000001	-1	-1	2
15	9000001	-1	-1	2
15	10000001	-1	-1	2
15	11000001	-1	-1	2
15	12000001	-1	-1	2
15	13000001	-1	-1	2
15	14000001	-1	-1	2
15	15000001	-1	-1	2
15	16000001	-1	-1	2
15	17000001	1.22061	0.62186	2
15	18000001	0.561264	0.62186	2
15	19000001	0.548948	0.62186	2
15	20000001	0.62186	0.62186	2
15	21000001	0.583764	0.62186	2
15	22000001	0.639002	0.62186	2
15	23000001	0.539122	0.62186	2
15	24000001	0.6823	0.62186	2
15	25000001	0.739908	0.62186	2
15	26000001	0.879688	0.857499	3
15	27000001	0.95668	0.857499	3
15	28000001	0.810367	0.857499	3
15	29000001	0.74715	0.857499	3
15	30000001	0.775931	0.857499	3
15	31000001	0.857499	0.857499	3
15	32000001	0.91557	0.857499	3
15	33000001	1.23227	1.1455	3
15	34000001	0.849461	1.1455	3
15	35000001	1.33535	1.1455	3
15	36000001	1.44563	1.1455	3
15	37000001	1.18444	1.1455	3
15	38000001	1.01383	1.1455	3
15	39000001	1.19712	1.1455	3
15	40000001	0.920475	1.1455	3
15	41000001	0.659342	1.1455	3
15	42000001	0.876773	1.1455	3
15	43000001	1.18143	1.1455	3
15	44000001	1.60345	1.1455	3
15	45000001	1.1455	1.1455	3
15	46000001	1.13429	1.1455	3
15	47000001	1.02579	1.1455	3
15	48000001	0.945918	1.1455	3
15	49000001	1.19548	1.1455	3
15	50000001	0.997485	1.1455	3
15	51000001	1.17093	1.1455	3
15	52000001	1.65165	1.32169	4
15	53000001	1.16588	1.32169	4
15	54000001	1.33223	1.32169	4
15	55000001	0.972872	1.32169	4
15	56000001	1.42869	1.32169	4
15	57000001	1.69875	1.32169	4
15	58000001	1.31115	1.32169	4
15	59000001	1.24339	1.32169	4
15	60000001	1.65005	1.32169	4
15	61000001	1.47367	1.32169	4
15	62000001	1.19835	1.32169	4
15	63000001	1.57759	1.32169	4
15	64000001	1.19119	1.32169	4
15	65000001	1.25417	1.32169	4
15	66000001	1.1784	1.32169	4
15	67000001	1.46964	1.32169	4
15	68000001	1.07839	1.10847	3
15	69000001	1.09118	1.10847	3
15	70000001	1.07133	1.10847	3
15	71000001	1.38346	1.10847	3
15	72000001	1.1805	1.10847	3
15	73000001	1.00228	1.10847	3
15	74000001	0.785473	1.10847	3
15	75000001	1.00904	1.10847	3
15	76000001	1.54389	1.10847	3
15	77000001	0.933088	1.10847	3
15	78000001	0.860224	1.10847	3
15	79000001	1.39379	1.10847	3
15	80000001	1.10319	1.10847	3
15	81000001	1.16856	1.10847	3
15	82000001	1.20821	1.10847	3
15	83000001	1.5347	1.10847	3
15	84000001	0.987271	1.10847	3
15	85000001	1.24838	1.10847	3
15	86000001	1.3986	1.10847	3
15	87000001	1.49947	1.10847	3
15	88000001	0.900669	1.10847	3
15	89000001	0.939991	1.10847	3
15	90000001	1.05938	1.10847	3
15	91000001	1.42193	1.10847	3
15	92000001	1.15044	1.10847	3
15	93000001	1.11375	1.10847	3
15	94000001	1.09187	1.10847	3
15	95000001	1.48577	1.10847	3
15	96000001	1.11838	1.10847	3
15	97000001	0.961917	1.10847	3
15	98000001	0.740991	0.638392	2
15	99000001	0.696733	0.638392	2
15	100000001	0.505741	0.638392	2
15	101000001	0.580051	0.638392	2
16	1	0.718386	0.759118	2
16	1000001	0.890434	0.759118	2
16	2000001	0.628873	0.759118	2
16	3000001	0.759118	0.759118	2
16	4000001	0.881328	0.759118	2
16	5000001	1.00387	0.999059	3
16	6000001	0.99425	0.999059	3
16	7000001	1.31435	1.28211	4
16	8000001	1.43764	1.28211	4
16	9000001	1.46055	1.28211	4
16	10000001	1.19497	1.28211	4
16	11000001	1.31892	1.28211	4
16	12000001	1.2934	1.28211	4
16	13000001	1.48969	1.28211	4
16	14000001	1.20399	1.28211	4
16	15000001	1.46174	1.28211	4
16	16000001	1.17229	1.28211	4
16	17000001	1.52886	1.28211	4
16	18000001	1.25213	1.28211	4
16	19000001	1.08047	1.28211	4
16	20000001	1.39131	1.28211	4
16	21000001	1.06638	1.28211	4
16	22000001	1.22783	1.28211	4
16	23000001	1.25889	1.28211	4
16	24000001	1.27082	1.28211	4
16	25000001	1.16444	1.28211	4
16	26000001	1.32436	1.28211	4
16	27000001	0.809891	0.843214	3
16	28000001	0.964897	0.843214	3
16	29000001	0.843214	0.843214	3
16	30000001	0.934286	0.843214	3
16	31000001	0.863241	0.843214	3
16	32000001	0.726302	0.843214	3
16	33000001	0.818102	0.843214	3
16	34000001	2.52391	2.52391	8
16	35000001	1.0607	1.05321	3
16	36000001	1.21583	1.05321	3
16	37000001	1.04572	1.05321	3
16	38000001	0.916414	1.05321	3
16	39000001	-1	-1	3
16	40000001	-1	-1	3
16	41000001	-1	-1	3
16	42000001	-1	-1	3
16	43000001	-1	-1	3
16	44000001	-1	-1	3
16	45000001	-1	-1	3
16	46000001	5.58092	5.58092	17
16	47000001	1.32896	1.20756	4
16	48000001	1.15091	1.20756	4
16	49000001	0.879679	1.20756	4
16	50000001	1.00017	1.20756	4
16	51000001	1.45809	1.20756	4
16	52000001	1.51416	1.20756	4
16	53000001	1.22378	1.20756	4
16	54000001	1.23529	1.20756	4
16	55000001	1.22491	1.20756	4
16	56000001	1.19134	1.20756	4
16	57000001	0.820477	1.20756	4
16	58000001	1.17932	1.20756	4
16	59000001	1.34539	1.34539	4
16	60000001	1.29035	1.34539	4
16	61000001	1.8208	1.34539	4
16	62000001	1.31532	1.34539	4
16	63000001	1.42492	1.34539	4
16	64000001	1.58194	1.34539	4
16	65000001	1.29873	1.34539	4
16	66000001	0.938921	0.965854	3
16	67000001	0.823781	0.965854	3
16	68000001	0.981585	0.965854	3
16	69000001	0.98774	0.965854	3
16	70000001	0.787861	0.965854	3
16	71000001	1.24237	0.965854	3
16	72000001	0.965854	0.965854	3
16	73000001	0.957917	0.965854	3
16	74000001	1.06124	0.965854	3
16	75000001	1.14464	1.25401	4
16	76000001	1.51037	1.25401	4
16	77000001	1.24722	1.25401	4
16	78000001	0.984524	1.25401	4
16	79000001	1.27792	1.25401	4
16	80000001	1.26079	1.25401	4
16	81000001	1.27624	1.25401	4
16	82000001	1.1426	1.25401	4
16	83000001	1.28134	1.25401	4
16	84000001	1.43319	1.25401	4
16	85000001	1.11471	1.25401	4
16	86000001	1.16877	1.25401	4
16	87000001	0.93783	0.921679	3
16	88000001	1.05221	0.921679	3
16	89000001	0.688341	0.921679	3
16	90000001	0.905528	0.921679	3
17	1	0.6776	0.750112	2
17	1000001	0.64283	0.750112	2
17	2000001	0.865212	0.750112	2
17	3000001	0.629059	0.750112	2
17	4000001	0.673039	0.750112	2
17	5000001	0.79126	0.750112	2
17	6000001	0.872532	0.750112	2
17	7000001	0.737883	0.750112	2
17	8000001	0.762341	0.750112	2
17	9000001	0.845416	0.750112	2
17	10000001	0.802702	0.750112	2
17	11000001	0.73497	0.750112	2
17	12000001	1.01565	1.19389	4
17	13000001	1.30189	1.19389	4
17	14000001	1.24813	1.19389	4
17	15000001	1.0646	1.19389	4
17	16000001	1.19389	1.19389	4
17	17000001	0.708978	0.784482	2
17	18000001	0.707285	0.784482	2
17	19000001	0.865426	0.784482	2
17	20000001	0.859985	0.784482	2
17	21000001	1.80209	1.80209	5
17	22000001	0.81401	0.81401	2
17	23000001	0.610288	0.348147	1
17	24000001	0.206667	0.348147	1
17	25000001	0.348147	0.348147	1
17	26000001	2.2924	2.2924	7
17	27000001	1.24737	1.10776	3
17	28000001	1.05573	1.10776	3
17	29000001	1.20919	1.10776	3
17	30000001	0.969769	1.10776	3
17	31000001	0.947218	1.10776	3
17	32000001	1.35624	1.10776	3
17	33000001	1.19171	1.10776	3
17	34000001	1.32328	1.10776	3
17	35000001	1.40166	1.10776	3
17	36000001	1.0449	1.10776	3
17	37000001	1.29504	1.10776	3
17	38000001	1.00679	1.10776	3
17	39000001	0.984509	1.10776	3
17	40000001	1.07966	1.10776	3
17	41000001	1.24746	1.10776	3
17	42000001	1.2321	1.10776	3
17	43000001	1.1287	1.10776	3
17	44000001	1.07413	1.10776	3
17	45000001	0.943754	1.10776	3
17	46000001	1.04434	1.10776	3
17	47000001	1.257	1.10776	3
17	48000001	1.10309	1.10776	3
17	49000001	0.965047	1.10776	3
17	50000001	0.857553	1.10776	3
17	51000001	1.11243	1.10776	3
17	52000001	1.2153	1.10776	3
17	53000001	1.18767	1.10776	3
17	54000001	0.95104	1.10776	3
17	55000001	1.46664	1.36263	4
17	56000001	1.68658	1.36263	4
17	57000001	1.27733	1.36263	4
17	58000001	1.23512	1.36263	4
17	59000001	1.36543	1.36263	4
17	60000001	1.08727	1.36263	4
17	61000001	1.35983	1.36263	4
17	62000001	1.45285	1.36263	4
17	63000001	1.45306	1.36263	4
17	64000001	1.04217	1.36263	4
17	65000001	1.4448	1.36263	4
17	66000001	1.30963	1.36263	4
17	67000001	1.02804	1.36263	4
17	68000001	1.0645	1.36263	4
17	69000001	1.40665	1.36263	4
17	70000001	1.43008	1.36263	4
17	71000001	0.827271	0.965195	3
17	72000001	0.965195	0.965195	3
17	73000001	0.913287	0.965195	3
17	74000001	0.942201	0.965195	3
17	75000001	0.884956	0.965195	3
17	76000001	1.00726	0.965195	3
17	77000001	1.28023	0.965195	3
17	78000001	1.21699	0.965195	3
17	79000001	0.826521	0.965195	3
17	80000001	0.994265	0.965195	3
17	81000001	1.43614	0.965195	3
17	82000001	0.935946	0.965195	3
17	83000001	1.24796	0.965195	3
18	1	1.86809	1.7214	5
18	1000001	1.57471	1.7214	5
18	2000001	1.07725	1.26392	4
18	3000001	1.31712	1.26392	4
18	4000001	1.18213	1.26392	4
18	5000001	1.26392	1.26392	4
18	6000001	1.31207	1.26392	4
18	7000001	1.29403	1.26392	4
18	8000001	0.90268	1.26392	4
18	9000001	1.33147	1.26392	4
18	10000001	1.02344	1.26392	4
18	11000001	0.667042	0.667042	2
18	12000001	0.887047	0.667042	2
18	13000001	0.663923	0.667042	2
18	14000001	0.578091	0.667042	2
18	15000001	1.08162	0.667042	2
18	16000001	1.9952	1.58769	5
18	17000001	1.58769	1.58769	5
18	18000001	1.29184	1.58769	5
18	19000001	0.855525	0.930179	3
18	20000001	0.618404	0.930179	3
18	21000001	0.693016	0.930179	3
18	22000001	1.02707	0.930179	3
18	23000001	0.898195	0.930179	3
18	24000001	0.829586	0.930179	3
18	25000001	1.09429	0.930179	3
18	26000001	0.793884	0.930179	3
18	27000001	1.11064	0.930179	3
18	28000001	1.01395	0.930179	3
18	29000001	0.747423	0.930179	3
18	30000001	0.914774	0.930179	3
18	31000001	1.04663	0.930179	3
18	32000001	0.980119	0.930179	3
18	33000001	1.10826	0.930179	3
18	34000001	0.695565	0.930179	3
18	35000001	0.875089	0.930179	3
18	36000001	0.709488	0.930179	3
18	37000001	0.945583	0.930179	3
18	38000001	1.06416	0.930179	3
18	39000001	1.14324	0.930179	3
18	40000001	1.14421	0.930179	3
18	41000001	0.881679	0.930179	3
18	42000001	1.17677	0.930179	3
18	43000001	0.791796	0.791796	2
18	44000001	0.660711	0.791796	2
18	45000001	0.696984	0.791796	2
18	46000001	0.873342	0.791796	2
18	47000001	0.885362	0.791796	2
18	48000001	0.479197	0.791796	2
18	49000001	0.912561	0.791796	2
18	50000001	0.708033	0.791796	2
18	51000001	0.861394	0.791796	2
18	52000001	1.05095	1.08437	3
18	53000001	1.10626	1.08437	3
18	54000001	0.93339	1.08437	3
18	55000001	1.50013	1.08437	3
18	56000001	1.53182	1.08437	3
18	57000001	1.06247	1.08437	3
18	58000001	0.848407	0.80111	2
18	59000001	0.779674	0.80111	2
18	60000001	0.822546	0.80111	2
18	61000001	0.898263	0.80111	2
18	62000001	0.496388	0.80111	2
18	63000001	0.735785	0.80111	2
18	64000001	1.30241	1.25747	4
18	65000001	1.22577	1.25747	4
18	66000001	0.703322	1.25747	4
18	67000001	1.50645	1.25747	4
18	68000001	1.28917	1.25747	4
18	69000001	1.30476	1.25747	4
18	70000001	0.894934	1.25747	4
18	71000001	1.1294	1.25747	4
18	72000001	0.704333	0.704333	2
18	73000001	1.04873	0.704333	2
18	74000001	0.503051	0.704333	2
18	75000001	0.738906	0.704333	2
18	76000001	0.492786	0.704333	2
18	77000001	0.841675	0.704333	2
18	78000001	0.613439	0.704333	2
18	79000001	0.39917	0.704333	2
18	80000001	0.724944	0.704333	2
19	1	0.737472	0.759229	2
19	1000001	0.767222	0.759229	2
19	2000001	1.04549	0.759229	2
19	3000001	0.750205	0.759229	2
19	4000001	0.80545	0.759229	2
19	5000001	0.880006	0.759229	2
19	6000001	0.726511	0.759229	2
19	7000001	0.726163	0.759229	2
19	8000001	0.91236	0.759229	2
19	9000001	0.739977	0.759229	2
19	10000001	0.8724	0.759229	2
19	11000001	0.857946	0.759229	2
19	12000001	0.704956	0.759229	2
19	13000001	0.86339	0.759229	2
19	14000001	0.743389	0.759229	2
19	15000001	0.751236	0.759229	2
19	16000001	1.40689	1.40689	4
19	17000001	0.785321	0.658957	2
19	18000001	0.658957	0.658957	2
19	19000001	0.654858	0.658957	2
19	20000001	0.482513	0.537673	2
19	21000001	0.628276	0.537673	2
19	22000001	0.35276	0.537673	2
19	23000001	0.592833	0.537673	2
19	24000001	0.812017	0.924825	3
19	25000001	1.03763	0.924825	3
19	26000001	0.663058	0.733687	2
19	27000001	0.778675	0.733687	2
19	28000001	0.737234	0.733687	2
19	29000001	0.799914	0.733687	2
19	30000001	0.782931	0.733687	2
19	31000001	0.529793	0.733687	2
19	32000001	0.743929	0.733687	2
19	33000001	0.723262	0.733687	2
19	34000001	0.878444	0.733687	2
19	35000001	0.658275	0.733687	2
19	36000001	0.732791	0.733687	2
19	37000001	0.646516	0.733687	2
19	38000001	0.717958	0.733687	2
19	39000001	0.688141	0.733687	2
19	40000001	0.838569	0.733687	2
19	41000001	0.65437	0.733687	2
19	42000001	0.834769	0.733687	2
19	43000001	0.627402	0.733687	2
19	44000001	0.736457	0.733687	2
19	45000001	0.601338	0.733687	2
19	46000001	0.812561	0.733687	2
19	47000001	0.734584	0.733687	2
19	48000001	0.807551	0.733687	2
19	49000001	0.688793	0.733687	2
19	50000001	0.709303	0.733687	2
19	51000001	0.849764	0.733687	2
19	52000001	0.585238	0.663677	2
19	53000001	0.62422	0.663677	2
19	54000001	0.818233	0.663677	2
19	55000001	0.692563	0.663677	2
19	56000001	0.663677	0.663677	2
19	57000001	0.585479	0.663677	2
19	58000001	0.722465	0.663677	2
2	1	0.867823	0.867823	3
2	1000001	0.693685	0.867823	3
2	2000001	0.843093	0.867823	3
2	3000001	0.78228	0.867823	3
2	4000001	0.949187	0.867823	3
2	5000001	0.825258	0.867823	3
2	6000001	0.877541	0.867823	3
2	7000001	0.740775	0.867823	3
2	8000001	0.696974	0.867823	3
2	9000001	0.823684	0.867823	3
2	10000001	0.81366	0.867823	3
2	11000001	1.01861	0.867823	3
2	12000001	1.04075	0.867823	3
2	13000001	0.875585	0.867823	3
2	14000001	1.12432	0.867823	3
2	15000001	0.687366	0.867823	3
2	16000001	0.6975	0.867823	3
2	17000001	0.9321	0.867823	3
2	18000001	0.865058	0.867823	3
2	19000001	0.43384	0.867823	3
2	20000001	0.593567	0.867823	3
2	21000001	0.527416	0.867823	3
2	22000001	0.744055	0.867823	3
2	23000001	0.904348	0.867823	3
2	24000001	0.946624	0.867823	3
2	25000001	0.877695	0.867823	3
2	26000001	0.959527	0.867823	3
2	27000001	0.884858	0.867823	3
2	28000001	0.777775	0.867823	3
2	29000001	0.697151	0.867823	3
2	30000001	0.778334	0.867823	3
2	31000001	1.08206	0.867823	3
2	32000001	0.852625	0.867823	3
2	33000001	1.20105	0.867823	3
2	34000001	1.4331	0.867823	3
2	35000001	1.11454	0.867823	3
2	36000001	0.864911	0.867823	3
2	37000001	0.947158	0.867823	3
2	38000001	0.948551	0.867823	3
2	39000001	1.02167	0.867823	3
2	40000001	0.946986	0.867823	3
2	41000001	0.849692	0.867823	3
2	42000001	0.425796	0.867823	3
2	43000001	0.834003	0.867823	3
2	44000001	0.696282	0.867823	3
2	45000001	0.830429	0.867823	3
2	46000001	0.911516	0.867823	3
2	47000001	0.95329	0.867823	3
2	48000001	0.742178	0.867823	3
2	49000001	0.88235	0.867823	3
2	50000001	0.575532	0.867823	3
2	51000001	0.772169	0.867823	3
2	52000001	1.11001	0.867823	3
2	53000001	0.643957	0.867823	3
2	54000001	1.02562	0.867823	3
2	55000001	0.997145	0.867823	3
2	56000001	0.715264	0.867823	3
2	57000001	0.92304	0.867823	3
2	58000001	0.868663	0.867823	3
2	59000001	0.975127	0.867823	3
2	60000001	0.74462	0.867823	3
2	61000001	0.655133	0.867823	3
2	62000001	0.697488	0.867823	3
2	63000001	0.670482	0.867823	3
2	64000001	0.828344	0.867823	3
2	65000001	0.901522	0.867823	3
2	66000001	0.900125	0.867823	3
2	67000001	0.950907	0.867823	3
2	68000001	0.941581	0.867823	3
2	69000001	1.02976	0.867823	3
2	70000001	0.897723	0.867823	3
2	71000001	0.781468	0.867823	3
2	72000001	0.959773	0.867823	3
2	73000001	0.847845	0.867823	3
2	74000001	0.744961	0.867823	3
2	75000001	0.648791	0.867823	3
2	76000001	0.997157	0.867823	3
2	77000001	1.06225	0.867823	3
2	78000001	0.891369	0.867823	3
2	79000001	1.20666	1.22027	4
2	80000001	1.19305	1.22027	4
2	81000001	1.39273	1.22027	4
2	82000001	1.19498	1.22027	4
2	83000001	1.23387	1.22027	4
2	84000001	1.25467	1.22027	4
2	85000001	0.906925	0.956068	3
2	86000001	1.01625	0.956068	3
2	87000001	0.695354	0.956068	3
2	88000001	1.00521	0.956068	3
2	89000001	3.23138	3.23138	10
2	90000001	1.12997	0.985381	3
2	91000001	0.750681	0.985381	3
2	92000001	0.94927	0.985381	3
2	93000001	0.603657	0.985381	3
2	94000001	0.951379	0.985381	3
2	95000001	1.08449	0.985381	3
2	96000001	0.856992	0.985381	3
2	97000001	0.886599	0.985381	3
2	98000001	0.801917	0.985381	3
2	99000001	1.08746	0.985381	3
2	100000001	0.678135	0.985381	3
2	101000001	0.784358	0.985381	3
2	102000001	1.26032	0.985381	3
2	103000001	1.07748	0.985381	3
2	104000001	1.0751	0.985381	3
2	105000001	1.07207	0.985381	3
2	106000001	0.83977	0.985381	3
2	107000001	1.0318	0.985381	3
2	108000001	1.21671	0.985381	3
2	109000001	0.985381	0.985381	3
2	110000001	0.92906	0.985381	3
2	111000001	1.18549	0.985381	3
2	112000001	1.05726	0.985381	3
2	113000001	0.919998	0.985381	3
2	114000001	0.98989	0.985381	3
2	115000001	1.10342	0.985381	3
2	116000001	0.871278	0.985381	3
2	117000001	0.849667	0.985381	3
2	118000001	0.995062	0.985381	3
2	119000001	1.37821	1.20247	4
2	120000001	1.20984	1.20247	4
2	121000001	1.42945	1.20247	4
2	122000001	1.26121	1.20247	4
2	123000001	1.36694	1.20247	4
2	124000001	1.47741	1.20247	4
2	125000001	1.20247	1.20247	4
2	126000001	1.07324	1.20247	4
2	127000001	0.959827	1.20247	4
2	128000001	1.08165	1.20247	4
2	129000001	1.08456	1.20247	4
2	130000001	0.80634	1.20247	4
2	131000001	1.09233	1.20247	4
2	132000001	1.16496	1.20247	4
2	133000001	1.23353	1.20247	4
2	134000001	1.14284	1.20247	4
2	135000001	1.26766	1.20247	4
2	136000001	1.17882	1.20247	4
2	137000001	1.47121	1.20247	4
2	138000001	1.64479	1.20247	4
2	139000001	0.999234	1.20247	4
2	140000001	1.56522	1.74084	5
2	141000001	1.91647	1.74084	5
2	142000001	1.55126	1.74084	5
2	143000001	2.12249	1.74084	5
2	144000001	1.00005	1.263	4
2	145000001	1.5708	1.263	4
2	146000001	1.27901	1.263	4
2	147000001	1.29897	1.263	4
2	148000001	1.47164	1.263	4
2	149000001	2.01926	1.263	4
2	150000001	1.24377	1.263	4
2	151000001	1.42711	1.263	4
2	152000001	1.26257	1.263	4
2	153000001	1.20459	1.263	4
2	154000001	1.14025	1.263	4
2	155000001	1.09962	1.263	4
2	156000001	1.20259	1.263	4
2	157000001	1.20951	1.263	4
2	158000001	0.832343	1.263	4
2	159000001	0.898709	1.263	4
2	160000001	1.29566	1.263	4
2	161000001	1.4741	1.263	4
2	162000001	1.54789	1.263	4
2	163000001	1.03084	1.263	4
2	164000001	1.42358	1.263	4
2	165000001	1.3565	1.263	4
2	166000001	1.23041	1.263	4
2	167000001	1.41588	1.263	4
2	168000001	1.33157	1.263	4
2	169000001	1.07797	1.263	4
2	170000001	1.38608	1.263	4
2	171000001	1.71532	1.263	4
2	172000001	1.7542	1.263	4
2	173000001	1.01331	1.263	4
2	174000001	1.03215	1.263	4
2	175000001	1.30721	1.263	4
2	176000001	1.26698	1.263	4
2	177000001	1.40994	1.263	4
2	178000001	1.5628	1.263	4
2	179000001	1.08891	1.263	4
2	180000001	1.01735	1.263	4
2	181000001	1.11683	1.263	4
2	182000001	1.50994	1.263	4
2	183000001	1.32599	1.263	4
2	184000001	1.32232	1.263	4
2	185000001	1.35136	1.263	4
2	186000001	1.15372	1.263	4
2	187000001	1.29022	1.263	4
2	188000001	1.11617	1.263	4
2	189000001	1.144	1.263	4
2	190000001	1.01755	1.263	4
2	191000001	1.10964	1.263	4
2	192000001	1.44491	1.263	4
2	193000001	1.45347	1.263	4
2	194000001	1.16547	1.263	4
2	195000001	1.21797	1.263	4
2	196000001	1.01006	1.263	4
2	197000001	1.21838	1.263	4
2	198000001	1.36855	1.263	4
2	199000001	1.04985	1.263	4
2	200000001	0.967698	1.263	4
2	201000001	1.13722	1.263	4
2	202000001	1.17145	1.263	4
2	203000001	1.15349	1.263	4
2	204000001	1.12672	1.263	4
2	205000001	0.960302	1.263	4
2	206000001	1.26344	1.263	4
2	207000001	1.36742	1.263	4
2	208000001	1.2653	1.263	4
2	209000001	1.25458	1.263	4
2	210000001	1.35289	1.263	4
2	211000001	1.73325	1.263	4
2	212000001	1.47661	1.263	4
2	213000001	0.937404	1.263	4
2	214000001	1.64822	1.263	4
2	215000001	1.39949	1.263	4
2	216000001	0.813631	0.813631	2
2	217000001	0.916058	0.813631	2
2	218000001	0.726752	0.813631	2
2	219000001	0.668054	0.813631	2
2	220000001	1.27435	0.813631	2
2	221000001	1.0563	0.813631	2
2	222000001	1.1099	0.813631	2
2	223000001	0.918008	0.813631	2
2	224000001	0.653306	0.813631	2
2	225000001	1.28511	0.813631	2
2	226000001	0.916859	0.813631	2
2	227000001	0.70447	0.813631	2
2	228000001	0.976223	0.813631	2
2	229000001	0.976725	0.813631	2
2	230000001	0.696222	0.813631	2
2	231000001	0.890985	0.813631	2
2	232000001	0.766901	0.813631	2
2	233000001	0.762582	0.813631	2
2	234000001	0.621385	0.813631	2
2	235000001	0.769663	0.813631	2
2	236000001	1.02714	0.813631	2
2	237000001	0.792543	0.813631	2
2	238000001	0.855416	0.813631	2
2	239000001	0.552587	0.813631	2
2	240000001	0.593018	0.813631	2
2	241000001	0.693068	0.813631	2
2	242000001	0.974138	0.813631	2
20	1	1.83931	1.83931	6
20	1000001	1.12065	1.07292	3
20	2000001	1.07292	1.07292	3
20	3000001	0.916374	1.07292	3
20	4000001	0.921255	1.07292	3
20	5000001	1.08262	1.07292	3
20	6000001	1.77317	1.77317	5
20	7000001	1.87404	1.77317	5
20	8000001	1.57641	1.77317	5
20	9000001	0.987632	1.32242	4
20	10000001	1.32242	1.32242	4
20	11000001	1.68746	1.32242	4
20	12000001	1.59367	1.32242	4
20	13000001	1.42031	1.32242	4
20	14000001	1.26314	1.32242	4
20	15000001	1.29094	1.32242	4
20	16000001	1.41557	1.32242	4
20	17000001	1.10026	1.32242	4
20	18000001	1.25637	1.32242	4
20	19000001	1.15476	1.32242	4
20	20000001	1.50165	1.32242	4
20	21000001	1.37451	1.32242	4
20	22000001	1.74719	1.32242	4
20	23000001	1.29525	1.32242	4
20	24000001	1.18512	1.32242	4
20	25000001	0.977106	1.32242	4
20	26000001	1.73046	1.32242	4
20	27000001	1.61197	1.32242	4
20	28000001	0.912196	0.912196	3
20	29000001	0.853317	0.912196	3
20	30000001	1.19424	0.912196	3
20	31000001	2.36375	2.36375	7
20	32000001	1.00791	1.00063	3
20	33000001	1.04557	1.00063	3
20	34000001	0.914461	1.00063	3
20	35000001	1.00063	1.00063	3
20	36000001	0.782818	1.00063	3
20	37000001	1.28591	1.1969	4
20	38000001	1.20493	1.1969	4
20	39000001	1.38783	1.1969	4
20	40000001	1.28715	1.1969	4
20	41000001	1.30811	1.1969	4
20	42000001	1.13491	1.1969	4
20	43000001	1.10608	1.1969	4
20	44000001	1.15419	1.1969	4
20	45000001	1.31284	1.1969	4
20	46000001	1.13172	1.1969	4
20	47000001	1.11955	1.1969	4
20	48000001	1.19756	1.1969	4
20	49000001	1.06847	1.1969	4
20	50000001	0.886604	1.1969	4
20	51000001	1.17081	1.1969	4
20	52000001	1.19624	1.1969	4
20	53000001	1.59166	1.1969	4
20	54000001	1.76511	1.1969	4
20	55000001	0.960907	0.912012	3
20	56000001	0.892081	0.912012	3
20	57000001	0.931943	0.912012	3
20	58000001	0.863311	0.912012	3
20	59000001	0.800094	0.912012	3
20	60000001	1.20861	0.912012	3
20	61000001	0.784817	0.779285	2
20	62000001	0.631971	0.779285	2
20	63000001	0.773753	0.779285	2
20	64000001	0.798089	0.779285	2
21	1	-1	-1	5
21	1000001	-1	-1	5
21	2000001	-1	-1	5
21	3000001	-1	-1	5
21	4000001	-1	-1	5
21	5000001	1.35985	1.57594	5
21	6000001	1.28819	1.57594	5
21	7000001	1.87876	1.57594	5
21	8000001	1.79203	1.57594	5
21	9000001	1.02704	1.3999	4
21	10000001	1.77275	1.3999	4
21	11000001	0.728248	0.96711	3
21	12000001	1.12319	0.96711	3
21	13000001	0.997102	0.96711	3
21	14000001	1.08113	0.96711	3
21	15000001	0.962244	0.96711	3
21	16000001	0.867534	0.96711	3
21	17000001	1.19412	0.96711	3
21	18000001	0.827826	0.96711	3
21	19000001	1.07227	0.96711	3
21	20000001	0.863863	0.96711	3
21	21000001	0.907171	0.96711	3
21	22000001	0.866074	0.96711	3
21	23000001	0.795218	0.96711	3
21	24000001	1.12206	0.96711	3
21	25000001	0.971976	0.96711	3
21	26000001	1.05043	0.96711	3
21	27000001	1.16352	1.18459	4
21	28000001	1.50384	1.18459	4
21	29000001	1.395	1.18459	4
21	30000001	1.10943	1.18459	4
21	31000001	0.886432	1.18459	4
21	32000001	1.02627	1.18459	4
21	33000001	1.20567	1.18459	4
21	34000001	1.34603	1.18459	4
21	35000001	1.55131	1.18459	4
21	36000001	1.01265	1.18459	4
21	37000001	1.2818	1.18459	4
21	38000001	1.32668	1.18459	4
21	39000001	1.3902	1.18459	4
21	40000001	1.14223	1.18459	4
21	41000001	0.984058	1.18459	4
21	42000001	1.27639	1.18459	4
21	43000001	1.29895	1.18459	4
21	44000001	1.07073	1.18459	4
21	45000001	0.932438	1.18459	4
21	46000001	1.00885	1.18459	4
22	1	-1	-1	3
22	1000001	-1	-1	3
22	2000001	-1	-1	3
22	3000001	-1	-1	3
22	4000001	-1	-1	3
22	5000001	-1	-1	3
22	6000001	-1	-1	3
22	7000001	-1	-1	3
22	8000001	-1	-1	3
22	9000001	-1	-1	3
22	10000001	1.33363	0.968257	3
22	11000001	0.968257	0.968257	3
22	12000001	1.16592	0.968257	3
22	13000001	0.676393	0.968257	3
22	14000001	1.13931	0.968257	3
22	15000001	0.901978	0.968257	3
22	16000001	1.49496	0.968257	3
22	17000001	0.87399	0.968257	3
22	18000001	0.736916	0.968257	3
22	19000001	1.84698	1.84698	6
22	20000001	2.46456	2.41827	7
22	21000001	2.37199	2.41827	7
22	22000001	2.75442	2.75442	8
22	23000001	1.53123	1.53123	5
22	24000001	0.556054	0.761594	2
22	25000001	0.74077	0.761594	2
22	26000001	0.880075	0.761594	2
22	27000001	0.761594	0.761594	2
22	28000001	0.744635	0.761594	2
22	29000001	0.647709	0.761594	2
22	30000001	0.603617	0.761594	2
22	31000001	0.654995	0.761594	2
22	32000001	0.771611	0.761594	2
22	33000001	1.01225	0.761594	2
22	34000001	0.792364	0.761594	2
22	35000001	0.861247	0.761594	2
22	36000001	0.855446	0.761594	2
22	37000001	0.609639	0.761594	2
22	38000001	0.634091	0.761594	2
22	39000001	0.610553	0.761594	2
22	40000001	0.888684	0.761594	2
22	41000001	0.77928	0.761594	2
22	42000001	0.854756	0.761594	2
22	43000001	0.897025	0.761594	2
22	44000001	0.695596	0.761594	2
22	45000001	1.05106	0.761594	2
22	46000001	0.769892	0.761594	2
22	47000001	0.698195	0.761594	2
22	48000001	0.618514	0.761594	2
22	49000001	0.558227	0.761594	2
22	50000001	0.79614	0.761594	2
3	1	1.45331	1.30716	4
3	1000001	1.1738	1.30716	4
3	2000001	1.54577	1.30716	4
3	3000001	1.41106	1.30716	4
3	4000001	1.24081	1.30716	4
3	5000001	1.74837	1.30716	4
3	6000001	1.7127	1.30716	4
3	7000001	1.36545	1.30716	4
3	8000001	1.35392	1.30716	4
3	9000001	1.22178	1.30716	4
3	10000001	1.30716	1.30716	4
3	11000001	0.844923	1.30716	4
3	12000001	1.33373	1.30716	4
3	13000001	1.04541	1.30716	4
3	14000001	1.12434	1.30716	4
3	15000001	1.31687	1.30716	4
3	16000001	1.26538	1.30716	4
3	17000001	1.16044	1.30716	4
3	18000001	0.986181	1.30716	4
3	19000001	1.30726	1.30716	4
3	20000001	1.10578	1.30716	4
3	21000001	2.15198	1.53241	5
3	22000001	1.63414	1.53241	5
3	23000001	1.43069	1.53241	5
3	24000001	1.42585	1.53241	5
3	25000001	1.16678	1.04771	3
3	26000001	1.06438	1.04771	3
3	27000001	1.27923	1.04771	3
3	28000001	1.28492	1.04771	3
3	29000001	1.04091	1.04771	3
3	30000001	1.01348	1.04771	3
3	31000001	1.15865	1.04771	3
3	32000001	0.814834	1.04771	3
3	33000001	0.991505	1.04771	3
3	34000001	0.818094	1.04771	3
3	35000001	1.09782	1.04771	3
3	36000001	0.962059	1.04771	3
3	37000001	1.20559	1.04771	3
3	38000001	0.914003	1.04771	3
3	39000001	0.9578	1.04771	3
3	40000001	0.953484	1.04771	3
3	41000001	1.19362	1.04771	3
3	42000001	0.984933	1.04771	3
3	43000001	1.11016	1.04771	3
3	44000001	1.04771	1.04771	3
3	45000001	1.28193	1.04771	3
3	46000001	1.30407	1.04771	3
3	47000001	1.02532	1.04771	3
3	48000001	0.62067	0.766178	2
3	49000001	0.781349	0.766178	2
3	50000001	0.577712	0.766178	2
3	51000001	0.619727	0.766178	2
3	52000001	0.713869	0.766178	2
3	53000001	0.61278	0.766178	2
3	54000001	0.934067	0.766178	2
3	55000001	1.12818	0.766178	2
3	56000001	0.795128	0.766178	2
3	57000001	1.12316	0.766178	2
3	58000001	0.66661	0.766178	2
3	59000001	1.2029	0.766178	2
3	60000001	1.14895	0.766178	2
3	61000001	0.648005	0.766178	2
3	62000001	0.728595	0.766178	2
3	63000001	1.11858	0.766178	2
3	64000001	0.618994	0.766178	2
3	65000001	0.934646	0.766178	2
3	66000001	0.942439	0.766178	2
3	67000001	0.77681	0.766178	2
3	68000001	0.740576	0.766178	2
3	69000001	0.773961	0.766178	2
3	70000001	0.776816	0.766178	2
3	71000001	0.758395	0.766178	2
3	72000001	0.601633	0.766178	2
3	73000001	0.802985	0.766178	2
3	74000001	0.721232	0.766178	2
3	75000001	0.855116	0.766178	2
3	76000001	1.20882	0.766178	2
3	77000001	0.801412	0.766178	2
3	78000001	0.912001	0.766178	2
3	79000001	0.676319	0.766178	2
3	80000001	0.542029	0.766178	2
3	81000001	0.710485	0.766178	2
3	82000001	0.509166	0.766178	2
3	83000001	0.618254	0.766178	2
3	84000001	0.432969	0.766178	2
3	85000001	0.485545	0.766178	2
3	86000001	0.502368	0.766178	2
3	87000001	0.511169	0.766178	2
3	88000001	0.497777	0.766178	2
3	89000001	0.899366	0.766178	2
3	90000001	0.941192	0.766178	2
3	91000001	0.803729	0.766178	2
3	92000001	0.783301	0.766178	2
3	93000001	0.651189	0.766178	2
3	94000001	0.830717	0.766178	2
3	95000001	1.16127	0.766178	2
3	96000001	0.634367	0.766178	2
3	97000001	0.947727	0.766178	2
3	98000001	0.528558	0.766178	2
3	99000001	0.654975	0.766178	2
3	100000001	0.597874	0.766178	2
3	101000001	0.868321	0.766178	2
3	102000001	0.851983	0.766178	2
3	103000001	1.26395	0.766178	2
3	104000001	0.788976	0.766178	2
3	105000001	1.08414	0.766178	2
3	106000001	0.996209	0.766178	2
3	107000001	0.9906	0.766178	2
3	108000001	1.26605	0.766178	2
3	109000001	1.15565	0.766178	2
3	110000001	0.918596	0.766178	2
3	111000001	1.10575	0.766178	2
3	112000001	1.25907	0.766178	2
3	113000001	0.968696	0.766178	2
3	114000001	0.788143	0.766178	2
3	115000001	0.9893	0.766178	2
3	116000001	0.735291	0.766178	2
3	117000001	0.753386	0.766178	2
3	118000001	0.907559	0.766178	2
3	119000001	0.84446	0.766178	2
3	120000001	0.575021	0.766178	2
3	121000001	0.639456	0.766178	2
3	122000001	0.650735	0.766178	2
3	123000001	0.596209	0.766178	2
3	124000001	0.740069	0.766178	2
3	125000001	0.677172	0.766178	2
3	126000001	0.493938	0.766178	2
3	127000001	0.557071	0.766178	2
3	128000001	0.598486	0.766178	2
3	129000001	0.65526	0.766178	2
3	130000001	0.716594	0.766178	2
3	131000001	0.77456	0.766178	2
3	132000001	0.854201	0.766178	2
3	133000001	0.65451	0.766178	2
3	134000001	0.542174	0.766178	2
3	135000001	0.597031	0.766178	2
3	136000001	0.734818	0.766178	2
3	137000001	0.630002	0.766178	2
3	138000001	0.609056	0.766178	2
3	139000001	0.833726	0.766178	2
3	140000001	0.784535	0.766178	2
3	141000001	0.801248	0.766178	2
3	142000001	1.02847	1.08116	3
3	143000001	0.965446	1.08116	3
3	144000001	1.09135	1.08116	3
3	145000001	1.11741	1.08116	3
3	146000001	1.19928	1.08116	3
3	147000001	1.16348	1.08116	3
3	148000001	0.750993	1.08116	3
3	149000001	0.776087	1.08116	3
3	150000001	1.1176	1.08116	3
3	151000001	1.08116	1.08116	3
3	152000001	0.95572	1.08116	3
3	153000001	0.863318	1.08116	3
3	154000001	1.24775	1.08116	3
3	155000001	0.885286	1.08116	3
3	156000001	1.15093	1.08116	3
3	157000001	1.13075	1.08116	3
3	158000001	1.11224	1.08116	3
3	159000001	1.32629	1.08116	3
3	160000001	1.10741	1.08116	3
3	161000001	0.609637	1.08116	3
3	162000001	0.946479	1.08116	3
3	163000001	0.846358	1.08116	3
3	164000001	0.611637	1.08116	3
3	165000001	0.7611	1.08116	3
3	166000001	1.05773	1.08116	3
3	167000001	1.12361	1.08116	3
3	168000001	1.33472	1.08116	3
3	169000001	0.731212	1.08116	3
3	170000001	0.995553	1.08116	3
3	171000001	0.993822	1.08116	3
3	172000001	1.15007	1.08116	3
3	173000001	1.32043	1.08116	3
3	174000001	1.33961	1.08116	3
3	175000001	1.44008	1.08116	3
3	176000001	0.920645	1.08116	3
3	177000001	0.921276	1.08116	3
3	178000001	1.31857	1.08116	3
3	179000001	1.09179	1.08116	3
3	180000001	0.956613	1.08116	3
3	181000001	0.830179	1.08116	3
3	182000001	1.43577	1.08116	3
3	183000001	1.19291	1.08116	3
3	184000001	0.86623	1.08116	3
3	185000001	1.17101	1.08116	3
3	186000001	1.17828	1.08116	3
3	187000001	0.793626	1.08116	3
3	188000001	0.977063	1.08116	3
3	189000001	1.10608	1.08116	3
3	190000001	0.97397	1.08116	3
3	191000001	1.87531	1.08116	3
3	192000001	1.47368	1.08116	3
3	193000001	1.52715	1.08116	3
3	194000001	1.05797	1.08116	3
3	195000001	1.07003	1.08116	3
3	196000001	0.767421	1.08116	3
3	197000001	0.945905	1.08116	3
3	198000001	1.66954	1.08116	3
4	1	0.929742	1.12712	3
4	1000001	0.831538	1.12712	3
4	2000001	1.14134	1.12712	3
4	3000001	0.863503	1.12712	3
4	4000001	1.12712	1.12712	3
4	5000001	0.963988	1.12712	3
4	6000001	1.15788	1.12712	3
4	7000001	1.17879	1.12712	3
4	8000001	1.01579	1.12712	3
4	9000001	1.34892	1.12712	3
4	10000001	1.57104	1.12712	3
4	11000001	1.42201	1.12712	3
4	12000001	0.963174	1.12712	3
4	13000001	1.48856	1.12712	3
4	14000001	1.03348	1.12712	3
4	15000001	1.79101	1.67449	5
4	16000001	1.9942	1.67449	5
4	17000001	1.11043	1.67449	5
4	18000001	1.3711	1.67449	5
4	19000001	1.86803	1.67449	5
4	20000001	1.76912	1.67449	5
4	21000001	1.97537	1.67449	5
4	22000001	1.63608	1.67449	5
4	23000001	1.50421	1.67449	5
4	24000001	1.4902	1.67449	5
4	25000001	1.1195	1.67449	5
4	26000001	1.69004	1.67449	5
4	27000001	2.12744	1.67449	5
4	28000001	1.6478	1.67449	5
4	29000001	1.66715	1.67449	5
4	30000001	1.71721	1.67449	5
4	31000001	2.02988	1.67449	5
4	32000001	1.48927	1.67449	5
4	33000001	1.46895	1.67449	5
4	34000001	2.25093	1.67449	5
4	35000001	1.82939	1.67449	5
4	36000001	2.02357	1.67449	5
4	37000001	1.36462	1.67449	5
4	38000001	1.14816	1.67449	5
4	39000001	1.95816	1.67449	5
4	40000001	1.22607	1.67449	5
4	41000001	1.5018	1.67449	5
4	42000001	1.90049	1.67449	5
4	43000001	1.61267	1.67449	5
4	44000001	1.82635	1.67449	5
4	45000001	1.68183	1.67449	5
4	46000001	1.85339	1.67449	5
4	47000001	1.34203	1.67449	5
4	48000001	1.36998	1.67449	5
4	49000001	4.05574	4.05574	12
4	50000001	1.52828	1.57455	5
4	51000001	1.15595	1.57455	5
4	52000001	1.47332	1.57455	5
4	53000001	1.70209	1.57455	5
4	54000001	1.84974	1.57455	5
4	55000001	2.2913	1.57455	5
4	56000001	2.15768	1.57455	5
4	57000001	1.46227	1.57455	5
4	58000001	1.75361	1.57455	5
4	59000001	1.75694	1.57455	5
4	60000001	2.15895	1.57455	5
4	61000001	1.88256	1.57455	5
4	62000001	1.28914	1.57455	5
4	63000001	1.28903	1.57455	5
4	64000001	1.71089	1.57455	5
4	65000001	1.52028	1.57455	5
4	66000001	1.36994	1.57455	5
4	67000001	1.60755	1.57455	5
4	68000001	1.26983	1.57455	5
4	69000001	1.63515	1.57455	5
4	70000001	1.37557	1.57455	5
4	71000001	1.6583	1.57455	5
4	72000001	1.57249	1.57455	5
4	73000001	1.67852	1.57455	5
4	74000001	2.00664	1.57455	5
4	75000001	1.21127	1.57455	5
4	76000001	1.64454	1.57455	5
4	77000001	1.598	1.57455	5
4	78000001	1.98043	1.57455	5
4	79000001	1.90765	1.57455	5
4	80000001	1.59009	1.57455	5
4	81000001	1.9305	1.57455	5
4	82000001	1.28946	1.57455	5
4	83000001	1.17825	1.57455	5
4	84000001	1.30857	1.57455	5
4	85000001	1.03128	1.57455	5
4	86000001	1.29675	1.57455	5
4	87000001	1.23102	1.57455	5
4	88000001	1.52005	1.57455	5
4	89000001	1.27105	1.57455	5
4	90000001	1.20319	1.57455	5
4	91000001	1.52856	1.57455	5
4	92000001	1.70547	1.57455	5
4	93000001	1.76231	1.57455	5
4	94000001	1.23442	1.57455	5
4	95000001	1.43783	1.57455	5
4	96000001	1.50908	1.57455	5
4	97000001	1.54208	1.57455	5
4	98000001	1.33801	1.57455	5
4	99000001	1.57455	1.57455	5
4	100000001	1.45234	1.57455	5
4	101000001	1.58808	1.57455	5
4	102000001	1.23561	1.57455	5
4	103000001	1.22835	1.57455	5
4	104000001	1.82867	1.57455	5
4	105000001	1.54592	1.57455	5
4	106000001	1.41176	1.57455	5
4	107000001	1.36898	1.57455	5
4	108000001	1.19903	1.57455	5
4	109000001	1.44378	1.57455	5
4	110000001	1.68549	1.57455	5
4	111000001	1.87648	1.57455	5
4	112000001	1.51221	1.57455	5
4	113000001	1.80022	1.57455	5
4	114000001	1.92908	1.57455	5
4	115000001	1.35472	1.57455	5
4	116000001	1.01021	1.57455	5
4	117000001	1.03636	1.57455	5
4	118000001	1.28604	1.57455	5
4	119000001	1.37533	1.57455	5
4	120000001	1.66792	1.57455	5
4	121000001	1.78865	1.57455	5
4	122000001	1.845	1.57455	5
4	123000001	1.78911	1.57455	5
4	124000001	1.6378	1.57455	5
4	125000001	1.54625	1.57455	5
4	126000001	2.01281	1.57455	5
4	127000001	1.68564	1.57455	5
4	128000001	1.42372	1.57455	5
4	129000001	1.43498	1.57455	5
4	130000001	1.66383	1.57455	5
4	131000001	1.81659	1.57455	5
4	132000001	1.72329	1.57455	5
4	133000001	1.82054	1.57455	5
4	134000001	2.13754	1.57455	5
4	135000001	2.09148	1.57455	5
4	136000001	2.35135	1.57455	5
4	137000001	2.01219	1.57455	5
4	138000001	1.40826	1.57455	5
4	139000001	1.64589	1.57455	5
4	140000001	1.61297	1.57455	5
4	141000001	1.12009	1.57455	5
4	142000001	1.32817	1.57455	5
4	143000001	1.59835	1.57455	5
4	144000001	1.68053	1.57455	5
4	145000001	1.73858	1.57455	5
4	146000001	1.7314	1.57455	5
4	147000001	1.37605	1.57455	5
4	148000001	1.64642	1.57455	5
4	149000001	2.01895	1.57455	5
4	150000001	1.66163	1.57455	5
4	151000001	1.56115	1.57455	5
4	152000001	1.81822	1.57455	5
4	153000001	1.29957	1.57455	5
4	154000001	1.54042	1.57455	5
4	155000001	1.8922	1.57455	5
4	156000001	1.48581	1.57455	5
4	157000001	1.22502	1.57455	5
4	158000001	1.88866	1.57455	5
4	159000001	1.3277	1.57455	5
4	160000001	1.64592	1.57455	5
4	161000001	1.25374	1.57455	5
4	162000001	1.41435	1.57455	5
4	163000001	1.59386	1.57455	5
4	164000001	1.9133	1.57455	5
4	165000001	2.15248	1.57455	5
4	166000001	1.48504	1.57455	5
4	167000001	1.59185	1.57455	5
4	168000001	1.52365	1.57455	5
4	169000001	1.3608	1.57455	5
4	170000001	1.17176	1.57455	5
4	171000001	1.21496	1.57455	5
4	172000001	1.86803	1.57455	5
4	173000001	1.47017	1.57455	5
4	174000001	1.74727	1.57455	5
4	175000001	1.00597	1.30877	4
4	176000001	1.2417	1.30877	4
4	177000001	1.41196	1.30877	4
4	178000001	1.06941	1.30877	4
4	179000001	1.6251	1.30877	4
4	180000001	1.71836	1.30877	4
4	181000001	1.61624	1.30877	4
4	182000001	1.31972	1.30877	4
4	183000001	1.22665	1.30877	4
4	184000001	1.22768	1.30877	4
4	185000001	1.723	1.30877	4
4	186000001	0.976273	1.30877	4
4	187000001	1.36763	1.30877	4
4	188000001	1.31547	1.30877	4
4	189000001	1.18066	1.30877	4
4	190000001	1.30207	1.30877	4
5	1	1.05057	0.804685	2
5	1000001	0.85229	0.804685	2
5	2000001	0.804728	0.804685	2
5	3000001	0.70976	0.804685	2
5	4000001	0.703618	0.804685	2
5	5000001	0.739362	0.804685	2
5	6000001	0.710718	0.804685	2
5	7000001	0.694846	0.804685	2
5	8000001	1.08472	0.804685	2
5	9000001	0.95131	0.804685	2
5	10000001	1.00495	0.804685	2
5	11000001	0.607461	0.804685	2
5	12000001	0.804643	0.804685	2
5	13000001	0.663064	0.804685	2
5	14000001	0.753048	0.804685	2
5	15000001	0.746641	0.804685	2
5	16000001	0.900568	0.804685	2
5	17000001	1.08565	0.804685	2
5	18000001	1.09752	0.804685	2
5	19000001	0.856139	0.804685	2
5	20000001	0.743513	0.804685	2
5	21000001	0.881274	0.804685	2
5	22000001	1.51804	1.38862	4
5	23000001	1.2592	1.38862	4
5	24000001	0.730111	0.730111	2
5	25000001	0.596669	0.730111	2
5	26000001	0.844377	0.730111	2
5	27000001	0.665206	0.730111	2
5	28000001	0.807119	0.730111	2
5	29000001	0.965297	0.902786	3
5	30000001	1.03669	0.902786	3
5	31000001	0.848914	0.902786	3
5	32000001	1.08334	0.902786	3
5	33000001	1.20111	0.902786	3
5	34000001	1.01566	0.902786	3
5	35000001	0.941181	0.902786	3
5	36000001	0.71832	0.902786	3
5	37000001	0.864391	0.902786	3
5	38000001	1.1704	0.902786	3
5	39000001	1.3463	0.902786	3
5	40000001	1.25657	0.902786	3
5	41000001	0.810885	0.902786	3
5	42000001	0.754619	0.902786	3
5	43000001	0.783731	0.902786	3
5	44000001	0.816176	0.902786	3
5	45000001	0.788604	0.902786	3
5	46000001	0.737035	0.902786	3
5	47000001	1.15813	0.902786	3
5	48000001	0.705402	0.902786	3
5	49000001	2.21813	2.21813	7
5	50000001	0.786838	0.739909	2
5	51000001	0.904528	0.739909	2
5	52000001	0.697339	0.739909	2
5	53000001	0.8398	0.739909	2
5	54000001	0.604275	0.739909	2
5	55000001	0.697963	0.739909	2
5	56000001	0.729067	0.739909	2
5	57000001	0.999036	0.739909	2
5	58000001	0.981466	0.739909	2
5	59000001	0.921244	0.739909	2
5	60000001	0.844295	0.739909	2
5	61000001	0.882538	0.739909	2
5	62000001	0.826074	0.739909	2
5	63000001	0.744039	0.739909	2
5	64000001	0.607884	0.739909	2
5	65000001	0.586584	0.739909	2
5	66000001	0.622714	0.739909	2
5	67000001	0.676452	0.739909	2
5	68000001	0.762107	0.739909	2
5	69000001	0.68593	0.739909	2
5	70000001	0.817309	0.739909	2
5	71000001	0.761182	0.739909	2
5	72000001	0.609288	0.739909	2
5	73000001	0.532095	0.739909	2
5	74000001	0.58102	0.739909	2
5	75000001	0.703171	0.739909	2
5	76000001	0.735779	0.739909	2
5	77000001	0.437593	0.739909	2
5	78000001	0.909761	0.739909	2
5	79000001	0.568282	0.739909	2
5	80000001	0.853383	0.739909	2
5	81000001	0.818375	0.739909	2
5	82000001	0.838535	0.739909	2
5	83000001	0.837467	0.739909	2
5	84000001	0.557627	0.739909	2
5	85000001	0.597874	0.739909	2
5	86000001	1.3424	0.739909	2
5	87000001	0.483344	0.739909	2
5	88000001	0.637153	0.739909	2
5	89000001	0.787933	0.739909	2
5	90000001	0.924384	0.739909	2
5	91000001	0.82581	0.739909	2
5	92000001	0.512283	0.739909	2
5	93000001	0.71826	0.739909	2
5	94000001	0.837831	0.739909	2
5	95000001	0.906493	0.739909	2
5	96000001	0.724474	0.739909	2
5	97000001	0.693012	0.739909	2
5	98000001	0.692924	0.739909	2
5	99000001	0.516586	0.739909	2
5	100000001	0.795131	0.739909	2
5	101000001	0.718029	0.739909	2
5	102000001	0.958574	0.739909	2
5	103000001	0.664733	0.739909	2
5	104000001	0.833754	0.739909	2
5	105000001	0.880797	0.739909	2
5	106000001	0.652938	0.739909	2
5	107000001	0.75511	0.739909	2
5	108000001	0.934248	0.940851	3
5	109000001	1.12469	0.940851	3
5	110000001	0.798889	0.940851	3
5	111000001	1.15207	0.940851	3
5	112000001	0.783109	0.940851	3
5	113000001	0.947453	0.940851	3
5	114000001	0.61168	0.940851	3
5	115000001	0.882074	0.940851	3
5	116000001	0.90605	0.940851	3
5	117000001	1.21401	0.940851	3
5	118000001	0.817769	0.940851	3
5	119000001	0.956703	0.940851	3
5	120000001	0.954216	0.940851	3
5	121000001	0.9627	0.940851	3
5	122000001	0.932596	0.940851	3
5	123000001	1.10305	0.940851	3
5	124000001	0.953363	0.940851	3
5	125000001	1.00575	0.940851	3
5	126000001	1.49964	0.940851	3
5	127000001	1.11315	0.940851	3
5	128000001	1.36148	0.940851	3
5	129000001	1.00099	0.940851	3
5	130000001	0.668928	0.940851	3
5	131000001	1.2552	0.940851	3
5	132000001	0.83735	0.940851	3
5	133000001	0.799617	0.940851	3
5	134000001	1.38352	0.940851	3
5	135000001	0.815283	0.940851	3
5	136000001	0.658703	0.940851	3
5	137000001	0.967343	0.940851	3
5	138000001	1.02099	0.940851	3
5	139000001	1.1325	0.940851	3
5	140000001	0.853894	0.940851	3
5	141000001	1.05253	0.940851	3
5	142000001	0.75032	0.940851	3
5	143000001	0.983277	0.940851	3
5	144000001	0.610997	0.940851	3
5	145000001	0.917497	0.940851	3
5	146000001	1.00278	0.940851	3
5	147000001	0.910157	0.940851	3
5	148000001	1.16661	0.940851	3
5	149000001	1.04637	0.940851	3
5	150000001	1.06871	0.940851	3
5	151000001	1.07754	0.940851	3
5	152000001	0.962063	0.940851	3
5	153000001	0.9014	0.940851	3
5	154000001	0.78416	0.940851	3
5	155000001	0.911222	0.940851	3
5	156000001	0.733087	0.940851	3
5	157000001	0.724976	0.940851	3
5	158000001	0.888785	0.940851	3
5	159000001	0.895243	0.940851	3
5	160000001	0.824166	0.940851	3
5	161000001	1.27088	0.940851	3
5	162000001	1.22033	0.940851	3
5	163000001	0.892991	0.940851	3
5	164000001	1.11319	0.940851	3
5	165000001	0.729199	0.940851	3
5	166000001	0.803199	0.940851	3
5	167000001	0.751171	0.940851	3
5	168000001	0.771419	0.940851	3
5	169000001	0.902443	0.940851	3
5	170000001	0.921218	0.940851	3
5	171000001	0.994353	0.940851	3
5	172000001	1.19102	0.940851	3
5	173000001	1.22891	0.940851	3
5	174000001	1.00708	0.940851	3
5	175000001	1.09168	0.940851	3
5	176000001	0.988271	0.940851	3
5	177000001	1.03175	0.940851	3
5	178000001	0.738799	0.940851	3
5	179000001	0.734526	0.940851	3
5	180000001	0.748449	0.940851	3
5	181000001	0.902947	0.940851	3
6	1	0.953754	1.2267	4
6	1000001	1.17719	1.2267	4
6	2000001	1.42469	1.2267	4
6	3000001	1.03249	1.2267	4
6	4000001	0.943092	1.2267	4
6	5000001	1.09998	1.2267	4
6	6000001	1.30325	1.2267	4
6	7000001	0.996609	1.2267	4
6	8000001	1.51862	1.2267	4
6	9000001	1.52373	1.2267	4
6	10000001	1.2787	1.2267	4
6	11000001	1.3298	1.2267	4
6	12000001	1.10454	1.2267	4
6	13000001	1.10372	1.2267	4
6	14000001	1.35475	1.2267	4
6	15000001	0.923467	1.2267	4
6	16000001	1.33355	1.2267	4
6	17000001	1.12115	1.2267	4
6	18000001	1.0215	1.2267	4
6	19000001	1.2194	1.2267	4
6	20000001	0.97385	1.2267	4
6	21000001	1.08074	1.2267	4
6	22000001	1.25148	1.2267	4
6	23000001	1.078	1.2267	4
6	24000001	0.942709	1.2267	4
6	25000001	1.34432	1.2267	4
6	26000001	1.30424	1.2267	4
6	27000001	1.19796	1.2267	4
6	28000001	1.36259	1.2267	4
6	29000001	1.45019	1.2267	4
6	30000001	1.26587	1.2267	4
6	31000001	1.14431	1.2267	4
6	32000001	1.38021	1.2267	4
6	33000001	1.02503	1.2267	4
6	34000001	1.16591	1.2267	4
6	35000001	1.29577	1.2267	4
6	36000001	1.27625	1.2267	4
6	37000001	1.56072	1.2267	4
6	38000001	1.3806	1.2267	4
6	39000001	1.50967	1.2267	4
6	40000001	1.33352	1.2267	4
6	41000001	1.07444	1.2267	4
6	42000001	1.00335	1.2267	4
6	43000001	1.2054	1.2267	4
6	44000001	1.52997	1.2267	4
6	45000001	1.38824	1.2267	4
6	46000001	1.2267	1.2267	4
6	47000001	0.975585	1.2267	4
6	48000001	1.15321	1.2267	4
6	49000001	1.24967	1.2267	4
6	50000001	1.37866	1.2267	4
6	51000001	1.35649	1.2267	4
6	52000001	1.14254	1.2267	4
6	53000001	0.891765	1.2267	4
6	54000001	1.30853	1.2267	4
6	55000001	1.74612	1.38755	4
6	56000001	1.25502	1.38755	4
6	57000001	1.39782	1.38755	4
6	58000001	1.43427	1.38755	4
6	59000001	1.36706	1.38755	4
6	60000001	1.29351	1.38755	4
6	61000001	1.28272	1.38755	4
6	62000001	1.1712	1.38755	4
6	63000001	1.23383	1.38755	4
6	64000001	1.47058	1.38755	4
6	65000001	1.62785	1.38755	4
6	66000001	1.37728	1.38755	4
6	67000001	1.30356	1.38755	4
6	68000001	1.49026	1.38755	4
6	69000001	1.5795	1.38755	4
6	70000001	1.41901	1.38755	4
6	71000001	1.34533	1.38755	4
6	72000001	1.48742	1.38755	4
6	73000001	1.03522	1.09863	3
6	74000001	0.950794	1.09863	3
6	75000001	1.09863	1.09863	3
6	76000001	1.06215	1.09863	3
6	77000001	1.23283	1.09863	3
6	78000001	1.29287	1.09863	3
6	79000001	1.16708	1.09863	3
6	80000001	1.40858	1.46392	4
6	81000001	1.74595	1.46392	4
6	82000001	1.46392	1.46392	4
6	83000001	1.37584	1.46392	4
6	84000001	1.60646	1.46392	4
6	85000001	1.07093	1.16296	3
6	86000001	1.15715	1.16296	3
6	87000001	1.3666	1.16296	3
6	88000001	1.48073	1.16296	3
6	89000001	1.16296	1.16296	3
6	90000001	1.81998	1.16296	3
6	91000001	1.28194	1.16296	3
6	92000001	1.09832	1.16296	3
6	93000001	1.06135	1.16296	3
6	94000001	1.81919	1.61503	5
6	95000001	1.58454	1.61503	5
6	96000001	1.61503	1.61503	5
6	97000001	1.56688	1.61503	5
6	98000001	1.27157	1.61503	5
6	99000001	1.29491	1.61503	5
6	100000001	1.93958	1.61503	5
6	101000001	1.75801	1.61503	5
6	102000001	1.90868	1.61503	5
6	103000001	1.51014	1.61503	5
6	104000001	1.65706	1.61503	5
6	105000001	1.23223	1.23223	4
6	106000001	1.21112	1.23223	4
6	107000001	1.26166	1.23223	4
6	108000001	1.15513	1.23223	4
6	109000001	1.41192	1.23223	4
6	110000001	1.11877	1.23223	4
6	111000001	1.46857	1.23223	4
6	112000001	2.04746	1.6914	5
6	113000001	1.55038	1.6914	5
6	114000001	2.1374	1.6914	5
6	115000001	1.58154	1.6914	5
6	116000001	1.77374	1.6914	5
6	117000001	1.4001	1.6914	5
6	118000001	1.60906	1.6914	5
6	119000001	2.00432	1.6914	5
6	120000001	1.35609	1.38747	4
6	121000001	1.4352	1.38747	4
6	122000001	1.41885	1.38747	4
6	123000001	1.26655	1.38747	4
6	124000001	1.67202	1.75374	5
6	125000001	2.11438	1.75374	5
6	126000001	1.75072	1.75374	5
6	127000001	1.77404	1.75374	5
6	128000001	1.83509	1.75374	5
6	129000001	1.42245	1.75374	5
6	130000001	1.75677	1.75374	5
6	131000001	1.37609	1.75374	5
6	132000001	1.51686	1.75374	5
6	133000001	1.8623	1.75374	5
6	134000001	1.46544	1.75374	5
6	135000001	2.14998	1.75374	5
6	136000001	1.24755	1.39915	4
6	137000001	1.48484	1.39915	4
6	138000001	1.61976	1.39915	4
6	139000001	1.26938	1.39915	4
6	140000001	1.41556	1.39915	4
6	141000001	1.38274	1.39915	4
6	142000001	1.65205	1.70033	5
6	143000001	1.66054	1.70033	5
6	144000001	1.74012	1.70033	5
6	145000001	1.94346	1.70033	5
6	146000001	1.84967	1.70033	5
6	147000001	1.89304	1.70033	5
6	148000001	1.58882	1.70033	5
6	149000001	1.58625	1.70033	5
6	150000001	1.49573	1.39759	4
6	151000001	1.2186	1.39759	4
6	152000001	1.21653	1.39759	4
6	153000001	1.87368	1.39759	4
6	154000001	1.35778	1.39759	4
6	155000001	1.31781	1.39759	4
6	156000001	1.10998	1.39759	4
6	157000001	1.5774	1.39759	4
6	158000001	1.4374	1.39759	4
6	159000001	1.33907	1.39759	4
6	160000001	1.47178	1.39759	4
6	161000001	1.10328	1.39759	4
6	162000001	1.46778	1.39759	4
6	163000001	1.53087	1.39759	4
6	164000001	1.60439	1.39759	4
6	165000001	1.30274	1.39759	4
6	166000001	0.928359	1.08537	3
6	167000001	0.756816	1.08537	3
6	168000001	1.08537	1.08537	3
6	169000001	1.25317	1.08537	3
6	170000001	1.28789	1.08537	3
7	1	0.778288	0.955217	3
7	1000001	0.690135	0.955217	3
7	2000001	0.946921	0.955217	3
7	3000001	1.01977	0.955217	3
7	4000001	0.955217	0.955217	3
7	5000001	1.16427	0.955217	3
7	6000001	1.33445	0.955217	3
7	7000001	2.08898	1.73868	5
7	8000001	2.24057	1.73868	5
7	9000001	1.45113	1.73868	5
7	10000001	1.73868	1.73868	5
7	11000001	1.56457	1.73868	5
7	12000001	1.5937	1.73868	5
7	13000001	1.47831	1.73868	5
7	14000001	2.18926	1.73868	5
7	15000001	1.69729	1.73868	5
7	16000001	1.97965	1.73868	5
7	17000001	1.72321	1.73868	5
7	18000001	2.54214	1.73868	5
7	19000001	1.84205	1.73868	5
7	20000001	1.56999	1.39748	4
7	21000001	1.15162	1.39748	4
7	22000001	1.79553	1.39748	4
7	23000001	1.4331	1.39748	4
7	24000001	1.3051	1.39748	4
7	25000001	1.41949	1.39748	4
7	26000001	1.7428	1.39748	4
7	27000001	1.39205	1.39748	4
7	28000001	1.19847	1.39748	4
7	29000001	1.26612	1.39748	4
7	30000001	0.976482	1.39748	4
7	31000001	1.10167	1.39748	4
7	32000001	1.04773	1.39748	4
7	33000001	1.88833	1.39748	4
7	34000001	1.58868	1.39748	4
7	35000001	1.39956	1.39748	4
7	36000001	1.39748	1.39748	4
7	37000001	1.1922	1.39748	4
7	38000001	1.54065	1.39748	4
7	39000001	1.31346	1.39748	4
7	40000001	1.15527	1.39748	4
7	41000001	1.51314	1.39748	4
7	42000001	1.44138	1.39748	4
7	43000001	1.05998	1.10529	3
7	44000001	0.83879	1.10529	3
7	45000001	1.00081	1.10529	3
7	46000001	1.63076	1.10529	3
7	47000001	0.901549	1.10529	3
7	48000001	1.40067	1.10529	3
7	49000001	1.26487	1.10529	3
7	50000001	1.00388	1.10529	3
7	51000001	1.10078	1.10529	3
7	52000001	1.2598	1.10529	3
7	53000001	1.59647	1.10529	3
7	54000001	1.16705	1.10529	3
7	55000001	0.902947	1.10529	3
7	56000001	0.863465	1.10529	3
7	57000001	0.900129	1.10529	3
7	58000001	1.51003	1.10529	3
7	59000001	1.58382	1.10529	3
7	60000001	1.37707	1.10529	3
7	61000001	1.12853	1.10529	3
7	62000001	1.22579	1.10529	3
7	63000001	0.885751	1.10529	3
7	64000001	1.03136	1.10529	3
7	65000001	0.785364	1.10529	3
7	66000001	1.03616	1.10529	3
7	67000001	1.1257	1.10529	3
7	68000001	0.892352	1.10529	3
7	69000001	1.14266	1.10529	3
7	70000001	1.14853	1.10529	3
7	71000001	0.972188	1.10529	3
7	72000001	0.938416	1.10529	3
7	73000001	1.10529	1.10529	3
7	74000001	0.912345	1.10529	3
7	75000001	0.969666	1.10529	3
7	76000001	1.29659	1.10529	3
7	77000001	1.28855	1.10529	3
7	78000001	1.43736	1.10529	3
7	79000001	1.24688	1.10529	3
7	80000001	1.84405	1.7709	5
7	81000001	1.69775	1.7709	5
7	82000001	1.65753	1.7709	5
7	83000001	2.1138	1.7709	5
7	84000001	1.06991	1.45205	4
7	85000001	1.55955	1.45205	4
7	86000001	1.04919	1.45205	4
7	87000001	1.45205	1.45205	4
7	88000001	1.57076	1.45205	4
7	89000001	1.45369	1.45205	4
7	90000001	1.45854	1.45205	4
7	91000001	1.51027	1.45205	4
7	92000001	1.1874	1.45205	4
7	93000001	1.37084	1.45205	4
7	94000001	1.60009	1.45205	4
7	95000001	1.52124	1.45205	4
7	96000001	1.74142	1.45205	4
7	97000001	1.51958	1.45205	4
7	98000001	1.23044	1.45205	4
7	99000001	1.05189	1.45205	4
7	100000001	1.26675	1.45205	4
7	101000001	1.05171	1.45205	4
7	102000001	0.952554	1.45205	4
7	103000001	1.70671	1.45205	4
7	104000001	1.29119	1.45205	4
7	105000001	1.47385	1.45205	4
7	106000001	1.66568	1.45205	4
7	107000001	1.20357	1.45205	4
7	108000001	1.19817	1.45205	4
7	109000001	1.42138	1.45205	4
7	110000001	1.40431	1.45205	4
7	111000001	1.26212	1.45205	4
7	112000001	1.28957	1.45205	4
7	113000001	1.28613	1.45205	4
7	114000001	1.54884	1.45205	4
7	115000001	1.79814	1.45205	4
7	116000001	1.83584	1.45205	4
7	117000001	1.56616	1.45205	4
7	118000001	1.58759	1.45205	4
7	119000001	2.01164	1.45205	4
7	120000001	1.50053	1.45205	4
7	121000001	1.43261	1.45205	4
7	122000001	1.45257	1.45205	4
7	123000001	1.43428	1.45205	4
7	124000001	1.37234	1.45205	4
7	125000001	1.79956	1.45205	4
7	126000001	1.82986	1.45205	4
7	127000001	1.77581	1.45205	4
7	128000001	1.31369	1.45205	4
7	129000001	1.40297	1.45205	4
7	130000001	1.5516	1.45205	4
7	131000001	1.26192	1.45205	4
7	132000001	1.13366	1.45205	4
7	133000001	1.1568	1.45205	4
7	134000001	1.21079	1.45205	4
7	135000001	1.62379	1.45205	4
7	136000001	1.79813	1.45205	4
7	137000001	1.65745	1.45205	4
7	138000001	1.06161	1.45205	4
7	139000001	1.2988	1.45205	4
7	140000001	0.977163	1.45205	4
7	141000001	1.04535	1.45205	4
7	142000001	1.06074	1.45205	4
7	143000001	1.87156	1.45205	4
7	144000001	1.56397	1.45205	4
7	145000001	1.58225	1.45205	4
7	146000001	1.79962	1.45205	4
7	147000001	1.52271	1.45205	4
7	148000001	1.38901	1.45205	4
7	149000001	1.22754	1.12939	3
7	150000001	1.27552	1.12939	3
7	151000001	1.21072	1.12939	3
7	152000001	1.01752	1.12939	3
7	153000001	1.09193	1.12939	3
7	154000001	1.15684	1.12939	3
7	155000001	0.833978	1.12939	3
7	156000001	1.12939	1.12939	3
7	157000001	1.12392	1.12939	3
7	158000001	1.28241	1.12939	3
7	159000001	1.06807	1.12939	3
8	1	0.739726	0.742931	2
8	1000001	0.746136	0.742931	2
8	2000001	1.35975	1.11682	3
8	3000001	1.11398	1.11682	3
8	4000001	1.04439	1.11682	3
8	5000001	1.2475	1.11682	3
8	6000001	1.12025	1.11682	3
8	7000001	1.11966	1.11682	3
8	8000001	1.11244	1.11682	3
8	9000001	1.02284	1.11682	3
8	10000001	0.764162	0.751668	2
8	11000001	0.703891	0.751668	2
8	12000001	0.739174	0.751668	2
8	13000001	0.785995	0.751668	2
8	14000001	1.04079	1.04079	3
8	15000001	0.944675	1.04079	3
8	16000001	1.01114	1.04079	3
8	17000001	1.19903	1.04079	3
8	18000001	1.10921	1.04079	3
8	19000001	0.622603	0.915985	3
8	20000001	0.914189	0.915985	3
8	21000001	0.962469	0.915985	3
8	22000001	0.917782	0.915985	3
8	23000001	0.922692	0.915985	3
8	24000001	0.776296	0.915985	3
8	25000001	1.15627	1.03684	3
8	26000001	1.03145	1.03684	3
8	27000001	0.895441	1.03684	3
8	28000001	0.804409	1.03684	3
8	29000001	1.10964	1.03684	3
8	30000001	1.18356	1.03684	3
8	31000001	1.09133	1.03684	3
8	32000001	0.860743	1.03684	3
8	33000001	0.982619	1.03684	3
8	34000001	0.91467	1.03684	3
8	35000001	1.0929	1.03684	3
8	36000001	1.23269	1.03684	3
8	37000001	1.09778	1.03684	3
8	38000001	0.919984	1.03684	3
8	39000001	1.14169	1.03684	3
8	40000001	1.04223	1.03684	3
8	41000001	0.94223	1.03684	3
8	42000001	0.978885	1.03684	3
8	43000001	0.888026	1.03684	3
8	44000001	1.05411	1.03684	3
8	45000001	0.638948	0.677206	2
8	46000001	0.662076	0.677206	2
8	47000001	0.877725	0.677206	2
8	48000001	0.692336	0.677206	2
8	49000001	1.28408	1.29535	4
8	50000001	1.30661	1.29535	4
8	51000001	0.603392	0.952068	3
8	52000001	1.1052	0.952068	3
8	53000001	1.0275	0.952068	3
8	54000001	1.02815	0.952068	3
8	55000001	0.952068	0.952068	3
8	56000001	0.901098	0.952068	3
8	57000001	0.694195	0.952068	3
8	58000001	1.0376	1.14877	3
8	59000001	1.14877	1.14877	3
8	60000001	1.23397	1.14877	3
8	61000001	1.15231	1.14877	3
8	62000001	0.984617	1.14877	3
8	63000001	0.727662	0.814162	2
8	64000001	0.684354	0.814162	2
8	65000001	1.0173	0.814162	2
8	66000001	0.880594	0.814162	2
8	67000001	0.690557	0.814162	2
8	68000001	0.814162	0.814162	2
8	69000001	0.862103	0.814162	2
8	70000001	0.865063	0.814162	2
8	71000001	0.789327	0.814162	2
8	72000001	0.924211	0.969529	3
8	73000001	0.86841	0.969529	3
8	74000001	1.04509	0.969529	3
8	75000001	0.961097	0.969529	3
8	76000001	1.14017	0.969529	3
8	77000001	0.97796	0.969529	3
8	78000001	0.636082	0.813225	2
8	79000001	1.0288	0.813225	2
8	80000001	0.673773	0.813225	2
8	81000001	0.857873	0.813225	2
8	82000001	0.922629	0.813225	2
8	83000001	0.768578	0.813225	2
8	84000001	0.615739	0.813225	2
8	85000001	0.920597	0.813225	2
8	86000001	0.943065	0.813225	2
8	87000001	0.761915	0.813225	2
8	88000001	0.99534	1.08023	3
8	89000001	1.01352	1.08023	3
8	90000001	1.55743	1.08023	3
8	91000001	1.01281	1.08023	3
8	92000001	0.976063	1.08023	3
8	93000001	1.12392	1.08023	3
8	94000001	1.08023	1.08023	3
8	95000001	1.18239	1.08023	3
8	96000001	1.06452	1.08023	3
8	97000001	1.31926	1.08023	3
8	98000001	0.984398	1.08023	3
8	99000001	1.36167	1.08023	3
8	100000001	1.19907	1.08023	3
8	101000001	0.943451	1.08023	3
8	102000001	0.914699	1.08023	3
8	103000001	1.15054	1.08023	3
8	104000001	1.09063	1.08023	3
8	105000001	1.34489	1.3637	4
8	106000001	1.14231	1.3637	4
8	107000001	1.44075	1.3637	4
8	108000001	1.63279	1.3637	4
8	109000001	1.23945	1.3637	4
8	110000001	1.05625	1.3637	4
8	111000001	1.27257	1.3637	4
8	112000001	1.45215	1.3637	4
8	113000001	1.43201	1.3637	4
8	114000001	1.09106	1.3637	4
8	115000001	1.75053	1.3637	4
8	116000001	1.78534	1.3637	4
8	117000001	1.3553	1.3637	4
8	118000001	1.37211	1.3637	4
8	119000001	0.840667	0.912331	3
8	120000001	0.827652	0.912331	3
8	121000001	0.763205	0.912331	3
8	122000001	1.2236	0.912331	3
8	123000001	1.33618	0.912331	3
8	124000001	0.950131	0.912331	3
8	125000001	0.801941	0.912331	3
8	126000001	0.649715	0.912331	3
8	127000001	1.10756	0.912331	3
8	128000001	1.10399	0.912331	3
8	129000001	1.08774	0.912331	3
8	130000001	0.744764	0.912331	3
8	131000001	0.933534	0.912331	3
8	132000001	1.10001	0.912331	3
8	133000001	0.732523	0.912331	3
8	134000001	0.967624	0.912331	3
8	135000001	0.838228	0.912331	3
8	136000001	0.891129	0.912331	3
8	137000001	1.07123	1.26226	4
8	138000001	1.45329	1.26226	4
8	139000001	0.895337	0.918298	3
8	140000001	0.941259	0.918298	3
8	141000001	0.831042	0.776623	2
8	142000001	0.668092	0.776623	2
8	143000001	0.776623	0.776623	2
8	144000001	0.669367	0.776623	2
8	145000001	0.91131	0.776623	2
9	1	1.16325	1.119	3
9	1000001	1.26869	1.119	3
9	2000001	1.07476	1.119	3
9	3000001	0.961142	1.119	3
9	4000001	1.49315	1.36429	4
9	5000001	1.28498	1.36429	4
9	6000001	1.19194	1.36429	4
9	7000001	1.44359	1.36429	4
9	8000001	1.79617	1.68341	5
9	9000001	1.66794	1.68341	5
9	10000001	1.94276	1.68341	5
9	11000001	1.29431	1.68341	5
9	12000001	1.69887	1.68341	5
9	13000001	1.76869	1.68341	5
9	14000001	1.46823	1.68341	5
9	15000001	1.46317	1.68341	5
9	16000001	1.09851	1.1151	3
9	17000001	1.14423	1.1151	3
9	18000001	1.21762	1.1151	3
9	19000001	1.04633	1.1151	3
9	20000001	1.80304	1.1151	3
9	21000001	1.06362	1.1151	3
9	22000001	0.862926	1.1151	3
9	23000001	1.19669	1.1151	3
9	24000001	1.1036	1.1151	3
9	25000001	1.71793	1.1151	3
9	26000001	1.21804	1.1151	3
9	27000001	1.1151	1.1151	3
9	28000001	1.00731	1.1151	3
9	29000001	1.47069	1.1151	3
9	30000001	1.07902	1.1151	3
9	31000001	1.00576	1.1151	3
9	32000001	1.17043	1.1151	3
9	33000001	0.824756	1.1151	3
9	34000001	0.886391	1.1151	3
9	35000001	1.1859	1.1151	3
9	36000001	1.25884	1.1151	3
9	37000001	1.70485	1.45366	4
9	38000001	1.20988	1.45366	4
9	39000001	1.70603	1.45366	4
9	40000001	1.18464	1.45366	4
9	41000001	1.4699	1.45366	4
9	42000001	1.23169	1.45366	4
9	43000001	2.22625	1.45366	4
9	44000001	2.24203	1.45366	4
9	45000001	0.911009	1.45366	4
9	46000001	-1	1.45366	4
9	47000001	-1	1.45366	4
9	48000001	-1	1.45366	4
9	49000001	-1	1.45366	4
9	50000001	-1	1.45366	4
9	51000001	-1	1.45366	4
9	52000001	-1	1.45366	4
9	53000001	-1	1.45366	4
9	54000001	-1	1.45366	4
9	55000001	-1	1.45366	4
9	56000001	-1	1.45366	4
9	57000001	-1	1.45366	4
9	58000001	-1	1.45366	4
9	59000001	-1	1.45366	4
9	60000001	1.5141	1.45366	4
9	61000001	1.07195	1.45366	4
9	62000001	1.45678	1.45366	4
9	63000001	1.14628	1.45366	4
9	64000001	1.1881	1.45366	4
9	65000001	1.21794	1.45366	4
9	66000001	1.45366	1.45366	4
9	67000001	1.65894	1.45366	4
9	68000001	1.98991	1.9124	6
9	69000001	1.83489	1.9124	6
9	70000001	2.20619	1.9124	6
9	71000001	2.08347	1.9124	6
9	72000001	1.64108	1.9124	6
9	73000001	1.81457	1.9124	6
9	74000001	1.46522	1.50518	5
9	75000001	1.43927	1.50518	5
9	76000001	1.3614	1.50518	5
9	77000001	1.54514	1.50518	5
9	78000001	1.56937	1.50518	5
9	79000001	1.84944	1.50518	5
9	80000001	1.05245	1.05727	3
9	81000001	1.30572	1.05727	3
9	82000001	1.02883	1.05727	3
9	83000001	1.25861	1.05727	3
9	84000001	1.36398	1.05727	3
9	85000001	1.1771	1.05727	3
9	86000001	1.05727	1.05727	3
9	87000001	1.4154	1.05727	3
9	88000001	0.980888	1.05727	3
9	89000001	0.950756	1.05727	3
9	90000001	1.20005	1.05727	3
9	91000001	1.04068	1.05727	3
9	92000001	1.13649	1.05727	3
9	93000001	0.886985	1.05727	3
9	94000001	1.03745	1.05727	3
9	95000001	1.47672	1.05727	3
9	96000001	1.04075	1.05727	3
9	97000001	1.39053	1.34223	4
9	98000001	1.27459	1.34223	4
9	99000001	1.72865	1.34223	4
9	100000001	1.66707	1.34223	4
9	101000001	1.83918	1.34223	4
9	102000001	1.17095	1.34223	4
9	103000001	1.30861	1.34223	4
9	104000001	1.28969	1.34223	4
9	105000001	1.30523	1.34223	4
9	106000001	1.37584	1.34223	4
9	107000001	1.14156	1.34223	4
9	108000001	1.62626	1.34223	4
9	109000001	1.03802	1.08917	3
9	110000001	0.629568	1.08917	3
9	111000001	1.22612	1.08917	3
9	112000001	1.48465	1.08917	3
9	113000001	1.07829	1.08917	3
9	114000001	0.87967	1.08917	3
9	115000001	1.15963	1.08917	3
9	116000001	1.10005	1.08917	3
9	117000001	1.90301	1.61641	5
9	118000001	1.50364	1.61641	5
9	119000001	1.57594	1.61641	5
9	120000001	1.65689	1.61641	5
9	121000001	1.17516	1.0771	3
9	122000001	1.38389	1.0771	3
9	123000001	1.2323	1.0771	3
9	124000001	1.00793	1.0771	3
9	125000001	1.0771	1.0771	3
9	126000001	0.987001	1.0771	3
9	127000001	0.862074	1.0771	3
9	128000001	1.01831	1.0771	3
9	129000001	0.873994	1.0771	3
9	130000001	1.74653	1.0771	3
9	131000001	1.64356	1.0771	3
9	132000001	0.883291	0.749825	2
9	133000001	0.813083	0.749825	2
9	134000001	0.648891	0.749825	2
9	135000001	0.733433	0.749825	2
9	136000001	0.679312	0.749825	2
9	137000001	0.749825	0.749825	2
9	138000001	0.888914	0.749825	2
X	1	0.290405	0.311871	1
X	1000001	0.304783	0.311871	1
X	2000001	0.318958	0.311871	1
X	3000001	0.469328	0.311871	1
X	4000001	0.718017	0.860877	3
X	5000001	0.696731	0.860877	3
X	6000001	0.813496	0.860877	3
X	7000001	1.23956	0.860877	3
X	8000001	0.925517	0.860877	3
X	9000001	0.713833	0.860877	3
X	10000001	0.908783	0.860877	3
X	11000001	1.34997	0.860877	3
X	12000001	0.978532	0.860877	3
X	13000001	0.939137	0.860877	3
X	14000001	1.05852	0.860877	3
X	15000001	0.735007	0.860877	3
X	16000001	0.981504	0.860877	3
X	17000001	0.957946	0.860877	3
X	18000001	0.91399	0.860877	3
X	19000001	0.723675	0.860877	3
X	20000001	0.695241	0.860877	3
X	21000001	0.684044	0.860877	3
X	22000001	0.650087	0.860877	3
X	23000001	0.912105	0.860877	3
X	24000001	0.683407	0.860877	3
X	25000001	0.72903	0.860877	3
X	26000001	0.873518	0.860877	3
X	27000001	0.869833	0.860877	3
X	28000001	0.989166	0.860877	3
X	29000001	1.09861	0.860877	3
X	30000001	0.539819	0.860877	3
X	31000001	0.907895	0.860877	3
X	32000001	0.958222	0.860877	3
X	33000001	0.975095	0.860877	3
X	34000001	0.995055	0.860877	3
X	35000001	0.756765	0.860877	3
X	36000001	0.630883	0.860877	3
X	37000001	0.645641	0.860877	3
X	38000001	0.963045	0.860877	3
X	39000001	0.656332	0.860877	3
X	40000001	0.624643	0.860877	3
X	41000001	0.60528	0.860877	3
X	42000001	0.828693	0.860877	3
X	43000001	0.996234	0.860877	3
X	44000001	0.992739	0.860877	3
X	45000001	0.860877	0.860877	3
X	46000001	1.04665	0.860877	3
X	47000001	0.937881	0.860877	3
X	48000001	0.718898	0.860877	3
X	49000001	0.781373	0.860877	3
X	50000001	0.99761	0.860877	3
X	51000001	0.721688	0.860877	3
X	52000001	0.900043	0.860877	3
X	53000001	0.729773	0.860877	3
X	54000001	0.649502	0.860877	3
X	55000001	0.726536	0.860877	3
X	56000001	0.916347	0.860877	3
X	57000001	0.697931	0.860877	3
X	58000001	0.648812	0.860877	3
X	59000001	1.25475	0.860877	3
X	60000001	1.08055	0.860877	3
X	61000001	0.628846	0.860877	3
X	62000001	0.865845	0.860877	3
X	63000001	0.844543	0.860877	3
X	64000001	0.968241	0.860877	3
X	65000001	0.66786	0.860877	3
X	66000001	0.92081	0.860877	3
X	67000001	1.24862	0.860877	3
X	68000001	0.6764	0.860877	3
X	69000001	0.572102	0.860877	3
X	70000001	0.867925	0.860877	3
X	71000001	0.79887	0.860877	3
X	72000001	1.03372	0.860877	3
X	73000001	0.669649	0.860877	3
X	74000001	0.776045	0.860877	3
X	75000001	1.19636	0.954075	3
X	76000001	1.05624	0.954075	3
X	77000001	1.14606	0.954075	3
X	78000001	1.02711	0.954075	3
X	79000001	1.04687	0.954075	3
X	80000001	0.743845	0.954075	3
X	81000001	0.867955	0.954075	3
X	82000001	0.714075	0.954075	3
X	83000001	0.845937	0.954075	3
X	84000001	1.14934	0.954075	3
X	85000001	1.14463	0.954075	3
X	86000001	0.917927	0.954075	3
X	87000001	1.17787	0.954075	3
X	88000001	0.86333	0.954075	3
X	89000001	0.827161	0.954075	3
X	90000001	0.97747	0.954075	3
X	91000001	0.7144	0.954075	3
X	92000001	0.865547	0.954075	3
X	93000001	0.979603	0.954075	3
X	94000001	0.955468	0.954075	3
X	95000001	0.771874	0.954075	3
X	96000001	1.12435	0.954075	3
X	97000001	1.1396	0.954075	3
X	98000001	0.802959	0.954075	3
X	99000001	1.26394	0.954075	3
X	100000001	0.936013	0.954075	3
X	101000001	0.792151	0.954075	3
X	102000001	0.872154	0.954075	3
X	103000001	1.04287	0.954075	3
X	104000001	0.902914	0.954075	3
X	105000001	0.954075	0.954075	3
X	106000001	1.07117	1.18024	4
X	107000001	1.42864	1.18024	4
X	108000001	0.801747	1.18024	4
X	109000001	1.14258	1.18024	4
X	110000001	1.19741	1.18024	4
X	111000001	1.49325	1.18024	4
X	112000001	0.881449	1.18024	4
X	113000001	1.18024	1.18024	4
X	114000001	1.33841	1.18024	4
X	115000001	0.773932	0.731815	2
X	116000001	1.10091	0.731815	2
X	117000001	0.825699	0.731815	2
X	118000001	1.03542	0.731815	2
X	119000001	0.731569	0.731815	2
X	120000001	0.577931	0.731815	2
X	121000001	0.709407	0.731815	2
X	122000001	0.751445	0.731815	2
X	123000001	0.763067	0.731815	2
X	124000001	0.94899	0.731815	2
X	125000001	0.396095	0.731815	2
X	126000001	0.729067	0.731815	2
X	127000001	0.705407	0.731815	2
X	128000001	0.67742	0.731815	2
X	129000001	0.925103	0.731815	2
X	130000001	0.789736	0.731815	2
X	131000001	1.1886	0.731815	2
X	132000001	0.892638	0.731815	2
X	133000001	0.834803	0.731815	2
X	134000001	0.94458	0.731815	2
X	135000001	0.599639	0.731815	2
X	136000001	0.676592	0.731815	2
X	137000001	0.740281	0.731815	2
X	138000001	0.683947	0.731815	2
X	139000001	0.714446	0.731815	2
X	140000001	0.664164	0.731815	2
X	141000001	0.697168	0.731815	2
X	142000001	0.797731	0.731815	2
X	143000001	0.742521	0.731815	2
X	144000001	0.413058	0.731815	2
X	145000001	0.865249	0.731815	2
X	146000001	0.763774	0.731815	2
X	147000001	0.749664	0.731815	2
X	148000001	0.732061	0.731815	2
X	149000001	0.650877	0.731815	2
X	150000001	0.539122	0.731815	2
X	151000001	0.666128	0.731815	2
X	152000001	0.624472	0.731815	2
X	153000001	0.474742	0.731815	2
X	154000001	0.678994	0.731815	2
X	155000001	0.665036	0.731815	2
X	156000001	1.60325	0.731815	2
Y	1	-1	-1	0
Y	1000001	-1	-1	0
Y	2000001	0	0.0295576	0
Y	3000001	0.0220199	0.0295576	0
Y	4000001	0.045252	0.0295576	0
Y	5000001	0.0393787	0.0295576	0
Y	6000001	0.0241456	0.0295576	0
Y	7000001	0.0349696	0.0295576	0
Y	8000001	0.0137548	0.0295576	0
Y	9000001	0.041905	0.0295576	0
Y	10000001	0.758007	0.623009	2
Y	11000001	0.48801	0.623009	2
Y	12000001	0.0690361	0.0690361	0
Y	13000001	0.0136659	0.0310179	0
Y	14000001	0.0215344	0.0310179	0
Y	15000001	0.0238283	0.0310179	0
Y	16000001	0.00616558	0.0310179	0
Y	17000001	0.0662631	0.0310179	0
Y	18000001	0.0643645	0.0310179	0
Y	19000001	0.0179232	0.0310179	0
Y	20000001	0.0310179	0.0310179	0
Y	21000001	0.116332	0.0310179	0
Y	22000001	0.099372	0.0310179	0
Y	23000001	0.0143136	0.0310179	0
Y	24000001	0.0128785	0.0310179	0
Y	25000001	0.0446781	0.0310179	0
Y	26000001	0.201416	0.0310179	0
Y	27000001	-1	0.0310179	0
Y	28000001	-1	0.0310179	0
Y	29000001	-1	0.0310179	0
Y	30000001	-1	0.0310179	0
Y	31000001	-1	0.0310179	0
Y	32000001	-1	0.0310179	0
Y	33000001	-1	0.0310179	0
Y	34000001	-1	0.0310179	0
Y	35000001	-1	0.0310179	0
Y	36000001	-1	0.0310179	0
Y	37000001	-1	0.0310179	0
Y	38000001	-1	0.0310179	0
Y	39000001	-1	0.0310179	0
Y	40000001	-1	0.0310179	0
Y	41000001	-1	0.0310179	0
Y	42000001	-1	0.0310179	0
Y	43000001	-1	0.0310179	0
Y	44000001	-1	0.0310179	0
Y	45000001	-1	0.0310179	0
Y	46000001	-1	0.0310179	0
Y	47000001	-1	0.0310179	0
Y	48000001	-1	0.0310179	0
Y	49000001	-1	0.0310179	0
Y	50000001	-1	0.0310179	0
Y	51000001	-1	0.0310179	0
Y	52000001	-1	0.0310179	0
Y	53000001	-1	0.0310179	0
Y	54000001	-1	0.0310179	0
Y	55000001	-1	0.0310179	0
Y	56000001	0.15353	0.0310179	0
Y	57000001	-1	-1	0
