Chromosome	Start	Ratio	MedianRatio	CopyNumber
1	1	2.80541	2.4392	7
1	1000001	2.48636	2.4392	7
1	2000001	3.19449	2.4392	7
1	3000001	2.4392	2.4392	7
1	4000001	2.46968	2.4392	7
1	5000001	2.63962	2.4392	7
1	6000001	2.64536	2.4392	7
1	7000001	2.51277	2.4392	7
1	8000001	2.39234	2.4392	7
1	9000001	2.75469	2.4392	7
1	10000001	2.62363	2.4392	7
1	11000001	2.31038	2.4392	7
1	12000001	2.17064	2.4392	7
1	13000001	2.48633	2.4392	7
1	14000001	2.40732	2.4392	7
1	15000001	2.34061	2.4392	7
1	16000001	2.30416	2.4392	7
1	17000001	2.42573	2.4392	7
1	18000001	2.15742	2.4392	7
1	19000001	2.9662	2.4392	7
1	20000001	2.3791	2.4392	7
1	21000001	2.36908	2.4392	7
1	22000001	2.10306	2.4392	7
1	23000001	2.25568	2.4392	7
1	24000001	2.17906	2.4392	7
1	25000001	2.48349	2.4392	7
1	26000001	2.69713	2.4392	7
1	27000001	1.88702	1.83498	6
1	28000001	1.78293	1.83498	6
1	29000001	2.30142	2.44195	7
1	30000001	2.13825	2.44195	7
1	31000001	3.14102	2.44195	7
1	32000001	2.53151	2.44195	7
1	33000001	2.74105	2.44195	7
1	34000001	2.21164	2.44195	7
1	35000001	2.50825	2.44195	7
1	36000001	2.40075	2.44195	7
1	37000001	2.27691	2.44195	7
1	38000001	2.6625	2.44195	7
1	39000001	2.07838	2.44195	7
1	40000001	2.22175	2.44195	7
1	41000001	2.44195	2.44195	7
1	42000001	2.59055	2.44195	7
1	43000001	2.30227	2.44195	7
1	44000001	2.4704	2.44195	7
1	45000001	2.46563	2.44195	7
1	46000001	1.99185	2.0878	6
1	47000001	2.25869	2.0878	6
1	48000001	1.84682	2.0878	6
1	49000001	2.07453	2.0878	6
1	50000001	1.83443	2.0878	6
1	51000001	2.5413	2.0878	6
1	52000001	2.12598	2.0878	6
1	53000001	2.42872	2.0878	6
1	54000001	2.37169	2.0878	6
1	55000001	2.12603	2.0878	6
1	56000001	2.40675	2.0878	6
1	57000001	2.26029	2.0878	6
1	58000001	2.24589	2.0878	6
1	59000001	1.84318	2.0878	6
1	60000001	1.77798	2.0878	6
1	61000001	1.78908	2.0878	6
1	62000001	2.16995	2.0878	6
1	63000001	2.409	2.0878	6
1	64000001	2.00667	2.0878	6
1	65000001	1.95439	2.0878	6
1	66000001	1.98141	2.0878	6
1	67000001	2.57662	2.0878	6
1	68000001	2.22316	2.0878	6
1	69000001	2.26921	2.0878	6
1	70000001	2.4867	2.0878	6
1	71000001	2.06493	2.0878	6
1	72000001	1.84144	2.0878	6
1	73000001	1.90325	2.0878	6
1	74000001	1.72942	2.0878	6
1	75000001	2.19291	2.0878	6
1	76000001	2.24861	2.0878	6
1	77000001	1.94865	2.0878	6
1	78000001	2.08228	2.0878	6
1	79000001	2.43487	2.0878	6
1	80000001	2.16632	2.0878	6
1	81000001	2.28941	2.0878	6
1	82000001	2.4253	2.0878	6
1	83000001	1.97576	2.0878	6
1	84000001	2.33595	2.0878	6
1	85000001	2.19059	2.0878	6
1	86000001	1.93985	2.0878	6
1	87000001	2.1918	2.0878	6
1	88000001	1.93283	2.0878	6
1	89000001	2.21722	2.0878	6
1	90000001	2.04244	2.0878	6
1	91000001	2.02416	2.0878	6
1	92000001	2.35553	2.0878	6
1	93000001	2.45477	2.0878	6
1	94000001	1.95583	2.0878	6
1	95000001	2.06887	2.0878	6
1	96000001	1.7895	2.0878	6
1	97000001	1.98468	2.0878	6
1	98000001	2.07724	2.0878	6
1	99000001	2.30577	2.0878	6
1	100000001	1.95452	2.0878	6
1	101000001	2.10049	2.0878	6
1	102000001	1.86001	2.0878	6
1	103000001	1.80007	2.0878	6
1	104000001	1.9925	2.0878	6
1	105000001	2.08397	2.0878	6
1	106000001	2.09162	2.0878	6
1	107000001	2.12197	2.0878	6
1	108000001	2.99236	2.71912	8
1	109000001	2.7691	2.71912	8
1	110000001	2.5226	2.71912	8
1	111000001	2.61725	2.71912	8
1	112000001	3.1279	2.71912	8
1	113000001	2.66914	2.71912	8
1	114000001	2.44457	2.23869	7
1	115000001	2.23869	2.23869	7
1	116000001	2.4941	2.23869	7
1	117000001	2.21499	2.23869	7
1	118000001	2.33439	2.23869	7
1	119000001	2.05812	2.23869	7
1	120000001	2.0858	2.23869	7
1	121000001	3.73158	3.80884	11
1	122000001	2.87937	3.80884	11
1	123000001	3.98404	3.80884	11
1	124000001	3.8861	3.80884	11
1	125000001	10.2765	-1	7
1	126000001	-1	-1	7
1	127000001	-1	-1	7
1	128000001	-1	-1	7
1	129000001	-1	-1	7
1	130000001	-1	-1	7
1	131000001	-1	-1	7
1	132000001	-1	-1	7
1	133000001	-1	-1	7
1	134000001	-1	-1	7
1	135000001	-1	-1	7
1	136000001	-1	-1	7
1	137000001	-1	-1	7
1	138000001	-1	-1	7
1	139000001	-1	-1	7
1	140000001	-1	-1	7
1	141000001	-1	-1	7
1	142000001	-1	-1	7
1	143000001	9.7039	-1	7
1	144000001	2.54914	2.30011	7
1	145000001	2.48702	2.30011	7
1	146000001	2.05031	2.30011	7
1	147000001	2.46465	2.30011	7
1	148000001	2.04374	2.30011	7
1	149000001	2.29828	2.30011	7
1	150000001	2.03539	2.30011	7
1	151000001	2.49721	2.30011	7
1	152000001	2.69996	2.30011	7
1	153000001	2.2348	2.30011	7
1	154000001	2.31239	2.30011	7
1	155000001	2.04682	2.30011	7
1	156000001	2.34254	2.30011	7
1	157000001	2.10299	2.30011	7
1	158000001	2.31999	2.30011	7
1	159000001	2.30011	2.30011	7
1	160000001	2.0979	2.30011	7
1	161000001	2.21889	2.30011	7
1	162000001	2.3806	2.30011	7
1	163000001	1.89876	2.30011	7
1	164000001	2.19076	2.30011	7
1	165000001	2.24452	2.30011	7
1	166000001	2.2866	2.30011	7
1	167000001	2.192	2.30011	7
1	168000001	2.32649	2.30011	7
1	169000001	2.39276	2.30011	7
1	170000001	2.02644	2.30011	7
1	171000001	2.78362	2.30011	7
1	172000001	2.37366	2.30011	7
1	173000001	2.35597	2.30011	7
1	174000001	2.57827	2.30011	7
1	175000001	2.49394	2.30011	7
1	176000001	2.03966	2.30011	7
1	177000001	2.05681	2.30011	7
1	178000001	2.5185	2.30011	7
1	179000001	2.36706	2.30011	7
1	180000001	1.98963	2.30011	7
1	181000001	2.31302	2.30011	7
1	182000001	2.23209	2.30011	7
1	183000001	2.1961	2.30011	7
1	184000001	1.94896	2.30011	7
1	185000001	1.44137	2.30011	7
1	186000001	2.3573	2.30011	7
1	187000001	2.53311	2.30011	7
1	188000001	1.61006	2.30011	7
1	189000001	2.41553	2.30011	7
1	190000001	2.66847	2.30011	7
1	191000001	1.70873	1.92075	6
1	192000001	2.10646	1.92075	6
1	193000001	2.21941	1.92075	6
1	194000001	1.60215	1.92075	6
1	195000001	1.88598	1.92075	6
1	196000001	2.05291	1.92075	6
1	197000001	1.92075	1.92075	6
1	198000001	1.94896	1.92075	6
1	199000001	1.90611	1.92075	6
1	200000001	2.50021	2.55141	8
1	201000001	2.57879	2.55141	8
1	202000001	2.7765	2.55141	8
1	203000001	2.13958	2.55141	8
1	204000001	2.48349	2.55141	8
1	205000001	2.55141	2.55141	8
1	206000001	2.00423	2.55141	8
1	207000001	2.61557	2.55141	8
1	208000001	2.55646	2.55141	8
1	209000001	2.38128	2.55141	8
1	210000001	2.83968	2.55141	8
1	211000001	2.77213	2.55141	8
1	212000001	2.36875	2.55141	8
1	213000001	2.05377	2.20888	7
1	214000001	2.32146	2.20888	7
1	215000001	2.24992	2.20888	7
1	216000001	2.37081	2.20888	7
1	217000001	2.25568	2.20888	7
1	218000001	2.49115	2.20888	7
1	219000001	2.08309	2.20888	7
1	220000001	2.20888	2.20888	7
1	221000001	2.15326	2.20888	7
1	222000001	2.23993	2.20888	7
1	223000001	2.18301	2.20888	7
1	224000001	2.09501	2.20888	7
1	225000001	1.99102	2.20888	7
1	226000001	2.05811	2.20888	7
1	227000001	2.2536	2.20888	7
1	228000001	3.01204	2.38689	7
1	229000001	2.76727	2.38689	7
1	230000001	2.39267	2.38689	7
1	231000001	2.3225	2.38689	7
1	232000001	2.38689	2.38689	7
1	233000001	2.56469	2.38689	7
1	234000001	2.24442	2.38689	7
1	235000001	2.1838	2.38689	7
1	236000001	2.80488	2.38689	7
1	237000001	2.31927	2.38689	7
1	238000001	2.72275	2.38689	7
1	239000001	2.42869	2.38689	7
1	240000001	3.02423	2.38689	7
1	241000001	2.34357	2.38689	7
1	242000001	2.13794	2.38689	7
1	243000001	2.19411	2.38689	7
1	244000001	2.35845	2.38689	7
1	245000001	1.87321	2.38689	7
1	246000001	2.33987	2.38689	7
1	247000001	2.82432	2.38689	7
1	248000001	2.69595	2.38689	7
10	1	0.406101	0.328775	1
10	1000001	0.319739	0.328775	1
10	2000001	0.316961	0.328775	1
10	3000001	0.509266	0.328775	1
10	4000001	0.400673	0.328775	1
10	5000001	0.214998	0.328775	1
10	6000001	0.394081	0.328775	1
10	7000001	0.364776	0.328775	1
10	8000001	0.328775	0.328775	1
10	9000001	0.186954	0.328775	1
10	10000001	0.314295	0.328775	1
10	11000001	0.219183	0.328775	1
10	12000001	0.388678	0.328775	1
10	13000001	0.245469	0.328775	1
10	14000001	0.337101	0.328775	1
10	15000001	0.285336	0.328775	1
10	16000001	0.383704	0.328775	1
10	17000001	0.97179	1.03432	3
10	18000001	1.12088	1.03432	3
10	19000001	1.03432	1.03432	3
10	20000001	0.841828	1.03432	3
10	21000001	1.5684	1.03432	3
10	22000001	0.931505	1.03432	3
10	23000001	0.69352	1.03432	3
10	24000001	1.02852	1.03432	3
10	25000001	1.17789	1.03432	3
10	26000001	0.812967	1.03432	3
10	27000001	1.26695	1.03432	3
10	28000001	1.35227	1.03432	3
10	29000001	0.954255	1.03432	3
10	30000001	0.83686	1.03432	3
10	31000001	1.09073	1.03432	3
10	32000001	1.00499	1.03432	3
10	33000001	1.17717	1.03432	3
10	34000001	0.960638	1.03432	3
10	35000001	1.23344	1.03432	3
10	36000001	1.20725	1.03432	3
10	37000001	1.24222	1.03432	3
10	38000001	2.63155	1.68462	5
10	39000001	1.051	1.68462	5
10	40000001	1.68462	1.68462	5
10	41000001	3.32005	3.32005	10
10	42000001	1.84481	1.84481	6
10	43000001	1.03825	1.04507	3
10	44000001	1.26125	1.04507	3
10	45000001	0.819307	1.04507	3
10	46000001	1.05189	1.04507	3
10	47000001	0.316167	0.414569	1
10	48000001	0.481019	0.414569	1
10	49000001	0.365399	0.414569	1
10	50000001	0.326136	0.414569	1
10	51000001	0.337133	0.414569	1
10	52000001	0.501843	0.414569	1
10	53000001	0.78972	0.414569	1
10	54000001	0.599765	0.414569	1
10	55000001	0.379008	0.414569	1
10	56000001	0.53889	0.414569	1
10	57000001	0.650453	0.414569	1
10	58000001	0.485014	0.414569	1
10	59000001	0.387415	0.414569	1
10	60000001	0.521761	0.414569	1
10	61000001	0.414569	0.414569	1
10	62000001	0.29314	0.414569	1
10	63000001	0.404441	0.414569	1
10	64000001	0.649172	0.414569	1
10	65000001	0.328823	0.414569	1
10	66000001	0.490001	0.414569	1
10	67000001	0.509667	0.414569	1
10	68000001	0.52095	0.414569	1
10	69000001	0.153452	0.414569	1
10	70000001	0.290479	0.414569	1
10	71000001	0.329317	0.414569	1
10	72000001	0.579538	0.414569	1
10	73000001	0.400943	0.414569	1
10	74000001	0.584152	0.414569	1
10	75000001	0.252319	0.414569	1
10	76000001	0.885129	0.414569	1
10	77000001	0.257946	0.414569	1
10	78000001	0.367551	0.414569	1
10	79000001	0.399902	0.414569	1
10	80000001	0.575851	0.414569	1
10	81000001	1.07055	0.414569	1
10	82000001	0.62489	0.414569	1
10	83000001	0.620123	0.414569	1
10	84000001	0.562946	0.414569	1
10	85000001	0.835612	0.414569	1
10	86000001	0.451144	0.414569	1
10	87000001	0.333265	0.414569	1
10	88000001	0.688927	0.414569	1
10	89000001	0.416303	0.414569	1
10	90000001	0.737535	0.414569	1
10	91000001	0.377003	0.414569	1
10	92000001	0.420761	0.414569	1
10	93000001	0.468202	0.414569	1
10	94000001	0.29995	0.414569	1
10	95000001	0.401406	0.414569	1
10	96000001	0.384228	0.414569	1
10	97000001	0.251399	0.414569	1
10	98000001	0.520137	0.414569	1
10	99000001	0.367991	0.414569	1
10	100000001	0.313301	0.414569	1
10	101000001	0.374154	0.414569	1
10	102000001	0.336727	0.414569	1
10	103000001	0.29771	0.414569	1
10	104000001	0.367417	0.414569	1
10	105000001	0.219734	0.414569	1
10	106000001	0.427701	0.414569	1
10	107000001	0.41875	0.414569	1
10	108000001	0.503573	0.414569	1
10	109000001	0.41226	0.414569	1
10	110000001	0.446116	0.414569	1
10	111000001	0.939182	0.414569	1
10	112000001	0.431922	0.414569	1
10	113000001	0.34719	0.414569	1
10	114000001	0.307944	0.414569	1
10	115000001	0.301798	0.414569	1
10	116000001	0.51472	0.414569	1
10	117000001	0.24766	0.414569	1
10	118000001	0.320188	0.414569	1
10	119000001	0.296543	0.414569	1
10	120000001	0.499876	0.414569	1
10	121000001	0.523513	0.414569	1
10	122000001	0.67237	0.414569	1
10	123000001	0.357012	0.414569	1
10	124000001	0.254799	0.414569	1
10	125000001	0.469158	0.414569	1
10	126000001	3.54304	3.54304	11
10	127000001	0.25689	0.28063	1
10	128000001	0.268085	0.28063	1
10	129000001	0.335046	0.28063	1
10	130000001	0.428034	0.28063	1
10	131000001	0.239627	0.28063	1
10	132000001	0.28063	0.28063	1
10	133000001	3.21141	0.28063	1
11	1	3.01312	3.29822	10
11	1000001	3.88145	3.29822	10
11	2000001	3.29822	3.29822	10
11	3000001	2.69753	2.64966	8
11	4000001	2.57795	2.64966	8
11	5000001	2.60179	2.64966	8
11	6000001	3.21213	2.64966	8
11	7000001	1.87652	1.87652	6
11	8000001	2.79225	2.91289	9
11	9000001	2.91557	2.91289	9
11	10000001	2.91289	2.91289	9
11	11000001	4.3476	4.3476	13
11	12000001	2.39757	2.48538	7
11	13000001	2.37206	2.48538	7
11	14000001	2.66648	2.48538	7
11	15000001	2.75805	2.48538	7
11	16000001	2.34778	2.48538	7
11	17000001	2.5732	2.48538	7
11	18000001	2.87578	2.90588	9
11	19000001	3.22817	2.90588	9
11	20000001	2.43756	2.90588	9
11	21000001	2.98386	2.90588	9
11	22000001	3.12503	2.90588	9
11	23000001	2.57479	2.90588	9
11	24000001	2.80913	2.90588	9
11	25000001	2.92222	2.90588	9
11	26000001	2.64129	2.90588	9
11	27000001	2.55082	2.90588	9
11	28000001	3.02447	2.90588	9
11	29000001	2.5138	2.90588	9
11	30000001	3.04493	2.90588	9
11	31000001	2.90588	2.90588	9
11	32000001	2.61525	2.90588	9
11	33000001	2.96084	2.90588	9
11	34000001	2.95683	2.90588	9
11	35000001	2.62677	2.71853	8
11	36000001	2.46362	2.71853	8
11	37000001	2.61384	2.71853	8
11	38000001	2.13174	2.71853	8
11	39000001	2.90259	2.71853	8
11	40000001	3.00455	2.71853	8
11	41000001	2.71491	2.71853	8
11	42000001	2.12945	2.71853	8
11	43000001	2.71501	2.71853	8
11	44000001	2.73667	2.71853	8
11	45000001	2.84616	2.71853	8
11	46000001	2.75518	2.71853	8
11	47000001	2.71853	2.71853	8
11	48000001	2.86089	2.71853	8
11	49000001	2.87782	2.71853	8
11	50000001	2.28902	2.71853	8
11	51000001	2.81682	2.71853	8
11	52000001	2.59799	2.71853	8
11	53000001	3.04382	2.71853	8
11	54000001	2.42121	2.49017	7
11	55000001	2.21753	2.49017	7
11	56000001	2.51685	2.49017	7
11	57000001	2.6853	2.49017	7
11	58000001	2.49017	2.49017	7
11	59000001	2.72241	2.49017	7
11	60000001	2.44554	2.49017	7
11	61000001	3.20039	3.03524	9
11	62000001	2.93774	3.03524	9
11	63000001	2.93148	3.03524	9
11	64000001	3.13018	3.03524	9
11	65000001	2.74882	3.03524	9
11	66000001	3.10543	3.03524	9
11	67000001	2.67701	3.03524	9
11	68000001	3.27564	3.03524	9
11	69000001	3.55307	3.03524	9
11	70000001	2.96504	3.03524	9
11	71000001	2.94647	3.03524	9
11	72000001	3.11471	3.03524	9
11	73000001	3.1289	3.03524	9
11	74000001	2.8844	3.03524	9
11	75000001	2.80607	3.03524	9
11	76000001	3.16434	3.03524	9
11	77000001	2.66953	2.46922	7
11	78000001	2.61465	2.46922	7
11	79000001	2.46439	2.46922	7
11	80000001	2.28189	2.46922	7
11	81000001	2.44424	2.46922	7
11	82000001	2.9193	2.46922	7
11	83000001	2.81468	2.46922	7
11	84000001	2.29557	2.46922	7
11	85000001	2.31739	2.46922	7
11	86000001	2.53169	2.46922	7
11	87000001	2.41842	2.46922	7
11	88000001	2.32725	2.46922	7
11	89000001	2.60899	2.46922	7
11	90000001	2.28684	2.46922	7
11	91000001	2.7549	2.46922	7
11	92000001	2.47405	2.46922	7
11	93000001	2.34585	2.46922	7
11	94000001	2.84133	2.46922	7
11	95000001	2.69401	2.46922	7
11	96000001	2.43358	2.46922	7
11	97000001	1.92733	2.13166	6
11	98000001	2.16157	2.13166	6
11	99000001	2.02197	2.13166	6
11	100000001	2.28286	2.13166	6
11	101000001	2.10174	2.13166	6
11	102000001	2.20546	2.13166	6
11	103000001	2.45507	2.48439	7
11	104000001	3.12547	2.48439	7
11	105000001	2.36793	2.48439	7
11	106000001	2.48439	2.48439	7
11	107000001	3.03311	2.48439	7
11	108000001	2.18503	2.48439	7
11	109000001	2.64773	2.48439	7
11	110000001	2.50205	2.48439	7
11	111000001	2.68459	2.48439	7
11	112000001	2.59553	2.48439	7
11	113000001	2.46465	2.48439	7
11	114000001	2.32349	2.48439	7
11	115000001	2.36922	2.48439	7
11	116000001	2.80833	2.7761	8
11	117000001	2.70186	2.7761	8
11	118000001	3.24144	2.7761	8
11	119000001	3.0963	2.7761	8
11	120000001	2.47865	2.7761	8
11	121000001	2.67316	2.7761	8
11	122000001	2.61303	2.7761	8
11	123000001	2.8094	2.7761	8
11	124000001	2.39644	2.7761	8
11	125000001	2.81757	2.7761	8
11	126000001	3.27821	2.7761	8
11	127000001	2.92539	2.7761	8
11	128000001	2.59753	2.7761	8
11	129000001	2.74386	2.7761	8
11	130000001	3.11422	2.7761	8
11	131000001	2.87828	2.7761	8
11	132000001	2.67897	2.7761	8
11	133000001	2.60979	2.7761	8
11	134000001	2.85467	2.7761	8
11	135000001	2.24906	2.7761	8
12	1	2.69639	2.83139	8
12	1000001	3.03257	2.83139	8
12	2000001	2.98629	2.83139	8
12	3000001	3.42506	2.83139	8
12	4000001	2.80217	2.83139	8
12	5000001	2.86061	2.83139	8
12	6000001	2.74163	2.83139	8
12	7000001	2.75466	2.83139	8
12	8000001	2.59606	2.5126	8
12	9000001	2.42691	2.5126	8
12	10000001	1.99637	2.5126	8
12	11000001	2.77677	2.5126	8
12	12000001	2.27661	2.5126	8
12	13000001	2.80645	2.5126	8
12	14000001	2.72044	2.5126	8
12	15000001	2.34336	2.5126	8
12	16000001	2.44123	2.5126	8
12	17000001	2.66635	2.5126	8
12	18000001	2.84271	2.5126	8
12	19000001	2.53874	2.5126	8
12	20000001	2.28605	2.5126	8
12	21000001	2.50118	2.5126	8
12	22000001	2.5126	2.5126	8
12	23000001	2.43449	2.5126	8
12	24000001	2.75555	2.5126	8
12	25000001	2.30225	2.5126	8
12	26000001	3.00807	2.5126	8
12	27000001	2.8328	2.5126	8
12	28000001	2.49772	2.5126	8
12	29000001	2.97901	2.5126	8
12	30000001	2.3934	2.5126	8
12	31000001	2.66063	2.5126	8
12	32000001	2.28526	2.5126	8
12	33000001	2.95486	2.97745	9
12	34000001	3.12672	2.97745	9
12	35000001	2.91265	2.97745	9
12	36000001	3.00005	2.97745	9
12	37000001	2.3348	2.41671	7
12	38000001	2.3158	2.41671	7
12	39000001	2.25092	2.41671	7
12	40000001	1.95786	2.41671	7
12	41000001	2.49862	2.41671	7
12	42000001	2.73503	2.41671	7
12	43000001	2.51073	2.41671	7
12	44000001	2.51941	2.41671	7
12	45000001	2.05202	2.41671	7
12	46000001	2.72051	2.41671	7
12	47000001	3.11694	3.58121	11
12	48000001	4.04548	3.58121	11
12	49000001	2.88852	2.88543	9
12	50000001	2.26506	2.88543	9
12	51000001	3.12859	2.88543	9
12	52000001	2.88543	2.88543	9
12	53000001	2.63286	2.88543	9
12	54000001	2.6636	2.88543	9
12	55000001	2.5442	2.88543	9
12	56000001	3.00199	2.88543	9
12	57000001	2.94891	2.88543	9
12	58000001	2.49579	2.46962	7
12	59000001	2.28802	2.46962	7
12	60000001	2.09847	2.46962	7
12	61000001	2.56571	2.46962	7
12	62000001	2.46962	2.46962	7
12	63000001	2.32829	2.46962	7
12	64000001	2.91116	2.46962	7
12	65000001	2.54831	2.46962	7
12	66000001	2.51779	2.46962	7
12	67000001	2.71472	2.46962	7
12	68000001	2.04574	2.46962	7
12	69000001	2.42842	2.46962	7
12	70000001	2.11728	2.46962	7
12	71000001	2.9622	2.46962	7
12	72000001	3.00089	2.46962	7
12	73000001	2.5908	2.46962	7
12	74000001	1.80923	2.46962	7
12	75000001	2.39628	2.46962	7
12	76000001	2.29391	2.46962	7
12	77000001	2.3913	2.46962	7
12	78000001	2.58046	2.46962	7
12	79000001	2.52273	2.46962	7
12	80000001	2.35832	2.46962	7
12	81000001	2.60587	2.46962	7
12	82000001	2.23783	2.46962	7
12	83000001	2.12041	2.46962	7
12	84000001	2.55925	2.46962	7
12	85000001	2.31082	2.46962	7
12	86000001	2.85015	2.46962	7
12	87000001	2.26137	2.46962	7
12	88000001	2.22933	2.46962	7
12	89000001	2.49576	2.46962	7
12	90000001	2.3093	2.46962	7
12	91000001	2.4835	2.46962	7
12	92000001	2.30305	2.46962	7
12	93000001	2.55222	2.46962	7
12	94000001	2.8698	2.46962	7
12	95000001	2.43113	2.46962	7
12	96000001	2.08846	2.46962	7
12	97000001	2.54629	2.46962	7
12	98000001	2.49788	2.46962	7
12	99000001	2.45566	2.46962	7
12	100000001	2.78196	2.46962	7
12	101000001	2.53342	2.46962	7
12	102000001	2.41022	2.46962	7
12	103000001	2.62953	2.80431	8
12	104000001	2.63364	2.80431	8
12	105000001	3.12391	2.80431	8
12	106000001	3.07159	2.80431	8
12	107000001	2.20472	2.80431	8
12	108000001	2.72262	2.80431	8
12	109000001	2.95136	2.80431	8
12	110000001	2.59023	2.80431	8
12	111000001	3.1516	2.80431	8
12	112000001	2.98585	2.80431	8
12	113000001	2.82406	2.80431	8
12	114000001	2.43796	2.80431	8
12	115000001	2.70046	2.80431	8
12	116000001	2.8754	2.80431	8
12	117000001	2.41388	2.80431	8
12	118000001	2.80431	2.80431	8
12	119000001	2.85487	2.80431	8
12	120000001	2.7579	2.80431	8
12	121000001	2.7377	2.80431	8
12	122000001	2.84262	2.80431	8
12	123000001	3.05805	2.80431	8
12	124000001	2.57062	2.80431	8
12	125000001	2.85081	2.80431	8
12	126000001	2.34054	2.34054	7
12	127000001	2.24088	2.34054	7
12	128000001	2.2751	2.34054	7
12	129000001	2.83511	2.34054	7
12	130000001	2.73984	2.34054	7
12	131000001	4.20589	3.5271	11
12	132000001	3.36951	3.5271	11
12	133000001	3.5271	3.5271	11
13	1	-1	-1	2
13	1000001	-1	-1	2
13	2000001	-1	-1	2
13	3000001	-1	-1	2
13	4000001	-1	-1	2
13	5000001	-1	-1	2
13	6000001	-1	-1	2
13	7000001	-1	-1	2
13	8000001	-1	-1	2
13	9000001	-1	-1	2
13	10000001	-1	-1	2
13	11000001	-1	-1	2
13	12000001	-1	-1	2
13	13000001	-1	-1	2
13	14000001	-1	-1	2
13	15000001	-1	-1	2
13	16000001	1.24287	0.531364	2
13	17000001	1.01133	0.531364	2
13	18000001	0.483847	0.531364	2
13	19000001	0.390511	0.531364	2
13	20000001	0.317642	0.531364	2
13	21000001	0.188096	0.531364	2
13	22000001	0.623478	0.531364	2
13	23000001	0.66726	0.531364	2
13	24000001	0.448177	0.531364	2
13	25000001	0.410551	0.531364	2
13	26000001	0.573821	0.531364	2
13	27000001	0.411377	0.531364	2
13	28000001	0.306084	0.531364	2
13	29000001	0.39085	0.531364	2
13	30000001	0.388228	0.531364	2
13	31000001	0.751896	0.531364	2
13	32000001	1.1707	0.531364	2
13	33000001	0.430533	0.531364	2
13	34000001	0.724606	0.531364	2
13	35000001	0.785292	0.531364	2
13	36000001	0.893706	0.531364	2
13	37000001	0.464282	0.531364	2
13	38000001	0.475107	0.531364	2
13	39000001	0.531364	0.531364	2
13	40000001	0.371569	0.531364	2
13	41000001	1.13685	0.531364	2
13	42000001	0.447196	0.531364	2
13	43000001	0.639468	0.531364	2
13	44000001	0.227161	0.531364	2
13	45000001	0.466721	0.531364	2
13	46000001	0.320569	0.531364	2
13	47000001	0.363305	0.531364	2
13	48000001	0.643706	0.531364	2
13	49000001	0.511187	0.531364	2
13	50000001	0.316525	0.531364	2
13	51000001	0.471491	0.531364	2
13	52000001	0.470208	0.531364	2
13	53000001	0.858033	0.531364	2
13	54000001	0.682018	0.531364	2
13	55000001	0.348668	0.531364	2
13	56000001	0.45351	0.531364	2
13	57000001	0.396303	0.531364	2
13	58000001	1.04263	0.531364	2
13	59000001	0.589035	0.531364	2
13	60000001	0.617864	0.531364	2
13	61000001	0.799856	0.531364	2
13	62000001	0.582828	0.531364	2
13	63000001	0.850076	0.531364	2
13	64000001	0.421041	0.531364	2
13	65000001	0.575755	0.531364	2
13	66000001	0.391055	0.531364	2
13	67000001	0.531597	0.531364	2
13	68000001	0.683296	0.531364	2
13	69000001	0.669621	0.531364	2
13	70000001	0.248573	0.531364	2
13	71000001	1.46205	0.531364	2
13	72000001	0.352962	0.531364	2
13	73000001	0.183093	0.531364	2
13	74000001	1.02311	0.531364	2
13	75000001	0.633278	0.531364	2
13	76000001	0.749173	0.531364	2
13	77000001	0.34667	0.531364	2
13	78000001	0.718465	0.531364	2
13	79000001	0.673437	0.531364	2
13	80000001	1.86101	0.531364	2
13	81000001	0.85873	0.531364	2
13	82000001	0.31674	0.531364	2
13	83000001	0.327255	0.531364	2
13	84000001	0.476051	0.531364	2
13	85000001	0.253251	0.531364	2
13	86000001	0.912098	0.531364	2
13	87000001	0.61574	0.531364	2
13	88000001	0.542795	0.531364	2
13	89000001	1.56964	1.56964	5
13	90000001	5.07046	4.48999	13
13	91000001	3.90951	4.48999	13
13	92000001	2.15282	1.70111	5
13	93000001	1.2494	1.70111	5
13	94000001	0.526442	0.49333	1
13	95000001	0.169889	0.49333	1
13	96000001	0.367959	0.49333	1
13	97000001	0.691924	0.49333	1
13	98000001	0.306296	0.49333	1
13	99000001	0.304106	0.49333	1
13	100000001	0.342292	0.49333	1
13	101000001	0.396464	0.49333	1
13	102000001	0.49333	0.49333	1
13	103000001	0.505198	0.49333	1
13	104000001	0.733538	0.49333	1
13	105000001	0.517978	0.49333	1
13	106000001	0.498372	0.49333	1
13	107000001	1.26815	0.49333	1
13	108000001	0.55721	0.49333	1
13	109000001	0.737102	0.49333	1
13	110000001	0.190339	0.49333	1
13	111000001	0.515488	0.49333	1
13	112000001	0.34076	0.49333	1
13	113000001	0.349821	0.49333	1
13	114000001	0.207133	0.49333	1
14	1	-1	-1	6
14	1000001	-1	-1	6
14	2000001	-1	-1	6
14	3000001	-1	-1	6
14	4000001	-1	-1	6
14	5000001	-1	-1	6
14	6000001	-1	-1	6
14	7000001	-1	-1	6
14	8000001	-1	-1	6
14	9000001	-1	-1	6
14	10000001	-1	-1	6
14	11000001	-1	-1	6
14	12000001	-1	-1	6
14	13000001	-1	-1	6
14	14000001	-1	-1	6
14	15000001	-1	-1	6
14	16000001	2.16353	2.09629	6
14	17000001	1.06456	2.09629	6
14	18000001	2.09629	2.09629	6
14	19000001	4.90205	4.90205	15
14	20000001	2.18856	1.94604	6
14	21000001	1.55854	1.94604	6
14	22000001	2.02602	1.94604	6
14	23000001	2.48768	1.94604	6
14	24000001	2.02336	1.94604	6
14	25000001	1.73721	1.94604	6
14	26000001	1.85408	1.94604	6
14	27000001	1.78009	1.94604	6
14	28000001	1.79108	1.94604	6
14	29000001	1.9612	1.94604	6
14	30000001	1.389	1.94604	6
14	31000001	2.08151	1.94604	6
14	32000001	1.9714	1.94604	6
14	33000001	1.65019	1.94604	6
14	34000001	1.90381	1.94604	6
14	35000001	1.84376	1.94604	6
14	36000001	1.55054	1.94604	6
14	37000001	2.11755	1.94604	6
14	38000001	2.0411	1.94604	6
14	39000001	1.97045	1.94604	6
14	40000001	1.89553	1.94604	6
14	41000001	1.92407	1.94604	6
14	42000001	1.93088	1.94604	6
14	43000001	1.92892	1.94604	6
14	44000001	2.30447	1.94604	6
14	45000001	2.24153	1.94604	6
14	46000001	1.90188	1.94604	6
14	47000001	1.99878	1.94604	6
14	48000001	2.10166	1.94604	6
14	49000001	1.86392	1.94604	6
14	50000001	2.05252	1.94604	6
14	51000001	2.18561	1.94604	6
14	52000001	2.4484	1.94604	6
14	53000001	2.05337	1.94604	6
14	54000001	1.92751	1.94604	6
14	55000001	2.03659	1.94604	6
14	56000001	1.80089	1.94604	6
14	57000001	1.86743	1.94604	6
14	58000001	1.99185	1.94604	6
14	59000001	1.92895	1.94604	6
14	60000001	4.13705	4.13705	12
14	61000001	2.22568	2.04254	6
14	62000001	1.98131	2.04254	6
14	63000001	2.11489	2.04254	6
14	64000001	2.43373	2.04254	6
14	65000001	1.66086	2.04254	6
14	66000001	2.18705	2.04254	6
14	67000001	2.33497	2.04254	6
14	68000001	1.95206	2.04254	6
14	69000001	2.04254	2.04254	6
14	70000001	2.29763	2.04254	6
14	71000001	1.94295	2.04254	6
14	72000001	2.47016	2.04254	6
14	73000001	1.95439	2.04254	6
14	74000001	1.7886	2.04254	6
14	75000001	1.96421	2.04254	6
14	76000001	1.92296	2.04254	6
14	77000001	1.78915	2.04254	6
14	78000001	2.27672	2.04254	6
14	79000001	1.9765	2.04254	6
14	80000001	2.31434	2.04254	6
14	81000001	2.10441	2.04254	6
14	82000001	1.69476	1.92533	6
14	83000001	1.69101	1.92533	6
14	84000001	1.97816	1.92533	6
14	85000001	1.91259	1.92533	6
14	86000001	1.96277	1.92533	6
14	87000001	1.32695	1.92533	6
14	88000001	1.93807	1.92533	6
14	89000001	2.04177	1.92533	6
14	90000001	2.34965	2.34965	7
14	91000001	2.12184	2.34965	7
14	92000001	2.50642	2.34965	7
14	93000001	2.03903	2.34965	7
14	94000001	2.20847	2.34965	7
14	95000001	2.15784	2.34965	7
14	96000001	2.64085	2.34965	7
14	97000001	2.2083	2.34965	7
14	98000001	2.12846	2.34965	7
14	99000001	2.38596	2.34965	7
14	100000001	2.29443	2.34965	7
14	101000001	2.49397	2.34965	7
14	102000001	1.97999	2.34965	7
14	103000001	2.49409	2.34965	7
14	104000001	2.42624	2.34965	7
14	105000001	2.51541	2.34965	7
14	106000001	2.51541	2.34965	7
14	107000001	-1	-1	7
15	1	-1	-1	10
15	1000001	-1	-1	10
15	2000001	-1	-1	10
15	3000001	-1	-1	10
15	4000001	-1	-1	10
15	5000001	-1	-1	10
15	6000001	-1	-1	10
15	7000001	-1	-1	10
15	8000001	-1	-1	10
15	9000001	-1	-1	10
15	10000001	-1	-1	10
15	11000001	-1	-1	10
15	12000001	-1	-1	10
15	13000001	-1	-1	10
15	14000001	-1	-1	10
15	15000001	-1	-1	10
15	16000001	-1	-1	10
15	17000001	2.82708	3.38647	10
15	18000001	2.99363	3.38647	10
15	19000001	3.72698	3.38647	10
15	20000001	4.1212	3.38647	10
15	21000001	3.95405	3.38647	10
15	22000001	3.44342	3.38647	10
15	23000001	3.04628	3.38647	10
15	24000001	3.00207	3.38647	10
15	25000001	3.87965	3.38647	10
15	26000001	3.27661	3.38647	10
15	27000001	3.51556	3.38647	10
15	28000001	3.58436	3.38647	10
15	29000001	3.38647	3.38647	10
15	30000001	3.50267	3.38647	10
15	31000001	3.48487	3.38647	10
15	32000001	3.21543	3.38647	10
15	33000001	3.60089	3.38647	10
15	34000001	3.36765	3.38647	10
15	35000001	3.33953	3.38647	10
15	36000001	3.25523	3.38647	10
15	37000001	3.12796	3.38647	10
15	38000001	3.32325	3.38647	10
15	39000001	2.85182	3.38647	10
15	40000001	3.85372	3.38647	10
15	41000001	3.30998	3.38647	10
15	42000001	3.55132	3.38647	10
15	43000001	4.02805	3.38647	10
15	44000001	2.94734	2.96907	9
15	45000001	2.83497	2.96907	9
15	46000001	3.18912	2.96907	9
15	47000001	2.99081	2.96907	9
15	48000001	3.13099	2.96907	9
15	49000001	2.58342	2.96907	9
15	50000001	2.76494	2.96907	9
15	51000001	3.21563	2.96907	9
15	52000001	3.14961	2.96907	9
15	53000001	2.77316	2.96907	9
15	54000001	3.59676	3.37938	10
15	55000001	3.59815	3.37938	10
15	56000001	2.89975	3.37938	10
15	57000001	3.38733	3.37938	10
15	58000001	3.32684	3.37938	10
15	59000001	3.37142	3.37938	10
15	60000001	3.26929	3.37938	10
15	61000001	3.39956	3.37938	10
15	62000001	3.60796	3.37938	10
15	63000001	3.28866	3.37938	10
15	64000001	3.61145	3.7196	11
15	65000001	3.77399	3.7196	11
15	66000001	3.85702	3.7196	11
15	67000001	2.98714	3.7196	11
15	68000001	3.81648	3.7196	11
15	69000001	3.83239	3.7196	11
15	70000001	4.07614	3.7196	11
15	71000001	3.32797	3.7196	11
15	72000001	3.15987	3.7196	11
15	73000001	3.61562	3.7196	11
15	74000001	3.6652	3.7196	11
15	75000001	4.36262	3.7196	11
15	76000001	3.07915	3.7196	11
15	77000001	4.19666	3.7196	11
15	78000001	3.40877	3.32418	10
15	79000001	3.28974	3.32418	10
15	80000001	2.86858	3.32418	10
15	81000001	3.30259	3.32418	10
15	82000001	3.82919	3.32418	10
15	83000001	3.34577	3.32418	10
15	84000001	3.26561	3.32418	10
15	85000001	3.65247	3.32418	10
15	86000001	2.68519	2.82402	8
15	87000001	2.96285	2.82402	8
15	88000001	3.58381	3.5799	11
15	89000001	3.57599	3.5799	11
15	90000001	3.37226	3.5799	11
15	91000001	3.76492	3.5799	11
15	92000001	2.99482	3.19727	10
15	93000001	3.39972	3.19727	10
15	94000001	2.88446	2.86431	9
15	95000001	2.59513	2.86431	9
15	96000001	2.86431	2.86431	9
15	97000001	3.39538	3.39459	10
15	98000001	3.39459	3.39459	10
15	99000001	3.27334	3.39459	10
15	100000001	3.28458	3.39459	10
15	101000001	3.585	3.39459	10
16	1	0.713068	0.859003	3
16	1000001	1.17315	0.859003	3
16	2000001	0.842128	0.859003	3
16	3000001	0.788337	0.859003	3
16	4000001	0.681972	0.859003	3
16	5000001	0.967589	0.859003	3
16	6000001	1.0235	0.859003	3
16	7000001	0.823857	0.859003	3
16	8000001	1.09149	0.859003	3
16	9000001	0.875879	0.859003	3
16	10000001	1.54744	1.07275	3
16	11000001	1.08561	1.07275	3
16	12000001	0.819297	1.07275	3
16	13000001	1.16027	1.07275	3
16	14000001	1.04863	1.07275	3
16	15000001	0.991104	1.07275	3
16	16000001	1.39811	1.07275	3
16	17000001	1.2826	1.07275	3
16	18000001	1.36697	1.07275	3
16	19000001	0.980597	1.07275	3
16	20000001	0.748275	1.07275	3
16	21000001	1.07275	1.07275	3
16	22000001	1.00184	1.07275	3
16	23000001	1.86546	1.07275	3
16	24000001	0.993246	1.07275	3
16	25000001	0.647334	1.07275	3
16	26000001	1.12695	1.07275	3
16	27000001	1.0831	1.07275	3
16	28000001	1.0621	1.07275	3
16	29000001	1.19368	1.07275	3
16	30000001	0.863458	1.07275	3
16	31000001	0.996074	1.07275	3
16	32000001	1.05451	1.07275	3
16	33000001	1.38842	1.07275	3
16	34000001	2.04704	1.07275	3
16	35000001	1.14727	1.07275	3
16	36000001	0.648888	1.07275	3
16	37000001	0.715686	1.07275	3
16	38000001	1.09999	1.07275	3
16	39000001	-1	-1	3
16	40000001	-1	-1	3
16	41000001	-1	-1	3
16	42000001	-1	-1	3
16	43000001	-1	-1	3
16	44000001	-1	-1	3
16	45000001	-1	-1	3
16	46000001	4.11976	4.11976	12
16	47000001	0.996808	1.10085	3
16	48000001	1.37169	1.10085	3
16	49000001	0.971121	1.10085	3
16	50000001	1.14351	1.10085	3
16	51000001	1.23854	1.10085	3
16	52000001	1.10446	1.10085	3
16	53000001	1.13544	1.10085	3
16	54000001	0.921718	1.10085	3
16	55000001	0.901936	1.10085	3
16	56000001	1.10786	1.10085	3
16	57000001	1.10759	1.10085	3
16	58000001	1.08593	1.10085	3
16	59000001	0.930413	1.10085	3
16	60000001	0.886113	1.10085	3
16	61000001	0.853861	1.10085	3
16	62000001	1.10085	1.10085	3
16	63000001	1.12795	1.10085	3
16	64000001	1.36713	1.10085	3
16	65000001	1.10899	1.10085	3
16	66000001	0.943866	1.10085	3
16	67000001	1.02951	1.10085	3
16	68000001	1.27751	1.10085	3
16	69000001	1.12379	1.10085	3
16	70000001	0.869529	1.10085	3
16	71000001	0.801543	1.10085	3
16	72000001	1.20586	1.10085	3
16	73000001	1.15955	1.10085	3
16	74000001	1.86611	1.10085	3
16	75000001	1.02478	1.10085	3
16	76000001	0.949553	1.10085	3
16	77000001	0.971654	1.10085	3
16	78000001	0.920774	1.10085	3
16	79000001	1.02453	1.10085	3
16	80000001	1.00986	1.10085	3
16	81000001	1.22425	1.10085	3
16	82000001	1.29042	1.10085	3
16	83000001	1.15827	1.10085	3
16	84000001	1.443	1.10085	3
16	85000001	1.07181	1.10085	3
16	86000001	2.25371	1.9555	6
16	87000001	1.04759	1.9555	6
16	88000001	1.9555	1.9555	6
16	89000001	0.913266	0.847245	3
16	90000001	0.781225	0.847245	3
17	1	0.638549	0.373373	1
17	1000001	0.35566	0.373373	1
17	2000001	0.361388	0.373373	1
17	3000001	0.385357	0.373373	1
17	4000001	0.27821	0.373373	1
17	5000001	0.430205	0.373373	1
17	6000001	0.224974	0.27495	1
17	7000001	0.274314	0.27495	1
17	8000001	0.152366	0.27495	1
17	9000001	0.232226	0.27495	1
17	10000001	0.220628	0.27495	1
17	11000001	0.199618	0.27495	1
17	12000001	0.292487	0.27495	1
17	13000001	0.281538	0.27495	1
17	14000001	0.502084	0.27495	1
17	15000001	0.337866	0.27495	1
17	16000001	0.296828	0.27495	1
17	17000001	0.320906	0.27495	1
17	18000001	0.27495	0.27495	1
17	19000001	0.283305	0.27495	1
17	20000001	0.0898994	0.27495	1
17	21000001	1.88224	1.88224	6
17	22000001	0.811672	0.642121	2
17	23000001	0.639718	0.642121	2
17	24000001	0.36241	0.642121	2
17	25000001	0.644525	0.642121	2
17	26000001	3.6363	3.6363	11
17	27000001	0.948167	1.00587	3
17	28000001	1.17811	1.00587	3
17	29000001	0.938029	1.00587	3
17	30000001	0.984379	1.00587	3
17	31000001	0.919276	1.00587	3
17	32000001	0.842739	1.00587	3
17	33000001	1.14826	1.00587	3
17	34000001	1.08814	1.00587	3
17	35000001	0.905517	1.00587	3
17	36000001	1.14862	1.00587	3
17	37000001	1.02775	1.00587	3
17	38000001	0.93656	1.00587	3
17	39000001	0.878439	1.00587	3
17	40000001	1.02883	1.00587	3
17	41000001	1.01129	1.00587	3
17	42000001	0.873229	1.00587	3
17	43000001	0.8528	1.00587	3
17	44000001	1.23289	1.00587	3
17	45000001	1.00587	1.00587	3
17	46000001	1.03234	1.00587	3
17	47000001	1.10614	1.00587	3
17	48000001	1.15103	1.00587	3
17	49000001	0.919535	1.00587	3
17	50000001	0.896419	1.00587	3
17	51000001	0.833165	1.00587	3
17	52000001	1.11984	1.00587	3
17	53000001	0.748876	1.00587	3
17	54000001	0.979648	1.00587	3
17	55000001	1.18026	1.00587	3
17	56000001	0.6513	1.00587	3
17	57000001	1.13596	1.00587	3
17	58000001	1.22649	1.00587	3
17	59000001	1.07838	1.00587	3
17	60000001	1.29997	1.26691	4
17	61000001	1.23385	1.26691	4
17	62000001	1.84475	1.26691	4
17	63000001	1.154	1.26691	4
17	64000001	0.920894	0.9864	3
17	65000001	1.00591	0.9864	3
17	66000001	0.969805	0.9864	3
17	67000001	1.30101	0.9864	3
17	68000001	1.0052	0.9864	3
17	69000001	1.23229	0.9864	3
17	70000001	0.962582	0.9864	3
17	71000001	0.9864	0.9864	3
17	72000001	1.22228	0.9864	3
17	73000001	1.12849	0.9864	3
17	74000001	0.947505	0.9864	3
17	75000001	0.916472	0.9864	3
17	76000001	0.841781	0.9864	3
17	77000001	2.45479	2.45479	7
17	78000001	1.04135	1.21901	4
17	79000001	1.21901	1.21901	4
17	80000001	1.22672	1.21901	4
17	81000001	3.82989	3.82989	11
17	82000001	0.892579	0.863497	3
17	83000001	0.834415	0.863497	3
18	1	4.63337	2.14989	6
18	1000001	1.75726	2.14989	6
18	2000001	2.06078	2.14989	6
18	3000001	2.59805	2.14989	6
18	4000001	1.98277	2.14989	6
18	5000001	1.82865	2.14989	6
18	6000001	2.16229	2.14989	6
18	7000001	2.1544	2.14989	6
18	8000001	2.21884	2.14989	6
18	9000001	2.09639	2.14989	6
18	10000001	2.34941	2.14989	6
18	11000001	1.72467	2.14989	6
18	12000001	1.96293	2.14989	6
18	13000001	1.91288	2.14989	6
18	14000001	1.92076	2.14989	6
18	15000001	1.79202	2.14989	6
18	16000001	2.58356	2.14989	6
18	17000001	2.41762	2.14989	6
18	18000001	2.95271	2.14989	6
18	19000001	2.66143	2.14989	6
18	20000001	2.40134	2.14989	6
18	21000001	1.75229	2.14989	6
18	22000001	2.22741	2.14989	6
18	23000001	2.14539	2.14989	6
18	24000001	2.30168	2.14989	6
18	25000001	1.70839	2.14989	6
18	26000001	1.84581	2.14989	6
18	27000001	2.31879	2.14989	6
18	28000001	1.83194	2.14989	6
18	29000001	2.58586	2.14989	6
18	30000001	1.36498	1.71607	5
18	31000001	1.89299	1.71607	5
18	32000001	1.65642	1.71607	5
18	33000001	1.65203	1.71607	5
18	34000001	1.59675	1.71607	5
18	35000001	1.66403	1.71607	5
18	36000001	2.01649	1.71607	5
18	37000001	1.54401	1.71607	5
18	38000001	1.71849	1.71607	5
18	39000001	1.70103	1.71607	5
18	40000001	2.04098	1.71607	5
18	41000001	1.71364	1.71607	5
18	42000001	1.9968	1.71607	5
18	43000001	1.96101	1.71607	5
18	44000001	2.24431	1.71607	5
18	45000001	1.69155	1.71607	5
18	46000001	1.72776	1.71607	5
18	47000001	1.75711	1.71607	5
18	48000001	1.4584	1.55078	5
18	49000001	1.55078	1.55078	5
18	50000001	1.11768	1.55078	5
18	51000001	1.80941	1.55078	5
18	52000001	1.78262	1.55078	5
18	53000001	1.94353	1.55078	5
18	54000001	1.21854	1.55078	5
18	55000001	1.25635	1.55078	5
18	56000001	1.75823	1.55078	5
18	57000001	1.7353	1.55078	5
18	58000001	1.48309	1.55078	5
18	59000001	1.52096	1.55078	5
18	60000001	1.60043	1.55078	5
18	61000001	2.88307	2.88307	9
18	62000001	1.53858	1.69728	5
18	63000001	1.63526	1.69728	5
18	64000001	2.15932	1.69728	5
18	65000001	1.99156	1.69728	5
18	66000001	1.60174	1.69728	5
18	67000001	1.93114	1.69728	5
18	68000001	1.74624	1.69728	5
18	69000001	1.73036	1.69728	5
18	70000001	1.71202	1.69728	5
18	71000001	1.31073	1.69728	5
18	72000001	1.64681	1.69728	5
18	73000001	1.28504	1.69728	5
18	74000001	1.58099	1.69728	5
18	75000001	1.55693	1.69728	5
18	76000001	1.71801	1.69728	5
18	77000001	2.47045	1.69728	5
18	78000001	1.69728	1.69728	5
18	79000001	1.88766	1.69728	5
18	80000001	1.30525	1.69728	5
19	1	1.10171	1.03567	3
19	1000001	1.23344	1.03567	3
19	2000001	1.22312	1.03567	3
19	3000001	0.890421	1.03567	3
19	4000001	1.21353	1.03567	3
19	5000001	0.813483	1.03567	3
19	6000001	0.95469	1.03567	3
19	7000001	1.79722	1.03567	3
19	8000001	0.870071	1.03567	3
19	9000001	1.14399	1.03567	3
19	10000001	1.03567	1.03567	3
19	11000001	1.07099	1.03567	3
19	12000001	0.986597	1.03567	3
19	13000001	0.952375	1.03567	3
19	14000001	1.24217	1.03567	3
19	15000001	0.852318	1.03567	3
19	16000001	2.24663	1.03567	3
19	17000001	0.926245	1.03567	3
19	18000001	1.15512	1.03567	3
19	19000001	1.2585	1.03567	3
19	20000001	0.894794	1.03567	3
19	21000001	0.58187	1.03567	3
19	22000001	0.792928	1.03567	3
19	23000001	1.01101	1.03567	3
19	24000001	1.60151	1.03567	3
19	25000001	3.69824	3.80943	11
19	26000001	3.92062	3.80943	11
19	27000001	1.74256	1.20357	4
19	28000001	1.15033	1.20357	4
19	29000001	0.949137	1.20357	4
19	30000001	1.06122	1.20357	4
19	31000001	1.25399	1.20357	4
19	32000001	1.20357	1.20357	4
19	33000001	1.12826	1.20357	4
19	34000001	1.27563	1.20357	4
19	35000001	1.04482	1.20357	4
19	36000001	1.74889	1.20357	4
19	37000001	1.30769	1.20357	4
19	38000001	1.01442	0.965406	3
19	39000001	0.847646	0.965406	3
19	40000001	1.00743	0.965406	3
19	41000001	0.899031	0.965406	3
19	42000001	0.774079	0.965406	3
19	43000001	1.04464	0.965406	3
19	44000001	0.859053	0.965406	3
19	45000001	0.968129	0.965406	3
19	46000001	0.938262	0.965406	3
19	47000001	0.965406	0.965406	3
19	48000001	0.775341	0.965406	3
19	49000001	0.949342	0.965406	3
19	50000001	1.10309	0.965406	3
19	51000001	0.959374	0.965406	3
19	52000001	0.997113	0.965406	3
19	53000001	1.09343	0.965406	3
19	54000001	1.1976	0.965406	3
19	55000001	1.08694	0.965406	3
19	56000001	0.605766	0.965406	3
19	57000001	1.12749	0.965406	3
19	58000001	0.792522	0.965406	3
2	1	0.949761	1.04939	3
2	1000001	1.36512	1.04939	3
2	2000001	1.03082	1.04939	3
2	3000001	0.99566	1.04939	3
2	4000001	0.760103	1.04939	3
2	5000001	0.947235	1.04939	3
2	6000001	1.1555	1.04939	3
2	7000001	1.27015	1.04939	3
2	8000001	1.20174	1.04939	3
2	9000001	1.09916	1.04939	3
2	10000001	1.01309	1.04939	3
2	11000001	1.2856	1.04939	3
2	12000001	1.01785	1.04939	3
2	13000001	0.980186	1.04939	3
2	14000001	1.09214	1.04939	3
2	15000001	0.652806	1.04939	3
2	16000001	1.45621	1.04939	3
2	17000001	1.23012	1.04939	3
2	18000001	1.38426	1.04939	3
2	19000001	1.22605	1.04939	3
2	20000001	1.18779	1.04939	3
2	21000001	1.24509	1.04939	3
2	22000001	1.0794	1.04939	3
2	23000001	0.832975	1.04939	3
2	24000001	1.09229	1.04939	3
2	25000001	1.11061	1.04939	3
2	26000001	1.24218	1.04939	3
2	27000001	0.89383	1.04939	3
2	28000001	0.971504	1.04939	3
2	29000001	1.03828	1.04939	3
2	30000001	0.9003	1.04939	3
2	31000001	0.930625	1.04939	3
2	32000001	1.15396	1.04939	3
2	33000001	1.09304	1.04939	3
2	34000001	1.29599	1.04939	3
2	35000001	1.22005	1.04939	3
2	36000001	1.31185	1.04939	3
2	37000001	0.96991	1.04939	3
2	38000001	1.16133	1.04939	3
2	39000001	0.888393	1.04939	3
2	40000001	1.30208	1.04939	3
2	41000001	1.11461	1.04939	3
2	42000001	0.999677	1.04939	3
2	43000001	0.770532	1.04939	3
2	44000001	0.948379	1.04939	3
2	45000001	1.04995	1.04939	3
2	46000001	0.854773	1.04939	3
2	47000001	0.88069	1.04939	3
2	48000001	1.57755	1.04939	3
2	49000001	0.808311	1.04939	3
2	50000001	0.833187	1.04939	3
2	51000001	0.660521	1.04939	3
2	52000001	1.04939	1.04939	3
2	53000001	0.80547	1.04939	3
2	54000001	1.31557	1.04939	3
2	55000001	0.959697	1.04939	3
2	56000001	0.963288	1.04939	3
2	57000001	2.5588	2.5588	8
2	58000001	1.29992	1.36046	4
2	59000001	1.56893	1.36046	4
2	60000001	1.34587	1.36046	4
2	61000001	1.46215	1.36046	4
2	62000001	1.37504	1.36046	4
2	63000001	1.3423	1.36046	4
2	64000001	0.938267	0.967671	3
2	65000001	0.703723	0.967671	3
2	66000001	0.950768	0.967671	3
2	67000001	0.881646	0.967671	3
2	68000001	1.64492	0.967671	3
2	69000001	0.827797	0.967671	3
2	70000001	1.06354	0.967671	3
2	71000001	1.12122	0.967671	3
2	72000001	1.11639	0.967671	3
2	73000001	0.922276	0.967671	3
2	74000001	1.23892	0.967671	3
2	75000001	0.967671	0.967671	3
2	76000001	1.1221	0.967671	3
2	77000001	0.989306	0.967671	3
2	78000001	1.13256	0.967671	3
2	79000001	0.795986	0.967671	3
2	80000001	0.999223	0.967671	3
2	81000001	0.946198	0.967671	3
2	82000001	0.874062	0.967671	3
2	83000001	3.11497	3.11497	9
2	84000001	1.09016	1.09016	3
2	85000001	0.948442	1.09016	3
2	86000001	1.50316	1.09016	3
2	87000001	1.62858	1.09016	3
2	88000001	1.01359	1.09016	3
2	89000001	2.7289	2.7289	8
2	90000001	1.52879	1.11819	3
2	91000001	1.35281	1.11819	3
2	92000001	1.33721	1.11819	3
2	93000001	0.856788	1.11819	3
2	94000001	1.18695	1.11819	3
2	95000001	1.04992	1.11819	3
2	96000001	0.995369	1.11819	3
2	97000001	0.863837	1.11819	3
2	98000001	1.23412	1.11819	3
2	99000001	2.08033	1.11819	3
2	100000001	1.24168	1.11819	3
2	101000001	1.11819	1.11819	3
2	102000001	1.02656	1.11819	3
2	103000001	1.3169	1.11819	3
2	104000001	1.15824	1.11819	3
2	105000001	1.20318	1.11819	3
2	106000001	1.11141	1.11819	3
2	107000001	1.16842	1.11819	3
2	108000001	0.888533	1.11819	3
2	109000001	1.55637	1.11819	3
2	110000001	1.32987	1.11819	3
2	111000001	0.96917	1.11819	3
2	112000001	1.08768	1.11819	3
2	113000001	1.04552	1.11819	3
2	114000001	0.817974	1.11819	3
2	115000001	1.17269	1.11819	3
2	116000001	0.778553	1.11819	3
2	117000001	0.794027	1.11819	3
2	118000001	1.0292	1.11819	3
2	119000001	1.10508	1.11819	3
2	120000001	1.11821	1.11819	3
2	121000001	1.29224	1.11819	3
2	122000001	1.00205	1.11819	3
2	123000001	1.13392	1.11819	3
2	124000001	1.94772	1.11819	3
2	125000001	1.05571	1.11819	3
2	126000001	0.992621	1.11819	3
2	127000001	0.743036	1.11819	3
2	128000001	0.879074	1.11819	3
2	129000001	1.1765	1.11819	3
2	130000001	0.951097	1.11819	3
2	131000001	0.897717	1.11819	3
2	132000001	1.04464	1.11819	3
2	133000001	0.888876	1.11819	3
2	134000001	1.03041	1.11819	3
2	135000001	1.31021	1.11819	3
2	136000001	1.28194	1.11819	3
2	137000001	1.12578	1.11819	3
2	138000001	1.14197	1.11819	3
2	139000001	0.821066	1.11819	3
2	140000001	1.24115	1.11819	3
2	141000001	1.44474	1.11819	3
2	142000001	0.932291	1.11819	3
2	143000001	1.08002	1.11819	3
2	144000001	1.13275	1.11819	3
2	145000001	0.966939	1.11819	3
2	146000001	1.00152	1.11819	3
2	147000001	1.15043	1.11819	3
2	148000001	1.44426	1.11819	3
2	149000001	1.01601	1.11819	3
2	150000001	1.68734	1.11819	3
2	151000001	1.04816	1.11819	3
2	152000001	1.31744	1.11819	3
2	153000001	1.05576	1.11819	3
2	154000001	1.40062	1.11819	3
2	155000001	1.07808	1.11819	3
2	156000001	1.13855	1.11819	3
2	157000001	1.26783	1.11819	3
2	158000001	1.21013	1.11819	3
2	159000001	0.964991	1.11819	3
2	160000001	0.901308	1.11819	3
2	161000001	1.29982	1.11819	3
2	162000001	1.26695	1.11819	3
2	163000001	1.33359	1.11819	3
2	164000001	1.05375	1.11819	3
2	165000001	1.40792	1.11819	3
2	166000001	1.71364	1.11819	3
2	167000001	0.770643	1.11819	3
2	168000001	0.971432	1.11819	3
2	169000001	2.73745	2.73745	8
2	170000001	1.09866	1.09663	3
2	171000001	1.16856	1.09663	3
2	172000001	1.31314	1.09663	3
2	173000001	1.23445	1.09663	3
2	174000001	0.801419	1.09663	3
2	175000001	1.01322	1.09663	3
2	176000001	1.09459	1.09663	3
2	177000001	0.950659	1.09663	3
2	178000001	0.890534	1.09663	3
2	179000001	1.43001	1.09663	3
2	180000001	1.23386	1.09663	3
2	181000001	1.39695	1.09663	3
2	182000001	1.14337	1.09663	3
2	183000001	1.28928	1.09663	3
2	184000001	1.38492	1.09663	3
2	185000001	1.07062	1.09663	3
2	186000001	0.945888	1.09663	3
2	187000001	1.05202	1.09663	3
2	188000001	1.16596	1.09663	3
2	189000001	0.867387	1.09663	3
2	190000001	1.05867	1.09663	3
2	191000001	1.17795	1.09663	3
2	192000001	1.04746	1.09663	3
2	193000001	0.862399	1.09663	3
2	194000001	3.57401	3.57401	11
2	195000001	1.24266	1.12306	3
2	196000001	1.08114	1.12306	3
2	197000001	1.44183	1.12306	3
2	198000001	0.989309	1.12306	3
2	199000001	1.21436	1.12306	3
2	200000001	0.930957	1.12306	3
2	201000001	0.782424	1.12306	3
2	202000001	0.95721	1.12306	3
2	203000001	1.36076	1.12306	3
2	204000001	1.65171	1.12306	3
2	205000001	1.33605	1.12306	3
2	206000001	1.08015	1.12306	3
2	207000001	1.44807	1.12306	3
2	208000001	1.39075	1.12306	3
2	209000001	1.18076	1.12306	3
2	210000001	1.08035	1.12306	3
2	211000001	1.26504	1.12306	3
2	212000001	1.21265	1.12306	3
2	213000001	1.19094	1.12306	3
2	214000001	1.06737	1.12306	3
2	215000001	1.11834	1.12306	3
2	216000001	1.04062	1.12306	3
2	217000001	1.05924	1.12306	3
2	218000001	0.910634	1.12306	3
2	219000001	0.900091	1.12306	3
2	220000001	1.12779	1.12306	3
2	221000001	1.83401	1.12306	3
2	222000001	1.06713	1.12306	3
2	223000001	1.29288	1.12306	3
2	224000001	1.11209	1.12306	3
2	225000001	2.47999	2.47999	7
2	226000001	0.687827	0.922339	3
2	227000001	0.898438	0.922339	3
2	228000001	1.43572	0.922339	3
2	229000001	1.50075	0.922339	3
2	230000001	0.922069	0.922339	3
2	231000001	0.896021	0.922339	3
2	232000001	1.25647	0.922339	3
2	233000001	0.922608	0.922339	3
2	234000001	1.24815	1.27266	4
2	235000001	1.5357	1.27266	4
2	236000001	1.37379	1.27266	4
2	237000001	1.15849	1.27266	4
2	238000001	2.04552	1.27266	4
2	239000001	0.919013	1.27266	4
2	240000001	1.07383	1.27266	4
2	241000001	1.31095	1.27266	4
2	242000001	1.27266	1.27266	4
20	1	3.10976	3.10976	9
20	1000001	0.442742	0.339749	1
20	2000001	0.267718	0.339749	1
20	3000001	0.250433	0.339749	1
20	4000001	0.219242	0.339749	1
20	5000001	0.278617	0.339749	1
20	6000001	0.326812	0.339749	1
20	7000001	0.234658	0.339749	1
20	8000001	0.872304	0.339749	1
20	9000001	0.242224	0.339749	1
20	10000001	0.583802	0.339749	1
20	11000001	0.280176	0.339749	1
20	12000001	0.454062	0.339749	1
20	13000001	0.391258	0.339749	1
20	14000001	0.722764	0.339749	1
20	15000001	0.282972	0.339749	1
20	16000001	0.270799	0.339749	1
20	17000001	0.40305	0.339749	1
20	18000001	0.564508	0.339749	1
20	19000001	0.258202	0.339749	1
20	20000001	0.378251	0.339749	1
20	21000001	0.39583	0.339749	1
20	22000001	0.339749	0.339749	1
20	23000001	0.421901	0.339749	1
20	24000001	0.362743	0.339749	1
20	25000001	0.250209	0.339749	1
20	26000001	1.03213	0.996496	3
20	27000001	0.944752	0.996496	3
20	28000001	0.996496	0.996496	3
20	29000001	1.58124	1.58124	5
20	30000001	1.31654	1.58124	5
20	31000001	1.75499	1.58124	5
20	32000001	0.893183	1.0036	3
20	33000001	0.835789	1.0036	3
20	34000001	0.888142	1.0036	3
20	35000001	0.643501	1.0036	3
20	36000001	0.959785	1.0036	3
20	37000001	0.935253	1.0036	3
20	38000001	1.06729	1.0036	3
20	39000001	0.944812	1.0036	3
20	40000001	1.04741	1.0036	3
20	41000001	1.23453	1.0036	3
20	42000001	0.732113	1.0036	3
20	43000001	0.779558	1.0036	3
20	44000001	1.42568	1.0036	3
20	45000001	1.13946	1.0036	3
20	46000001	1.1809	1.0036	3
20	47000001	1.12851	1.0036	3
20	48000001	1.26913	1.0036	3
20	49000001	1.16296	1.0036	3
20	50000001	0.622143	0.822053	2
20	51000001	0.922257	0.822053	2
20	52000001	0.822053	0.822053	2
20	53000001	0.677831	0.822053	2
20	54000001	0.752985	0.822053	2
20	55000001	0.808375	0.822053	2
20	56000001	0.702177	0.822053	2
20	57000001	0.963684	0.822053	2
20	58000001	1.1316	0.822053	2
20	59000001	1.00019	0.822053	2
20	60000001	0.790314	0.822053	2
20	61000001	1.21589	0.822053	2
20	62000001	0.954446	0.822053	2
20	63000001	1.01662	0.822053	2
20	64000001	0.795998	0.822053	2
21	1	-1	-1	7
21	1000001	-1	-1	7
21	2000001	-1	-1	7
21	3000001	-1	-1	7
21	4000001	-1	-1	7
21	5000001	2.47133	2.18442	7
21	6000001	1.89752	2.18442	7
21	7000001	3.74203	3.29932	10
21	8000001	3.19013	3.29932	10
21	9000001	2.20659	3.29932	10
21	10000001	3.4085	3.29932	10
21	11000001	1.47657	1.47657	4
21	12000001	1.03228	1.47657	4
21	13000001	1.59738	1.47657	4
21	14000001	1.9683	1.73533	5
21	15000001	1.66897	1.73533	5
21	16000001	2.00585	1.73533	5
21	17000001	1.72493	1.73533	5
21	18000001	1.7288	1.73533	5
21	19000001	1.19898	1.73533	5
21	20000001	2.12474	1.73533	5
21	21000001	1.99359	1.73533	5
21	22000001	1.3387	1.73533	5
21	23000001	1.97898	1.73533	5
21	24000001	1.64664	1.73533	5
21	25000001	1.65414	1.73533	5
21	26000001	1.57533	1.73533	5
21	27000001	1.25629	1.73533	5
21	28000001	2.43148	1.73533	5
21	29000001	1.75014	1.73533	5
21	30000001	1.57943	1.73533	5
21	31000001	1.52706	1.73533	5
21	32000001	1.99144	1.73533	5
21	33000001	1.53109	1.73533	5
21	34000001	1.61941	1.73533	5
21	35000001	1.79236	1.73533	5
21	36000001	1.38973	1.73533	5
21	37000001	1.73533	1.73533	5
21	38000001	1.6788	1.73533	5
21	39000001	1.69079	1.73533	5
21	40000001	1.99855	1.73533	5
21	41000001	1.94238	1.73533	5
21	42000001	1.84619	1.73533	5
21	43000001	1.86368	1.73533	5
21	44000001	1.95753	1.73533	5
21	45000001	1.84908	1.73533	5
21	46000001	2.23421	1.73533	5
22	1	-1	-1	7
22	1000001	-1	-1	7
22	2000001	-1	-1	7
22	3000001	-1	-1	7
22	4000001	-1	-1	7
22	5000001	-1	-1	7
22	6000001	-1	-1	7
22	7000001	-1	-1	7
22	8000001	-1	-1	7
22	9000001	-1	-1	7
22	10000001	2.14643	2.33521	7
22	11000001	2.33521	2.33521	7
22	12000001	2.96386	2.33521	7
22	13000001	1.43872	1.11732	3
22	14000001	0.795928	1.11732	3
22	15000001	2.42672	2.43658	7
22	16000001	3.27334	2.43658	7
22	17000001	1.3626	2.43658	7
22	18000001	2.44645	2.43658	7
22	19000001	5.02098	5.02098	15
22	20000001	4.6721	5.02098	15
22	21000001	5.29032	5.02098	15
22	22000001	5.81302	5.02098	15
22	23000001	3.85749	5.02098	15
22	24000001	1.15345	1.27733	4
22	25000001	1.04912	1.27733	4
22	26000001	1.44308	1.27733	4
22	27000001	1.4012	1.27733	4
22	28000001	0.816709	0.960032	3
22	29000001	1.0653	0.960032	3
22	30000001	0.960032	0.960032	3
22	31000001	0.495201	0.960032	3
22	32000001	1.19281	0.960032	3
22	33000001	0.814839	0.960032	3
22	34000001	1.00745	0.960032	3
22	35000001	1.23568	0.960032	3
22	36000001	1.03063	0.960032	3
22	37000001	0.956525	0.960032	3
22	38000001	0.747418	0.960032	3
22	39000001	1.08499	0.960032	3
22	40000001	0.89584	0.960032	3
22	41000001	0.860311	0.960032	3
22	42000001	0.911193	0.960032	3
22	43000001	0.92271	0.960032	3
22	44000001	1.10708	0.960032	3
22	45000001	1.09376	0.960032	3
22	46000001	0.805986	0.960032	3
22	47000001	1.14393	0.960032	3
22	48000001	1.13493	0.960032	3
22	49000001	0.688963	0.960032	3
22	50000001	1.30545	0.960032	3
3	1	0.571733	0.388663	1
3	1000001	0.475237	0.388663	1
3	2000001	0.407871	0.388663	1
3	3000001	0.205975	0.388663	1
3	4000001	0.231578	0.388663	1
3	5000001	0.265604	0.388663	1
3	6000001	1.24382	0.388663	1
3	7000001	0.425763	0.388663	1
3	8000001	0.267937	0.388663	1
3	9000001	0.321275	0.388663	1
3	10000001	0.121458	0.388663	1
3	11000001	0.386891	0.388663	1
3	12000001	0.285475	0.388663	1
3	13000001	0.19564	0.388663	1
3	14000001	0.233066	0.388663	1
3	15000001	0.250953	0.388663	1
3	16000001	0.489899	0.388663	1
3	17000001	0.821376	0.388663	1
3	18000001	0.724841	0.388663	1
3	19000001	0.237679	0.388663	1
3	20000001	0.348809	0.388663	1
3	21000001	0.532756	0.388663	1
3	22000001	0.287459	0.388663	1
3	23000001	0.14119	0.388663	1
3	24000001	0.427641	0.388663	1
3	25000001	0.288007	0.388663	1
3	26000001	0.386003	0.388663	1
3	27000001	0.489434	0.388663	1
3	28000001	0.590418	0.388663	1
3	29000001	0.411985	0.388663	1
3	30000001	0.0864427	0.388663	1
3	31000001	0.386843	0.388663	1
3	32000001	0.342932	0.388663	1
3	33000001	0.416869	0.388663	1
3	34000001	0.518743	0.388663	1
3	35000001	0.544899	0.388663	1
3	36000001	0.25318	0.388663	1
3	37000001	0.390436	0.388663	1
3	38000001	0.324074	0.388663	1
3	39000001	0.586964	0.388663	1
3	40000001	0.324065	0.388663	1
3	41000001	0.44531	0.388663	1
3	42000001	0.274777	0.388663	1
3	43000001	0.435192	0.388663	1
3	44000001	0.544944	0.388663	1
3	45000001	0.34036	0.388663	1
3	46000001	0.252353	0.388663	1
3	47000001	0.408635	0.388663	1
3	48000001	0.194647	0.388663	1
3	49000001	0.309665	0.388663	1
3	50000001	0.179658	0.388663	1
3	51000001	0.181873	0.388663	1
3	52000001	0.229568	0.388663	1
3	53000001	0.457661	0.388663	1
3	54000001	0.523901	0.388663	1
3	55000001	0.507815	0.388663	1
3	56000001	0.683978	0.388663	1
3	57000001	0.531836	0.388663	1
3	58000001	0.542834	0.388663	1
3	59000001	0.618708	0.388663	1
3	60000001	0.567214	0.388663	1
3	61000001	0.3646	0.388663	1
3	62000001	0.288374	0.388663	1
3	63000001	0.853665	0.388663	1
3	64000001	0.581106	0.388663	1
3	65000001	0.56226	0.388663	1
3	66000001	0.586988	0.388663	1
3	67000001	0.249482	0.388663	1
3	68000001	0.519106	0.388663	1
3	69000001	0.235015	0.388663	1
3	70000001	0.531597	0.388663	1
3	71000001	0.498372	0.388663	1
3	72000001	0.0708263	0.388663	1
3	73000001	0.171873	0.388663	1
3	74000001	0.610497	0.388663	1
3	75000001	1.28885	0.388663	1
3	76000001	0.408085	0.388663	1
3	77000001	0.997966	0.388663	1
3	78000001	0.572676	0.388663	1
3	79000001	0.386654	0.388663	1
3	80000001	0.824527	0.388663	1
3	81000001	0.221603	0.388663	1
3	82000001	0.61648	0.388663	1
3	83000001	0.447128	0.388663	1
3	84000001	0.401195	0.388663	1
3	85000001	0.96088	0.388663	1
3	86000001	0.644905	0.388663	1
3	87000001	0.688131	0.388663	1
3	88000001	0.305209	0.388663	1
3	89000001	0.631744	0.388663	1
3	90000001	0.286062	0.388663	1
3	91000001	0.232961	0.388663	1
3	92000001	0.276502	0.388663	1
3	93000001	0.237821	0.388663	1
3	94000001	0.537689	0.388663	1
3	95000001	0.37653	0.388663	1
3	96000001	0.646563	0.388663	1
3	97000001	0.912353	0.388663	1
3	98000001	0.441028	0.388663	1
3	99000001	0.556876	0.388663	1
3	100000001	0.455161	0.388663	1
3	101000001	0.200478	0.388663	1
3	102000001	0.209905	0.388663	1
3	103000001	0.393281	0.388663	1
3	104000001	0.416364	0.388663	1
3	105000001	0.250053	0.388663	1
3	106000001	0.917586	0.388663	1
3	107000001	0.346651	0.388663	1
3	108000001	0.602418	0.388663	1
3	109000001	0.501963	0.388663	1
3	110000001	0.674898	0.388663	1
3	111000001	0.569879	0.388663	1
3	112000001	0.528204	0.388663	1
3	113000001	0.430959	0.388663	1
3	114000001	0.40206	0.388663	1
3	115000001	0.191811	0.388663	1
3	116000001	0.294111	0.388663	1
3	117000001	0.409762	0.388663	1
3	118000001	0.274132	0.388663	1
3	119000001	0.262755	0.388663	1
3	120000001	0.31151	0.388663	1
3	121000001	0.220743	0.388663	1
3	122000001	0.281097	0.388663	1
3	123000001	0.266938	0.388663	1
3	124000001	0.363506	0.388663	1
3	125000001	0.298947	0.388663	1
3	126000001	0.170083	0.388663	1
3	127000001	0.170509	0.388663	1
3	128000001	0.344852	0.388663	1
3	129000001	0.197924	0.388663	1
3	130000001	0.261613	0.388663	1
3	131000001	0.336281	0.388663	1
3	132000001	1.09987	0.388663	1
3	133000001	0.226071	0.388663	1
3	134000001	0.21081	0.388663	1
3	135000001	0.23186	0.388663	1
3	136000001	0.36119	0.388663	1
3	137000001	0.421819	0.388663	1
3	138000001	0.961018	1.07246	3
3	139000001	1.05197	1.07246	3
3	140000001	1.11411	1.07246	3
3	141000001	1.21467	1.07246	3
3	142000001	0.770883	1.07246	3
3	143000001	1.92078	1.07246	3
3	144000001	0.859664	1.07246	3
3	145000001	0.784212	1.07246	3
3	146000001	0.912323	1.07246	3
3	147000001	0.798649	1.07246	3
3	148000001	0.772541	1.07246	3
3	149000001	1.20187	1.07246	3
3	150000001	0.954044	1.07246	3
3	151000001	0.974007	1.07246	3
3	152000001	1.5171	1.07246	3
3	153000001	1.2561	1.07246	3
3	154000001	1.32357	1.07246	3
3	155000001	1.20222	1.07246	3
3	156000001	0.993603	1.07246	3
3	157000001	1.09295	1.07246	3
3	158000001	1.23756	1.07246	3
3	159000001	1.25686	1.07246	3
3	160000001	0.515307	0.881257	3
3	161000001	0.892531	0.881257	3
3	162000001	0.971553	0.881257	3
3	163000001	0.928986	0.881257	3
3	164000001	0.685901	0.881257	3
3	165000001	0.881257	0.881257	3
3	166000001	0.804502	0.881257	3
3	167000001	1.14553	1.20797	4
3	168000001	1.23363	1.20797	4
3	169000001	0.962384	1.20797	4
3	170000001	1.31603	1.20797	4
3	171000001	1.1526	1.20797	4
3	172000001	1.396	1.20797	4
3	173000001	1.71116	1.20797	4
3	174000001	1.36772	1.20797	4
3	175000001	1.12905	1.20797	4
3	176000001	1.41129	1.20797	4
3	177000001	1.15948	1.20797	4
3	178000001	1.06397	1.20797	4
3	179000001	1.19514	1.20797	4
3	180000001	1.22001	1.20797	4
3	181000001	1.89114	1.20797	4
3	182000001	1.20165	1.20797	4
3	183000001	1.12065	1.20797	4
3	184000001	1.2707	1.20797	4
3	185000001	1.21429	1.20797	4
3	186000001	1.6472	1.20797	4
3	187000001	1.16492	1.20797	4
3	188000001	1.10844	1.20797	4
3	189000001	1.31792	1.20797	4
3	190000001	1.02477	1.20797	4
3	191000001	1.6776	1.20797	4
3	192000001	1.07511	1.20797	4
3	193000001	0.9563	1.20797	4
3	194000001	1.2953	1.20797	4
3	195000001	1.15724	1.20797	4
3	196000001	1.38273	1.20797	4
3	197000001	0.954112	1.20797	4
3	198000001	2.10121	1.20797	4
4	1	2.46002	2.5908	8
4	1000001	2.30763	2.5908	8
4	2000001	3.10337	2.5908	8
4	3000001	2.5908	2.5908	8
4	4000001	2.31622	2.5908	8
4	5000001	2.30351	2.5908	8
4	6000001	2.5454	2.5908	8
4	7000001	2.97188	2.5908	8
4	8000001	2.68908	2.5908	8
4	9000001	3.26998	2.5908	8
4	10000001	2.80377	2.5908	8
4	11000001	1.96468	2.17841	7
4	12000001	1.99243	2.17841	7
4	13000001	1.80581	2.17841	7
4	14000001	2.96993	2.17841	7
4	15000001	2.07115	2.17841	7
4	16000001	2.33746	2.17841	7
4	17000001	2.90142	2.17841	7
4	18000001	2.06722	2.17841	7
4	19000001	2.76707	2.17841	7
4	20000001	1.58473	2.17841	7
4	21000001	1.85141	2.17841	7
4	22000001	2.57618	2.17841	7
4	23000001	2.51946	2.17841	7
4	24000001	2.35026	2.17841	7
4	25000001	2.05319	2.17841	7
4	26000001	2.29098	2.17841	7
4	27000001	2.81952	2.17841	7
4	28000001	2.10615	2.17841	7
4	29000001	2.52942	2.17841	7
4	30000001	1.85864	2.17841	7
4	31000001	1.67683	2.17841	7
4	32000001	2.11458	2.17841	7
4	33000001	2.28322	2.17841	7
4	34000001	1.87219	2.17841	7
4	35000001	2.00151	2.17841	7
4	36000001	2.40704	2.17841	7
4	37000001	2.24224	2.17841	7
4	38000001	2.45138	2.17841	7
4	39000001	5.55531	5.55531	17
4	40000001	2.40888	2.37158	7
4	41000001	2.33427	2.37158	7
4	42000001	2.233	2.37158	7
4	43000001	3.45948	2.37158	7
4	44000001	1.93679	1.94716	6
4	45000001	1.95152	1.94716	6
4	46000001	1.8116	1.94716	6
4	47000001	2.21183	1.94716	6
4	48000001	1.94716	1.94716	6
4	49000001	3.52461	3.24058	10
4	50000001	2.44742	3.24058	10
4	51000001	2.69508	3.24058	10
4	52000001	3.00868	3.24058	10
4	53000001	3.65821	3.24058	10
4	54000001	3.50744	3.24058	10
4	55000001	3.73867	3.24058	10
4	56000001	3.16138	3.24058	10
4	57000001	3.45552	3.24058	10
4	58000001	3.22515	3.24058	10
4	59000001	3.256	3.24058	10
4	60000001	2.86318	3.24058	10
4	61000001	2.41455	2.11101	6
4	62000001	2.09169	2.11101	6
4	63000001	1.83211	2.11101	6
4	64000001	1.99636	2.11101	6
4	65000001	1.92482	2.11101	6
4	66000001	1.80921	2.11101	6
4	67000001	2.49503	2.11101	6
4	68000001	2.15929	2.11101	6
4	69000001	2.10746	2.11101	6
4	70000001	3.65858	2.11101	6
4	71000001	2.57686	2.11101	6
4	72000001	1.94859	2.11101	6
4	73000001	2.22478	2.11101	6
4	74000001	1.96829	2.11101	6
4	75000001	1.94563	2.11101	6
4	76000001	2.30413	2.11101	6
4	77000001	2.17076	2.11101	6
4	78000001	1.96317	2.11101	6
4	79000001	1.86548	2.11101	6
4	80000001	2.35237	2.11101	6
4	81000001	2.25625	2.11101	6
4	82000001	2.40456	2.11101	6
4	83000001	1.6463	2.11101	6
4	84000001	2.10184	2.11101	6
4	85000001	2.07094	2.11101	6
4	86000001	1.73419	2.11101	6
4	87000001	2.08438	2.11101	6
4	88000001	2.29797	2.11101	6
4	89000001	1.89684	2.11101	6
4	90000001	1.86656	2.11101	6
4	91000001	2.10353	2.11101	6
4	92000001	2.53456	2.11101	6
4	93000001	2.08945	2.11101	6
4	94000001	2.17404	2.11101	6
4	95000001	1.67748	2.11101	6
4	96000001	1.95132	2.11101	6
4	97000001	1.72787	2.11101	6
4	98000001	2.16671	2.11101	6
4	99000001	2.09445	2.11101	6
4	100000001	2.4398	2.11101	6
4	101000001	2.26563	2.11101	6
4	102000001	2.48033	2.11101	6
4	103000001	2.08159	2.11101	6
4	104000001	3.35075	2.11101	6
4	105000001	2.19492	2.11101	6
4	106000001	2.03387	2.11101	6
4	107000001	1.99532	2.11101	6
4	108000001	2.10746	2.11101	6
4	109000001	2.92318	2.11101	6
4	110000001	2.70674	2.11101	6
4	111000001	1.55096	2.11101	6
4	112000001	1.90832	2.11101	6
4	113000001	2.41624	2.11101	6
4	114000001	1.73065	2.11101	6
4	115000001	1.81962	2.11101	6
4	116000001	1.7785	2.11101	6
4	117000001	2.4697	2.11101	6
4	118000001	1.96817	2.11101	6
4	119000001	2.23575	2.11101	6
4	120000001	2.08763	2.11101	6
4	121000001	2.38666	2.11101	6
4	122000001	1.95823	2.11101	6
4	123000001	1.81482	2.11101	6
4	124000001	2.15166	2.11101	6
4	125000001	2.20676	2.11101	6
4	126000001	2.75429	2.11101	6
4	127000001	1.99672	2.11101	6
4	128000001	2.63947	2.11101	6
4	129000001	1.80009	2.11101	6
4	130000001	1.65947	2.11101	6
4	131000001	2.06826	2.11101	6
4	132000001	1.99498	2.11101	6
4	133000001	1.9785	2.11101	6
4	134000001	1.96741	2.11101	6
4	135000001	2.27567	2.11101	6
4	136000001	2.05798	2.11101	6
4	137000001	2.10222	2.11101	6
4	138000001	2.15068	2.11101	6
4	139000001	2.56307	2.11101	6
4	140000001	2.21385	2.11101	6
4	141000001	2.04282	2.11101	6
4	142000001	2.06752	2.11101	6
4	143000001	2.49672	2.11101	6
4	144000001	1.96926	2.11101	6
4	145000001	2.11456	2.11101	6
4	146000001	2.66537	2.11101	6
4	147000001	2.57678	2.11101	6
4	148000001	2.58564	2.11101	6
4	149000001	2.2955	2.11101	6
4	150000001	1.81296	2.11101	6
4	151000001	2.33451	2.11101	6
4	152000001	2.47084	2.11101	6
4	153000001	2.28833	2.11101	6
4	154000001	2.04012	2.11101	6
4	155000001	2.61857	2.11101	6
4	156000001	1.90425	2.11101	6
4	157000001	2.63977	2.11101	6
4	158000001	2.65176	2.11101	6
4	159000001	1.89931	2.11101	6
4	160000001	1.80286	2.11101	6
4	161000001	1.65568	2.11101	6
4	162000001	1.56722	2.11101	6
4	163000001	1.33709	2.11101	6
4	164000001	2.39534	2.11101	6
4	165000001	2.14314	2.11101	6
4	166000001	2.16872	2.11101	6
4	167000001	2.434	2.11101	6
4	168000001	1.97902	2.11101	6
4	169000001	2.07828	2.11101	6
4	170000001	1.95611	2.11101	6
4	171000001	1.84288	2.11101	6
4	172000001	2.77279	2.11101	6
4	173000001	2.12568	2.11101	6
4	174000001	1.80826	2.11101	6
4	175000001	2.54956	2.11101	6
4	176000001	2.53055	2.11101	6
4	177000001	2.56258	2.11101	6
4	178000001	2.12986	2.11101	6
4	179000001	2.16038	2.11101	6
4	180000001	2.22884	2.11101	6
4	181000001	1.96528	2.11101	6
4	182000001	2.04543	2.11101	6
4	183000001	1.75994	2.11101	6
4	184000001	2.39689	2.11101	6
4	185000001	2.2801	2.11101	6
4	186000001	2.16167	2.11101	6
4	187000001	2.31794	2.11101	6
4	188000001	2.2334	2.11101	6
4	189000001	2.25162	2.11101	6
4	190000001	5.62581	2.11101	6
5	1	4.47192	4.19329	13
5	1000001	4.05975	4.19329	13
5	2000001	4.61129	4.19329	13
5	3000001	4.58424	4.19329	13
5	4000001	3.94054	4.19329	13
5	5000001	4.37264	4.19329	13
5	6000001	4.43985	4.19329	13
5	7000001	4.10529	4.19329	13
5	8000001	3.6551	4.19329	13
5	9000001	4.2599	4.19329	13
5	10000001	4.12668	4.19329	13
5	11000001	4.03851	4.19329	13
5	12000001	3.12989	3.69794	11
5	13000001	3.75836	3.69794	11
5	14000001	3.91544	3.69794	11
5	15000001	3.89746	3.69794	11
5	16000001	3.71921	3.69794	11
5	17000001	3.74823	3.69794	11
5	18000001	3.69794	3.69794	11
5	19000001	3.30202	3.69794	11
5	20000001	3.27139	3.69794	11
5	21000001	3.81112	3.69794	11
5	22000001	3.45504	3.69794	11
5	23000001	3.75304	3.69794	11
5	24000001	3.18288	3.69794	11
5	25000001	3.36485	3.69794	11
5	26000001	3.15605	3.69794	11
5	27000001	2.72061	2.72061	8
5	28000001	3.14566	2.72061	8
5	29000001	2.42772	2.72061	8
5	30000001	3.47059	3.65258	11
5	31000001	3.65657	3.65258	11
5	32000001	3.88461	3.65258	11
5	33000001	4.10377	3.65258	11
5	34000001	3.24135	3.65258	11
5	35000001	3.4716	3.65258	11
5	36000001	3.13001	3.65258	11
5	37000001	4.13916	3.65258	11
5	38000001	4.15657	3.65258	11
5	39000001	3.64859	3.65258	11
5	40000001	4.06279	3.65258	11
5	41000001	3.45391	3.65258	11
5	42000001	3.99764	3.65258	11
5	43000001	3.64738	3.65258	11
5	44000001	3.93782	3.65258	11
5	45000001	3.23428	3.65258	11
5	46000001	2.14747	2.6153	8
5	47000001	3.08314	2.6153	8
5	48000001	3.98317	3.38068	10
5	49000001	3.83468	3.38068	10
5	50000001	3.145	3.38068	10
5	51000001	3.42081	3.38068	10
5	52000001	2.97181	3.38068	10
5	53000001	3.77642	3.38068	10
5	54000001	3.00556	3.38068	10
5	55000001	2.73663	3.38068	10
5	56000001	3.57908	3.38068	10
5	57000001	3.19589	3.38068	10
5	58000001	3.30861	3.38068	10
5	59000001	3.48494	3.38068	10
5	60000001	3.41919	3.38068	10
5	61000001	2.79748	3.38068	10
5	62000001	3.15038	3.38068	10
5	63000001	2.8467	3.38068	10
5	64000001	3.29119	3.38068	10
5	65000001	3.78568	3.38068	10
5	66000001	3.56294	3.38068	10
5	67000001	3.18123	3.38068	10
5	68000001	3.13452	3.38068	10
5	69000001	4.13539	3.38068	10
5	70000001	4.06515	3.38068	10
5	71000001	3.76269	3.38068	10
5	72000001	3.21062	3.38068	10
5	73000001	3.27261	3.38068	10
5	74000001	3.46398	3.38068	10
5	75000001	2.95545	3.38068	10
5	76000001	3.78148	3.38068	10
5	77000001	3.38068	3.38068	10
5	78000001	3.14263	3.38068	10
5	79000001	2.82864	3.38068	10
5	80000001	3.70868	3.38068	10
5	81000001	3.55605	3.38068	10
5	82000001	3.54596	3.38068	10
5	83000001	3.46433	3.38068	10
5	84000001	2.93701	3.38068	10
5	85000001	2.836	3.38068	10
5	86000001	4.70061	3.38068	10
5	87000001	2.79647	3.00744	9
5	88000001	3.17647	3.00744	9
5	89000001	3.1064	3.00744	9
5	90000001	3.2362	3.00744	9
5	91000001	3.3336	3.00744	9
5	92000001	2.46815	3.00744	9
5	93000001	3.11527	3.00744	9
5	94000001	3.6268	3.00744	9
5	95000001	3.00744	3.00744	9
5	96000001	2.86424	3.00744	9
5	97000001	2.80213	3.00744	9
5	98000001	3.19241	3.00744	9
5	99000001	3.02423	3.00744	9
5	100000001	2.9205	3.00744	9
5	101000001	2.64544	3.00744	9
5	102000001	3.56437	3.00744	9
5	103000001	2.69209	3.00744	9
5	104000001	2.89509	3.00744	9
5	105000001	2.63616	3.00744	9
5	106000001	3.32201	3.28719	10
5	107000001	3.3529	3.28719	10
5	108000001	3.33929	3.28719	10
5	109000001	3.25019	3.28719	10
5	110000001	2.98379	3.28719	10
5	111000001	2.9542	3.28719	10
5	112000001	3.28719	3.28719	10
5	113000001	3.90885	3.28719	10
5	114000001	3.19773	3.28719	10
5	115000001	3.05559	3.28719	10
5	116000001	3.31431	3.28719	10
5	117000001	2.63663	2.63663	8
5	118000001	2.21034	2.63663	8
5	119000001	3.55077	2.63663	8
5	120000001	2.87902	2.63663	8
5	121000001	2.35468	2.63663	8
5	122000001	3.25534	3.2692	10
5	123000001	3.07143	3.2692	10
5	124000001	3.23723	3.2692	10
5	125000001	3.28832	3.2692	10
5	126000001	3.88074	3.2692	10
5	127000001	3.14454	3.2692	10
5	128000001	2.54612	3.2692	10
5	129000001	2.99569	3.2692	10
5	130000001	3.36754	3.2692	10
5	131000001	3.47829	3.2692	10
5	132000001	3.54373	3.2692	10
5	133000001	3.37771	3.2692	10
5	134000001	3.46017	3.2692	10
5	135000001	3.33905	3.2692	10
5	136000001	3.50029	3.2692	10
5	137000001	3.48392	3.2692	10
5	138000001	3.37843	3.2692	10
5	139000001	3.79819	3.2692	10
5	140000001	3.25762	3.2692	10
5	141000001	3.00401	3.2692	10
5	142000001	3.46881	3.2692	10
5	143000001	2.9694	3.2692	10
5	144000001	2.80295	3.2692	10
5	145000001	2.9136	3.2692	10
5	146000001	3.39486	3.2692	10
5	147000001	3.20145	3.2692	10
5	148000001	3.28831	3.2692	10
5	149000001	3.84056	3.2692	10
5	150000001	3.38016	3.2692	10
5	151000001	3.20378	3.2692	10
5	152000001	3.13287	3.2692	10
5	153000001	3.02507	3.2692	10
5	154000001	3.48172	3.2692	10
5	155000001	3.37289	3.2692	10
5	156000001	3.3238	3.2692	10
5	157000001	2.90442	3.2692	10
5	158000001	3.11901	3.2692	10
5	159000001	3.28078	3.2692	10
5	160000001	2.91355	3.2692	10
5	161000001	2.82019	3.2692	10
5	162000001	2.75895	3.2692	10
5	163000001	3.03698	3.2692	10
5	164000001	1.98944	2.12733	6
5	165000001	2.26522	2.12733	6
5	166000001	3.29631	3.29631	10
5	167000001	2.96544	3.29631	10
5	168000001	3.40213	3.29631	10
5	169000001	3.96352	3.29631	10
5	170000001	3.60012	3.29631	10
5	171000001	3.16128	3.29631	10
5	172000001	3.9519	3.29631	10
5	173000001	2.99523	3.29631	10
5	174000001	3.28196	3.29631	10
5	175000001	4.01615	4.18019	13
5	176000001	4.18019	4.18019	13
5	177000001	4.72526	4.18019	13
5	178000001	4.23998	4.18019	13
5	179000001	4.04231	4.18019	13
5	180000001	3.88329	4.18019	13
5	181000001	4.39688	4.18019	13
6	1	0.916513	0.997254	3
6	1000001	1.04402	0.997254	3
6	2000001	1.08216	0.997254	3
6	3000001	1.16136	0.997254	3
6	4000001	0.814491	0.997254	3
6	5000001	0.859919	0.997254	3
6	6000001	0.997254	0.997254	3
6	7000001	0.661055	0.997254	3
6	8000001	1.13628	0.997254	3
6	9000001	0.593532	0.997254	3
6	10000001	1.20181	0.997254	3
6	11000001	1.22956	0.997254	3
6	12000001	1.11799	0.997254	3
6	13000001	1.03349	0.997254	3
6	14000001	1.00786	0.997254	3
6	15000001	0.858348	0.997254	3
6	16000001	0.907292	0.997254	3
6	17000001	1.28686	0.997254	3
6	18000001	0.999024	0.997254	3
6	19000001	1.11614	0.997254	3
6	20000001	1.28557	0.997254	3
6	21000001	1.17823	0.997254	3
6	22000001	1.05392	0.997254	3
6	23000001	0.913939	0.997254	3
6	24000001	1.06201	0.997254	3
6	25000001	0.841428	0.997254	3
6	26000001	0.7498	0.997254	3
6	27000001	0.653191	0.997254	3
6	28000001	0.861958	0.997254	3
6	29000001	0.942188	0.997254	3
6	30000001	0.793047	0.997254	3
6	31000001	0.894129	0.997254	3
6	32000001	0.791299	0.997254	3
6	33000001	0.831515	0.997254	3
6	34000001	0.998174	0.997254	3
6	35000001	1.0111	0.997254	3
6	36000001	0.835243	0.997254	3
6	37000001	1.20714	0.997254	3
6	38000001	0.865572	0.997254	3
6	39000001	0.419627	0.410134	1
6	40000001	0.39131	0.410134	1
6	41000001	0.322994	0.410134	1
6	42000001	0.400944	0.410134	1
6	43000001	0.332158	0.410134	1
6	44000001	0.519047	0.410134	1
6	45000001	0.419323	0.410134	1
6	46000001	0.589399	0.410134	1
6	47000001	0.35935	0.410134	1
6	48000001	0.716703	0.410134	1
6	49000001	1.48726	1.48726	4
6	50000001	0.387483	0.419696	1
6	51000001	0.493162	0.419696	1
6	52000001	0.374126	0.419696	1
6	53000001	0.451908	0.419696	1
6	54000001	0.838522	0.838522	3
6	55000001	1.21357	0.838522	3
6	56000001	0.994954	0.838522	3
6	57000001	0.745223	0.838522	3
6	58000001	0.783935	0.838522	3
6	59000001	0.583708	0.399824	1
6	60000001	0.587551	0.399824	1
6	61000001	0.458663	0.399824	1
6	62000001	0.673376	0.399824	1
6	63000001	0.174033	0.399824	1
6	64000001	0.639371	0.399824	1
6	65000001	0.845804	0.399824	1
6	66000001	0.625419	0.399824	1
6	67000001	0.314864	0.399824	1
6	68000001	0.558995	0.399824	1
6	69000001	0.41083	0.399824	1
6	70000001	0.542914	0.399824	1
6	71000001	0.346227	0.399824	1
6	72000001	0.524505	0.399824	1
6	73000001	0.547069	0.399824	1
6	74000001	0.200858	0.399824	1
6	75000001	0.483146	0.399824	1
6	76000001	0.300281	0.399824	1
6	77000001	0.365387	0.399824	1
6	78000001	0.226905	0.399824	1
6	79000001	0.505282	0.399824	1
6	80000001	0.439468	0.399824	1
6	81000001	0.71118	0.399824	1
6	82000001	0.472114	0.399824	1
6	83000001	0.39316	0.399824	1
6	84000001	0.481857	0.399824	1
6	85000001	0.191212	0.399824	1
6	86000001	0.270168	0.399824	1
6	87000001	0.29183	0.399824	1
6	88000001	0.503581	0.399824	1
6	89000001	0.183696	0.399824	1
6	90000001	0.224241	0.399824	1
6	91000001	0.500745	0.399824	1
6	92000001	0.369284	0.399824	1
6	93000001	0.457976	0.399824	1
6	94000001	0.573646	0.399824	1
6	95000001	0.325239	0.399824	1
6	96000001	0.373827	0.399824	1
6	97000001	0.273741	0.399824	1
6	98000001	0.486506	0.399824	1
6	99000001	0.355419	0.399824	1
6	100000001	0.396131	0.399824	1
6	101000001	0.233357	0.399824	1
6	102000001	0.407262	0.399824	1
6	103000001	0.494156	0.399824	1
6	104000001	0.358645	0.399824	1
6	105000001	0.237993	0.399824	1
6	106000001	0.262289	0.399824	1
6	107000001	0.29487	0.399824	1
6	108000001	0.315682	0.399824	1
6	109000001	0.333717	0.399824	1
6	110000001	0.220316	0.399824	1
6	111000001	0.531505	0.399824	1
6	112000001	0.557734	0.399824	1
6	113000001	0.77838	0.399824	1
6	114000001	0.56068	0.399824	1
6	115000001	0.336166	0.399824	1
6	116000001	0.331664	0.399824	1
6	117000001	0.328185	0.399824	1
6	118000001	0.343288	0.399824	1
6	119000001	0.324728	0.399824	1
6	120000001	0.42829	0.399824	1
6	121000001	0.5171	0.399824	1
6	122000001	0.502642	0.399824	1
6	123000001	0.676792	0.399824	1
6	124000001	0.399824	0.399824	1
6	125000001	0.237931	0.399824	1
6	126000001	0.606728	0.399824	1
6	127000001	0.481294	0.399824	1
6	128000001	0.27908	0.399824	1
6	129000001	0.23936	0.399824	1
6	130000001	0.211513	0.399824	1
6	131000001	0.21736	0.399824	1
6	132000001	0.585445	0.399824	1
6	133000001	0.442167	0.399824	1
6	134000001	0.296294	0.399824	1
6	135000001	0.610305	0.399824	1
6	136000001	1.04486	0.951104	3
6	137000001	1.35368	0.951104	3
6	138000001	0.952536	0.951104	3
6	139000001	0.813434	0.951104	3
6	140000001	0.630984	0.951104	3
6	141000001	0.948527	0.951104	3
6	142000001	0.722724	0.951104	3
6	143000001	1.10092	0.951104	3
6	144000001	1.1137	0.951104	3
6	145000001	1.23537	0.951104	3
6	146000001	0.921469	0.951104	3
6	147000001	0.984214	0.951104	3
6	148000001	1.22625	0.951104	3
6	149000001	0.984973	0.951104	3
6	150000001	0.831019	0.951104	3
6	151000001	0.857704	0.951104	3
6	152000001	0.634698	0.951104	3
6	153000001	0.742476	0.951104	3
6	154000001	0.814656	0.951104	3
6	155000001	1.30918	0.951104	3
6	156000001	0.951104	0.951104	3
6	157000001	1.12735	0.951104	3
6	158000001	0.805659	0.951104	3
6	159000001	1.03627	0.951104	3
6	160000001	0.726366	0.951104	3
6	161000001	0.912686	0.951104	3
6	162000001	1.03921	0.951104	3
6	163000001	0.674276	0.951104	3
6	164000001	0.901368	0.951104	3
6	165000001	0.706437	0.951104	3
6	166000001	0.915122	0.951104	3
6	167000001	1.34078	0.951104	3
6	168000001	1.11349	0.951104	3
6	169000001	1.23038	0.951104	3
6	170000001	1.08306	0.951104	3
7	1	1.19409	1.07328	3
7	1000001	1.18055	1.07328	3
7	2000001	0.844233	1.07328	3
7	3000001	0.948816	1.07328	3
7	4000001	1.08314	1.07328	3
7	5000001	1.22353	1.07328	3
7	6000001	0.731645	1.07328	3
7	7000001	1.21718	1.07328	3
7	8000001	0.837537	1.07328	3
7	9000001	1.08173	1.07328	3
7	10000001	1.07641	1.07328	3
7	11000001	0.989	1.07328	3
7	12000001	0.727109	1.07328	3
7	13000001	1.38286	1.07328	3
7	14000001	1.02839	1.07328	3
7	15000001	1.67993	1.07328	3
7	16000001	0.845659	1.07328	3
7	17000001	1.09884	1.07328	3
7	18000001	1.3699	1.07328	3
7	19000001	1.39288	1.07328	3
7	20000001	1.26258	1.07328	3
7	21000001	1.07328	1.07328	3
7	22000001	1.13752	1.07328	3
7	23000001	1.0368	1.07328	3
7	24000001	1.17168	1.07328	3
7	25000001	1.37757	1.07328	3
7	26000001	0.920095	1.07328	3
7	27000001	1.32102	1.07328	3
7	28000001	0.907522	1.07328	3
7	29000001	0.999756	1.07328	3
7	30000001	0.886916	1.07328	3
7	31000001	0.998819	1.07328	3
7	32000001	0.671348	1.07328	3
7	33000001	1.00457	1.07328	3
7	34000001	1.73078	1.07328	3
7	35000001	1.04644	1.07328	3
7	36000001	0.986825	1.07328	3
7	37000001	1.16035	1.07328	3
7	38000001	1.37082	1.07328	3
7	39000001	0.951603	1.07328	3
7	40000001	0.744561	1.07328	3
7	41000001	1.94153	1.94153	6
7	42000001	1.29184	0.889844	3
7	43000001	1.25759	0.889844	3
7	44000001	0.862629	0.889844	3
7	45000001	1.02017	0.889844	3
7	46000001	1.08074	0.889844	3
7	47000001	1.10759	0.889844	3
7	48000001	0.829124	0.889844	3
7	49000001	1.42047	0.889844	3
7	50000001	0.600135	0.889844	3
7	51000001	0.856014	0.889844	3
7	52000001	0.79911	0.889844	3
7	53000001	0.832924	0.889844	3
7	54000001	1.61862	0.889844	3
7	55000001	0.889844	0.889844	3
7	56000001	0.88353	0.889844	3
7	57000001	1.39618	1.53729	5
7	58000001	1.75722	1.53729	5
7	59000001	1.60404	1.53729	5
7	60000001	1.47054	1.53729	5
7	61000001	0.937696	0.97783	3
7	62000001	1.1011	0.97783	3
7	63000001	0.800673	0.97783	3
7	64000001	0.900123	0.97783	3
7	65000001	1.5668	0.97783	3
7	66000001	0.769453	0.97783	3
7	67000001	0.879338	0.97783	3
7	68000001	0.954668	0.97783	3
7	69000001	0.968319	0.97783	3
7	70000001	1.27635	0.97783	3
7	71000001	0.60628	0.97783	3
7	72000001	1.13195	0.97783	3
7	73000001	1.22345	0.97783	3
7	74000001	1.01318	0.97783	3
7	75000001	1.21847	0.97783	3
7	76000001	1.05139	0.97783	3
7	77000001	0.95491	0.97783	3
7	78000001	0.817124	0.97783	3
7	79000001	1.16238	0.97783	3
7	80000001	1.23608	0.97783	3
7	81000001	1.04445	0.97783	3
7	82000001	0.680504	0.97783	3
7	83000001	0.596376	0.97783	3
7	84000001	1.23785	0.97783	3
7	85000001	0.672735	0.97783	3
7	86000001	0.742022	0.97783	3
7	87000001	1.00129	0.97783	3
7	88000001	0.84753	0.97783	3
7	89000001	0.953459	0.97783	3
7	90000001	1.05984	0.97783	3
7	91000001	0.911824	0.97783	3
7	92000001	1.06894	0.97783	3
7	93000001	0.886457	0.97783	3
7	94000001	0.762223	0.97783	3
7	95000001	1.21062	0.97783	3
7	96000001	0.776566	0.97783	3
7	97000001	1.07194	0.97783	3
7	98000001	1.38554	0.97783	3
7	99000001	1.09099	0.97783	3
7	100000001	0.954792	0.97783	3
7	101000001	1.04177	0.97783	3
7	102000001	0.943857	0.97783	3
7	103000001	0.987341	0.97783	3
7	104000001	0.992246	0.97783	3
7	105000001	0.673312	0.828526	2
7	106000001	1.04048	0.828526	2
7	107000001	0.983772	0.828526	2
7	108000001	0.561791	0.828526	2
7	109000001	0.831727	0.828526	2
7	110000001	0.767557	0.828526	2
7	111000001	0.524349	0.828526	2
7	112000001	1.4745	0.828526	2
7	113000001	0.900137	0.828526	2
7	114000001	1.23076	0.828526	2
7	115000001	0.587293	0.828526	2
7	116000001	0.783159	0.828526	2
7	117000001	0.776313	0.828526	2
7	118000001	0.98914	0.828526	2
7	119000001	0.876479	0.828526	2
7	120000001	1.23775	0.828526	2
7	121000001	0.922069	0.828526	2
7	122000001	0.850399	0.828526	2
7	123000001	0.906845	0.828526	2
7	124000001	0.726645	0.828526	2
7	125000001	1.05005	0.828526	2
7	126000001	0.650658	0.828526	2
7	127000001	0.865935	0.828526	2
7	128000001	0.911263	0.828526	2
7	129000001	0.825812	0.828526	2
7	130000001	0.82706	0.828526	2
7	131000001	0.79554	0.828526	2
7	132000001	1.00215	0.828526	2
7	133000001	0.766439	0.828526	2
7	134000001	0.829991	0.828526	2
7	135000001	0.769279	0.828526	2
7	136000001	0.896003	0.828526	2
7	137000001	0.786809	0.828526	2
7	138000001	0.785522	0.828526	2
7	139000001	0.796594	0.828526	2
7	140000001	0.760879	0.828526	2
7	141000001	0.990876	0.990876	3
7	142000001	1.30849	0.990876	3
7	143000001	0.955448	0.990876	3
7	144000001	0.870364	0.990876	3
7	145000001	0.981683	0.990876	3
7	146000001	1.01178	0.990876	3
7	147000001	0.837326	0.990876	3
7	148000001	1.00822	0.990876	3
7	149000001	0.946546	0.990876	3
7	150000001	1.46271	0.990876	3
7	151000001	1.3164	0.990876	3
7	152000001	1.03052	0.990876	3
7	153000001	1.19094	0.990876	3
7	154000001	0.988267	0.990876	3
7	155000001	0.934296	0.990876	3
7	156000001	0.832706	0.990876	3
7	157000001	0.946979	0.990876	3
7	158000001	1.58541	0.990876	3
7	159000001	1.16253	0.990876	3
8	1	2.12656	2.16033	6
8	1000001	2.64034	2.16033	6
8	2000001	2.02069	2.16033	6
8	3000001	1.78575	2.16033	6
8	4000001	1.82526	2.16033	6
8	5000001	1.65693	2.16033	6
8	6000001	2.08686	2.16033	6
8	7000001	2.50207	2.16033	6
8	8000001	2.22858	2.16033	6
8	9000001	1.77976	2.16033	6
8	10000001	2.36973	2.16033	6
8	11000001	2.43148	2.16033	6
8	12000001	2.94454	2.16033	6
8	13000001	2.2818	2.16033	6
8	14000001	2.15812	2.16033	6
8	15000001	2.10837	2.16033	6
8	16000001	1.8376	2.16033	6
8	17000001	2.48005	2.16033	6
8	18000001	1.76454	2.16033	6
8	19000001	2.41399	2.16033	6
8	20000001	2.28764	2.16033	6
8	21000001	2.76182	2.16033	6
8	22000001	2.18625	2.16033	6
8	23000001	1.96026	2.16033	6
8	24000001	1.57645	2.16033	6
8	25000001	2.54046	2.16033	6
8	26000001	2.17793	2.16033	6
8	27000001	2.349	2.16033	6
8	28000001	2.11973	2.16033	6
8	29000001	2.32147	2.16033	6
8	30000001	2.14326	2.16033	6
8	31000001	1.77105	2.16033	6
8	32000001	1.8653	2.16033	6
8	33000001	2.28644	2.16033	6
8	34000001	1.93766	2.16033	6
8	35000001	1.97855	2.16033	6
8	36000001	2.16254	2.16033	6
8	37000001	2.29243	2.16033	6
8	38000001	2.16344	2.16033	6
8	39000001	2.06211	2.16033	6
8	40000001	2.35629	2.16033	6
8	41000001	2.13784	2.16033	6
8	42000001	1.99875	1.94274	6
8	43000001	1.82371	1.94274	6
8	44000001	1.90375	1.94274	6
8	45000001	1.77601	1.94274	6
8	46000001	1.99296	1.94274	6
8	47000001	1.93223	1.94274	6
8	48000001	2.19361	1.94274	6
8	49000001	1.86272	1.94274	6
8	50000001	1.86242	1.94274	6
8	51000001	1.94407	1.94274	6
8	52000001	2.47222	1.94274	6
8	53000001	2.10988	1.94274	6
8	54000001	1.97711	1.94274	6
8	55000001	2.11972	1.94274	6
8	56000001	1.7639	1.94274	6
8	57000001	1.90845	1.94274	6
8	58000001	2.32802	1.94274	6
8	59000001	1.80608	1.94274	6
8	60000001	1.69395	1.94274	6
8	61000001	1.79577	1.94274	6
8	62000001	2.21993	1.94274	6
8	63000001	1.71414	1.94274	6
8	64000001	2.1167	1.94274	6
8	65000001	1.81416	1.94274	6
8	66000001	1.89108	1.94274	6
8	67000001	1.85171	1.94274	6
8	68000001	1.90793	1.94274	6
8	69000001	1.92765	1.94274	6
8	70000001	2.06348	1.94274	6
8	71000001	1.9218	1.94274	6
8	72000001	2.07208	1.94274	6
8	73000001	2.05633	1.94274	6
8	74000001	1.87571	1.94274	6
8	75000001	2.03989	1.94274	6
8	76000001	1.85601	1.94274	6
8	77000001	1.95874	1.94274	6
8	78000001	1.5954	1.94274	6
8	79000001	2.22642	1.94274	6
8	80000001	1.98133	1.94274	6
8	81000001	1.83898	1.94274	6
8	82000001	1.69605	1.94274	6
8	83000001	1.33439	1.94274	6
8	84000001	2.09268	1.94274	6
8	85000001	2.30953	1.94274	6
8	86000001	1.94886	1.94274	6
8	87000001	1.6487	1.94274	6
8	88000001	1.98343	1.94274	6
8	89000001	1.77456	1.94274	6
8	90000001	1.89493	1.94274	6
8	91000001	1.8447	1.94274	6
8	92000001	2.02069	1.94274	6
8	93000001	2.35231	1.94274	6
8	94000001	2.2998	1.94274	6
8	95000001	2.16314	1.94274	6
8	96000001	1.85518	1.94274	6
8	97000001	2.12786	1.94274	6
8	98000001	1.95328	1.94274	6
8	99000001	1.83941	1.94274	6
8	100000001	1.93055	1.94274	6
8	101000001	2.13653	1.94274	6
8	102000001	1.58705	1.94274	6
8	103000001	1.56913	1.94274	6
8	104000001	1.78681	1.94274	6
8	105000001	1.93538	1.94274	6
8	106000001	1.75556	1.94274	6
8	107000001	2.24485	1.94274	6
8	108000001	2.06981	1.94274	6
8	109000001	2.16711	1.94274	6
8	110000001	1.70081	1.94274	6
8	111000001	1.63203	1.94274	6
8	112000001	1.82111	1.94274	6
8	113000001	1.38494	1.94274	6
8	114000001	2.04656	1.94274	6
8	115000001	2.14855	1.94274	6
8	116000001	1.98624	1.94274	6
8	117000001	2.24854	1.94274	6
8	118000001	2.14198	1.94274	6
8	119000001	1.92354	1.94274	6
8	120000001	1.9954	1.94274	6
8	121000001	1.82179	1.94274	6
8	122000001	1.89397	1.94274	6
8	123000001	2.36788	1.94274	6
8	124000001	1.95516	1.94274	6
8	125000001	1.83691	1.94274	6
8	126000001	1.80787	1.94274	6
8	127000001	1.9526	1.94274	6
8	128000001	2.30298	1.94274	6
8	129000001	1.74342	1.94274	6
8	130000001	2.16764	1.94274	6
8	131000001	2.29129	1.94274	6
8	132000001	2.1698	1.94274	6
8	133000001	1.94274	1.94274	6
8	134000001	2.1565	1.94274	6
8	135000001	1.72403	1.61178	5
8	136000001	1.31036	1.61178	5
8	137000001	1.61178	1.61178	5
8	138000001	4.80692	4.80692	14
8	139000001	2.52872	2.58474	8
8	140000001	2.63695	2.58474	8
8	141000001	2.68498	2.58474	8
8	142000001	2.56706	2.58474	8
8	143000001	2.58474	2.58474	8
8	144000001	2.04388	2.16601	6
8	145000001	2.28814	2.16601	6
9	1	1.21637	0.928193	3
9	1000001	0.801973	0.928193	3
9	2000001	1.10457	0.928193	3
9	3000001	0.907845	0.928193	3
9	4000001	0.948542	0.928193	3
9	5000001	1.01684	0.928193	3
9	6000001	0.685033	0.928193	3
9	7000001	1.00324	0.928193	3
9	8000001	0.625905	0.928193	3
9	9000001	0.567592	0.928193	3
9	10000001	1.26834	1.14051	3
9	11000001	1.02271	1.14051	3
9	12000001	1.02847	1.14051	3
9	13000001	1.14051	1.14051	3
9	14000001	0.98986	1.14051	3
9	15000001	1.28149	1.14051	3
9	16000001	0.783961	1.14051	3
9	17000001	1.30666	1.14051	3
9	18000001	1.31289	1.14051	3
9	19000001	1.15771	1.14051	3
9	20000001	0.966738	1.14051	3
9	21000001	0.261139	0.327957	1
9	22000001	0.206348	0.327957	1
9	23000001	0.332123	0.327957	1
9	24000001	0.422241	0.327957	1
9	25000001	0.65236	0.327957	1
9	26000001	0.256314	0.327957	1
9	27000001	0.26411	0.327957	1
9	28000001	0.280753	0.327957	1
9	29000001	0.384744	0.327957	1
9	30000001	0.323792	0.327957	1
9	31000001	0.345635	0.327957	1
9	32000001	0.608017	0.327957	1
9	33000001	0.242733	0.327957	1
9	34000001	0.401992	0.327957	1
9	35000001	0.236794	0.327957	1
9	36000001	0.35489	0.327957	1
9	37000001	1.46666	1.505	5
9	38000001	1.74249	1.505	5
9	39000001	1.505	1.505	5
9	40000001	2.19649	2.38721	7
9	41000001	1.71588	2.38721	7
9	42000001	1.38602	2.38721	7
9	43000001	2.52616	2.38721	7
9	44000001	2.75057	2.38721	7
9	45000001	3.42329	2.38721	7
9	46000001	-1	2.38721	7
9	47000001	-1	2.38721	7
9	48000001	-1	2.38721	7
9	49000001	-1	2.38721	7
9	50000001	-1	2.38721	7
9	51000001	-1	2.38721	7
9	52000001	-1	2.38721	7
9	53000001	-1	2.38721	7
9	54000001	-1	2.38721	7
9	55000001	-1	2.38721	7
9	56000001	-1	2.38721	7
9	57000001	-1	2.38721	7
9	58000001	-1	2.38721	7
9	59000001	-1	2.38721	7
9	60000001	2.38721	2.38721	7
9	61000001	1.28526	1.60863	5
9	62000001	1.94057	1.60863	5
9	63000001	1.91627	1.60863	5
9	64000001	1.61677	1.60863	5
9	65000001	1.81905	1.60863	5
9	66000001	1.43015	1.60863	5
9	67000001	1.45763	1.60863	5
9	68000001	1.26417	1.60863	5
9	69000001	1.4203	1.60863	5
9	70000001	1.45184	1.60863	5
9	71000001	1.48003	1.60863	5
9	72000001	0.987677	1.60863	5
9	73000001	1.57	1.60863	5
9	74000001	1.60888	1.60863	5
9	75000001	1.60438	1.60863	5
9	76000001	1.99158	1.60863	5
9	77000001	1.79872	1.60863	5
9	78000001	1.71237	1.60863	5
9	79000001	1.85658	1.60863	5
9	80000001	1.40323	1.60863	5
9	81000001	1.76978	1.60863	5
9	82000001	1.76455	1.60863	5
9	83000001	1.57171	1.60863	5
9	84000001	1.76183	1.60863	5
9	85000001	2.056	1.60863	5
9	86000001	1.72293	1.60863	5
9	87000001	1.37519	1.60863	5
9	88000001	1.60838	1.60863	5
9	89000001	1.49326	1.60863	5
9	90000001	1.80726	1.60863	5
9	91000001	2.13992	2.18977	7
9	92000001	1.8544	2.18977	7
9	93000001	2.41446	2.18977	7
9	94000001	2.44619	2.18977	7
9	95000001	2.61609	2.18977	7
9	96000001	2.02963	2.18977	7
9	97000001	2.36846	2.18977	7
9	98000001	1.99708	2.18977	7
9	99000001	2.67176	2.18977	7
9	100000001	2.31935	2.18977	7
9	101000001	2.2189	2.18977	7
9	102000001	2.38419	2.18977	7
9	103000001	1.97382	2.18977	7
9	104000001	1.74565	2.18977	7
9	105000001	2.14754	2.18977	7
9	106000001	2.7412	2.18977	7
9	107000001	2.29251	2.18977	7
9	108000001	2.82733	2.18977	7
9	109000001	2.16064	2.18977	7
9	110000001	2.29219	2.18977	7
9	111000001	1.92429	2.18977	7
9	112000001	1.64707	2.18977	7
9	113000001	1.91838	2.18977	7
9	114000001	2.15145	2.18977	7
9	115000001	2.53868	2.18977	7
9	116000001	1.87059	2.18977	7
9	117000001	2.08027	2.18977	7
9	118000001	1.91336	2.18977	7
9	119000001	2.27735	2.18977	7
9	120000001	2.37495	2.18977	7
9	121000001	2.76805	2.18977	7
9	122000001	1.84464	2.18977	7
9	123000001	1.72995	2.18977	7
9	124000001	2.38727	2.18977	7
9	125000001	1.96731	2.18977	7
9	126000001	2.48513	2.18977	7
9	127000001	2.71251	2.9065	9
9	128000001	2.9065	2.9065	9
9	129000001	3.03846	2.9065	9
9	130000001	4.60823	4.54748	14
9	131000001	4.48673	4.54748	14
9	132000001	2.24775	2.64286	8
9	133000001	2.64286	2.64286	8
9	134000001	2.9673	2.64286	8
9	135000001	2.58357	2.64286	8
9	136000001	2.81704	2.64286	8
9	137000001	2.05674	2.64286	8
9	138000001	2.78264	2.64286	8
X	1	1.24628	1.37893	4
X	1000001	1.0449	1.37893	4
X	2000001	1.23341	1.37893	4
X	3000001	1.51982	1.37893	4
X	4000001	1.22427	1.37893	4
X	5000001	1.63534	1.37893	4
X	6000001	1.37893	1.37893	4
X	7000001	1.49873	1.37893	4
X	8000001	1.15605	1.37893	4
X	9000001	1.69709	1.37893	4
X	10000001	1.58236	1.37893	4
X	11000001	2.31407	2.31407	7
X	12000001	1.63927	1.34639	4
X	13000001	1.66592	1.34639	4
X	14000001	1.08554	1.34639	4
X	15000001	0.96262	1.34639	4
X	16000001	1.25521	1.34639	4
X	17000001	1.63098	1.34639	4
X	18000001	1.44396	1.34639	4
X	19000001	1.48569	1.34639	4
X	20000001	1.16276	1.34639	4
X	21000001	1.68623	1.34639	4
X	22000001	1.65816	1.34639	4
X	23000001	1.52191	1.34639	4
X	24000001	1.24511	1.34639	4
X	25000001	1.49557	1.34639	4
X	26000001	1.26999	1.34639	4
X	27000001	1.16371	1.34639	4
X	28000001	1.72607	1.34639	4
X	29000001	1.42804	1.34639	4
X	30000001	0.958433	1.34639	4
X	31000001	1.30261	1.34639	4
X	32000001	1.01405	1.34639	4
X	33000001	1.59888	1.34639	4
X	34000001	1.31699	1.34639	4
X	35000001	1.15591	1.34639	4
X	36000001	1.00758	1.34639	4
X	37000001	1.34639	1.34639	4
X	38000001	1.30449	1.34639	4
X	39000001	1.62111	1.34639	4
X	40000001	1.178	1.34639	4
X	41000001	1.50746	1.34639	4
X	42000001	1.14863	1.34639	4
X	43000001	1.28112	1.34639	4
X	44000001	1.32298	1.34639	4
X	45000001	1.22162	1.34639	4
X	46000001	1.11049	1.34639	4
X	47000001	1.88683	1.34639	4
X	48000001	1.71729	1.34639	4
X	49000001	1.32096	1.34639	4
X	50000001	1.03492	1.34639	4
X	51000001	1.1859	1.34639	4
X	52000001	1.50245	1.34639	4
X	53000001	1.42156	1.34639	4
X	54000001	1.35742	1.34639	4
X	55000001	1.48915	1.34639	4
X	56000001	1.29927	1.34639	4
X	57000001	1.29324	1.34639	4
X	58000001	1.43378	1.34639	4
X	59000001	1.58446	1.34639	4
X	60000001	1.87209	1.34639	4
X	61000001	1.32743	1.34639	4
X	62000001	1.34694	1.34639	4
X	63000001	1.16197	1.34639	4
X	64000001	1.11419	1.34639	4
X	65000001	1.5203	1.34639	4
X	66000001	1.69454	1.34639	4
X	67000001	1.41577	1.34639	4
X	68000001	1.74986	1.34639	4
X	69000001	1.67302	1.34639	4
X	70000001	1.69552	1.34639	4
X	71000001	1.68192	1.34639	4
X	72000001	1.27511	1.34639	4
X	73000001	1.5146	1.34639	4
X	74000001	1.1496	1.34639	4
X	75000001	1.17879	1.34639	4
X	76000001	1.2787	1.34639	4
X	77000001	2.26269	2.01666	6
X	78000001	1.77062	2.01666	6
X	79000001	1.45731	1.41162	4
X	80000001	1.28395	1.41162	4
X	81000001	1.3046	1.41162	4
X	82000001	1.49613	1.41162	4
X	83000001	1.29818	1.41162	4
X	84000001	1.73942	1.41162	4
X	85000001	1.53893	1.41162	4
X	86000001	1.32913	1.41162	4
X	87000001	1.36592	1.41162	4
X	88000001	1.6841	1.41162	4
X	89000001	1.29058	1.26349	4
X	90000001	0.97605	1.26349	4
X	91000001	1.26762	1.26349	4
X	92000001	1.28048	1.26349	4
X	93000001	1.17382	1.26349	4
X	94000001	1.29022	1.26349	4
X	95000001	1.66568	1.26349	4
X	96000001	1.19975	1.26349	4
X	97000001	1.06439	1.26349	4
X	98000001	1.33571	1.26349	4
X	99000001	1.52607	1.26349	4
X	100000001	1.27391	1.26349	4
X	101000001	1.51539	1.26349	4
X	102000001	1.11811	1.26349	4
X	103000001	1.46666	1.26349	4
X	104000001	1.26607	1.26349	4
X	105000001	1.36396	1.26349	4
X	106000001	1.09342	1.26349	4
X	107000001	1.24386	1.26349	4
X	108000001	1.30792	1.26349	4
X	109000001	1.63006	1.26349	4
X	110000001	1.52433	1.26349	4
X	111000001	1.19025	1.26349	4
X	112000001	1.32801	1.26349	4
X	113000001	1.22175	1.26349	4
X	114000001	0.998315	1.26349	4
X	115000001	1.54655	1.26349	4
X	116000001	0.969315	1.26349	4
X	117000001	1.17221	1.26349	4
X	118000001	1.18846	1.26349	4
X	119000001	1.30979	1.26349	4
X	120000001	1.12815	1.26349	4
X	121000001	1.20542	1.26349	4
X	122000001	0.910726	1.26349	4
X	123000001	1.71278	1.26349	4
X	124000001	1.15925	1.26349	4
X	125000001	0.874837	1.26349	4
X	126000001	1.33629	1.26349	4
X	127000001	1.13312	1.26349	4
X	128000001	1.32831	1.26349	4
X	129000001	1.45982	1.26349	4
X	130000001	1.38991	1.26349	4
X	131000001	1.27952	1.26349	4
X	132000001	1.249	1.26349	4
X	133000001	1.35354	1.26349	4
X	134000001	1.01705	1.26349	4
X	135000001	1.6879	1.26349	4
X	136000001	1.35798	1.26349	4
X	137000001	1.23259	1.26349	4
X	138000001	1.04864	1.26349	4
X	139000001	1.10937	1.26349	4
X	140000001	1.27055	1.26349	4
X	141000001	1.26349	1.26349	4
X	142000001	1.39724	1.26349	4
X	143000001	1.04504	1.26349	4
X	144000001	1.20108	1.26349	4
X	145000001	1.19718	1.26349	4
X	146000001	1.38303	1.26349	4
X	147000001	1.31897	1.26349	4
X	148000001	0.902504	1.26349	4
X	149000001	1.24513	1.26349	4
X	150000001	1.24914	1.26349	4
X	151000001	1.16998	1.26349	4
X	152000001	1.77534	1.65724	5
X	153000001	1.54804	1.65724	5
X	154000001	1.65724	1.65724	5
X	155000001	1.0014	1.65724	5
X	156000001	3.10489	1.65724	5
Y	1	-1	-1	1
Y	1000001	-1	-1	1
Y	2000001	0.36222	0.323093	1
Y	3000001	0.410712	0.323093	1
Y	4000001	0.242389	0.323093	1
Y	5000001	0.32285	0.323093	1
Y	6000001	0.323335	0.323093	1
Y	7000001	0.225778	0.323093	1
Y	8000001	0.061397	0.323093	1
Y	9000001	0.330089	0.323093	1
Y	10000001	2.06496	1.85012	6
Y	11000001	1.63529	1.85012	6
Y	12000001	0.509399	0.509399	2
Y	13000001	0.322429	0.350162	1
Y	14000001	0.350162	0.350162	1
Y	15000001	0.419371	0.350162	1
Y	16000001	0.153332	0.350162	1
Y	17000001	0.467435	0.350162	1
Y	18000001	0.369389	0.350162	1
Y	19000001	0.342872	0.350162	1
Y	20000001	0.326356	0.350162	1
Y	21000001	0.453988	0.350162	1
Y	22000001	0.276508	0.350162	1
Y	23000001	0.27382	0.350162	1
Y	24000001	0.344913	0.350162	1
Y	25000001	0.444442	0.350162	1
Y	26000001	0.629953	0.350162	1
Y	27000001	-1	0.350162	1
Y	28000001	-1	0.350162	1
Y	29000001	-1	0.350162	1
Y	30000001	-1	0.350162	1
Y	31000001	-1	0.350162	1
Y	32000001	-1	0.350162	1
Y	33000001	-1	0.350162	1
Y	34000001	-1	0.350162	1
Y	35000001	-1	0.350162	1
Y	36000001	-1	0.350162	1
Y	37000001	-1	0.350162	1
Y	38000001	-1	0.350162	1
Y	39000001	-1	0.350162	1
Y	40000001	-1	0.350162	1
Y	41000001	-1	0.350162	1
Y	42000001	-1	0.350162	1
Y	43000001	-1	0.350162	1
Y	44000001	-1	0.350162	1
Y	45000001	-1	0.350162	1
Y	46000001	-1	0.350162	1
Y	47000001	-1	0.350162	1
Y	48000001	-1	0.350162	1
Y	49000001	-1	0.350162	1
Y	50000001	-1	0.350162	1
Y	51000001	-1	0.350162	1
Y	52000001	-1	0.350162	1
Y	53000001	-1	0.350162	1
Y	54000001	-1	0.350162	1
Y	55000001	-1	0.350162	1
Y	56000001	1.19962	0.350162	1
Y	57000001	-1	-1	1
