Chromosome	Start	Ratio	MedianRatio	CopyNumber
1	1	1.82318	1.70114	5
1	1000001	1.52495	1.70114	5
1	2000001	1.98732	1.70114	5
1	3000001	1.57911	1.70114	5
1	4000001	1.38193	1.39148	4
1	5000001	1.28911	1.39148	4
1	6000001	1.79881	1.39148	4
1	7000001	1.4298	1.39148	4
1	8000001	1.3945	1.39148	4
1	9000001	1.54451	1.39148	4
1	10000001	1.33153	1.39148	4
1	11000001	1.39148	1.39148	4
1	12000001	1.32135	1.39148	4
1	13000001	1.41939	1.39148	4
1	14000001	1.51554	1.39148	4
1	15000001	1.18875	1.39148	4
1	16000001	1.52674	1.39148	4
1	17000001	1.64227	1.39148	4
1	18000001	1.40988	1.39148	4
1	19000001	1.75358	1.39148	4
1	20000001	1.31786	1.39148	4
1	21000001	1.39337	1.39148	4
1	22000001	1.43047	1.39148	4
1	23000001	1.29012	1.39148	4
1	24000001	1.37647	1.39148	4
1	25000001	1.3529	1.39148	4
1	26000001	1.23829	1.39148	4
1	27000001	1.25998	1.39148	4
1	28000001	1.40134	1.39148	4
1	29000001	1.40791	1.39148	4
1	30000001	1.49483	1.39148	4
1	31000001	1.46	1.39148	4
1	32000001	1.39019	1.39148	4
1	33000001	1.65464	1.39148	4
1	34000001	1.2578	1.39148	4
1	35000001	1.26847	1.39148	4
1	36000001	1.40739	1.39148	4
1	37000001	1.70258	1.39148	4
1	38000001	1.44001	1.39148	4
1	39000001	1.46547	1.39148	4
1	40000001	1.38199	1.39148	4
1	41000001	1.36398	1.39148	4
1	42000001	1.3691	1.39148	4
1	43000001	1.52727	1.39148	4
1	44000001	1.52682	1.39148	4
1	45000001	1.34159	1.39148	4
1	46000001	1.38729	1.39148	4
1	47000001	1.38916	1.39148	4
1	48000001	1.18249	1.39148	4
1	49000001	1.1047	1.39148	4
1	50000001	1.31052	1.39148	4
1	51000001	1.34432	1.39148	4
1	52000001	1.1089	1.39148	4
1	53000001	1.48291	1.39148	4
1	54000001	1.41223	1.39148	4
1	55000001	0.933965	0.897954	3
1	56000001	1.15927	0.897954	3
1	57000001	0.895745	0.897954	3
1	58000001	0.973862	0.897954	3
1	59000001	0.903807	0.897954	3
1	60000001	0.978774	0.897954	3
1	61000001	1.04872	0.897954	3
1	62000001	1.01364	0.897954	3
1	63000001	1.03289	0.897954	3
1	64000001	0.847568	0.897954	3
1	65000001	0.922188	0.897954	3
1	66000001	0.892442	0.897954	3
1	67000001	0.95627	0.897954	3
1	68000001	1.00799	0.897954	3
1	69000001	0.991614	0.897954	3
1	70000001	0.84894	0.897954	3
1	71000001	0.946849	0.897954	3
1	72000001	0.542261	0.897954	3
1	73000001	0.517689	0.897954	3
1	74000001	0.715415	0.897954	3
1	75000001	0.918389	0.897954	3
1	76000001	0.855508	0.897954	3
1	77000001	0.900162	0.897954	3
1	78000001	0.855604	0.897954	3
1	79000001	0.735988	0.897954	3
1	80000001	0.63325	0.897954	3
1	81000001	0.500125	0.897954	3
1	82000001	0.62724	0.897954	3
1	83000001	0.620512	0.897954	3
1	84000001	0.984076	0.897954	3
1	85000001	0.737322	0.897954	3
1	86000001	0.946533	0.897954	3
1	87000001	0.961322	0.897954	3
1	88000001	0.848796	0.897954	3
1	89000001	0.89025	0.897954	3
1	90000001	0.9024	0.897954	3
1	91000001	0.798305	0.897954	3
1	92000001	0.946179	0.897954	3
1	93000001	0.970355	0.897954	3
1	94000001	0.901964	0.897954	3
1	95000001	0.762312	0.897954	3
1	96000001	0.730556	0.897954	3
1	97000001	0.45591	0.897954	3
1	98000001	0.792168	0.897954	3
1	99000001	1.05976	0.897954	3
1	100000001	0.991787	0.897954	3
1	101000001	0.868253	0.897954	3
1	102000001	0.70291	0.897954	3
1	103000001	0.434242	0.413182	1
1	104000001	0.380676	0.413182	1
1	105000001	0.53306	0.413182	1
1	106000001	0.392121	0.413182	1
1	107000001	1.34656	1.26441	4
1	108000001	1.2448	1.26441	4
1	109000001	1.28402	1.26441	4
1	110000001	1.46648	1.26441	4
1	111000001	1.39629	1.26441	4
1	112000001	1.19505	1.26441	4
1	113000001	1.23384	1.26441	4
1	114000001	1.43199	1.26441	4
1	115000001	1.38568	1.26441	4
1	116000001	1.20017	1.26441	4
1	117000001	1.17884	1.26441	4
1	118000001	1.15272	1.26441	4
1	119000001	1.35146	1.26441	4
1	120000001	1.11246	1.26441	4
1	121000001	1.98892	1.26441	4
1	122000001	1.20899	1.26441	4
1	123000001	1.33567	1.26441	4
1	124000001	1.21409	1.26441	4
1	125000001	5.29353	-1	3
1	126000001	-1	-1	3
1	127000001	-1	-1	3
1	128000001	-1	-1	3
1	129000001	-1	-1	3
1	130000001	-1	-1	3
1	131000001	-1	-1	3
1	132000001	-1	-1	3
1	133000001	-1	-1	3
1	134000001	-1	-1	3
1	135000001	-1	-1	3
1	136000001	-1	-1	3
1	137000001	-1	-1	3
1	138000001	-1	-1	3
1	139000001	-1	-1	3
1	140000001	-1	-1	3
1	141000001	-1	-1	3
1	142000001	-1	-1	3
1	143000001	4.90838	-1	3
1	144000001	1.22063	0.986847	3
1	145000001	0.835456	0.986847	3
1	146000001	0.988189	0.986847	3
1	147000001	0.986847	0.986847	3
1	148000001	0.908602	0.986847	3
1	149000001	0.842861	0.986847	3
1	150000001	1.04842	0.986847	3
1	151000001	0.99562	0.986847	3
1	152000001	1.0215	0.986847	3
1	153000001	1.00614	0.986847	3
1	154000001	0.976549	0.986847	3
1	155000001	0.943159	0.986847	3
1	156000001	0.960115	0.986847	3
1	157000001	1.07282	0.986847	3
1	158000001	0.881687	0.986847	3
1	159000001	0.92665	0.986847	3
1	160000001	1.10093	0.986847	3
1	161000001	0.904139	0.986847	3
1	162000001	1.01052	0.986847	3
1	163000001	1.20069	1.29704	4
1	164000001	1.24745	1.29704	4
1	165000001	1.41576	1.29704	4
1	166000001	1.31985	1.29704	4
1	167000001	1.36787	1.29704	4
1	168000001	1.58926	1.29704	4
1	169000001	1.2388	1.29704	4
1	170000001	1.25589	1.29704	4
1	171000001	1.14378	1.29704	4
1	172000001	1.42653	1.29704	4
1	173000001	1.16085	1.29704	4
1	174000001	1.35908	1.29704	4
1	175000001	1.28364	1.29704	4
1	176000001	1.21984	1.29704	4
1	177000001	1.43271	1.29704	4
1	178000001	1.24094	1.29704	4
1	179000001	1.40041	1.29704	4
1	180000001	1.07425	1.29704	4
1	181000001	1.40741	1.29704	4
1	182000001	1.2174	1.29704	4
1	183000001	1.53577	1.29704	4
1	184000001	1.31044	1.29704	4
1	185000001	1.02595	1.29704	4
1	186000001	1.49645	1.29704	4
1	187000001	0.834848	0.728605	2
1	188000001	0.637292	0.728605	2
1	189000001	0.781479	0.728605	2
1	190000001	0.67573	0.728605	2
1	191000001	1.22582	1.249	4
1	192000001	1.25947	1.249	4
1	193000001	1.11645	1.249	4
1	194000001	1.01635	1.249	4
1	195000001	1.18988	1.249	4
1	196000001	1.011	1.249	4
1	197000001	1.12374	1.249	4
1	198000001	1.26352	1.249	4
1	199000001	1.08752	1.249	4
1	200000001	1.42759	1.249	4
1	201000001	1.39713	1.249	4
1	202000001	1.2959	1.249	4
1	203000001	1.32487	1.249	4
1	204000001	1.34409	1.249	4
1	205000001	1.48145	1.249	4
1	206000001	1.6252	1.249	4
1	207000001	1.23744	1.249	4
1	208000001	1.2317	1.249	4
1	209000001	1.33723	1.249	4
1	210000001	1.17793	1.249	4
1	211000001	1.30913	1.249	4
1	212000001	1.33831	1.249	4
1	213000001	1.19091	1.249	4
1	214000001	1.06637	1.249	4
1	215000001	0.929651	1.249	4
1	216000001	0.797041	1.249	4
1	217000001	1.00769	1.249	4
1	218000001	1.0788	1.249	4
1	219000001	1.2307	1.249	4
1	220000001	1.28954	1.249	4
1	221000001	1.3148	1.249	4
1	222000001	1.3828	1.249	4
1	223000001	1.22709	1.249	4
1	224000001	1.19455	1.249	4
1	225000001	1.35149	1.249	4
1	226000001	1.54874	1.249	4
1	227000001	1.29707	1.249	4
1	228000001	1.66965	1.249	4
1	229000001	1.60956	1.249	4
1	230000001	1.58733	1.249	4
1	231000001	1.10227	1.249	4
1	232000001	1.41481	1.249	4
1	233000001	1.36997	1.249	4
1	234000001	1.38681	1.249	4
1	235000001	1.14657	1.249	4
1	236000001	1.33108	1.249	4
1	237000001	1.15653	1.249	4
1	238000001	0.807742	1.249	4
1	239000001	0.77069	1.249	4
1	240000001	1.11788	1.249	4
1	241000001	1.53199	1.249	4
1	242000001	1.13173	1.249	4
1	243000001	0.969412	1.249	4
1	244000001	1.25138	1.249	4
1	245000001	1.5394	1.249	4
1	246000001	1.24662	1.249	4
1	247000001	1.32903	1.249	4
1	248000001	1.15638	1.249	4
10	1	1.39673	1.26476	4
10	1000001	1.13279	1.26476	4
10	2000001	0.805111	0.94448	3
10	3000001	1.14499	0.94448	3
10	4000001	1.01868	0.94448	3
10	5000001	0.92936	0.94448	3
10	6000001	1.0308	0.94448	3
10	7000001	1.06419	0.94448	3
10	8000001	0.907655	0.94448	3
10	9000001	0.883418	0.94448	3
10	10000001	0.899219	0.94448	3
10	11000001	0.953155	0.94448	3
10	12000001	1.06224	0.94448	3
10	13000001	0.976351	0.94448	3
10	14000001	1.16107	0.94448	3
10	15000001	0.820707	0.94448	3
10	16000001	0.914446	0.94448	3
10	17000001	0.905743	0.94448	3
10	18000001	0.785887	0.94448	3
10	19000001	0.772728	0.94448	3
10	20000001	0.877734	0.94448	3
10	21000001	0.979229	0.94448	3
10	22000001	0.853834	0.94448	3
10	23000001	0.993309	0.94448	3
10	24000001	1.00669	0.94448	3
10	25000001	1.04647	0.94448	3
10	26000001	0.668092	0.94448	3
10	27000001	0.924408	0.94448	3
10	28000001	1.12893	0.94448	3
10	29000001	1.09198	0.94448	3
10	30000001	0.788863	0.94448	3
10	31000001	1.0001	0.94448	3
10	32000001	1.09018	0.94448	3
10	33000001	1.18079	0.94448	3
10	34000001	0.935806	0.94448	3
10	35000001	1.15488	0.94448	3
10	36000001	0.863135	0.94448	3
10	37000001	0.790334	0.94448	3
10	38000001	1.03391	0.94448	3
10	39000001	0.927217	0.94448	3
10	40000001	1.53408	1.46261	4
10	41000001	0.920312	1.46261	4
10	42000001	1.48998	1.46261	4
10	43000001	1.49612	1.46261	4
10	44000001	1.32683	1.46261	4
10	45000001	1.25204	1.46261	4
10	46000001	1.67355	1.46261	4
10	47000001	1.56617	1.46261	4
10	48000001	1.46261	1.46261	4
10	49000001	1.3353	1.46261	4
10	50000001	1.38763	1.46261	4
10	51000001	0.767227	0.685889	2
10	52000001	0.697172	0.685889	2
10	53000001	0.51919	0.685889	2
10	54000001	0.573121	0.685889	2
10	55000001	0.658872	0.685889	2
10	56000001	0.685889	0.685889	2
10	57000001	0.911346	0.685889	2
10	58000001	1.18151	1.22028	4
10	59000001	1.21264	1.22028	4
10	60000001	1.10493	1.22028	4
10	61000001	1.28533	1.22028	4
10	62000001	1.15097	1.22028	4
10	63000001	1.22791	1.22028	4
10	64000001	1.13119	1.22028	4
10	65000001	0.917638	1.22028	4
10	66000001	0.838011	1.22028	4
10	67000001	1.18261	1.22028	4
10	68000001	1.17504	1.22028	4
10	69000001	1.37215	1.22028	4
10	70000001	1.51556	1.22028	4
10	71000001	1.57212	1.22028	4
10	72000001	1.27003	1.22028	4
10	73000001	1.40035	1.22028	4
10	74000001	1.18054	1.22028	4
10	75000001	1.41075	1.22028	4
10	76000001	1.36386	1.22028	4
10	77000001	1.20349	1.22028	4
10	78000001	1.27812	1.22028	4
10	79000001	1.30949	1.22028	4
10	80000001	1.13309	1.22028	4
10	81000001	1.27127	1.22028	4
10	82000001	0.502605	1.22028	4
10	83000001	0.960077	1.22028	4
10	84000001	1.32738	1.22028	4
10	85000001	1.31168	1.22028	4
10	86000001	0.781422	0.701306	2
10	87000001	0.593397	0.701306	2
10	88000001	0.616706	0.701306	2
10	89000001	0.747253	0.701306	2
10	90000001	0.729217	0.701306	2
10	91000001	0.699306	0.701306	2
10	92000001	0.496504	0.701306	2
10	93000001	0.855036	0.701306	2
10	94000001	0.695758	0.701306	2
10	95000001	0.736461	0.701306	2
10	96000001	0.68137	0.701306	2
10	97000001	0.725964	0.701306	2
10	98000001	0.75948	0.701306	2
10	99000001	0.733906	0.701306	2
10	100000001	0.814246	0.701306	2
10	101000001	0.696731	0.701306	2
10	102000001	0.845535	0.701306	2
10	103000001	0.585888	0.701306	2
10	104000001	0.615801	0.701306	2
10	105000001	0.489457	0.701306	2
10	106000001	0.553068	0.701306	2
10	107000001	0.630899	0.701306	2
10	108000001	0.583965	0.701306	2
10	109000001	0.78245	0.701306	2
10	110000001	0.753599	0.701306	2
10	111000001	0.61504	0.701306	2
10	112000001	0.782714	0.701306	2
10	113000001	0.701408	0.701306	2
10	114000001	0.628305	0.701306	2
10	115000001	0.648658	0.701306	2
10	116000001	0.740239	0.701306	2
10	117000001	0.643286	0.701306	2
10	118000001	0.70965	0.701306	2
10	119000001	0.670169	0.701306	2
10	120000001	0.71329	0.701306	2
10	121000001	0.637364	0.701306	2
10	122000001	0.884701	0.701306	2
10	123000001	0.701205	0.701306	2
10	124000001	0.704082	0.701306	2
10	125000001	0.750811	0.701306	2
10	126000001	1.39483	0.764156	2
10	127000001	0.789846	0.764156	2
10	128000001	0.588546	0.764156	2
10	129000001	0.582695	0.764156	2
10	130000001	0.722526	0.764156	2
10	131000001	0.738465	0.764156	2
10	132000001	0.790697	0.764156	2
10	133000001	1.84218	0.764156	2
11	1	1.09378	1.08147	3
11	1000001	1.14826	1.08147	3
11	2000001	1.40259	1.08147	3
11	3000001	1.07723	1.08147	3
11	4000001	1.00232	1.08147	3
11	5000001	1.05125	1.08147	3
11	6000001	1.17178	1.08147	3
11	7000001	0.809421	1.08147	3
11	8000001	0.977695	1.08147	3
11	9000001	1.01398	1.08147	3
11	10000001	1.08571	1.08147	3
11	11000001	1.7529	1.08147	3
11	12000001	0.970398	0.97169	3
11	13000001	0.789562	0.97169	3
11	14000001	0.97169	0.97169	3
11	15000001	0.901014	0.97169	3
11	16000001	0.968873	0.97169	3
11	17000001	1.18019	0.97169	3
11	18000001	1.11797	0.97169	3
11	19000001	1.03663	0.97169	3
11	20000001	1.09153	0.97169	3
11	21000001	0.839147	0.78587	2
11	22000001	0.829292	0.78587	2
11	23000001	0.757177	0.78587	2
11	24000001	0.537239	0.78587	2
11	25000001	0.489375	0.78587	2
11	26000001	0.846941	0.78587	2
11	27000001	0.877186	0.78587	2
11	28000001	0.867868	0.78587	2
11	29000001	0.613759	0.78587	2
11	30000001	0.708201	0.78587	2
11	31000001	0.786305	0.78587	2
11	32000001	0.785436	0.78587	2
11	33000001	0.901666	0.953977	3
11	34000001	1.17933	0.953977	3
11	35000001	0.998471	0.953977	3
11	36000001	0.909482	0.953977	3
11	37000001	0.708585	0.596334	2
11	38000001	0.62941	0.596334	2
11	39000001	0.596334	0.596334	2
11	40000001	0.505532	0.596334	2
11	41000001	0.494678	0.596334	2
11	42000001	0.834807	1.07798	3
11	43000001	0.880121	1.07798	3
11	44000001	1.07798	1.07798	3
11	45000001	1.11839	1.07798	3
11	46000001	1.10335	1.07798	3
11	47000001	0.913359	1.07798	3
11	48000001	1.11972	1.07798	3
11	49000001	0.741561	0.821241	2
11	50000001	0.498412	0.821241	2
11	51000001	0.738781	0.821241	2
11	52000001	0.796566	0.821241	2
11	53000001	0.855512	0.821241	2
11	54000001	0.820414	0.821241	2
11	55000001	0.448921	0.821241	2
11	56000001	0.833078	0.821241	2
11	57000001	0.822069	0.821241	2
11	58000001	0.909079	0.821241	2
11	59000001	0.829462	0.821241	2
11	60000001	0.874865	0.821241	2
11	61000001	1.00804	1.0257	3
11	62000001	1.0573	1.0257	3
11	63000001	0.949118	1.0257	3
11	64000001	1.12034	1.0257	3
11	65000001	1.01046	1.0257	3
11	66000001	1.05374	1.0257	3
11	67000001	0.999746	1.0257	3
11	68000001	1.04392	1.0257	3
11	69000001	1.34215	1.0257	3
11	70000001	1.26319	1.0257	3
11	71000001	0.97122	1.0257	3
11	72000001	1.0269	1.0257	3
11	73000001	0.810524	1.0257	3
11	74000001	1.00761	1.0257	3
11	75000001	1.08218	1.0257	3
11	76000001	1.02451	1.0257	3
11	77000001	1.13358	1.0257	3
11	78000001	1.01361	1.0257	3
11	79000001	0.910252	0.781544	2
11	80000001	0.473798	0.781544	2
11	81000001	0.733935	0.781544	2
11	82000001	0.853002	0.781544	2
11	83000001	0.87424	0.781544	2
11	84000001	0.882918	0.781544	2
11	85000001	1.02053	0.781544	2
11	86000001	0.932508	0.781544	2
11	87000001	0.95266	0.781544	2
11	88000001	0.774979	0.781544	2
11	89000001	0.72064	0.781544	2
11	90000001	0.780637	0.781544	2
11	91000001	0.683179	0.781544	2
11	92000001	0.729193	0.781544	2
11	93000001	0.944312	0.781544	2
11	94000001	1.04895	0.781544	2
11	95000001	0.808034	0.781544	2
11	96000001	0.643616	0.781544	2
11	97000001	0.782451	0.781544	2
11	98000001	0.934932	0.781544	2
11	99000001	0.69812	0.781544	2
11	100000001	0.728146	0.781544	2
11	101000001	0.908816	0.781544	2
11	102000001	1.1232	0.781544	2
11	103000001	0.752895	0.781544	2
11	104000001	0.693397	0.781544	2
11	105000001	0.63096	0.781544	2
11	106000001	0.817653	0.781544	2
11	107000001	0.668633	0.781544	2
11	108000001	0.683417	0.781544	2
11	109000001	0.905239	0.953458	3
11	110000001	0.900127	0.953458	3
11	111000001	0.902901	0.953458	3
11	112000001	1.05981	0.953458	3
11	113000001	0.958659	0.953458	3
11	114000001	0.831833	0.953458	3
11	115000001	0.862358	0.953458	3
11	116000001	0.945502	0.953458	3
11	117000001	1.04222	0.953458	3
11	118000001	0.879249	0.953458	3
11	119000001	1.20757	0.953458	3
11	120000001	1.06697	0.953458	3
11	121000001	0.721333	0.953458	3
11	122000001	0.748062	0.953458	3
11	123000001	1.05433	0.953458	3
11	124000001	1.02521	0.953458	3
11	125000001	1.06512	0.953458	3
11	126000001	1.20121	0.953458	3
11	127000001	0.718348	0.953458	3
11	128000001	0.807184	0.953458	3
11	129000001	0.953458	0.953458	3
11	130000001	0.953517	0.953458	3
11	131000001	0.998225	0.953458	3
11	132000001	0.782952	0.953458	3
11	133000001	1.04293	0.953458	3
11	134000001	0.908793	0.953458	3
11	135000001	1.47021	0.953458	3
12	1	0.704199	0.704199	2
12	1000001	0.680011	0.704199	2
12	2000001	0.718419	0.704199	2
12	3000001	0.802132	0.704199	2
12	4000001	0.698519	0.704199	2
12	5000001	0.699082	0.704199	2
12	6000001	0.629771	0.704199	2
12	7000001	0.750419	0.704199	2
12	8000001	0.86038	0.704199	2
12	9000001	0.580599	0.602339	2
12	10000001	0.543574	0.602339	2
12	11000001	0.630087	0.602339	2
12	12000001	0.782304	0.602339	2
12	13000001	0.602339	0.602339	2
12	14000001	0.805358	0.602339	2
12	15000001	0.607033	0.602339	2
12	16000001	0.515403	0.602339	2
12	17000001	0.497563	0.602339	2
12	18000001	0.656721	0.602339	2
12	19000001	0.602329	0.602339	2
12	20000001	0.614375	0.602339	2
12	21000001	0.587956	0.602339	2
12	22000001	0.771991	0.74016	2
12	23000001	0.661754	0.74016	2
12	24000001	0.851833	0.74016	2
12	25000001	0.708328	0.74016	2
12	26000001	1.03084	0.934313	3
12	27000001	0.977004	0.934313	3
12	28000001	0.932106	0.934313	3
12	29000001	0.773345	0.934313	3
12	30000001	0.907173	0.934313	3
12	31000001	0.971323	0.934313	3
12	32000001	0.934313	0.934313	3
12	33000001	0.915932	0.934313	3
12	34000001	1.20956	0.934313	3
12	35000001	0.811692	0.768891	2
12	36000001	0.87343	0.768891	2
12	37000001	0.669323	0.768891	2
12	38000001	0.768891	0.768891	2
12	39000001	0.758414	0.768891	2
12	40000001	1.02045	0.917026	3
12	41000001	0.881393	0.917026	3
12	42000001	1.04217	0.917026	3
12	43000001	0.917026	0.917026	3
12	44000001	0.776414	0.917026	3
12	45000001	0.866855	0.917026	3
12	46000001	0.978121	0.917026	3
12	47000001	1.05121	1.05121	3
12	48000001	1.24448	1.05121	3
12	49000001	1.00362	1.05121	3
12	50000001	0.820751	1.05121	3
12	51000001	1.06613	1.05121	3
12	52000001	1.11183	1.05121	3
12	53000001	1.04059	1.05121	3
12	54000001	1.2026	1.05121	3
12	55000001	0.979378	1.05121	3
12	56000001	1.20768	1.05121	3
12	57000001	1.05032	1.05121	3
12	58000001	0.899574	0.941685	3
12	59000001	0.803584	0.941685	3
12	60000001	0.991844	0.941685	3
12	61000001	0.983645	0.941685	3
12	62000001	1.0981	0.941685	3
12	63000001	0.821354	0.941685	3
12	64000001	0.987189	0.941685	3
12	65000001	0.935599	0.941685	3
12	66000001	0.937867	0.941685	3
12	67000001	0.994029	0.941685	3
12	68000001	0.864336	0.941685	3
12	69000001	0.94214	0.941685	3
12	70000001	0.941685	0.941685	3
12	71000001	0.867227	0.941685	3
12	72000001	0.913184	0.941685	3
12	73000001	1.10932	0.941685	3
12	74000001	0.883773	0.941685	3
12	75000001	0.946962	0.941685	3
12	76000001	0.942563	0.941685	3
12	77000001	1.03627	0.941685	3
12	78000001	0.870308	0.941685	3
12	79000001	0.986428	0.941685	3
12	80000001	0.911411	0.941685	3
12	81000001	0.721718	0.721718	2
12	82000001	0.58028	0.58028	2
12	83000001	0.702639	0.58028	2
12	84000001	0.627034	0.58028	2
12	85000001	0.480212	0.58028	2
12	86000001	0.520497	0.58028	2
12	87000001	0.820179	0.8704	3
12	88000001	0.804685	0.8704	3
12	89000001	1.02002	0.8704	3
12	90000001	0.791559	0.8704	3
12	91000001	0.884005	0.8704	3
12	92000001	0.790884	0.8704	3
12	93000001	0.875363	0.8704	3
12	94000001	1.07789	0.8704	3
12	95000001	1.03908	0.8704	3
12	96000001	0.8704	0.8704	3
12	97000001	0.747333	0.8704	3
12	98000001	0.827429	0.8704	3
12	99000001	0.82714	0.8704	3
12	100000001	1.07612	0.8704	3
12	101000001	0.832781	0.8704	3
12	102000001	0.999315	0.8704	3
12	103000001	1.01372	0.8704	3
12	104000001	0.938432	0.8704	3
12	105000001	0.890581	0.8704	3
12	106000001	0.787812	0.8704	3
12	107000001	0.846265	0.8704	3
12	108000001	1.02069	0.997171	3
12	109000001	1.00282	0.997171	3
12	110000001	0.904671	0.997171	3
12	111000001	1.08515	0.997171	3
12	112000001	1.08299	0.997171	3
12	113000001	0.951417	0.997171	3
12	114000001	1.08266	0.997171	3
12	115000001	0.951675	0.997171	3
12	116000001	0.822612	0.997171	3
12	117000001	0.912507	0.997171	3
12	118000001	0.90868	0.997171	3
12	119000001	0.941483	0.997171	3
12	120000001	1.03019	0.997171	3
12	121000001	0.91873	0.997171	3
12	122000001	0.997171	0.997171	3
12	123000001	1.19929	0.997171	3
12	124000001	1.04173	0.997171	3
12	125000001	1.01816	0.997171	3
12	126000001	1.08194	0.997171	3
12	127000001	0.928709	0.997171	3
12	128000001	0.751257	0.997171	3
12	129000001	0.809213	0.997171	3
12	130000001	1.01502	0.997171	3
12	131000001	1.40922	1.20083	4
12	132000001	1.18481	1.20083	4
12	133000001	1.20083	1.20083	4
13	1	-1	-1	2
13	1000001	-1	-1	2
13	2000001	-1	-1	2
13	3000001	-1	-1	2
13	4000001	-1	-1	2
13	5000001	-1	-1	2
13	6000001	-1	-1	2
13	7000001	-1	-1	2
13	8000001	-1	-1	2
13	9000001	-1	-1	2
13	10000001	-1	-1	2
13	11000001	-1	-1	2
13	12000001	-1	-1	2
13	13000001	-1	-1	2
13	14000001	-1	-1	2
13	15000001	-1	-1	2
13	16000001	0.711987	0.615313	2
13	17000001	0.699717	0.615313	2
13	18000001	0.778398	0.615313	2
13	19000001	0.556013	0.615313	2
13	20000001	0.717851	0.615313	2
13	21000001	0.65695	0.615313	2
13	22000001	0.546079	0.615313	2
13	23000001	0.685439	0.615313	2
13	24000001	0.821613	0.615313	2
13	25000001	0.710927	0.615313	2
13	26000001	0.77353	0.615313	2
13	27000001	0.825514	0.615313	2
13	28000001	0.503077	0.615313	2
13	29000001	0.8142	0.615313	2
13	30000001	0.684777	0.615313	2
13	31000001	0.789131	0.615313	2
13	32000001	0.567624	0.615313	2
13	33000001	0.55037	0.615313	2
13	34000001	0.55006	0.615313	2
13	35000001	0.732932	0.615313	2
13	36000001	0.694743	0.615313	2
13	37000001	0.869696	0.615313	2
13	38000001	0.6129	0.615313	2
13	39000001	0.587081	0.615313	2
13	40000001	0.61896	0.615313	2
13	41000001	0.644071	0.615313	2
13	42000001	0.685345	0.615313	2
13	43000001	0.646783	0.615313	2
13	44000001	0.840059	0.615313	2
13	45000001	0.815041	0.615313	2
13	46000001	0.754864	0.615313	2
13	47000001	0.655178	0.615313	2
13	48000001	0.538115	0.615313	2
13	49000001	0.607305	0.615313	2
13	50000001	0.524882	0.615313	2
13	51000001	0.630668	0.615313	2
13	52000001	0.634223	0.615313	2
13	53000001	0.528845	0.615313	2
13	54000001	0.300998	0.615313	2
13	55000001	0.477557	0.615313	2
13	56000001	0.436749	0.615313	2
13	57000001	0.378209	0.615313	2
13	58000001	0.479418	0.615313	2
13	59000001	0.607657	0.615313	2
13	60000001	0.890971	0.615313	2
13	61000001	0.470235	0.615313	2
13	62000001	0.399138	0.615313	2
13	63000001	0.228848	0.615313	2
13	64000001	0.278044	0.615313	2
13	65000001	0.365618	0.615313	2
13	66000001	0.448575	0.615313	2
13	67000001	0.521809	0.615313	2
13	68000001	0.43747	0.615313	2
13	69000001	0.54431	0.615313	2
13	70000001	0.34046	0.615313	2
13	71000001	1.03976	0.615313	2
13	72000001	0.617725	0.615313	2
13	73000001	0.612608	0.615313	2
13	74000001	0.477718	0.615313	2
13	75000001	0.619305	0.615313	2
13	76000001	0.625928	0.615313	2
13	77000001	0.728056	0.615313	2
13	78000001	0.647402	0.615313	2
13	79000001	0.567036	0.615313	2
13	80000001	1.96338	0.615313	2
13	81000001	0.550207	0.615313	2
13	82000001	0.632146	0.615313	2
13	83000001	0.633921	0.615313	2
13	84000001	0.437545	0.615313	2
13	85000001	0.287696	0.615313	2
13	86000001	0.431252	0.615313	2
13	87000001	0.327057	0.615313	2
13	88000001	0.307424	0.615313	2
13	89000001	0.846513	0.615313	2
13	90000001	2.90874	2.90831	9
13	91000001	2.90787	2.90831	9
13	92000001	1.99466	1.64203	5
13	93000001	1.2894	1.64203	5
13	94000001	0.530483	0.609891	2
13	95000001	0.455799	0.609891	2
13	96000001	0.510277	0.609891	2
13	97000001	0.609891	0.609891	2
13	98000001	0.668612	0.609891	2
13	99000001	0.558399	0.609891	2
13	100000001	0.626517	0.609891	2
13	101000001	0.562288	0.609891	2
13	102000001	0.57846	0.609891	2
13	103000001	0.653892	0.609891	2
13	104000001	0.365169	0.609891	2
13	105000001	0.44932	0.609891	2
13	106000001	0.309795	0.609891	2
13	107000001	1.18871	0.609891	2
13	108000001	0.551576	0.609891	2
13	109000001	0.62875	0.609891	2
13	110000001	0.863708	0.609891	2
13	111000001	0.837322	0.609891	2
13	112000001	0.729148	0.609891	2
13	113000001	0.843278	0.609891	2
13	114000001	0.827892	0.609891	2
14	1	-1	-1	3
14	1000001	-1	-1	3
14	2000001	-1	-1	3
14	3000001	-1	-1	3
14	4000001	-1	-1	3
14	5000001	-1	-1	3
14	6000001	-1	-1	3
14	7000001	-1	-1	3
14	8000001	-1	-1	3
14	9000001	-1	-1	3
14	10000001	-1	-1	3
14	11000001	-1	-1	3
14	12000001	-1	-1	3
14	13000001	-1	-1	3
14	14000001	-1	-1	3
14	15000001	-1	-1	3
14	16000001	1.08723	0.892922	3
14	17000001	0.618646	0.892922	3
14	18000001	0.760228	0.892922	3
14	19000001	1.02562	0.892922	3
14	20000001	0.765906	0.778192	2
14	21000001	0.659926	0.778192	2
14	22000001	0.790478	0.778192	2
14	23000001	0.820842	0.778192	2
14	24000001	0.673716	0.601962	2
14	25000001	0.660484	0.601962	2
14	26000001	0.62705	0.601962	2
14	27000001	0.38526	0.601962	2
14	28000001	0.542017	0.601962	2
14	29000001	0.5902	0.601962	2
14	30000001	0.551551	0.601962	2
14	31000001	0.700185	0.601962	2
14	32000001	0.497072	0.601962	2
14	33000001	0.667861	0.601962	2
14	34000001	0.627787	0.601962	2
14	35000001	0.770584	0.601962	2
14	36000001	0.601962	0.601962	2
14	37000001	0.469214	0.601962	2
14	38000001	0.756859	0.601962	2
14	39000001	0.566359	0.601962	2
14	40000001	0.547895	0.601962	2
14	41000001	0.357392	0.481593	1
14	42000001	0.269974	0.481593	1
14	43000001	0.451475	0.481593	1
14	44000001	0.746326	0.481593	1
14	45000001	0.564658	0.481593	1
14	46000001	0.390738	0.481593	1
14	47000001	0.391354	0.481593	1
14	48000001	0.537878	0.481593	1
14	49000001	0.548748	0.481593	1
14	50000001	0.511712	0.481593	1
14	51000001	0.642775	0.671309	2
14	52000001	0.647299	0.671309	2
14	53000001	0.605186	0.671309	2
14	54000001	0.722605	0.671309	2
14	55000001	0.559403	0.671309	2
14	56000001	0.550684	0.671309	2
14	57000001	0.743467	0.671309	2
14	58000001	0.586553	0.671309	2
14	59000001	0.66529	0.671309	2
14	60000001	1.03606	0.671309	2
14	61000001	0.574846	0.671309	2
14	62000001	0.56941	0.671309	2
14	63000001	0.535447	0.671309	2
14	64000001	0.686757	0.671309	2
14	65000001	0.626572	0.671309	2
14	66000001	0.689663	0.671309	2
14	67000001	0.88219	0.671309	2
14	68000001	0.677327	0.671309	2
14	69000001	0.699396	0.671309	2
14	70000001	0.552913	0.671309	2
14	71000001	0.703924	0.671309	2
14	72000001	0.62547	0.671309	2
14	73000001	0.740983	0.671309	2
14	74000001	0.712065	0.671309	2
14	75000001	0.59944	0.671309	2
14	76000001	0.683776	0.671309	2
14	77000001	0.717735	0.671309	2
14	78000001	0.647982	0.671309	2
14	79000001	0.696117	0.671309	2
14	80000001	0.738057	0.671309	2
14	81000001	0.545895	0.476197	1
14	82000001	0.476197	0.476197	1
14	83000001	0.391633	0.476197	1
14	84000001	0.406411	0.476197	1
14	85000001	0.491807	0.476197	1
14	86000001	0.667103	0.669585	2
14	87000001	0.609679	0.669585	2
14	88000001	0.6596	0.669585	2
14	89000001	0.690678	0.669585	2
14	90000001	0.601139	0.669585	2
14	91000001	0.629676	0.669585	2
14	92000001	0.736951	0.669585	2
14	93000001	0.644005	0.669585	2
14	94000001	0.640377	0.669585	2
14	95000001	0.750718	0.669585	2
14	96000001	0.88166	0.669585	2
14	97000001	0.547201	0.669585	2
14	98000001	0.791095	0.669585	2
14	99000001	0.685428	0.669585	2
14	100000001	0.669585	0.669585	2
14	101000001	0.691375	0.669585	2
14	102000001	0.714429	0.669585	2
14	103000001	0.653711	0.669585	2
14	104000001	0.811499	0.669585	2
14	105000001	0.736073	0.669585	2
14	106000001	0.57981	0.669585	2
14	107000001	-1	-1	2
15	1	-1	-1	3
15	1000001	-1	-1	3
15	2000001	-1	-1	3
15	3000001	-1	-1	3
15	4000001	-1	-1	3
15	5000001	-1	-1	3
15	6000001	-1	-1	3
15	7000001	-1	-1	3
15	8000001	-1	-1	3
15	9000001	-1	-1	3
15	10000001	-1	-1	3
15	11000001	-1	-1	3
15	12000001	-1	-1	3
15	13000001	-1	-1	3
15	14000001	-1	-1	3
15	15000001	-1	-1	3
15	16000001	-1	-1	3
15	17000001	0.944753	1.00577	3
15	18000001	0.874885	1.00577	3
15	19000001	0.985684	1.00577	3
15	20000001	1.03873	1.00577	3
15	21000001	1.00577	1.00577	3
15	22000001	1.23096	1.00577	3
15	23000001	0.839705	1.00577	3
15	24000001	0.867054	1.00577	3
15	25000001	1.13006	1.00577	3
15	26000001	0.793167	1.00577	3
15	27000001	0.975849	1.00577	3
15	28000001	1.15983	1.00577	3
15	29000001	0.994401	1.00577	3
15	30000001	1.04432	1.00577	3
15	31000001	1.01912	1.00577	3
15	32000001	1.12786	1.00577	3
15	33000001	1.11525	1.00577	3
15	34000001	0.891756	0.881846	3
15	35000001	0.863778	0.881846	3
15	36000001	0.881846	0.881846	3
15	37000001	1.00823	0.881846	3
15	38000001	0.859602	0.881846	3
15	39000001	0.985381	0.881846	3
15	40000001	0.845118	0.881846	3
15	41000001	0.963926	0.996406	3
15	42000001	1.06651	0.996406	3
15	43000001	0.966108	0.996406	3
15	44000001	1.1034	0.996406	3
15	45000001	0.947646	0.996406	3
15	46000001	1.02671	0.996406	3
15	47000001	0.752894	0.922098	3
15	48000001	1.01747	0.922098	3
15	49000001	0.931006	0.922098	3
15	50000001	1.0281	0.922098	3
15	51000001	0.679056	0.922098	3
15	52000001	0.936731	0.922098	3
15	53000001	0.882496	0.922098	3
15	54000001	0.916297	0.922098	3
15	55000001	0.938914	0.922098	3
15	56000001	1.11389	0.922098	3
15	57000001	0.922098	0.922098	3
15	58000001	0.871079	0.922098	3
15	59000001	0.854132	0.922098	3
15	60000001	0.995926	0.922098	3
15	61000001	0.861484	0.922098	3
15	62000001	1.10492	0.991618	3
15	63000001	0.931079	0.991618	3
15	64000001	1.00732	0.991618	3
15	65000001	0.892294	0.991618	3
15	66000001	1.01553	0.991618	3
15	67000001	0.914539	0.991618	3
15	68000001	1.02325	0.991618	3
15	69000001	0.988388	0.991618	3
15	70000001	1.0542	0.991618	3
15	71000001	0.961682	0.991618	3
15	72000001	0.859594	0.991618	3
15	73000001	0.94863	0.991618	3
15	74000001	1.10167	0.991618	3
15	75000001	1.0895	0.991618	3
15	76000001	0.914791	0.991618	3
15	77000001	1.11579	0.991618	3
15	78000001	0.848243	0.991618	3
15	79000001	0.959801	0.991618	3
15	80000001	1.05023	0.991618	3
15	81000001	0.903424	0.991618	3
15	82000001	1.21903	0.991618	3
15	83000001	0.994847	0.991618	3
15	84000001	0.78369	0.893665	3
15	85000001	1.14724	0.893665	3
15	86000001	0.837426	0.893665	3
15	87000001	0.949905	0.893665	3
15	88000001	1.18939	1.14746	3
15	89000001	1.10552	1.14746	3
15	90000001	0.896011	1.02479	3
15	91000001	1.08677	1.02479	3
15	92000001	1.01424	1.02479	3
15	93000001	1.03533	1.02479	3
15	94000001	0.794687	0.865627	3
15	95000001	0.936567	0.865627	3
15	96000001	1.10007	1.04947	3
15	97000001	0.926851	1.04947	3
15	98000001	1.20706	1.04947	3
15	99000001	0.910094	1.04947	3
15	100000001	0.998856	1.04947	3
15	101000001	1.23712	1.04947	3
16	1	1.10274	0.998977	3
16	1000001	1.07592	0.998977	3
16	2000001	1.04838	0.998977	3
16	3000001	0.963253	0.998977	3
16	4000001	1.17018	0.998977	3
16	5000001	1.11383	0.998977	3
16	6000001	0.855128	0.998977	3
16	7000001	0.927635	0.998977	3
16	8000001	0.928767	0.998977	3
16	9000001	0.90334	0.998977	3
16	10000001	1.21676	0.998977	3
16	11000001	1.17825	0.998977	3
16	12000001	1.0739	0.998977	3
16	13000001	0.848953	0.998977	3
16	14000001	0.97333	0.998977	3
16	15000001	1.04719	0.998977	3
16	16000001	0.944615	0.998977	3
16	17000001	1.05403	0.998977	3
16	18000001	1.20066	0.998977	3
16	19000001	0.912506	0.998977	3
16	20000001	0.899041	0.998977	3
16	21000001	0.838227	0.998977	3
16	22000001	0.847524	0.998977	3
16	23000001	0.998977	0.998977	3
16	24000001	1.0961	0.998977	3
16	25000001	0.872283	0.998977	3
16	26000001	0.88782	0.998977	3
16	27000001	1.04924	0.998977	3
16	28000001	1.06244	0.998977	3
16	29000001	0.938536	0.998977	3
16	30000001	1.1661	0.998977	3
16	31000001	1.04745	0.998977	3
16	32000001	0.864732	0.998977	3
16	33000001	1.37484	0.998977	3
16	34000001	1.71597	0.998977	3
16	35000001	0.689524	0.998977	3
16	36000001	1.00071	0.998977	3
16	37000001	0.80073	0.998977	3
16	38000001	0.974587	0.998977	3
16	39000001	-1	-1	3
16	40000001	-1	-1	3
16	41000001	-1	-1	3
16	42000001	-1	-1	3
16	43000001	-1	-1	3
16	44000001	-1	-1	3
16	45000001	-1	-1	3
16	46000001	3.49198	3.49198	10
16	47000001	1.12354	0.933097	3
16	48000001	0.904671	0.933097	3
16	49000001	0.921052	0.933097	3
16	50000001	1.16699	0.933097	3
16	51000001	0.855319	0.933097	3
16	52000001	0.890514	0.933097	3
16	53000001	0.933097	0.933097	3
16	54000001	0.987119	0.933097	3
16	55000001	0.915608	0.933097	3
16	56000001	0.942953	0.933097	3
16	57000001	1.19983	0.933097	3
16	58000001	0.947759	0.933097	3
16	59000001	0.824189	0.933097	3
16	60000001	0.452526	0.469034	1
16	61000001	0.423247	0.469034	1
16	62000001	0.492101	0.469034	1
16	63000001	0.485542	0.469034	1
16	64000001	0.550842	0.667517	2
16	65000001	0.784193	0.667517	2
16	66000001	1.06509	0.994655	3
16	67000001	0.983116	0.994655	3
16	68000001	0.939171	0.994655	3
16	69000001	0.988905	0.994655	3
16	70000001	1.0004	0.994655	3
16	71000001	0.988056	0.994655	3
16	72000001	1.21074	0.994655	3
16	73000001	0.89761	0.994655	3
16	74000001	1.44368	0.994655	3
16	75000001	1.00411	0.994655	3
16	76000001	1.03116	0.994655	3
16	77000001	0.927148	0.994655	3
16	78000001	1.19092	1.2138	4
16	79000001	1.35046	1.2138	4
16	80000001	1.19248	1.2138	4
16	81000001	1.70571	1.2138	4
16	82000001	1.17949	1.2138	4
16	83000001	1.2138	1.2138	4
16	84000001	1.72231	1.2138	4
16	85000001	1.35103	1.2138	4
16	86000001	1.22902	1.2138	4
16	87000001	1.0104	1.2138	4
16	88000001	1.27691	1.2138	4
16	89000001	1.02105	1.2138	4
16	90000001	0.907184	1.2138	4
17	1	0.847482	0.821731	2
17	1000001	0.874362	0.821731	2
17	2000001	0.775136	0.821731	2
17	3000001	0.838936	0.821731	2
17	4000001	0.805527	0.821731	2
17	5000001	0.772552	0.821731	2
17	6000001	0.837935	0.821731	2
17	7000001	0.798398	0.821731	2
17	8000001	0.673771	0.720284	2
17	9000001	0.71225	0.720284	2
17	10000001	0.757882	0.720284	2
17	11000001	0.652613	0.720284	2
17	12000001	0.639541	0.720284	2
17	13000001	0.525023	0.720284	2
17	14000001	0.779375	0.720284	2
17	15000001	0.751986	0.720284	2
17	16000001	0.70808	0.720284	2
17	17000001	0.723983	0.720284	2
17	18000001	0.660019	0.720284	2
17	19000001	0.720284	0.720284	2
17	20000001	0.74987	0.720284	2
17	21000001	0.773409	0.720284	2
17	22000001	0.849843	0.720284	2
17	23000001	0.604575	0.720284	2
17	24000001	0.825792	0.720284	2
17	25000001	1.14761	1.21424	4
17	26000001	1.7093	1.21424	4
17	27000001	1.14282	1.21424	4
17	28000001	1.28086	1.21424	4
17	29000001	0.856935	1.01357	3
17	30000001	0.863407	1.01357	3
17	31000001	1.13318	1.01357	3
17	32000001	0.99604	1.01357	3
17	33000001	1.02973	1.01357	3
17	34000001	0.953223	1.01357	3
17	35000001	1.08371	1.01357	3
17	36000001	1.1033	1.01357	3
17	37000001	0.982404	1.01357	3
17	38000001	1.10173	1.01357	3
17	39000001	1.12616	1.01357	3
17	40000001	1.00123	1.01357	3
17	41000001	1.00844	1.01357	3
17	42000001	0.805129	1.01357	3
17	43000001	1.0413	1.01357	3
17	44000001	1.1204	1.01357	3
17	45000001	0.998832	1.01357	3
17	46000001	0.701887	1.01357	3
17	47000001	1.03417	1.01357	3
17	48000001	0.888584	1.01357	3
17	49000001	1.04922	1.01357	3
17	50000001	1.05927	1.01357	3
17	51000001	0.899172	1.01357	3
17	52000001	0.940282	1.01357	3
17	53000001	0.923134	1.01357	3
17	54000001	0.80507	1.01357	3
17	55000001	0.914626	1.01357	3
17	56000001	1.04165	1.01357	3
17	57000001	1.13837	1.01357	3
17	58000001	1.16356	1.01357	3
17	59000001	0.999446	1.01357	3
17	60000001	1.16722	1.01357	3
17	61000001	1.00552	1.01357	3
17	62000001	1.15537	1.01357	3
17	63000001	0.969118	1.01357	3
17	64000001	1.07666	1.01357	3
17	65000001	0.927089	1.01357	3
17	66000001	0.889224	1.01357	3
17	67000001	0.990425	1.01357	3
17	68000001	1.0219	1.01357	3
17	69000001	1.05403	1.01357	3
17	70000001	0.608897	1.01357	3
17	71000001	0.975415	1.01357	3
17	72000001	1.01871	1.01357	3
17	73000001	1.05588	1.01357	3
17	74000001	1.05387	1.01357	3
17	75000001	1.10096	1.01357	3
17	76000001	1.09711	1.01357	3
17	77000001	1.54459	1.15686	3
17	78000001	1.1583	1.15686	3
17	79000001	1.15686	1.15686	3
17	80000001	0.98011	1.15686	3
17	81000001	1.84838	1.15686	3
17	82000001	1.09809	1.15686	3
17	83000001	1.01905	1.15686	3
18	1	2.5014	2.5014	8
18	1000001	1.12176	1.18421	4
18	2000001	1.04072	1.18421	4
18	3000001	1.32061	1.18421	4
18	4000001	1.30795	1.18421	4
18	5000001	1.2064	1.18421	4
18	6000001	1.41978	1.18421	4
18	7000001	1.28104	1.18421	4
18	8000001	1.49838	1.18421	4
18	9000001	1.06383	1.18421	4
18	10000001	1.27538	1.18421	4
18	11000001	1.01179	1.18421	4
18	12000001	1.08924	1.18421	4
18	13000001	1.05012	1.18421	4
18	14000001	0.843901	1.18421	4
18	15000001	1.18421	1.18421	4
18	16000001	1.36858	1.31355	4
18	17000001	1.40244	1.31355	4
18	18000001	1.61768	1.31355	4
18	19000001	1.31355	1.31355	4
18	20000001	1.40025	1.31355	4
18	21000001	0.923698	1.31355	4
18	22000001	1.13505	1.31355	4
18	23000001	1.20064	1.31355	4
18	24000001	1.30851	1.31355	4
18	25000001	1.50281	1.31355	4
18	26000001	1.29127	1.31355	4
18	27000001	0.864152	0.864152	3
18	28000001	0.603299	0.864152	3
18	29000001	0.691681	0.864152	3
18	30000001	0.872458	0.864152	3
18	31000001	1.11189	0.864152	3
18	32000001	0.973663	0.864152	3
18	33000001	0.701442	0.864152	3
18	34000001	1.09825	1.21513	4
18	35000001	1.09976	1.21513	4
18	36000001	1.3305	1.21513	4
18	37000001	1.37148	1.21513	4
18	38000001	0.592058	0.648136	2
18	39000001	0.604091	0.648136	2
18	40000001	0.577321	0.648136	2
18	41000001	0.748487	0.648136	2
18	42000001	0.569633	0.648136	2
18	43000001	0.316753	0.648136	2
18	44000001	0.56929	0.648136	2
18	45000001	0.666432	0.648136	2
18	46000001	0.646305	0.648136	2
18	47000001	0.718269	0.648136	2
18	48000001	0.584984	0.648136	2
18	49000001	0.648136	0.648136	2
18	50000001	0.875689	0.648136	2
18	51000001	0.730204	0.648136	2
18	52000001	0.506675	0.648136	2
18	53000001	0.581197	0.648136	2
18	54000001	0.77335	0.648136	2
18	55000001	0.592307	0.648136	2
18	56000001	0.670101	0.648136	2
18	57000001	0.894245	0.648136	2
18	58000001	0.724381	0.648136	2
18	59000001	0.628991	0.648136	2
18	60000001	0.718402	0.648136	2
18	61000001	0.870832	0.648136	2
18	62000001	0.612444	0.648136	2
18	63000001	0.846282	0.648136	2
18	64000001	0.740257	0.648136	2
18	65000001	0.290375	0.308834	1
18	66000001	0.125049	0.308834	1
18	67000001	0.225842	0.308834	1
18	68000001	0.327293	0.308834	1
18	69000001	0.478196	0.308834	1
18	70000001	0.36526	0.308834	1
18	71000001	0.266329	0.308834	1
18	72000001	0.341132	0.308834	1
18	73000001	0.743536	0.707792	2
18	74000001	0.811021	0.707792	2
18	75000001	0.593443	0.707792	2
18	76000001	0.658864	0.707792	2
18	77000001	0.904833	0.707792	2
18	78000001	0.732825	0.707792	2
18	79000001	0.682758	0.707792	2
18	80000001	0.513975	0.707792	2
19	1	1.0672	1.06124	3
19	1000001	1.13347	1.06124	3
19	2000001	1.12594	1.06124	3
19	3000001	1.01583	1.06124	3
19	4000001	0.957963	1.06124	3
19	5000001	0.984205	1.06124	3
19	6000001	1.0701	1.06124	3
19	7000001	1.08987	1.06124	3
19	8000001	1.08537	1.06124	3
19	9000001	1.0179	1.06124	3
19	10000001	0.960536	1.06124	3
19	11000001	1.12874	1.06124	3
19	12000001	1.01785	1.06124	3
19	13000001	1.05905	1.06124	3
19	14000001	0.951641	1.06124	3
19	15000001	1.06343	1.06124	3
19	16000001	1.52059	1.52059	5
19	17000001	1.16498	0.995022	3
19	18000001	1.02356	0.995022	3
19	19000001	0.951581	0.995022	3
19	20000001	1.07978	0.995022	3
19	21000001	0.874047	0.995022	3
19	22000001	0.901182	0.995022	3
19	23000001	0.978954	0.995022	3
19	24000001	1.01109	0.995022	3
19	25000001	1.34725	1.04924	3
19	26000001	1.44852	1.04924	3
19	27000001	1.11156	1.04924	3
19	28000001	1.01656	1.04924	3
19	29000001	0.965709	1.04924	3
19	30000001	1.07931	1.04924	3
19	31000001	1.02699	1.04924	3
19	32000001	1.04924	1.04924	3
19	33000001	0.941841	1.04924	3
19	34000001	1.36845	1.3575	4
19	35000001	1.05521	1.3575	4
19	36000001	1.41206	1.3575	4
19	37000001	1.34655	1.3575	4
19	38000001	1.08655	1.01932	3
19	39000001	1.01058	1.01932	3
19	40000001	0.965006	1.01932	3
19	41000001	1.23448	1.01932	3
19	42000001	1.01932	1.01932	3
19	43000001	1.06549	1.01932	3
19	44000001	1.22838	1.01932	3
19	45000001	1.12788	1.01932	3
19	46000001	1.11631	1.01932	3
19	47000001	1.04687	1.01932	3
19	48000001	1.01564	1.01932	3
19	49000001	1.30027	1.01932	3
19	50000001	0.864399	1.01932	3
19	51000001	0.977298	1.01932	3
19	52000001	0.970369	1.01932	3
19	53000001	1.14391	1.01932	3
19	54000001	1.26908	1.01932	3
19	55000001	0.886577	1.01932	3
19	56000001	1.00927	1.01932	3
19	57000001	0.932704	1.01932	3
19	58000001	1.01268	1.01932	3
2	1	0.856656	0.970117	3
2	1000001	1.05923	0.970117	3
2	2000001	0.99407	0.970117	3
2	3000001	1.04882	0.970117	3
2	4000001	0.759122	0.970117	3
2	5000001	0.786541	0.970117	3
2	6000001	1.09739	0.970117	3
2	7000001	1.03086	0.970117	3
2	8000001	1.08129	0.970117	3
2	9000001	0.98224	0.970117	3
2	10000001	1.2571	0.970117	3
2	11000001	1.0864	0.970117	3
2	12000001	0.836467	0.970117	3
2	13000001	0.744334	0.970117	3
2	14000001	0.874617	0.970117	3
2	15000001	1.06528	0.970117	3
2	16000001	0.740691	0.970117	3
2	17000001	0.718766	0.970117	3
2	18000001	0.940851	0.970117	3
2	19000001	0.995933	0.970117	3
2	20000001	1.10504	0.970117	3
2	21000001	0.921769	0.970117	3
2	22000001	0.696963	0.970117	3
2	23000001	1.02351	0.970117	3
2	24000001	0.960629	0.970117	3
2	25000001	1.07799	0.970117	3
2	26000001	1.11835	0.970117	3
2	27000001	0.958809	0.970117	3
2	28000001	0.906266	0.970117	3
2	29000001	0.981979	0.970117	3
2	30000001	0.956841	0.970117	3
2	31000001	0.900585	0.970117	3
2	32000001	0.975674	0.970117	3
2	33000001	0.971582	0.970117	3
2	34000001	1.04456	0.970117	3
2	35000001	0.842015	0.970117	3
2	36000001	0.869254	0.970117	3
2	37000001	0.757652	0.970117	3
2	38000001	0.924554	0.970117	3
2	39000001	0.917159	0.970117	3
2	40000001	1.04097	0.970117	3
2	41000001	1.01139	0.970117	3
2	42000001	1.11059	0.970117	3
2	43000001	0.91258	0.970117	3
2	44000001	1.02019	0.970117	3
2	45000001	1.11419	0.970117	3
2	46000001	1.03611	0.970117	3
2	47000001	0.968651	0.970117	3
2	48000001	0.773531	0.970117	3
2	49000001	0.844985	0.970117	3
2	50000001	0.366808	0.4178	1
2	51000001	0.468793	0.4178	1
2	52000001	0.710196	0.913097	3
2	53000001	0.939358	0.913097	3
2	54000001	0.857449	0.913097	3
2	55000001	0.963936	0.913097	3
2	56000001	0.922063	0.913097	3
2	57000001	1.23388	0.913097	3
2	58000001	0.897568	0.913097	3
2	59000001	0.913707	0.913097	3
2	60000001	0.892091	0.913097	3
2	61000001	0.912486	0.913097	3
2	62000001	0.891446	0.913097	3
2	63000001	1.07449	0.913097	3
2	64000001	1.05379	0.913097	3
2	65000001	1.04667	0.913097	3
2	66000001	0.898536	0.913097	3
2	67000001	0.880444	0.913097	3
2	68000001	0.798782	0.913097	3
2	69000001	0.955836	0.913097	3
2	70000001	1.114	0.913097	3
2	71000001	0.96777	0.913097	3
2	72000001	1.00464	0.913097	3
2	73000001	0.819993	0.913097	3
2	74000001	0.947516	0.913097	3
2	75000001	0.972424	0.913097	3
2	76000001	0.788007	0.913097	3
2	77000001	0.75258	0.913097	3
2	78000001	0.810466	0.913097	3
2	79000001	0.831688	0.913097	3
2	80000001	0.653192	0.557608	2
2	81000001	0.557608	0.557608	2
2	82000001	0.397828	0.557608	2
2	83000001	1.04541	1.00079	3
2	84000001	1.02387	1.00079	3
2	85000001	0.915666	1.00079	3
2	86000001	0.996467	1.00079	3
2	87000001	0.93481	1.00079	3
2	88000001	0.953624	1.00079	3
2	89000001	1.01075	1.00079	3
2	90000001	1.34985	1.00079	3
2	91000001	1.03049	1.00079	3
2	92000001	1.11926	1.00079	3
2	93000001	1.01789	1.00079	3
2	94000001	0.903178	1.00079	3
2	95000001	0.914588	1.00079	3
2	96000001	1.00511	1.00079	3
2	97000001	0.909014	1.00079	3
2	98000001	0.929674	1.00079	3
2	99000001	1.69026	1.69026	5
2	100000001	0.799572	0.95524	3
2	101000001	0.907145	0.95524	3
2	102000001	0.948103	0.95524	3
2	103000001	0.837542	0.95524	3
2	104000001	0.765025	0.95524	3
2	105000001	0.932586	0.95524	3
2	106000001	1.00053	0.95524	3
2	107000001	0.839011	0.95524	3
2	108000001	0.932583	0.95524	3
2	109000001	1.07247	0.95524	3
2	110000001	1.00606	0.95524	3
2	111000001	1.00752	0.95524	3
2	112000001	1.04159	0.95524	3
2	113000001	1.05253	0.95524	3
2	114000001	0.814936	0.95524	3
2	115000001	0.618804	0.95524	3
2	116000001	0.423537	0.95524	3
2	117000001	1.07859	0.95524	3
2	118000001	0.991745	0.95524	3
2	119000001	0.915302	0.95524	3
2	120000001	1.08189	0.95524	3
2	121000001	1.12019	0.95524	3
2	122000001	0.919422	0.95524	3
2	123000001	0.608555	0.95524	3
2	124000001	1.14827	0.95524	3
2	125000001	0.671232	0.95524	3
2	126000001	1.05627	0.95524	3
2	127000001	0.95997	0.95524	3
2	128000001	1.05028	0.95524	3
2	129000001	0.950509	0.95524	3
2	130000001	1.24794	0.95524	3
2	131000001	0.988819	0.95524	3
2	132000001	0.982486	0.95524	3
2	133000001	0.856567	0.95524	3
2	134000001	1.04927	0.95524	3
2	135000001	0.935053	0.95524	3
2	136000001	1.06503	0.95524	3
2	137000001	0.986519	0.95524	3
2	138000001	0.763752	0.95524	3
2	139000001	0.917235	0.95524	3
2	140000001	0.35699	0.671131	2
2	141000001	0.580872	0.671131	2
2	142000001	0.642057	0.671131	2
2	143000001	0.898792	0.671131	2
2	144000001	0.791258	0.671131	2
2	145000001	0.794626	0.671131	2
2	146000001	0.661561	0.671131	2
2	147000001	0.680702	0.671131	2
2	148000001	1.21699	1.34658	4
2	149000001	1.72364	1.34658	4
2	150000001	1.37107	1.34658	4
2	151000001	1.3221	1.34658	4
2	152000001	1.16339	1.15648	3
2	153000001	0.951042	1.15648	3
2	154000001	0.787792	1.15648	3
2	155000001	1.11826	1.15648	3
2	156000001	1.21056	1.15648	3
2	157000001	1.20687	1.15648	3
2	158000001	1.37395	1.15648	3
2	159000001	1.28525	1.15648	3
2	160000001	1.40643	1.15648	3
2	161000001	0.991243	1.15648	3
2	162000001	0.859574	1.15648	3
2	163000001	1.09011	1.15648	3
2	164000001	0.894081	1.15648	3
2	165000001	1.14001	1.15648	3
2	166000001	1.1695	1.15648	3
2	167000001	1.15952	1.15648	3
2	168000001	1.32609	1.15648	3
2	169000001	1.49776	1.15648	3
2	170000001	1.28486	1.15648	3
2	171000001	1.08642	1.15648	3
2	172000001	1.46882	1.15648	3
2	173000001	1.05806	1.15648	3
2	174000001	1.38402	1.15648	3
2	175000001	1.30213	1.15648	3
2	176000001	1.14277	1.15648	3
2	177000001	0.976558	1.15648	3
2	178000001	1.22321	1.15648	3
2	179000001	1.14742	1.15648	3
2	180000001	1.29622	1.15648	3
2	181000001	1.14318	1.15648	3
2	182000001	1.12754	1.15648	3
2	183000001	1.26195	1.15648	3
2	184000001	0.98134	1.15648	3
2	185000001	1.15344	1.15648	3
2	186000001	1.32544	1.15648	3
2	187000001	1.01972	1.15648	3
2	188000001	0.663799	0.682847	2
2	189000001	0.674432	0.682847	2
2	190000001	0.720332	0.682847	2
2	191000001	0.776441	0.682847	2
2	192000001	0.842861	0.682847	2
2	193000001	0.574304	0.682847	2
2	194000001	1.05883	0.682847	2
2	195000001	0.682443	0.682847	2
2	196000001	0.614372	0.682847	2
2	197000001	0.587989	0.682847	2
2	198000001	0.659331	0.682847	2
2	199000001	0.561351	0.682847	2
2	200000001	0.694706	0.682847	2
2	201000001	0.74493	0.682847	2
2	202000001	0.546014	0.682847	2
2	203000001	0.745511	0.682847	2
2	204000001	0.63055	0.682847	2
2	205000001	0.677074	0.682847	2
2	206000001	0.799777	0.682847	2
2	207000001	0.738964	0.682847	2
2	208000001	0.588903	0.682847	2
2	209000001	0.648655	0.682847	2
2	210000001	0.590258	0.682847	2
2	211000001	0.273579	0.682847	2
2	212000001	0.416206	0.682847	2
2	213000001	0.500606	0.682847	2
2	214000001	0.705764	0.682847	2
2	215000001	0.552355	0.682847	2
2	216000001	0.796702	0.682847	2
2	217000001	0.790474	0.682847	2
2	218000001	0.679803	0.682847	2
2	219000001	0.798978	0.682847	2
2	220000001	0.692768	0.682847	2
2	221000001	0.631754	0.682847	2
2	222000001	0.479164	0.682847	2
2	223000001	0.593217	0.682847	2
2	224000001	0.739833	0.682847	2
2	225000001	0.948135	0.682847	2
2	226000001	0.711276	0.682847	2
2	227000001	0.692186	0.682847	2
2	228000001	0.687519	0.682847	2
2	229000001	0.890269	0.682847	2
2	230000001	0.663033	0.682847	2
2	231000001	0.669908	0.682847	2
2	232000001	0.781879	0.682847	2
2	233000001	0.65451	0.682847	2
2	234000001	0.673349	0.682847	2
2	235000001	0.7351	0.682847	2
2	236000001	0.670541	0.682847	2
2	237000001	0.734795	0.682847	2
2	238000001	1.025	0.682847	2
2	239000001	0.682847	0.682847	2
2	240000001	0.859338	0.682847	2
2	241000001	0.773311	0.682847	2
2	242000001	0.728369	0.682847	2
20	1	2.20432	2.20432	7
20	1000001	0.705345	0.629809	2
20	2000001	0.603359	0.629809	2
20	3000001	0.794277	0.629809	2
20	4000001	0.651391	0.629809	2
20	5000001	0.705979	0.629809	2
20	6000001	0.639016	0.629809	2
20	7000001	0.476744	0.629809	2
20	8000001	0.629809	0.629809	2
20	9000001	0.726564	0.629809	2
20	10000001	0.602059	0.629809	2
20	11000001	0.610656	0.629809	2
20	12000001	0.573045	0.629809	2
20	13000001	0.607342	0.629809	2
20	14000001	0.505312	0.629809	2
20	15000001	0.44395	0.629809	2
20	16000001	0.659381	0.629809	2
20	17000001	0.721333	0.629809	2
20	18000001	0.688836	0.629809	2
20	19000001	0.61692	0.629809	2
20	20000001	0.890529	0.724051	2
20	21000001	0.635093	0.724051	2
20	22000001	0.618777	0.724051	2
20	23000001	0.715445	0.724051	2
20	24000001	0.704882	0.724051	2
20	25000001	0.777126	0.724051	2
20	26000001	0.806826	0.724051	2
20	27000001	0.724051	0.724051	2
20	28000001	0.655517	0.724051	2
20	29000001	0.825538	0.724051	2
20	30000001	0.843265	0.724051	2
20	31000001	1.18888	1.0453	3
20	32000001	0.923342	1.0453	3
20	33000001	1.15062	1.0453	3
20	34000001	1.07638	1.0453	3
20	35000001	0.933812	1.0453	3
20	36000001	1.04607	1.0453	3
20	37000001	0.95266	1.0453	3
20	38000001	1.01109	1.0453	3
20	39000001	0.842439	1.0453	3
20	40000001	0.955134	1.0453	3
20	41000001	1.12421	1.0453	3
20	42000001	0.809111	1.0453	3
20	43000001	0.970762	1.0453	3
20	44000001	1.13557	1.0453	3
20	45000001	1.03514	1.0453	3
20	46000001	1.042	1.0453	3
20	47000001	1.0831	1.0453	3
20	48000001	1.09913	1.0453	3
20	49000001	1.01364	1.0453	3
20	50000001	1.09254	1.0453	3
20	51000001	1.06242	1.0453	3
20	52000001	1.14571	1.0453	3
20	53000001	0.910713	1.0453	3
20	54000001	1.13124	1.0453	3
20	55000001	0.846324	1.0453	3
20	56000001	1.04453	1.0453	3
20	57000001	0.955997	1.0453	3
20	58000001	1.0776	1.0453	3
20	59000001	0.937144	1.0453	3
20	60000001	0.884392	1.0453	3
20	61000001	1.2034	1.0453	3
20	62000001	1.24937	1.0453	3
20	63000001	1.23814	1.0453	3
20	64000001	1.26004	1.0453	3
21	1	-1	-1	5
21	1000001	-1	-1	5
21	2000001	-1	-1	5
21	3000001	-1	-1	5
21	4000001	-1	-1	5
21	5000001	1.65087	1.70647	5
21	6000001	1.36698	1.70647	5
21	7000001	2.07208	1.70647	5
21	8000001	1.76207	1.70647	5
21	9000001	1.29283	1.70647	5
21	10000001	2.15942	1.70647	5
21	11000001	0.709551	0.791362	2
21	12000001	0.659809	0.791362	2
21	13000001	0.718136	0.791362	2
21	14000001	0.82519	0.791362	2
21	15000001	0.821924	0.791362	2
21	16000001	0.94194	0.791362	2
21	17000001	0.770069	0.791362	2
21	18000001	0.704939	0.791362	2
21	19000001	0.492658	0.791362	2
21	20000001	0.791362	0.791362	2
21	21000001	0.81916	0.791362	2
21	22000001	0.904072	0.791362	2
21	23000001	0.741247	0.791362	2
21	24000001	0.718888	0.791362	2
21	25000001	1.022	0.791362	2
21	26000001	0.912334	0.791362	2
21	27000001	0.953861	0.791362	2
21	28000001	1.22166	1.24113	4
21	29000001	1.17814	1.24113	4
21	30000001	1.18135	1.24113	4
21	31000001	1.34249	1.24113	4
21	32000001	1.23899	1.24113	4
21	33000001	1.27034	1.24113	4
21	34000001	1.18204	1.24113	4
21	35000001	1.43673	1.24113	4
21	36000001	1.27358	1.24113	4
21	37000001	1.41058	1.24113	4
21	38000001	1.3634	1.24113	4
21	39000001	1.24113	1.24113	4
21	40000001	1.06939	1.24113	4
21	41000001	1.36391	1.44667	4
21	42000001	1.52943	1.44667	4
21	43000001	1.55336	1.44667	4
21	44000001	1.30793	1.44667	4
21	45000001	1.64551	1.44667	4
21	46000001	1.30382	1.44667	4
22	1	-1	-1	3
22	1000001	-1	-1	3
22	2000001	-1	-1	3
22	3000001	-1	-1	3
22	4000001	-1	-1	3
22	5000001	-1	-1	3
22	6000001	-1	-1	3
22	7000001	-1	-1	3
22	8000001	-1	-1	3
22	9000001	-1	-1	3
22	10000001	0.839414	0.87133	3
22	11000001	1.33421	0.87133	3
22	12000001	1.47903	0.87133	3
22	13000001	0.710144	0.87133	3
22	14000001	0.663259	0.87133	3
22	15000001	0.903247	0.87133	3
22	16000001	2.30775	1.374	4
22	17000001	1.374	1.374	4
22	18000001	1.24415	1.374	4
22	19000001	3.32628	3.83076	11
22	20000001	3.83076	3.83076	11
22	21000001	4.2209	3.83076	11
22	22000001	5.6375	3.83076	11
22	23000001	2.80921	3.83076	11
22	24000001	0.739886	0.710189	2
22	25000001	0.791389	0.710189	2
22	26000001	0.691783	0.710189	2
22	27000001	0.808015	0.710189	2
22	28000001	0.710189	0.710189	2
22	29000001	0.627101	0.710189	2
22	30000001	0.645504	0.710189	2
22	31000001	0.672091	0.710189	2
22	32000001	0.768877	0.710189	2
22	33000001	0.638119	0.710189	2
22	34000001	0.672209	0.710189	2
22	35000001	0.981052	0.710189	2
22	36000001	0.709621	0.710189	2
22	37000001	0.901666	0.710189	2
22	38000001	0.835747	0.710189	2
22	39000001	0.662638	0.710189	2
22	40000001	0.593977	0.710189	2
22	41000001	0.650331	0.710189	2
22	42000001	0.738556	0.710189	2
22	43000001	0.635752	0.710189	2
22	44000001	0.907555	0.710189	2
22	45000001	0.858482	0.710189	2
22	46000001	0.626617	0.710189	2
22	47000001	0.769393	0.710189	2
22	48000001	0.716376	0.710189	2
22	49000001	0.645048	0.710189	2
22	50000001	0.952882	0.710189	2
3	1	0.833749	0.833749	3
3	1000001	0.63464	0.833749	3
3	2000001	0.921762	0.833749	3
3	3000001	1.29179	1.38371	4
3	4000001	1.38371	1.38371	4
3	5000001	1.43494	1.38371	4
3	6000001	1.59557	1.38371	4
3	7000001	1.06386	1.38371	4
3	8000001	1.13397	1.38371	4
3	9000001	1.39602	1.38371	4
3	10000001	1.55298	1.38371	4
3	11000001	1.51554	1.38371	4
3	12000001	1.3233	1.38371	4
3	13000001	1.36213	1.38371	4
3	14000001	1.16288	1.38371	4
3	15000001	1.58243	1.38371	4
3	16000001	1.14858	1.19612	4
3	17000001	1.35001	1.19612	4
3	18000001	0.987344	1.19612	4
3	19000001	1.29508	1.19612	4
3	20000001	1.20208	1.19612	4
3	21000001	1.10947	1.19612	4
3	22000001	0.871107	1.19612	4
3	23000001	1.09782	1.19612	4
3	24000001	1.17778	1.19612	4
3	25000001	1.30669	1.19612	4
3	26000001	1.00716	1.19612	4
3	27000001	1.09908	1.19612	4
3	28000001	1.04467	1.19612	4
3	29000001	0.615064	1.19612	4
3	30000001	0.938719	1.19612	4
3	31000001	1.25874	1.19612	4
3	32000001	1.44753	1.19612	4
3	33000001	1.16906	1.19612	4
3	34000001	1.03685	1.19612	4
3	35000001	1.0915	1.19612	4
3	36000001	1.48445	1.19612	4
3	37000001	1.19016	1.19612	4
3	38000001	1.36258	1.19612	4
3	39000001	1.16354	1.19612	4
3	40000001	1.27451	1.19612	4
3	41000001	1.33145	1.19612	4
3	42000001	1.39357	1.19612	4
3	43000001	1.50924	1.19612	4
3	44000001	1.21825	1.19612	4
3	45000001	1.31606	1.19612	4
3	46000001	1.49019	1.19612	4
3	47000001	1.20893	1.19612	4
3	48000001	0.743814	0.621356	2
3	49000001	0.687588	0.621356	2
3	50000001	0.78966	0.621356	2
3	51000001	0.71133	0.621356	2
3	52000001	0.83203	0.621356	2
3	53000001	0.795096	0.621356	2
3	54000001	0.707315	0.621356	2
3	55000001	0.673798	0.621356	2
3	56000001	0.645984	0.621356	2
3	57000001	0.668702	0.621356	2
3	58000001	0.927602	0.621356	2
3	59000001	0.637794	0.621356	2
3	60000001	0.708911	0.621356	2
3	61000001	0.766187	0.621356	2
3	62000001	0.464094	0.621356	2
3	63000001	0.654768	0.621356	2
3	64000001	0.756871	0.621356	2
3	65000001	0.762402	0.621356	2
3	66000001	0.620208	0.621356	2
3	67000001	0.552671	0.621356	2
3	68000001	0.577686	0.621356	2
3	69000001	0.622857	0.621356	2
3	70000001	0.585794	0.621356	2
3	71000001	0.591586	0.621356	2
3	72000001	0.571134	0.621356	2
3	73000001	0.551737	0.621356	2
3	74000001	0.45655	0.621356	2
3	75000001	1.01334	0.621356	2
3	76000001	0.552727	0.621356	2
3	77000001	0.594292	0.621356	2
3	78000001	0.459678	0.621356	2
3	79000001	0.31164	0.621356	2
3	80000001	0.472261	0.621356	2
3	81000001	0.564547	0.621356	2
3	82000001	0.445826	0.621356	2
3	83000001	0.503759	0.621356	2
3	84000001	0.452008	0.621356	2
3	85000001	0.381662	0.621356	2
3	86000001	0.602722	0.621356	2
3	87000001	0.704397	0.621356	2
3	88000001	0.812654	0.621356	2
3	89000001	0.298243	0.621356	2
3	90000001	0.428683	0.621356	2
3	91000001	0.474786	0.621356	2
3	92000001	0.403146	0.621356	2
3	93000001	0.558401	0.621356	2
3	94000001	0.652986	0.621356	2
3	95000001	0.397102	0.621356	2
3	96000001	0.474121	0.621356	2
3	97000001	0.562326	0.621356	2
3	98000001	0.746968	0.621356	2
3	99000001	0.620452	0.621356	2
3	100000001	0.609029	0.621356	2
3	101000001	0.651163	0.621356	2
3	102000001	0.669701	0.621356	2
3	103000001	0.311226	0.621356	2
3	104000001	0.513248	0.621356	2
3	105000001	0.586258	0.621356	2
3	106000001	0.584886	0.621356	2
3	107000001	0.560256	0.621356	2
3	108000001	0.621356	0.621356	2
3	109000001	0.728477	0.621356	2
3	110000001	0.674972	0.621356	2
3	111000001	0.730267	0.621356	2
3	112000001	0.586002	0.621356	2
3	113000001	0.63306	0.621356	2
3	114000001	0.578219	0.621356	2
3	115000001	0.698825	0.621356	2
3	116000001	0.593738	0.621356	2
3	117000001	0.53414	0.621356	2
3	118000001	0.5632	0.621356	2
3	119000001	0.727768	0.621356	2
3	120000001	0.559995	0.621356	2
3	121000001	0.604685	0.621356	2
3	122000001	0.75489	0.621356	2
3	123000001	0.727903	0.621356	2
3	124000001	0.593524	0.621356	2
3	125000001	0.740741	0.621356	2
3	126000001	0.766166	0.621356	2
3	127000001	0.675595	0.621356	2
3	128000001	0.634811	0.621356	2
3	129000001	0.707841	0.621356	2
3	130000001	0.666475	0.621356	2
3	131000001	0.677931	0.621356	2
3	132000001	0.71879	0.621356	2
3	133000001	0.589506	0.621356	2
3	134000001	0.79345	0.621356	2
3	135000001	0.628081	0.621356	2
3	136000001	0.56557	0.621356	2
3	137000001	0.675612	0.621356	2
3	138000001	0.733848	0.621356	2
3	139000001	0.825462	0.917778	3
3	140000001	1.02907	0.917778	3
3	141000001	1.12496	0.917778	3
3	142000001	0.817887	0.917778	3
3	143000001	1.11936	0.917778	3
3	144000001	0.885888	0.917778	3
3	145000001	0.706829	0.917778	3
3	146000001	0.716666	0.917778	3
3	147000001	0.613288	0.917778	3
3	148000001	0.896615	0.917778	3
3	149000001	0.910223	0.917778	3
3	150000001	0.982397	0.917778	3
3	151000001	0.993131	0.917778	3
3	152000001	0.900427	0.917778	3
3	153000001	1.14695	0.917778	3
3	154000001	0.99474	0.917778	3
3	155000001	1.09966	0.917778	3
3	156000001	0.983557	0.917778	3
3	157000001	1.31453	0.917778	3
3	158000001	0.811831	0.917778	3
3	159000001	1.01357	0.917778	3
3	160000001	1.28455	0.917778	3
3	161000001	0.816605	0.917778	3
3	162000001	0.520181	0.917778	3
3	163000001	0.518046	0.917778	3
3	164000001	0.524986	0.917778	3
3	165000001	0.577271	0.917778	3
3	166000001	0.836437	0.917778	3
3	167000001	1.01543	0.917778	3
3	168000001	0.872332	0.917778	3
3	169000001	0.882845	0.917778	3
3	170000001	0.813329	0.917778	3
3	171000001	1.05949	0.917778	3
3	172000001	0.867302	0.917778	3
3	173000001	0.781236	0.917778	3
3	174000001	0.514668	0.917778	3
3	175000001	0.606193	0.917778	3
3	176000001	0.968093	0.917778	3
3	177000001	1.03385	0.917778	3
3	178000001	0.908748	0.917778	3
3	179000001	0.920183	0.917778	3
3	180000001	1.03044	0.917778	3
3	181000001	1.0089	0.917778	3
3	182000001	0.757093	0.917778	3
3	183000001	1.03397	0.917778	3
3	184000001	1.00456	0.917778	3
3	185000001	0.959183	0.917778	3
3	186000001	0.933312	0.917778	3
3	187000001	0.867085	0.917778	3
3	188000001	0.915373	0.917778	3
3	189000001	0.541531	0.917778	3
3	190000001	0.72731	0.917778	3
3	191000001	0.965049	0.917778	3
3	192000001	0.991501	0.917778	3
3	193000001	1.01906	0.917778	3
3	194000001	1.04935	0.917778	3
3	195000001	1.19235	0.917778	3
3	196000001	0.855747	0.917778	3
3	197000001	1.15923	0.917778	3
3	198000001	1.38141	0.917778	3
4	1	1.1342	1.1342	3
4	1000001	1.0859	1.1342	3
4	2000001	1.17436	1.1342	3
4	3000001	1.09756	1.1342	3
4	4000001	1.10746	1.1342	3
4	5000001	1.07864	1.1342	3
4	6000001	1.2751	1.1342	3
4	7000001	1.23136	1.1342	3
4	8000001	1.13518	1.1342	3
4	9000001	0.911647	1.1342	3
4	10000001	1.23886	1.1342	3
4	11000001	0.971398	0.792181	2
4	12000001	0.717255	0.792181	2
4	13000001	0.982541	0.792181	2
4	14000001	0.984142	0.792181	2
4	15000001	0.792181	0.792181	2
4	16000001	0.779238	0.792181	2
4	17000001	0.99207	0.792181	2
4	18000001	0.858547	0.792181	2
4	19000001	0.622769	0.792181	2
4	20000001	0.75049	0.792181	2
4	21000001	0.625265	0.792181	2
4	22000001	0.779982	0.792181	2
4	23000001	0.83555	0.792181	2
4	24000001	1.08196	1.02739	3
4	25000001	0.972823	1.02739	3
4	26000001	1.11731	1.02739	3
4	27000001	0.891181	1.02739	3
4	28000001	0.47569	0.420337	1
4	29000001	0.303408	0.420337	1
4	30000001	0.420337	0.420337	1
4	31000001	0.658785	0.632734	2
4	32000001	0.972933	0.632734	2
4	33000001	0.60139	0.632734	2
4	34000001	0.551316	0.632734	2
4	35000001	0.536785	0.632734	2
4	36000001	0.606683	0.632734	2
4	37000001	0.827864	0.632734	2
4	38000001	0.890422	0.632734	2
4	39000001	1.8082	1.8082	5
4	40000001	0.946391	0.915825	3
4	41000001	0.871532	0.915825	3
4	42000001	0.88526	0.915825	3
4	43000001	0.96327	0.915825	3
4	44000001	0.598167	0.460535	1
4	45000001	0.460535	0.460535	1
4	46000001	0.404093	0.460535	1
4	47000001	0.795232	0.864554	3
4	48000001	0.774135	0.864554	3
4	49000001	1.15167	0.864554	3
4	50000001	0.75309	0.864554	3
4	51000001	0.933876	0.864554	3
4	52000001	1.12258	0.864554	3
4	53000001	0.580305	0.591026	2
4	54000001	0.729127	0.591026	2
4	55000001	0.560628	0.591026	2
4	56000001	0.573979	0.591026	2
4	57000001	0.714159	0.591026	2
4	58000001	0.425769	0.591026	2
4	59000001	0.474733	0.591026	2
4	60000001	0.260282	0.591026	2
4	61000001	0.369948	0.591026	2
4	62000001	0.249352	0.591026	2
4	63000001	0.297054	0.591026	2
4	64000001	0.362717	0.591026	2
4	65000001	0.311743	0.591026	2
4	66000001	0.705137	0.591026	2
4	67000001	0.572205	0.591026	2
4	68000001	0.841875	0.591026	2
4	69000001	0.511945	0.591026	2
4	70000001	0.905678	0.591026	2
4	71000001	0.605042	0.591026	2
4	72000001	0.616184	0.591026	2
4	73000001	0.768082	0.591026	2
4	74000001	0.661312	0.591026	2
4	75000001	0.670901	0.591026	2
4	76000001	0.641794	0.591026	2
4	77000001	0.724206	0.591026	2
4	78000001	0.655707	0.591026	2
4	79000001	0.536565	0.591026	2
4	80000001	0.704105	0.591026	2
4	81000001	0.668794	0.591026	2
4	82000001	0.617518	0.591026	2
4	83000001	0.62652	0.591026	2
4	84000001	0.572526	0.591026	2
4	85000001	0.671797	0.591026	2
4	86000001	0.519094	0.591026	2
4	87000001	0.802938	0.591026	2
4	88000001	0.630979	0.591026	2
4	89000001	0.56494	0.591026	2
4	90000001	0.696384	0.591026	2
4	91000001	0.517652	0.591026	2
4	92000001	0.360074	0.591026	2
4	93000001	0.610992	0.591026	2
4	94000001	0.806031	0.591026	2
4	95000001	0.58791	0.591026	2
4	96000001	0.505239	0.591026	2
4	97000001	0.558457	0.591026	2
4	98000001	0.475131	0.591026	2
4	99000001	0.660981	0.591026	2
4	100000001	0.690723	0.591026	2
4	101000001	0.724654	0.591026	2
4	102000001	0.631531	0.591026	2
4	103000001	0.581971	0.591026	2
4	104000001	1.51969	0.591026	2
4	105000001	0.531638	0.591026	2
4	106000001	0.744379	0.591026	2
4	107000001	0.647514	0.591026	2
4	108000001	0.598032	0.591026	2
4	109000001	0.843437	0.591026	2
4	110000001	0.841898	0.591026	2
4	111000001	0.621867	0.591026	2
4	112000001	0.729184	0.591026	2
4	113000001	0.456472	0.591026	2
4	114000001	0.454906	0.591026	2
4	115000001	0.362511	0.591026	2
4	116000001	0.368267	0.591026	2
4	117000001	0.530672	0.591026	2
4	118000001	0.648008	0.591026	2
4	119000001	0.68519	0.591026	2
4	120000001	0.609234	0.591026	2
4	121000001	0.745512	0.591026	2
4	122000001	0.688995	0.591026	2
4	123000001	0.520492	0.591026	2
4	124000001	0.480832	0.591026	2
4	125000001	0.585208	0.591026	2
4	126000001	0.624986	0.591026	2
4	127000001	0.684438	0.591026	2
4	128000001	0.661101	0.591026	2
4	129000001	0.624081	0.591026	2
4	130000001	0.441539	0.591026	2
4	131000001	0.513859	0.591026	2
4	132000001	0.31394	0.591026	2
4	133000001	0.28398	0.591026	2
4	134000001	0.443829	0.591026	2
4	135000001	0.452254	0.591026	2
4	136000001	0.45301	0.591026	2
4	137000001	0.542791	0.591026	2
4	138000001	0.539528	0.591026	2
4	139000001	0.649144	0.591026	2
4	140000001	0.744702	0.591026	2
4	141000001	0.524619	0.591026	2
4	142000001	0.552711	0.591026	2
4	143000001	0.560401	0.591026	2
4	144000001	0.545942	0.591026	2
4	145000001	0.619997	0.591026	2
4	146000001	0.783589	0.591026	2
4	147000001	0.594143	0.591026	2
4	148000001	0.502694	0.591026	2
4	149000001	0.848395	0.591026	2
4	150000001	0.735007	0.591026	2
4	151000001	0.812333	0.591026	2
4	152000001	0.736391	0.591026	2
4	153000001	0.684888	0.591026	2
4	154000001	0.612777	0.591026	2
4	155000001	0.548531	0.591026	2
4	156000001	0.494786	0.591026	2
4	157000001	0.53127	0.591026	2
4	158000001	0.721861	0.591026	2
4	159000001	0.521819	0.591026	2
4	160000001	0.427782	0.591026	2
4	161000001	0.273398	0.591026	2
4	162000001	0.443486	0.591026	2
4	163000001	0.456982	0.591026	2
4	164000001	0.67149	0.591026	2
4	165000001	0.549145	0.591026	2
4	166000001	0.328308	0.591026	2
4	167000001	0.484365	0.591026	2
4	168000001	0.662914	0.591026	2
4	169000001	0.642672	0.591026	2
4	170000001	0.582183	0.591026	2
4	171000001	0.565102	0.591026	2
4	172000001	0.883964	0.591026	2
4	173000001	0.676353	0.591026	2
4	174000001	0.500969	0.591026	2
4	175000001	0.649719	0.591026	2
4	176000001	0.858322	0.591026	2
4	177000001	0.44395	0.591026	2
4	178000001	0.31091	0.591026	2
4	179000001	0.427608	0.591026	2
4	180000001	0.429773	0.591026	2
4	181000001	0.509206	0.591026	2
4	182000001	0.725197	0.591026	2
4	183000001	0.68549	0.591026	2
4	184000001	0.738658	0.591026	2
4	185000001	0.713588	0.591026	2
4	186000001	0.705354	0.591026	2
4	187000001	0.575233	0.591026	2
4	188000001	0.461003	0.591026	2
4	189000001	0.382142	0.591026	2
4	190000001	2.71656	0.591026	2
5	1	1.51755	1.32314	4
5	1000001	1.23395	1.32314	4
5	2000001	1.32314	1.32314	4
5	3000001	0.80235	0.769894	2
5	4000001	0.737438	0.769894	2
5	5000001	1.47003	1.25641	4
5	6000001	1.36982	1.25641	4
5	7000001	1.18154	1.25641	4
5	8000001	1.08637	1.25641	4
5	9000001	1.28668	1.25641	4
5	10000001	1.25641	1.25641	4
5	11000001	1.30011	1.25641	4
5	12000001	1.01725	1.25641	4
5	13000001	1.18718	1.25641	4
5	14000001	1.27114	1.25641	4
5	15000001	1.17834	1.25641	4
5	16000001	0.924423	0.747015	2
5	17000001	0.894011	0.747015	2
5	18000001	0.589979	0.747015	2
5	19000001	0.667541	0.747015	2
5	20000001	0.765614	0.747015	2
5	21000001	0.999204	0.747015	2
5	22000001	0.679238	0.747015	2
5	23000001	0.721841	0.747015	2
5	24000001	0.728417	0.747015	2
5	25000001	0.630234	0.747015	2
5	26000001	0.673934	0.747015	2
5	27000001	0.907536	0.747015	2
5	28000001	0.880635	0.747015	2
5	29000001	0.790608	0.747015	2
5	30000001	1.0615	1.27439	4
5	31000001	1.27431	1.27439	4
5	32000001	1.13673	1.27439	4
5	33000001	1.27439	1.27439	4
5	34000001	1.23727	1.27439	4
5	35000001	1.39989	1.27439	4
5	36000001	1.25475	1.27439	4
5	37000001	1.34609	1.27439	4
5	38000001	1.39099	1.27439	4
5	39000001	1.00119	1.27439	4
5	40000001	1.38189	1.27439	4
5	41000001	1.32459	1.27439	4
5	42000001	1.41033	1.27439	4
5	43000001	1.30776	1.27439	4
5	44000001	1.08027	1.27439	4
5	45000001	0.75367	0.735584	2
5	46000001	0.717498	0.735584	2
5	47000001	1.20319	1.39669	4
5	48000001	1.53725	1.39669	4
5	49000001	1.39669	1.39669	4
5	50000001	0.946745	0.925857	3
5	51000001	0.683658	0.925857	3
5	52000001	1.09629	0.925857	3
5	53000001	0.934463	0.925857	3
5	54000001	0.912808	0.925857	3
5	55000001	0.866025	0.925857	3
5	56000001	0.821701	0.925857	3
5	57000001	0.885635	0.925857	3
5	58000001	0.936126	0.925857	3
5	59000001	0.745922	0.925857	3
5	60000001	1.35837	0.925857	3
5	61000001	0.907481	0.925857	3
5	62000001	0.984477	0.925857	3
5	63000001	0.892403	0.925857	3
5	64000001	0.676171	0.925857	3
5	65000001	0.765096	0.925857	3
5	66000001	0.96117	0.925857	3
5	67000001	0.970398	0.925857	3
5	68000001	0.98416	0.925857	3
5	69000001	0.925857	0.925857	3
5	70000001	0.976518	0.925857	3
5	71000001	1.01476	0.925857	3
5	72000001	0.866429	0.925857	3
5	73000001	0.858993	0.925857	3
5	74000001	0.984367	0.925857	3
5	75000001	0.90373	0.925857	3
5	76000001	0.897751	0.925857	3
5	77000001	0.983402	0.925857	3
5	78000001	0.992992	0.925857	3
5	79000001	0.797984	0.925857	3
5	80000001	1.33431	0.925857	3
5	81000001	1.03844	0.925857	3
5	82000001	0.914977	0.925857	3
5	83000001	0.883347	0.925857	3
5	84000001	0.836798	0.925857	3
5	85000001	0.800849	0.925857	3
5	86000001	1.79842	0.925857	3
5	87000001	0.972997	0.925857	3
5	88000001	0.784134	0.925857	3
5	89000001	0.904797	0.925857	3
5	90000001	0.859587	0.925857	3
5	91000001	0.929683	0.925857	3
5	92000001	0.944558	0.925857	3
5	93000001	0.832281	0.925857	3
5	94000001	1.34671	0.925857	3
5	95000001	0.97664	0.925857	3
5	96000001	0.787771	0.925857	3
5	97000001	1.12663	0.925857	3
5	98000001	1.05757	0.925857	3
5	99000001	0.890402	0.925857	3
5	100000001	1.03752	0.925857	3
5	101000001	0.768221	0.901991	3
5	102000001	1.0125	0.901991	3
5	103000001	0.956089	0.901991	3
5	104000001	0.782041	0.901991	3
5	105000001	0.798436	0.901991	3
5	106000001	0.491402	0.901991	3
5	107000001	0.7188	0.901991	3
5	108000001	0.830993	0.901991	3
5	109000001	0.888761	0.901991	3
5	110000001	0.939815	0.901991	3
5	111000001	0.91522	0.901991	3
5	112000001	0.921131	0.901991	3
5	113000001	0.995985	0.901991	3
5	114000001	0.945043	0.901991	3
5	115000001	0.829214	0.901991	3
5	116000001	0.779571	0.901991	3
5	117000001	0.696059	0.901991	3
5	118000001	0.771368	0.901991	3
5	119000001	0.981674	0.901991	3
5	120000001	0.95142	0.901991	3
5	121000001	0.821593	0.901991	3
5	122000001	0.980596	0.901991	3
5	123000001	1.0501	0.901991	3
5	124000001	1.03978	0.901991	3
5	125000001	0.828904	0.901991	3
5	126000001	0.951609	0.901991	3
5	127000001	0.879525	0.901991	3
5	128000001	0.849434	0.901991	3
5	129000001	0.984738	0.901991	3
5	130000001	0.917863	0.901991	3
5	131000001	0.852659	0.901991	3
5	132000001	0.925204	0.901991	3
5	133000001	1.23155	1.46319	4
5	134000001	1.69483	1.46319	4
5	135000001	1.05158	0.951703	3
5	136000001	0.947333	0.951703	3
5	137000001	0.954355	0.951703	3
5	138000001	0.986914	0.951703	3
5	139000001	1.13529	0.951703	3
5	140000001	0.856363	0.951703	3
5	141000001	1.0642	0.951703	3
5	142000001	1.28841	0.951703	3
5	143000001	1.08887	0.951703	3
5	144000001	0.788022	0.951703	3
5	145000001	0.98083	0.951703	3
5	146000001	0.874225	0.951703	3
5	147000001	0.840052	0.951703	3
5	148000001	0.925876	0.951703	3
5	149000001	0.750005	0.951703	3
5	150000001	0.842862	0.951703	3
5	151000001	0.949051	0.951703	3
5	152000001	0.943163	0.951703	3
5	153000001	0.996013	0.951703	3
5	154000001	1.08058	0.951703	3
5	155000001	0.906988	0.951703	3
5	156000001	0.989142	0.951703	3
5	157000001	0.904355	0.951703	3
5	158000001	1.00862	0.951703	3
5	159000001	1.04708	0.951703	3
5	160000001	0.878935	0.951703	3
5	161000001	0.776346	0.802868	2
5	162000001	0.896258	0.802868	2
5	163000001	0.802868	0.802868	2
5	164000001	0.84624	0.802868	2
5	165000001	0.631032	0.802868	2
5	166000001	0.5666	0.802868	2
5	167000001	0.810538	0.802868	2
5	168000001	1.15465	1.10441	3
5	169000001	1.09973	1.10441	3
5	170000001	1.13446	1.10441	3
5	171000001	0.971431	1.10441	3
5	172000001	1.22029	1.10441	3
5	173000001	1.10909	1.10441	3
5	174000001	0.87568	1.10441	3
5	175000001	1.05962	1.10441	3
5	176000001	1.04563	1.10441	3
5	177000001	1.08838	1.10441	3
5	178000001	1.21758	1.10441	3
5	179000001	1.18485	1.10441	3
5	180000001	0.981488	1.10441	3
5	181000001	1.37651	1.10441	3
6	1	1.35294	1.31255	4
6	1000001	1.3295	1.31255	4
6	2000001	1.36691	1.31255	4
6	3000001	1.27834	1.31255	4
6	4000001	1.3171	1.31255	4
6	5000001	1.4383	1.31255	4
6	6000001	1.41929	1.31255	4
6	7000001	1.23216	1.31255	4
6	8000001	1.19371	1.31255	4
6	9000001	1.32238	1.31255	4
6	10000001	1.19741	1.31255	4
6	11000001	1.41986	1.31255	4
6	12000001	1.08414	1.31255	4
6	13000001	1.30593	1.31255	4
6	14000001	1.09871	1.31255	4
6	15000001	1.17701	1.31255	4
6	16000001	1.04824	1.31255	4
6	17000001	1.308	1.31255	4
6	18000001	1.10518	1.31255	4
6	19000001	1.02272	1.31255	4
6	20000001	1.27582	1.31255	4
6	21000001	1.15552	1.31255	4
6	22000001	1.28312	1.31255	4
6	23000001	1.00624	1.31255	4
6	24000001	1.26384	1.31255	4
6	25000001	1.31966	1.31255	4
6	26000001	1.43422	1.31255	4
6	27000001	1.37382	1.31255	4
6	28000001	1.22895	1.31255	4
6	29000001	1.34425	1.31255	4
6	30000001	1.26853	1.31255	4
6	31000001	1.45691	1.31255	4
6	32000001	1.36693	1.31255	4
6	33000001	1.49161	1.31255	4
6	34000001	1.38601	1.31255	4
6	35000001	1.51441	1.31255	4
6	36000001	1.2342	1.31255	4
6	37000001	1.36569	1.31255	4
6	38000001	0.95299	1.31255	4
6	39000001	1.37263	1.31255	4
6	40000001	1.37907	1.31255	4
6	41000001	1.39353	1.31255	4
6	42000001	1.20931	1.31255	4
6	43000001	1.30446	1.31255	4
6	44000001	1.36555	1.31255	4
6	45000001	1.32096	1.31255	4
6	46000001	1.34994	1.31255	4
6	47000001	1.21459	1.31255	4
6	48000001	0.970901	1.0359	3
6	49000001	1.04115	1.0359	3
6	50000001	1.02206	1.0359	3
6	51000001	1.05179	1.0359	3
6	52000001	1.03159	1.0359	3
6	53000001	0.677761	1.0359	3
6	54000001	0.922169	1.0359	3
6	55000001	1.3281	1.0359	3
6	56000001	1.19092	1.0359	3
6	57000001	1.04021	1.0359	3
6	58000001	0.84364	0.896262	3
6	59000001	0.921605	0.896262	3
6	60000001	0.779982	0.896262	3
6	61000001	0.664333	0.896262	3
6	62000001	0.744544	0.896262	3
6	63000001	0.844708	0.896262	3
6	64000001	0.662044	0.896262	3
6	65000001	0.768798	0.896262	3
6	66000001	0.650659	0.896262	3
6	67000001	0.631359	0.896262	3
6	68000001	1.0738	0.896262	3
6	69000001	0.9584	0.896262	3
6	70000001	0.999407	0.896262	3
6	71000001	0.896262	0.896262	3
6	72000001	0.813579	0.896262	3
6	73000001	1.02953	0.896262	3
6	74000001	0.857414	0.896262	3
6	75000001	0.709721	0.896262	3
6	76000001	0.810227	0.896262	3
6	77000001	0.573249	0.896262	3
6	78000001	0.899714	0.896262	3
6	79000001	0.690454	0.896262	3
6	80000001	0.988418	0.896262	3
6	81000001	0.991468	0.896262	3
6	82000001	0.969952	0.896262	3
6	83000001	0.955828	0.896262	3
6	84000001	0.99437	0.896262	3
6	85000001	0.935338	0.896262	3
6	86000001	0.891672	0.896262	3
6	87000001	0.934316	0.896262	3
6	88000001	0.926829	0.896262	3
6	89000001	0.876408	0.896262	3
6	90000001	0.9408	0.896262	3
6	91000001	0.875778	0.896262	3
6	92000001	0.476143	0.896262	3
6	93000001	0.520635	0.896262	3
6	94000001	0.518561	0.896262	3
6	95000001	0.769766	0.896262	3
6	96000001	0.718328	0.896262	3
6	97000001	0.815475	0.896262	3
6	98000001	0.682599	0.896262	3
6	99000001	0.973606	0.896262	3
6	100000001	0.862677	0.896262	3
6	101000001	0.885532	0.896262	3
6	102000001	0.738617	0.896262	3
6	103000001	0.885078	0.896262	3
6	104000001	0.827153	0.896262	3
6	105000001	1.01516	0.896262	3
6	106000001	0.916077	0.896262	3
6	107000001	1.06353	0.896262	3
6	108000001	0.920544	0.896262	3
6	109000001	1.06699	0.896262	3
6	110000001	0.862167	0.896262	3
6	111000001	0.886947	0.896262	3
6	112000001	1.00002	0.896262	3
6	113000001	0.998103	0.896262	3
6	114000001	0.831623	0.896262	3
6	115000001	1.08599	0.896262	3
6	116000001	1.03258	0.896262	3
6	117000001	1.0875	0.896262	3
6	118000001	0.818126	0.896262	3
6	119000001	1.0931	0.896262	3
6	120000001	0.990534	0.896262	3
6	121000001	1.01684	0.896262	3
6	122000001	0.774503	0.896262	3
6	123000001	0.923266	0.896262	3
6	124000001	0.925481	0.896262	3
6	125000001	1.09085	0.896262	3
6	126000001	0.897491	0.896262	3
6	127000001	0.78598	0.896262	3
6	128000001	0.796677	0.896262	3
6	129000001	0.936938	0.896262	3
6	130000001	0.922214	0.896262	3
6	131000001	0.987401	0.896262	3
6	132000001	0.878559	0.896262	3
6	133000001	0.975909	0.896262	3
6	134000001	0.978656	0.896262	3
6	135000001	1.25386	1.27167	4
6	136000001	1.05382	1.27167	4
6	137000001	1.28114	1.27167	4
6	138000001	1.20719	1.27167	4
6	139000001	1.25831	1.27167	4
6	140000001	1.26934	1.27167	4
6	141000001	1.27903	1.27167	4
6	142000001	1.03686	1.27167	4
6	143000001	1.0838	1.27167	4
6	144000001	1.19684	1.27167	4
6	145000001	1.34395	1.27167	4
6	146000001	1.13084	1.27167	4
6	147000001	1.0888	1.27167	4
6	148000001	1.44269	1.27167	4
6	149000001	1.14467	1.27167	4
6	150000001	1.31541	1.27167	4
6	151000001	1.51363	1.27167	4
6	152000001	1.20075	1.27167	4
6	153000001	1.33605	1.27167	4
6	154000001	1.25649	1.27167	4
6	155000001	1.23148	1.27167	4
6	156000001	1.18605	1.27167	4
6	157000001	1.29564	1.27167	4
6	158000001	1.21263	1.27167	4
6	159000001	1.27399	1.27167	4
6	160000001	1.27912	1.27167	4
6	161000001	1.46883	1.27167	4
6	162000001	0.899183	1.27167	4
6	163000001	1.38529	1.27167	4
6	164000001	0.900139	1.27167	4
6	165000001	1.28204	1.27167	4
6	166000001	1.30651	1.27167	4
6	167000001	1.44844	1.27167	4
6	168000001	1.54215	1.27167	4
6	169000001	1.32644	1.27167	4
6	170000001	1.50833	1.27167	4
7	1	1.51506	1.25524	4
7	1000001	1.47007	1.25524	4
7	2000001	1.39217	1.25524	4
7	3000001	1.36271	1.25524	4
7	4000001	1.44417	1.25524	4
7	5000001	1.49017	1.25524	4
7	6000001	1.35938	1.25524	4
7	7000001	1.27911	1.25524	4
7	8000001	0.966634	1.25524	4
7	9000001	1.11924	1.25524	4
7	10000001	1.30919	1.25524	4
7	11000001	1.12289	1.25524	4
7	12000001	1.02734	1.25524	4
7	13000001	1.13131	1.25524	4
7	14000001	1.10846	1.25524	4
7	15000001	1.13113	1.25524	4
7	16000001	1.2187	1.25524	4
7	17000001	1.1312	1.25524	4
7	18000001	1.25524	1.25524	4
7	19000001	1.15444	1.25524	4
7	20000001	0.89609	1.25524	4
7	21000001	1.23482	1.25524	4
7	22000001	1.24641	1.25524	4
7	23000001	1.26576	1.25524	4
7	24000001	1.40382	1.25524	4
7	25000001	1.07507	1.25524	4
7	26000001	1.30321	1.25524	4
7	27000001	1.33116	1.25524	4
7	28000001	1.3493	1.25524	4
7	29000001	1.26204	1.25524	4
7	30000001	1.39322	1.25524	4
7	31000001	1.36257	1.25524	4
7	32000001	1.23535	1.25524	4
7	33000001	1.24249	1.25524	4
7	34000001	1.31228	1.25524	4
7	35000001	1.24345	1.25524	4
7	36000001	1.37496	1.25524	4
7	37000001	1.26183	1.25524	4
7	38000001	1.0796	1.25524	4
7	39000001	1.02805	1.25524	4
7	40000001	1.12177	1.25524	4
7	41000001	1.28127	1.25524	4
7	42000001	1.13746	1.25524	4
7	43000001	0.949362	0.937019	3
7	44000001	0.979082	0.937019	3
7	45000001	1.08528	0.937019	3
7	46000001	0.943081	0.937019	3
7	47000001	0.981725	0.937019	3
7	48000001	0.855868	0.937019	3
7	49000001	0.797008	0.937019	3
7	50000001	0.90183	0.937019	3
7	51000001	1.02355	0.937019	3
7	52000001	0.51077	0.937019	3
7	53000001	0.641033	0.937019	3
7	54000001	0.937019	0.937019	3
7	55000001	1.11841	0.937019	3
7	56000001	1.16278	0.937019	3
7	57000001	0.551376	0.937019	3
7	58000001	0.929843	0.937019	3
7	59000001	1.15778	0.937019	3
7	60000001	0.934167	0.937019	3
7	61000001	1.017	0.937019	3
7	62000001	0.800149	0.937019	3
7	63000001	0.646513	0.937019	3
7	64000001	1.27396	1.21817	4
7	65000001	1.17	1.21817	4
7	66000001	1.29216	1.21817	4
7	67000001	1.17981	1.21817	4
7	68000001	1.13692	1.21817	4
7	69000001	0.835154	1.21817	4
7	70000001	0.985211	1.21817	4
7	71000001	1.1446	1.21817	4
7	72000001	1.24636	1.21817	4
7	73000001	1.40705	1.21817	4
7	74000001	1.40695	1.21817	4
7	75000001	1.20309	1.21817	4
7	76000001	1.28995	1.21817	4
7	77000001	1.21817	1.21817	4
7	78000001	1.23643	1.21817	4
7	79000001	0.865682	0.956827	3
7	80000001	0.810358	0.956827	3
7	81000001	0.699594	0.956827	3
7	82000001	0.767461	0.956827	3
7	83000001	0.92043	0.956827	3
7	84000001	0.956827	0.956827	3
7	85000001	1.05162	0.956827	3
7	86000001	1.08962	0.956827	3
7	87000001	1.14138	0.956827	3
7	88000001	1.00253	0.956827	3
7	89000001	1.08204	0.956827	3
7	90000001	1.2398	1.32982	4
7	91000001	1.23345	1.32982	4
7	92000001	1.10805	1.32982	4
7	93000001	1.3305	1.32982	4
7	94000001	1.08376	1.32982	4
7	95000001	1.12402	1.32982	4
7	96000001	1.26248	1.32982	4
7	97000001	1.31018	1.32982	4
7	98000001	1.62061	1.32982	4
7	99000001	1.34485	1.32982	4
7	100000001	1.75479	1.32982	4
7	101000001	1.63198	1.32982	4
7	102000001	1.21953	1.32982	4
7	103000001	1.2217	1.32982	4
7	104000001	1.31856	1.32982	4
7	105000001	1.45248	1.32982	4
7	106000001	1.48109	1.32982	4
7	107000001	1.23419	1.32982	4
7	108000001	1.38503	1.32982	4
7	109000001	1.13918	1.32982	4
7	110000001	1.33514	1.32982	4
7	111000001	1.57331	1.32982	4
7	112000001	1.40981	1.32982	4
7	113000001	1.13425	1.32982	4
7	114000001	0.833496	1.32982	4
7	115000001	1.33874	1.32982	4
7	116000001	1.49837	1.32982	4
7	117000001	1.60489	1.32982	4
7	118000001	1.40249	1.32982	4
7	119000001	1.27738	1.32982	4
7	120000001	1.15785	1.32982	4
7	121000001	1.44183	1.32982	4
7	122000001	1.33865	1.32982	4
7	123000001	1.55258	1.32982	4
7	124000001	1.32915	1.32982	4
7	125000001	0.917542	1.32982	4
7	126000001	1.51322	1.52143	5
7	127000001	1.54836	1.52143	5
7	128000001	1.60598	1.52143	5
7	129000001	1.79688	1.52143	5
7	130000001	1.54815	1.52143	5
7	131000001	1.69454	1.52143	5
7	132000001	1.73076	1.52143	5
7	133000001	1.36617	1.52143	5
7	134000001	1.35623	1.52143	5
7	135000001	1.46044	1.52143	5
7	136000001	1.3711	1.52143	5
7	137000001	1.52963	1.52143	5
7	138000001	1.81853	1.52143	5
7	139000001	1.50021	1.52143	5
7	140000001	1.48988	1.52143	5
7	141000001	1.54716	1.52143	5
7	142000001	1.30533	1.52143	5
7	143000001	1.41505	1.52143	5
7	144000001	1.30535	1.52143	5
7	145000001	1.44061	1.52143	5
7	146000001	1.29581	1.52143	5
7	147000001	1.3956	1.52143	5
7	148000001	1.41319	1.52143	5
7	149000001	1.82294	1.52143	5
7	150000001	1.54354	1.52143	5
7	151000001	1.99267	1.52143	5
7	152000001	1.4947	1.52143	5
7	153000001	1.47971	1.52143	5
7	154000001	1.55489	1.52143	5
7	155000001	1.45927	1.52143	5
7	156000001	1.73236	1.52143	5
7	157000001	1.81585	1.52143	5
7	158000001	1.75112	1.52143	5
7	159000001	1.99033	1.52143	5
8	1	1.18541	1.18541	4
8	1000001	1.20546	1.18541	4
8	2000001	1.18352	1.18541	4
8	3000001	0.831052	0.75704	2
8	4000001	0.603035	0.75704	2
8	5000001	0.75704	0.75704	2
8	6000001	0.916852	0.984524	3
8	7000001	1.21502	0.984524	3
8	8000001	0.987023	0.984524	3
8	9000001	0.945128	0.984524	3
8	10000001	1.09385	0.984524	3
8	11000001	1.00857	0.984524	3
8	12000001	1.13129	0.984524	3
8	13000001	0.980943	0.984524	3
8	14000001	0.623596	0.984524	3
8	15000001	0.896025	0.984524	3
8	16000001	1.00344	0.984524	3
8	17000001	0.928146	0.984524	3
8	18000001	0.982025	0.984524	3
8	19000001	0.926359	0.984524	3
8	20000001	1.07064	0.984524	3
8	21000001	1.16509	0.984524	3
8	22000001	0.925964	0.984524	3
8	23000001	1.0533	0.984524	3
8	24000001	1.06082	0.984524	3
8	25000001	0.890888	0.984524	3
8	26000001	0.944623	0.984524	3
8	27000001	1.0767	0.984524	3
8	28000001	0.875178	0.898115	3
8	29000001	0.820269	0.898115	3
8	30000001	0.930338	0.898115	3
8	31000001	0.915676	0.898115	3
8	32000001	0.840448	0.898115	3
8	33000001	0.872649	0.898115	3
8	34000001	0.989195	0.898115	3
8	35000001	0.4023	0.898115	3
8	36000001	0.830534	0.898115	3
8	37000001	0.981477	0.898115	3
8	38000001	0.867785	0.898115	3
8	39000001	0.851873	0.898115	3
8	40000001	0.828004	0.898115	3
8	41000001	0.819871	0.898115	3
8	42000001	0.964806	0.898115	3
8	43000001	0.831481	0.898115	3
8	44000001	0.700479	0.898115	3
8	45000001	0.699709	0.898115	3
8	46000001	1.19136	0.898115	3
8	47000001	0.953429	0.898115	3
8	48000001	1.10883	0.898115	3
8	49000001	0.942383	0.898115	3
8	50000001	0.674639	0.898115	3
8	51000001	0.823777	0.898115	3
8	52000001	0.850356	0.898115	3
8	53000001	0.874353	0.898115	3
8	54000001	0.774507	0.898115	3
8	55000001	0.921725	0.898115	3
8	56000001	0.996573	0.898115	3
8	57000001	0.899817	0.898115	3
8	58000001	0.845817	0.898115	3
8	59000001	1.01198	0.898115	3
8	60000001	0.898115	0.898115	3
8	61000001	1.0074	0.898115	3
8	62000001	0.94902	0.898115	3
8	63000001	0.836696	0.898115	3
8	64000001	0.66865	0.898115	3
8	65000001	1.06168	0.898115	3
8	66000001	0.92441	0.898115	3
8	67000001	0.793341	0.898115	3
8	68000001	0.821297	0.898115	3
8	69000001	0.981282	0.898115	3
8	70000001	1.03257	0.898115	3
8	71000001	1.03698	0.898115	3
8	72000001	0.980974	0.898115	3
8	73000001	0.886565	0.898115	3
8	74000001	0.941485	0.898115	3
8	75000001	0.783042	0.898115	3
8	76000001	0.762629	0.898115	3
8	77000001	0.675859	0.898115	3
8	78000001	0.955541	0.898115	3
8	79000001	0.940102	0.898115	3
8	80000001	0.993583	0.898115	3
8	81000001	0.946933	0.898115	3
8	82000001	0.906541	0.898115	3
8	83000001	0.502605	0.542218	2
8	84000001	0.581832	0.542218	2
8	85000001	1.2981	0.929805	3
8	86000001	0.942636	0.929805	3
8	87000001	0.849265	0.929805	3
8	88000001	0.776954	0.929805	3
8	89000001	1.00372	0.929805	3
8	90000001	0.999075	0.929805	3
8	91000001	0.872397	0.929805	3
8	92000001	0.82504	0.929805	3
8	93000001	0.949063	0.929805	3
8	94000001	1.00433	0.929805	3
8	95000001	0.97406	0.929805	3
8	96000001	0.792956	0.929805	3
8	97000001	0.955667	0.929805	3
8	98000001	0.97958	0.929805	3
8	99000001	0.826227	0.929805	3
8	100000001	0.938264	0.929805	3
8	101000001	0.893928	0.929805	3
8	102000001	0.936371	0.929805	3
8	103000001	1.18565	0.929805	3
8	104000001	0.923239	0.929805	3
8	105000001	0.747623	0.929805	3
8	106000001	0.681	0.929805	3
8	107000001	0.881406	0.929805	3
8	108000001	1.06697	0.929805	3
8	109000001	0.822365	0.929805	3
8	110000001	0.770535	0.929805	3
8	111000001	0.564418	0.535475	2
8	112000001	0.494633	0.535475	2
8	113000001	0.506533	0.535475	2
8	114000001	0.651577	0.535475	2
8	115000001	0.931542	0.814776	2
8	116000001	0.865905	0.814776	2
8	117000001	0.763648	0.814776	2
8	118000001	0.605409	0.814776	2
8	119000001	1.02792	0.955009	3
8	120000001	1.06944	0.955009	3
8	121000001	0.860058	0.955009	3
8	122000001	1.01768	0.955009	3
8	123000001	0.91189	0.955009	3
8	124000001	1.08192	0.955009	3
8	125000001	1.03264	0.955009	3
8	126000001	0.844146	0.955009	3
8	127000001	0.926081	0.955009	3
8	128000001	0.955009	0.955009	3
8	129000001	0.808801	0.955009	3
8	130000001	0.919948	0.955009	3
8	131000001	0.97379	0.955009	3
8	132000001	0.707105	0.955009	3
8	133000001	1.0829	0.955009	3
8	134000001	1.01921	0.955009	3
8	135000001	0.952152	0.955009	3
8	136000001	0.580241	0.571589	2
8	137000001	0.562936	0.571589	2
8	138000001	1.88749	1.88749	6
8	139000001	1.233	1.11232	3
8	140000001	1.06949	1.11232	3
8	141000001	1.11232	1.11232	3
8	142000001	1.14307	1.11232	3
8	143000001	0.990666	1.11232	3
8	144000001	0.943034	1.11232	3
8	145000001	1.43267	1.11232	3
9	1	0.678029	0.613849	2
9	1000001	0.685072	0.613849	2
9	2000001	0.602156	0.613849	2
9	3000001	0.613849	0.613849	2
9	4000001	0.673211	0.613849	2
9	5000001	0.701767	0.613849	2
9	6000001	0.679569	0.613849	2
9	7000001	0.580666	0.613849	2
9	8000001	0.472377	0.613849	2
9	9000001	0.315165	0.613849	2
9	10000001	0.272698	0.613849	2
9	11000001	0.270937	0.613849	2
9	12000001	0.495844	0.613849	2
9	13000001	0.588396	0.613849	2
9	14000001	0.696527	0.613849	2
9	15000001	0.748273	0.613849	2
9	16000001	0.662151	0.613849	2
9	17000001	0.633268	0.613849	2
9	18000001	0.582967	0.613849	2
9	19000001	0.733553	0.613849	2
9	20000001	0.519832	0.613849	2
9	21000001	0.0357672	0.0554356	0
9	22000001	0.0471044	0.0554356	0
9	23000001	0.0292432	0.0554356	0
9	24000001	0.0357201	0.0554356	0
9	25000001	0.0303457	0.0554356	0
9	26000001	0.148404	0.0554356	0
9	27000001	0.358958	0.0554356	0
9	28000001	0.267427	0.0554356	0
9	29000001	0.138329	0.0554356	0
9	30000001	0.0554356	0.0554356	0
9	31000001	0.227233	0.0554356	0
9	32000001	0.547252	0.631676	2
9	33000001	0.631676	0.631676	2
9	34000001	0.627674	0.631676	2
9	35000001	0.712471	0.631676	2
9	36000001	0.829804	0.631676	2
9	37000001	1.07049	1.03877	3
9	38000001	1.2367	1.03877	3
9	39000001	0.597556	1.03877	3
9	40000001	0.959836	1.03877	3
9	41000001	0.965952	1.03877	3
9	42000001	0.589853	1.03877	3
9	43000001	1.27087	1.03877	3
9	44000001	1.4367	1.03877	3
9	45000001	2.09715	1.03877	3
9	46000001	-1	1.03877	3
9	47000001	-1	1.03877	3
9	48000001	-1	1.03877	3
9	49000001	-1	1.03877	3
9	50000001	-1	1.03877	3
9	51000001	-1	1.03877	3
9	52000001	-1	1.03877	3
9	53000001	-1	1.03877	3
9	54000001	-1	1.03877	3
9	55000001	-1	1.03877	3
9	56000001	-1	1.03877	3
9	57000001	-1	1.03877	3
9	58000001	-1	1.03877	3
9	59000001	-1	1.03877	3
9	60000001	1.00706	1.03877	3
9	61000001	0.765464	0.765464	2
9	62000001	0.749413	0.765464	2
9	63000001	1.06068	0.765464	2
9	64000001	0.722094	0.765464	2
9	65000001	0.985989	0.765464	2
9	66000001	0.718235	0.634913	2
9	67000001	0.545866	0.634913	2
9	68000001	0.618665	0.634913	2
9	69000001	0.65863	0.634913	2
9	70000001	0.536439	0.634913	2
9	71000001	0.693494	0.634913	2
9	72000001	0.589425	0.634913	2
9	73000001	0.580006	0.634913	2
9	74000001	0.56812	0.634913	2
9	75000001	0.599693	0.634913	2
9	76000001	0.542328	0.634913	2
9	77000001	0.659061	0.634913	2
9	78000001	0.66249	0.634913	2
9	79000001	0.489383	0.634913	2
9	80000001	0.431186	0.634913	2
9	81000001	0.432637	0.634913	2
9	82000001	0.585618	0.634913	2
9	83000001	0.719096	0.634913	2
9	84000001	0.682696	0.634913	2
9	85000001	0.706239	0.634913	2
9	86000001	0.607911	0.634913	2
9	87000001	0.687901	0.634913	2
9	88000001	0.651161	0.634913	2
9	89000001	0.700815	0.634913	2
9	90000001	0.702457	0.634913	2
9	91000001	0.756766	0.634913	2
9	92000001	0.949174	0.964067	3
9	93000001	1.07706	0.964067	3
9	94000001	1.11134	0.964067	3
9	95000001	1.01364	0.964067	3
9	96000001	1.01665	0.964067	3
9	97000001	0.856992	0.964067	3
9	98000001	0.982808	0.964067	3
9	99000001	0.758116	0.964067	3
9	100000001	1.03811	0.964067	3
9	101000001	0.856331	0.964067	3
9	102000001	0.774612	0.964067	3
9	103000001	0.647842	0.964067	3
9	104000001	0.908561	0.964067	3
9	105000001	0.869754	0.964067	3
9	106000001	0.81223	0.964067	3
9	107000001	1.03131	0.964067	3
9	108000001	1.05723	0.964067	3
9	109000001	1.05268	0.964067	3
9	110000001	1.01768	0.964067	3
9	111000001	0.949758	0.964067	3
9	112000001	0.776561	0.964067	3
9	113000001	1.03124	0.964067	3
9	114000001	1.062	0.964067	3
9	115000001	1.11626	0.964067	3
9	116000001	0.821026	0.964067	3
9	117000001	0.910525	0.964067	3
9	118000001	0.58569	0.964067	3
9	119000001	0.855551	0.964067	3
9	120000001	1.03591	0.964067	3
9	121000001	0.970862	0.964067	3
9	122000001	0.912356	0.964067	3
9	123000001	0.976012	0.964067	3
9	124000001	1.0721	0.964067	3
9	125000001	0.957272	0.964067	3
9	126000001	1.08388	1.13716	3
9	127000001	1.19044	1.13716	3
9	128000001	1.53951	1.41162	4
9	129000001	1.28373	1.41162	4
9	130000001	2.92704	2.83143	8
9	131000001	2.73583	2.83143	8
9	132000001	0.946201	1.07311	3
9	133000001	1.23111	1.07311	3
9	134000001	1.34677	1.07311	3
9	135000001	1.24249	1.07311	3
9	136000001	1.07311	1.07311	3
9	137000001	0.845109	1.07311	3
9	138000001	1.0084	1.07311	3
X	1	0.431375	0.431375	1
X	1000001	0.406161	0.431375	1
X	2000001	0.295488	0.431375	1
X	3000001	0.600042	0.431375	1
X	4000001	0.328209	0.431375	1
X	5000001	0.279659	0.431375	1
X	6000001	0.234734	0.431375	1
X	7000001	0.497721	0.431375	1
X	8000001	0.487855	0.431375	1
X	9000001	0.671384	0.431375	1
X	10000001	0.52186	0.431375	1
X	11000001	1.14101	0.911638	3
X	12000001	0.682262	0.911638	3
X	13000001	0.563723	0.601326	2
X	14000001	0.639046	0.601326	2
X	15000001	0.475535	0.601326	2
X	16000001	0.643636	0.601326	2
X	17000001	0.534625	0.601326	2
X	18000001	0.585247	0.601326	2
X	19000001	0.617405	0.601326	2
X	20000001	0.579218	0.601326	2
X	21000001	0.700083	0.601326	2
X	22000001	0.649109	0.601326	2
X	23000001	0.685096	0.601326	2
X	24000001	0.575563	0.601326	2
X	25000001	0.508962	0.465402	1
X	26000001	0.485218	0.465402	1
X	27000001	0.23238	0.465402	1
X	28000001	0.383513	0.465402	1
X	29000001	0.5591	0.465402	1
X	30000001	0.446512	0.465402	1
X	31000001	0.545433	0.465402	1
X	32000001	0.512824	0.465402	1
X	33000001	0.243878	0.465402	1
X	34000001	0.309227	0.465402	1
X	35000001	0.327401	0.465402	1
X	36000001	0.436761	0.465402	1
X	37000001	0.484645	0.465402	1
X	38000001	0.484293	0.465402	1
X	39000001	0.57795	0.631806	2
X	40000001	0.699937	0.631806	2
X	41000001	0.623901	0.631806	2
X	42000001	0.784014	0.631806	2
X	43000001	0.517709	0.631806	2
X	44000001	0.701432	0.631806	2
X	45000001	0.568676	0.631806	2
X	46000001	0.425188	0.631806	2
X	47000001	0.712994	0.631806	2
X	48000001	0.550451	0.631806	2
X	49000001	0.514213	0.631806	2
X	50000001	0.526682	0.631806	2
X	51000001	0.632739	0.631806	2
X	52000001	0.630873	0.631806	2
X	53000001	0.542206	0.631806	2
X	54000001	0.690559	0.631806	2
X	55000001	0.611886	0.631806	2
X	56000001	0.6751	0.631806	2
X	57000001	0.661775	0.631806	2
X	58000001	0.721033	0.631806	2
X	59000001	0.55388	0.631806	2
X	60000001	0.635688	0.631806	2
X	61000001	0.579529	0.631806	2
X	62000001	0.57589	0.631806	2
X	63000001	0.559206	0.631806	2
X	64000001	0.594872	0.631806	2
X	65000001	0.695074	0.631806	2
X	66000001	0.572437	0.631806	2
X	67000001	0.737733	0.631806	2
X	68000001	0.738297	0.631806	2
X	69000001	0.638747	0.631806	2
X	70000001	0.806538	0.631806	2
X	71000001	0.596379	0.631806	2
X	72000001	0.639386	0.631806	2
X	73000001	0.718316	0.631806	2
X	74000001	0.594369	0.631806	2
X	75000001	0.787443	0.631806	2
X	76000001	0.557633	0.631806	2
X	77000001	0.947058	0.631806	2
X	78000001	0.696846	0.631806	2
X	79000001	0.257155	0.4191	1
X	80000001	0.443565	0.4191	1
X	81000001	0.4191	0.4191	1
X	82000001	0.355107	0.4191	1
X	83000001	0.401892	0.4191	1
X	84000001	0.574186	0.4191	1
X	85000001	0.509487	0.4191	1
X	86000001	0.570054	0.4191	1
X	87000001	0.647286	0.4191	1
X	88000001	0.59839	0.4191	1
X	89000001	0.290511	0.4191	1
X	90000001	0.198418	0.4191	1
X	91000001	0.288915	0.4191	1
X	92000001	0.340182	0.4191	1
X	93000001	0.346931	0.4191	1
X	94000001	0.42412	0.4191	1
X	95000001	0.403255	0.4191	1
X	96000001	0.48409	0.4191	1
X	97000001	0.548009	0.4191	1
X	98000001	0.301862	0.4191	1
X	99000001	0.427538	0.4191	1
X	100000001	0.596656	0.599227	2
X	101000001	0.605374	0.599227	2
X	102000001	0.559931	0.599227	2
X	103000001	0.632594	0.599227	2
X	104000001	0.605691	0.599227	2
X	105000001	0.540287	0.599227	2
X	106000001	0.459269	0.599227	2
X	107000001	0.694664	0.599227	2
X	108000001	0.595416	0.599227	2
X	109000001	0.601287	0.599227	2
X	110000001	0.663992	0.599227	2
X	111000001	0.675383	0.599227	2
X	112000001	0.524135	0.599227	2
X	113000001	0.397596	0.599227	2
X	114000001	0.709414	0.599227	2
X	115000001	0.732344	0.599227	2
X	116000001	0.66985	0.599227	2
X	117000001	0.686616	0.599227	2
X	118000001	0.601903	0.599227	2
X	119000001	0.597167	0.599227	2
X	120000001	0.699966	0.599227	2
X	121000001	0.505146	0.599227	2
X	122000001	0.68973	0.599227	2
X	123000001	0.639796	0.599227	2
X	124000001	0.467345	0.599227	2
X	125000001	0.478348	0.599227	2
X	126000001	0.561081	0.599227	2
X	127000001	0.275126	0.599227	2
X	128000001	0.495877	0.599227	2
X	129000001	0.613242	0.599227	2
X	130000001	0.617224	0.599227	2
X	131000001	0.519054	0.599227	2
X	132000001	0.449061	0.599227	2
X	133000001	0.572172	0.599227	2
X	134000001	0.661341	0.599227	2
X	135000001	0.723854	0.599227	2
X	136000001	0.544913	0.599227	2
X	137000001	0.578306	0.599227	2
X	138000001	0.5811	0.599227	2
X	139000001	0.722045	0.599227	2
X	140000001	0.496511	0.438729	1
X	141000001	0.472297	0.438729	1
X	142000001	0.38682	0.438729	1
X	143000001	0.291829	0.438729	1
X	144000001	0.268406	0.438729	1
X	145000001	0.359313	0.438729	1
X	146000001	0.366635	0.438729	1
X	147000001	0.438729	0.438729	1
X	148000001	0.541336	0.438729	1
X	149000001	0.570536	0.438729	1
X	150000001	0.523799	0.438729	1
X	151000001	0.627719	0.708234	2
X	152000001	0.555633	0.708234	2
X	153000001	0.788748	0.708234	2
X	154000001	0.837394	0.708234	2
X	155000001	0.385594	0.708234	2
X	156000001	1.18244	0.708234	2
Y	1	-1	-1	0
Y	1000001	-1	-1	0
Y	2000001	0.0186044	0.0460157	0
Y	3000001	0.0562535	0.0460157	0
Y	4000001	0.0426844	0.0460157	0
Y	5000001	0.0397975	0.0460157	0
Y	6000001	0.0493471	0.0460157	0
Y	7000001	0.0515397	0.0460157	0
Y	8000001	0.0108119	0.0460157	0
Y	9000001	0.0523155	0.0460157	0
Y	10000001	1.07175	0.88127	3
Y	11000001	0.690786	0.88127	3
Y	12000001	0.059434	0.059434	0
Y	13000001	0.0537102	0.059434	0
Y	14000001	0.0126954	0.059434	0
Y	15000001	0.0973973	0.059434	0
Y	16000001	0.00484645	0.059434	0
Y	17000001	0.100917	0.059434	0
Y	18000001	0.0758905	0.059434	0
Y	19000001	0.0457877	0.059434	0
Y	20000001	0.0633922	0.059434	0
Y	21000001	0.201174	0.149222	0
Y	22000001	0.170425	0.149222	0
Y	23000001	0.056256	0.149222	0
Y	24000001	0.111355	0.149222	0
Y	25000001	0.112382	0.149222	0
Y	26000001	0.246281	0.149222	0
Y	27000001	-1	0.149222	0
Y	28000001	-1	0.149222	0
Y	29000001	-1	0.149222	0
Y	30000001	-1	0.149222	0
Y	31000001	-1	0.149222	0
Y	32000001	-1	0.149222	0
Y	33000001	-1	0.149222	0
Y	34000001	-1	0.149222	0
Y	35000001	-1	0.149222	0
Y	36000001	-1	0.149222	0
Y	37000001	-1	0.149222	0
Y	38000001	-1	0.149222	0
Y	39000001	-1	0.149222	0
Y	40000001	-1	0.149222	0
Y	41000001	-1	0.149222	0
Y	42000001	-1	0.149222	0
Y	43000001	-1	0.149222	0
Y	44000001	-1	0.149222	0
Y	45000001	-1	0.149222	0
Y	46000001	-1	0.149222	0
Y	47000001	-1	0.149222	0
Y	48000001	-1	0.149222	0
Y	49000001	-1	0.149222	0
Y	50000001	-1	0.149222	0
Y	51000001	-1	0.149222	0
Y	52000001	-1	0.149222	0
Y	53000001	-1	0.149222	0
Y	54000001	-1	0.149222	0
Y	55000001	-1	0.149222	0
Y	56000001	0.149222	0.149222	0
Y	57000001	-1	-1	0
